ground_width_um,frequency_ghz,abs_St_o1_o1,abs_St_o2_o2,abs_St_o2_o1,abs_St_o1_o2,Re(Zpi_o1),Im(Zpi_o1),Re(Zpi_o2),Im(Zpi_o2),Re(Zpv_o1),Im(Zpv_o1),Re(Zpv_o2),Im(Zpv_o2),Re(Gamma_o1),Im(Gamma_o1),beta_o1,Re(Gamma_o2),Im(Gamma_o2),beta_o2
10.0,3.0,0.003385715827009,0.0033857158068657,0.999994268437144,0.999994268437144,49.4137611995111,0.0,49.97704713237997,0.0,45.59508103363318,0.0,45.30268711294018,0.0,0.0,0.0,0.0,0.0,0.0,0.0
10.0,3.00025001250063,0.0033857436285297,0.0033857436083922,0.99999426834302,0.9999942683430189,49.4137611931882,0.0,49.97703581600798,0.0,45.59508103144125,0.0,45.3026870736811,0.0,0.0,0.0,0.0,0.0,0.0,0.0
10.0,3.00050002500125,0.0033857714321219,0.0033857714119902,0.9999942682488868,0.9999942682488868,49.413761186864654,0.0,49.97702383798799,0.0,45.59508102924915,0.0,45.30268703441877,0.0,0.0,0.0,0.0,0.0,0.0,0.0
10.0,3.00075003750187,0.0033857992377855,0.0033857992176596,0.999994268154747,0.999994268154747,49.4137611805405,0.0,49.97701113750739,0.0,45.595081027056864,0.0,45.30268699515319,0.0,0.0,0.0,0.0,0.0,0.0,0.0
10.0,3.0010000500025,0.0033858270455205,0.0033858270254004,0.9999942680606,0.999994268060599,49.4137611742157,0.0,49.97699764606543,0.0,45.59508102486439,0.0,45.30268695588436,0.0,0.0,0.0,0.0,0.0,0.0,0.0
10.0,3.00125006250313,0.0033858548553269,0.0033858548352125,0.999994267966444,0.999994267966444,49.41376116789029,0.0,49.97698328621853,0.0,45.59508102267175,0.0,45.30268691661226,0.0,0.0,0.0,0.0,0.0,0.0,0.0
10.0,3.00150007500375,0.0033858826672045,0.0033858826470959,0.999994267872281,0.999994267872281,49.413761161564246,0.0,49.9769679700718,0.0,45.59508102047891,0.0,45.302686877336924,0.0,0.0,0.0,0.0,0.0,0.0,0.0
10.0,3.00175008750437,0.0033859104811533,0.0033859104610505,0.99999426777811,0.999994267778109,49.41376115523758,0.0,49.9769515974543,0.0,45.59508101828588,0.0,45.30268683805832,0.0,0.0,0.0,0.0,0.0,0.0,0.0
10.0,3.002000100005,0.0033859382971733,0.0033859382770763,0.9999942676839308,0.9999942676839308,49.41376114891028,0.0,49.976934053698365,0.0,45.59508101609268,0.0,45.302686798776456,0.0,0.0,0.0,0.0,0.0,0.0,0.0
10.0,3.0022501125056302,0.0033859661152645,0.0033859660951732,0.999994267589744,0.999994267589744,49.413761142582366,0.0,49.97691520691868,0.0,45.595081013899296,0.0,45.30268675949136,0.0,0.0,0.0,0.0,0.0,0.0,0.0
10.0,3.00250012500625,0.0033859939354267,0.0033859939153412,0.99999426749555,0.999994267495549,49.41376113625381,0.0,49.97689490465469,0.0,45.59508101170573,0.0,45.30268672020299,0.0,0.0,0.0,0.0,0.0,0.0,0.0
10.0,3.00275013750688,0.0033860217576598,0.0033860217375802,0.999994267401348,0.999994267401347,49.41376112992463,0.0,49.97687296969529,0.0,45.59508100951197,0.0,45.30268668091138,0.0,0.0,0.0,0.0,0.0,0.0,0.0
10.0,3.0030001500075,0.003386049581964,0.0033860495618901,0.999994267307138,0.999994267307137,49.41376112359483,0.0,49.97684919484392,0.0,45.59508100731804,0.0,45.3026866416165,0.0,0.0,0.0,0.0,0.0,0.0,0.0
10.0,3.00325016250813,0.003386077408339,0.0033860773882709,0.99999426721292,0.99999426721292,49.4137611172644,0.0,49.976823336296114,0.0,45.59508100512392,0.0,45.30268660231837,0.0,0.0,0.0,0.0,0.0,0.0,0.0
10.0,3.00350017500875,0.0033861052367849,0.0033861052167225,0.999994267118694,0.999994267118694,49.41376111093334,0.0,49.97679510518108,0.0,45.595081002929625,0.0,45.30268656301698,0.0,0.0,0.0,0.0,0.0,0.0,0.0
10.0,3.00375018750938,0.0033861330673015,0.0033861330472449,0.999994267024461,0.99999426702446,49.41376110460165,0.0,49.97676415664412,0.0,45.595081000735135,0.0,45.30268652371235,0.0,0.0,0.0,0.0,0.0,0.0,0.0
10.0,3.00400020001,0.0033861608998889,0.0033861608798381,0.99999426693022,0.999994266930219,49.41376109826934,0.0,49.976730075593885,0.0,45.59508099854048,0.0,45.30268648440446,0.0,0.0,0.0,0.0,0.0,0.0,0.0
10.0,3.00425021251063,0.0033861887345469,0.0033861887145019,0.999994266835971,0.99999426683597,49.4137610919364,0.0,49.9766923578616,0.0,45.59508099634562,0.0,45.30268644509332,0.0,0.0,0.0,0.0,0.0,0.0,0.0
10.0,3.00450022501125,0.0033862165712755,0.0033862165512363,0.999994266741714,0.9999942667417132,49.41376108560284,0.0,49.97665038495177,0.0,45.595080994150585,0.0,45.30268640577892,0.0,0.0,0.0,0.0,0.0,0.0,0.0
10.0,3.00475023751188,0.0033862444100747,0.0033862443900413,0.999994266647449,0.999994266647449,49.413761079268646,0.0,49.97660338968837,0.0,45.59508099195537,0.0,45.30268636646127,0.0,0.0,0.0,0.0,0.0,0.0,0.0
10.0,3.0050002500125,0.0033862722509444,0.0033862722309167,0.9999942665531772,0.999994266553176,49.41376107293383,0.0,49.97655040868133,0.0,45.59508098975997,0.0,45.30268632714036,0.0,0.0,0.0,0.0,0.0,0.0,0.0
10.0,3.00525026251313,0.0033863000938846,0.0033863000738627,0.9999942664588972,0.999994266458896,49.41376106659838,0.0,49.976490215311735,0.0,45.59508098756439,0.0,45.302686287816194,0.0,0.0,0.0,0.0,0.0,0.0,0.0
10.0,3.00550027501375,0.0033863279388951,0.003386327918879,0.999994266364609,0.999994266364609,49.41376106026231,0.0,49.97642122323722,0.0,45.59508098536862,0.0,45.30268624848877,0.0,0.0,0.0,0.0,0.0,0.0,0.0
10.0,3.00575028751438,0.003386355785976,0.0033863557659656,0.999994266270313,0.999994266270313,49.41376105392561,0.0,49.97634134409164,0.0,45.59508098317267,0.0,45.3026862091581,0.0,0.0,0.0,0.0,0.0,0.0,0.0
10.0,3.006000300015,0.0033863836351272,0.0033863836151226,0.99999426617601,0.9999942661760092,49.41376104758828,0.0,49.97624777183127,0.0,45.59508098097654,0.0,45.30268616982418,0.0,0.0,0.0,0.0,0.0,0.0,0.0
10.0,3.00625031251563,0.0033864114863486,0.0033864114663497,0.9999942660816978,0.9999942660816978,49.413761041250325,0.0,49.97613664546697,0.0,45.59508097878023,0.0,45.302686130487,0.0,0.0,0.0,0.0,0.0,0.0,0.0
10.0,3.00650032501625,0.0033864393396402,0.0033864393196471,0.99999426598738,0.999994265987379,49.413761034911744,0.0,49.9760025018694,0.0,45.59508097658373,0.0,45.30268609114656,0.0,0.0,0.0,0.0,0.0,0.0,0.0
10.0,3.00675033751688,0.0033864671950019,0.0033864671750145,0.9999942658930528,0.9999942658930518,49.41376102857254,0.0,49.97583734855933,0.0,45.595080974387045,0.0,45.30268605180287,0.0,0.0,0.0,0.0,0.0,0.0,0.0
10.0,3.0070003500175,0.0033864950524336,0.003386495032452,0.999994265798718,0.999994265798718,49.4137610222327,0.0,49.97562900828271,0.0,45.59508097219018,0.0,45.30268601245593,0.0,0.0,0.0,0.0,0.0,0.0,0.0
10.0,3.00725036251813,0.0033865229119353,0.0033865228919595,0.999994265704376,0.999994265704375,49.41376101589224,0.0,49.97535796762482,0.0,45.595080969993134,0.0,45.30268597310573,0.0,0.0,0.0,0.0,0.0,0.0,0.0
10.0,3.00750037501875,0.0033865507735071,0.003386550753537,0.999994265610025,0.999994265610025,49.413761009551145,0.0,49.97499087283595,0.0,45.5950809677959,0.0,45.30268593375228,0.0,0.0,0.0,0.0,0.0,0.0,0.0
10.0,3.0077503875193794,0.0033865786371486,0.0033865786171844,0.999994265515667,0.999994265515667,49.41376100320943,0.0,49.97446561432326,0.0,45.59508096559849,0.0,45.302685894395566,0.0,0.0,0.0,0.0,0.0,0.0,0.0
10.0,3.00800040002,0.0033866065028601,0.0033866064829016,0.999994265421302,0.999994265421301,49.41376099686708,0.0,49.97365182229362,0.0,45.59508096340089,0.0,45.30268585503561,0.0,0.0,0.0,0.0,0.0,0.0,0.0
10.0,3.00825041252063,0.0033866343706413,0.0033866343506885,0.999994265326928,0.999994265326927,49.4137609905241,0.0,49.97222156543892,0.0,45.59508096120311,0.0,45.3026858156724,0.0,0.0,0.0,0.0,0.0,0.0,0.0
10.0,3.00850042502125,0.0033866622404923,0.0033866622205453,0.999994265232547,0.999994265232546,49.413760984180506,0.0,49.96904687447567,0.0,45.59508095900515,0.0,45.30268577630592,0.0,0.0,0.0,0.0,0.0,0.0,0.0
10.0,3.00875043752188,0.0033866901124129,0.0033866900924716,0.999994265138157,0.999994265138157,49.41376097783628,0.0,49.95594532813997,0.0,45.595080956807,0.0,45.30268573693619,0.0,0.0,0.0,0.0,0.0,0.0,0.0
10.0,3.0090004500225,0.0033867179864031,0.0033867179664676,0.999994265043761,0.99999426504376,49.41376097149142,0.0,50.01554403548345,0.0,45.59508095460868,0.0,45.30268569756322,0.0,0.0,0.0,0.0,0.0,0.0,0.0
10.0,3.00925046252313,0.0033867458624629,0.0033867458425332,0.999994264949356,0.9999942649493548,49.41376096514594,0.0,49.98752444504388,0.0,45.59508095241016,0.0,45.30268565818698,0.0,0.0,0.0,0.0,0.0,0.0,0.0
10.0,3.00950047502375,0.0033867737405922,0.0033867737206683,0.999994264854943,0.999994264854943,49.41376095879984,0.0,49.98324587356354,0.0,45.59508095021147,0.0,45.30268561880749,0.0,0.0,0.0,0.0,0.0,0.0,0.0
10.0,3.00975048752438,0.003386801620791,0.0033868016008728,0.999994264760523,0.999994264760523,49.41376095245309,0.0,49.981513639426566,0.0,45.595080948012594,0.0,45.302685579424754,0.0,0.0,0.0,0.0,0.0,0.0,0.0
10.0,3.0100005000250003,0.0033868295030592,0.0033868294831467,0.999994264666095,0.999994264666094,49.413760946105725,0.0,49.980575844895455,0.0,45.59508094581353,0.0,45.30268554003876,0.0,0.0,0.0,0.0,0.0,0.0,0.0
10.0,3.01025051252563,0.0033868573873966,0.00338685736749,0.999994264571659,0.999994264571659,49.41376093975773,0.0,49.97998787586974,0.0,45.595080943614285,0.0,45.30268550064951,0.0,0.0,0.0,0.0,0.0,0.0,0.0
10.0,3.01050052502625,0.0033868852738034,0.0033868852539025,0.999994264477216,0.999994264477215,49.41376093340911,0.0,49.97958473123995,0.0,45.59508094141486,0.0,45.302685461257006,0.0,0.0,0.0,0.0,0.0,0.0,0.0
10.0,3.01075053752688,0.0033869131622795,0.0033869131423843,0.999994264382764,0.999994264382764,49.413760927059855,0.0,49.97929107928032,0.0,45.59508093921525,0.0,45.30268542186124,0.0,0.0,0.0,0.0,0.0,0.0,0.0
10.0,3.0110005500275,0.0033869410528247,0.0033869410329352,0.999994264288305,0.9999942642883038,49.413760920709976,0.0,49.979067630337,0.0,45.59508093701545,0.0,45.30268538246223,0.0,0.0,0.0,0.0,0.0,0.0,0.0
10.0,3.01125056252813,0.003386968945439,0.0033869689255553,0.999994264193838,0.999994264193837,49.41376091435947,0.0,49.97889188445088,0.0,45.59508093481547,0.0,45.30268534305996,0.0,0.0,0.0,0.0,0.0,0.0,0.0
10.0,3.01150057502875,0.0033869968401223,0.0033869968202444,0.999994264099363,0.999994264099363,49.41376090800835,0.0,49.9787500285525,0.0,45.59508093261532,0.0,45.30268530365444,0.0,0.0,0.0,0.0,0.0,0.0,0.0
10.0,3.01175058752938,0.0033870247368747,0.0033870247170025,0.99999426400488,0.99999426400488,49.41376090165659,0.0,49.97863311314901,0.0,45.59508093041497,0.0,45.30268526424566,0.0,0.0,0.0,0.0,0.0,0.0,0.0
10.0,3.01200060003,0.0033870526356961,0.0033870526158296,0.99999426391039,0.9999942639103888,49.4137608953042,0.0,49.97853508492474,0.0,45.59508092821445,0.0,45.30268522483363,0.0,0.0,0.0,0.0,0.0,0.0,0.0
10.0,3.01225061253063,0.0033870805365863,0.0033870805167256,0.999994263815892,0.999994263815891,49.41376088895119,0.0,49.978451702876896,0.0,45.595080926013736,0.0,45.30268518541834,0.0,0.0,0.0,0.0,0.0,0.0,0.0
10.0,3.01250062503125,0.0033871084395454,0.0033871084196905,0.999994263721386,0.999994263721385,49.41376088259754,0.0,49.97837990730584,0.0,45.59508092381285,0.0,45.3026851459998,0.0,0.0,0.0,0.0,0.0,0.0,0.0
10.0,3.01275063753188,0.0033871363445733,0.0033871363247241,0.999994263626872,0.999994263626872,49.41376087624327,0.0,49.9783174352869,0.0,45.59508092161177,0.0,45.30268510657801,0.0,0.0,0.0,0.0,0.0,0.0,0.0
10.0,3.0130006500325,0.0033871642516699,0.0033871642318264,0.99999426353235,0.99999426353235,49.41376086988837,0.0,49.97826257716341,0.0,45.595080919410506,0.0,45.30268506715296,0.0,0.0,0.0,0.0,0.0,0.0,0.0
10.0,3.01325066253313,0.0033871921608351,0.0033871921409974,0.999994263437821,0.999994263437821,49.41376086353284,0.0,49.978214017199306,0.0,45.595080917209074,0.0,45.30268502772466,0.0,0.0,0.0,0.0,0.0,0.0,0.0
10.0,3.01350067503375,0.003387220072069,0.0033872200522371,0.999994263343284,0.999994263343284,49.41376085717668,0.0,49.97817072630467,0.0,45.59508091500744,0.0,45.3026849882931,0.0,0.0,0.0,0.0,0.0,0.0,0.0
10.0,3.01375068753438,0.0033872479853715,0.0033872479655453,0.999994263248739,0.999994263248739,49.41376085081991,0.0,49.97813188800681,0.0,45.59508091280564,0.0,45.30268494885829,0.0,0.0,0.0,0.0,0.0,0.0,0.0
10.0,3.014000700035,0.0033872759007425,0.003387275880922,0.9999942631541872,0.9999942631541862,49.4137608444625,0.0,49.97809684623696,0.0,45.59508091060365,0.0,45.30268490942023,0.0,0.0,0.0,0.0,0.0,0.0,0.0
10.0,3.01425071253563,0.0033873038181819,0.0033873037983672,0.999994263059626,0.999994263059626,49.41376083810446,0.0,49.978065067783255,0.0,45.59508090840148,0.0,45.30268486997891,0.0,0.0,0.0,0.0,0.0,0.0,0.0
10.0,3.01450072503625,0.0033873317376897,0.0033873317178808,0.999994262965058,0.999994262965057,49.4137608317458,0.0,49.97803611481875,0.0,45.59508090619912,0.0,45.30268483053433,0.0,0.0,0.0,0.0,0.0,0.0,0.0
10.0,3.01475073753688,0.0033873596592659,0.0033873596394627,0.999994262870482,0.999994262870481,49.4137608253865,0.0,49.97800962448552,0.0,45.595080903996575,0.0,45.302684791086506,0.0,0.0,0.0,0.0,0.0,0.0,0.0
10.0,3.0150007500375,0.0033873875829104,0.0033873875631129,0.999994262775898,0.999994262775898,49.41376081902658,0.0,49.97798529350719,0.0,45.59508090179386,0.0,45.30268475163542,0.0,0.0,0.0,0.0,0.0,0.0,0.0
10.0,3.01525076253813,0.0033874155086231,0.0033874154888313,0.999994262681306,0.999994262681306,49.41376081266603,0.0,49.97796286644199,0.0,45.59508089959096,0.0,45.30268471218108,0.0,0.0,0.0,0.0,0.0,0.0,0.0
10.0,3.01550077503875,0.003387443436404,0.0033874434166179,0.999994262586707,0.999994262586707,49.41376080630485,0.0,49.97794212660956,0.0,45.59508089738786,0.0,45.3026846727235,0.0,0.0,0.0,0.0,0.0,0.0,0.0
10.0,3.01575078753938,0.003387471366253,0.0033874713464727,0.9999942624921,0.999994262492099,49.41376079994304,0.0,49.97792288900745,0.0,45.59508089518459,0.0,45.30268463326264,0.0,0.0,0.0,0.0,0.0,0.0,0.0
10.0,3.01600080004,0.00338749929817,0.0033874992783955,0.999994262397485,0.999994262397484,49.41376079358061,0.0,49.97790499472628,0.0,45.59508089298113,0.0,45.30268459379855,0.0,0.0,0.0,0.0,0.0,0.0,0.0
10.0,3.01625081254063,0.0033875272321551,0.0033875272123863,0.999994262302862,0.999994262302862,49.41376078721755,0.0,49.97788830650612,0.0,45.595080890777496,0.0,45.3026845543312,0.0,0.0,0.0,0.0,0.0,0.0,0.0
10.0,3.01650082504125,0.0033875551682082,0.0033875551484451,0.999994262208232,0.999994262208231,49.413760780853856,0.0,49.97787270517111,0.0,45.59508088857368,0.0,45.302684514860594,0.0,0.0,0.0,0.0,0.0,0.0,0.0
10.0,3.0167508375418803,0.0033875831063291,0.0033875830865718,0.999994262113593,0.999994262113593,49.41376077448953,0.0,49.97785808674618,0.0,45.59508088636967,0.0,45.30268447538673,0.0,0.0,0.0,0.0,0.0,0.0,0.0
10.0,3.0170008500425,0.0033876110465179,0.0033876110267663,0.999994262018947,0.999994262018947,49.41376076812459,0.0,49.97784436010841,0.0,45.59508088416548,0.0,45.302684435909605,0.0,0.0,0.0,0.0,0.0,0.0,0.0
10.0,3.01725086254313,0.0033876389887745,0.0033876389690286,0.999994261924293,0.999994261924293,49.413760761759015,0.0,49.97783144506073,0.0,45.59508088196111,0.0,45.30268439642924,0.0,0.0,0.0,0.0,0.0,0.0,0.0
10.0,3.01750087504375,0.0033876669330988,0.0033876669133586,0.999994261829631,0.999994261829631,49.41376075539281,0.0,49.97781927074206,0.0,45.59508087975655,0.0,45.30268435694561,0.0,0.0,0.0,0.0,0.0,0.0,0.0
10.0,3.01775088754438,0.0033876948794908,0.0033876948597563,0.999994261734962,0.999994261734962,49.413760749025975,0.0,49.97780777430717,0.0,45.59508087755182,0.0,45.30268431745873,0.0,0.0,0.0,0.0,0.0,0.0,0.0
10.0,3.018000900045,0.0033877228279504,0.0033877228082217,0.999994261640285,0.999994261640284,49.41376074265851,0.0,49.97779689982445,0.0,45.595080875346895,0.0,45.3026842779686,0.0,0.0,0.0,0.0,0.0,0.0,0.0
10.0,3.01825091254563,0.0033877507784775,0.0033877507587546,0.9999942615456,0.999994261545599,49.41376073629043,0.0,49.97778659735059,0.0,45.59508087314179,0.0,45.3026842384752,0.0,0.0,0.0,0.0,0.0,0.0,0.0
10.0,3.01850092504625,0.0033877787310722,0.003387778711355,0.999994261450907,0.999994261450907,49.413760729921705,0.0,49.97777682215007,0.0,45.595080870936506,0.0,45.30268419897857,0.0,0.0,0.0,0.0,0.0,0.0,0.0
10.0,3.01875093754688,0.0033878066857344,0.0033878066660229,0.999994261356206,0.999994261356206,49.41376072355236,0.0,49.97776753403364,0.0,45.59508086873104,0.0,45.302684159478666,0.0,0.0,0.0,0.0,0.0,0.0,0.0
10.0,3.0190009500475004,0.0033878346424639,0.0033878346227582,0.999994261261498,0.999994261261498,49.413760717182384,0.0,49.97775869679506,0.0,45.59508086652538,0.0,45.30268411997552,0.0,0.0,0.0,0.0,0.0,0.0,0.0
10.0,3.01925096254813,0.0033878626012608,0.0033878625815608,0.999994261166782,0.9999942611667813,49.41376071081178,0.0,49.97775027772967,0.0,45.59508086431955,0.0,45.30268408046912,0.0,0.0,0.0,0.0,0.0,0.0,0.0
10.0,3.01950097504875,0.003387890562125,0.0033878905424307,0.999994261072058,0.999994261072057,49.41376070444055,0.0,49.97774224722096,0.0,45.59508086211353,0.0,45.302684040959456,0.0,0.0,0.0,0.0,0.0,0.0,0.0
10.0,3.01975098754938,0.0033879185250565,0.0033879185053679,0.999994260977326,0.999994260977326,49.413760698068685,0.0,49.97773457838462,0.0,45.59508085990733,0.0,45.30268400144655,0.0,0.0,0.0,0.0,0.0,0.0,0.0
10.0,3.02000100005,0.0033879464900551,0.0033879464703722,0.999994260882586,0.999994260882586,49.41376069169621,0.0,49.97772724676047,0.0,45.59508085770094,0.0,45.30268396193038,0.0,0.0,0.0,0.0,0.0,0.0,0.0
10.0,3.02025101255063,0.0033879744571208,0.0033879744374437,0.9999942607878388,0.999994260787838,49.41376068532308,0.0,49.9777202300453,0.0,45.59508085549437,0.0,45.30268392241096,0.0,0.0,0.0,0.0,0.0,0.0,0.0
10.0,3.02050102505125,0.0033880024262536,0.0033880024065822,0.9999942606930838,0.9999942606930838,49.41376067894934,0.0,49.97771350786024,0.0,45.59508085328762,0.0,45.30268388288828,0.0,0.0,0.0,0.0,0.0,0.0,0.0
10.0,3.02075103755188,0.0033880303974534,0.0033880303777877,0.999994260598321,0.99999426059832,49.41376067257496,0.0,49.977707061547584,0.0,45.59508085108069,0.0,45.30268384336235,0.0,0.0,0.0,0.0,0.0,0.0,0.0
10.0,3.0210010500525,0.0033880583707202,0.0033880583510602,0.99999426050355,0.99999426050355,49.41376066619996,0.0,49.97770087399285,0.0,45.59508084887357,0.0,45.30268380383317,0.0,0.0,0.0,0.0,0.0,0.0,0.0
10.0,3.02125106255313,0.0033880863460539,0.0033880863263996,0.999994260408772,0.999994260408771,49.41376065982433,0.0,49.977694929468456,0.0,45.59508084666627,0.0,45.30268376430073,0.0,0.0,0.0,0.0,0.0,0.0,0.0
10.0,3.02150107505375,0.0033881143234544,0.0033881143038059,0.999994260313985,0.999994260313985,49.41376065344807,0.0,49.97768921349603,0.0,45.59508084445879,0.0,45.30268372476504,0.0,0.0,0.0,0.0,0.0,0.0,0.0
10.0,3.02175108755438,0.0033881423029217,0.0033881422832789,0.9999942602191908,0.9999942602191908,49.41376064707118,0.0,49.977683712724776,0.0,45.59508084225112,0.0,45.30268368522609,0.0,0.0,0.0,0.0,0.0,0.0,0.0
10.0,3.022001100055,0.0033881702844558,0.0033881702648187,0.99999426012439,0.999994260124389,49.41376064069366,0.0,49.97767841482381,0.0,45.59508084004327,0.0,45.30268364568389,0.0,0.0,0.0,0.0,0.0,0.0,0.0
10.0,3.02225111255563,0.0033881982680565,0.0033881982484251,0.99999426002958,0.9999942600295788,49.41376063431552,0.0,49.977673308386606,0.0,45.59508083783524,0.0,45.30268360613843,0.0,0.0,0.0,0.0,0.0,0.0,0.0
10.0,3.02250112505625,0.0033882262537239,0.0033882262340982,0.999994259934763,0.999994259934762,49.41376062793674,0.0,49.97766838284598,0.0,45.59508083562702,0.0,45.30268356658973,0.0,0.0,0.0,0.0,0.0,0.0,0.0
10.0,3.02275113755688,0.0033882542414578,0.0033882542218378,0.999994259839937,0.999994259839937,49.41376062155734,0.0,49.97766362839822,0.0,45.59508083341862,0.0,45.302683527037765,0.0,0.0,0.0,0.0,0.0,0.0,0.0
10.0,3.0230011500575,0.0033882822312582,0.003388282211644,0.999994259745104,0.999994259745104,49.413760615177296,0.0,49.97765903593544,0.0,45.59508083121004,0.0,45.30268348748255,0.0,0.0,0.0,0.0,0.0,0.0,0.0
10.0,3.02325116255813,0.0033883102231251,0.0033883102035166,0.999994259650264,0.9999942596502632,49.41376060879663,0.0,49.97765459698489,0.0,45.59508082900128,0.0,45.30268344792408,0.0,0.0,0.0,0.0,0.0,0.0,0.0
10.0,3.02350117505875,0.0033883382170584,0.0033883381974556,0.999994259555415,0.999994259555415,49.413760602415344,0.0,49.97765030365451,0.0,45.595080826792326,0.0,45.30268340836236,0.0,0.0,0.0,0.0,0.0,0.0,0.0
10.0,3.02375118755938,0.0033883662130581,0.003388366193461,0.999994259460559,0.999994259460558,49.41376059603343,0.0,49.977646148584064,0.0,45.59508082458319,0.0,45.302683368797375,0.0,0.0,0.0,0.0,0.0,0.0,0.0
10.0,3.02400120006,0.0033883942111241,0.0033883941915327,0.999994259365694,0.999994259365694,49.41376058965087,0.0,49.977642124901074,0.0,45.59508082237389,0.0,45.30268332922914,0.0,0.0,0.0,0.0,0.0,0.0,0.0
10.0,3.02425121256063,0.0033884222112562,0.0033884221916706,0.9999942592708227,0.999994259270822,49.413760583267695,0.0,49.97763822618106,0.0,45.595080820164384,0.0,45.30268328965765,0.0,0.0,0.0,0.0,0.0,0.0,0.0
10.0,3.024501225061249,0.0033884502134546,0.0033884501938747,0.999994259175943,0.999994259175943,49.41376057688389,0.0,49.97763444641162,0.0,45.59508081795471,0.0,45.30268325008291,0.0,0.0,0.0,0.0,0.0,0.0,0.0
10.0,3.02475123756188,0.0033884782177191,0.0033884781981449,0.999994259081055,0.999994259081055,49.413760570499456,0.0,49.977630779959945,0.0,45.59508081574484,0.0,45.30268321050492,0.0,0.0,0.0,0.0,0.0,0.0,0.0
10.0,3.0250012500625,0.0033885062240497,0.0033885062044811,0.99999425898616,0.99999425898616,49.41376056411439,0.0,49.97762722154328,0.0,45.5950808135348,0.0,45.30268317092367,0.0,0.0,0.0,0.0,0.0,0.0,0.0
10.0,3.02525126256313,0.0033885342324462,0.0033885342128834,0.999994258891257,0.999994258891256,49.41376055772869,0.0,49.97762376620219,0.0,45.59508081132456,0.0,45.302683131339165,0.0,0.0,0.0,0.0,0.0,0.0,0.0
10.0,3.02550127506375,0.0033885622429088,0.0033885622233517,0.999994258796346,0.999994258796346,49.41376055134237,0.0,49.97762040927618,0.0,45.59508080911415,0.0,45.302683091751405,0.0,0.0,0.0,0.0,0.0,0.0,0.0
10.0,3.0257512875643804,0.0033885902554372,0.0033885902358858,0.999994258701428,0.999994258701427,49.413760544955416,0.0,49.97761714638146,0.0,45.59508080690355,0.0,45.30268305216039,0.0,0.0,0.0,0.0,0.0,0.0,0.0
10.0,3.026001300065,0.0033886182700315,0.0033886182504858,0.9999942586065008,0.9999942586065008,49.41376053856784,0.0,49.97761397339082,0.0,45.59508080469278,0.0,45.30268301256612,0.0,0.0,0.0,0.0,0.0,0.0,0.0
10.0,3.02625131256563,0.0033886462866916,0.0033886462671516,0.999994258511567,0.999994258511567,49.41376053217962,0.0,49.97761088641502,0.0,45.59508080248181,0.0,45.30268297296861,0.0,0.0,0.0,0.0,0.0,0.0,0.0
10.0,3.02650132506625,0.0033886743054174,0.0033886742858831,0.9999942584166251,0.999994258416624,49.41376052579079,0.0,49.977607881785936,0.0,45.595080800270665,0.0,45.30268293336784,0.0,0.0,0.0,0.0,0.0,0.0,0.0
10.0,3.02675133756688,0.0033887023262089,0.0033887023066804,0.999994258321675,0.999994258321674,49.41376051940132,0.0,49.97760495604104,0.0,45.59508079805934,0.0,45.3026828937638,0.0,0.0,0.0,0.0,0.0,0.0,0.0
10.0,3.0270013500675,0.0033887303490661,0.0033887303295432,0.999994258226718,0.999994258226717,49.41376051301122,0.0,49.97760210590924,0.0,45.59508079584783,0.0,45.30268285415652,0.0,0.0,0.0,0.0,0.0,0.0,0.0
10.0,3.02725136256813,0.0033887583739888,0.0033887583544716,0.999994258131752,0.999994258131752,49.41376050662048,0.0,49.97759932829778,0.0,45.595080793636136,0.0,45.30268281454599,0.0,0.0,0.0,0.0,0.0,0.0,0.0
10.0,3.02750137506875,0.003388786400977,0.0033887863814655,0.999994258036779,0.999994258036778,49.41376050022912,0.0,49.97759662028027,0.0,45.59508079142425,0.0,45.302682774932194,0.0,0.0,0.0,0.0,0.0,0.0,0.0
10.0,3.02775138756938,0.0033888144300307,0.0033888144105249,0.999994257941798,0.999994257941798,49.41376049383714,0.0,49.97759397908565,0.0,45.59508078921219,0.0,45.302682735315145,0.0,0.0,0.0,0.0,0.0,0.0,0.0
10.0,3.02800140007,0.0033888424611498,0.0033888424416497,0.999994257846809,0.999994257846809,49.41376048744453,0.0,49.97759140208802,0.0,45.59508078699995,0.0,45.30268269569485,0.0,0.0,0.0,0.0,0.0,0.0,0.0
10.0,3.02825141257063,0.0033888704943342,0.0033888704748398,0.999994257751813,0.999994257751812,49.41376048105128,0.0,49.97758888679726,0.0,45.59508078478752,0.0,45.3026826560713,0.0,0.0,0.0,0.0,0.0,0.0,0.0
10.0,3.02850142507125,0.0033888985295839,0.0033888985100953,0.999994257656808,0.999994257656808,49.41376047465741,0.0,49.97758643085034,0.0,45.5950807825749,0.0,45.30268261644449,0.0,0.0,0.0,0.0,0.0,0.0,0.0
10.0,3.02875143757188,0.0033889265668989,0.0033889265474159,0.999994257561796,0.999994257561796,49.4137604682629,0.0,49.97758403200336,0.0,45.59508078036211,0.0,45.302682576814426,0.0,0.0,0.0,0.0,0.0,0.0,0.0
10.0,3.0290014500725,0.003388954606279,0.0033889545868018,0.9999942574667772,0.999994257466776,49.41376046186777,0.0,49.97758168812408,0.0,45.59508077814914,0.0,45.30268253718111,0.0,0.0,0.0,0.0,0.0,0.0,0.0
10.0,3.02925146257313,0.0033889826477243,0.0033889826282527,0.999994257371749,0.999994257371748,49.41376045547201,0.0,49.97757939718514,0.0,45.59508077593598,0.0,45.30268249754455,0.0,0.0,0.0,0.0,0.0,0.0,0.0
10.0,3.02950147507375,0.0033890106912347,0.0033890106717688,0.999994257276713,0.999994257276713,49.41376044907562,0.0,49.97757715725759,0.0,45.59508077372264,0.0,45.30268245790472,0.0,0.0,0.0,0.0,0.0,0.0,0.0
10.0,3.02975148757438,0.00338903873681,0.0033890387173498,0.99999425718167,0.99999425718167,49.41376044267859,0.0,49.97757496650507,0.0,45.59508077150911,0.0,45.30268241826165,0.0,0.0,0.0,0.0,0.0,0.0,0.0
10.0,3.030001500075,0.0033890667844503,0.0033890667649958,0.999994257086619,0.999994257086619,49.41376043628093,0.0,49.97757282317827,0.0,45.5950807692954,0.0,45.30268237861532,0.0,0.0,0.0,0.0,0.0,0.0,0.0
10.0,3.03025151257563,0.0033890948341556,0.0033890948147068,0.99999425699156,0.99999425699156,49.41376042988266,0.0,49.97757072560988,0.0,45.59508076708151,0.0,45.30268233896573,0.0,0.0,0.0,0.0,0.0,0.0,0.0
10.0,3.03050152507625,0.0033891228859257,0.0033891228664825,0.999994256896494,0.9999942568964932,49.41376042348375,0.0,49.97756867220979,0.0,45.59508076486743,0.0,45.3026822993129,0.0,0.0,0.0,0.0,0.0,0.0,0.0
10.0,3.03075153757688,0.0033891509397605,0.0033891509203231,0.999994256801419,0.999994256801419,49.413760417084205,0.0,49.97756666146073,0.0,45.595080762653176,0.0,45.3026822596568,0.0,0.0,0.0,0.0,0.0,0.0,0.0
10.0,3.0310015500775,0.0033891789956601,0.0033891789762284,0.9999942567063372,0.9999942567063372,49.413760410684034,0.0,49.97756469191407,0.0,45.59508076043874,0.0,45.30268221999745,0.0,0.0,0.0,0.0,0.0,0.0,0.0
10.0,3.0312515625781296,0.0033892070536244,0.0033892070341984,0.999994256611247,0.9999942566112467,49.41376040428323,0.0,49.97756276218606,0.0,45.595080758224114,0.0,45.302682180334855,0.0,0.0,0.0,0.0,0.0,0.0,0.0
10.0,3.03150157507875,0.0033892351136533,0.003389235094233,0.999994256516149,0.999994256516149,49.4137603978818,0.0,49.97756087095419,0.0,45.59508075600931,0.0,45.302682140669,0.0,0.0,0.0,0.0,0.0,0.0,0.0
10.0,3.03175158757938,0.0033892631757468,0.0033892631563322,0.999994256421044,0.999994256421044,49.41376039147974,0.0,49.97755901695386,0.0,45.59508075379432,0.0,45.30268210099989,0.0,0.0,0.0,0.0,0.0,0.0,0.0
10.0,3.03200160008,0.0033892912399048,0.0033892912204959,0.9999942563259312,0.99999425632593,49.413760385077055,0.0,49.97755719897524,0.0,45.59508075157914,0.0,45.30268206132752,0.0,0.0,0.0,0.0,0.0,0.0,0.0
10.0,3.03225161258063,0.0033893193061273,0.003389319286724,0.99999425623081,0.999994256230809,49.41376037867373,0.0,49.97755541586032,0.0,45.59508074936379,0.0,45.302682021651904,0.0,0.0,0.0,0.0,0.0,0.0,0.0
10.0,3.03250162508125,0.0033893473744142,0.0033893473550165,0.999994256135681,0.99999425613568,49.41376037226979,0.0,49.97755366650018,0.0,45.595080747148245,0.0,45.30268198197304,0.0,0.0,0.0,0.0,0.0,0.0,0.0
10.0,3.03275163758188,0.0033893754447654,0.0033893754253735,0.999994256040544,0.999994256040544,49.41376036586521,0.0,49.977551949832446,0.0,45.59508074493253,0.0,45.30268194229091,0.0,0.0,0.0,0.0,0.0,0.0,0.0
10.0,3.0330016500825,0.0033894035171809,0.0033894034977947,0.9999942559454,0.999994255945399,49.41376035946,0.0,49.9775502648388,0.0,45.59508074271662,0.0,45.302681902605535,0.0,0.0,0.0,0.0,0.0,0.0,0.0
10.0,3.03325166258313,0.0033894315916606,0.0033894315722801,0.9999942558502468,0.999994255850247,49.413760353054165,0.0,49.97754861054279,0.0,45.595080740500535,0.0,45.302681862916906,0.0,0.0,0.0,0.0,0.0,0.0,0.0
10.0,3.0335016750837505,0.0033894596682046,0.0033894596488297,0.999994255755087,0.9999942557550872,49.41376034664769,0.0,49.97754698600766,0.0,45.59508073828425,0.0,45.30268182322501,0.0,0.0,0.0,0.0,0.0,0.0,0.0
10.0,3.03375168758438,0.0033894877468126,0.0033894877274435,0.99999425565992,0.999994255659919,49.4137603402406,0.0,49.977545390334384,0.0,45.5950807360678,0.0,45.30268178352988,0.0,0.0,0.0,0.0,0.0,0.0,0.0
10.0,3.034001700085,0.0033895158274848,0.0033895158081213,0.999994255564744,0.999994255564744,49.41376033383287,0.0,49.97754382265974,0.0,45.59508073385116,0.0,45.30268174383148,0.0,0.0,0.0,0.0,0.0,0.0,0.0
10.0,3.03425171258563,0.0033895439102209,0.0033895438908631,0.999994255469561,0.99999425546956,49.413760327424505,0.0,49.977542282154594,0.0,45.59508073163433,0.0,45.302681704129824,0.0,0.0,0.0,0.0,0.0,0.0,0.0
10.0,3.03450172508625,0.003389571995021,0.0033895719756689,0.99999425537437,0.999994255374369,49.41376032101552,0.0,49.9775407680222,0.0,45.59508072941733,0.0,45.30268166442493,0.0,0.0,0.0,0.0,0.0,0.0,0.0
10.0,3.03475173758688,0.003389600081885,0.0033896000625386,0.999994255279171,0.99999425527917,49.4137603146059,0.0,49.97753927949665,0.0,45.59508072720015,0.0,45.302681624716776,0.0,0.0,0.0,0.0,0.0,0.0,0.0
10.0,3.0350017500875,0.0033896281708129,0.0033896281514721,0.999994255183964,0.999994255183964,49.413760308195656,0.0,49.977537815841394,0.0,45.59508072498278,0.0,45.30268158500537,0.0,0.0,0.0,0.0,0.0,0.0,0.0
10.0,3.03525176258813,0.0033896562618045,0.0033896562424694,0.999994255088749,0.999994255088749,49.41376030178478,0.0,49.97753637634785,0.0,45.595080722765225,0.0,45.302681545290696,0.0,0.0,0.0,0.0,0.0,0.0,0.0
10.0,3.03550177508875,0.0033896843548599,0.0033896843355305,0.999994254993527,0.999994254993527,49.41376029537327,0.0,49.97753496033406,0.0,45.595080720547486,0.0,45.30268150557278,0.0,0.0,0.0,0.0,0.0,0.0,0.0
10.0,3.03575178758938,0.003389712449979,0.0033897124306553,0.9999942548982972,0.9999942548982972,49.41376028896112,0.0,49.97753356714352,0.0,45.59508071832957,0.0,45.30268146585161,0.0,0.0,0.0,0.0,0.0,0.0,0.0
10.0,3.03600180009,0.0033897405471617,0.0033897405278436,0.999994254803059,0.999994254803059,49.41376028254837,0.0,49.9775321961439,0.0,45.59508071611146,0.0,45.30268142612718,0.0,0.0,0.0,0.0,0.0,0.0,0.0
10.0,3.03625181259063,0.003389768646408,0.0033897686270956,0.999994254707813,0.999994254707813,49.41376027613496,0.0,49.97753084672605,0.0,45.595080713893175,0.0,45.3026813863995,0.0,0.0,0.0,0.0,0.0,0.0,0.0
10.0,3.03650182509125,0.0033897967477178,0.003389796728411,0.99999425461256,0.99999425461256,49.41376026972094,0.0,49.97752951830287,0.0,45.59508071167471,0.0,45.30268134666856,0.0,0.0,0.0,0.0,0.0,0.0,0.0
10.0,3.03675183759188,0.003389824851091,0.0033898248317899,0.9999942545172992,0.999994254517298,49.41376026330627,0.0,49.97752821030838,0.0,45.595080709456056,0.0,45.302681306934375,0.0,0.0,0.0,0.0,0.0,0.0,0.0
10.0,3.0370018500925,0.0033898529565276,0.0033898529372323,0.99999425442203,0.999994254422029,49.413760256890974,0.0,49.97752692219669,0.0,45.59508070723722,0.0,45.30268126719695,0.0,0.0,0.0,0.0,0.0,0.0,0.0
10.0,3.03725186259313,0.0033898810640277,0.0033898810447379,0.9999942543267532,0.9999942543267532,49.41376025047506,0.0,49.977525653441226,0.0,45.595080705018205,0.0,45.30268122745624,0.0,0.0,0.0,0.0,0.0,0.0,0.0
10.0,3.03750187509375,0.0033899091735909,0.0033899091543069,0.999994254231468,0.999994254231468,49.41376024405851,0.0,49.97752440353382,0.0,45.595080702799,0.0,45.302681187712295,0.0,0.0,0.0,0.0,0.0,0.0,0.0
10.0,3.03775188759438,0.0033899372852175,0.0033899372659391,0.999994254136176,0.999994254136176,49.41376023764133,0.0,49.97752317198391,0.0,45.59508070057962,0.0,45.30268114796509,0.0,0.0,0.0,0.0,0.0,0.0,0.0
10.0,3.038001900095,0.0033899653989072,0.0033899653796345,0.999994254040876,0.999994254040875,49.41376023122351,0.0,49.97752195831781,0.0,45.59508069836005,0.0,45.30268110821464,0.0,0.0,0.0,0.0,0.0,0.0,0.0
10.0,3.03825191259563,0.00338999351466,0.003389993495393,0.999994253945568,0.9999942539455672,49.413760224805074,0.0,49.97752076207797,0.0,45.5950806961403,0.0,45.30268106846093,0.0,0.0,0.0,0.0,0.0,0.0,0.0
10.0,3.03850192509625,0.0033900216324759,0.0033900216132145,0.999994253850252,0.999994253850252,49.413760218386,0.0,49.97751958282232,0.0,45.595080693920366,0.0,45.30268102870396,0.0,0.0,0.0,0.0,0.0,0.0,0.0
10.0,3.03875193759688,0.0033900497523548,0.0033900497330991,0.999994253754929,0.999994253754928,49.41376021196631,0.0,49.977518420123566,0.0,45.59508069170025,0.0,45.30268098894374,0.0,0.0,0.0,0.0,0.0,0.0,0.0
10.0,3.0390019500975,0.0033900778742967,0.0033900778550467,0.999994253659597,0.999994253659597,49.41376020554597,0.0,49.97751727356866,0.0,45.59508068947994,0.0,45.30268094918027,0.0,0.0,0.0,0.0,0.0,0.0,0.0
10.0,3.03925196259813,0.0033901059983015,0.0033901059790571,0.999994253564258,0.999994253564258,49.41376019912501,0.0,49.97751614275815,0.0,45.59508068725947,0.0,45.302680909413546,0.0,0.0,0.0,0.0,0.0,0.0,0.0
10.0,3.03950197509876,0.0033901341243691,0.0033901341051304,0.999994253468911,0.999994253468911,49.41376019270341,0.0,49.97751502730564,0.0,45.5950806850388,0.0,45.30268086964357,0.0,0.0,0.0,0.0,0.0,0.0,0.0
10.0,3.03975198759938,0.0033901622524995,0.0033901622332665,0.999994253373557,0.999994253373556,49.41376018628118,0.0,49.97751392683725,0.0,45.59508068281794,0.0,45.302680829870326,0.0,0.0,0.0,0.0,0.0,0.0,0.0
10.0,3.04000200010001,0.0033901903826927,0.0033901903634653,0.999994253278194,0.999994253278194,49.41376017985833,0.0,49.97751284099115,0.0,45.59508068059691,0.0,45.30268079009384,0.0,0.0,0.0,0.0,0.0,0.0,0.0
10.0,3.0402520126006305,0.0033902185149485,0.0033902184957268,0.999994253182824,0.999994253182824,49.413760173434845,0.0,49.97751176941704,0.0,45.5950806783757,0.0,45.3026807503141,0.0,0.0,0.0,0.0,0.0,0.0,0.0
10.0,3.04050202510125,0.003390246649267,0.0033902466300509,0.999994253087446,0.999994253087446,49.41376016701073,0.0,49.97751071177572,0.0,45.5950806761543,0.0,45.3026807105311,0.0,0.0,0.0,0.0,0.0,0.0,0.0
10.0,3.04075203760188,0.003390274785648,0.0033902747664376,0.99999425299206,0.99999425299206,49.41376016058598,0.0,49.97750966773864,0.0,45.59508067393271,0.0,45.302680670744856,0.0,0.0,0.0,0.0,0.0,0.0,0.0
10.0,3.04100205010251,0.0033903029240916,0.0033903029048869,0.9999942528966672,0.999994252896666,49.413760154160606,0.0,49.977508636987466,0.0,45.59508067171096,0.0,45.30268063095535,0.0,0.0,0.0,0.0,0.0,0.0,0.0
10.0,3.04125206260313,0.0033903310645976,0.0033903310453985,0.9999942528012652,0.9999942528012652,49.41376014773459,0.0,49.97750761921375,0.0,45.59508066948901,0.0,45.30268059116259,0.0,0.0,0.0,0.0,0.0,0.0,0.0
10.0,3.04150207510376,0.003390359207166,0.0033903591879726,0.999994252705856,0.999994252705856,49.413760141307954,0.0,49.97750661411847,0.0,45.59508066726687,0.0,45.302680551366585,0.0,0.0,0.0,0.0,0.0,0.0,0.0
10.0,3.04175208760438,0.0033903873517968,0.003390387332609,0.9999942526104388,0.999994252610439,49.41376013488068,0.0,49.97750562141173,0.0,45.59508066504456,0.0,45.30268051156732,0.0,0.0,0.0,0.0,0.0,0.0,0.0
10.0,3.04200210010501,0.0033904154984898,0.0033904154793077,0.999994252515014,0.999994252515014,49.41376012845279,0.0,49.977504640812384,0.0,45.59508066282207,0.0,45.3026804717648,0.0,0.0,0.0,0.0,0.0,0.0,0.0
10.0,3.04225211260563,0.0033904436472451,0.0033904436280686,0.999994252419582,0.999994252419582,49.41376012202425,0.0,49.977503672047725,0.0,45.59508066059938,0.0,45.30268043195903,0.0,0.0,0.0,0.0,0.0,0.0,0.0
10.0,3.04250212510626,0.0033904717980626,0.0033904717788918,0.999994252324142,0.999994252324141,49.41376011559509,0.0,49.97750271485317,0.0,45.59508065837652,0.0,45.30268039215001,0.0,0.0,0.0,0.0,0.0,0.0,0.0
10.0,3.04275213760688,0.0033904999509422,0.003390499931777,0.999994252228694,0.999994252228693,49.4137601091653,0.0,49.97750176897194,0.0,45.59508065615347,0.0,45.30268035233773,0.0,0.0,0.0,0.0,0.0,0.0,0.0
10.0,3.04300215010751,0.0033905281058838,0.0033905280867243,0.999994252133238,0.999994252133237,49.41376010273487,0.0,49.97750083415482,0.0,45.59508065393024,0.0,45.30268031252219,0.0,0.0,0.0,0.0,0.0,0.0,0.0
10.0,3.04325216260813,0.0033905562628875,0.0033905562437336,0.999994252037774,0.999994252037774,49.41376009630382,0.0,49.97749991015978,0.0,45.59508065170683,0.0,45.302680272703405,0.0,0.0,0.0,0.0,0.0,0.0,0.0
10.0,3.04350217510876,0.0033905844219531,0.0033905844028049,0.999994251942303,0.999994251942302,49.413760089872135,0.0,49.97749899675188,0.0,45.59508064948324,0.0,45.30268023288136,0.0,0.0,0.0,0.0,0.0,0.0,0.0
10.0,3.04375218760938,0.0033906125830806,0.0033906125639381,0.999994251846823,0.999994251846823,49.41376008343983,0.0,49.97749809370286,0.0,45.59508064725945,0.0,45.30268019305607,0.0,0.0,0.0,0.0,0.0,0.0,0.0
10.0,3.04400220011001,0.00339064074627,0.0033906407271331,0.999994251751336,0.999994251751336,49.41376007700688,0.0,49.97749720079099,0.0,45.59508064503549,0.0,45.30268015322752,0.0,0.0,0.0,0.0,0.0,0.0,0.0
10.0,3.04425221261063,0.0033906689115212,0.0033906688923899,0.999994251655842,0.9999942516558408,49.413760070573296,0.0,49.97749631780081,0.0,45.59508064281135,0.0,45.30268011339572,0.0,0.0,0.0,0.0,0.0,0.0,0.0
10.0,3.04450222511126,0.0033906970788341,0.0033906970597085,0.9999942515603388,0.999994251560339,49.41376006413908,0.0,49.97749544452291,0.0,45.59508064058701,0.0,45.302680073560666,0.0,0.0,0.0,0.0,0.0,0.0,0.0
10.0,3.04475223761188,0.0033907252482086,0.0033907252290887,0.999994251464829,0.999994251464828,49.41376005770424,0.0,49.97749458075372,0.0,45.5950806383625,0.0,45.30268003372235,0.0,0.0,0.0,0.0,0.0,0.0,0.0
10.0,3.04500225011251,0.0033907534196449,0.0033907534005306,0.9999942513693107,0.99999425136931,49.41376005126877,0.0,49.97749372629532,0.0,45.59508063613781,0.0,45.30267999388079,0.0,0.0,0.0,0.0,0.0,0.0,0.0
10.0,3.04525226261313,0.0033907815931426,0.003390781574034,0.999994251273785,0.9999942512737842,49.41376004483266,0.0,49.977492880955225,0.0,45.59508063391293,0.0,45.302679954035966,0.0,0.0,0.0,0.0,0.0,0.0,0.0
10.0,3.04550227511376,0.0033908097687019,0.0033908097495989,0.999994251178251,0.99999425117825,49.413760038395935,0.0,49.97749204454624,0.0,45.59508063168788,0.0,45.3026799141879,0.0,0.0,0.0,0.0,0.0,0.0,0.0
10.0,3.04575228761438,0.0033908379463226,0.0033908379272253,0.999994251082709,0.999994251082709,49.41376003195857,0.0,49.97749121688621,0.0,45.59508062946263,0.0,45.302679874336576,0.0,0.0,0.0,0.0,0.0,0.0,0.0
10.0,3.04600230011501,0.0033908661260048,0.0033908661069131,0.99999425098716,0.99999425098716,49.413760025520574,0.0,49.9774903977979,0.0,45.5950806272372,0.0,45.30267983448199,0.0,0.0,0.0,0.0,0.0,0.0,0.0
10.0,3.04625231261563,0.0033908943077483,0.0033908942886622,0.999994250891603,0.999994250891602,49.41376001908195,0.0,49.977489587108856,0.0,45.59508062501159,0.0,45.30267979462416,0.0,0.0,0.0,0.0,0.0,0.0,0.0
10.0,3.04650232511626,0.003390922491553,0.0033909224724726,0.999994250796038,0.999994250796038,49.41376001264269,0.0,49.97748878465118,0.0,45.5950806227858,0.0,45.30267975476308,0.0,0.0,0.0,0.0,0.0,0.0,0.0
10.0,3.04675233761688,0.003390950677419,0.0033909506583443,0.999994250700466,0.999994250700465,49.41376000620279,0.0,49.977487990261416,0.0,45.59508062055983,0.0,45.30267971489874,0.0,0.0,0.0,0.0,0.0,0.0,0.0
10.0,3.0470023501175105,0.0033909788653462,0.0033909788462771,0.999994250604885,0.999994250604885,49.41375999976227,0.0,49.9774872037804,0.0,45.59508061833366,0.0,45.30267967503114,0.0,0.0,0.0,0.0,0.0,0.0,0.0
10.0,3.04725236261813,0.0033910070553345,0.003391007036271,0.9999942505092972,0.999994250509296,49.41375999332112,0.0,49.97748642505311,0.0,45.59508061610732,0.0,45.302679635160295,0.0,0.0,0.0,0.0,0.0,0.0,0.0
10.0,3.04750237511876,0.0033910352473839,0.003391035228326,0.9999942504137008,0.9999942504137,49.41375998687933,0.0,49.977485653928575,0.0,45.59508061388079,0.0,45.3026795952862,0.0,0.0,0.0,0.0,0.0,0.0,0.0
10.0,3.04775238761938,0.0033910634414943,0.0033910634224421,0.999994250318097,0.9999942503180972,49.41375998043692,0.0,49.97748489025968,0.0,45.59508061165408,0.0,45.30267955540884,0.0,0.0,0.0,0.0,0.0,0.0,0.0
10.0,3.04800240012001,0.0033910916376656,0.003391091618619,0.999994250222486,0.999994250222485,49.41375997399388,0.0,49.97748413390307,0.0,45.59508060942719,0.0,45.30267951552823,0.0,0.0,0.0,0.0,0.0,0.0,0.0
10.0,3.04825241262063,0.0033911198358979,0.0033911198168569,0.999994250126866,0.999994250126865,49.4137599675502,0.0,49.97748338471906,0.0,45.59508060720011,0.0,45.302679475644375,0.0,0.0,0.0,0.0,0.0,0.0,0.0
10.0,3.04850242512126,0.0033911480361909,0.0033911480171556,0.999994250031239,0.9999942500312388,49.41375996110589,0.0,49.97748264257147,0.0,45.59508060497286,0.0,45.30267943575726,0.0,0.0,0.0,0.0,0.0,0.0,0.0
10.0,3.04875243762188,0.0033911762385448,0.0033911762195151,0.9999942499356042,0.9999942499356032,49.41375995466096,0.0,49.97748190732756,0.0,45.59508060274541,0.0,45.30267939586689,0.0,0.0,0.0,0.0,0.0,0.0,0.0
10.0,3.04900245012251,0.0033912044429594,0.0033912044239354,0.999994249839961,0.999994249839961,49.41375994821537,0.0,49.97748117885787,0.0,45.5950806005178,0.0,45.30267935597327,0.0,0.0,0.0,0.0,0.0,0.0,0.0
10.0,3.04925246262313,0.0033912326494347,0.0033912326304163,0.9999942497443108,0.99999424974431,49.41375994176917,0.0,49.97748045703618,0.0,45.59508059828998,0.0,45.30267931607639,0.0,0.0,0.0,0.0,0.0,0.0,0.0
10.0,3.04950247512376,0.0033912608579706,0.0033912608389578,0.999994249648653,0.999994249648652,49.41375993532234,0.0,49.97747974173936,0.0,45.59508059606199,0.0,45.30267927617626,0.0,0.0,0.0,0.0,0.0,0.0,0.0
10.0,3.04975248762438,0.003391289068567,0.0033912890495599,0.999994249552987,0.999994249552986,49.41375992887487,0.0,49.97747903284731,0.0,45.59508059383382,0.0,45.30267923627287,0.0,0.0,0.0,0.0,0.0,0.0,0.0
10.0,3.05000250012501,0.003391317281224,0.0033913172622225,0.9999942494573132,0.999994249457312,49.41375992242678,0.0,49.977478330242846,0.0,45.595080591605466,0.0,45.30267919636623,0.0,0.0,0.0,0.0,0.0,0.0,0.0
10.0,3.05025251262563,0.0033913454959414,0.0033913454769455,0.999994249361631,0.999994249361631,49.41375991597804,0.0,49.97747763381161,0.0,45.59508058937693,0.0,45.30267915645634,0.0,0.0,0.0,0.0,0.0,0.0,0.0
10.0,3.05050252512626,0.0033913737127192,0.003391373693729,0.999994249265941,0.999994249265941,49.41375990952868,0.0,49.97747694344199,0.0,45.5950805871482,0.0,45.3026791165432,0.0,0.0,0.0,0.0,0.0,0.0,0.0
10.0,3.05075253762688,0.0033914019315574,0.0033914019125728,0.999994249170244,0.999994249170244,49.413759903078684,0.0,49.97747625902508,0.0,45.595080584919295,0.0,45.3026790766268,0.0,0.0,0.0,0.0,0.0,0.0,0.0
10.0,3.05100255012751,0.0033914301524559,0.0033914301334768,0.999994249074539,0.999994249074539,49.41375989662805,0.0,49.97747558045451,0.0,45.59508058269021,0.0,45.30267903670714,0.0,0.0,0.0,0.0,0.0,0.0,0.0
10.0,3.05125256262813,0.0033914583754145,0.0033914583564412,0.999994248978827,0.999994248978826,49.413759890176806,0.0,49.97747490762647,0.0,45.59508058046093,0.0,45.30267899678424,0.0,0.0,0.0,0.0,0.0,0.0,0.0
10.0,3.05150257512876,0.0033914866004334,0.0033914865814656,0.9999942488831058,0.9999942488831058,49.413759883724914,0.0,49.97747424043954,0.0,45.59508057823148,0.0,45.30267895685808,0.0,0.0,0.0,0.0,0.0,0.0,0.0
10.0,3.05175258762938,0.0033915148275124,0.0033915148085502,0.999994248787378,0.999994248787377,49.4137598772724,0.0,49.9774735787947,0.0,45.59508057600184,0.0,45.30267891692867,0.0,0.0,0.0,0.0,0.0,0.0,0.0
10.0,3.05200260013001,0.0033915430566514,0.0033915430376949,0.999994248691642,0.9999942486916412,49.41375987081924,0.0,49.977472922595226,0.0,45.595080573772016,0.0,45.302678876996005,0.0,0.0,0.0,0.0,0.0,0.0,0.0
10.0,3.05225261263063,0.0033915712878505,0.0033915712688996,0.999994248595898,0.999994248595897,49.41375986436547,0.0,49.977472271746606,0.0,45.59508057154201,0.0,45.302678837060085,0.0,0.0,0.0,0.0,0.0,0.0,0.0
10.0,3.05250262513126,0.0033915995211094,0.0033915995021642,0.999994248500146,0.999994248500146,49.413759857911046,0.0,49.97747162615652,0.0,45.59508056931183,0.0,45.30267879712091,0.0,0.0,0.0,0.0,0.0,0.0,0.0
10.0,3.05275263763188,0.0033916277564283,0.0033916277374887,0.9999942484043872,0.999994248404386,49.413759851456,0.0,49.97747098573475,0.0,45.59508056708145,0.0,45.30267875717848,0.0,0.0,0.0,0.0,0.0,0.0,0.0
10.0,3.05300265013251,0.0033916559938071,0.0033916559748731,0.999994248308619,0.999994248308619,49.41375984500032,0.0,49.97747035039309,0.0,45.595080564850896,0.0,45.3026787172328,0.0,0.0,0.0,0.0,0.0,0.0,0.0
10.0,3.05325266263313,0.0033916842332456,0.0033916842143172,0.999994248212844,0.999994248212844,49.413759838544,0.0,49.97746972004538,0.0,45.59508056262017,0.0,45.30267867728386,0.0,0.0,0.0,0.0,0.0,0.0,0.0
10.0,3.05350267513376,0.0033917124747438,0.0033917124558211,0.999994248117061,0.999994248117061,49.41375983208706,0.0,49.97746909460734,0.0,45.59508056038924,0.0,45.30267863733168,0.0,0.0,0.0,0.0,0.0,0.0,0.0
10.0,3.05375268763438,0.0033917407183018,0.0033917406993846,0.999994248021271,0.99999424802127,49.41375982562949,0.0,49.97746847399661,0.0,45.59508055815814,0.0,45.30267859737623,0.0,0.0,0.0,0.0,0.0,0.0,0.0
10.0,3.05400270013501,0.0033917689639193,0.0033917689450078,0.999994247925472,0.999994247925472,49.41375981917128,0.0,49.97746785813264,0.0,45.595080555926856,0.0,45.30267855741754,0.0,0.0,0.0,0.0,0.0,0.0,0.0
10.0,3.05425271263563,0.0033917972115964,0.0033917971926905,0.999994247829666,0.999994247829666,49.41375981271244,0.0,49.97746724693663,0.0,45.59508055369539,0.0,45.30267851745558,0.0,0.0,0.0,0.0,0.0,0.0,0.0
10.0,3.05450272513626,0.003391825461333,0.0033918254424327,0.999994247733852,0.999994247733852,49.41375980625297,0.0,49.97746664033156,0.0,45.59508055146373,0.0,45.30267847749038,0.0,0.0,0.0,0.0,0.0,0.0,0.0
10.0,3.05475273763688,0.003391853713129,0.0033918536942344,0.99999424763803,0.99999424763803,49.413759799792864,0.0,49.97746603824205,0.0,45.595080549231895,0.0,45.30267843752193,0.0,0.0,0.0,0.0,0.0,0.0,0.0
10.0,3.05500275013751,0.0033918819669845,0.0033918819480954,0.999994247542201,0.9999942475422,49.413759793332126,0.0,49.97746544059438,0.0,45.59508054699988,0.0,45.30267839755022,0.0,0.0,0.0,0.0,0.0,0.0,0.0
10.0,3.05525276263813,0.0033919102228993,0.0033919102040158,0.999994247446364,0.999994247446363,49.41375978687076,0.0,49.9774648473164,0.0,45.59508054476768,0.0,45.302678357575246,0.0,0.0,0.0,0.0,0.0,0.0,0.0
10.0,3.05550277513876,0.0033919384808733,0.0033919384619955,0.999994247350518,0.999994247350518,49.41375978040876,0.0,49.97746425833753,0.0,45.595080542535285,0.0,45.30267831759704,0.0,0.0,0.0,0.0,0.0,0.0,0.0
10.0,3.05575278763938,0.0033919667409066,0.0033919667220344,0.999994247254666,0.999994247254665,49.413759773946126,0.0,49.97746367358867,0.0,45.59508054030272,0.0,45.30267827761556,0.0,0.0,0.0,0.0,0.0,0.0,0.0
10.0,3.0560028001400106,0.0033919950029991,0.0033919949841325,0.999994247158805,0.999994247158804,49.41375976748287,0.0,49.97746309300223,0.0,45.59508053806997,0.0,45.30267823763084,0.0,0.0,0.0,0.0,0.0,0.0,0.0
10.0,3.05625281264063,0.0033920232671507,0.0033920232482897,0.999994247062936,0.999994247062936,49.41375976101897,0.0,49.97746251651199,0.0,45.59508053583704,0.0,45.30267819764286,0.0,0.0,0.0,0.0,0.0,0.0,0.0
10.0,3.05650282514126,0.0033920515333613,0.0033920515145059,0.99999424696706,0.99999424696706,49.41375975455445,0.0,49.977461944053175,0.0,45.59508053360392,0.0,45.302678157651634,0.0,0.0,0.0,0.0,0.0,0.0,0.0
10.0,3.05675283764188,0.003392079801631,0.0033920797827812,0.999994246871176,0.999994246871176,49.41375974808928,0.0,49.97746137556233,0.0,45.59508053137062,0.0,45.30267811765715,0.0,0.0,0.0,0.0,0.0,0.0,0.0
10.0,3.05700285014251,0.0033921080719596,0.0033921080531154,0.999994246775284,0.999994246775284,49.41375974162349,0.0,49.97746081097733,0.0,45.595080529137135,0.0,45.30267807765941,0.0,0.0,0.0,0.0,0.0,0.0,0.0
10.0,3.05725286264313,0.003392136344347,0.0033921363255085,0.9999942466793852,0.999994246679384,49.41375973515706,0.0,49.97746025023736,0.0,45.595080526903466,0.0,45.30267803765842,0.0,0.0,0.0,0.0,0.0,0.0,0.0
10.0,3.05750287514376,0.0033921646187934,0.0033921645999604,0.999994246583477,0.999994246583477,49.41375972869,0.0,49.97745969328279,0.0,45.59508052466962,0.0,45.30267799765417,0.0,0.0,0.0,0.0,0.0,0.0,0.0
10.0,3.05775288764438,0.0033921928952985,0.0033921928764711,0.999994246487562,0.999994246487562,49.41375972222232,0.0,49.97745914005529,0.0,45.59508052243559,0.0,45.30267795764667,0.0,0.0,0.0,0.0,0.0,0.0,0.0
10.0,3.05800290014501,0.0033922211738623,0.0033922211550405,0.999994246391639,0.999994246391639,49.41375971575399,0.0,49.97745859049767,0.0,45.59508052020137,0.0,45.30267791763592,0.0,0.0,0.0,0.0,0.0,0.0,0.0
10.0,3.05825291264563,0.0033922494544848,0.0033922494356686,0.999994246295708,0.999994246295708,49.41375970928504,0.0,49.9774580445539,0.0,45.59508051796697,0.0,45.30267787762191,0.0,0.0,0.0,0.0,0.0,0.0,0.0
10.0,3.05850292514626,0.0033922777371659,0.0033922777183554,0.99999424619977,0.999994246199769,49.41375970281545,0.0,49.97745750216912,0.0,45.59508051573239,0.0,45.302677837604655,0.0,0.0,0.0,0.0,0.0,0.0,0.0
10.0,3.05875293764688,0.0033923060219055,0.0033923060031006,0.999994246103824,0.999994246103823,49.41375969634523,0.0,49.97745696328951,0.0,45.59508051349762,0.0,45.30267779758414,0.0,0.0,0.0,0.0,0.0,0.0,0.0
10.0,3.05900295014751,0.0033923343087037,0.0033923342899044,0.999994246007869,0.999994246007869,49.413759689874375,0.0,49.97745642786237,0.0,45.59508051126267,0.0,45.302677757560375,0.0,0.0,0.0,0.0,0.0,0.0,0.0
10.0,3.05925296264813,0.0033923625975603,0.0033923625787666,0.9999942459119072,0.999994245911907,49.413759683402894,0.0,49.97745589583602,0.0,45.59508050902755,0.0,45.30267771753335,0.0,0.0,0.0,0.0,0.0,0.0,0.0
10.0,3.05950297514876,0.0033923908884753,0.0033923908696872,0.999994245815938,0.9999942458159372,49.41375967693077,0.0,49.97745536715985,0.0,45.59508050679223,0.0,45.30267767750308,0.0,0.0,0.0,0.0,0.0,0.0,0.0
10.0,3.05975298764938,0.0033924191814487,0.0033924191626661,0.999994245719961,0.99999424571996,49.41375967045803,0.0,49.97745484178417,0.0,45.59508050455673,0.0,45.30267763746955,0.0,0.0,0.0,0.0,0.0,0.0,0.0
10.0,3.06000300015001,0.0033924474764803,0.0033924474577034,0.9999942456239752,0.9999942456239752,49.41375966398465,0.0,49.97745431966033,0.0,45.59508050232105,0.0,45.30267759743277,0.0,0.0,0.0,0.0,0.0,0.0,0.0
10.0,3.06025301265063,0.0033924757735701,0.0033924757547988,0.999994245527982,0.999994245527982,49.413759657510624,0.0,49.97745380074059,0.0,45.59508050008518,0.0,45.30267755739274,0.0,0.0,0.0,0.0,0.0,0.0,0.0
10.0,3.06050302515126,0.0033925040727181,0.0033925040539524,0.999994245431981,0.999994245431981,49.41375965103598,0.0,49.97745328497814,0.0,45.59508049784914,0.0,45.30267751734945,0.0,0.0,0.0,0.0,0.0,0.0,0.0
10.0,3.06075303765188,0.0033925323739242,0.0033925323551641,0.999994245335973,0.999994245335972,49.4137596445607,0.0,49.97745277232709,0.0,45.5950804956129,0.0,45.30267747730291,0.0,0.0,0.0,0.0,0.0,0.0,0.0
10.0,3.06100305015251,0.0033925606771884,0.0033925606584339,0.999994245239956,0.999994245239956,49.413759638084784,0.0,49.9774522627424,0.0,45.595080493376486,0.0,45.30267743725312,0.0,0.0,0.0,0.0,0.0,0.0,0.0
10.0,3.06125306265313,0.0033925889825106,0.0033925889637616,0.999994245143932,0.999994245143932,49.41375963160824,0.0,49.97745175617992,0.0,45.595080491139896,0.0,45.302677397200064,0.0,0.0,0.0,0.0,0.0,0.0,0.0
10.0,3.06150307515376,0.0033926172898907,0.0033926172711473,0.9999942450479,0.9999942450479,49.41375962513106,0.0,49.977451252596346,0.0,45.59508048890312,0.0,45.30267735714376,0.0,0.0,0.0,0.0,0.0,0.0,0.0
10.0,3.06175308765438,0.0033926455993287,0.0033926455805909,0.999994244951861,0.99999424495186,49.41375961865325,0.0,49.97745075194916,0.0,45.59508048666615,0.0,45.3026773170842,0.0,0.0,0.0,0.0,0.0,0.0,0.0
10.0,3.06200310015501,0.0033926739108245,0.0033926738920923,0.9999942448558128,0.9999942448558128,49.4137596121748,0.0,49.97745025419667,0.0,45.595080484429005,0.0,45.3026772770214,0.0,0.0,0.0,0.0,0.0,0.0,0.0
10.0,3.06225311265563,0.0033927022243781,0.0033927022056515,0.999994244759758,0.999994244759757,49.41375960569573,0.0,49.97744975929794,0.0,45.59508048219168,0.0,45.30267723695533,0.0,0.0,0.0,0.0,0.0,0.0,0.0
10.0,3.06250312515626,0.0033927305399894,0.0033927305212685,0.9999942446636948,0.999994244663694,49.41375959921602,0.0,49.97744926721283,0.0,45.59508047995416,0.0,45.30267719688602,0.0,0.0,0.0,0.0,0.0,0.0,0.0
10.0,3.06275313765688,0.0033927588576584,0.003392758838943,0.999994244567624,0.9999942445676228,49.41375959273568,0.0,49.97744877790195,0.0,45.59508047771647,0.0,45.30267715681345,0.0,0.0,0.0,0.0,0.0,0.0,0.0
10.0,3.06300315015751,0.003392787177385,0.0033927871586752,0.999994244471545,0.999994244471545,49.4137595862547,0.0,49.97744829132658,0.0,45.5950804754786,0.0,45.30267711673763,0.0,0.0,0.0,0.0,0.0,0.0,0.0
10.0,3.06325316265813,0.0033928154991692,0.003392815480465,0.999994244375459,0.999994244375458,49.4137595797731,0.0,49.977447807448776,0.0,45.59508047324053,0.0,45.30267707665856,0.0,0.0,0.0,0.0,0.0,0.0,0.0
10.0,3.06350317515876,0.0033928438230108,0.0033928438043122,0.9999942442793652,0.999994244279364,49.41375957329085,0.0,49.977447326231264,0.0,45.59508047100229,0.0,45.30267703657623,0.0,0.0,0.0,0.0,0.0,0.0,0.0
10.0,3.0637531876593807,0.0033928721489099,0.0033928721302169,0.9999942441832632,0.999994244183262,49.41375956680798,0.0,49.97744684763744,0.0,45.595080468763854,0.0,45.302676996490646,0.0,0.0,0.0,0.0,0.0,0.0,0.0
10.0,3.06400320016001,0.0033929004768664,0.0033929004581789,0.9999942440871528,0.999994244087152,49.41375956032447,0.0,49.97744637163139,0.0,45.595080466525246,0.0,45.30267695640182,0.0,0.0,0.0,0.0,0.0,0.0,0.0
10.0,3.06425321266063,0.0033929288068802,0.0033929287881983,0.9999942439910348,0.999994243991035,49.41375955384033,0.0,49.977445898177805,0.0,45.59508046428645,0.0,45.302676916309714,0.0,0.0,0.0,0.0,0.0,0.0,0.0
10.0,3.06450322516126,0.0033929571389512,0.0033929571202749,0.99999424389491,0.999994243894909,49.41375954735555,0.0,49.97744542724208,0.0,45.59508046204748,0.0,45.30267687621438,0.0,0.0,0.0,0.0,0.0,0.0,0.0
10.0,3.06475323766188,0.0033929854730795,0.0033929854544088,0.999994243798777,0.999994243798776,49.41375954087015,0.0,49.97744495879016,0.0,45.59508045980832,0.0,45.30267683611578,0.0,0.0,0.0,0.0,0.0,0.0,0.0
10.0,3.06500325016251,0.003393013809265,0.0033930137905999,0.999994243702636,0.9999942437026352,49.41375953438411,0.0,49.97744449278864,0.0,45.59508045756897,0.0,45.302676796013934,0.0,0.0,0.0,0.0,0.0,0.0,0.0
10.0,3.06525326266313,0.0033930421475075,0.003393042128848,0.9999942436064873,0.9999942436064873,49.41375952789744,0.0,49.97744402920469,0.0,45.595080455329445,0.0,45.30267675590882,0.0,0.0,0.0,0.0,0.0,0.0,0.0
10.0,3.06550327516376,0.0033930704878071,0.0033930704691532,0.999994243510331,0.9999942435103298,49.413759521410135,0.0,49.97744356800607,0.0,45.595080453089736,0.0,45.30267671580047,0.0,0.0,0.0,0.0,0.0,0.0,0.0
10.0,3.0657532876643794,0.0033930988301637,0.0033930988115154,0.999994243414166,0.999994243414166,49.4137595149222,0.0,49.97744310916109,0.0,45.59508045084984,0.0,45.30267667568887,0.0,0.0,0.0,0.0,0.0,0.0,0.0
10.0,3.06600330016501,0.0033931271745773,0.0033931271559345,0.999994243317994,0.999994243317994,49.41375950843362,0.0,49.97744265263865,0.0,45.59508044860977,0.0,45.302676635574,0.0,0.0,0.0,0.0,0.0,0.0,0.0
10.0,3.06625331266563,0.0033931555210477,0.0033931555024105,0.999994243221814,0.999994243221814,49.41375950194441,0.0,49.97744219840815,0.0,45.59508044636952,0.0,45.30267659545588,0.0,0.0,0.0,0.0,0.0,0.0,0.0
10.0,3.06650332516626,0.0033931838695749,0.0033931838509433,0.999994243125627,0.999994243125626,49.413759495454585,0.0,49.97744174643954,0.0,45.59508044412907,0.0,45.30267655533451,0.0,0.0,0.0,0.0,0.0,0.0,0.0
10.0,3.06675333766688,0.003393212220159,0.0033932122015329,0.999994243029431,0.9999942430294312,49.4137594889641,0.0,49.9774412967033,0.0,45.59508044188844,0.0,45.30267651520989,0.0,0.0,0.0,0.0,0.0,0.0,0.0
10.0,3.0670033501675102,0.0033932405727997,0.0033932405541792,0.999994242933228,0.999994242933228,49.413759482473,0.0,49.97744084917042,0.0,45.59508043964763,0.0,45.30267647508201,0.0,0.0,0.0,0.0,0.0,0.0,0.0
10.0,3.06725336266813,0.0033932689274971,0.0033932689088822,0.999994242837017,0.9999942428370168,49.41375947598126,0.0,49.97744040381235,0.0,45.59508043740664,0.0,45.30267643495088,0.0,0.0,0.0,0.0,0.0,0.0,0.0
10.0,3.06750337516876,0.0033932972842511,0.0033932972656417,0.999994242740799,0.999994242740798,49.41375946948889,0.0,49.97743996060107,0.0,45.59508043516547,0.0,45.3026763948165,0.0,0.0,0.0,0.0,0.0,0.0,0.0
10.0,3.06775338766938,0.0033933256430616,0.0033933256244579,0.999994242644572,0.999994242644571,49.41375946299589,0.0,49.97743951950901,0.0,45.595080432924114,0.0,45.30267635467886,0.0,0.0,0.0,0.0,0.0,0.0,0.0
10.0,3.06800340017001,0.0033933540039286,0.0033933539853305,0.999994242548338,0.9999942425483368,49.413759456502255,0.0,49.977439080509086,0.0,45.59508043068257,0.0,45.30267631453797,0.0,0.0,0.0,0.0,0.0,0.0,0.0
10.0,3.06825341267063,0.0033933823668521,0.0033933823482595,0.999994242452096,0.999994242452095,49.41375945000797,0.0,49.97743864357465,0.0,45.59508042844085,0.0,45.30267627439383,0.0,0.0,0.0,0.0,0.0,0.0,0.0
10.0,3.06850342517126,0.0033934107318319,0.0033934107132449,0.999994242355846,0.9999942423558448,49.413759443513065,0.0,49.97743820867952,0.0,45.59508042619894,0.0,45.30267623424643,0.0,0.0,0.0,0.0,0.0,0.0,0.0
10.0,3.06875343767188,0.0033934390988681,0.0033934390802866,0.999994242259588,0.999994242259588,49.41375943701753,0.0,49.97743777579795,0.0,45.59508042395685,0.0,45.30267619409578,0.0,0.0,0.0,0.0,0.0,0.0,0.0
10.0,3.06900345017251,0.0033934674679605,0.0033934674493847,0.999994242163323,0.999994242163322,49.41375943052136,0.0,49.9774373449046,0.0,45.59508042171458,0.0,45.302676153941874,0.0,0.0,0.0,0.0,0.0,0.0,0.0
10.0,3.06925346267313,0.0033934958391092,0.0033934958205389,0.999994242067049,0.999994242067049,49.41375942402456,0.0,49.97743691597457,0.0,45.595080419472126,0.0,45.30267611378472,0.0,0.0,0.0,0.0,0.0,0.0,0.0
10.0,3.06950347517376,0.003393524212314,0.0033935241937492,0.999994241970768,0.999994241970768,49.41375941752712,0.0,49.97743648898337,0.0,45.59508041722948,0.0,45.30267607362431,0.0,0.0,0.0,0.0,0.0,0.0,0.0
10.0,3.06975348767438,0.0033935525875749,0.0033935525690157,0.999994241874479,0.999994241874479,49.41375941102904,0.0,49.97743606390691,0.0,45.59508041498666,0.0,45.30267603346065,0.0,0.0,0.0,0.0,0.0,0.0,0.0
10.0,3.07000350017501,0.0033935809648918,0.0033935809463382,0.999994241778183,0.999994241778183,49.413759404530325,0.0,49.97743564072149,0.0,45.595080412743656,0.0,45.302675993293725,0.0,0.0,0.0,0.0,0.0,0.0,0.0
10.0,3.07025351267563,0.0033936093442648,0.0033936093257167,0.999994241681879,0.999994241681878,49.41375939803099,0.0,49.9774352194038,0.0,45.59508041050047,0.0,45.30267595312356,0.0,0.0,0.0,0.0,0.0,0.0,0.0
10.0,3.07050352517626,0.0033936377256936,0.0033936377071511,0.999994241585566,0.999994241585566,49.413759391531016,0.0,49.97743479993091,0.0,45.5950804082571,0.0,45.302675912950136,0.0,0.0,0.0,0.0,0.0,0.0,0.0
10.0,3.07075353767688,0.0033936661091784,0.0033936660906414,0.999994241489246,0.999994241489246,49.41375938503042,0.0,49.977434382280265,0.0,45.59508040601354,0.0,45.30267587277346,0.0,0.0,0.0,0.0,0.0,0.0,0.0
10.0,3.07100355017751,0.0033936944947189,0.0033936944761876,0.9999942413929191,0.999994241392918,49.41375937852917,0.0,49.97743396642965,0.0,45.5950804037698,0.0,45.30267583259353,0.0,0.0,0.0,0.0,0.0,0.0,0.0
10.0,3.07125356267813,0.0033937228823152,0.0033937228637894,0.9999942412965828,0.9999942412965828,49.41375937202729,0.0,49.97743355235725,0.0,45.59508040152589,0.0,45.30267579241035,0.0,0.0,0.0,0.0,0.0,0.0,0.0
10.0,3.07150357517876,0.0033937512719673,0.003393751253447,0.99999424120024,0.999994241200239,49.41375936552478,0.0,49.97743314004154,0.0,45.59508039928178,0.0,45.30267575222391,0.0,0.0,0.0,0.0,0.0,0.0,0.0
10.0,3.07175358767938,0.0033937796636749,0.0033937796451603,0.999994241103889,0.999994241103888,49.41375935902164,0.0,49.9774327294614,0.0,45.595080397037485,0.0,45.302675712034215,0.0,0.0,0.0,0.0,0.0,0.0,0.0
10.0,3.07200360018001,0.0033938080574382,0.0033938080389291,0.99999424100753,0.99999424100753,49.41375935251787,0.0,49.977432320596,0.0,45.595080394793015,0.0,45.30267567184128,0.0,0.0,0.0,0.0,0.0,0.0,0.0
10.0,3.07225361268063,0.003393836453257,0.0033938364347535,0.999994240911163,0.999994240911163,49.41375934601346,0.0,49.97743191342485,0.0,45.59508039254836,0.0,45.30267563164508,0.0,0.0,0.0,0.0,0.0,0.0,0.0
10.0,3.0725036251812594,0.0033938648511313,0.0033938648326334,0.999994240814789,0.999994240814788,49.41375933950841,0.0,49.977431507927776,0.0,45.59508039030353,0.0,45.302675591445634,0.0,0.0,0.0,0.0,0.0,0.0,0.0
10.0,3.07275363768188,0.0033938932510611,0.0033938932325687,0.9999942407184071,0.999994240718406,49.41375933300273,0.0,49.97743110408496,0.0,45.595080388058506,0.0,45.30267555124293,0.0,0.0,0.0,0.0,0.0,0.0,0.0
10.0,3.07300365018251,0.0033939216530462,0.0033939216345593,0.999994240622017,0.999994240622016,49.41375932649642,0.0,49.97743070187685,0.0,45.59508038581331,0.0,45.30267551103697,0.0,0.0,0.0,0.0,0.0,0.0,0.0
10.0,3.07325366268313,0.0033939500570866,0.0033939500386053,0.9999942405256192,0.999994240525618,49.413759319989474,0.0,49.9774303012842,0.0,45.59508038356792,0.0,45.30267547082776,0.0,0.0,0.0,0.0,0.0,0.0,0.0
10.0,3.07350367518376,0.0033939784631823,0.0033939784447065,0.999994240429213,0.999994240429213,49.4137593134819,0.0,49.97742990228809,0.0,45.59508038132235,0.0,45.302675430615295,0.0,0.0,0.0,0.0,0.0,0.0,0.0
10.0,3.07375368768438,0.0033940068713332,0.003394006852863,0.9999942403328,0.999994240332799,49.41375930697368,0.0,49.97742950486986,0.0,45.5950803790766,0.0,45.30267539039959,0.0,0.0,0.0,0.0,0.0,0.0,0.0
10.0,3.07400370018501,0.0033940352815392,0.0033940352630746,0.999994240236379,0.999994240236378,49.413759300464825,0.0,49.97742910901115,0.0,45.595080376830666,0.0,45.30267535018061,0.0,0.0,0.0,0.0,0.0,0.0,0.0
10.0,3.07425371268563,0.0033940636938003,0.0033940636753412,0.99999424013995,0.99999424013995,49.413759293955344,0.0,49.977428714693886,0.0,45.59508037458455,0.0,45.30267530995838,0.0,0.0,0.0,0.0,0.0,0.0,0.0
10.0,3.07450372518626,0.0033940921081165,0.003394092089663,0.999994240043513,0.999994240043513,49.41375928744524,0.0,49.97742832190029,0.0,45.595080372338245,0.0,45.30267526973292,0.0,0.0,0.0,0.0,0.0,0.0,0.0
10.0,3.0747537376868794,0.0033941205244876,0.0033941205060397,0.999994239947069,0.999994239947068,49.413759280934485,0.0,49.977427930612784,0.0,45.59508037009176,0.0,45.30267522950418,0.0,0.0,0.0,0.0,0.0,0.0,0.0
10.0,3.07500375018751,0.0033941489429137,0.0033941489244713,0.9999942398506168,0.999994239850616,49.4137592744231,0.0,49.97742754081413,0.0,45.59508036784509,0.0,45.30267518927221,0.0,0.0,0.0,0.0,0.0,0.0,0.0
10.0,3.07525376268813,0.0033941773633947,0.0033941773449578,0.999994239754156,0.999994239754156,49.41375926791108,0.0,49.97742715248733,0.0,45.59508036559824,0.0,45.30267514903697,0.0,0.0,0.0,0.0,0.0,0.0,0.0
10.0,3.07550377518876,0.0033942057859304,0.0033942057674991,0.9999942396576889,0.999994239657688,49.413759261398425,0.0,49.97742676561561,0.0,45.59508036335121,0.0,45.30267510879848,0.0,0.0,0.0,0.0,0.0,0.0,0.0
10.0,3.07575378768938,0.0033942342105209,0.0033942341920951,0.999994239561213,0.999994239561213,49.41375925488515,0.0,49.977426380182486,0.0,45.59508036110399,0.0,45.30267506855674,0.0,0.0,0.0,0.0,0.0,0.0,0.0
10.0,3.07600380019001,0.0033942626371661,0.0033942626187459,0.9999942394647292,0.999994239464729,49.41375924837122,0.0,49.97742599617169,0.0,45.595080358856585,0.0,45.30267502831174,0.0,0.0,0.0,0.0,0.0,0.0,0.0
10.0,3.07625381269063,0.003394291065866,0.0033942910474513,0.999994239368238,0.999994239368238,49.41375924185667,0.0,49.97742561356722,0.0,45.59508035660901,0.0,45.30267498806349,0.0,0.0,0.0,0.0,0.0,0.0,0.0
10.0,3.07650382519126,0.0033943194966204,0.0033943194782113,0.9999942392717392,0.9999942392717392,49.41375923534148,0.0,49.9774252323533,0.0,45.59508035436124,0.0,45.302674947812,0.0,0.0,0.0,0.0,0.0,0.0,0.0
10.0,3.07675383769188,0.0033943479294294,0.0033943479110258,0.999994239175233,0.999994239175232,49.41375922882565,0.0,49.97742485251438,0.0,45.59508035211329,0.0,45.30267490755723,0.0,0.0,0.0,0.0,0.0,0.0,0.0
10.0,3.07700385019251,0.0033943763642929,0.0033943763458948,0.999994239078718,0.999994239078718,49.4137592223092,0.0,49.977424474035146,0.0,45.59508034986516,0.0,45.30267486729923,0.0,0.0,0.0,0.0,0.0,0.0,0.0
10.0,3.07725386269313,0.0033944048012107,0.0033944047828182,0.999994238982196,0.999994238982195,49.413759215792105,0.0,49.977424096900506,0.0,45.59508034761684,0.0,45.30267482703797,0.0,0.0,0.0,0.0,0.0,0.0,0.0
10.0,3.07750387519376,0.003394433240183,0.003394433221796,0.999994238885666,0.999994238885665,49.41375920927437,0.0,49.9774237210956,0.0,45.59508034536835,0.0,45.30267478677345,0.0,0.0,0.0,0.0,0.0,0.0,0.0
10.0,3.07775388769438,0.0033944616812095,0.0033944616628281,0.999994238789128,0.9999942387891272,49.41375920275602,0.0,49.97742334660576,0.0,45.59508034311966,0.0,45.30267474650569,0.0,0.0,0.0,0.0,0.0,0.0,0.0
10.0,3.07800390019501,0.0033944901242903,0.0033944901059144,0.999994238692582,0.999994238692582,49.41375919623702,0.0,49.977422973416544,0.0,45.5950803408708,0.0,45.30267470623466,0.0,0.0,0.0,0.0,0.0,0.0,0.0
10.0,3.07825391269563,0.0033945185694253,0.003394518551055,0.9999942385960292,0.999994238596028,49.4137591897174,0.0,49.97742260151373,0.0,45.59508033862175,0.0,45.30267466596039,0.0,0.0,0.0,0.0,0.0,0.0,0.0
10.0,3.07850392519626,0.0033945470166145,0.0033945469982497,0.999994238499468,0.999994238499467,49.41375918319713,0.0,49.97742223088326,0.0,45.59508033637252,0.0,45.30267462568286,0.0,0.0,0.0,0.0,0.0,0.0,0.0
10.0,3.07875393769688,0.0033945754658577,0.0033945754474984,0.999994238402898,0.999994238402898,49.41375917667623,0.0,49.97742186151134,0.0,45.595080334123104,0.0,45.30267458540208,0.0,0.0,0.0,0.0,0.0,0.0,0.0
10.0,3.07900395019751,0.003394603917155,0.0033946038988012,0.999994238306322,0.999994238306321,49.4137591701547,0.0,49.97742149338432,0.0,45.595080331873504,0.0,45.30267454511805,0.0,0.0,0.0,0.0,0.0,0.0,0.0
10.0,3.0792539626981394,0.0033946323705062,0.003394632352158,0.999994238209737,0.999994238209736,49.41375916363252,0.0,49.97742112648875,0.0,45.59508032962372,0.0,45.30267450483077,0.0,0.0,0.0,0.0,0.0,0.0,0.0
10.0,3.07950397519876,0.0033946608259114,0.0033946608075687,0.999994238113145,0.999994238113144,49.41375915710972,0.0,49.977420760811405,0.0,45.59508032737376,0.0,45.30267446454023,0.0,0.0,0.0,0.0,0.0,0.0,0.0
10.0,3.07975398769939,0.0033946892833704,0.0033946892650332,0.999994238016544,0.999994238016544,49.41375915058629,0.0,49.97742039633922,0.0,45.59508032512362,0.0,45.30267442424643,0.0,0.0,0.0,0.0,0.0,0.0,0.0
10.0,3.08000400020001,0.0033947177428832,0.0033947177245516,0.999994237919937,0.999994237919936,49.41375914406222,0.0,49.9774200330593,0.0,45.59508032287329,0.0,45.30267438394939,0.0,0.0,0.0,0.0,0.0,0.0,0.0
10.0,3.08025401270063,0.0033947462044498,0.0033947461861237,0.999994237823321,0.99999423782332,49.413759137537504,0.0,49.977419670958966,0.0,45.59508032062277,0.0,45.30267434364909,0.0,0.0,0.0,0.0,0.0,0.0,0.0
10.0,3.08050402520126,0.00339477466807,0.0033947746497495,0.9999942377266968,0.9999942377266968,49.41375913101216,0.0,49.977419310025695,0.0,45.59508031837208,0.0,45.30267430334553,0.0,0.0,0.0,0.0,0.0,0.0,0.0
10.0,3.08075403770189,0.0033948031337439,0.0033948031154289,0.999994237630066,0.999994237630066,49.41375912448619,0.0,49.977418950247134,0.0,45.5950803161212,0.0,45.30267426303873,0.0,0.0,0.0,0.0,0.0,0.0,0.0
10.0,3.08100405020251,0.0033948316014714,0.0033948315831619,0.999994237533427,0.9999942375334268,49.41375911795959,0.0,49.977418591611126,0.0,45.595080313870135,0.0,45.30267422272868,0.0,0.0,0.0,0.0,0.0,0.0,0.0
10.0,3.08125406270314,0.0033948600712524,0.0033948600529485,0.99999423743678,0.99999423743678,49.413759111432334,0.0,49.977418234105656,0.0,45.59508031161889,0.0,45.30267418241536,0.0,0.0,0.0,0.0,0.0,0.0,0.0
10.0,3.0815040752037595,0.0033948885430869,0.0033948885247885,0.999994237340125,0.9999942373401248,49.41375910490446,0.0,49.97741787771888,0.0,45.595080309367454,0.0,45.3026741420988,0.0,0.0,0.0,0.0,0.0,0.0,0.0
10.0,3.08175408770439,0.0033949170169748,0.0033949169986819,0.999994237243463,0.999994237243463,49.413759098375934,0.0,49.97741752243912,0.0,45.59508030711584,0.0,45.302674101778976,0.0,0.0,0.0,0.0,0.0,0.0,0.0
10.0,3.08200410020501,0.003394945492916,0.0033949454746287,0.999994237146793,0.999994237146792,49.41375909184679,0.0,49.97741716825486,0.0,45.59508030486405,0.0,45.30267406145591,0.0,0.0,0.0,0.0,0.0,0.0,0.0
10.0,3.08225411270563,0.0033949739709106,0.0033949739526287,0.9999942370501148,0.9999942370501148,49.41375908531701,0.0,49.97741681515475,0.0,45.59508030261208,0.0,45.30267402112958,0.0,0.0,0.0,0.0,0.0,0.0,0.0
10.0,3.08250412520626,0.0033950024509583,0.0033950024326821,0.999994236953429,0.9999942369534291,49.41375907878659,0.0,49.977416463127575,0.0,45.59508030035991,0.0,45.30267398080001,0.0,0.0,0.0,0.0,0.0,0.0,0.0
10.0,3.08275413770689,0.0033950309330593,0.0033950309147886,0.999994236856736,0.999994236856735,49.41375907225554,0.0,49.977416112162274,0.0,45.59508029810757,0.0,45.30267394046718,0.0,0.0,0.0,0.0,0.0,0.0,0.0
10.0,3.08300415020751,0.0033950594172134,0.0033950593989482,0.999994236760034,0.999994236760034,49.413759065723845,0.0,49.97741576224795,0.0,45.59508029585504,0.0,45.3026739001311,0.0,0.0,0.0,0.0,0.0,0.0,0.0
10.0,3.08325416270814,0.0033950879034206,0.0033950878851609,0.999994236663325,0.999994236663325,49.41375905919152,0.0,49.97741541337385,0.0,45.59508029360233,0.0,45.30267385979176,0.0,0.0,0.0,0.0,0.0,0.0,0.0
10.0,3.08350417520876,0.0033951163916808,0.0033951163734267,0.999994236566608,0.999994236566608,49.41375905265856,0.0,49.97741506552935,0.0,45.59508029134944,0.0,45.30267381944917,0.0,0.0,0.0,0.0,0.0,0.0,0.0
10.0,3.08375418770939,0.003395144881994,0.0033951448637454,0.999994236469884,0.999994236469883,49.413759046124966,0.0,49.97741471870398,0.0,45.59508028909636,0.0,45.30267377910332,0.0,0.0,0.0,0.0,0.0,0.0,0.0
10.0,3.08400420021001,0.0033951733743601,0.003395173356117,0.999994236373151,0.9999942363731508,49.41375903959074,0.0,49.9774143728874,0.0,45.5950802868431,0.0,45.30267373875423,0.0,0.0,0.0,0.0,0.0,0.0,0.0
10.0,3.08425421271064,0.0033952018687791,0.0033952018505414,0.999994236276411,0.999994236276411,49.41375903305587,0.0,49.97741402806943,0.0,45.595080284589656,0.0,45.30267369840188,0.0,0.0,0.0,0.0,0.0,0.0,0.0
10.0,3.08450422521126,0.0033952303652508,0.0033952303470187,0.9999942361796632,0.9999942361796632,49.41375902652037,0.0,49.977413684240005,0.0,45.59508028233603,0.0,45.302673658046274,0.0,0.0,0.0,0.0,0.0,0.0,0.0
10.0,3.08475423771189,0.0033952588637753,0.0033952588455487,0.9999942360829072,0.9999942360829072,49.41375901998424,0.0,49.97741334138918,0.0,45.595080280082215,0.0,45.30267361768743,0.0,0.0,0.0,0.0,0.0,0.0,0.0
10.0,3.08500425021251,0.0033952873643524,0.0033952873461314,0.999994235986144,0.999994235986143,49.41375901344748,0.0,49.97741299950717,0.0,45.59508027782823,0.0,45.30267357732532,0.0,0.0,0.0,0.0,0.0,0.0,0.0
10.0,3.08525426271314,0.0033953158669822,0.0033953158487667,0.999994235889372,0.999994235889372,49.41375900691008,0.0,49.97741265858431,0.0,45.595080275574055,0.0,45.30267353695995,0.0,0.0,0.0,0.0,0.0,0.0,0.0
10.0,3.08550427521376,0.0033953443716646,0.0033953443534545,0.999994235792593,0.999994235792593,49.413759000372025,0.0,49.97741231861104,0.0,45.595080273319695,0.0,45.30267349659135,0.0,0.0,0.0,0.0,0.0,0.0,0.0
10.0,3.08575428771439,0.0033953728783995,0.003395372860195,0.999994235695806,0.999994235695806,49.41375899383335,0.0,49.977411979577965,0.0,45.59508027106515,0.0,45.30267345621948,0.0,0.0,0.0,0.0,0.0,0.0,0.0
10.0,3.08600430021501,0.0033954013871868,0.0033954013689878,0.999994235599011,0.9999942355990112,49.413758987294045,0.0,49.97741164147577,0.0,45.59508026881043,0.0,45.30267341584435,0.0,0.0,0.0,0.0,0.0,0.0,0.0
10.0,3.08625431271564,0.0033954298980266,0.0033954298798331,0.999994235502209,0.999994235502208,49.4137589807541,0.0,49.97741130429528,0.0,45.59508026655552,0.0,45.30267337546599,0.0,0.0,0.0,0.0,0.0,0.0,0.0
10.0,3.08650432521626,0.0033954584109187,0.0033954583927307,0.999994235405399,0.999994235405398,49.41375897421352,0.0,49.97741096802745,0.0,45.59508026430043,0.0,45.30267333508436,0.0,0.0,0.0,0.0,0.0,0.0,0.0
10.0,3.08675433771689,0.0033954869258631,0.0033954869076806,0.99999423530858,0.99999423530858,49.4137589676723,0.0,49.97741063266332,0.0,45.59508026204516,0.0,45.30267329469948,0.0,0.0,0.0,0.0,0.0,0.0,0.0
10.0,3.08700435021751,0.0033955154428597,0.0033955154246827,0.999994235211755,0.999994235211754,49.41375896113045,0.0,49.97741029819407,0.0,45.5950802597897,0.0,45.30267325431135,0.0,0.0,0.0,0.0,0.0,0.0,0.0
10.0,3.08725436271814,0.0033955439619085,0.0033955439437371,0.9999942351149212,0.99999423511492,49.41375895458797,0.0,49.977409964610985,0.0,45.59508025753406,0.0,45.30267321391996,0.0,0.0,0.0,0.0,0.0,0.0,0.0
10.0,3.08750437521876,0.0033955724830094,0.0033955724648435,0.999994235018079,0.999994235018079,49.41375894804484,0.0,49.97740963190546,0.0,45.59508025527823,0.0,45.30267317352532,0.0,0.0,0.0,0.0,0.0,0.0,0.0
10.0,3.08775438771939,0.0033956010061624,0.003395600988002,0.99999423492123,0.99999423492123,49.41375894150107,0.0,49.977409300069006,0.0,45.59508025302223,0.0,45.30267313312743,0.0,0.0,0.0,0.0,0.0,0.0,0.0
10.0,3.08800440022001,0.0033956295313674,0.0033956295132125,0.999994234824373,0.999994234824373,49.41375893495668,0.0,49.977408969093226,0.0,45.59508025076604,0.0,45.30267309272629,0.0,0.0,0.0,0.0,0.0,0.0,0.0
10.0,3.0882544127206395,0.0033956580586244,0.003395658040475,0.999994234727508,0.999994234727508,49.41375892841166,0.0,49.977408638969855,0.0,45.59508024850967,0.0,45.302673052321886,0.0,0.0,0.0,0.0,0.0,0.0,0.0
10.0,3.08850442522126,0.0033956865879333,0.0033956865697894,0.999994234630636,0.999994234630636,49.413758921866,0.0,49.977408309690695,0.0,45.59508024625311,0.0,45.30267301191424,0.0,0.0,0.0,0.0,0.0,0.0,0.0
10.0,3.08875443772189,0.003395715119294,0.0033957151011556,0.999994234533756,0.999994234533755,49.4137589153197,0.0,49.97740798124768,0.0,45.59508024399637,0.0,45.30267297150334,0.0,0.0,0.0,0.0,0.0,0.0,0.0
10.0,3.08900445022251,0.0033957436527065,0.0033957436345736,0.999994234436867,0.999994234436867,49.41375890877276,0.0,49.97740765363284,0.0,45.59508024173945,0.0,45.302672931089184,0.0,0.0,0.0,0.0,0.0,0.0,0.0
10.0,3.08925446272314,0.0033957721881707,0.0033957721700433,0.999994234339972,0.9999942343399713,49.41375890222519,0.0,49.97740732683828,0.0,45.59508023948234,0.0,45.30267289067177,0.0,0.0,0.0,0.0,0.0,0.0,0.0
10.0,3.08950447522376,0.0033958007256867,0.0033958007075648,0.999994234243068,0.999994234243068,49.413758895676985,0.0,49.97740700085625,0.0,45.595080237225055,0.0,45.3026728502511,0.0,0.0,0.0,0.0,0.0,0.0,0.0
10.0,3.08975448772439,0.0033958292652542,0.0033958292471378,0.9999942341461568,0.999994234146156,49.41375888912815,0.0,49.977406675679056,0.0,45.595080234967575,0.0,45.30267280982719,0.0,0.0,0.0,0.0,0.0,0.0,0.0
10.0,3.09000450022501,0.0033958578068733,0.0033958577887624,0.999994234049237,0.999994234049237,49.41375888257866,0.0,49.97740635129912,0.0,45.595080232709925,0.0,45.30267276940002,0.0,0.0,0.0,0.0,0.0,0.0,0.0
10.0,3.09025451272564,0.0033958863505439,0.0033958863324385,0.99999423395231,0.99999423395231,49.41375887602855,0.0,49.97740602770892,0.0,45.59508023045209,0.0,45.3026727289696,0.0,0.0,0.0,0.0,0.0,0.0,0.0
10.0,3.0905045252262604,0.0033959148962659,0.0033959148781661,0.999994233855375,0.999994233855375,49.4137588694778,0.0,49.97740570490109,0.0,45.595080228194064,0.0,45.302672688535935,0.0,0.0,0.0,0.0,0.0,0.0,0.0
10.0,3.09075453772689,0.0033959434440394,0.003395943425945,0.999994233758433,0.999994233758432,49.41375886292642,0.0,49.9774053828683,0.0,45.59508022593587,0.0,45.302672648099005,0.0,0.0,0.0,0.0,0.0,0.0,0.0
10.0,3.09100455022751,0.0033959719938642,0.0033959719757753,0.999994233661482,0.999994233661482,49.41375885637439,0.0,49.977405061603335,0.0,45.59508022367748,0.0,45.30267260765882,0.0,0.0,0.0,0.0,0.0,0.0,0.0
10.0,3.09125456272814,0.0033960005457402,0.0033960005276569,0.999994233564524,0.999994233564524,49.41375884982174,0.0,49.97740474109905,0.0,45.5950802214189,0.0,45.30267256721539,0.0,0.0,0.0,0.0,0.0,0.0,0.0
10.0,3.09150457522876,0.0033960290996675,0.0033960290815897,0.999994233467558,0.999994233467558,49.41375884326845,0.0,49.97740442134842,0.0,45.59508021916015,0.0,45.3026725267687,0.0,0.0,0.0,0.0,0.0,0.0,0.0
10.0,3.09175458772939,0.003396057655646,0.0033960576375736,0.999994233370585,0.999994233370584,49.41375883671453,0.0,49.97740410234446,0.0,45.59508021690121,0.0,45.30267248631876,0.0,0.0,0.0,0.0,0.0,0.0,0.0
10.0,3.09200460023001,0.0033960862136756,0.0033960861956087,0.9999942332736028,0.9999942332736028,49.41375883015996,0.0,49.97740378408029,0.0,45.595080214642095,0.0,45.30267244586558,0.0,0.0,0.0,0.0,0.0,0.0,0.0
10.0,3.09225461273064,0.0033961147737563,0.0033961147556948,0.999994233176614,0.999994233176613,49.413758823604766,0.0,49.977403466549134,0.0,45.59508021238279,0.0,45.302672405409126,0.0,0.0,0.0,0.0,0.0,0.0,0.0
10.0,3.09250462523126,0.0033961433358879,0.003396143317832,0.999994233079617,0.999994233079616,49.41375881704892,0.0,49.977403149744255,0.0,45.59508021012331,0.0,45.30267236494944,0.0,0.0,0.0,0.0,0.0,0.0,0.0
10.0,3.09275463773189,0.0033961719000705,0.0033961718820201,0.999994232982612,0.9999942329826113,49.41375881049245,0.0,49.97740283365904,0.0,45.59508020786364,0.0,45.30267232448649,0.0,0.0,0.0,0.0,0.0,0.0,0.0
10.0,3.09300465023251,0.003396200466304,0.0033962004482591,0.999994232885599,0.999994232885599,49.41375880393535,0.0,49.97740251828692,0.0,45.595080205603786,0.0,45.30267228402028,0.0,0.0,0.0,0.0,0.0,0.0,0.0
10.0,3.09325466273314,0.0033962290345883,0.0033962290165489,0.999994232788579,0.999994232788578,49.4137587973776,0.0,49.97740220362141,0.0,45.59508020334376,0.0,45.30267224355082,0.0,0.0,0.0,0.0,0.0,0.0,0.0
10.0,3.09350467523376,0.0033962576049234,0.0033962575868895,0.9999942326915509,0.99999423269155,49.41375879081922,0.0,49.97740188965612,0.0,45.595080201083526,0.0,45.30267220307812,0.0,0.0,0.0,0.0,0.0,0.0,0.0
10.0,3.09375468773439,0.0033962861773092,0.0033962861592808,0.999994232594515,0.999994232594514,49.41375878426021,0.0,49.97740157638472,0.0,45.595080198823126,0.0,45.30267216260216,0.0,0.0,0.0,0.0,0.0,0.0,0.0
10.0,3.09400470023501,0.0033963147517457,0.0033963147337227,0.999994232497471,0.9999942324974712,49.413758777700565,0.0,49.97740126380095,0.0,45.59508019656254,0.0,45.30267212212294,0.0,0.0,0.0,0.0,0.0,0.0,0.0
10.0,3.09425471273564,0.0033963433282328,0.0033963433102153,0.999994232400419,0.999994232400419,49.41375877114027,0.0,49.97740095189865,0.0,45.59508019430178,0.0,45.30267208164047,0.0,0.0,0.0,0.0,0.0,0.0,0.0
10.0,3.09450472523626,0.0033963719067704,0.0033963718887585,0.99999423230336,0.99999423230336,49.41375876457935,0.0,49.977400640671696,0.0,45.595080192040825,0.0,45.30267204115475,0.0,0.0,0.0,0.0,0.0,0.0,0.0
10.0,3.09475473773689,0.0033964004873586,0.0033964004693521,0.9999942322062928,0.999994232206292,49.41375875801779,0.0,49.97740033011407,0.0,45.595080189779694,0.0,45.30267200066577,0.0,0.0,0.0,0.0,0.0,0.0,0.0
10.0,3.09500475023751,0.0033964290699972,0.0033964290519962,0.999994232109218,0.999994232109218,49.4137587514556,0.0,49.97740002021979,0.0,45.59508018751838,0.0,45.30267196017356,0.0,0.0,0.0,0.0,0.0,0.0,0.0
10.0,3.09525476273814,0.0033964576546862,0.0033964576366906,0.999994232012135,0.999994232012135,49.41375874489277,0.0,49.977399710982965,0.0,45.59508018525688,0.0,45.30267191967808,0.0,0.0,0.0,0.0,0.0,0.0,0.0
10.0,3.09550477523876,0.0033964862414255,0.0033964862234354,0.9999942319150448,0.999994231915044,49.41375873832929,0.0,49.97739940239776,0.0,45.5950801829952,0.0,45.30267187917934,0.0,0.0,0.0,0.0,0.0,0.0,0.0
10.0,3.09575478773939,0.0033965148302151,0.0033965148122305,0.999994231817947,0.999994231817946,49.41375873176519,0.0,49.97739909445843,0.0,45.595080180733326,0.0,45.30267183867736,0.0,0.0,0.0,0.0,0.0,0.0,0.0
10.0,3.0960048002400096,0.0033965434210549,0.0033965434030758,0.9999942317208412,0.99999423172084,49.41375872520045,0.0,49.97739878715928,0.0,45.59508017847128,0.0,45.30267179817212,0.0,0.0,0.0,0.0,0.0,0.0,0.0
10.0,3.09625481274064,0.0033965720139448,0.0033965719959712,0.999994231623727,0.999994231623726,49.41375871863507,0.0,49.97739848049466,0.0,45.595080176209045,0.0,45.30267175766362,0.0,0.0,0.0,0.0,0.0,0.0,0.0
10.0,3.09650482524126,0.0033966006088849,0.0033966005909167,0.9999942315266048,0.999994231526605,49.413758712069054,0.0,49.97739817445902,0.0,45.59508017394663,0.0,45.30267171715188,0.0,0.0,0.0,0.0,0.0,0.0,0.0
10.0,3.09675483774189,0.003396629205875,0.0033966291879123,0.999994231429476,0.999994231429475,49.41375870550242,0.0,49.97739786904686,0.0,45.595080171684025,0.0,45.30267167663688,0.0,0.0,0.0,0.0,0.0,0.0,0.0
10.0,3.09700485024251,0.0033966578049151,0.0033966577869579,0.999994231332339,0.999994231332338,49.41375869893513,0.0,49.97739756425273,0.0,45.59508016942125,0.0,45.30267163611864,0.0,0.0,0.0,0.0,0.0,0.0,0.0
10.0,3.0972548627431404,0.0033966864060051,0.0033966863880535,0.999994231235194,0.999994231235193,49.4137586923672,0.0,49.977397260071264,0.0,45.59508016715828,0.0,45.30267159559713,0.0,0.0,0.0,0.0,0.0,0.0,0.0
10.0,3.09750487524376,0.0033967150091451,0.0033967149911988,0.999994231138041,0.999994231138041,49.41375868579864,0.0,49.97739695649714,0.0,45.59508016489513,0.0,45.30267155507238,0.0,0.0,0.0,0.0,0.0,0.0,0.0
10.0,3.09775488774439,0.0033967436143348,0.0033967435963941,0.999994231040881,0.99999423104088,49.413758679229446,0.0,49.97739665352509,0.0,45.5950801626318,0.0,45.30267151454437,0.0,0.0,0.0,0.0,0.0,0.0,0.0
10.0,3.09800490024501,0.0033967722215743,0.0033967722036391,0.999994230943712,0.999994230943712,49.41375867265962,0.0,49.97739635114993,0.0,45.59508016036828,0.0,45.30267147401311,0.0,0.0,0.0,0.0,0.0,0.0,0.0
10.0,3.09825491274564,0.0033968008308635,0.0033968008129338,0.999994230846536,0.999994230846536,49.41375866608915,0.0,49.97739604936651,0.0,45.59508015810459,0.0,45.3026714334786,0.0,0.0,0.0,0.0,0.0,0.0,0.0
10.0,3.09850492524626,0.0033968294422024,0.0033968294242781,0.999994230749352,0.999994230749352,49.413758659518045,0.0,49.97739574816976,0.0,45.59508015584071,0.0,45.30267139294083,0.0,0.0,0.0,0.0,0.0,0.0,0.0
10.0,3.09875493774689,0.0033968580555909,0.0033968580376721,0.999994230652161,0.99999423065216,49.41375865294631,0.0,49.97739544755464,0.0,45.59508015357664,0.0,45.30267135239981,0.0,0.0,0.0,0.0,0.0,0.0,0.0
10.0,3.09900495024751,0.0033968866710289,0.0033968866531156,0.999994230554961,0.999994230554961,49.413758646373935,0.0,49.97739514751618,0.0,45.5950801513124,0.0,45.30267131185554,0.0,0.0,0.0,0.0,0.0,0.0,0.0
10.0,3.09925496274814,0.0033969152885164,0.0033969152706085,0.999994230457754,0.9999942304577542,49.41375863980092,0.0,49.977394848049485,0.0,45.59508014904796,0.0,45.302671271308014,0.0,0.0,0.0,0.0,0.0,0.0,0.0
10.0,3.09950497524876,0.0033969439080534,0.003396943890151,0.9999942303605392,0.999994230360539,49.41375863322726,0.0,49.97739454914967,0.0,45.59508014678335,0.0,45.30267123075724,0.0,0.0,0.0,0.0,0.0,0.0,0.0
10.0,3.09975498774939,0.0033969725296397,0.0033969725117427,0.999994230263316,0.999994230263316,49.41375862665298,0.0,49.97739425081193,0.0,45.59508014451856,0.0,45.30267119020321,0.0,0.0,0.0,0.0,0.0,0.0,0.0
10.0,3.10000500025001,0.0033970011532753,0.0033970011353838,0.999994230166086,0.999994230166086,49.41375862007805,0.0,49.97739395303152,0.0,45.59508014225357,0.0,45.30267114964592,0.0,0.0,0.0,0.0,0.0,0.0,0.0
10.0,3.10025501275064,0.0033970297789602,0.0033970297610742,0.999994230068848,0.9999942300688472,49.413758613502495,0.0,49.97739365580375,0.0,45.59508013998841,0.0,45.3026711090854,0.0,0.0,0.0,0.0,0.0,0.0,0.0
10.0,3.10050502525126,0.0033970584066943,0.0033970583888138,0.999994229971602,0.999994229971601,49.41375860692629,0.0,49.97739335912393,0.0,45.595080137723066,0.0,45.3026710685216,0.0,0.0,0.0,0.0,0.0,0.0,0.0
10.0,3.10075503775189,0.0033970870364776,0.0033970870186025,0.999994229874348,0.999994229874347,49.41375860034946,0.0,49.97739306298749,0.0,45.595080135457536,0.0,45.30267102795457,0.0,0.0,0.0,0.0,0.0,0.0,0.0
10.0,3.10100505025251,0.0033971156683099,0.0033971156504403,0.999994229777086,0.999994229777086,49.41375859377199,0.0,49.977392767389865,0.0,45.59508013319182,0.0,45.30267098738427,0.0,0.0,0.0,0.0,0.0,0.0,0.0
10.0,3.10125506275314,0.0033971443021913,0.0033971442843272,0.999994229679816,0.999994229679816,49.41375858719388,0.0,49.97739247232656,0.0,45.59508013092593,0.0,45.30267094681072,0.0,0.0,0.0,0.0,0.0,0.0,0.0
10.0,3.10150507525376,0.0033971729381217,0.003397172920263,0.9999942295825393,0.999994229582539,49.41375858061514,0.0,49.97739217779313,0.0,45.59508012865985,0.0,45.30267090623392,0.0,0.0,0.0,0.0,0.0,0.0,0.0
10.0,3.10175508775439,0.003397201576101,0.0033972015582478,0.999994229485254,0.999994229485254,49.41375857403576,0.0,49.97739188378515,0.0,45.5950801263936,0.0,45.302670865653866,0.0,0.0,0.0,0.0,0.0,0.0,0.0
10.0,3.10200510025501,0.0033972302161292,0.0033972301982814,0.999994229387962,0.999994229387961,49.41375856745574,0.0,49.97739159029828,0.0,45.59508012412714,0.0,45.30267082507056,0.0,0.0,0.0,0.0,0.0,0.0,0.0
10.0,3.10225511275564,0.0033972588582061,0.0033972588403638,0.999994229290661,0.999994229290661,49.41375856087509,0.0,49.9773912973282,0.0,45.59508012186051,0.0,45.30267078448401,0.0,0.0,0.0,0.0,0.0,0.0,0.0
10.0,3.10250512525626,0.0033972875023319,0.003397287484495,0.999994229193353,0.999994229193352,49.41375855429379,0.0,49.97739100487064,0.0,45.5950801195937,0.0,45.3026707438942,0.0,0.0,0.0,0.0,0.0,0.0,0.0
10.0,3.1027551377568896,0.0033973161485063,0.0033973161306749,0.999994229096036,0.999994229096036,49.413758547711865,0.0,49.9773907129214,0.0,45.59508011732672,0.0,45.30267070330113,0.0,0.0,0.0,0.0,0.0,0.0,0.0
10.0,3.10300515025751,0.0033973447967294,0.0033973447789035,0.999994228998712,0.999994228998712,49.4137585411293,0.0,49.97739042147629,0.0,45.59508011505953,0.0,45.30267066270482,0.0,0.0,0.0,0.0,0.0,0.0,0.0
10.0,3.10325516275814,0.003397373447001,0.0033973734291806,0.999994228901381,0.99999422890138,49.413758534546105,0.0,49.97739013053118,0.0,45.595080112792175,0.0,45.302670622105246,0.0,0.0,0.0,0.0,0.0,0.0,0.0
10.0,3.10350517525876,0.0033974020993212,0.0033974020815062,0.999994228804041,0.999994228804041,49.41375852796225,0.0,49.97738984008199,0.0,45.59508011052464,0.0,45.30267058150242,0.0,0.0,0.0,0.0,0.0,0.0,0.0
10.0,3.10375518775939,0.0033974307536899,0.0033974307358804,0.999994228706694,0.999994228706694,49.41375852137778,0.0,49.977389550124656,0.0,45.59508010825691,0.0,45.30267054089634,0.0,0.0,0.0,0.0,0.0,0.0,0.0
10.0,3.10400520026001,0.003397459410107,0.0033974593923029,0.999994228609339,0.999994228609339,49.41375851479267,0.0,49.9773892606552,0.0,45.595080105989,0.0,45.30267050028702,0.0,0.0,0.0,0.0,0.0,0.0,0.0
10.0,3.10425521276064,0.0033974880685725,0.0033974880507738,0.999994228511976,0.999994228511976,49.413758508206925,0.0,49.97738897166967,0.0,45.5950801037209,0.0,45.30267045967445,0.0,0.0,0.0,0.0,0.0,0.0,0.0
10.0,3.10450522526126,0.0033975167290862,0.003397516711293,0.9999942284146058,0.9999942284146048,49.41375850162053,0.0,49.97738868316412,0.0,45.59508010145262,0.0,45.30267041905861,0.0,0.0,0.0,0.0,0.0,0.0,0.0
10.0,3.10475523776189,0.0033975453916483,0.0033975453738605,0.999994228317227,0.9999942283172272,49.41375849503351,0.0,49.9773883951347,0.0,45.595080099184166,0.0,45.30267037843952,0.0,0.0,0.0,0.0,0.0,0.0,0.0
10.0,3.1050052502625105,0.0033975740562585,0.0033975740384762,0.999994228219841,0.999994228219841,49.41375848844584,0.0,49.97738810757756,0.0,45.59508009691552,0.0,45.30267033781718,0.0,0.0,0.0,0.0,0.0,0.0,0.0
10.0,3.10525526276314,0.0033976027229168,0.00339760270514,0.999994228122447,0.999994228122447,49.41375848185754,0.0,49.9773878204889,0.0,45.5950800946467,0.0,45.3026702971916,0.0,0.0,0.0,0.0,0.0,0.0,0.0
10.0,3.10550527526376,0.0033976313916232,0.0033976313738519,0.999994228025045,0.999994228025045,49.4137584752686,0.0,49.97738753386497,0.0,45.595080092377685,0.0,45.30267025656276,0.0,0.0,0.0,0.0,0.0,0.0,0.0
10.0,3.10575528776439,0.0033976600623777,0.0033976600446118,0.999994227927636,0.999994227927635,49.41375846867903,0.0,49.97738724770204,0.0,45.595080090108496,0.0,45.302670215930654,0.0,0.0,0.0,0.0,0.0,0.0,0.0
10.0,3.10600530026501,0.0033976887351801,0.0033976887174197,0.9999942278302192,0.999994227830218,49.413758462088815,0.0,49.97738696199645,0.0,45.59508008783912,0.0,45.30267017529531,0.0,0.0,0.0,0.0,0.0,0.0,0.0
10.0,3.10625531276564,0.0033977174100305,0.0033977173922754,0.999994227732793,0.999994227732793,49.41375845549797,0.0,49.97738667674454,0.0,45.59508008556957,0.0,45.30267013465672,0.0,0.0,0.0,0.0,0.0,0.0,0.0
10.0,3.10650532526626,0.0033977460869287,0.0033977460691791,0.999994227635361,0.99999422763536,49.41375844890648,0.0,49.97738639194272,0.0,45.59508008329982,0.0,45.30267009401485,0.0,0.0,0.0,0.0,0.0,0.0,0.0
10.0,3.10675533776689,0.0033977747658747,0.0033977747481305,0.99999422753792,0.99999422753792,49.41375844231436,0.0,49.97738610758739,0.0,45.5950800810299,0.0,45.30267005336975,0.0,0.0,0.0,0.0,0.0,0.0,0.0
10.0,3.10700535026751,0.0033978034468684,0.0033978034291297,0.9999942274404718,0.999994227440471,49.4137584357216,0.0,49.97738582367506,0.0,45.59508007875979,0.0,45.30267001272139,0.0,0.0,0.0,0.0,0.0,0.0,0.0
10.0,3.10725536276814,0.0033978321299099,0.0033978321121766,0.999994227343015,0.999994227343015,49.413758429128194,0.0,49.97738554020221,0.0,45.59508007648951,0.0,45.30266997206978,0.0,0.0,0.0,0.0,0.0,0.0,0.0
10.0,3.10750537526876,0.0033978608149989,0.0033978607972711,0.999994227245551,0.999994227245551,49.413758422534166,0.0,49.97738525716539,0.0,45.59508007421903,0.0,45.30266993141491,0.0,0.0,0.0,0.0,0.0,0.0,0.0
10.0,3.10775538776939,0.0033978895021356,0.0033978894844132,0.9999942271480798,0.9999942271480788,49.4137584159395,0.0,49.97738497456116,0.0,45.59508007194837,0.0,45.3026698907568,0.0,0.0,0.0,0.0,0.0,0.0,0.0
10.0,3.10800540027001,0.0033979181913197,0.0033979181736028,0.9999942270506,0.999994227050599,49.41375840934418,0.0,49.97738469238615,0.0,45.595080069677536,0.0,45.30266985009543,0.0,0.0,0.0,0.0,0.0,0.0,0.0
10.0,3.10825541277064,0.0033979468825514,0.0033979468648399,0.999994226953113,0.999994226953112,49.41375840274823,0.0,49.97738441063698,0.0,45.59508006740651,0.0,45.3026698094308,0.0,0.0,0.0,0.0,0.0,0.0,0.0
10.0,3.10850542527126,0.0033979755758304,0.0033979755581244,0.999994226855618,0.9999942268556168,49.41375839615165,0.0,49.97738412931034,0.0,45.595080065135306,0.0,45.302669768762925,0.0,0.0,0.0,0.0,0.0,0.0,0.0
10.0,3.10875543777189,0.0033980042711568,0.0033980042534562,0.999994226758115,0.999994226758114,49.41375838955443,0.0,49.97738384840294,0.0,45.59508006286392,0.0,45.3026697280918,0.0,0.0,0.0,0.0,0.0,0.0,0.0
10.0,3.10900545027251,0.0033980329685305,0.0033980329508353,0.999994226660604,0.999994226660604,49.413758382956566,0.0,49.97738356791152,0.0,45.595080060592345,0.0,45.30266968741742,0.0,0.0,0.0,0.0,0.0,0.0,0.0
10.0,3.10925546277314,0.0033980616679514,0.0033980616502617,0.999994226563086,0.999994226563085,49.41375837635806,0.0,49.97738328783286,0.0,45.59508005832059,0.0,45.30266964673979,0.0,0.0,0.0,0.0,0.0,0.0,0.0
10.0,3.10950547527376,0.0033980903694195,0.0033980903517352,0.999994226465559,0.999994226465559,49.41375836975893,0.0,49.97738300816376,0.0,45.59508005604865,0.0,45.3026696060589,0.0,0.0,0.0,0.0,0.0,0.0,0.0
10.0,3.10975548777439,0.0033981190729347,0.0033981190552559,0.999994226368025,0.999994226368025,49.413758363159154,0.0,49.97738272890107,0.0,45.59508005377653,0.0,45.30266956537476,0.0,0.0,0.0,0.0,0.0,0.0,0.0
10.0,3.11000550027501,0.003398147778497,0.0033981477608236,0.999994226270484,0.999994226270483,49.413758356558745,0.0,49.97738245004165,0.0,45.59508005150423,0.0,45.302669524687374,0.0,0.0,0.0,0.0,0.0,0.0,0.0
10.0,3.11025551277564,0.0033981764861064,0.0033981764684384,0.999994226172934,0.999994226172934,49.413758349957696,0.0,49.9773821715824,0.0,45.59508004923173,0.0,45.30266948399672,0.0,0.0,0.0,0.0,0.0,0.0,0.0
10.0,3.11050552527626,0.0033982051957626,0.0033982051781001,0.999994226075376,0.999994226075376,49.413758343356015,0.0,49.977381893520274,0.0,45.59508004695907,0.0,45.30266944330283,0.0,0.0,0.0,0.0,0.0,0.0,0.0
10.0,3.11075553777689,0.0033982339074658,0.0033982338898087,0.9999942259778108,0.9999942259778108,49.41375833675369,0.0,49.9773816158522,0.0,45.59508004468621,0.0,45.30266940260568,0.0,0.0,0.0,0.0,0.0,0.0,0.0
10.0,3.11100555027751,0.0033982626212158,0.0033982626035641,0.999994225880239,0.999994225880238,49.41375833015072,0.0,49.9773813385752,0.0,45.59508004241318,0.0,45.30266936190528,0.0,0.0,0.0,0.0,0.0,0.0,0.0
10.0,3.11125556277814,0.0033982913370126,0.0033982913193664,0.999994225782658,0.999994225782657,49.41375832354712,0.0,49.97738106168627,0.0,45.59508004013996,0.0,45.30266932120163,0.0,0.0,0.0,0.0,0.0,0.0,0.0
10.0,3.11150557527876,0.0033983200548562,0.0033983200372153,0.999994225685069,0.999994225685069,49.41375831694289,0.0,49.97738078518248,0.0,45.59508003786655,0.0,45.302669280494726,0.0,0.0,0.0,0.0,0.0,0.0,0.0
10.0,3.1117555877793905,0.0033983487747464,0.003398348757111,0.9999942255874728,0.9999942255874728,49.41375831033801,0.0,49.97738050906091,0.0,45.59508003559296,0.0,45.30266923978456,0.0,0.0,0.0,0.0,0.0,0.0,0.0
10.0,3.11200560028001,0.0033983774966832,0.0033983774790532,0.999994225489869,0.999994225489869,49.4137583037325,0.0,49.977380233318655,0.0,45.59508003331919,0.0,45.30266919907115,0.0,0.0,0.0,0.0,0.0,0.0,0.0
10.0,3.11225561278064,0.0033984062206666,0.0033984062030421,0.9999942253922568,0.999994225392257,49.41375829712635,0.0,49.97737995795284,0.0,45.59508003104524,0.0,45.30266915835448,0.0,0.0,0.0,0.0,0.0,0.0,0.0
10.0,3.11250562528126,0.0033984349466965,0.0033984349290774,0.999994225294637,0.999994225294637,49.41375829051956,0.0,49.97737968296066,0.0,45.5950800287711,0.0,45.30266911763457,0.0,0.0,0.0,0.0,0.0,0.0,0.0
10.0,3.11275563778189,0.0033984636747729,0.0033984636571592,0.99999422519701,0.99999422519701,49.41375828391213,0.0,49.97737940833928,0.0,45.59508002649679,0.0,45.3026690769114,0.0,0.0,0.0,0.0,0.0,0.0,0.0
10.0,3.11300565028251,0.0033984924048956,0.0033984923872874,0.999994225099375,0.999994225099375,49.41375827730406,0.0,49.97737913408592,0.0,45.59508002422228,0.0,45.30266903618498,0.0,0.0,0.0,0.0,0.0,0.0,0.0
10.0,3.11325566278314,0.0033985211370647,0.0033985211194619,0.999994225001732,0.999994225001732,49.41375827069536,0.0,49.97737886019784,0.0,45.5950800219476,0.0,45.302668995455306,0.0,0.0,0.0,0.0,0.0,0.0,0.0
10.0,3.11350567528376,0.0033985498712801,0.0033985498536827,0.9999942249040812,0.999994224904081,49.41375826408601,0.0,49.97737858667229,0.0,45.59508001967273,0.0,45.30266895472238,0.0,0.0,0.0,0.0,0.0,0.0,0.0
10.0,3.11375568778439,0.0033985786075417,0.0033985785899497,0.999994224806423,0.999994224806422,49.41375825747604,0.0,49.97737831350658,0.0,45.59508001739768,0.0,45.3026689139862,0.0,0.0,0.0,0.0,0.0,0.0,0.0
10.0,3.1140057002850106,0.0033986073458495,0.0033986073282629,0.999994224708756,0.999994224708756,49.41375825086542,0.0,49.977378040698014,0.0,45.59508001512244,0.0,45.302668873246766,0.0,0.0,0.0,0.0,0.0,0.0,0.0
10.0,3.11425571278564,0.0033986360862034,0.0033986360686222,0.999994224611082,0.999994224611082,49.41375824425416,0.0,49.97737776824396,0.0,45.59508001284703,0.0,45.30266883250408,0.0,0.0,0.0,0.0,0.0,0.0,0.0
10.0,3.11450572528626,0.0033986648286033,0.0033986648110276,0.9999942245134,0.9999942245134,49.41375823764227,0.0,49.97737749614179,0.0,45.59508001057142,0.0,45.302668791758144,0.0,0.0,0.0,0.0,0.0,0.0,0.0
10.0,3.11475573778689,0.0033986935730492,0.0033986935554789,0.999994224415711,0.99999422441571,49.41375823102974,0.0,49.97737722438889,0.0,45.59508000829564,0.0,45.30266875100895,0.0,0.0,0.0,0.0,0.0,0.0,0.0
10.0,3.11500575028751,0.0033987223195411,0.0033987223019762,0.999994224318014,0.999994224318013,49.41375822441657,0.0,49.97737695298268,0.0,45.59508000601967,0.0,45.30266871025651,0.0,0.0,0.0,0.0,0.0,0.0,0.0
10.0,3.11525576278814,0.0033987510680789,0.0033987510505194,0.999994224220308,0.999994224220308,49.41375821780276,0.0,49.97737668192062,0.0,45.595080003743526,0.0,45.30266866950082,0.0,0.0,0.0,0.0,0.0,0.0,0.0
10.0,3.11550577528876,0.0033987798186625,0.0033987798011085,0.9999942241225948,0.9999942241225948,49.41375821118832,0.0,49.97737641120016,0.0,45.59508000146719,0.0,45.30266862874187,0.0,0.0,0.0,0.0,0.0,0.0,0.0
10.0,3.11575578778939,0.0033988085712919,0.0033988085537433,0.999994224024874,0.999994224024874,49.413758204573234,0.0,49.97737614081882,0.0,45.59507999919067,0.0,45.30266858797967,0.0,0.0,0.0,0.0,0.0,0.0,0.0
10.0,3.11600580029001,0.003398837325967,0.0033988373084238,0.999994223927146,0.9999942239271452,49.41375819795751,0.0,49.9773758707741,0.0,45.59507999691397,0.0,45.30266854721422,0.0,0.0,0.0,0.0,0.0,0.0,0.0
10.0,3.11625581279064,0.0033988660826878,0.00339886606515,0.99999422382941,0.999994223829409,49.41375819134114,0.0,49.97737560106354,0.0,45.59507999463709,0.0,45.30266850644551,0.0,0.0,0.0,0.0,0.0,0.0,0.0
10.0,3.11650582529126,0.0033988948414541,0.0033988948239217,0.9999942237316652,0.999994223731665,49.41375818472414,0.0,49.97737533168471,0.0,45.59507999236002,0.0,45.30266846567355,0.0,0.0,0.0,0.0,0.0,0.0,0.0
10.0,3.11675583779189,0.0033989236022661,0.0033989235847391,0.999994223633914,0.9999942236339132,49.413758178106505,0.0,49.97737506263519,0.0,45.59507999008277,0.0,45.30266842489834,0.0,0.0,0.0,0.0,0.0,0.0,0.0
10.0,3.11700585029251,0.0033989523651235,0.0033989523476019,0.999994223536154,0.9999942235361532,49.41375817148823,0.0,49.97737479391258,0.0,45.59507998780534,0.0,45.30266838411988,0.0,0.0,0.0,0.0,0.0,0.0,0.0
10.0,3.11725586279314,0.0033989811300263,0.0033989811125102,0.999994223438386,0.999994223438386,49.41375816486931,0.0,49.97737452551454,0.0,45.59507998552772,0.0,45.30266834333817,0.0,0.0,0.0,0.0,0.0,0.0,0.0
10.0,3.11750587529376,0.0033990098969746,0.0033990098794638,0.999994223340611,0.999994223340611,49.41375815824976,0.0,49.97737425743869,0.0,45.59507998324992,0.0,45.3026683025532,0.0,0.0,0.0,0.0,0.0,0.0,0.0
10.0,3.11775588779439,0.0033990386659681,0.0033990386484628,0.999994223242828,0.999994223242828,49.41375815162956,0.0,49.977373989682725,0.0,45.595079980971946,0.0,45.302668261764985,0.0,0.0,0.0,0.0,0.0,0.0,0.0
10.0,3.11800590029501,0.003399067437007,0.003399067419507,0.9999942231450368,0.9999942231450368,49.413758145008735,0.0,49.97737372224433,0.0,45.59507997869378,0.0,45.30266822097351,0.0,0.0,0.0,0.0,0.0,0.0,0.0
10.0,3.11825591279564,0.003399096210091,0.0033990961925965,0.999994223047239,0.999994223047238,49.41375813838727,0.0,49.97737345512122,0.0,45.59507997641544,0.0,45.30266818017878,0.0,0.0,0.0,0.0,0.0,0.0,0.0
10.0,3.11850592529626,0.0033991249852202,0.0033991249677311,0.999994222949433,0.999994222949432,49.41375813176517,0.0,49.977373188311134,0.0,45.5950799741369,0.0,45.302668139380806,0.0,0.0,0.0,0.0,0.0,0.0,0.0
10.0,3.11875593779689,0.0033991537623945,0.0033991537449108,0.999994222851618,0.999994222851618,49.41375812514241,0.0,49.97737292181183,0.0,45.59507997185818,0.0,45.30266809857957,0.0,0.0,0.0,0.0,0.0,0.0,0.0
10.0,3.11900595029751,0.0033991825416138,0.0033991825241355,0.999994222753796,0.999994222753796,49.41375811851903,0.0,49.97737265562109,0.0,45.59507996957929,0.0,45.30266805777509,0.0,0.0,0.0,0.0,0.0,0.0,0.0
10.0,3.11925596279814,0.0033992113228782,0.0033992113054053,0.999994222655967,0.9999942226559662,49.413758111895,0.0,49.9773723897367,0.0,45.59507996730021,0.0,45.30266801696735,0.0,0.0,0.0,0.0,0.0,0.0,0.0
10.0,3.11950597529876,0.0033992401061874,0.0033992400887199,0.999994222558129,0.999994222558129,49.41375810527034,0.0,49.97737212415649,0.0,45.59507996502094,0.0,45.30266797615637,0.0,0.0,0.0,0.0,0.0,0.0,0.0
10.0,3.11975598779939,0.0033992688915416,0.0033992688740795,0.999994222460284,0.999994222460283,49.41375809864504,0.0,49.977371858878286,0.0,45.59507996274149,0.0,45.302667935342136,0.0,0.0,0.0,0.0,0.0,0.0,0.0
10.0,3.12000600030002,0.0033992976789405,0.0033992976614838,0.999994222362431,0.99999422236243,49.4137580920191,0.0,49.97737159389995,0.0,45.595079960461874,0.0,45.302667894524646,0.0,0.0,0.0,0.0,0.0,0.0,0.0
10.0,3.12025601280064,0.0033993264683842,0.0033993264509329,0.99999422226457,0.999994222264569,49.41375808539252,0.0,49.97737132921938,0.0,45.595079958182055,0.0,45.302667853703895,0.0,0.0,0.0,0.0,0.0,0.0,0.0
10.0,3.12050602530127,0.0033993552598726,0.0033993552424267,0.999994222166702,0.9999942221667008,49.413758078765305,0.0,49.97737106483444,0.0,45.59507995590206,0.0,45.302667812879896,0.0,0.0,0.0,0.0,0.0,0.0,0.0
10.0,3.1207560378018906,0.0033993840534057,0.0033993840359652,0.999994222068825,0.999994222068824,49.413758072137455,0.0,49.977370800743046,0.0,45.59507995362188,0.0,45.30266777205266,0.0,0.0,0.0,0.0,0.0,0.0,0.0
10.0,3.12100605030251,0.0033994128489834,0.0033994128315483,0.999994221970941,0.99999422197094,49.41375806550896,0.0,49.97737053694315,0.0,45.59507995134152,0.0,45.30266773122215,0.0,0.0,0.0,0.0,0.0,0.0,0.0
10.0,3.12125606280314,0.0033994416466056,0.0033994416291759,0.999994221873049,0.999994221873048,49.41375805887982,0.0,49.97737027343269,0.0,45.595079949060974,0.0,45.30266769038839,0.0,0.0,0.0,0.0,0.0,0.0,0.0
10.0,3.12150607530377,0.0033994704462722,0.0033994704288479,0.999994221775149,0.999994221775149,49.413758052250046,0.0,49.97737001020964,0.0,45.595079946780245,0.0,45.3026676495514,0.0,0.0,0.0,0.0,0.0,0.0,0.0
10.0,3.12175608780439,0.0033994992479833,0.0033994992305644,0.9999942216772418,0.999994221677241,49.41375804561964,0.0,49.97736974727198,0.0,45.595079944499325,0.0,45.302667608711126,0.0,0.0,0.0,0.0,0.0,0.0,0.0
10.0,3.12200610030502,0.0033995280517388,0.0033995280343253,0.9999942215793272,0.999994221579326,49.41375803898858,0.0,49.977369484617725,0.0,45.59507994221824,0.0,45.302667567867616,0.0,0.0,0.0,0.0,0.0,0.0,0.0
10.0,3.12225611280564,0.0033995568575386,0.0033995568401305,0.999994221481403,0.999994221481403,49.413758032356895,0.0,49.9773692222449,0.0,45.59507993993696,0.0,45.30266752702086,0.0,0.0,0.0,0.0,0.0,0.0,0.0
10.0,3.12250612530627,0.0033995856653826,0.0033995856479799,0.999994221383473,0.999994221383472,49.41375802572457,0.0,49.97736896015154,0.0,45.5950799376555,0.0,45.30266748617085,0.0,0.0,0.0,0.0,0.0,0.0,0.0
10.0,3.12275613780689,0.0033996144752709,0.0033996144578735,0.999994221285534,0.999994221285533,49.4137580190916,0.0,49.977368698335695,0.0,45.59507993537385,0.0,45.30266744531757,0.0,0.0,0.0,0.0,0.0,0.0,0.0
10.0,3.12300615030752,0.0033996432872032,0.0033996432698113,0.999994221187588,0.9999942211875869,49.413758012458,0.0,49.97736843679545,0.0,45.59507993309202,0.0,45.302667404461054,0.0,0.0,0.0,0.0,0.0,0.0,0.0
10.0,3.12325616280814,0.0033996721011797,0.0033996720837931,0.999994221089633,0.999994221089633,49.41375800582375,0.0,49.977368175528895,0.0,45.59507993081001,0.0,45.30266736360128,0.0,0.0,0.0,0.0,0.0,0.0,0.0
10.0,3.12350617530877,0.0033997009172002,0.003399700899819,0.9999942209916708,0.9999942209916708,49.41375799918886,0.0,49.97736791453412,0.0,45.59507992852782,0.0,45.30266732273825,0.0,0.0,0.0,0.0,0.0,0.0,0.0
10.0,3.12375618780939,0.0033997297352646,0.0033997297178889,0.999994220893701,0.9999942208937008,49.41375799255334,0.0,49.97736765380928,0.0,45.59507992624544,0.0,45.302667281871976,0.0,0.0,0.0,0.0,0.0,0.0,0.0
10.0,3.12400620031002,0.003399758555373,0.0033997585380026,0.999994220795724,0.999994220795724,49.41375798591718,0.0,49.97736739335249,0.0,45.59507992396288,0.0,45.30266724100244,0.0,0.0,0.0,0.0,0.0,0.0,0.0
10.0,3.12425621281064,0.0033997873775253,0.0033997873601603,0.999994220697739,0.999994220697738,49.413757979280376,0.0,49.97736713316192,0.0,45.59507992168014,0.0,45.30266720012966,0.0,0.0,0.0,0.0,0.0,0.0,0.0
10.0,3.12450622531127,0.0033998162017213,0.0033998161843617,0.999994220599746,0.999994220599745,49.41375797264293,0.0,49.97736687323574,0.0,45.59507991939721,0.0,45.30266715925362,0.0,0.0,0.0,0.0,0.0,0.0,0.0
10.0,3.12475623781189,0.0033998450279611,0.0033998450106069,0.9999942205017448,0.999994220501744,49.41375796600486,0.0,49.97736661357213,0.0,45.5950799171141,0.0,45.30266711837434,0.0,0.0,0.0,0.0,0.0,0.0,0.0
10.0,3.12500625031252,0.0033998738562446,0.0033998738388957,0.999994220403736,0.999994220403735,49.41375795936614,0.0,49.97736635416931,0.0,45.59507991483081,0.0,45.302667077491805,0.0,0.0,0.0,0.0,0.0,0.0,0.0
10.0,3.12525626281314,0.0033999026865717,0.0033999026692282,0.99999422030572,0.999994220305719,49.41375795272677,0.0,49.977366095025495,0.0,45.59507991254733,0.0,45.302667036606,0.0,0.0,0.0,0.0,0.0,0.0,0.0
10.0,3.12550627531377,0.0033999315189424,0.0033999315016043,0.999994220207695,0.999994220207695,49.41375794608678,0.0,49.97736583613891,0.0,45.59507991026368,0.0,45.30266699571696,0.0,0.0,0.0,0.0,0.0,0.0,0.0
10.0,3.12575628781439,0.0033999603533566,0.0033999603360239,0.9999942201096632,0.999994220109663,49.41375793944614,0.0,49.97736557750782,0.0,45.59507990797983,0.0,45.302666954824666,0.0,0.0,0.0,0.0,0.0,0.0,0.0
10.0,3.12600630031502,0.0033999891898143,0.003399989172487,0.999994220011624,0.9999942200116232,49.41375793280487,0.0,49.97736531913047,0.0,45.595079905695805,0.0,45.30266691392912,0.0,0.0,0.0,0.0,0.0,0.0,0.0
10.0,3.12625631281564,0.0034000180283153,0.0034000180109934,0.999994219913576,0.999994219913576,49.41375792616295,0.0,49.97736506100515,0.0,45.5950799034116,0.0,45.30266687303031,0.0,0.0,0.0,0.0,0.0,0.0,0.0
10.0,3.12650632531627,0.0034000468688598,0.0034000468515432,0.999994219815521,0.99999421981552,49.41375791952039,0.0,49.977364803130165,0.0,45.59507990112721,0.0,45.30266683212826,0.0,0.0,0.0,0.0,0.0,0.0,0.0
10.0,3.12675633781689,0.0034000757114475,0.0034000756941363,0.999994219717458,0.999994219717457,49.4137579128772,0.0,49.97736454550381,0.0,45.59507989884264,0.0,45.30266679122296,0.0,0.0,0.0,0.0,0.0,0.0,0.0
10.0,3.12700635031752,0.0034001045560785,0.0034001045387727,0.999994219619387,0.999994219619386,49.41375790623336,0.0,49.977364288124406,0.0,45.59507989655788,0.0,45.3026667503144,0.0,0.0,0.0,0.0,0.0,0.0,0.0
10.0,3.12725636281814,0.0034001334027526,0.0034001333854522,0.999994219521308,0.999994219521307,49.413757899588894,0.0,49.9773640309903,0.0,45.595079894272935,0.0,45.30266670940259,0.0,0.0,0.0,0.0,0.0,0.0,0.0
10.0,3.12750637531877,0.0034001622514699,0.0034001622341749,0.999994219423222,0.999994219423221,49.41375789294378,0.0,49.97736377409984,0.0,45.59507989198781,0.0,45.302666668487525,0.0,0.0,0.0,0.0,0.0,0.0,0.0
10.0,3.12775638781939,0.0034001911022303,0.0034001910849406,0.9999942193251268,0.9999942193251268,49.41375788629803,0.0,49.977363517451394,0.0,45.5950798897025,0.0,45.30266662756922,0.0,0.0,0.0,0.0,0.0,0.0,0.0
10.0,3.12800640032002,0.0034002199550337,0.0034002199377494,0.999994219227025,0.999994219227025,49.41375787965164,0.0,49.97736326104334,0.0,45.595079887417015,0.0,45.302666586647646,0.0,0.0,0.0,0.0,0.0,0.0,0.0
10.0,3.12825641282064,0.00340024880988,0.0034002487926011,0.999994219128916,0.999994219128915,49.413757873004606,0.0,49.97736300487405,0.0,45.59507988513134,0.0,45.30266654572282,0.0,0.0,0.0,0.0,0.0,0.0,0.0
10.0,3.12850642532127,0.0034002776667692,0.0034002776494957,0.999994219030798,0.9999942190307968,49.41375786635693,0.0,49.97736274894197,0.0,45.59507988284548,0.0,45.30266650479475,0.0,0.0,0.0,0.0,0.0,0.0,0.0
10.0,3.12875643782189,0.0034003065257013,0.0034003065084331,0.9999942189326728,0.999994218932672,49.41375785970863,0.0,49.97736249324548,0.0,45.59507988055944,0.0,45.302666463863424,0.0,0.0,0.0,0.0,0.0,0.0,0.0
10.0,3.12900645032252,0.0034003353866762,0.0034003353694134,0.999994218834539,0.999994218834539,49.41375785305967,0.0,49.97736223778303,0.0,45.59507987827322,0.0,45.30266642292885,0.0,0.0,0.0,0.0,0.0,0.0,0.0
10.0,3.12925646282314,0.0034003642496938,0.0034003642324363,0.999994218736399,0.999994218736398,49.41375784641009,0.0,49.97736198255308,0.0,45.59507987598681,0.0,45.30266638199102,0.0,0.0,0.0,0.0,0.0,0.0,0.0
10.0,3.1295064753237694,0.003400393114754,0.003400393097502,0.99999421863825,0.999994218638249,49.41375783975986,0.0,49.97736172755406,0.0,45.59507987370022,0.0,45.30266634104994,0.0,0.0,0.0,0.0,0.0,0.0,0.0
10.0,3.12975648782439,0.0034004219818569,0.0034004219646102,0.999994218540093,0.999994218540093,49.41375783310898,0.0,49.97736147278445,0.0,45.59507987141345,0.0,45.30266630010561,0.0,0.0,0.0,0.0,0.0,0.0,0.0
10.0,3.13000650032502,0.0034004508510024,0.0034004508337611,0.999994218441929,0.999994218441928,49.41375782645748,0.0,49.97736121824276,0.0,45.595079869126494,0.0,45.302666259158016,0.0,0.0,0.0,0.0,0.0,0.0,0.0
10.0,3.13025651282564,0.0034004797221903,0.0034004797049544,0.999994218343757,0.999994218343756,49.41375781980533,0.0,49.977360963927445,0.0,45.59507986683936,0.0,45.30266621820719,0.0,0.0,0.0,0.0,0.0,0.0,0.0
10.0,3.13050652532627,0.0034005085954207,0.0034005085781902,0.999994218245577,0.999994218245577,49.41375781315253,0.0,49.97736070983703,0.0,45.595079864552034,0.0,45.30266617725309,0.0,0.0,0.0,0.0,0.0,0.0,0.0
10.0,3.13075653782689,0.0034005374706935,0.0034005374534683,0.99999421814739,0.999994218147389,49.41375780649911,0.0,49.97736045597004,0.0,45.59507986226453,0.0,45.30266613629576,0.0,0.0,0.0,0.0,0.0,0.0,0.0
10.0,3.13100655032752,0.0034005663480087,0.0034005663307888,0.999994218049194,0.999994218049194,49.41375779984504,0.0,49.97736020232502,0.0,45.59507985997684,0.0,45.30266609533516,0.0,0.0,0.0,0.0,0.0,0.0,0.0
10.0,3.13125656282814,0.0034005952273661,0.0034005952101516,0.999994217950991,0.9999942179509907,49.41375779319033,0.0,49.9773599489005,0.0,45.59507985768897,0.0,45.30266605437131,0.0,0.0,0.0,0.0,0.0,0.0,0.0
10.0,3.13150657532877,0.0034006241087657,0.0034006240915566,0.99999421785278,0.99999421785278,49.41375778653499,0.0,49.97735969569503,0.0,45.59507985540092,0.0,45.302666013404206,0.0,0.0,0.0,0.0,0.0,0.0,0.0
10.0,3.1317565878293903,0.0034006529922075,0.0034006529750038,0.999994217754561,0.9999942177545608,49.413757779879,0.0,49.977359442707176,0.0,45.59507985311268,0.0,45.30266597243385,0.0,0.0,0.0,0.0,0.0,0.0,0.0
10.0,3.13200660033002,0.0034006818776915,0.0034006818604931,0.999994217656335,0.999994217656334,49.413757773222365,0.0,49.97735918993554,0.0,45.59507985082426,0.0,45.302665931460254,0.0,0.0,0.0,0.0,0.0,0.0,0.0
10.0,3.13225661283064,0.0034007107652174,0.0034007107480244,0.999994217558101,0.9999942175581,49.41375776656511,0.0,49.9773589373787,0.0,45.59507984853566,0.0,45.30266589048341,0.0,0.0,0.0,0.0,0.0,0.0,0.0
10.0,3.13250662533127,0.0034007396547854,0.0034007396375977,0.999994217459859,0.999994217459858,49.41375775990719,0.0,49.97735868503527,0.0,45.59507984624687,0.0,45.302665849503285,0.0,0.0,0.0,0.0,0.0,0.0,0.0
10.0,3.13275663783189,0.0034007685463953,0.003400768529213,0.999994217361609,0.999994217361608,49.41375775324864,0.0,49.97735843290384,0.0,45.59507984395791,0.0,45.30266580851993,0.0,0.0,0.0,0.0,0.0,0.0,0.0
10.0,3.13300665033252,0.0034007974400471,0.0034007974228702,0.999994217263351,0.999994217263351,49.413757746589454,0.0,49.97735818098306,0.0,45.59507984166874,0.0,45.30266576753333,0.0,0.0,0.0,0.0,0.0,0.0,0.0
10.0,3.13325666283314,0.0034008263357408,0.0034008263185692,0.999994217165086,0.999994217165085,49.41375773992963,0.0,49.97735792927156,0.0,45.59507983937941,0.0,45.30266572654345,0.0,0.0,0.0,0.0,0.0,0.0,0.0
10.0,3.13350667533377,0.0034008552334762,0.0034008552163099,0.999994217066812,0.999994217066812,49.41375773326916,0.0,49.977357677767976,0.0,45.5950798370899,0.0,45.30266568555034,0.0,0.0,0.0,0.0,0.0,0.0,0.0
10.0,3.13375668783439,0.0034008841332533,0.0034008841160924,0.999994216968532,0.999994216968531,49.41375772660805,0.0,49.97735742647099,0.0,45.5950798348002,0.0,45.30266564455397,0.0,0.0,0.0,0.0,0.0,0.0,0.0
10.0,3.13400670033502,0.0034009130350721,0.0034009130179165,0.999994216870243,0.999994216870242,49.4137577199463,0.0,49.97735717537925,0.0,45.5950798325103,0.0,45.302665603554345,0.0,0.0,0.0,0.0,0.0,0.0,0.0
10.0,3.13425671283564,0.0034009419389325,0.0034009419217823,0.999994216771946,0.999994216771946,49.41375771328392,0.0,49.97735692449143,0.0,45.59507983022023,0.0,45.30266556255148,0.0,0.0,0.0,0.0,0.0,0.0,0.0
10.0,3.13450672533627,0.0034009708448344,0.0034009708276895,0.999994216673642,0.999994216673642,49.41375770662088,0.0,49.97735667380624,0.0,45.59507982792998,0.0,45.30266552154535,0.0,0.0,0.0,0.0,0.0,0.0,0.0
10.0,3.13475673783689,0.0034009997527778,0.0034009997356383,0.99999421657533,0.999994216575329,49.413757699957216,0.0,49.97735642332237,0.0,45.59507982563954,0.0,45.30266548053597,0.0,0.0,0.0,0.0,0.0,0.0,0.0
10.0,3.13500675033752,0.0034010286627627,0.0034010286456285,0.99999421647701,0.99999421647701,49.4137576932929,0.0,49.977356173038544,0.0,45.595079823348925,0.0,45.30266543952334,0.0,0.0,0.0,0.0,0.0,0.0,0.0
10.0,3.13525676283814,0.0034010575747889,0.0034010575576601,0.999994216378682,0.999994216378682,49.41375768662796,0.0,49.97735592295346,0.0,45.59507982105813,0.0,45.30266539850745,0.0,0.0,0.0,0.0,0.0,0.0,0.0
10.0,3.13550677533877,0.0034010864888564,0.003401086471733,0.999994216280347,0.999994216280346,49.413757679962366,0.0,49.97735567306587,0.0,45.59507981876714,0.0,45.30266535748832,0.0,0.0,0.0,0.0,0.0,0.0,0.0
10.0,3.13575678783939,0.0034011154049653,0.0034011153878472,0.999994216182004,0.999994216182003,49.41375767329613,0.0,49.97735542337451,0.0,45.59507981647597,0.0,45.302665316465934,0.0,0.0,0.0,0.0,0.0,0.0,0.0
10.0,3.13600680034002,0.0034011443231153,0.0034011443060025,0.999994216083653,0.999994216083652,49.41375766662927,0.0,49.97735517387813,0.0,45.59507981418462,0.0,45.3026652754403,0.0,0.0,0.0,0.0,0.0,0.0,0.0
10.0,3.13625681284064,0.0034011732433064,0.003401173226199,0.999994215985294,0.9999942159852933,49.41375765996175,0.0,49.97735492457549,0.0,45.59507981189309,0.0,45.3026652344114,0.0,0.0,0.0,0.0,0.0,0.0,0.0
10.0,3.13650682534127,0.0034012021655387,0.0034012021484367,0.999994215886927,0.9999942158869272,49.4137576532936,0.0,49.97735467546535,0.0,45.59507980960137,0.0,45.30266519337927,0.0,0.0,0.0,0.0,0.0,0.0,0.0
10.0,3.13675683784189,0.003401231089812,0.0034012310727153,0.999994215788553,0.999994215788553,49.41375764662481,0.0,49.977354426546505,0.0,45.59507980730947,0.0,45.30266515234387,0.0,0.0,0.0,0.0,0.0,0.0,0.0
10.0,3.13700685034252,0.0034012600161263,0.0034012599990349,0.999994215690171,0.999994215690171,49.41375763995538,0.0,49.97735417781773,0.0,45.59507980501739,0.0,45.30266511130522,0.0,0.0,0.0,0.0,0.0,0.0,0.0
10.0,3.1372568628431394,0.0034012889444815,0.0034012889273955,0.999994215591781,0.999994215591781,49.41375763328531,0.0,49.97735392927785,0.0,45.59507980272513,0.0,45.30266507026332,0.0,0.0,0.0,0.0,0.0,0.0,0.0
10.0,3.13750687534377,0.0034013178748776,0.0034013178577969,0.999994215493384,0.999994215493383,49.41375762661459,0.0,49.97735368092565,0.0,45.59507980043268,0.0,45.30266502921817,0.0,0.0,0.0,0.0,0.0,0.0,0.0
10.0,3.13775688784439,0.0034013468073145,0.0034013467902392,0.999994215394978,0.999994215394978,49.41375761994323,0.0,49.97735343275996,0.0,45.59507979814004,0.0,45.30266498816977,0.0,0.0,0.0,0.0,0.0,0.0,0.0
10.0,3.13800690034502,0.0034013757417922,0.0034013757247222,0.999994215296565,0.999994215296565,49.41375761327125,0.0,49.9773531847796,0.0,45.59507979584722,0.0,45.30266494711811,0.0,0.0,0.0,0.0,0.0,0.0,0.0
10.0,3.13825691284564,0.0034014046783105,0.0034014046612459,0.999994215198144,0.999994215198143,49.41375760659861,0.0,49.97735293698341,0.0,45.59507979355423,0.0,45.3026649060632,0.0,0.0,0.0,0.0,0.0,0.0,0.0
10.0,3.1385069253462703,0.0034014336168695,0.0034014335998102,0.999994215099715,0.999994215099714,49.413757599925326,0.0,49.97735268937022,0.0,45.59507979126104,0.0,45.30266486500504,0.0,0.0,0.0,0.0,0.0,0.0,0.0
10.0,3.13875693784689,0.0034014625574691,0.0034014625404151,0.9999942150012782,0.9999942150012782,49.41375759325141,0.0,49.97735244193892,0.0,45.59507978896768,0.0,45.30266482394364,0.0,0.0,0.0,0.0,0.0,0.0,0.0
10.0,3.13900695034752,0.0034014915001092,0.0034014914830605,0.999994214902834,0.999994214902834,49.413757586576864,0.0,49.97735219468834,0.0,45.59507978667413,0.0,45.30266478287896,0.0,0.0,0.0,0.0,0.0,0.0,0.0
10.0,3.13925696284814,0.0034015204447898,0.0034015204277465,0.999994214804382,0.999994214804382,49.413757579901656,0.0,49.97735194761736,0.0,45.5950797843804,0.0,45.30266474181105,0.0,0.0,0.0,0.0,0.0,0.0,0.0
10.0,3.13950697534877,0.0034015493915108,0.0034015493744728,0.999994214705922,0.999994214705922,49.41375757322582,0.0,49.97735170072487,0.0,45.595079782086486,0.0,45.30266470073989,0.0,0.0,0.0,0.0,0.0,0.0,0.0
10.0,3.13975698784939,0.0034015783402721,0.0034015783232395,0.999994214607454,0.999994214607454,49.41375756654934,0.0,49.97735145400974,0.0,45.59507977979239,0.0,45.30266465966547,0.0,0.0,0.0,0.0,0.0,0.0,0.0
10.0,3.14000700035002,0.0034016072910738,0.0034016072740465,0.9999942145089792,0.999994214508979,49.413757559872224,0.0,49.97735120747088,0.0,45.59507977749811,0.0,45.3026646185878,0.0,0.0,0.0,0.0,0.0,0.0,0.0
10.0,3.14025701285064,0.0034016362439157,0.0034016362268937,0.999994214410496,0.999994214410496,49.41375755319446,0.0,49.97735096110719,0.0,45.59507977520364,0.0,45.30266457750686,0.0,0.0,0.0,0.0,0.0,0.0,0.0
10.0,3.14050702535127,0.0034016651987978,0.0034016651817812,0.999994214312005,0.999994214312005,49.41375754651606,0.0,49.9773507149176,0.0,45.59507977290899,0.0,45.3026645364227,0.0,0.0,0.0,0.0,0.0,0.0,0.0
10.0,3.14075703785189,0.0034016941557201,0.0034016941387087,0.999994214213506,0.999994214213506,49.413757539837015,0.0,49.977350468901,0.0,45.59507977061416,0.0,45.302664495335264,0.0,0.0,0.0,0.0,0.0,0.0,0.0
10.0,3.14100705035252,0.0034017231146824,0.0034017230976764,0.999994214115,0.999994214114999,49.41375753315733,0.0,49.97735022305636,0.0,45.595079768319145,0.0,45.30266445424458,0.0,0.0,0.0,0.0,0.0,0.0,0.0
10.0,3.14125706285314,0.0034017520756847,0.0034017520586841,0.999994214016485,0.999994214016485,49.413757526477006,0.0,49.97734997738259,0.0,45.59507976602396,0.0,45.30266441315065,0.0,0.0,0.0,0.0,0.0,0.0,0.0
10.0,3.14150707535377,0.003401781038727,0.0034017810217317,0.9999942139179632,0.9999942139179632,49.41375751979605,0.0,49.97734973187863,0.0,45.59507976372858,0.0,45.30266437205347,0.0,0.0,0.0,0.0,0.0,0.0,0.0
10.0,3.14175708785439,0.0034018100038092,0.0034018099868192,0.9999942138194328,0.999994213819433,49.41375751311444,0.0,49.97734948654347,0.0,45.59507976143301,0.0,45.30266433095303,0.0,0.0,0.0,0.0,0.0,0.0,0.0
10.0,3.14200710035502,0.0034018389709313,0.0034018389539466,0.999994213720895,0.999994213720895,49.41375750643219,0.0,49.97734924137603,0.0,45.59507975913726,0.0,45.30266428984934,0.0,0.0,0.0,0.0,0.0,0.0,0.0
10.0,3.14225711285564,0.0034018679400931,0.0034018679231138,0.99999421362235,0.99999421362235,49.4137574997493,0.0,49.97734899637531,0.0,45.595079756841336,0.0,45.3026642487424,0.0,0.0,0.0,0.0,0.0,0.0,0.0
10.0,3.14250712535627,0.0034018969112947,0.0034018968943207,0.9999942135237968,0.999994213523796,49.41375749306577,0.0,49.97734875154028,0.0,45.595079754545225,0.0,45.30266420763221,0.0,0.0,0.0,0.0,0.0,0.0,0.0
10.0,3.14275713785689,0.003401925884536,0.0034019258675673,0.999994213425235,0.9999942134252348,49.4137574863816,0.0,49.97734850686992,0.0,45.59507975224893,0.0,45.30266416651876,0.0,0.0,0.0,0.0,0.0,0.0,0.0
10.0,3.14300715035752,0.0034019548598169,0.0034019548428535,0.999994213326667,0.9999942133266662,49.4137574796968,0.0,49.97734826236322,0.0,45.59507974995245,0.0,45.30266412540207,0.0,0.0,0.0,0.0,0.0,0.0,0.0
10.0,3.14325716285814,0.0034019838371374,0.0034019838201793,0.99999421322809,0.99999421322809,49.41375747301134,0.0,49.9773480180192,0.0,45.59507974765579,0.0,45.302664084282114,0.0,0.0,0.0,0.0,0.0,0.0,0.0
10.0,3.14350717535877,0.0034020128164974,0.0034020127995446,0.999994213129506,0.999994213129505,49.41375746632525,0.0,49.97734777383685,0.0,45.595079745358944,0.0,45.30266404315891,0.0,0.0,0.0,0.0,0.0,0.0,0.0
10.0,3.14375718785939,0.0034020417978968,0.0034020417809494,0.999994213030914,0.999994213030913,49.41375745963851,0.0,49.97734752981518,0.0,45.59507974306192,0.0,45.30266400203246,0.0,0.0,0.0,0.0,0.0,0.0,0.0
10.0,3.14400720036002,0.0034020707813357,0.0034020707643936,0.999994212932314,0.999994212932313,49.41375745295113,0.0,49.97734728595323,0.0,45.59507974076471,0.0,45.30266396090276,0.0,0.0,0.0,0.0,0.0,0.0,0.0
10.0,3.14425721286064,0.0034020997668138,0.0034020997498771,0.999994212833706,0.999994212833705,49.41375744626312,0.0,49.97734704225001,0.0,45.595079738467305,0.0,45.3026639197698,0.0,0.0,0.0,0.0,0.0,0.0,0.0
10.0,3.14450722536127,0.0034021287543313,0.0034021287373998,0.99999421273509,0.99999421273509,49.41375743957446,0.0,49.97734679870457,0.0,45.59507973616972,0.0,45.3026638786336,0.0,0.0,0.0,0.0,0.0,0.0,0.0
10.0,3.14475723786189,0.003402157743888,0.0034021577269619,0.999994212636467,0.999994212636467,49.41375743288516,0.0,49.97734655531597,0.0,45.59507973387198,0.0,45.30266383749413,0.0,0.0,0.0,0.0,0.0,0.0,0.0
10.0,3.14500725036252,0.0034021867354839,0.0034021867185631,0.999994212537836,0.9999942125378348,49.41375742619522,0.0,49.97734631208323,0.0,45.595079731574025,0.0,45.30266379635142,0.0,0.0,0.0,0.0,0.0,0.0,0.0
10.0,3.14525726286314,0.0034022157291189,0.0034022157122034,0.999994212439197,0.999994212439197,49.41375741950465,0.0,49.97734606900541,0.0,45.5950797292759,0.0,45.30266375520545,0.0,0.0,0.0,0.0,0.0,0.0,0.0
10.0,3.14550727536377,0.0034022447247929,0.0034022447078827,0.999994212340551,0.99999421234055,49.41375741281341,0.0,49.9773458260816,0.0,45.59507972697758,0.0,45.30266371405624,0.0,0.0,0.0,0.0,0.0,0.0,0.0
10.0,3.14575728786439,0.003402273722506,0.0034022737056011,0.999994212241896,0.999994212241896,49.41375740612155,0.0,49.97734558331086,0.0,45.595079724679096,0.0,45.30266367290376,0.0,0.0,0.0,0.0,0.0,0.0,0.0
10.0,3.14600730036502,0.003402302722258,0.0034023027053584,0.999994212143234,0.999994212143234,49.41375739942904,0.0,49.97734534069225,0.0,45.59507972238042,0.0,45.30266363174805,0.0,0.0,0.0,0.0,0.0,0.0,0.0
10.0,3.1462573128656395,0.0034023317240489,0.0034023317071546,0.999994212044564,0.999994212044564,49.413757392735896,0.0,49.97734509822488,0.0,45.59507972008156,0.0,45.30266359058907,0.0,0.0,0.0,0.0,0.0,0.0,0.0
10.0,3.14650732536627,0.0034023607278786,0.0034023607109896,0.9999942119458872,0.999994211945886,49.41375738604211,0.0,49.97734485590782,0.0,45.595079717782525,0.0,45.302663549426846,0.0,0.0,0.0,0.0,0.0,0.0,0.0
10.0,3.14675733786689,0.0034023897337471,0.0034023897168635,0.9999942118472012,0.9999942118472012,49.41375737934767,0.0,49.97734461374019,0.0,45.59507971548329,0.0,45.30266350826137,0.0,0.0,0.0,0.0,0.0,0.0,0.0
10.0,3.14700735036752,0.0034024187416543,0.003402418724776,0.999994211748508,0.999994211748507,49.41375737265261,0.0,49.9773443717211,0.0,45.59507971318388,0.0,45.30266346709264,0.0,0.0,0.0,0.0,0.0,0.0,0.0
10.0,3.14725736286814,0.0034024477516002,0.0034024477347272,0.999994211649807,0.999994211649806,49.4137573659569,0.0,49.97734412984963,0.0,45.59507971088429,0.0,45.302663425920656,0.0,0.0,0.0,0.0,0.0,0.0,0.0
10.0,3.1475073753687703,0.0034024767635847,0.003402476746717,0.999994211551098,0.999994211551098,49.41375735926053,0.0,49.977343888124906,0.0,45.59507970858452,0.0,45.30266338474542,0.0,0.0,0.0,0.0,0.0,0.0,0.0
10.0,3.14775738786939,0.0034025057776077,0.0034025057607453,0.999994211452381,0.9999942114523812,49.413757352563536,0.0,49.97734364654608,0.0,45.59507970628456,0.0,45.30266334356695,0.0,0.0,0.0,0.0,0.0,0.0,0.0
10.0,3.14800740037002,0.0034025347936693,0.0034025347768122,0.999994211353657,0.999994211353656,49.413757345865896,0.0,49.97734340511224,0.0,45.59507970398442,0.0,45.30266330238521,0.0,0.0,0.0,0.0,0.0,0.0,0.0
10.0,3.14825741287064,0.0034025638117692,0.0034025637949175,0.9999942112549252,0.999994211254924,49.41375733916762,0.0,49.97734316382256,0.0,45.59507970168409,0.0,45.302663261200216,0.0,0.0,0.0,0.0,0.0,0.0,0.0
10.0,3.14850742537127,0.0034025928319076,0.0034025928150611,0.9999942111561848,0.999994211156184,49.4137573324687,0.0,49.97734292267618,0.0,45.59507969938359,0.0,45.30266322001197,0.0,0.0,0.0,0.0,0.0,0.0,0.0
10.0,3.14875743787189,0.0034026218540843,0.0034026218372431,0.999994211057437,0.9999942110574372,49.41375732576913,0.0,49.97734268167221,0.0,45.595079697082895,0.0,45.30266317882049,0.0,0.0,0.0,0.0,0.0,0.0,0.0
10.0,3.14900745037252,0.0034026508782992,0.0034026508614633,0.999994210958682,0.999994210958681,49.41375731906893,0.0,49.97734244080985,0.0,45.59507969478201,0.0,45.30266313762574,0.0,0.0,0.0,0.0,0.0,0.0,0.0
10.0,3.14925746287314,0.0034026799045524,0.0034026798877218,0.999994210859918,0.999994210859918,49.41375731236808,0.0,49.97734220008824,0.0,45.59507969248096,0.0,45.30266309642774,0.0,0.0,0.0,0.0,0.0,0.0,0.0
10.0,3.14950747537377,0.0034027089328437,0.0034027089160184,0.9999942107611468,0.9999942107611468,49.413757305666586,0.0,49.97734195950655,0.0,45.59507969017972,0.0,45.3026630552265,0.0,0.0,0.0,0.0,0.0,0.0,0.0
10.0,3.14975748787439,0.0034027379631731,0.0034027379463532,0.999994210662368,0.999994210662368,49.41375729896447,0.0,49.97734171906395,0.0,45.5950796878783,0.0,45.302663014022,0.0,0.0,0.0,0.0,0.0,0.0,0.0
10.0,3.15000750037502,0.0034027669955406,0.0034027669787259,0.999994210563582,0.9999942105635808,49.41375729226169,0.0,49.97734147875963,0.0,45.59507968557669,0.0,45.302662972814254,0.0,0.0,0.0,0.0,0.0,0.0,0.0
10.0,3.15025751287564,0.003402796029946,0.0034027960131366,0.999994210464787,0.9999942104647868,49.41375728555828,0.0,49.97734123859276,0.0,45.595079683274896,0.0,45.30266293160324,0.0,0.0,0.0,0.0,0.0,0.0,0.0
10.0,3.15050752537627,0.0034028250663894,0.0034028250495853,0.999994210365985,0.999994210365985,49.41375727885423,0.0,49.97734099856253,0.0,45.59507968097292,0.0,45.30266289038899,0.0,0.0,0.0,0.0,0.0,0.0,0.0
10.0,3.15075753787689,0.0034028541048706,0.0034028540880719,0.9999942102671748,0.999994210267175,49.41375727214952,0.0,49.97734075866815,0.0,45.59507967867077,0.0,45.30266284917147,0.0,0.0,0.0,0.0,0.0,0.0,0.0
10.0,3.15100755037752,0.0034028831453897,0.0034028831285962,0.9999942101683572,0.999994210168357,49.41375726544418,0.0,49.97734051890882,0.0,45.59507967636843,0.0,45.302662807950725,0.0,0.0,0.0,0.0,0.0,0.0,0.0
10.0,3.15125756287814,0.0034029121879465,0.0034029121711583,0.999994210069532,0.999994210069531,49.413757258738194,0.0,49.97734027928373,0.0,45.59507967406591,0.0,45.30266276672671,0.0,0.0,0.0,0.0,0.0,0.0,0.0
10.0,3.15150757537877,0.003402941232541,0.0034029412157581,0.9999942099706992,0.999994209970698,49.41375725203158,0.0,49.9773400397921,0.0,45.5950796717632,0.0,45.302662725499445,0.0,0.0,0.0,0.0,0.0,0.0,0.0
10.0,3.15175758787939,0.0034029702791732,0.0034029702623956,0.999994209871857,0.999994209871857,49.41375724532431,0.0,49.97733980043318,0.0,45.59507966946031,0.0,45.30266268426893,0.0,0.0,0.0,0.0,0.0,0.0,0.0
10.0,3.15200760038002,0.0034029993278429,0.0034029993110706,0.999994209773009,0.999994209773008,49.4137572386164,0.0,49.97733956120614,0.0,45.59507966715724,0.0,45.30266264303516,0.0,0.0,0.0,0.0,0.0,0.0,0.0
10.0,3.15225761288064,0.0034030283785502,0.0034030283617832,0.999994209674152,0.999994209674151,49.41375723190786,0.0,49.97733932211026,0.0,45.59507966485399,0.0,45.30266260179814,0.0,0.0,0.0,0.0,0.0,0.0,0.0
10.0,3.15250762538127,0.003403057431295,0.0034030574145333,0.999994209575288,0.999994209575287,49.413757225198665,0.0,49.977339083144734,0.0,45.59507966255055,0.0,45.30266256055788,0.0,0.0,0.0,0.0,0.0,0.0,0.0
10.0,3.15275763788189,0.0034030864860772,0.0034030864693207,0.9999942094764148,0.9999942094764148,49.41375721848883,0.0,49.977338844308825,0.0,45.59507966024693,0.0,45.30266251931435,0.0,0.0,0.0,0.0,0.0,0.0,0.0
10.0,3.1530076503825195,0.0034031155428967,0.0034031155261456,0.999994209377535,0.9999942093775352,49.41375721177835,0.0,49.977338605601766,0.0,45.59507965794312,0.0,45.302662478067575,0.0,0.0,0.0,0.0,0.0,0.0,0.0
10.0,3.15325766288314,0.0034031446017535,0.0034031445850077,0.999994209278648,0.9999942092786468,49.41375720506724,0.0,49.97733836702282,0.0,45.59507965563914,0.0,45.30266243681755,0.0,0.0,0.0,0.0,0.0,0.0,0.0
10.0,3.15350767538377,0.0034031736626476,0.0034031736459071,0.999994209179752,0.999994209179752,49.41375719835548,0.0,49.97733812857123,0.0,45.59507965333496,0.0,45.30266239556427,0.0,0.0,0.0,0.0,0.0,0.0,0.0
10.0,3.15375768788439,0.0034032027255789,0.0034032027088436,0.999994209080849,0.999994209080848,49.41375719164307,0.0,49.97733789024627,0.0,45.59507965103061,0.0,45.302662354307735,0.0,0.0,0.0,0.0,0.0,0.0,0.0
10.0,3.15400770038502,0.0034032317905474,0.0034032317738174,0.999994208981938,0.9999942089819372,49.41375718493003,0.0,49.9773376520472,0.0,45.59507964872607,0.0,45.30266231304797,0.0,0.0,0.0,0.0,0.0,0.0,0.0
10.0,3.15425771288564,0.0034032608575529,0.0034032608408282,0.9999942088830188,0.999994208883018,49.41375717821634,0.0,49.97733741397328,0.0,45.59507964642135,0.0,45.302662271784925,0.0,0.0,0.0,0.0,0.0,0.0,0.0
10.0,3.15450772538627,0.0034032899265954,0.003403289909876,0.999994208784092,0.999994208784092,49.41375717150201,0.0,49.97733717602381,0.0,45.595079644116446,0.0,45.30266223051864,0.0,0.0,0.0,0.0,0.0,0.0,0.0
10.0,3.15475773788689,0.0034033189976749,0.0034033189809607,0.999994208685158,0.999994208685157,49.41375716478704,0.0,49.97733693819805,0.0,45.59507964181136,0.0,45.30266218924911,0.0,0.0,0.0,0.0,0.0,0.0,0.0
10.0,3.15500775038752,0.0034033480707913,0.0034033480540824,0.999994208586216,0.9999942085862152,49.41375715807142,0.0,49.977336700495286,0.0,45.59507963950609,0.0,45.30266214797632,0.0,0.0,0.0,0.0,0.0,0.0,0.0
10.0,3.1552577628881404,0.0034033771459445,0.0034033771292409,0.999994208487265,0.9999942084872652,49.41375715135518,0.0,49.97733646291483,0.0,45.59507963720064,0.0,45.30266210670028,0.0,0.0,0.0,0.0,0.0,0.0,0.0
10.0,3.15550777538877,0.0034034062231346,0.0034034062064363,0.999994208388308,0.999994208388307,49.41375714463827,0.0,49.97733622545595,0.0,45.595079634895,0.0,45.30266206542098,0.0,0.0,0.0,0.0,0.0,0.0,0.0
10.0,3.15575778788939,0.0034034353023614,0.0034034352856684,0.999994208289342,0.999994208289342,49.41375713792073,0.0,49.97733598811797,0.0,45.59507963258918,0.0,45.30266202413844,0.0,0.0,0.0,0.0,0.0,0.0,0.0
10.0,3.15600780039002,0.0034034643836249,0.0034034643669371,0.999994208190369,0.999994208190369,49.413757131202544,0.0,49.97733575090017,0.0,45.59507963028319,0.0,45.30266198285264,0.0,0.0,0.0,0.0,0.0,0.0,0.0
10.0,3.15625781289064,0.003403493466925,0.0034034934502425,0.9999942080913878,0.9999942080913878,49.41375712448372,0.0,49.97733551380189,0.0,45.595079627977,0.0,45.30266194156359,0.0,0.0,0.0,0.0,0.0,0.0,0.0
10.0,3.15650782539127,0.0034035225522616,0.0034035225355844,0.9999942079923992,0.9999942079923992,49.413757117764256,0.0,49.977335276822416,0.0,45.59507962567063,0.0,45.30266190027129,0.0,0.0,0.0,0.0,0.0,0.0,0.0
10.0,3.15675783789189,0.0034035516396348,0.0034035516229629,0.999994207893402,0.999994207893402,49.41375711104415,0.0,49.97733503996108,0.0,45.59507962336408,0.0,45.30266185897574,0.0,0.0,0.0,0.0,0.0,0.0,0.0
10.0,3.15700785039252,0.0034035807290444,0.0034035807123778,0.999994207794398,0.999994207794398,49.4137571043234,0.0,49.97733480321722,0.0,45.595079621057344,0.0,45.302661817676935,0.0,0.0,0.0,0.0,0.0,0.0,0.0
10.0,3.15725786289314,0.0034036098204905,0.0034036098038291,0.999994207695386,0.9999942076953848,49.413757097602,0.0,49.97733456659015,0.0,45.595079618750425,0.0,45.30266177637488,0.0,0.0,0.0,0.0,0.0,0.0,0.0
10.0,3.15750787539377,0.0034036389139729,0.0034036388973168,0.999994207596366,0.999994207596365,49.41375709087996,0.0,49.97733433007917,0.0,45.59507961644333,0.0,45.30266173506958,0.0,0.0,0.0,0.0,0.0,0.0,0.0
10.0,3.1577578878944,0.0034036680094915,0.0034036679928407,0.999994207497338,0.999994207497337,49.41375708415728,0.0,49.97733409368369,0.0,45.59507961413604,0.0,45.30266169376102,0.0,0.0,0.0,0.0,0.0,0.0,0.0
10.0,3.15800790039502,0.0034036971070464,0.0034036970904009,0.999994207398302,0.999994207398302,49.41375707743395,0.0,49.97733385740299,0.0,45.595079611828574,0.0,45.30266165244921,0.0,0.0,0.0,0.0,0.0,0.0,0.0
10.0,3.15825791289564,0.0034037262066375,0.0034037261899972,0.999994207299259,0.999994207299259,49.413757070709984,0.0,49.97733362123645,0.0,45.59507960952092,0.0,45.30266161113416,0.0,0.0,0.0,0.0,0.0,0.0,0.0
10.0,3.15850792539627,0.0034037553082647,0.0034037552916297,0.999994207200208,0.999994207200207,49.41375706398538,0.0,49.9773333851834,0.0,45.59507960721309,0.0,45.30266156981583,0.0,0.0,0.0,0.0,0.0,0.0,0.0
10.0,3.15875793789689,0.0034037844119279,0.0034037843952982,0.999994207101149,0.999994207101149,49.41375705726011,0.0,49.9773331492432,0.0,45.59507960490507,0.0,45.30266152849427,0.0,0.0,0.0,0.0,0.0,0.0,0.0
10.0,3.15900795039752,0.0034038135176272,0.0034038135010027,0.999994207002083,0.999994207002082,49.41375705053423,0.0,49.977332913415225,0.0,45.59507960259687,0.0,45.30266148716945,0.0,0.0,0.0,0.0,0.0,0.0,0.0
10.0,3.15925796289814,0.0034038426253624,0.0034038426087432,0.999994206903008,0.999994206903007,49.41375704380769,0.0,49.97733267769882,0.0,45.59507960028849,0.0,45.30266144584138,0.0,0.0,0.0,0.0,0.0,0.0,0.0
10.0,3.15950797539877,0.0034038717351335,0.0034038717185195,0.999994206803926,0.9999942068039251,49.41375703708052,0.0,49.97733244209336,0.0,45.59507959797992,0.0,45.30266140451006,0.0,0.0,0.0,0.0,0.0,0.0,0.0
10.0,3.1597579878993995,0.0034039008469404,0.0034039008303317,0.999994206704836,0.999994206704835,49.4137570303527,0.0,49.977332206598206,0.0,45.59507959567117,0.0,45.30266136317549,0.0,0.0,0.0,0.0,0.0,0.0,0.0
10.0,3.16000800040002,0.0034039299607831,0.0034039299441797,0.999994206605738,0.9999942066057368,49.41375702362422,0.0,49.97733197121275,0.0,45.59507959336224,0.0,45.30266132183766,0.0,0.0,0.0,0.0,0.0,0.0,0.0
10.0,3.16025801290065,0.0034039590766615,0.0034039590600633,0.999994206506633,0.999994206506632,49.41375701689512,0.0,49.97733173593637,0.0,45.59507959105313,0.0,45.302661280496594,0.0,0.0,0.0,0.0,0.0,0.0,0.0
10.0,3.16050802540127,0.0034039881945756,0.0034039881779827,0.999994206407519,0.999994206407519,49.41375701016536,0.0,49.97733150076844,0.0,45.59507958874383,0.0,45.302661239152265,0.0,0.0,0.0,0.0,0.0,0.0,0.0
10.0,3.1607580379018896,0.0034040173145252,0.0034040172979376,0.999994206308398,0.999994206308398,49.41375700343497,0.0,49.97733126570835,0.0,45.595079586434345,0.0,45.302661197804674,0.0,0.0,0.0,0.0,0.0,0.0,0.0
10.0,3.16100805040252,0.0034040464365105,0.0034040464199281,0.999994206209269,0.9999942062092692,49.41375699670393,0.0,49.97733103075551,0.0,45.59507958412468,0.0,45.30266115645384,0.0,0.0,0.0,0.0,0.0,0.0,0.0
10.0,3.16125806290315,0.0034040755605312,0.0034040755439541,0.999994206110132,0.999994206110132,49.41375698997225,0.0,49.977330795909296,0.0,45.59507958181483,0.0,45.30266111509976,0.0,0.0,0.0,0.0,0.0,0.0,0.0
10.0,3.16150807540377,0.0034041046865874,0.0034041046700155,0.999994206010988,0.999994206010988,49.41375698323993,0.0,49.97733056116911,0.0,45.5950795795048,0.0,45.30266107374243,0.0,0.0,0.0,0.0,0.0,0.0,0.0
10.0,3.1617580879044,0.0034041338146789,0.0034041337981123,0.999994205911836,0.9999942059118349,49.41375697650696,0.0,49.97733032653437,0.0,45.59507957719459,0.0,45.30266103238185,0.0,0.0,0.0,0.0,0.0,0.0,0.0
10.0,3.1620081004050204,0.0034041629448058,0.0034041629282444,0.9999942058126758,0.999994205812675,49.41375696977335,0.0,49.97733009200447,0.0,45.59507957488419,0.0,45.30266099101801,0.0,0.0,0.0,0.0,0.0,0.0,0.0
10.0,3.16225811290565,0.0034041920769679,0.0034041920604118,0.9999942057135082,0.9999942057135082,49.4137569630391,0.0,49.97732985757883,0.0,45.5950795725736,0.0,45.30266094965093,0.0,0.0,0.0,0.0,0.0,0.0,0.0
10.0,3.16250812540627,0.0034042212111652,0.0034042211946144,0.9999942056143322,0.999994205614332,49.4137569563042,0.0,49.97732962325686,0.0,45.59507957026284,0.0,45.30266090828058,0.0,0.0,0.0,0.0,0.0,0.0,0.0
10.0,3.16275813790689,0.0034042503473977,0.0034042503308521,0.999994205515149,0.999994205515149,49.413756949568665,0.0,49.97732938903798,0.0,45.59507956795189,0.0,45.30266086690699,0.0,0.0,0.0,0.0,0.0,0.0,0.0
10.0,3.16300815040752,0.0034042794856653,0.003404279469125,0.999994205415958,0.9999942054159568,49.413756942832485,0.0,49.97732915492162,0.0,45.59507956564076,0.0,45.30266082553013,0.0,0.0,0.0,0.0,0.0,0.0,0.0
10.0,3.16325816290815,0.0034043086259679,0.0034043086094329,0.999994205316759,0.999994205316759,49.41375693609565,0.0,49.977328920907205,0.0,45.59507956332944,0.0,45.30266078415004,0.0,0.0,0.0,0.0,0.0,0.0,0.0
10.0,3.16350817540877,0.0034043377683055,0.0034043377517757,0.999994205217552,0.999994205217552,49.41375692935818,0.0,49.97732868699416,0.0,45.595079561017954,0.0,45.30266074276669,0.0,0.0,0.0,0.0,0.0,0.0,0.0
10.0,3.1637581879094,0.0034043669126781,0.0034043668961535,0.999994205118338,0.999994205118338,49.41375692262008,0.0,49.97732845318192,0.0,45.59507955870627,0.0,45.3026607013801,0.0,0.0,0.0,0.0,0.0,0.0,0.0
10.0,3.16400820041002,0.0034043960590855,0.0034043960425662,0.999994205019116,0.999994205019115,49.41375691588133,0.0,49.97732821946993,0.0,45.59507955639441,0.0,45.302660659990245,0.0,0.0,0.0,0.0,0.0,0.0,0.0
10.0,3.16425821291065,0.0034044252075277,0.0034044251910136,0.999994204919886,0.999994204919885,49.41375690914192,0.0,49.97732798585763,0.0,45.59507955408236,0.0,45.302660618597145,0.0,0.0,0.0,0.0,0.0,0.0,0.0
10.0,3.16450822541127,0.0034044543580046,0.0034044543414959,0.999994204820648,0.999994204820647,49.41375690240189,0.0,49.97732775234446,0.0,45.59507955177013,0.0,45.30266057720079,0.0,0.0,0.0,0.0,0.0,0.0,0.0
10.0,3.1647582379119,0.0034044835105163,0.0034044834940128,0.999994204721402,0.999994204721402,49.4137568956612,0.0,49.97732751892986,0.0,45.59507954945772,0.0,45.30266053580118,0.0,0.0,0.0,0.0,0.0,0.0,0.0
10.0,3.16500825041252,0.0034045126650626,0.0034045126485643,0.999994204622149,0.999994204622149,49.41375688891988,0.0,49.97732728561331,0.0,45.595079547145126,0.0,45.30266049439832,0.0,0.0,0.0,0.0,0.0,0.0,0.0
10.0,3.16525826291315,0.0034045418216435,0.0034045418051505,0.999994204522888,0.999994204522888,49.4137568821779,0.0,49.97732705239425,0.0,45.59507954483235,0.0,45.30266045299221,0.0,0.0,0.0,0.0,0.0,0.0,0.0
10.0,3.16550827541377,0.003404570980259,0.0034045709637711,0.9999942044236187,0.999994204423619,49.41375687543528,0.0,49.97732681927214,0.0,45.59507954251939,0.0,45.30266041158285,0.0,0.0,0.0,0.0,0.0,0.0,0.0
10.0,3.1657582879144,0.0034046001409088,0.0034046001244263,0.999994204324342,0.9999942043243422,49.413756868692026,0.0,49.97732658624644,0.0,45.59507954020624,0.0,45.30266037017024,0.0,0.0,0.0,0.0,0.0,0.0,0.0
10.0,3.16600830041502,0.0034046293035932,0.0034046292871158,0.999994204225058,0.999994204225058,49.41375686194812,0.0,49.97732635331661,0.0,45.595079537892914,0.0,45.30266032875438,0.0,0.0,0.0,0.0,0.0,0.0,0.0
10.0,3.16625831291565,0.0034046584683118,0.0034046584518398,0.999994204125766,0.9999942041257648,49.41375685520358,0.0,49.97732612048213,0.0,45.5950795355794,0.0,45.302660287335264,0.0,0.0,0.0,0.0,0.0,0.0,0.0
10.0,3.16650832541627,0.0034046876350648,0.003404687618598,0.999994204026466,0.999994204026465,49.41375684845839,0.0,49.97732588774249,0.0,45.5950795332657,0.0,45.3026602459129,0.0,0.0,0.0,0.0,0.0,0.0,0.0
10.0,3.1667583379169,0.003404716803852,0.0034047167873904,0.999994203927158,0.9999942039271568,49.41375684171256,0.0,49.97732565509713,0.0,45.59507953095183,0.0,45.30266020448728,0.0,0.0,0.0,0.0,0.0,0.0,0.0
10.0,3.16700835041752,0.0034047459746734,0.0034047459582171,0.999994203827842,0.999994203827842,49.41375683496608,0.0,49.97732542254556,0.0,45.59507952863777,0.0,45.302660163058405,0.0,0.0,0.0,0.0,0.0,0.0,0.0
10.0,3.16725836291815,0.003404775147529,0.0034047751310779,0.999994203728519,0.999994203728518,49.413756828218965,0.0,49.97732519008724,0.0,45.59507952632352,0.0,45.30266012162628,0.0,0.0,0.0,0.0,0.0,0.0,0.0
10.0,3.1675083754187696,0.0034048043224186,0.0034048043059727,0.999994203629188,0.999994203629187,49.4137568214712,0.0,49.97732495772166,0.0,45.59507952400909,0.0,45.30266008019091,0.0,0.0,0.0,0.0,0.0,0.0,0.0
10.0,3.1677583879194,0.0034048334993422,0.0034048334829016,0.9999942035298492,0.999994203529848,49.4137568147228,0.0,49.97732472544833,0.0,45.59507952169448,0.0,45.302660038752286,0.0,0.0,0.0,0.0,0.0,0.0,0.0
10.0,3.16800840042002,0.0034048626782998,0.0034048626618644,0.999994203430502,0.999994203430502,49.41375680797374,0.0,49.97732449326672,0.0,45.59507951937969,0.0,45.30265999731041,0.0,0.0,0.0,0.0,0.0,0.0,0.0
10.0,3.16825841292065,0.0034048918592913,0.0034048918428611,0.999994203331148,0.999994203331148,49.41375680122405,0.0,49.97732426117634,0.0,45.59507951706472,0.0,45.30265995586528,0.0,0.0,0.0,0.0,0.0,0.0,0.0
10.0,3.16850842542127,0.0034049210423167,0.0034049210258917,0.999994203231786,0.999994203231785,49.41375679447371,0.0,49.97732402917668,0.0,45.59507951474956,0.0,45.3026599144169,0.0,0.0,0.0,0.0,0.0,0.0,0.0
10.0,3.1687584379219005,0.0034049502273758,0.0034049502109561,0.999994203132416,0.999994203132415,49.413756787722726,0.0,49.97732379726724,0.0,45.59507951243421,0.0,45.30265987296527,0.0,0.0,0.0,0.0,0.0,0.0,0.0
10.0,3.16900845042252,0.0034049794144687,0.0034049793980542,0.999994203033038,0.9999942030330368,49.4137567809711,0.0,49.97732356544754,0.0,45.59507951011869,0.0,45.30265983151039,0.0,0.0,0.0,0.0,0.0,0.0,0.0
10.0,3.16925846292315,0.0034050086035952,0.003405008587186,0.999994202933652,0.999994202933652,49.41375677421884,0.0,49.977323333717074,0.0,45.595079507802986,0.0,45.30265979005225,0.0,0.0,0.0,0.0,0.0,0.0,0.0
10.0,3.16950847542377,0.0034050377947554,0.0034050377783514,0.999994202834259,0.999994202834259,49.41375676746592,0.0,49.97732310207535,0.0,45.59507950548709,0.0,45.30265974859086,0.0,0.0,0.0,0.0,0.0,0.0,0.0
10.0,3.1697584879244,0.0034050669879491,0.0034050669715503,0.999994202734858,0.999994202734858,49.41375676071236,0.0,49.97732287052191,0.0,45.59507950317101,0.0,45.30265970712622,0.0,0.0,0.0,0.0,0.0,0.0,0.0
10.0,3.17000850042502,0.0034050961831764,0.0034050961667828,0.9999942026354488,0.999994202635448,49.41375675395816,0.0,49.97732263905623,0.0,45.59507950085475,0.0,45.30265966565833,0.0,0.0,0.0,0.0,0.0,0.0,0.0
10.0,3.17025851292565,0.0034051253804371,0.0034051253640487,0.999994202536032,0.999994202536032,49.41375674720332,0.0,49.97732240767787,0.0,45.59507949853831,0.0,45.30265962418719,0.0,0.0,0.0,0.0,0.0,0.0,0.0
10.0,3.17050852542627,0.0034051545797311,0.0034051545633481,0.999994202436608,0.999994202436607,49.41375674044783,0.0,49.97732217638632,0.0,45.595079496221686,0.0,45.3026595827128,0.0,0.0,0.0,0.0,0.0,0.0,0.0
10.0,3.1707585379269,0.0034051837810586,0.0034051837646807,0.9999942023371758,0.999994202337175,49.4137567336917,0.0,49.97732194518114,0.0,45.59507949390488,0.0,45.30265954123516,0.0,0.0,0.0,0.0,0.0,0.0,0.0
10.0,3.17100855042752,0.0034052129844193,0.0034052129680466,0.999994202237736,0.999994202237735,49.41375672693491,0.0,49.97732171406183,0.0,45.59507949158788,0.0,45.30265949975426,0.0,0.0,0.0,0.0,0.0,0.0,0.0
10.0,3.17125856292815,0.0034052421898132,0.0034052421734458,0.999994202138288,0.999994202138287,49.413756720177496,0.0,49.977321483027936,0.0,45.59507948927071,0.0,45.302659458270114,0.0,0.0,0.0,0.0,0.0,0.0,0.0
10.0,3.17150857542877,0.0034052713972403,0.0034052713808781,0.999994202038832,0.999994202038832,49.41375671341944,0.0,49.97732125207899,0.0,45.59507948695335,0.0,45.30265941678272,0.0,0.0,0.0,0.0,0.0,0.0,0.0
10.0,3.1717585879294,0.0034053006067005,0.0034053005903435,0.999994201939369,0.999994201939368,49.41375670666072,0.0,49.977321021214536,0.0,45.59507948463581,0.0,45.30265937529207,0.0,0.0,0.0,0.0,0.0,0.0,0.0
10.0,3.17200860043002,0.0034053298181937,0.003405329801842,0.999994201839898,0.999994201839898,49.41375669990137,0.0,49.9773207904341,0.0,45.59507948231808,0.0,45.30265933379817,0.0,0.0,0.0,0.0,0.0,0.0,0.0
10.0,3.17225861293065,0.00340535903172,0.0034053590153735,0.9999942017404192,0.999994201740418,49.41375669314137,0.0,49.97732055973724,0.0,45.59507948000018,0.0,45.30265929230101,0.0,0.0,0.0,0.0,0.0,0.0,0.0
10.0,3.17250862543127,0.0034053882472792,0.0034053882309379,0.999994201640932,0.999994201640932,49.41375668638074,0.0,49.9773203291235,0.0,45.59507947768209,0.0,45.30265925080061,0.0,0.0,0.0,0.0,0.0,0.0,0.0
10.0,3.1727586379319,0.0034054174648713,0.0034054174485352,0.999994201541438,0.999994201541437,49.413756679619446,0.0,49.97732009859242,0.0,45.59507947536382,0.0,45.30265920929696,0.0,0.0,0.0,0.0,0.0,0.0,0.0
10.0,3.17300865043252,0.0034054466844962,0.0034054466681653,0.999994201441936,0.999994201441935,49.41375667285752,0.0,49.97731986814356,0.0,45.59507947304536,0.0,45.30265916779005,0.0,0.0,0.0,0.0,0.0,0.0,0.0
10.0,3.17325866293315,0.0034054759061538,0.0034054758898282,0.999994201342426,0.999994201342425,49.41375666609495,0.0,49.97731963777648,0.0,45.59507947072672,0.0,45.302659126279885,0.0,0.0,0.0,0.0,0.0,0.0,0.0
10.0,3.17350867543377,0.0034055051298442,0.0034055051135238,0.999994201242908,0.999994201242907,49.413756659331725,0.0,49.97731940749071,0.0,45.595079468407896,0.0,45.30265908476648,0.0,0.0,0.0,0.0,0.0,0.0,0.0
10.0,3.1737586879344,0.0034055343555673,0.0034055343392521,0.999994201143382,0.999994201143382,49.41375665256786,0.0,49.97731917728585,0.0,45.5950794660889,0.0,45.30265904324982,0.0,0.0,0.0,0.0,0.0,0.0,0.0
10.0,3.17400870043502,0.0034055635833229,0.0034055635670129,0.9999942010438488,0.9999942010438488,49.41375664580336,0.0,49.97731894716143,0.0,45.59507946376971,0.0,45.30265900172991,0.0,0.0,0.0,0.0,0.0,0.0,0.0
10.0,3.1742587129356497,0.0034055928131111,0.0034055927968063,0.999994200944308,0.999994200944307,49.41375663903821,0.0,49.97731871711704,0.0,45.59507946145033,0.0,45.302658960206735,0.0,0.0,0.0,0.0,0.0,0.0,0.0
10.0,3.17450872543627,0.0034056220449318,0.0034056220286322,0.999994200844759,0.999994200844758,49.41375663227242,0.0,49.97731848715223,0.0,45.59507945913078,0.0,45.30265891868032,0.0,0.0,0.0,0.0,0.0,0.0,0.0
10.0,3.1747587379369,0.0034056512787849,0.0034056512624905,0.999994200745202,0.999994200745202,49.413756625505975,0.0,49.977318257266575,0.0,45.59507945681104,0.0,45.302658877150655,0.0,0.0,0.0,0.0,0.0,0.0,0.0
10.0,3.17500875043752,0.0034056805146703,0.0034056804983812,0.999994200645638,0.999994200645637,49.41375661873889,0.0,49.977318027459646,0.0,45.59507945449111,0.0,45.30265883561773,0.0,0.0,0.0,0.0,0.0,0.0,0.0
10.0,3.17525876293815,0.0034057097525881,0.0034057097363042,0.999994200546065,0.9999942005460652,49.41375661197116,0.0,49.97731779773103,0.0,45.59507945217101,0.0,45.30265879408156,0.0,0.0,0.0,0.0,0.0,0.0,0.0
10.0,3.17550877543877,0.0034057389925381,0.0034057389762594,0.999994200446485,0.999994200446485,49.41375660520279,0.0,49.97731756808029,0.0,45.59507944985072,0.0,45.30265875254214,0.0,0.0,0.0,0.0,0.0,0.0,0.0
10.0,3.1757587879394,0.0034057682345204,0.0034057682182469,0.999994200346898,0.999994200346897,49.41375659843377,0.0,49.97731733850701,0.0,45.595079447530246,0.0,45.30265871099947,0.0,0.0,0.0,0.0,0.0,0.0,0.0
10.0,3.17600880044002,0.0034057974785348,0.0034057974622665,0.999994200247302,0.999994200247302,49.4137565916641,0.0,49.977317109010784,0.0,45.59507944520959,0.0,45.302658669453535,0.0,0.0,0.0,0.0,0.0,0.0,0.0
10.0,3.17625881294065,0.0034058267245812,0.0034058267083182,0.999994200147699,0.999994200147698,49.4137565848938,0.0,49.97731687959119,0.0,45.59507944288876,0.0,45.30265862790437,0.0,0.0,0.0,0.0,0.0,0.0,0.0
10.0,3.1765088254412697,0.0034058559726598,0.0034058559564019,0.999994200048088,0.9999942000480871,49.41375657812285,0.0,49.977316650247815,0.0,45.59507944056773,0.0,45.30265858635193,0.0,0.0,0.0,0.0,0.0,0.0,0.0
10.0,3.1767588379419,0.0034058852227702,0.0034058852065176,0.999994199948469,0.999994199948468,49.41375657135125,0.0,49.97731642098025,0.0,45.595079438246536,0.0,45.30265854479626,0.0,0.0,0.0,0.0,0.0,0.0,0.0
10.0,3.17700885044252,0.0034059144749126,0.0034059144586652,0.999994199848842,0.999994199848842,49.41375656457902,0.0,49.9773161917881,0.0,45.59507943592515,0.0,45.302658503237325,0.0,0.0,0.0,0.0,0.0,0.0,0.0
10.0,3.17725886294315,0.0034059437290869,0.0034059437128446,0.999994199749208,0.9999941997492072,49.41375655780613,0.0,49.977315962670936,0.0,45.59507943360358,0.0,45.30265846167515,0.0,0.0,0.0,0.0,0.0,0.0,0.0
10.0,3.17750887544377,0.0034059729852929,0.0034059729690559,0.999994199649565,0.999994199649565,49.413756551032606,0.0,49.97731573362838,0.0,45.59507943128183,0.0,45.30265842010971,0.0,0.0,0.0,0.0,0.0,0.0,0.0
10.0,3.1777588879444,0.0034060022435308,0.0034060022272989,0.999994199549915,0.9999941995499152,49.413756544258426,0.0,49.97731550466001,0.0,45.59507942895989,0.0,45.30265837854103,0.0,0.0,0.0,0.0,0.0,0.0,0.0
10.0,3.17800890044502,0.0034060315038002,0.0034060314875736,0.999994199450258,0.999994199450257,49.41375653748361,0.0,49.97731527576546,0.0,45.59507942663777,0.0,45.302658336969095,0.0,0.0,0.0,0.0,0.0,0.0,0.0
10.0,3.17825891294565,0.0034060607661014,0.0034060607498799,0.999994199350592,0.999994199350592,49.413756530708135,0.0,49.97731504694431,0.0,45.595079424315465,0.0,45.3026582953939,0.0,0.0,0.0,0.0,0.0,0.0,0.0
10.0,3.17850892544627,0.0034060900304341,0.0034060900142178,0.999994199250919,0.999994199250918,49.41375652393204,0.0,49.97731481819617,0.0,45.59507942199298,0.0,45.302658253815466,0.0,0.0,0.0,0.0,0.0,0.0,0.0
10.0,3.1787589379469,0.0034061192967983,0.0034061192805872,0.999994199151238,0.9999941991512368,49.413756517155285,0.0,49.97731458952065,0.0,45.59507941967031,0.0,45.30265821223377,0.0,0.0,0.0,0.0,0.0,0.0,0.0
10.0,3.17900895044752,0.003406148565194,0.0034061485489881,0.999994199051549,0.999994199051548,49.41375651037788,0.0,49.977314360917376,0.0,45.595079417347456,0.0,45.30265817064883,0.0,0.0,0.0,0.0,0.0,0.0,0.0
10.0,3.17925896294815,0.0034061778356211,0.0034061778194204,0.999994198951852,0.999994198951852,49.41375650359984,0.0,49.977314132385935,0.0,45.59507941502442,0.0,45.30265812906064,0.0,0.0,0.0,0.0,0.0,0.0,0.0
10.0,3.17950897544877,0.0034062071080795,0.0034062070918841,0.999994198852148,0.9999941988521468,49.41375649682116,0.0,49.977313903925975,0.0,45.5950794127012,0.0,45.30265808746919,0.0,0.0,0.0,0.0,0.0,0.0,0.0
10.0,3.1797589879494,0.0034062363825693,0.003406236366379,0.999994198752436,0.999994198752435,49.41375649004182,0.0,49.9773136755371,0.0,45.5950794103778,0.0,45.3026580458745,0.0,0.0,0.0,0.0,0.0,0.0,0.0
10.0,3.18000900045002,0.0034062656590902,0.0034062656429052,0.999994198652716,0.999994198652715,49.41375648326184,0.0,49.97731344721891,0.0,45.59507940805421,0.0,45.30265800427655,0.0,0.0,0.0,0.0,0.0,0.0,0.0
10.0,3.18025901295065,0.0034062949376424,0.0034062949214625,0.999994198552988,0.999994198552987,49.41375647648121,0.0,49.97731321897106,0.0,45.59507940573045,0.0,45.30265796267535,0.0,0.0,0.0,0.0,0.0,0.0,0.0
10.0,3.18050902545127,0.0034063242182257,0.003406324202051,0.999994198453252,0.999994198453252,49.41375646969995,0.0,49.97731299079318,0.0,45.595079403406494,0.0,45.302657921070896,0.0,0.0,0.0,0.0,0.0,0.0,0.0
10.0,3.1807590379519,0.00340635350084,0.0034063534846705,0.999994198353509,0.999994198353508,49.41375646291804,0.0,49.97731276268486,0.0,45.59507940108236,0.0,45.3026578794632,0.0,0.0,0.0,0.0,0.0,0.0,0.0
10.0,3.18100905045252,0.0034063827854853,0.003406382769321,0.999994198253758,0.9999941982537568,49.41375645613548,0.0,49.97731253464576,0.0,45.595079398758045,0.0,45.30265783785224,0.0,0.0,0.0,0.0,0.0,0.0,0.0
10.0,3.18125906295315,0.0034064120721616,0.0034064120560025,0.999994198153999,0.9999941981539991,49.41375644935228,0.0,49.9773123066755,0.0,45.59507939643355,0.0,45.30265779623805,0.0,0.0,0.0,0.0,0.0,0.0,0.0
10.0,3.18150907545377,0.0034064413608688,0.0034064413447149,0.999994198054233,0.9999941980542318,49.41375644256843,0.0,49.97731207877372,0.0,45.59507939410887,0.0,45.30265775462058,0.0,0.0,0.0,0.0,0.0,0.0,0.0
10.0,3.1817590879544,0.0034064706516069,0.0034064706354581,0.999994197954458,0.999994197954458,49.41375643578394,0.0,49.97731185094006,0.0,45.59507939178399,0.0,45.30265771299988,0.0,0.0,0.0,0.0,0.0,0.0,0.0
10.0,3.18200910045502,0.0034064999443757,0.0034064999282321,0.999994197854676,0.999994197854675,49.4137564289988,0.0,49.97731162317415,0.0,45.59507938945895,0.0,45.302657671375925,0.0,0.0,0.0,0.0,0.0,0.0,0.0
10.0,3.18225911295565,0.0034065292391752,0.0034065292230368,0.999994197754886,0.999994197754885,49.41375642221303,0.0,49.97731139547562,0.0,45.59507938713372,0.0,45.30265762974871,0.0,0.0,0.0,0.0,0.0,0.0,0.0
10.0,3.18250912545627,0.0034065585360054,0.0034065585198722,0.999994197655088,0.999994197655087,49.41375641542658,0.0,49.977311167844135,0.0,45.59507938480829,0.0,45.30265758811825,0.0,0.0,0.0,0.0,0.0,0.0,0.0
10.0,3.1827591379569,0.0034065878348662,0.0034065878187382,0.999994197555282,0.999994197555282,49.41375640863952,0.0,49.97731094027933,0.0,45.59507938248269,0.0,45.30265754648454,0.0,0.0,0.0,0.0,0.0,0.0,0.0
10.0,3.18300915045752,0.0034066171357576,0.0034066171196347,0.999994197455469,0.999994197455469,49.41375640185179,0.0,49.977310712780834,0.0,45.59507938015691,0.0,45.30265750484757,0.0,0.0,0.0,0.0,0.0,0.0,0.0
10.0,3.1832591629581497,0.0034066464386794,0.0034066464225618,0.999994197355648,0.999994197355648,49.41375639506344,0.0,49.97731048534833,0.0,45.59507937783094,0.0,45.30265746320736,0.0,0.0,0.0,0.0,0.0,0.0,0.0
10.0,3.18350917545877,0.0034066757436317,0.0034066757275193,0.999994197255819,0.999994197255819,49.41375638827442,0.0,49.97731025798144,0.0,45.5950793755048,0.0,45.30265742156389,0.0,0.0,0.0,0.0,0.0,0.0,0.0
10.0,3.1837591879594,0.0034067050506144,0.0034067050345071,0.999994197155983,0.999994197155982,49.41375638148477,0.0,49.97731003067983,0.0,45.595079373178464,0.0,45.30265737991719,0.0,0.0,0.0,0.0,0.0,0.0,0.0
10.0,3.18400920046002,0.0034067343596274,0.0034067343435253,0.999994197056138,0.999994197056138,49.41375637469447,0.0,49.97730980344315,0.0,45.59507937085195,0.0,45.3026573382672,0.0,0.0,0.0,0.0,0.0,0.0,0.0
10.0,3.18425921296065,0.0034067636706707,0.0034067636545738,0.999994196956286,0.9999941969562848,49.41375636790353,0.0,49.977309576271054,0.0,45.59507936852524,0.0,45.302657296614,0.0,0.0,0.0,0.0,0.0,0.0,0.0
10.0,3.18450922546127,0.0034067929837442,0.0034067929676524,0.999994196856426,0.999994196856425,49.41375636111193,0.0,49.977309349163214,0.0,45.59507936619836,0.0,45.30265725495752,0.0,0.0,0.0,0.0,0.0,0.0,0.0
10.0,3.1847592379619,0.0034068222988478,0.0034068222827612,0.999994196756558,0.999994196756557,49.4137563543197,0.0,49.97730912211927,0.0,45.5950793638713,0.0,45.3026572132978,0.0,0.0,0.0,0.0,0.0,0.0,0.0
10.0,3.18500925046252,0.0034068516159815,0.0034068515999002,0.999994196656683,0.999994196656682,49.413756347526814,0.0,49.9773088951389,0.0,45.59507936154405,0.0,45.30265717163483,0.0,0.0,0.0,0.0,0.0,0.0,0.0
10.0,3.18525926296315,0.0034068809351453,0.0034068809190691,0.9999941965567992,0.9999941965567992,49.413756340733286,0.0,49.97730866822177,0.0,45.59507935921662,0.0,45.3026571299686,0.0,0.0,0.0,0.0,0.0,0.0,0.0
10.0,3.1855092754637706,0.0034069102563391,0.0034069102402681,0.999994196456908,0.999994196456908,49.41375633393911,0.0,49.977308441367526,0.0,45.59507935688901,0.0,45.30265708829913,0.0,0.0,0.0,0.0,0.0,0.0,0.0
10.0,3.1857592879644,0.0034069395795628,0.0034069395634969,0.999994196357009,0.999994196357009,49.4137563271443,0.0,49.97730821457586,0.0,45.595079354561214,0.0,45.30265704662639,0.0,0.0,0.0,0.0,0.0,0.0,0.0
10.0,3.18600930046502,0.0034069689048163,0.0034069688887557,0.999994196257103,0.9999941962571018,49.41375632034883,0.0,49.97730798784642,0.0,45.59507935223324,0.0,45.30265700495041,0.0,0.0,0.0,0.0,0.0,0.0,0.0
10.0,3.18625931296565,0.0034069982320997,0.0034069982160442,0.999994196157188,0.999994196157188,49.41375631355272,0.0,49.97730776117889,0.0,45.59507934990506,0.0,45.30265696327119,0.0,0.0,0.0,0.0,0.0,0.0,0.0
10.0,3.18650932546627,0.0034070275614128,0.0034070275453625,0.999994196057266,0.999994196057266,49.41375630675597,0.0,49.97730753457295,0.0,45.59507934757672,0.0,45.30265692158871,0.0,0.0,0.0,0.0,0.0,0.0,0.0
10.0,3.1867593379669,0.0034070568927557,0.0034070568767105,0.999994195957336,0.999994195957336,49.41375629995856,0.0,49.977307308028266,0.0,45.59507934524819,0.0,45.302656879902976,0.0,0.0,0.0,0.0,0.0,0.0,0.0
10.0,3.18700935046752,0.0034070862261281,0.0034070862100881,0.999994195857398,0.999994195857398,49.41375629316052,0.0,49.97730708154452,0.0,45.59507934291947,0.0,45.30265683821399,0.0,0.0,0.0,0.0,0.0,0.0,0.0
10.0,3.18725936296815,0.0034071155615302,0.0034071155454954,0.9999941957574532,0.999994195757452,49.413756286361824,0.0,49.97730685512138,0.0,45.59507934059058,0.0,45.30265679652176,0.0,0.0,0.0,0.0,0.0,0.0,0.0
10.0,3.1875093754687693,0.0034071448989618,0.0034071448829321,0.999994195657499,0.999994195657499,49.41375627956249,0.0,49.97730662875853,0.0,45.5950793382615,0.0,45.30265675482627,0.0,0.0,0.0,0.0,0.0,0.0,0.0
10.0,3.1877593879694,0.0034071742384229,0.0034071742223984,0.999994195557538,0.999994195557538,49.41375627276251,0.0,49.97730640245568,0.0,45.59507933593224,0.0,45.30265671312753,0.0,0.0,0.0,0.0,0.0,0.0,0.0
10.0,3.18800940047002,0.0034072035799133,0.003407203563894,0.999994195457569,0.999994195457569,49.41375626596188,0.0,49.97730617621247,0.0,45.59507933360279,0.0,45.302656671425545,0.0,0.0,0.0,0.0,0.0,0.0,0.0
10.0,3.18825941297065,0.0034072329234332,0.003407232907419,0.999994195357593,0.999994195357592,49.4137562591606,0.0,49.97730595002862,0.0,45.59507933127316,0.0,45.3026566297203,0.0,0.0,0.0,0.0,0.0,0.0,0.0
10.0,3.18850942547127,0.0034072622689823,0.0034072622529733,0.9999941952576088,0.999994195257608,49.41375625235868,0.0,49.9773057239038,0.0,45.59507932894335,0.0,45.30265658801182,0.0,0.0,0.0,0.0,0.0,0.0,0.0
10.0,3.1887594379719,0.0034072916165607,0.0034072916005568,0.999994195157616,0.999994195157616,49.41375624555612,0.0,49.977305497837705,0.0,45.59507932661336,0.0,45.30265654630007,0.0,0.0,0.0,0.0,0.0,0.0,0.0
10.0,3.18900945047252,0.0034073209661683,0.0034073209501696,0.999994195057616,0.999994195057616,49.413756238752896,0.0,49.97730527183003,0.0,45.59507932428317,0.0,45.30265650458507,0.0,0.0,0.0,0.0,0.0,0.0,0.0
10.0,3.18925946297315,0.003407350317805,0.0034073503018114,0.999994194957609,0.999994194957608,49.41375623194904,0.0,49.97730504588047,0.0,45.59507932195282,0.0,45.30265646286684,0.0,0.0,0.0,0.0,0.0,0.0,0.0
10.0,3.18950947547377,0.0034073796714707,0.0034073796554824,0.999994194857593,0.9999941948575932,49.41375622514454,0.0,49.97730481998871,0.0,45.595079319622265,0.0,45.302656421145336,0.0,0.0,0.0,0.0,0.0,0.0,0.0
10.0,3.1897594879744,0.0034074090271655,0.0034074090111823,0.99999419475757,0.999994194757569,49.413756218339394,0.0,49.97730459415445,0.0,45.59507931729153,0.0,45.30265637942059,0.0,0.0,0.0,0.0,0.0,0.0,0.0
10.0,3.19000950047502,0.0034074383848893,0.0034074383689112,0.999994194657539,0.999994194657538,49.4137562115336,0.0,49.9773043683774,0.0,45.59507931496062,0.0,45.3026563376926,0.0,0.0,0.0,0.0,0.0,0.0,0.0
10.0,3.19025951297565,0.0034074677446419,0.0034074677286691,0.9999941945575,0.999994194557499,49.41375620472716,0.0,49.97730414265724,0.0,45.59507931262953,0.0,45.30265629596134,0.0,0.0,0.0,0.0,0.0,0.0,0.0
10.0,3.19050952547627,0.0034074971064234,0.0034074970904557,0.999994194457453,0.999994194457453,49.41375619792006,0.0,49.97730391699368,0.0,45.59507931029825,0.0,45.30265625422684,0.0,0.0,0.0,0.0,0.0,0.0,0.0
10.0,3.1907595379769,0.0034075264702337,0.0034075264542712,0.9999941943573988,0.999994194357398,49.41375619111233,0.0,49.977303691386425,0.0,45.59507930796679,0.0,45.30265621248909,0.0,0.0,0.0,0.0,0.0,0.0,0.0
10.0,3.19100955047752,0.0034075558360727,0.0034075558201153,0.9999941942573372,0.999994194257336,49.41375618430395,0.0,49.97730346583519,0.0,45.59507930563515,0.0,45.302656170748094,0.0,0.0,0.0,0.0,0.0,0.0,0.0
10.0,3.19125956297815,0.0034075852039404,0.0034075851879882,0.999994194157267,0.999994194157266,49.413756177494925,0.0,49.97730324033965,0.0,45.59507930330333,0.0,45.30265612900384,0.0,0.0,0.0,0.0,0.0,0.0,0.0
10.0,3.19150957547877,0.0034076145738368,0.0034076145578897,0.999994194057189,0.999994194057188,49.41375617068525,0.0,49.97730301489955,0.0,45.595079300971314,0.0,45.30265608725633,0.0,0.0,0.0,0.0,0.0,0.0,0.0
10.0,3.1917595879794,0.0034076439457616,0.0034076439298197,0.999994193957104,0.9999941939571028,49.413756163874936,0.0,49.977302789514574,0.0,45.59507929863912,0.0,45.30265604550557,0.0,0.0,0.0,0.0,0.0,0.0,0.0
10.0,3.19200960048002,0.003407673319715,0.0034076733037782,0.99999419385701,0.99999419385701,49.413756157063965,0.0,49.97730256418445,0.0,45.59507929630674,0.0,45.302656003751565,0.0,0.0,0.0,0.0,0.0,0.0,0.0
10.0,3.19225961298065,0.0034077026956968,0.0034077026797652,0.999994193756909,0.999994193756909,49.41375615025236,0.0,49.97730233890888,0.0,45.59507929397418,0.0,45.30265596199431,0.0,0.0,0.0,0.0,0.0,0.0,0.0
10.0,3.19250962548127,0.0034077320737071,0.0034077320577806,0.9999941936568,0.9999941936568,49.4137561434401,0.0,49.97730211368758,0.0,45.59507929164144,0.0,45.3026559202338,0.0,0.0,0.0,0.0,0.0,0.0,0.0
10.0,3.1927596379819,0.0034077614537456,0.0034077614378243,0.999994193556684,0.9999941935566828,49.4137561366272,0.0,49.97730188852026,0.0,45.59507928930852,0.0,45.30265587847004,0.0,0.0,0.0,0.0,0.0,0.0,0.0
10.0,3.19300965048252,0.0034077908358125,0.0034077908198963,0.9999941934565592,0.9999941934565592,49.41375612981364,0.0,49.97730166340666,0.0,45.59507928697541,0.0,45.30265583670303,0.0,0.0,0.0,0.0,0.0,0.0,0.0
10.0,3.19325966298315,0.0034078202199075,0.0034078202039965,0.999994193356427,0.999994193356427,49.41375612299945,0.0,49.97730143834647,0.0,45.59507928464212,0.0,45.30265579493277,0.0,0.0,0.0,0.0,0.0,0.0,0.0
10.0,3.19350967548377,0.0034078496060307,0.0034078495901248,0.999994193256287,0.999994193256287,49.4137561161846,0.0,49.97730121333942,0.0,45.59507928230863,0.0,45.30265575315926,0.0,0.0,0.0,0.0,0.0,0.0,0.0
10.0,3.1937596879844,0.003407878994182,0.0034078789782813,0.99999419315614,0.9999941931561392,49.41375610936912,0.0,49.977300988385245,0.0,45.595079279974975,0.0,45.30265571138249,0.0,0.0,0.0,0.0,0.0,0.0,0.0
10.0,3.19400970048502,0.0034079083843614,0.0034079083684658,0.999994193055984,0.999994193055983,49.41375610255299,0.0,49.97730076348366,0.0,45.59507927764113,0.0,45.30265566960247,0.0,0.0,0.0,0.0,0.0,0.0,0.0
10.0,3.1942597129856494,0.0034079377765688,0.0034079377606783,0.999994192955821,0.99999419295582,49.4137560957362,0.0,49.97730053863439,0.0,45.59507927530711,0.0,45.3026556278192,0.0,0.0,0.0,0.0,0.0,0.0,0.0
10.0,3.19450972548627,0.0034079671708041,0.0034079671549187,0.99999419285565,0.999994192855649,49.41375608891877,0.0,49.97730031383716,0.0,45.5950792729729,0.0,45.302655586032685,0.0,0.0,0.0,0.0,0.0,0.0,0.0
10.0,3.1947597379869,0.0034079965670672,0.0034079965511871,0.999994192755471,0.999994192755471,49.413756082100704,0.0,49.9773000890917,0.0,45.595079270638514,0.0,45.30265554424291,0.0,0.0,0.0,0.0,0.0,0.0,0.0
10.0,3.19500975048752,0.0034080259653582,0.0034080259494832,0.999994192655284,0.999994192655284,49.41375607528198,0.0,49.977299864397736,0.0,45.59507926830394,0.0,45.30265550244989,0.0,0.0,0.0,0.0,0.0,0.0,0.0
10.0,3.19525976298815,0.003408055365677,0.0034080553498071,0.99999419255509,0.99999419255509,49.41375606846261,0.0,49.97729963975499,0.0,45.59507926596918,0.0,45.302655460653625,0.0,0.0,0.0,0.0,0.0,0.0,0.0
10.0,3.19550977548877,0.0034080847680235,0.0034080847521587,0.999994192454888,0.999994192454887,49.413756061642594,0.0,49.977299415163216,0.0,45.59507926363424,0.0,45.3026554188541,0.0,0.0,0.0,0.0,0.0,0.0,0.0
10.0,3.1957597879894,0.0034081141723976,0.003408114156538,0.999994192354678,0.999994192354678,49.41375605482194,0.0,49.97729919062214,0.0,45.59507926129911,0.0,45.30265537705133,0.0,0.0,0.0,0.0,0.0,0.0,0.0
10.0,3.19600980049002,0.0034081435787993,0.0034081435629448,0.99999419225446,0.99999419225446,49.41375604800062,0.0,49.97729896613148,0.0,45.59507925896381,0.0,45.3026553352453,0.0,0.0,0.0,0.0,0.0,0.0,0.0
10.0,3.19625981299065,0.0034081729872285,0.0034081729713792,0.999994192154235,0.999994192154234,49.41375604117867,0.0,49.977298741691,0.0,45.59507925662831,0.0,45.302655293436025,0.0,0.0,0.0,0.0,0.0,0.0,0.0
10.0,3.1965098254912703,0.0034082023976853,0.003408202381841,0.999994192054002,0.999994192054001,49.41375603435607,0.0,49.977298517300426,0.0,45.59507925429265,0.0,45.30265525162351,0.0,0.0,0.0,0.0,0.0,0.0,0.0
10.0,3.1967598379919,0.0034082318101694,0.0034082317943303,0.999994191953761,0.9999941919537602,49.41375602753283,0.0,49.97729829295949,0.0,45.59507925195678,0.0,45.30265520980772,0.0,0.0,0.0,0.0,0.0,0.0,0.0
10.0,3.19700985049252,0.0034082612246809,0.003408261208847,0.999994191853512,0.999994191853511,49.41375602070893,0.0,49.97729806866793,0.0,45.595079249620746,0.0,45.30265516798869,0.0,0.0,0.0,0.0,0.0,0.0,0.0
10.0,3.19725986299315,0.0034082906412197,0.0034082906253909,0.9999941917532552,0.9999941917532552,49.4137560138844,0.0,49.97729784442552,0.0,45.59507924728452,0.0,45.30265512616641,0.0,0.0,0.0,0.0,0.0,0.0,0.0
10.0,3.19750987549377,0.0034083200597858,0.0034083200439621,0.999994191652991,0.99999419165299,49.4137560070592,0.0,49.97729762023195,0.0,45.59507924494812,0.0,45.30265508434088,0.0,0.0,0.0,0.0,0.0,0.0,0.0
10.0,3.1977598879944,0.0034083494803791,0.0034083494645605,0.999994191552719,0.999994191552718,49.41375600023337,0.0,49.97729739608702,0.0,45.595079242611526,0.0,45.3026550425121,0.0,0.0,0.0,0.0,0.0,0.0,0.0
10.0,3.19800990049502,0.0034083789029995,0.0034083788871861,0.999994191452439,0.999994191452438,49.41375599340689,0.0,49.97729717199044,0.0,45.59507924027475,0.0,45.30265500068006,0.0,0.0,0.0,0.0,0.0,0.0,0.0
10.0,3.19825991299565,0.003408408327647,0.0034084083118387,0.999994191352151,0.999994191352151,49.413755986579766,0.0,49.977296947941966,0.0,45.5950792379378,0.0,45.302654958844776,0.0,0.0,0.0,0.0,0.0,0.0,0.0
10.0,3.19850992549627,0.0034084377543215,0.0034084377385183,0.999994191251856,0.999994191251855,49.41375597975199,0.0,49.97729672394136,0.0,45.59507923560066,0.0,45.30265491700624,0.0,0.0,0.0,0.0,0.0,0.0,0.0
10.0,3.1987599379969,0.0034084671830229,0.0034084671672249,0.999994191151552,0.999994191151552,49.41375597292356,0.0,49.97729649998835,0.0,45.59507923326333,0.0,45.302654875164464,0.0,0.0,0.0,0.0,0.0,0.0,0.0
10.0,3.19900995049752,0.0034084966137513,0.0034084965979584,0.999994191051241,0.999994191051241,49.41375596609449,0.0,49.977296276082704,0.0,45.59507923092583,0.0,45.302654833319416,0.0,0.0,0.0,0.0,0.0,0.0,0.0
10.0,3.19925996299815,0.0034085260465066,0.0034085260307188,0.999994190950922,0.999994190950922,49.413755959264776,0.0,49.977296052224176,0.0,45.59507922858815,0.0,45.30265479147113,0.0,0.0,0.0,0.0,0.0,0.0,0.0
10.0,3.19950997549878,0.0034085554812886,0.003408555465506,0.9999941908505962,0.999994190850595,49.41375595243442,0.0,49.97729582841251,0.0,45.59507922625027,0.0,45.30265474961959,0.0,0.0,0.0,0.0,0.0,0.0,0.0
10.0,3.1997599879994,0.0034085849180974,0.0034085849023199,0.999994190750262,0.999994190750261,49.413755945603405,0.0,49.97729560464746,0.0,45.59507922391223,0.0,45.3026547077648,0.0,0.0,0.0,0.0,0.0,0.0,0.0
10.0,3.20001000050002,0.0034086143569328,0.0034086143411604,0.99999419064992,0.9999941906499188,49.41375593877175,0.0,49.9772953809288,0.0,45.59507922157398,0.0,45.30265466590676,0.0,0.0,0.0,0.0,0.0,0.0,0.0
10.0,3.20026001300065,0.0034086437977949,0.0034086437820276,0.99999419054957,0.999994190549569,49.41375593193945,0.0,49.977295157256265,0.0,45.59507921923556,0.0,45.302654624045466,0.0,0.0,0.0,0.0,0.0,0.0,0.0
10.0,3.20051002550128,0.0034086732406836,0.0034086732249214,0.999994190449212,0.999994190449211,49.4137559251065,0.0,49.97729493362963,0.0,45.59507921689695,0.0,45.30265458218092,0.0,0.0,0.0,0.0,0.0,0.0,0.0
10.0,3.2007600380019,0.0034087026855987,0.0034087026698417,0.9999941903488472,0.999994190348846,49.4137559182729,0.0,49.97729471004866,0.0,45.59507921455817,0.0,45.30265454031313,0.0,0.0,0.0,0.0,0.0,0.0,0.0
10.0,3.2010100505025294,0.0034087321325403,0.0034087321167884,0.999994190248473,0.999994190248473,49.413755911438656,0.0,49.97729448651309,0.0,45.59507921221919,0.0,45.30265449844208,0.0,0.0,0.0,0.0,0.0,0.0,0.0
10.0,3.20126006300315,0.0034087615815083,0.0034087615657615,0.999994190148092,0.999994190148092,49.41375590460376,0.0,49.97729426302271,0.0,45.59507920988004,0.0,45.30265445656779,0.0,0.0,0.0,0.0,0.0,0.0,0.0
10.0,3.20151007550378,0.0034087910325027,0.003408791016761,0.999994190047704,0.999994190047703,49.41375589776823,0.0,49.97729403957728,0.0,45.59507920754071,0.0,45.30265441469024,0.0,0.0,0.0,0.0,0.0,0.0,0.0
10.0,3.2017600880044,0.0034088204855233,0.0034088204697867,0.999994189947307,0.999994189947306,49.41375589093204,0.0,49.97729381617655,0.0,45.59507920520119,0.0,45.30265437280944,0.0,0.0,0.0,0.0,0.0,0.0,0.0
10.0,3.20201010050503,0.0034088499405701,0.0034088499248387,0.9999941898469028,0.999994189846902,49.41375588409521,0.0,49.977293592820295,0.0,45.59507920286149,0.0,45.30265433092539,0.0,0.0,0.0,0.0,0.0,0.0,0.0
10.0,3.20226011300565,0.0034088793976432,0.0034088793819168,0.99999418974649,0.99999418974649,49.41375587725772,0.0,49.977293369508295,0.0,45.5950792005216,0.0,45.30265428903809,0.0,0.0,0.0,0.0,0.0,0.0,0.0
10.0,3.20251012550628,0.0034089088567423,0.0034089088410211,0.9999941896460708,0.99999418964607,49.41375587041959,0.0,49.97729314624031,0.0,45.59507919818153,0.0,45.30265424714754,0.0,0.0,0.0,0.0,0.0,0.0,0.0
10.0,3.2027601380069,0.0034089383178675,0.0034089383021514,0.999994189545643,0.9999941895456432,49.41375586358082,0.0,49.9772929230161,0.0,45.59507919584128,0.0,45.30265420525374,0.0,0.0,0.0,0.0,0.0,0.0,0.0
10.0,3.20301015050753,0.0034089677810187,0.0034089677653077,0.999994189445208,0.9999941894452072,49.41375585674139,0.0,49.97729269983545,0.0,45.59507919350085,0.0,45.302654163356685,0.0,0.0,0.0,0.0,0.0,0.0,0.0
10.0,3.2032601630081503,0.0034089972461958,0.0034089972304899,0.999994189344764,0.999994189344764,49.41375584990133,0.0,49.97729247669813,0.0,45.595079191160224,0.0,45.30265412145639,0.0,0.0,0.0,0.0,0.0,0.0,0.0
10.0,3.20351017550878,0.0034090267133988,0.003409026697698,0.9999941892443128,0.999994189244313,49.413755843060606,0.0,49.97729225360391,0.0,45.59507918881942,0.0,45.30265407955282,0.0,0.0,0.0,0.0,0.0,0.0,0.0
10.0,3.2037601880094,0.0034090561826276,0.003409056166932,0.999994189143855,0.999994189143854,49.413755836219245,0.0,49.97729203055257,0.0,45.59507918647843,0.0,45.30265403764602,0.0,0.0,0.0,0.0,0.0,0.0,0.0
10.0,3.20401020051003,0.0034090856538822,0.0034090856381917,0.999994189043388,0.999994189043388,49.41375582937722,0.0,49.97729180754387,0.0,45.59507918413726,0.0,45.30265399573596,0.0,0.0,0.0,0.0,0.0,0.0,0.0
10.0,3.20426021301065,0.0034091151271625,0.0034091151114771,0.999994188942914,0.9999941889429133,49.41375582253457,0.0,49.97729158457761,0.0,45.59507918179591,0.0,45.302653953822656,0.0,0.0,0.0,0.0,0.0,0.0,0.0
10.0,3.20451022551128,0.0034091446024685,0.0034091445867882,0.999994188842432,0.999994188842431,49.41375581569126,0.0,49.97729136165356,0.0,45.59507917945437,0.0,45.30265391190609,0.0,0.0,0.0,0.0,0.0,0.0,0.0
10.0,3.2047602380119,0.0034091740798001,0.0034091740641249,0.999994188741942,0.999994188741941,49.41375580884731,0.0,49.97729113877149,0.0,45.59507917711266,0.0,45.30265386998629,0.0,0.0,0.0,0.0,0.0,0.0,0.0
10.0,3.20501025051253,0.0034092035591572,0.0034092035434871,0.999994188641444,0.999994188641444,49.413755802002704,0.0,49.97729091593119,0.0,45.59507917477075,0.0,45.30265382806323,0.0,0.0,0.0,0.0,0.0,0.0,0.0
10.0,3.20526026301315,0.0034092330405398,0.0034092330248748,0.999994188540939,0.999994188540938,49.41375579515746,0.0,49.977290693132446,0.0,45.59507917242867,0.0,45.30265378613692,0.0,0.0,0.0,0.0,0.0,0.0,0.0
10.0,3.20551027551378,0.0034092625239478,0.0034092625082879,0.999994188440426,0.9999941884404252,49.41375578831156,0.0,49.97729047037503,0.0,45.59507917008641,0.0,45.30265374420735,0.0,0.0,0.0,0.0,0.0,0.0,0.0
10.0,3.2057602880144,0.0034092920093812,0.0034092919937264,0.999994188339905,0.999994188339904,49.41375578146501,0.0,49.97729024765873,0.0,45.595079167743954,0.0,45.30265370227454,0.0,0.0,0.0,0.0,0.0,0.0,0.0
10.0,3.20601030051503,0.0034093214968399,0.0034093214811902,0.999994188239376,0.999994188239375,49.41375577461783,0.0,49.97729002498334,0.0,45.59507916540132,0.0,45.30265366033848,0.0,0.0,0.0,0.0,0.0,0.0,0.0
10.0,3.20626031301565,0.0034093509863239,0.0034093509706792,0.999994188138839,0.999994188138839,49.41375576776998,0.0,49.97728980234863,0.0,45.59507916305851,0.0,45.30265361839916,0.0,0.0,0.0,0.0,0.0,0.0,0.0
10.0,3.20651032551628,0.003409380477833,0.0034093804621935,0.9999941880382952,0.999994188038295,49.4137557609215,0.0,49.97728957975439,0.0,45.59507916071551,0.0,45.30265357645659,0.0,0.0,0.0,0.0,0.0,0.0,0.0
10.0,3.2067603380169,0.0034094099713673,0.0034094099557329,0.9999941879377432,0.9999941879377432,49.41375575407236,0.0,49.977289357200426,0.0,45.59507915837233,0.0,45.30265353451078,0.0,0.0,0.0,0.0,0.0,0.0,0.0
10.0,3.20701035051753,0.0034094394669267,0.0034094394512974,0.999994187837183,0.9999941878371832,49.413755747222574,0.0,49.97728913468651,0.0,45.59507915602895,0.0,45.3026534925617,0.0,0.0,0.0,0.0,0.0,0.0,0.0
10.0,3.20726036301815,0.0034094689645111,0.0034094689488869,0.999994187736616,0.999994187736615,49.41375574037214,0.0,49.97728891221245,0.0,45.59507915368541,0.0,45.30265345060939,0.0,0.0,0.0,0.0,0.0,0.0,0.0
10.0,3.20751037551878,0.0034094984641205,0.0034094984485014,0.99999418763604,0.99999418763604,49.41375573352106,0.0,49.97728868977801,0.0,45.59507915134167,0.0,45.30265340865383,0.0,0.0,0.0,0.0,0.0,0.0,0.0
10.0,3.2077603880194,0.0034095279657548,0.0034095279501408,0.999994187535457,0.9999941875354568,49.413755726669336,0.0,49.97728846738299,0.0,45.59507914899776,0.0,45.30265336669501,0.0,0.0,0.0,0.0,0.0,0.0,0.0
10.0,3.20801040052003,0.0034095574694139,0.003409557453805,0.999994187434866,0.999994187434866,49.41375571981696,0.0,49.9772882450272,0.0,45.59507914665365,0.0,45.30265332473293,0.0,0.0,0.0,0.0,0.0,0.0,0.0
10.0,3.20826041302065,0.0034095869750979,0.003409586959494,0.999994187334267,0.999994187334267,49.41375571296393,0.0,49.977288022710425,0.0,45.595079144309366,0.0,45.302653282767615,0.0,0.0,0.0,0.0,0.0,0.0,0.0
10.0,3.20851042552128,0.0034096164828066,0.0034096164672078,0.999994187233661,0.99999418723366,49.413755706110265,0.0,49.977287800432464,0.0,45.59507914196491,0.0,45.30265324079904,0.0,0.0,0.0,0.0,0.0,0.0,0.0
10.0,3.2087604380219,0.0034096459925399,0.0034096459769463,0.9999941871330472,0.999994187133046,49.41375569925595,0.0,49.97728757819311,0.0,45.59507913962025,0.0,45.302653198827215,0.0,0.0,0.0,0.0,0.0,0.0,0.0
10.0,3.20901045052253,0.0034096755042979,0.0034096754887094,0.9999941870324252,0.9999941870324242,49.413755692400976,0.0,49.97728735599216,0.0,45.59507913727543,0.0,45.30265315685214,0.0,0.0,0.0,0.0,0.0,0.0,0.0
10.0,3.20926046302315,0.0034097050180805,0.0034097050024971,0.999994186931795,0.999994186931794,49.41375568554537,0.0,49.97728713382942,0.0,45.59507913493041,0.0,45.30265311487381,0.0,0.0,0.0,0.0,0.0,0.0,0.0
10.0,3.20951047552378,0.0034097345338876,0.0034097345183092,0.9999941868311568,0.999994186831157,49.4137556786891,0.0,49.977286911704674,0.0,45.59507913258521,0.0,45.30265307289224,0.0,0.0,0.0,0.0,0.0,0.0,0.0
10.0,3.2097604880244,0.0034097640517192,0.0034097640361459,0.999994186730512,0.999994186730511,49.4137556718322,0.0,49.97728668961774,0.0,45.59507913023984,0.0,45.302653030907415,0.0,0.0,0.0,0.0,0.0,0.0,0.0
10.0,3.210010500525029,0.0034097935715751,0.0034097935560069,0.999994186629859,0.9999941866298578,49.41375566497464,0.0,49.97728646756841,0.0,45.59507912789427,0.0,45.30265298891933,0.0,0.0,0.0,0.0,0.0,0.0,0.0
10.0,3.21026051302565,0.0034098230934554,0.0034098230778923,0.999994186529198,0.999994186529197,49.41375565811643,0.0,49.977286245556485,0.0,45.59507912554852,0.0,45.302652946928006,0.0,0.0,0.0,0.0,0.0,0.0,0.0
10.0,3.21051052552628,0.00340985261736,0.0034098526018019,0.999994186428529,0.9999941864285288,49.41375565125757,0.0,49.97728602358178,0.0,45.59507912320259,0.0,45.302652904933424,0.0,0.0,0.0,0.0,0.0,0.0,0.0
10.0,3.2107605380269,0.0034098821432888,0.0034098821277358,0.999994186327853,0.999994186327852,49.41375564439807,0.0,49.977285801644086,0.0,45.59507912085648,0.0,45.3026528629356,0.0,0.0,0.0,0.0,0.0,0.0,0.0
10.0,3.21101055052753,0.0034099116712418,0.0034099116556939,0.999994186227169,0.999994186227168,49.41375563753792,0.0,49.97728557974322,0.0,45.59507911851017,0.0,45.30265282093451,0.0,0.0,0.0,0.0,0.0,0.0,0.0
10.0,3.21126056302815,0.0034099412012188,0.0034099411856761,0.999994186126477,0.999994186126476,49.41375563067712,0.0,49.97728535787898,0.0,45.595079116163696,0.0,45.30265277893019,0.0,0.0,0.0,0.0,0.0,0.0,0.0
10.0,3.21151057552878,0.00340997073322,0.0034099707176823,0.999994186025777,0.999994186025776,49.41375562381568,0.0,49.97728513605117,0.0,45.59507911381704,0.0,45.3026527369226,0.0,0.0,0.0,0.0,0.0,0.0,0.0
10.0,3.2117605880294,0.0034100002672451,0.0034100002517125,0.999994185925069,0.999994185925069,49.41375561695357,0.0,49.97728491425962,0.0,45.59507911147018,0.0,45.30265269491177,0.0,0.0,0.0,0.0,0.0,0.0,0.0
10.0,3.21201060053003,0.0034100298032942,0.0034100297877667,0.999994185824354,0.999994185824353,49.41375561009084,0.0,49.977284692504114,0.0,45.59507910912316,0.0,45.302652652897685,0.0,0.0,0.0,0.0,0.0,0.0,0.0
10.0,3.2122606130306504,0.0034100593413672,0.0034100593258448,0.999994185723631,0.99999418572363,49.41375560322744,0.0,49.97728447078448,0.0,45.59507910677594,0.0,45.30265261088035,0.0,0.0,0.0,0.0,0.0,0.0,0.0
10.0,3.21251062553128,0.003410088881464,0.0034100888659466,0.9999941856229,0.999994185622899,49.413755596363394,0.0,49.97728424910052,0.0,45.59507910442855,0.0,45.30265256885976,0.0,0.0,0.0,0.0,0.0,0.0,0.0
10.0,3.2127606380319,0.0034101184235846,0.0034101184080723,0.999994185522161,0.999994185522161,49.41375558949871,0.0,49.97728402745204,0.0,45.595079102080966,0.0,45.30265252683592,0.0,0.0,0.0,0.0,0.0,0.0,0.0
10.0,3.21301065053253,0.0034101479677289,0.0034101479522217,0.999994185421415,0.999994185421414,49.41375558263337,0.0,49.97728380583887,0.0,45.595079099733205,0.0,45.30265248480884,0.0,0.0,0.0,0.0,0.0,0.0,0.0
10.0,3.21326066303315,0.0034101775138968,0.0034101774983947,0.9999941853206612,0.99999418532066,49.41375557576739,0.0,49.97728358426082,0.0,45.59507909738526,0.0,45.3026524427785,0.0,0.0,0.0,0.0,0.0,0.0,0.0
10.0,3.21351067553378,0.0034102070620884,0.0034102070465913,0.999994185219898,0.999994185219898,49.413755568900754,0.0,49.97728336271769,0.0,45.59507909503713,0.0,45.30265240074491,0.0,0.0,0.0,0.0,0.0,0.0,0.0
10.0,3.2137606880344,0.0034102366123035,0.0034102365968115,0.9999941851191292,0.999994185119128,49.413755562033465,0.0,49.97728314120932,0.0,45.59507909268882,0.0,45.30265235870807,0.0,0.0,0.0,0.0,0.0,0.0,0.0
10.0,3.21401070053503,0.003410266164542,0.0034102661490551,0.999994185018351,0.999994185018351,49.41375555516554,0.0,49.9772829197355,0.0,45.59507909034032,0.0,45.30265231666799,0.0,0.0,0.0,0.0,0.0,0.0,0.0
10.0,3.21426071303565,0.003410295718804,0.0034102957033222,0.999994184917566,0.999994184917565,49.41375554829695,0.0,49.97728269829607,0.0,45.59507908799165,0.0,45.30265227462464,0.0,0.0,0.0,0.0,0.0,0.0,0.0
10.0,3.21451072553628,0.0034103252750894,0.0034103252596126,0.999994184816773,0.999994184816772,49.413755541427726,0.0,49.97728247689084,0.0,45.59507908564279,0.0,45.30265223257805,0.0,0.0,0.0,0.0,0.0,0.0,0.0
10.0,3.2147607380369,0.0034103548333981,0.0034103548179264,0.999994184715972,0.999994184715971,49.41375553455784,0.0,49.97728225551961,0.0,45.59507908329373,0.0,45.30265219052821,0.0,0.0,0.0,0.0,0.0,0.0,0.0
10.0,3.21501075053753,0.0034103843937301,0.0034103843782634,0.999994184615163,0.9999941846151628,49.41375552768733,0.0,49.97728203418223,0.0,45.59507908094452,0.0,45.30265214847512,0.0,0.0,0.0,0.0,0.0,0.0,0.0
10.0,3.21526076303815,0.0034104139560852,0.0034104139406237,0.999994184514347,0.999994184514346,49.41375552081615,0.0,49.97728181287852,0.0,45.5950790785951,0.0,45.302652106418776,0.0,0.0,0.0,0.0,0.0,0.0,0.0
10.0,3.21551077553878,0.0034104435204635,0.003410443505007,0.999994184413523,0.999994184413522,49.41375551394432,0.0,49.97728159160828,0.0,45.595079076245504,0.0,45.30265206435919,0.0,0.0,0.0,0.0,0.0,0.0,0.0
10.0,3.2157607880394,0.0034104730868649,0.0034104730714135,0.999994184312691,0.9999941843126902,49.41375550707185,0.0,49.97728137037135,0.0,45.595079073895725,0.0,45.30265202229634,0.0,0.0,0.0,0.0,0.0,0.0,0.0
10.0,3.21601080054003,0.0034105026552893,0.0034105026398429,0.999994184211851,0.99999418421185,49.41375550019873,0.0,49.97728114916755,0.0,45.59507907154576,0.0,45.30265198023024,0.0,0.0,0.0,0.0,0.0,0.0,0.0
10.0,3.21626081304065,0.0034105322257367,0.0034105322102954,0.9999941841110028,0.999994184111003,49.41375549332496,0.0,49.977280927996695,0.0,45.59507906919563,0.0,45.3026519381609,0.0,0.0,0.0,0.0,0.0,0.0,0.0
10.0,3.21651082554128,0.003410561798207,0.0034105617827708,0.999994184010148,0.999994184010148,49.41375548645055,0.0,49.97728070685863,0.0,45.59507906684529,0.0,45.3026518960883,0.0,0.0,0.0,0.0,0.0,0.0,0.0
10.0,3.2167608380419,0.0034105913727001,0.003410591357269,0.999994183909285,0.999994183909284,49.413755479575485,0.0,49.97728048575316,0.0,45.59507906449478,0.0,45.302651854012446,0.0,0.0,0.0,0.0,0.0,0.0,0.0
10.0,3.21701085054253,0.0034106209492161,0.00341062093379,0.999994183808414,0.999994183808414,49.41375547269977,0.0,49.97728026468013,0.0,45.59507906214409,0.0,45.30265181193335,0.0,0.0,0.0,0.0,0.0,0.0,0.0
10.0,3.21726086304315,0.0034106505277548,0.0034106505123338,0.999994183707536,0.999994183707535,49.4137554658234,0.0,49.97728004363936,0.0,45.59507905979321,0.0,45.302651769851,0.0,0.0,0.0,0.0,0.0,0.0,0.0
10.0,3.21751087554378,0.0034106801083162,0.0034106800929002,0.999994183606649,0.9999941836066488,49.41375545894639,0.0,49.97727982263067,0.0,45.59507905744215,0.0,45.3026517277654,0.0,0.0,0.0,0.0,0.0,0.0,0.0
10.0,3.2177608880443995,0.0034107096909002,0.0034107096754893,0.999994183505755,0.999994183505755,49.41375545206873,0.0,49.97727960165391,0.0,45.595079055090906,0.0,45.302651685676544,0.0,0.0,0.0,0.0,0.0,0.0,0.0
10.0,3.21801090054503,0.0034107392755068,0.0034107392601009,0.999994183404853,0.999994183404853,49.41375544519042,0.0,49.977279380708886,0.0,45.595079052739486,0.0,45.30265164358445,0.0,0.0,0.0,0.0,0.0,0.0,0.0
10.0,3.21826091304565,0.0034107688621359,0.0034107688467351,0.999994183303943,0.999994183303943,49.413755438311455,0.0,49.97727915979545,0.0,45.595079050387874,0.0,45.3026516014891,0.0,0.0,0.0,0.0,0.0,0.0,0.0
10.0,3.21851092554628,0.0034107984507875,0.0034107984353917,0.999994183203026,0.999994183203025,49.41375543143185,0.0,49.97727893891343,0.0,45.59507904803608,0.0,45.3026515593905,0.0,0.0,0.0,0.0,0.0,0.0,0.0
10.0,3.2187609380469,0.0034108280414614,0.0034108280260707,0.999994183102101,0.9999941831021,49.41375542455159,0.0,49.97727871806264,0.0,45.59507904568411,0.0,45.30265151728864,0.0,0.0,0.0,0.0,0.0,0.0,0.0
10.0,3.2190109505475304,0.0034108576341577,0.0034108576187721,0.999994183001167,0.999994183001167,49.41375541767068,0.0,49.97727849724294,0.0,45.59507904333195,0.0,45.30265147518354,0.0,0.0,0.0,0.0,0.0,0.0,0.0
10.0,3.21926096304815,0.0034108872288763,0.0034108872134957,0.9999941829002272,0.999994182900226,49.41375541078913,0.0,49.97727827645415,0.0,45.595079040979606,0.0,45.302651433075184,0.0,0.0,0.0,0.0,0.0,0.0,0.0
10.0,3.21951097554878,0.0034109168256171,0.0034109168102416,0.999994182799278,0.999994182799278,49.41375540390692,0.0,49.97727805569612,0.0,45.59507903862709,0.0,45.302651390963575,0.0,0.0,0.0,0.0,0.0,0.0,0.0
10.0,3.2197609880494,0.0034109464243801,0.0034109464090096,0.999994182698322,0.999994182698321,49.41375539702408,0.0,49.97727783496866,0.0,45.59507903627436,0.0,45.30265134884872,0.0,0.0,0.0,0.0,0.0,0.0,0.0
10.0,3.22001100055003,0.0034109760251652,0.0034109760097998,0.999994182597358,0.999994182597357,49.413755390140565,0.0,49.97727761427162,0.0,45.59507903392148,0.0,45.30265130673061,0.0,0.0,0.0,0.0,0.0,0.0,0.0
10.0,3.22026101305065,0.0034110056279724,0.003411005612612,0.999994182496386,0.999994182496385,49.41375538325641,0.0,49.97727739360485,0.0,45.59507903156841,0.0,45.30265126460926,0.0,0.0,0.0,0.0,0.0,0.0,0.0
10.0,3.22051102555128,0.0034110352328016,0.0034110352174462,0.999994182395406,0.999994182395405,49.41375537637161,0.0,49.97727717296816,0.0,45.59507902921515,0.0,45.302651222484656,0.0,0.0,0.0,0.0,0.0,0.0,0.0
10.0,3.2207610380519,0.0034110648396527,0.0034110648243024,0.999994182294418,0.999994182294418,49.41375536948616,0.0,49.97727695236141,0.0,45.5950790268617,0.0,45.30265118035679,0.0,0.0,0.0,0.0,0.0,0.0,0.0
10.0,3.22101105055253,0.0034110944485257,0.0034110944331804,0.999994182193423,0.999994182193423,49.41375536260006,0.0,49.97727673178444,0.0,45.59507902450808,0.0,45.30265113822568,0.0,0.0,0.0,0.0,0.0,0.0,0.0
10.0,3.22126106305315,0.0034111240594205,0.0034111240440803,0.99999418209242,0.99999418209242,49.413755355713306,0.0,49.977276511237086,0.0,45.59507902215427,0.0,45.30265109609133,0.0,0.0,0.0,0.0,0.0,0.0,0.0
10.0,3.22151107555378,0.0034111536723371,0.0034111536570019,0.99999418199141,0.999994181991409,49.4137553488259,0.0,49.97727629071919,0.0,45.59507901980028,0.0,45.30265105395371,0.0,0.0,0.0,0.0,0.0,0.0,0.0
10.0,3.2217610880544,0.0034111832872754,0.0034111832719453,0.999994181890391,0.99999418189039,49.413755341937865,0.0,49.97727607023059,0.0,45.59507901744612,0.0,45.302651011812856,0.0,0.0,0.0,0.0,0.0,0.0,0.0
10.0,3.22201110055503,0.0034112129042354,0.0034112128889103,0.999994181789365,0.999994181789364,49.41375533504917,0.0,49.97727584977113,0.0,45.59507901509176,0.0,45.30265096966875,0.0,0.0,0.0,0.0,0.0,0.0,0.0
10.0,3.22226111305565,0.0034112425232169,0.0034112425078969,0.9999941816883312,0.99999418168833,49.41375532815982,0.0,49.97727562934065,0.0,45.595079012737216,0.0,45.30265092752138,0.0,0.0,0.0,0.0,0.0,0.0,0.0
10.0,3.22251112555628,0.0034112721442201,0.0034112721289051,0.999994181587289,0.999994181587288,49.41375532126982,0.0,49.97727540893902,0.0,45.59507901038249,0.0,45.30265088537077,0.0,0.0,0.0,0.0,0.0,0.0,0.0
10.0,3.2227611380569,0.0034113017672446,0.0034113017519347,0.9999941814862388,0.999994181486239,49.41375531437917,0.0,49.97727518856605,0.0,45.59507900802758,0.0,45.3026508432169,0.0,0.0,0.0,0.0,0.0,0.0,0.0
10.0,3.22301115055753,0.0034113313922907,0.0034113313769858,0.999994181385182,0.9999941813851811,49.41375530748789,0.0,49.97727496822161,0.0,45.595079005672495,0.0,45.30265080105979,0.0,0.0,0.0,0.0,0.0,0.0,0.0
10.0,3.22326116305815,0.0034113610193581,0.0034113610040582,0.999994181284116,0.999994181284116,49.41375530059594,0.0,49.97727474790553,0.0,45.59507900331722,0.0,45.30265075889942,0.0,0.0,0.0,0.0,0.0,0.0,0.0
10.0,3.22351117555878,0.0034113906484468,0.003411390633152,0.999994181183043,0.999994181183043,49.41375529370335,0.0,49.97727452761767,0.0,45.59507900096176,0.0,45.30265071673581,0.0,0.0,0.0,0.0,0.0,0.0,0.0
10.0,3.2237611880594,0.0034114202795568,0.003411420264267,0.999994181081963,0.999994181081962,49.4137552868101,0.0,49.97727430735786,0.0,45.59507899860613,0.0,45.30265067456895,0.0,0.0,0.0,0.0,0.0,0.0,0.0
10.0,3.22401120056003,0.0034114499126879,0.0034114498974032,0.999994180980874,0.999994180980873,49.41375527991621,0.0,49.97727408712597,0.0,45.59507899625031,0.0,45.30265063239884,0.0,0.0,0.0,0.0,0.0,0.0,0.0
10.0,3.22426121306065,0.0034114795478402,0.0034114795325605,0.999994180879778,0.9999941808797768,49.41375527302167,0.0,49.97727386692184,0.0,45.5950789938943,0.0,45.30265059022547,0.0,0.0,0.0,0.0,0.0,0.0,0.0
10.0,3.22451122556128,0.0034115091850136,0.003411509169739,0.999994180778674,0.999994180778673,49.41375526612648,0.0,49.97727364674532,0.0,45.59507899153811,0.0,45.30265054804885,0.0,0.0,0.0,0.0,0.0,0.0,0.0
10.0,3.2247612380619,0.0034115388242081,0.0034115388089384,0.999994180677562,0.999994180677561,49.41375525923063,0.0,49.977273426596255,0.0,45.595078989181744,0.0,45.30265050586898,0.0,0.0,0.0,0.0,0.0,0.0,0.0
10.0,3.22501125056253,0.0034115684654235,0.0034115684501589,0.999994180576442,0.999994180576442,49.41375525233415,0.0,49.977273206474514,0.0,45.59507898682519,0.0,45.302650463685865,0.0,0.0,0.0,0.0,0.0,0.0,0.0
10.0,3.22526126306315,0.0034115981086598,0.0034115980934002,0.9999941804753149,0.999994180475314,49.413755245437,0.0,49.97727298637993,0.0,45.59507898446845,0.0,45.30265042149949,0.0,0.0,0.0,0.0,0.0,0.0,0.0
10.0,3.22551127556378,0.0034116277539169,0.0034116277386624,0.999994180374179,0.999994180374179,49.41375523853922,0.0,49.97727276631236,0.0,45.59507898211152,0.0,45.30265037930988,0.0,0.0,0.0,0.0,0.0,0.0,0.0
10.0,3.2257612880644,0.0034116574011949,0.0034116573859454,0.999994180273037,0.999994180273036,49.41375523164077,0.0,49.97727254627166,0.0,45.59507897975442,0.0,45.30265033711701,0.0,0.0,0.0,0.0,0.0,0.0,0.0
10.0,3.22601130056503,0.0034116870504936,0.0034116870352491,0.999994180171886,0.999994180171885,49.413755224741685,0.0,49.97727232625768,0.0,45.59507897739713,0.0,45.30265029492088,0.0,0.0,0.0,0.0,0.0,0.0,0.0
10.0,3.22626131306565,0.003411716701813,0.0034117166865736,0.999994180070727,0.999994180070727,49.413755217841945,0.0,49.97727210627029,0.0,45.59507897503966,0.0,45.30265025272151,0.0,0.0,0.0,0.0,0.0,0.0,0.0
10.0,3.22651132556628,0.003411746355153,0.0034117463399186,0.999994179969561,0.999994179969561,49.413755210941545,0.0,49.97727188630933,0.0,45.59507897268201,0.0,45.30265021051889,0.0,0.0,0.0,0.0,0.0,0.0,0.0
10.0,3.2267613380669005,0.0034117760105136,0.0034117759952842,0.999994179868387,0.999994179868387,49.41375520404051,0.0,49.97727166637467,0.0,45.595078970324174,0.0,45.30265016831302,0.0,0.0,0.0,0.0,0.0,0.0,0.0
10.0,3.22701135056753,0.0034118056678947,0.0034118056526704,0.999994179767206,0.9999941797672048,49.413755197138826,0.0,49.97727144646614,0.0,45.59507896796615,0.0,45.3026501261039,0.0,0.0,0.0,0.0,0.0,0.0,0.0
10.0,3.22726136306815,0.0034118353272963,0.003411835312077,0.999994179666016,0.999994179666015,49.41375519023649,0.0,49.977271226583625,0.0,45.59507896560795,0.0,45.30265008389153,0.0,0.0,0.0,0.0,0.0,0.0,0.0
10.0,3.22751137556878,0.0034118649887183,0.003411864973504,0.999994179564818,0.999994179564818,49.4137551833335,0.0,49.97727100672697,0.0,45.59507896324956,0.0,45.302650041675896,0.0,0.0,0.0,0.0,0.0,0.0,0.0
10.0,3.2277613880694,0.0034118946521606,0.0034118946369513,0.999994179463613,0.9999941794636132,49.41375517642986,0.0,49.97727078689604,0.0,45.59507896089099,0.0,45.30264999945703,0.0,0.0,0.0,0.0,0.0,0.0,0.0
10.0,3.22801140057003,0.0034119243176232,0.0034119243024189,0.9999941793624,0.9999941793624,49.41375516952557,0.0,49.977270567090684,0.0,45.59507895853224,0.0,45.302649957234905,0.0,0.0,0.0,0.0,0.0,0.0,0.0
10.0,3.22826141307065,0.003411953985106,0.0034119539699067,0.9999941792611798,0.999994179261179,49.41375516262063,0.0,49.97727034731077,0.0,45.5950789561733,0.0,45.30264991500953,0.0,0.0,0.0,0.0,0.0,0.0,0.0
10.0,3.22851142557128,0.003411983654609,0.0034119836394147,0.999994179159951,0.999994179159951,49.413755155715045,0.0,49.97727012755617,0.0,45.59507895381418,0.0,45.30264987278091,0.0,0.0,0.0,0.0,0.0,0.0,0.0
10.0,3.2287614380719,0.0034120133261321,0.0034120133109429,0.9999941790587152,0.999994179058714,49.4137551488088,0.0,49.97726990782672,0.0,45.59507895145487,0.0,45.30264983054902,0.0,0.0,0.0,0.0,0.0,0.0,0.0
10.0,3.22901145057253,0.0034120429996752,0.003412042984491,0.999994178957471,0.99999417895747,49.41375514190192,0.0,49.97726968812229,0.0,45.59507894909539,0.0,45.3026497883139,0.0,0.0,0.0,0.0,0.0,0.0,0.0
10.0,3.22926146307315,0.0034120726752384,0.0034120726600592,0.999994178856219,0.999994178856218,49.413755134994375,0.0,49.97726946844276,0.0,45.59507894673572,0.0,45.30264974607552,0.0,0.0,0.0,0.0,0.0,0.0,0.0
10.0,3.22951147557378,0.0034121023528215,0.0034121023376473,0.999994178754959,0.999994178754959,49.41375512808619,0.0,49.977269248787984,0.0,45.59507894437586,0.0,45.3026497038339,0.0,0.0,0.0,0.0,0.0,0.0,0.0
10.0,3.2297614880744,0.0034121320324245,0.0034121320172553,0.999994178653692,0.999994178653692,49.41375512117734,0.0,49.97726902915782,0.0,45.59507894201584,0.0,45.30264966158902,0.0,0.0,0.0,0.0,0.0,0.0,0.0
10.0,3.23001150057503,0.0034121617140473,0.0034121616988831,0.999994178552417,0.999994178552416,49.41375511426786,0.0,49.97726880955212,0.0,45.595078939655615,0.0,45.3026496193409,0.0,0.0,0.0,0.0,0.0,0.0,0.0
10.0,3.23026151307565,0.0034121913976898,0.0034121913825307,0.999994178451134,0.999994178451133,49.41375510735772,0.0,49.97726858997078,0.0,45.59507893729521,0.0,45.30264957708952,0.0,0.0,0.0,0.0,0.0,0.0,0.0
10.0,3.23051152557628,0.0034122210833521,0.003412221068198,0.999994178349843,0.999994178349843,49.41375510044693,0.0,49.97726837041363,0.0,45.59507893493463,0.0,45.302649534834885,0.0,0.0,0.0,0.0,0.0,0.0,0.0
10.0,3.2307615380769,0.0034122507710341,0.003412250755885,0.9999941782485448,0.999994178248545,49.413755093535485,0.0,49.977268150880576,0.0,45.59507893257386,0.0,45.30264949257701,0.0,0.0,0.0,0.0,0.0,0.0,0.0
10.0,3.23101155057753,0.0034122804607356,0.0034122804455916,0.999994178147239,0.999994178147238,49.4137550866234,0.0,49.97726793137146,0.0,45.595078930212914,0.0,45.30264945031588,0.0,0.0,0.0,0.0,0.0,0.0,0.0
10.0,3.23126156307815,0.0034123101524567,0.0034123101373176,0.999994178045925,0.9999941780459242,49.41375507971066,0.0,49.97726771188615,0.0,45.59507892785178,0.0,45.3026494080515,0.0,0.0,0.0,0.0,0.0,0.0,0.0
10.0,3.23151157557878,0.0034123398461973,0.0034123398310632,0.999994177944603,0.999994177944602,49.41375507279726,0.0,49.97726749242452,0.0,45.59507892549045,0.0,45.30264936578387,0.0,0.0,0.0,0.0,0.0,0.0,0.0
10.0,3.2317615880794,0.0034123695419573,0.0034123695268282,0.999994177843273,0.999994177843273,49.41375506588322,0.0,49.97726727298642,0.0,45.59507892312896,0.0,45.30264932351298,0.0,0.0,0.0,0.0,0.0,0.0,0.0
10.0,3.23201160058003,0.0034123992397366,0.0034123992246126,0.999994177741936,0.999994177741936,49.413755058968526,0.0,49.977267053571765,0.0,45.59507892076727,0.0,45.30264928123886,0.0,0.0,0.0,0.0,0.0,0.0,0.0
10.0,3.2322616130806496,0.0034124289395353,0.0034124289244163,0.999994177640591,0.999994177640591,49.41375505205319,0.0,49.97726683418038,0.0,45.5950789184054,0.0,45.30264923896147,0.0,0.0,0.0,0.0,0.0,0.0,0.0
10.0,3.23251162558128,0.0034124586413532,0.0034124586262392,0.999994177539238,0.999994177539238,49.4137550451372,0.0,49.977266614812144,0.0,45.59507891604335,0.0,45.30264919668084,0.0,0.0,0.0,0.0,0.0,0.0,0.0
10.0,3.2327616380819,0.0034124883451903,0.0034124883300813,0.999994177437878,0.9999941774378772,49.41375503822055,0.0,49.97726639546695,0.0,45.59507891368112,0.0,45.30264915439696,0.0,0.0,0.0,0.0,0.0,0.0,0.0
10.0,3.23301165058253,0.0034125180510466,0.0034125180359426,0.9999941773365092,0.999994177336509,49.41375503130326,0.0,49.97726617614464,0.0,45.5950789113187,0.0,45.30264911210983,0.0,0.0,0.0,0.0,0.0,0.0,0.0
10.0,3.23326166308315,0.003412547758922,0.003412547743823,0.999994177235133,0.9999941772351318,49.41375502438532,0.0,49.97726595684511,0.0,45.5950789089561,0.0,45.30264906981944,0.0,0.0,0.0,0.0,0.0,0.0,0.0
10.0,3.2335116755837805,0.0034125774688163,0.0034125774537223,0.999994177133749,0.999994177133749,49.41375501746672,0.0,49.97726573756822,0.0,45.59507890659332,0.0,45.3026490275258,0.0,0.0,0.0,0.0,0.0,0.0,0.0
10.0,3.2337616880844,0.0034126071807297,0.0034126071656407,0.999994177032357,0.999994177032357,49.41375501054747,0.0,49.97726551831384,0.0,45.59507890423035,0.0,45.30264898522892,0.0,0.0,0.0,0.0,0.0,0.0,0.0
10.0,3.23401170058503,0.0034126368946619,0.0034126368795779,0.999994176930958,0.999994176930957,49.41375500362758,0.0,49.97726529908186,0.0,45.59507890186721,0.0,45.30264894292879,0.0,0.0,0.0,0.0,0.0,0.0,0.0
10.0,3.23426171308565,0.003412666610613,0.003412666595534,0.9999941768295512,0.99999417682955,49.41375499670703,0.0,49.97726507987214,0.0,45.59507889950388,0.0,45.30264890062541,0.0,0.0,0.0,0.0,0.0,0.0,0.0
10.0,3.23451172558628,0.0034126963285829,0.0034126963135089,0.999994176728136,0.999994176728135,49.41375498978584,0.0,49.97726486068456,0.0,45.595078897140354,0.0,45.302648858318776,0.0,0.0,0.0,0.0,0.0,0.0,0.0
10.0,3.2347617380869,0.0034127260485716,0.0034127260335026,0.999994176626713,0.999994176626712,49.41375498286399,0.0,49.977264641519,0.0,45.595078894776655,0.0,45.30264881600888,0.0,0.0,0.0,0.0,0.0,0.0,0.0
10.0,3.23501175058753,0.0034127557705789,0.0034127557555149,0.999994176525282,0.999994176525282,49.41375497594148,0.0,49.97726442237532,0.0,45.59507889241278,0.0,45.30264877369575,0.0,0.0,0.0,0.0,0.0,0.0,0.0
10.0,3.23526176308815,0.0034127854946048,0.0034127854795458,0.999994176423844,0.999994176423843,49.41375496901834,0.0,49.97726420325342,0.0,45.595078890048704,0.0,45.30264873137936,0.0,0.0,0.0,0.0,0.0,0.0,0.0
10.0,3.23551177558878,0.0034128152206493,0.0034128152055953,0.9999941763223978,0.999994176322397,49.413754962094536,0.0,49.97726398415315,0.0,45.59507888768446,0.0,45.30264868905973,0.0,0.0,0.0,0.0,0.0,0.0,0.0
10.0,3.2357617880894,0.0034128449487124,0.0034128449336633,0.999994176220944,0.9999941762209432,49.41375495517008,0.0,49.97726376507441,0.0,45.59507888532003,0.0,45.302648646736834,0.0,0.0,0.0,0.0,0.0,0.0,0.0
10.0,3.23601180059003,0.0034128746787938,0.0034128746637498,0.999994176119482,0.999994176119482,49.413754948244986,0.0,49.97726354601707,0.0,45.595078882955406,0.0,45.30264860441071,0.0,0.0,0.0,0.0,0.0,0.0,0.0
10.0,3.23626181309065,0.0034129044108937,0.0034129043958547,0.9999941760180132,0.999994176018012,49.41375494131923,0.0,49.97726332698101,0.0,45.59507888059062,0.0,45.30264856208132,0.0,0.0,0.0,0.0,0.0,0.0,0.0
10.0,3.23651182559128,0.0034129341450119,0.0034129341299779,0.999994175916535,0.999994175916535,49.41375493439282,0.0,49.97726310796611,0.0,45.59507887822564,0.0,45.30264851974867,0.0,0.0,0.0,0.0,0.0,0.0,0.0
10.0,3.2367618380919,0.0034129638811484,0.0034129638661194,0.99999417581505,0.99999417581505,49.413754927465774,0.0,49.97726288897225,0.0,45.59507887586047,0.0,45.30264847741279,0.0,0.0,0.0,0.0,0.0,0.0,0.0
10.0,3.23701185059253,0.0034129936193031,0.0034129936042791,0.9999941757135572,0.999994175713557,49.41375492053806,0.0,49.9772626699993,0.0,45.595078873495126,0.0,45.30264843507365,0.0,0.0,0.0,0.0,0.0,0.0,0.0
10.0,3.23726186309315,0.003413023359476,0.0034130233444569,0.999994175612057,0.999994175612056,49.41375491360971,0.0,49.97726245104715,0.0,45.59507887112959,0.0,45.30264839273126,0.0,0.0,0.0,0.0,0.0,0.0,0.0
10.0,3.23751187559378,0.003413053101667,0.0034130530866529,0.999994175510549,0.999994175510548,49.41375490668071,0.0,49.977262232115685,0.0,45.59507886876388,0.0,45.30264835038562,0.0,0.0,0.0,0.0,0.0,0.0,0.0
10.0,3.2377618880944,0.003413082845876,0.0034130828308669,0.9999941754090328,0.999994175409032,49.41375489975105,0.0,49.97726201320479,0.0,45.595078866397984,0.0,45.30264830803673,0.0,0.0,0.0,0.0,0.0,0.0,0.0
10.0,3.23801190059503,0.0034131125921031,0.0034131125770989,0.9999941753075088,0.999994175307508,49.41375489282074,0.0,49.97726179431432,0.0,45.59507886403191,0.0,45.30264826568459,0.0,0.0,0.0,0.0,0.0,0.0,0.0
10.0,3.23826191309566,0.003413142340348,0.0034131423253489,0.999994175205977,0.999994175205977,49.41375488588978,0.0,49.9772615754442,0.0,45.59507886166564,0.0,45.3026482233292,0.0,0.0,0.0,0.0,0.0,0.0,0.0
10.0,3.23851192559628,0.0034131720906109,0.0034131720756167,0.999994175104438,0.999994175104437,49.413754878958166,0.0,49.97726135659428,0.0,45.59507885929919,0.0,45.30264818097056,0.0,0.0,0.0,0.0,0.0,0.0,0.0
10.0,3.2387619380969,0.0034132018428915,0.0034132018279024,0.999994175002891,0.99999417500289,49.41375487202591,0.0,49.97726113776446,0.0,45.59507885693256,0.0,45.30264813860867,0.0,0.0,0.0,0.0,0.0,0.0,0.0
10.0,3.23901195059753,0.00341323159719,0.0034132315822058,0.999994174901335,0.9999941749013352,49.41375486509299,0.0,49.97726091895461,0.0,45.59507885456575,0.0,45.30264809624352,0.0,0.0,0.0,0.0,0.0,0.0,0.0
10.0,3.23926196309815,0.0034132613535061,0.0034132613385269,0.999994174799773,0.999994174799772,49.41375485815943,0.0,49.97726070016464,0.0,45.59507885219875,0.0,45.30264805387513,0.0,0.0,0.0,0.0,0.0,0.0,0.0
10.0,3.23951197559878,0.0034132911118399,0.0034132910968657,0.999994174698202,0.999994174698202,49.413754851225214,0.0,49.97726048139441,0.0,45.59507884983157,0.0,45.3026480115035,0.0,0.0,0.0,0.0,0.0,0.0,0.0
10.0,3.2397619880994,0.0034133208721913,0.0034133208572221,0.999994174596624,0.999994174596624,49.413754844290345,0.0,49.97726026264381,0.0,45.595078847464215,0.0,45.30264796912861,0.0,0.0,0.0,0.0,0.0,0.0,0.0
10.0,3.24001200060003,0.0034133506345602,0.003413350619596,0.999994174495038,0.999994174495037,49.41375483735482,0.0,49.97726004391275,0.0,45.59507884509666,0.0,45.30264792675047,0.0,0.0,0.0,0.0,0.0,0.0,0.0
10.0,3.2402620131006605,0.0034133803989466,0.0034133803839873,0.999994174393444,0.999994174393444,49.413754830418654,0.0,49.977259825201095,0.0,45.59507884272893,0.0,45.302647884369065,0.0,0.0,0.0,0.0,0.0,0.0,0.0
10.0,3.24051202560128,0.0034134101653505,0.0034134101503962,0.9999941742918432,0.999994174291842,49.41375482348184,0.0,49.97725960650872,0.0,45.59507884036102,0.0,45.30264784198443,0.0,0.0,0.0,0.0,0.0,0.0,0.0
10.0,3.2407620381019,0.0034134399337716,0.0034134399188223,0.999994174190233,0.9999941741902332,49.41375481654436,0.0,49.977259387835545,0.0,45.59507883799292,0.0,45.302647799596535,0.0,0.0,0.0,0.0,0.0,0.0,0.0
10.0,3.24101205060253,0.0034134697042101,0.0034134696892658,0.999994174088616,0.999994174088615,49.41375480960624,0.0,49.97725916918144,0.0,45.59507883562465,0.0,45.30264775720539,0.0,0.0,0.0,0.0,0.0,0.0,0.0
10.0,3.24126206310316,0.0034134994766659,0.0034134994617265,0.999994173986991,0.99999417398699,49.41375480266746,0.0,49.97725895054629,0.0,45.59507883325619,0.0,45.302647714811,0.0,0.0,0.0,0.0,0.0,0.0,0.0
10.0,3.24151207560378,0.0034135292511388,0.0034135292362044,0.999994173885358,0.999994173885358,49.41375479572803,0.0,49.97725873193001,0.0,45.595078830887545,0.0,45.30264767241336,0.0,0.0,0.0,0.0,0.0,0.0,0.0
10.0,3.24176208810441,0.0034135590276289,0.0034135590126994,0.999994173783718,0.999994173783717,49.41375478878796,0.0,49.97725851333246,0.0,45.59507882851872,0.0,45.30264763001246,0.0,0.0,0.0,0.0,0.0,0.0,0.0
10.0,3.24201210060503,0.003413588806136,0.0034135887912116,0.999994173682069,0.999994173682069,49.41375478184722,0.0,49.97725829475354,0.0,45.5950788261497,0.0,45.30264758760831,0.0,0.0,0.0,0.0,0.0,0.0,0.0
10.0,3.24226211310566,0.0034136185866602,0.0034136185717407,0.999994173580414,0.999994173580413,49.41375477490585,0.0,49.977258076193145,0.0,45.5950788237805,0.0,45.30264754520093,0.0,0.0,0.0,0.0,0.0,0.0,0.0
10.0,3.2425121256062805,0.0034136483692013,0.0034136483542868,0.99999417347875,0.999994173478749,49.413754767963816,0.0,49.97725785765116,0.0,45.595078821411136,0.0,45.30264750279028,0.0,0.0,0.0,0.0,0.0,0.0,0.0
10.0,3.24276213810691,0.0034136781537593,0.0034136781388498,0.999994173377078,0.999994173377078,49.41375476102113,0.0,49.97725763912748,0.0,45.595078819041575,0.0,45.30264746037639,0.0,0.0,0.0,0.0,0.0,0.0,0.0
10.0,3.24301215060753,0.0034137079403342,0.0034137079254296,0.999994173275399,0.999994173275398,49.4137547540778,0.0,49.977257420622,0.0,45.59507881667182,0.0,45.30264741795924,0.0,0.0,0.0,0.0,0.0,0.0,0.0
10.0,3.24326216310816,0.0034137377289259,0.0034137377140263,0.999994173173712,0.999994173173711,49.413754747133815,0.0,49.97725720213461,0.0,45.5950788143019,0.0,45.30264737553885,0.0,0.0,0.0,0.0,0.0,0.0,0.0
10.0,3.24351217560878,0.0034137675195343,0.0034137675046396,0.999994173072017,0.999994173072016,49.41375474018917,0.0,49.9772569836652,0.0,45.595078811931785,0.0,45.3026473331152,0.0,0.0,0.0,0.0,0.0,0.0,0.0
10.0,3.24376218810941,0.0034137973121594,0.0034137972972697,0.999994172970314,0.999994172970314,49.41375473324389,0.0,49.97725676521368,0.0,45.59507880956149,0.0,45.3026472906883,0.0,0.0,0.0,0.0,0.0,0.0,0.0
10.0,3.24401220061003,0.0034138271068011,0.0034138270919163,0.999994172868604,0.999994172868603,49.413754726297945,0.0,49.97725654677991,0.0,45.59507880719102,0.0,45.30264724825816,0.0,0.0,0.0,0.0,0.0,0.0,0.0
10.0,3.24426221311066,0.0034138569034593,0.0034138568885796,0.999994172766886,0.999994172766885,49.41375471935135,0.0,49.977256328363815,0.0,45.59507880482035,0.0,45.30264720582476,0.0,0.0,0.0,0.0,0.0,0.0,0.0
10.0,3.24451222561128,0.0034138867021341,0.0034138866872593,0.99999417266516,0.999994172665159,49.413754712404106,0.0,49.97725610996528,0.0,45.59507880244952,0.0,45.30264716338811,0.0,0.0,0.0,0.0,0.0,0.0,0.0
10.0,3.24476223811191,0.0034139165028253,0.0034139164879555,0.9999941725634262,0.999994172563425,49.413754705456206,0.0,49.9772558915842,0.0,45.59507880007849,0.0,45.30264712094822,0.0,0.0,0.0,0.0,0.0,0.0,0.0
10.0,3.24501225061253,0.0034139463055329,0.003413946290668,0.999994172461684,0.999994172461684,49.41375469850765,0.0,49.97725567322047,0.0,45.59507879770728,0.0,45.30264707850508,0.0,0.0,0.0,0.0,0.0,0.0,0.0
10.0,3.24526226311316,0.0034139761102568,0.0034139760953969,0.999994172359935,0.9999941723599342,49.41375469155846,0.0,49.97725545487399,0.0,45.59507879533589,0.0,45.30264703605867,0.0,0.0,0.0,0.0,0.0,0.0,0.0
10.0,3.24551227561378,0.003414005916997,0.0034140059021421,0.999994172258178,0.9999941722581768,49.413754684608605,0.0,49.97725523654466,0.0,45.59507879296431,0.0,45.30264699360903,0.0,0.0,0.0,0.0,0.0,0.0,0.0
10.0,3.24576228811441,0.0034140357257535,0.0034140357109035,0.999994172156413,0.999994172156412,49.4137546776581,0.0,49.97725501823236,0.0,45.59507879059255,0.0,45.30264695115613,0.0,0.0,0.0,0.0,0.0,0.0,0.0
10.0,3.24601230061503,0.003414065536526,0.003414065521681,0.99999417205464,0.99999417205464,49.41375467070695,0.0,49.977254799937,0.0,45.59507878822061,0.0,45.302646908699984,0.0,0.0,0.0,0.0,0.0,0.0,0.0
10.0,3.24626231311566,0.0034140953493147,0.0034140953344746,0.99999417195286,0.999994171952859,49.413754663755135,0.0,49.97725458165847,0.0,45.59507878584847,0.0,45.302646866240586,0.0,0.0,0.0,0.0,0.0,0.0,0.0
10.0,3.24651232561628,0.0034141251641194,0.0034141251492843,0.999994171851072,0.9999941718510708,49.41375465680268,0.0,49.97725436339669,0.0,45.59507878347617,0.0,45.30264682377794,0.0,0.0,0.0,0.0,0.0,0.0,0.0
10.0,3.24676233811691,0.0034141549809402,0.00341415496611,0.999994171749276,0.999994171749275,49.41375464984957,0.0,49.97725414515154,0.0,45.59507878110368,0.0,45.30264678131204,0.0,0.0,0.0,0.0,0.0,0.0,0.0
10.0,3.24701235061753,0.0034141847997768,0.0034141847849516,0.999994171647472,0.999994171647472,49.4137546428958,0.0,49.97725392692291,0.0,45.59507877873101,0.0,45.302646738842896,0.0,0.0,0.0,0.0,0.0,0.0,0.0
10.0,3.24726236311816,0.0034142146206293,0.003414214605809,0.999994171545661,0.9999941715456598,49.41375463594139,0.0,49.97725370871073,0.0,45.59507877635815,0.0,45.302646696370495,0.0,0.0,0.0,0.0,0.0,0.0,0.0
10.0,3.24751237561878,0.0034142444434976,0.0034142444286823,0.999994171443841,0.999994171443841,49.41375462898632,0.0,49.97725349051487,0.0,45.59507877398511,0.0,45.30264665389485,0.0,0.0,0.0,0.0,0.0,0.0,0.0
10.0,3.24776238811941,0.0034142742683817,0.0034142742535714,0.999994171342014,0.999994171342014,49.41375462203061,0.0,49.97725327233525,0.0,45.59507877161189,0.0,45.30264661141596,0.0,0.0,0.0,0.0,0.0,0.0,0.0
10.0,3.2480124006200297,0.0034143040952815,0.0034143040804761,0.99999417124018,0.999994171240179,49.41375461507423,0.0,49.97725305417177,0.0,45.59507876923848,0.0,45.3026465689338,0.0,0.0,0.0,0.0,0.0,0.0,0.0
10.0,3.24826241312066,0.003414333924197,0.0034143339093965,0.999994171138337,0.999994171138336,49.4137546081172,0.0,49.97725283602431,0.0,45.59507876686488,0.0,45.302646526448406,0.0,0.0,0.0,0.0,0.0,0.0,0.0
10.0,3.24851242562128,0.003414363755128,0.0034143637403325,0.999994171036487,0.999994171036486,49.41375460115953,0.0,49.9772526178928,0.0,45.59507876449111,0.0,45.30264648395976,0.0,0.0,0.0,0.0,0.0,0.0,0.0
10.0,3.24876243812191,0.0034143935880745,0.003414393573284,0.999994170934628,0.9999941709346278,49.4137545942012,0.0,49.97725239977712,0.0,45.595078762117154,0.0,45.30264644146786,0.0,0.0,0.0,0.0,0.0,0.0,0.0
10.0,3.24901245062253,0.0034144234230365,0.0034144234082509,0.999994170832762,0.999994170832762,49.413754587242224,0.0,49.97725218167719,0.0,45.59507875974301,0.0,45.30264639897271,0.0,0.0,0.0,0.0,0.0,0.0,0.0
10.0,3.2492624631231606,0.003414453260014,0.0034144532452333,0.999994170730889,0.999994170730888,49.41375458028259,0.0,49.9772519635929,0.0,45.59507875736869,0.0,45.30264635647431,0.0,0.0,0.0,0.0,0.0,0.0,0.0
10.0,3.24951247562378,0.0034144830990068,0.003414483084231,0.999994170629008,0.999994170629007,49.41375457332231,0.0,49.97725174552416,0.0,45.59507875499418,0.0,45.30264631397266,0.0,0.0,0.0,0.0,0.0,0.0,0.0
10.0,3.24976248812441,0.0034145129400148,0.0034145129252441,0.999994170527118,0.999994170527118,49.41375456636136,0.0,49.97725152747087,0.0,45.59507875261949,0.0,45.302646271467765,0.0,0.0,0.0,0.0,0.0,0.0,0.0
10.0,3.25001250062503,0.0034145427830382,0.0034145427682723,0.999994170425221,0.999994170425221,49.41375455939978,0.0,49.97725130943294,0.0,45.59507875024462,0.0,45.30264622895962,0.0,0.0,0.0,0.0,0.0,0.0,0.0
10.0,3.25026251312566,0.0034145726280767,0.0034145726133158,0.999994170323317,0.9999941703233158,49.41375455243754,0.0,49.97725109141026,0.0,45.59507874786956,0.0,45.30264618644821,0.0,0.0,0.0,0.0,0.0,0.0,0.0
10.0,3.25051252562628,0.0034146024751303,0.0034146024603744,0.999994170221404,0.999994170221403,49.41375454547464,0.0,49.97725087340276,0.0,45.59507874549432,0.0,45.302646143933565,0.0,0.0,0.0,0.0,0.0,0.0,0.0
10.0,3.25076253812691,0.003414632324199,0.003414632309448,0.999994170119483,0.9999941701194832,49.4137545385111,0.0,49.97725065541032,0.0,45.5950787431189,0.0,45.30264610141568,0.0,0.0,0.0,0.0,0.0,0.0,0.0
10.0,3.25101255062753,0.0034146621752828,0.0034146621605367,0.999994170017556,0.999994170017555,49.4137545315469,0.0,49.97725043743287,0.0,45.5950787407433,0.0,45.30264605889452,0.0,0.0,0.0,0.0,0.0,0.0,0.0
10.0,3.25126256312816,0.0034146920283814,0.0034146920136403,0.99999416991562,0.999994169915619,49.413754524582046,0.0,49.977250219470285,0.0,45.5950787383675,0.0,45.302646016370126,0.0,0.0,0.0,0.0,0.0,0.0,0.0
10.0,3.25151257562878,0.003414721883495,0.0034147218687588,0.999994169813676,0.999994169813676,49.41375451761655,0.0,49.9772500015225,0.0,45.59507873599153,0.0,45.30264597384247,0.0,0.0,0.0,0.0,0.0,0.0,0.0
10.0,3.25176258812941,0.0034147517406234,0.0034147517258921,0.999994169711725,0.999994169711724,49.41375451065039,0.0,49.97724978358941,0.0,45.59507873361538,0.0,45.30264593131157,0.0,0.0,0.0,0.0,0.0,0.0,0.0
10.0,3.25201260063003,0.0034147815997666,0.0034147815850403,0.999994169609765,0.999994169609765,49.41375450368357,0.0,49.97724956567093,0.0,45.59507873123904,0.0,45.30264588877742,0.0,0.0,0.0,0.0,0.0,0.0,0.0
10.0,3.25226261313066,0.0034148114609245,0.0034148114462031,0.999994169507798,0.999994169507798,49.41375449671612,0.0,49.97724934776695,0.0,45.59507872886252,0.0,45.302645846240026,0.0,0.0,0.0,0.0,0.0,0.0,0.0
10.0,3.25251262563128,0.0034148413240971,0.0034148413093806,0.999994169405824,0.999994169405823,49.41375448974801,0.0,49.9772491298774,0.0,45.59507872648581,0.0,45.30264580369938,0.0,0.0,0.0,0.0,0.0,0.0,0.0
10.0,3.25276263813191,0.0034148711892843,0.0034148711745728,0.999994169303841,0.999994169303841,49.41375448277924,0.0,49.977248912002175,0.0,45.59507872410892,0.0,45.30264576115548,0.0,0.0,0.0,0.0,0.0,0.0,0.0
10.0,3.25301265063253,0.0034149010564861,0.0034149010417795,0.9999941692018512,0.99999416920185,49.41375447580981,0.0,49.97724869414119,0.0,45.59507872173185,0.0,45.30264571860833,0.0,0.0,0.0,0.0,0.0,0.0,0.0
10.0,3.25326266313316,0.0034149309257023,0.0034149309110006,0.999994169099853,0.999994169099852,49.41375446883975,0.0,49.977248476294335,0.0,45.5950787193546,0.0,45.30264567605793,0.0,0.0,0.0,0.0,0.0,0.0,0.0
10.0,3.25351267563378,0.003414960796933,0.0034149607822362,0.999994168997847,0.999994168997847,49.41375446186902,0.0,49.97724825846156,0.0,45.59507871697716,0.0,45.30264563350428,0.0,0.0,0.0,0.0,0.0,0.0,0.0
10.0,3.25376268813441,0.0034149906701781,0.0034149906554862,0.999994168895834,0.999994168895833,49.41375445489765,0.0,49.97724804064273,0.0,45.59507871459954,0.0,45.30264559094738,0.0,0.0,0.0,0.0,0.0,0.0,0.0
10.0,3.25401270063503,0.0034150205454375,0.0034150205307505,0.999994168793812,0.999994168793812,49.41375444792562,0.0,49.977247822837775,0.0,45.595078712221735,0.0,45.302645548387225,0.0,0.0,0.0,0.0,0.0,0.0,0.0
10.0,3.25426271313566,0.0034150504227111,0.0034150504080291,0.9999941686917828,0.999994168691783,49.413754440952935,0.0,49.97724760504662,0.0,45.59507870984375,0.0,45.30264550582383,0.0,0.0,0.0,0.0,0.0,0.0,0.0
10.0,3.25451272563628,0.003415080301999,0.0034150802873219,0.999994168589746,0.999994168589746,49.4137544339796,0.0,49.97724738726916,0.0,45.595078707465575,0.0,45.30264546325718,0.0,0.0,0.0,0.0,0.0,0.0,0.0
10.0,3.2547627381369097,0.003415110183301,0.0034151101686288,0.999994168487702,0.999994168487701,49.41375442700562,0.0,49.9772471695053,0.0,45.595078705087225,0.0,45.30264542068728,0.0,0.0,0.0,0.0,0.0,0.0,0.0
10.0,3.25501275063753,0.0034151400666171,0.0034151400519499,0.999994168385649,0.999994168385649,49.41375442003097,0.0,49.97724695175496,0.0,45.59507870270868,0.0,45.30264537811413,0.0,0.0,0.0,0.0,0.0,0.0,0.0
10.0,3.25526276313816,0.0034151699519472,0.0034151699372849,0.999994168283589,0.999994168283588,49.41375441305568,0.0,49.97724673401807,0.0,45.59507870032997,0.0,45.30264533553773,0.0,0.0,0.0,0.0,0.0,0.0,0.0
10.0,3.25551277563878,0.0034151998392913,0.003415199824634,0.999994168181521,0.99999416818152,49.41375440607973,0.0,49.977246516294514,0.0,45.59507869795107,0.0,45.30264529295808,0.0,0.0,0.0,0.0,0.0,0.0,0.0
10.0,3.25576278813941,0.0034152297286494,0.0034152297139969,0.999994168079445,0.9999941680794447,49.413754399103134,0.0,49.97724629858421,0.0,45.59507869557197,0.0,45.30264525037519,0.0,0.0,0.0,0.0,0.0,0.0,0.0
10.0,3.25601280064003,0.0034152596200213,0.0034152596053738,0.999994167977362,0.999994167977361,49.41375439212588,0.0,49.97724608088709,0.0,45.59507869319271,0.0,45.30264520778904,0.0,0.0,0.0,0.0,0.0,0.0,0.0
10.0,3.25626281314066,0.003415289513407,0.0034152894987644,0.99999416787527,0.99999416787527,49.41375438514797,0.0,49.977245863203045,0.0,45.59507869081325,0.0,45.30264516519964,0.0,0.0,0.0,0.0,0.0,0.0,0.0
10.0,3.25651282564128,0.0034153194088064,0.0034153193941688,0.999994167773171,0.999994167773171,49.413754378169415,0.0,49.977245645532,0.0,45.59507868843361,0.0,45.30264512260698,0.0,0.0,0.0,0.0,0.0,0.0,0.0
10.0,3.25676283814191,0.0034153493062196,0.0034153492915868,0.999994167671065,0.999994167671064,49.41375437119021,0.0,49.97724542787386,0.0,45.5950786860538,0.0,45.30264508001108,0.0,0.0,0.0,0.0,0.0,0.0,0.0
10.0,3.2570128506425307,0.0034153792056464,0.0034153791910185,0.99999416756895,0.9999941675689492,49.41375436421034,0.0,49.97724521022857,0.0,45.5950786836738,0.0,45.302645037411935,0.0,0.0,0.0,0.0,0.0,0.0,0.0
10.0,3.25726286314316,0.0034154091070867,0.0034154090924638,0.999994167466827,0.9999941674668268,49.41375435722983,0.0,49.977244992596006,0.0,45.59507868129361,0.0,45.30264499480953,0.0,0.0,0.0,0.0,0.0,0.0,0.0
10.0,3.25751287564378,0.0034154390105406,0.0034154389959226,0.999994167364697,0.999994167364697,49.41375435024865,0.0,49.9772447749761,0.0,45.59507867891324,0.0,45.30264495220389,0.0,0.0,0.0,0.0,0.0,0.0,0.0
10.0,3.25776288814441,0.0034154689160079,0.0034154689013948,0.999994167262559,0.999994167262559,49.41375434326682,0.0,49.97724455736876,0.0,45.59507867653269,0.0,45.30264490959499,0.0,0.0,0.0,0.0,0.0,0.0,0.0
10.0,3.25801290064503,0.0034154988234887,0.0034154988088805,0.999994167160414,0.999994167160413,49.41375433628435,0.0,49.977244339773925,0.0,45.59507867415195,0.0,45.302644866982845,0.0,0.0,0.0,0.0,0.0,0.0,0.0
10.0,3.25826291314566,0.0034155287329828,0.0034155287183795,0.99999416705826,0.99999416705826,49.41375432930123,0.0,49.977244122191486,0.0,45.59507867177104,0.0,45.30264482436744,0.0,0.0,0.0,0.0,0.0,0.0,0.0
10.0,3.25851292564628,0.0034155586444901,0.0034155586298918,0.9999941669560992,0.999994166956098,49.41375432231744,0.0,49.977243904621375,0.0,45.595078669389935,0.0,45.30264478174879,0.0,0.0,0.0,0.0,0.0,0.0,0.0
10.0,3.25876293814691,0.0034155885580108,0.0034155885434173,0.99999416685393,0.9999941668539292,49.413754315333,0.0,49.9772436870635,0.0,45.59507866700864,0.0,45.3026447391269,0.0,0.0,0.0,0.0,0.0,0.0,0.0
10.0,3.2590129506475294,0.0034156184735445,0.003415618458956,0.999994166751753,0.999994166751752,49.41375430834791,0.0,49.977243469517774,0.0,45.59507866462717,0.0,45.30264469650175,0.0,0.0,0.0,0.0,0.0,0.0,0.0
10.0,3.25926296314816,0.0034156483910914,0.0034156483765078,0.999994166649568,0.999994166649568,49.413754301362175,0.0,49.97724325198413,0.0,45.59507866224553,0.0,45.302644653873344,0.0,0.0,0.0,0.0,0.0,0.0,0.0
10.0,3.25951297564878,0.0034156783106514,0.0034156782960727,0.999994166547376,0.999994166547375,49.41375429437577,0.0,49.97724303446247,0.0,45.59507865986369,0.0,45.302644611241696,0.0,0.0,0.0,0.0,0.0,0.0,0.0
10.0,3.25976298814941,0.0034157082322244,0.0034157082176505,0.999994166445176,0.999994166445175,49.41375428738873,0.0,49.977242816952725,0.0,45.59507865748167,0.0,45.3026445686068,0.0,0.0,0.0,0.0,0.0,0.0,0.0
10.0,3.26001300065003,0.0034157381558103,0.0034157381412413,0.999994166342968,0.999994166342967,49.41375428040103,0.0,49.9772425994548,0.0,45.59507865509947,0.0,45.30264452596865,0.0,0.0,0.0,0.0,0.0,0.0,0.0
10.0,3.26026301315066,0.0034157680814091,0.003415768066845,0.999994166240752,0.999994166240752,49.41375427341266,0.0,49.97724238196864,0.0,45.595078652717085,0.0,45.302644483327256,0.0,0.0,0.0,0.0,0.0,0.0,0.0
10.0,3.26051302565128,0.0034157980090207,0.0034157979944616,0.9999941661385288,0.999994166138529,49.41375426642366,0.0,49.977242164494136,0.0,45.59507865033453,0.0,45.30264444068261,0.0,0.0,0.0,0.0,0.0,0.0,0.0
10.0,3.26076303815191,0.0034158279386451,0.0034158279240909,0.999994166036298,0.999994166036297,49.41375425943399,0.0,49.97724194703122,0.0,45.59507864795177,0.0,45.30264439803471,0.0,0.0,0.0,0.0,0.0,0.0,0.0
10.0,3.26101305065253,0.0034158578702822,0.0034158578557329,0.999994165934059,0.999994165934058,49.41375425244368,0.0,49.97724172957981,0.0,45.59507864556884,0.0,45.30264435538356,0.0,0.0,0.0,0.0,0.0,0.0,0.0
10.0,3.26126306315316,0.0034158878039319,0.0034158877893875,0.999994165831812,0.999994165831811,49.41375424545272,0.0,49.97724151213984,0.0,45.59507864318572,0.0,45.30264431272917,0.0,0.0,0.0,0.0,0.0,0.0,0.0
10.0,3.26151307565378,0.0034159177395943,0.0034159177250548,0.999994165729558,0.9999941657295572,49.41375423846109,0.0,49.97724129471119,0.0,45.59507864080242,0.0,45.30264427007152,0.0,0.0,0.0,0.0,0.0,0.0,0.0
10.0,3.26176308815441,0.0034159476772692,0.0034159476627346,0.9999941656272952,0.9999941656272942,49.41375423146881,0.0,49.97724107729382,0.0,45.59507863841893,0.0,45.302644227410624,0.0,0.0,0.0,0.0,0.0,0.0,0.0
10.0,3.26201310065503,0.0034159776169566,0.0034159776024269,0.9999941655250248,0.999994165525025,49.41375422447588,0.0,49.97724085988764,0.0,45.59507863603527,0.0,45.30264418474647,0.0,0.0,0.0,0.0,0.0,0.0,0.0
10.0,3.26226311315566,0.0034160075586564,0.0034160075441316,0.999994165422747,0.9999941654227468,49.41375421748229,0.0,49.97724064249257,0.0,45.59507863365143,0.0,45.30264414207908,0.0,0.0,0.0,0.0,0.0,0.0,0.0
10.0,3.26251312565628,0.0034160375023686,0.0034160374878487,0.999994165320462,0.9999941653204608,49.41375421048806,0.0,49.977240425108526,0.0,45.59507863126739,0.0,45.302644099408425,0.0,0.0,0.0,0.0,0.0,0.0,0.0
10.0,3.26276313815691,0.0034160674480931,0.0034160674335781,0.999994165218168,0.999994165218168,49.41375420349316,0.0,49.97724020773544,0.0,45.59507862888317,0.0,45.30264405673453,0.0,0.0,0.0,0.0,0.0,0.0,0.0
10.0,3.26301315065753,0.0034160973958299,0.0034160973813197,0.9999941651158668,0.999994165115867,49.41375419649762,0.0,49.97723999037323,0.0,45.595078626498776,0.0,45.302644014057385,0.0,0.0,0.0,0.0,0.0,0.0,0.0
10.0,3.26326316315816,0.0034161273455788,0.0034161273310736,0.999994165013558,0.999994165013558,49.41375418950142,0.0,49.97723977302182,0.0,45.595078624114194,0.0,45.30264397137699,0.0,0.0,0.0,0.0,0.0,0.0,0.0
10.0,3.26351317565878,0.0034161572973399,0.0034161572828395,0.999994164911242,0.999994164911241,49.41375418250457,0.0,49.97723955568114,0.0,45.59507862172943,0.0,45.30264392869334,0.0,0.0,0.0,0.0,0.0,0.0,0.0
10.0,3.26376318815941,0.0034161872511131,0.0034161872366176,0.999994164808917,0.999994164808917,49.41375417550706,0.0,49.97723933835109,0.0,45.59507861934448,0.0,45.30264388600645,0.0,0.0,0.0,0.0,0.0,0.0,0.0
10.0,3.26401320066003,0.0034162172068982,0.0034162171924077,0.999994164706585,0.999994164706584,49.4137541685089,0.0,49.977239121031616,0.0,45.59507861695934,0.0,45.3026438433163,0.0,0.0,0.0,0.0,0.0,0.0,0.0
10.0,3.26426321316066,0.0034162471646954,0.0034162471502097,0.999994164604245,0.999994164604244,49.41375416151008,0.0,49.97723890372264,0.0,45.59507861457403,0.0,45.3026438006229,0.0,0.0,0.0,0.0,0.0,0.0,0.0
10.0,3.26451322566128,0.0034162771245045,0.0034162771100237,0.999994164501897,0.9999941645018962,49.41375415451063,0.0,49.97723868642407,0.0,45.59507861218853,0.0,45.30264375792626,0.0,0.0,0.0,0.0,0.0,0.0,0.0
10.0,3.26476323816191,0.0034163070863254,0.0034163070718495,0.999994164399541,0.9999941643995413,49.4137541475105,0.0,49.97723846913585,0.0,45.59507860980285,0.0,45.30264371522637,0.0,0.0,0.0,0.0,0.0,0.0,0.0
10.0,3.26501325066253,0.0034163370501581,0.0034163370356871,0.999994164297178,0.999994164297177,49.41375414050972,0.0,49.9772382518579,0.0,45.59507860741699,0.0,45.30264367252321,0.0,0.0,0.0,0.0,0.0,0.0,0.0
10.0,3.26526326316316,0.0034163670160026,0.0034163670015364,0.999994164194807,0.999994164194806,49.4137541335083,0.0,49.97723803459013,0.0,45.59507860503094,0.0,45.30264362981683,0.0,0.0,0.0,0.0,0.0,0.0,0.0
10.0,3.26551327566378,0.0034163969838587,0.0034163969693975,0.999994164092428,0.999994164092428,49.41375412650621,0.0,49.97723781733248,0.0,45.59507860264471,0.0,45.30264358710718,0.0,0.0,0.0,0.0,0.0,0.0,0.0
10.0,3.2657632881644094,0.0034164269537265,0.0034164269392701,0.999994163990041,0.999994163990041,49.41375411950347,0.0,49.97723760008487,0.0,45.5950786002583,0.0,45.30264354439428,0.0,0.0,0.0,0.0,0.0,0.0,0.0
10.0,3.26601330066503,0.0034164569256058,0.0034164569111543,0.9999941638876468,0.999994163887647,49.41375411250008,0.0,49.97723738284724,0.0,45.595078597871705,0.0,45.30264350167814,0.0,0.0,0.0,0.0,0.0,0.0,0.0
10.0,3.26626331316566,0.0034164868994966,0.00341648688505,0.999994163785245,0.999994163785244,49.41375410549604,0.0,49.97723716561949,0.0,45.595078595484914,0.0,45.30264345895875,0.0,0.0,0.0,0.0,0.0,0.0,0.0
10.0,3.26651332566628,0.0034165168753989,0.0034165168609572,0.999994163682835,0.999994163682834,49.41375409849134,0.0,49.97723694840157,0.0,45.59507859309795,0.0,45.3026434162361,0.0,0.0,0.0,0.0,0.0,0.0,0.0
10.0,3.26676333816691,0.0034165468533125,0.0034165468388757,0.999994163580417,0.999994163580417,49.413754091485984,0.0,49.9772367311934,0.0,45.595078590710806,0.0,45.30264337351021,0.0,0.0,0.0,0.0,0.0,0.0,0.0
10.0,3.26701335066753,0.0034165768332376,0.0034165768188056,0.999994163477992,0.999994163477991,49.41375408447998,0.0,49.977236513994896,0.0,45.595078588323474,0.0,45.302643330781066,0.0,0.0,0.0,0.0,0.0,0.0,0.0
10.0,3.26726336316816,0.0034166068151738,0.0034166068007468,0.999994163375558,0.999994163375558,49.41375407747332,0.0,49.977236296806,0.0,45.595078585935966,0.0,45.30264328804867,0.0,0.0,0.0,0.0,0.0,0.0,0.0
10.0,3.26751337566878,0.0034166367991213,0.0034166367846991,0.999994163273117,0.999994163273117,49.413754070466005,0.0,49.97723607962663,0.0,45.595078583548265,0.0,45.30264324531304,0.0,0.0,0.0,0.0,0.0,0.0,0.0
10.0,3.26776338816941,0.00341666678508,0.0034166667706627,0.999994163170668,0.999994163170668,49.41375406345803,0.0,49.97723586245672,0.0,45.59507858116039,0.0,45.30264320257414,0.0,0.0,0.0,0.0,0.0,0.0,0.0
10.0,3.268013400670029,0.0034166967730498,0.0034166967586373,0.999994163068212,0.999994163068211,49.41375405644941,0.0,49.97723564529621,0.0,45.59507857877232,0.0,45.302643159832,0.0,0.0,0.0,0.0,0.0,0.0,0.0
10.0,3.26826341317066,0.0034167267630306,0.003416726748623,0.999994162965748,0.999994162965747,49.413754049440136,0.0,49.977235428144986,0.0,45.59507857638408,0.0,45.3026431170866,0.0,0.0,0.0,0.0,0.0,0.0,0.0
10.0,3.26851342567128,0.0034167567550224,0.0034167567406197,0.9999941628632748,0.999994162863275,49.4137540424302,0.0,49.97723521100303,0.0,45.59507857399565,0.0,45.302643074337965,0.0,0.0,0.0,0.0,0.0,0.0,0.0
10.0,3.26876343817191,0.0034167867490251,0.0034167867346273,0.999994162760795,0.999994162760795,49.41375403541961,0.0,49.97723499387023,0.0,45.59507857160703,0.0,45.30264303158607,0.0,0.0,0.0,0.0,0.0,0.0,0.0
10.0,3.26901345067253,0.0034168167450387,0.0034168167306458,0.999994162658308,0.999994162658307,49.41375402840838,0.0,49.97723477674654,0.0,45.59507856921824,0.0,45.30264298883093,0.0,0.0,0.0,0.0,0.0,0.0,0.0
10.0,3.26926346317316,0.0034168467430631,0.0034168467286751,0.999994162555813,0.999994162555812,49.41375402139648,0.0,49.97723455963188,0.0,45.59507856682926,0.0,45.30264294607254,0.0,0.0,0.0,0.0,0.0,0.0,0.0
10.0,3.26951347567378,0.0034168767430983,0.0034168767287151,0.999994162453309,0.999994162453309,49.413754014383926,0.0,49.97723434252618,0.0,45.595078564440094,0.0,45.30264290331089,0.0,0.0,0.0,0.0,0.0,0.0,0.0
10.0,3.26976348817441,0.0034169067451442,0.0034169067307659,0.999994162350798,0.999994162350798,49.41375400737073,0.0,49.977234125429376,0.0,45.59507856205076,0.0,45.30264286054601,0.0,0.0,0.0,0.0,0.0,0.0,0.0
10.0,3.27001350067503,0.0034169367492007,0.0034169367348272,0.999994162248279,0.9999941622482788,49.41375400035686,0.0,49.97723390834139,0.0,45.595078559661225,0.0,45.302642817777866,0.0,0.0,0.0,0.0,0.0,0.0,0.0
10.0,3.27026351317566,0.0034169667552678,0.0034169667408992,0.9999941621457528,0.999994162145752,49.41375399334235,0.0,49.97723369126215,0.0,45.59507855727151,0.0,45.30264277500648,0.0,0.0,0.0,0.0,0.0,0.0,0.0
10.0,3.27051352567628,0.0034169967633455,0.0034169967489817,0.999994162043219,0.999994162043218,49.41375398632719,0.0,49.97723347419161,0.0,45.59507855488162,0.0,45.30264273223183,0.0,0.0,0.0,0.0,0.0,0.0,0.0
10.0,3.27076353817691,0.0034170267734336,0.0034170267590747,0.999994161940676,0.999994161940676,49.41375397931136,0.0,49.97723325712967,0.0,45.59507855249154,0.0,45.30264268945395,0.0,0.0,0.0,0.0,0.0,0.0,0.0
10.0,3.27101355067753,0.0034170567855321,0.0034170567711781,0.999994161838127,0.999994161838126,49.41375397229488,0.0,49.97723304007628,0.0,45.595078550101285,0.0,45.30264264667281,0.0,0.0,0.0,0.0,0.0,0.0,0.0
10.0,3.27126356317816,0.003417086799641,0.0034170867852919,0.9999941617355688,0.9999941617355688,49.41375396527776,0.0,49.97723282303137,0.0,45.595078547710834,0.0,45.30264260388842,0.0,0.0,0.0,0.0,0.0,0.0,0.0
10.0,3.27151357567878,0.0034171168157602,0.0034171168014159,0.999994161633004,0.999994161633003,49.41375395825997,0.0,49.97723260599486,0.0,45.595078545320206,0.0,45.30264256110078,0.0,0.0,0.0,0.0,0.0,0.0,0.0
10.0,3.27176358817941,0.0034171468338896,0.0034171468195502,0.99999416153043,0.99999416153043,49.41375395124152,0.0,49.97723238896671,0.0,45.59507854292939,0.0,45.302642518309895,0.0,0.0,0.0,0.0,0.0,0.0,0.0
10.0,3.27201360068003,0.0034171768540292,0.0034171768396946,0.999994161427849,0.999994161427849,49.41375394422244,0.0,49.97723217194681,0.0,45.5950785405384,0.0,45.30264247551576,0.0,0.0,0.0,0.0,0.0,0.0,0.0
10.0,3.27226361318066,0.0034172068761789,0.0034172068618492,0.999994161325261,0.99999416132526,49.41375393720268,0.0,49.977231954935135,0.0,45.59507853814722,0.0,45.302642432718365,0.0,0.0,0.0,0.0,0.0,0.0,0.0
10.0,3.27251362568128,0.0034172369003387,0.0034172368860139,0.999994161222664,0.9999941612226642,49.413753930182274,0.0,49.9772317379316,0.0,45.59507853575586,0.0,45.302642389917736,0.0,0.0,0.0,0.0,0.0,0.0,0.0
10.0,3.27276363818191,0.0034172669265086,0.0034172669121886,0.99999416112006,0.99999416112006,49.41375392316122,0.0,49.97723152093613,0.0,45.59507853336432,0.0,45.30264234711384,0.0,0.0,0.0,0.0,0.0,0.0,0.0
10.0,3.27301365068253,0.0034172969546883,0.0034172969403732,0.999994161017448,0.9999941610174468,49.41375391613951,0.0,49.97723130394866,0.0,45.59507853097259,0.0,45.30264230430671,0.0,0.0,0.0,0.0,0.0,0.0,0.0
10.0,3.27326366318316,0.003417326984878,0.0034173269705677,0.999994160914828,0.999994160914828,49.41375390911713,0.0,49.97723108696914,0.0,45.595078528580686,0.0,45.30264226149632,0.0,0.0,0.0,0.0,0.0,0.0,0.0
10.0,3.27351367568378,0.0034173570170775,0.0034173570027721,0.999994160812201,0.9999941608122,49.41375390209412,0.0,49.9772308699975,0.0,45.595078526188594,0.0,45.302642218682685,0.0,0.0,0.0,0.0,0.0,0.0,0.0
10.0,3.27376368818441,0.0034173870512868,0.0034173870369862,0.999994160709565,0.999994160709565,49.41375389507044,0.0,49.97723065303366,0.0,45.5950785237963,0.0,45.3026421758658,0.0,0.0,0.0,0.0,0.0,0.0,0.0
10.0,3.27401370068503,0.0034174170875058,0.00341741707321,0.999994160606922,0.999994160606922,49.41375388804611,0.0,49.977230436077576,0.0,45.595078521403856,0.0,45.30264213304566,0.0,0.0,0.0,0.0,0.0,0.0,0.0
10.0,3.27426371318566,0.0034174471257344,0.0034174471114436,0.999994160504271,0.999994160504271,49.41375388102112,0.0,49.977230219129154,0.0,45.5950785190112,0.0,45.302642090222285,0.0,0.0,0.0,0.0,0.0,0.0,0.0
10.0,3.27451372568628,0.0034174771659727,0.0034174771516867,0.999994160401613,0.999994160401612,49.41375387399548,0.0,49.97723000218837,0.0,45.59507851661839,0.0,45.30264204739565,0.0,0.0,0.0,0.0,0.0,0.0,0.0
10.0,3.274763738186909,0.0034175072082205,0.0034175071939394,0.999994160298946,0.999994160298946,49.41375386696917,0.0,49.9772297852551,0.0,45.59507851422537,0.0,45.30264200456577,0.0,0.0,0.0,0.0,0.0,0.0,0.0
10.0,3.27501375068753,0.0034175372524778,0.0034175372382015,0.999994160196272,0.999994160196272,49.41375385994222,0.0,49.977229568329335,0.0,45.595078511832185,0.0,45.30264196173264,0.0,0.0,0.0,0.0,0.0,0.0,0.0
10.0,3.27526376318816,0.0034175672987446,0.0034175672844731,0.99999416009359,0.9999941600935888,49.41375385291462,0.0,49.97722935141098,0.0,45.59507850943881,0.0,45.30264191889625,0.0,0.0,0.0,0.0,0.0,0.0,0.0
10.0,3.27551377568878,0.0034175973470207,0.0034175973327541,0.9999941599909,0.9999941599909,49.41375384588636,0.0,49.97722913449999,0.0,45.59507850704525,0.0,45.30264187605662,0.0,0.0,0.0,0.0,0.0,0.0,0.0
10.0,3.27576378818941,0.0034176273973062,0.0034176273830444,0.9999941598882032,0.999994159888202,49.41375383885744,0.0,49.97722891759629,0.0,45.59507850465151,0.0,45.30264183321373,0.0,0.0,0.0,0.0,0.0,0.0,0.0
10.0,3.27601380069003,0.0034176574496009,0.003417657435344,0.999994159785498,0.999994159785497,49.41375383182787,0.0,49.97722870069981,0.0,45.59507850225758,0.0,45.30264179036761,0.0,0.0,0.0,0.0,0.0,0.0,0.0
10.0,3.27626381319066,0.0034176875039048,0.0034176874896527,0.9999941596827848,0.999994159682784,49.41375382479764,0.0,49.9772284838105,0.0,45.59507849986347,0.0,45.30264174751822,0.0,0.0,0.0,0.0,0.0,0.0,0.0
10.0,3.27651382569128,0.0034177175602179,0.0034177175459706,0.999994159580064,0.9999941595800632,49.413753817766754,0.0,49.97722826692829,0.0,45.59507849746918,0.0,45.30264170466559,0.0,0.0,0.0,0.0,0.0,0.0,0.0
10.0,3.27676383819191,0.00341774761854,0.0034177476042976,0.9999941594773348,0.999994159477335,49.41375381073521,0.0,49.97722805005312,0.0,45.5950784950747,0.0,45.30264166180971,0.0,0.0,0.0,0.0,0.0,0.0,0.0
10.0,3.2770138506925304,0.0034177776788712,0.0034177776646337,0.999994159374599,0.999994159374598,49.41375380370302,0.0,49.97722783318493,0.0,45.595078492680045,0.0,45.30264161895058,0.0,0.0,0.0,0.0,0.0,0.0,0.0
10.0,3.27726386319316,0.0034178077412114,0.0034178077269787,0.9999941592718548,0.999994159271854,49.41375379667018,0.0,49.97722761632365,0.0,45.5950784902852,0.0,45.302641576088206,0.0,0.0,0.0,0.0,0.0,0.0,0.0
10.0,3.27751387569378,0.0034178378055604,0.0034178377913326,0.999994159169103,0.9999941591691018,49.41375378963667,0.0,49.97722739946923,0.0,45.59507848789018,0.0,45.30264153322258,0.0,0.0,0.0,0.0,0.0,0.0,0.0
10.0,3.27776388819441,0.0034178678719184,0.0034178678576954,0.999994159066343,0.9999941590663431,49.41375378260251,0.0,49.97722718262159,0.0,45.59507848549497,0.0,45.30264149035369,0.0,0.0,0.0,0.0,0.0,0.0,0.0
10.0,3.27801390069504,0.0034178979402851,0.0034178979260669,0.999994158963576,0.999994158963575,49.4137537755677,0.0,49.97722696578069,0.0,45.595078483099584,0.0,45.30264144748156,0.0,0.0,0.0,0.0,0.0,0.0,0.0
10.0,3.27826391319566,0.0034179280106606,0.0034179279964472,0.9999941588608,0.9999941588608,49.41375376853223,0.0,49.97722674894644,0.0,45.59507848070402,0.0,45.30264140460618,0.0,0.0,0.0,0.0,0.0,0.0,0.0
10.0,3.27851392569628,0.0034179580830448,0.0034179580688363,0.999994158758017,0.999994158758017,49.41375376149611,0.0,49.977226532118806,0.0,45.595078478308245,0.0,45.30264136172756,0.0,0.0,0.0,0.0,0.0,0.0,0.0
10.0,3.27876393819691,0.0034179881574376,0.0034179881432339,0.999994158655227,0.999994158655226,49.41375375445932,0.0,49.977226315297706,0.0,45.59507847591231,0.0,45.30264131884568,0.0,0.0,0.0,0.0,0.0,0.0,0.0
10.0,3.27901395069753,0.0034180182338389,0.0034180182196401,0.999994158552428,0.999994158552427,49.41375374742189,0.0,49.9772260984831,0.0,45.59507847351618,0.0,45.30264127596055,0.0,0.0,0.0,0.0,0.0,0.0,0.0
10.0,3.27926396319816,0.0034180483122488,0.0034180482980548,0.999994158449622,0.999994158449621,49.41375374038381,0.0,49.977225881674926,0.0,45.59507847111988,0.0,45.30264123307218,0.0,0.0,0.0,0.0,0.0,0.0,0.0
10.0,3.27951397569878,0.0034180783926671,0.003418078378478,0.999994158346808,0.999994158346807,49.413753733345054,0.0,49.977225664873096,0.0,45.59507846872339,0.0,45.30264119018055,0.0,0.0,0.0,0.0,0.0,0.0,0.0
10.0,3.27976398819941,0.0034181084750939,0.0034181084609095,0.999994158243986,0.999994158243985,49.41375372630565,0.0,49.977225448077576,0.0,45.59507846632672,0.0,45.30264114728568,0.0,0.0,0.0,0.0,0.0,0.0,0.0
10.0,3.28001400070004,0.0034181385595289,0.0034181385453494,0.999994158141156,0.999994158141156,49.41375371926559,0.0,49.97722523128832,0.0,45.59507846392986,0.0,45.302641104387554,0.0,0.0,0.0,0.0,0.0,0.0,0.0
10.0,3.28026401320066,0.0034181686459723,0.0034181686317976,0.999994158038319,0.999994158038318,49.41375371222488,0.0,49.977225014505215,0.0,45.59507846153282,0.0,45.30264106148618,0.0,0.0,0.0,0.0,0.0,0.0,0.0
10.0,3.28051402570128,0.0034181987344239,0.003418198720254,0.999994157935474,0.9999941579354732,49.41375370518352,0.0,49.97722479772825,0.0,45.5950784591356,0.0,45.302641018581554,0.0,0.0,0.0,0.0,0.0,0.0,0.0
10.0,3.28076403820191,0.0034182288248836,0.0034182288107186,0.999994157832621,0.99999415783262,49.41375369814149,0.0,49.97722458095735,0.0,45.595078456738186,0.0,45.30264097567368,0.0,0.0,0.0,0.0,0.0,0.0,0.0
10.0,3.28101405070253,0.0034182589173515,0.0034182589031913,0.99999415772976,0.999994157729759,49.41375369109881,0.0,49.97722436419245,0.0,45.5950784543406,0.0,45.30264093276256,0.0,0.0,0.0,0.0,0.0,0.0,0.0
10.0,3.28126406320316,0.0034182890118274,0.003418288997672,0.999994157626892,0.999994157626891,49.41375368405547,0.0,49.9772241474335,0.0,45.59507845194283,0.0,45.30264088984819,0.0,0.0,0.0,0.0,0.0,0.0,0.0
10.0,3.281514075703789,0.0034183191083113,0.0034183190941608,0.999994157524016,0.999994157524015,49.413753677011485,0.0,49.977223930680445,0.0,45.59507844954487,0.0,45.302640846930565,0.0,0.0,0.0,0.0,0.0,0.0,0.0
10.0,3.28176408820441,0.0034183492068032,0.0034183491926575,0.999994157421131,0.999994157421131,49.41375366996684,0.0,49.97722371393321,0.0,45.59507844714673,0.0,45.3026408040097,0.0,0.0,0.0,0.0,0.0,0.0,0.0
10.0,3.28201410070504,0.0034183793073029,0.003418379293162,0.99999415731824,0.999994157318239,49.413753662921536,0.0,49.97722349719175,0.0,45.59507844474842,0.0,45.30264076108557,0.0,0.0,0.0,0.0,0.0,0.0,0.0
10.0,3.28226411320566,0.0034184094098104,0.0034184093956744,0.99999415721534,0.999994157215339,49.41375365587558,0.0,49.977223280456,0.0,45.59507844234991,0.0,45.3026407181582,0.0,0.0,0.0,0.0,0.0,0.0,0.0
10.0,3.28251412570629,0.0034184395143257,0.0034184395001945,0.999994157112433,0.999994157112432,49.413753648828965,0.0,49.97722306372592,0.0,45.59507843995122,0.0,45.30264067522759,0.0,0.0,0.0,0.0,0.0,0.0,0.0
10.0,3.28276413820691,0.0034184696208488,0.0034184696067223,0.999994157009518,0.9999941570095172,49.4137536417817,0.0,49.97722284700143,0.0,45.59507843755235,0.0,45.30264063229372,0.0,0.0,0.0,0.0,0.0,0.0,0.0
10.0,3.28301415070754,0.0034184997293794,0.0034184997152578,0.999994156906595,0.999994156906594,49.41375363473377,0.0,49.97722263028248,0.0,45.59507843515329,0.0,45.3026405893566,0.0,0.0,0.0,0.0,0.0,0.0,0.0
10.0,3.28326416320816,0.0034185298399177,0.0034185298258009,0.999994156803664,0.999994156803664,49.41375362768519,0.0,49.97722241356902,0.0,45.59507843275405,0.0,45.30264054641623,0.0,0.0,0.0,0.0,0.0,0.0,0.0
10.0,3.28351417570879,0.0034185599524635,0.0034185599383515,0.999994156700726,0.9999941567007248,49.41375362063595,0.0,49.977222196860986,0.0,45.59507843035463,0.0,45.30264050347262,0.0,0.0,0.0,0.0,0.0,0.0,0.0
10.0,3.2837641882094104,0.0034185900670168,0.0034185900529096,0.99999415659778,0.999994156597779,49.41375361358606,0.0,49.97722198015832,0.0,45.59507842795503,0.0,45.302640460525744,0.0,0.0,0.0,0.0,0.0,0.0,0.0
10.0,3.28401420071004,0.0034186201835774,0.0034186201694751,0.999994156494826,0.9999941564948251,49.41375360653552,0.0,49.977221763460975,0.0,45.59507842555524,0.0,45.30264041757563,0.0,0.0,0.0,0.0,0.0,0.0,0.0
10.0,3.28426421321066,0.0034186503021455,0.003418650288048,0.999994156391864,0.999994156391863,49.41375359948431,0.0,49.97722154676888,0.0,45.59507842315527,0.0,45.30264037462226,0.0,0.0,0.0,0.0,0.0,0.0,0.0
10.0,3.28451422571129,0.0034186804227208,0.0034186804086281,0.999994156288894,0.999994156288894,49.41375359243245,0.0,49.977221330082,0.0,45.59507842075512,0.0,45.30264033166564,0.0,0.0,0.0,0.0,0.0,0.0,0.0
10.0,3.28476423821191,0.0034187105453034,0.0034187105312155,0.9999941561859172,0.999994156185916,49.41375358537993,0.0,49.97722111340025,0.0,45.59507841835478,0.0,45.30264028870578,0.0,0.0,0.0,0.0,0.0,0.0,0.0
10.0,3.28501425071254,0.0034187406698932,0.0034187406558101,0.999994156082932,0.999994156082932,49.41375357832676,0.0,49.9772208967236,0.0,45.59507841595426,0.0,45.30264024574267,0.0,0.0,0.0,0.0,0.0,0.0,0.0
10.0,3.28526426321316,0.0034187707964901,0.0034187707824119,0.999994155979939,0.999994155979939,49.413753571272935,0.0,49.97722068005198,0.0,45.59507841355356,0.0,45.3026402027763,0.0,0.0,0.0,0.0,0.0,0.0,0.0
10.0,3.28551427571379,0.0034188009250941,0.0034188009110207,0.999994155876939,0.999994155876938,49.413753564218446,0.0,49.97722046338534,0.0,45.59507841115266,0.0,45.30264015980669,0.0,0.0,0.0,0.0,0.0,0.0,0.0
10.0,3.28576428821441,0.0034188310557051,0.0034188310416365,0.99999415577393,0.99999415577393,49.41375355716331,0.0,49.97722024672363,0.0,45.5950784087516,0.0,45.30264011683383,0.0,0.0,0.0,0.0,0.0,0.0,0.0
10.0,3.28601430071504,0.0034188611883231,0.0034188611742592,0.999994155670914,0.999994155670914,49.41375355010751,0.0,49.9772200300668,0.0,45.595078406350346,0.0,45.30264007385772,0.0,0.0,0.0,0.0,0.0,0.0,0.0
10.0,3.28626431321566,0.0034188913229479,0.0034188913088889,0.99999415556789,0.99999415556789,49.41375354305106,0.0,49.97721981341477,0.0,45.59507840394891,0.0,45.30264003087836,0.0,0.0,0.0,0.0,0.0,0.0,0.0
10.0,3.28651432571629,0.0034189214595796,0.0034189214455254,0.999994155464859,0.999994155464858,49.41375353599395,0.0,49.97721959676751,0.0,45.59507840154729,0.0,45.30263998789575,0.0,0.0,0.0,0.0,0.0,0.0,0.0
10.0,3.28676433821691,0.0034189515982181,0.0034189515841687,0.9999941553618192,0.999994155361819,49.41375352893618,0.0,49.97721938012495,0.0,45.595078399145486,0.0,45.30263994490989,0.0,0.0,0.0,0.0,0.0,0.0,0.0
10.0,3.28701435071754,0.0034189817388633,0.0034189817248187,0.999994155258772,0.999994155258772,49.413753521877766,0.0,49.97721916348705,0.0,45.5950783967435,0.0,45.30263990192078,0.0,0.0,0.0,0.0,0.0,0.0,0.0
10.0,3.28726436321816,0.0034190118815152,0.0034190118674754,0.9999941551557168,0.999994155155717,49.41375351481868,0.0,49.97721894685374,0.0,45.59507839434133,0.0,45.30263985892842,0.0,0.0,0.0,0.0,0.0,0.0,0.0
10.0,3.28751437571879,0.0034190420261737,0.0034190420121387,0.999994155052654,0.999994155052654,49.41375350775896,0.0,49.97721873022499,0.0,45.59507839193898,0.0,45.30263981593281,0.0,0.0,0.0,0.0,0.0,0.0,0.0
10.0,3.28776438821941,0.0034190721728387,0.0034190721588085,0.999994154949584,0.9999941549495828,49.41375350069856,0.0,49.97721851360071,0.0,45.59507838953644,0.0,45.30263977293396,0.0,0.0,0.0,0.0,0.0,0.0,0.0
10.0,3.28801440072004,0.0034191023215103,0.0034191023074849,0.999994154846506,0.999994154846505,49.41375349363752,0.0,49.977218296980894,0.0,45.595078387133725,0.0,45.30263972993185,0.0,0.0,0.0,0.0,0.0,0.0,0.0
10.0,3.28826441322066,0.0034191324721883,0.0034191324581677,0.9999941547434188,0.999994154743419,49.41375348657581,0.0,49.977218080365446,0.0,45.595078384730826,0.0,45.30263968692649,0.0,0.0,0.0,0.0,0.0,0.0,0.0
10.0,3.28851442572129,0.0034191626248726,0.0034191626108568,0.999994154640326,0.999994154640325,49.41375347951345,0.0,49.97721786375433,0.0,45.595078382327735,0.0,45.302639643917885,0.0,0.0,0.0,0.0,0.0,0.0,0.0
10.0,3.28876443822191,0.0034191927795633,0.0034191927655523,0.999994154537224,0.999994154537224,49.41375347245043,0.0,49.97721764714751,0.0,45.59507837992447,0.0,45.30263960090603,0.0,0.0,0.0,0.0,0.0,0.0,0.0
10.0,3.28901445072254,0.0034192229362603,0.003419222922254,0.999994154434115,0.999994154434114,49.41375346538677,0.0,49.9772174305449,0.0,45.59507837752102,0.0,45.30263955789093,0.0,0.0,0.0,0.0,0.0,0.0,0.0
10.0,3.28926446322316,0.0034192530949634,0.003419253080962,0.999994154330998,0.9999941543309968,49.41375345832243,0.0,49.97721721394648,0.0,45.59507837511738,0.0,45.30263951487258,0.0,0.0,0.0,0.0,0.0,0.0,0.0
10.0,3.28951447572379,0.0034192832556727,0.0034192832416761,0.999994154227873,0.999994154227872,49.41375345125745,0.0,49.97721699735218,0.0,45.595078372713566,0.0,45.30263947185097,0.0,0.0,0.0,0.0,0.0,0.0,0.0
10.0,3.28976448822441,0.0034193134183881,0.0034193134043963,0.99999415412474,0.99999415412474,49.413753444191805,0.0,49.97721678076195,0.0,45.595078370309565,0.0,45.302639428826126,0.0,0.0,0.0,0.0,0.0,0.0,0.0
10.0,3.29001450072504,0.0034193435831095,0.0034193435691225,0.9999941540216,0.999994154021599,49.41375343712551,0.0,49.97721656417573,0.0,45.59507836790537,0.0,45.30263938579802,0.0,0.0,0.0,0.0,0.0,0.0,0.0
10.0,3.29026451322566,0.0034193737498369,0.0034193737358547,0.999994153918451,0.999994153918451,49.41375343005856,0.0,49.97721634759349,0.0,45.59507836550101,0.0,45.30263934276667,0.0,0.0,0.0,0.0,0.0,0.0,0.0
10.0,3.2905145257262904,0.0034194039185703,0.0034194039045928,0.999994153815296,0.999994153815295,49.41375342299095,0.0,49.97721613101516,0.0,45.595078363096455,0.0,45.302639299732064,0.0,0.0,0.0,0.0,0.0,0.0,0.0
10.0,3.29076453822691,0.0034194340893095,0.0034194340753368,0.999994153712132,0.999994153712131,49.41375341592268,0.0,49.9772159144407,0.0,45.59507836069173,0.0,45.30263925669421,0.0,0.0,0.0,0.0,0.0,0.0,0.0
10.0,3.29101455072754,0.0034194642620544,0.0034194642480866,0.99999415360896,0.99999415360896,49.41375340885375,0.0,49.97721569787005,0.0,45.595078358286806,0.0,45.30263921365312,0.0,0.0,0.0,0.0,0.0,0.0,0.0
10.0,3.29126456322816,0.0034194944368052,0.0034194944228421,0.999994153505781,0.99999415350578,49.41375340178417,0.0,49.97721548130316,0.0,45.59507835588171,0.0,45.30263917060877,0.0,0.0,0.0,0.0,0.0,0.0,0.0
10.0,3.29151457572879,0.0034195246135616,0.0034195245996033,0.999994153402594,0.9999941534025932,49.413753394713936,0.0,49.97721526473999,0.0,45.59507835347642,0.0,45.30263912756117,0.0,0.0,0.0,0.0,0.0,0.0,0.0
10.0,3.29176458822941,0.0034195547923237,0.0034195547783702,0.9999941532993992,0.999994153299398,49.41375338764304,0.0,49.97721504818048,0.0,45.59507835107095,0.0,45.302639084510325,0.0,0.0,0.0,0.0,0.0,0.0,0.0
10.0,3.29201460073004,0.0034195849730913,0.0034195849591426,0.999994153196196,0.999994153196196,49.413753380571485,0.0,49.97721483162458,0.0,45.59507834866531,0.0,45.302639041456224,0.0,0.0,0.0,0.0,0.0,0.0,0.0
10.0,3.29226461323066,0.0034196151558644,0.0034196151419205,0.999994153092986,0.999994153092985,49.41375337349928,0.0,49.97721461507224,0.0,45.59507834625947,0.0,45.30263899839888,0.0,0.0,0.0,0.0,0.0,0.0,0.0
10.0,3.29251462573129,0.003419645340643,0.0034196453267039,0.999994152989768,0.999994152989767,49.41375336642641,0.0,49.977214398523415,0.0,45.59507834385346,0.0,45.302638955338296,0.0,0.0,0.0,0.0,0.0,0.0,0.0
10.0,3.29276463823191,0.003419675527427,0.0034196755134927,0.999994152886542,0.9999941528865413,49.413753359352896,0.0,49.97721418197805,0.0,45.595078341447255,0.0,45.302638912274446,0.0,0.0,0.0,0.0,0.0,0.0,0.0
10.0,3.29301465073254,0.0034197057162164,0.0034197057022868,0.999994152783308,0.999994152783308,49.41375335227871,0.0,49.9772139654361,0.0,45.59507833904088,0.0,45.30263886920735,0.0,0.0,0.0,0.0,0.0,0.0,0.0
10.0,3.29326466323316,0.003419735907011,0.0034197358930862,0.999994152680067,0.999994152680066,49.41375334520388,0.0,49.97721374889751,0.0,45.59507833663431,0.0,45.302638826137006,0.0,0.0,0.0,0.0,0.0,0.0,0.0
10.0,3.29351467573379,0.0034197660998108,0.0034197660858908,0.999994152576818,0.999994152576817,49.41375333812838,0.0,49.97721353236223,0.0,45.59507833422756,0.0,45.30263878306342,0.0,0.0,0.0,0.0,0.0,0.0,0.0
10.0,3.29376468823441,0.0034197962946159,0.0034197962807006,0.999994152473561,0.99999415247356,49.41375333105224,0.0,49.97721331583022,0.0,45.59507833182062,0.0,45.30263873998658,0.0,0.0,0.0,0.0,0.0,0.0,0.0
10.0,3.29401470073504,0.003419826491426,0.0034198264775155,0.999994152370296,0.999994152370295,49.41375332397542,0.0,49.97721309930142,0.0,45.59507832941351,0.0,45.30263869690649,0.0,0.0,0.0,0.0,0.0,0.0,0.0
10.0,3.29426471323566,0.0034198566902412,0.0034198566763355,0.999994152267023,0.999994152267023,49.41375331689796,0.0,49.9772128827758,0.0,45.59507832700621,0.0,45.302638653823145,0.0,0.0,0.0,0.0,0.0,0.0,0.0
10.0,3.29451472573629,0.0034198868910614,0.0034198868771605,0.999994152163743,0.999994152163743,49.41375330981984,0.0,49.97721266625329,0.0,45.59507832459872,0.0,45.30263861073656,0.0,0.0,0.0,0.0,0.0,0.0,0.0
10.0,3.29476473823691,0.0034199170938865,0.0034199170799904,0.999994152060455,0.999994152060454,49.41375330274107,0.0,49.97721244973385,0.0,45.59507832219106,0.0,45.30263856764672,0.0,0.0,0.0,0.0,0.0,0.0,0.0
10.0,3.29501475073754,0.0034199472987165,0.0034199472848251,0.999994151957159,0.999994151957159,49.41375329566164,0.0,49.97721223321743,0.0,45.59507831978321,0.0,45.30263852455364,0.0,0.0,0.0,0.0,0.0,0.0,0.0
10.0,3.29526476323816,0.0034199775055513,0.0034199774916647,0.999994151853856,0.9999941518538552,49.41375328858154,0.0,49.97721201670399,0.0,45.59507831737518,0.0,45.30263848145729,0.0,0.0,0.0,0.0,0.0,0.0,0.0
10.0,3.29551477573879,0.0034200077143909,0.0034200077005091,0.999994151750544,0.999994151750544,49.41375328150078,0.0,49.97721180019346,0.0,45.59507831496697,0.0,45.30263843835771,0.0,0.0,0.0,0.0,0.0,0.0,0.0
10.0,3.29576478823941,0.0034200379252352,0.0034200379113581,0.999994151647225,0.999994151647224,49.413753274419385,0.0,49.97721158368582,0.0,45.59507831255857,0.0,45.30263839525488,0.0,0.0,0.0,0.0,0.0,0.0,0.0
10.0,3.29601480074004,0.0034200681380841,0.0034200681242119,0.999994151543898,0.999994151543897,49.41375326733733,0.0,49.97721136718101,0.0,45.59507831014999,0.0,45.3026383521488,0.0,0.0,0.0,0.0,0.0,0.0,0.0
10.0,3.29626481324066,0.0034200983529376,0.0034200983390702,0.999994151440563,0.999994151440563,49.41375326025461,0.0,49.97721115067898,0.0,45.595078307741225,0.0,45.30263830903946,0.0,0.0,0.0,0.0,0.0,0.0,0.0
10.0,3.29651482574129,0.0034201285697957,0.003420128555933,0.9999941513372208,0.99999415133722,49.413753253171215,0.0,49.977210934179695,0.0,45.59507830533228,0.0,45.30263826592687,0.0,0.0,0.0,0.0,0.0,0.0,0.0
10.0,3.29676483824191,0.0034201587886582,0.0034201587748003,0.999994151233871,0.99999415123387,49.41375324608718,0.0,49.97721071768309,0.0,45.59507830292314,0.0,45.30263822281105,0.0,0.0,0.0,0.0,0.0,0.0,0.0
10.0,3.29701485074254,0.0034201890095252,0.003420188995672,0.999994151130513,0.999994151130512,49.413753239002496,0.0,49.97721050118913,0.0,45.59507830051383,0.0,45.30263817969196,0.0,0.0,0.0,0.0,0.0,0.0,0.0
10.0,3.29726486324316,0.0034202192323965,0.0034202192185481,0.999994151027147,0.999994151027146,49.41375323191715,0.0,49.97721028469776,0.0,45.59507829810433,0.0,45.30263813656963,0.0,0.0,0.0,0.0,0.0,0.0,0.0
10.0,3.29751487574379,0.0034202494572722,0.0034202494434285,0.999994150923773,0.999994150923773,49.41375322483114,0.0,49.97721006820895,0.0,45.595078295694655,0.0,45.302638093444045,0.0,0.0,0.0,0.0,0.0,0.0,0.0
10.0,3.29776488824441,0.003420279684152,0.0034202796703131,0.999994150820392,0.999994150820391,49.41375321774447,0.0,49.97720985172263,0.0,45.59507829328479,0.0,45.30263805031522,0.0,0.0,0.0,0.0,0.0,0.0,0.0
10.0,3.29801490074504,0.0034203099130361,0.003420309899202,0.999994150717003,0.999994150717002,49.41375321065715,0.0,49.97720963523877,0.0,45.59507829087474,0.0,45.30263800718315,0.0,0.0,0.0,0.0,0.0,0.0,0.0
10.0,3.2982649132456605,0.0034203401439243,0.0034203401300949,0.999994150613606,0.999994150613606,49.41375320356917,0.0,49.977209418757326,0.0,45.595078288464514,0.0,45.30263796404782,0.0,0.0,0.0,0.0,0.0,0.0,0.0
10.0,3.29851492574629,0.0034203703768165,0.0034203703629919,0.9999941505102008,0.999994150510201,49.41375319648053,0.0,49.97720920227823,0.0,45.5950782860541,0.0,45.30263792090925,0.0,0.0,0.0,0.0,0.0,0.0,0.0
10.0,3.29876493824691,0.0034204006117128,0.003420400597893,0.999994150406789,0.999994150406789,49.41375318939125,0.0,49.97720898580146,0.0,45.5950782836435,0.0,45.302637877767424,0.0,0.0,0.0,0.0,0.0,0.0,0.0
10.0,3.29901495074754,0.003420430848613,0.0034204308347979,0.999994150303369,0.999994150303368,49.41375318230129,0.0,49.97720876932696,0.0,45.59507828123272,0.0,45.302637834622345,0.0,0.0,0.0,0.0,0.0,0.0,0.0
10.0,3.29926496324816,0.0034204610875171,0.0034204610737068,0.999994150199941,0.99999415019994,49.41375317521068,0.0,49.9772085528547,0.0,45.59507827882176,0.0,45.30263779147403,0.0,0.0,0.0,0.0,0.0,0.0,0.0
10.0,3.29951497574879,0.0034204913284251,0.0034204913146196,0.999994150096505,0.9999941500965052,49.41375316811941,0.0,49.97720833638461,0.0,45.59507827641061,0.0,45.30263774832245,0.0,0.0,0.0,0.0,0.0,0.0,0.0
10.0,3.29976498824941,0.0034205215713369,0.0034205215575361,0.999994149993062,0.999994149993061,49.41375316102749,0.0,49.977208119916654,0.0,45.595078273999285,0.0,45.30263770516762,0.0,0.0,0.0,0.0,0.0,0.0,0.0
10.0,3.30001500075004,0.0034205518162523,0.0034205518024563,0.999994149889611,0.99999414988961,49.413753153934906,0.0,49.9772079034508,0.0,45.59507827158777,0.0,45.302637662009545,0.0,0.0,0.0,0.0,0.0,0.0,0.0
10.0,3.30026501325066,0.0034205820631715,0.0034205820493802,0.999994149786151,0.999994149786151,49.41375314684167,0.0,49.97720768698699,0.0,45.59507826917608,0.0,45.30263761884824,0.0,0.0,0.0,0.0,0.0,0.0,0.0
10.0,3.30051502575129,0.0034206123120942,0.0034206122983077,0.999994149682685,0.999994149682684,49.41375313974777,0.0,49.97720747052517,0.0,45.5950782667642,0.0,45.30263757568366,0.0,0.0,0.0,0.0,0.0,0.0,0.0
10.0,3.30076503825191,0.0034206425630205,0.0034206425492387,0.99999414957921,0.99999414957921,49.41375313265321,0.0,49.97720725406533,0.0,45.59507826435213,0.0,45.30263753251585,0.0,0.0,0.0,0.0,0.0,0.0,0.0
10.0,3.30101505075254,0.0034206728159503,0.0034206728021733,0.999994149475728,0.9999941494757272,49.413753125558,0.0,49.977207037607386,0.0,45.59507826193989,0.0,45.302637489344775,0.0,0.0,0.0,0.0,0.0,0.0,0.0
10.0,3.30126506325316,0.0034207030708836,0.0034207030571113,0.999994149372238,0.9999941493722369,49.413753118462125,0.0,49.97720682115131,0.0,45.595078259527455,0.0,45.30263744617047,0.0,0.0,0.0,0.0,0.0,0.0,0.0
10.0,3.30151507575379,0.0034207333278202,0.0034207333140526,0.99999414926874,0.99999414926874,49.41375311136561,0.0,49.977206604697066,0.0,45.59507825711485,0.0,45.30263740299289,0.0,0.0,0.0,0.0,0.0,0.0,0.0
10.0,3.30176508825441,0.0034207635867601,0.0034207635729973,0.999994149165234,0.999994149165234,49.413753104268416,0.0,49.9772063882446,0.0,45.595078254702045,0.0,45.30263735981208,0.0,0.0,0.0,0.0,0.0,0.0,0.0
10.0,3.30201510075504,0.0034207938477033,0.0034207938339453,0.9999941490617212,0.99999414906172,49.41375309717057,0.0,49.97720617179387,0.0,45.59507825228907,0.0,45.30263731662802,0.0,0.0,0.0,0.0,0.0,0.0,0.0
10.0,3.30226511325566,0.0034208241106497,0.0034208240968964,0.9999941489582,0.999994148958199,49.41375309007207,0.0,49.97720595534484,0.0,45.59507824987591,0.0,45.3026372734407,0.0,0.0,0.0,0.0,0.0,0.0,0.0
10.0,3.30251512575629,0.0034208543755992,0.0034208543618507,0.999994148854671,0.99999414885467,49.41375308297291,0.0,49.97720573889745,0.0,45.59507824746257,0.0,45.30263723025014,0.0,0.0,0.0,0.0,0.0,0.0,0.0
10.0,3.30276513825691,0.0034208846425519,0.0034208846288081,0.999994148751134,0.999994148751134,49.413753075873096,0.0,49.97720552245168,0.0,45.59507824504904,0.0,45.30263718705633,0.0,0.0,0.0,0.0,0.0,0.0,0.0
10.0,3.30301515075754,0.0034209149115075,0.0034209148977685,0.99999414864759,0.999994148647589,49.41375306877262,0.0,49.97720530600746,0.0,45.59507824263533,0.0,45.30263714385927,0.0,0.0,0.0,0.0,0.0,0.0,0.0
10.0,3.30326516325816,0.0034209451824662,0.0034209451687319,0.999994148544037,0.999994148544037,49.413753061671486,0.0,49.97720508956478,0.0,45.59507824022143,0.0,45.30263710065896,0.0,0.0,0.0,0.0,0.0,0.0,0.0
10.0,3.30351517575879,0.0034209754554277,0.0034209754416982,0.999994148440477,0.9999941484404768,49.41375305456969,0.0,49.977204873123554,0.0,45.59507823780735,0.0,45.3026370574554,0.0,0.0,0.0,0.0,0.0,0.0,0.0
10.0,3.30376518825941,0.0034210057303922,0.0034210057166673,0.999994148336909,0.999994148336909,49.413753047467246,0.0,49.977204656683774,0.0,45.595078235393096,0.0,45.30263701424859,0.0,0.0,0.0,0.0,0.0,0.0,0.0
10.0,3.30401520076004,0.0034210360073594,0.0034210359936393,0.999994148233334,0.999994148233333,49.41375304036414,0.0,49.97720444024539,0.0,45.59507823297865,0.0,45.30263697103854,0.0,0.0,0.0,0.0,0.0,0.0,0.0
10.0,3.30426521326066,0.0034210662863293,0.003421066272614,0.999994148129751,0.99999414812975,49.41375303326037,0.0,49.97720422380834,0.0,45.59507823056402,0.0,45.302636927825226,0.0,0.0,0.0,0.0,0.0,0.0,0.0
10.0,3.30451522576129,0.003421096567302,0.0034210965535914,0.99999414802616,0.999994148026159,49.413753026155945,0.0,49.97720400737261,0.0,45.59507822814921,0.0,45.302636884608674,0.0,0.0,0.0,0.0,0.0,0.0,0.0
10.0,3.30476523826191,0.0034211268502773,0.0034211268365714,0.999994147922561,0.99999414792256,49.41375301905087,0.0,49.97720379093815,0.0,45.59507822573422,0.0,45.30263684138888,0.0,0.0,0.0,0.0,0.0,0.0,0.0
10.0,3.3050152507625405,0.0034211571352551,0.003421157121554,0.999994147818954,0.999994147818954,49.41375301194512,0.0,49.977203574504905,0.0,45.59507822331905,0.0,45.30263679816582,0.0,0.0,0.0,0.0,0.0,0.0,0.0
10.0,3.30526526326316,0.0034211874222355,0.0034211874085391,0.99999414771534,0.999994147715339,49.41375300483873,0.0,49.97720335807285,0.0,45.59507822090368,0.0,45.30263675493952,0.0,0.0,0.0,0.0,0.0,0.0,0.0
10.0,3.30551527576379,0.0034212177112183,0.0034212176975266,0.999994147611717,0.999994147611717,49.41375299773168,0.0,49.97720314164192,0.0,45.59507821848814,0.0,45.30263671170997,0.0,0.0,0.0,0.0,0.0,0.0,0.0
10.0,3.30576528826441,0.0034212480022035,0.0034212479885166,0.999994147508088,0.9999941475080872,49.41375299062396,0.0,49.9772029252121,0.0,45.59507821607241,0.0,45.30263666847716,0.0,0.0,0.0,0.0,0.0,0.0,0.0
10.0,3.30601530076504,0.003421278295191,0.0034212782815088,0.99999414740445,0.9999941474044493,49.41375298351558,0.0,49.97720270878333,0.0,45.59507821365651,0.0,45.30263662524112,0.0,0.0,0.0,0.0,0.0,0.0,0.0
10.0,3.30626531326566,0.0034213085901808,0.0034213085765034,0.9999941473008052,0.999994147300804,49.41375297640656,0.0,49.97720249235558,0.0,45.595078211240406,0.0,45.30263658200182,0.0,0.0,0.0,0.0,0.0,0.0,0.0
10.0,3.30651532576629,0.0034213388871729,0.0034213388735002,0.999994147197151,0.9999941471971509,49.41375296929686,0.0,49.9772022759288,0.0,45.59507820882413,0.0,45.30263653875927,0.0,0.0,0.0,0.0,0.0,0.0,0.0
10.0,3.30676533826691,0.0034213691861671,0.0034213691724991,0.99999414709349,0.99999414709349,49.413752962186514,0.0,49.97720205950296,0.0,45.59507820640767,0.0,45.30263649551348,0.0,0.0,0.0,0.0,0.0,0.0,0.0
10.0,3.30701535076754,0.0034213994871634,0.0034213994735001,0.999994146989821,0.999994146989821,49.41375295507552,0.0,49.977201843078014,0.0,45.59507820399103,0.0,45.30263645226443,0.0,0.0,0.0,0.0,0.0,0.0,0.0
10.0,3.307265363268161,0.0034214297901618,0.0034214297765032,0.999994146886145,0.999994146886144,49.41375294796384,0.0,49.97720162665391,0.0,45.5950782015742,0.0,45.30263640901214,0.0,0.0,0.0,0.0,0.0,0.0,0.0
10.0,3.30751537576879,0.0034214600951621,0.0034214600815083,0.99999414678246,0.99999414678246,49.41375294085152,0.0,49.97720141023063,0.0,45.59507819915719,0.0,45.30263636575659,0.0,0.0,0.0,0.0,0.0,0.0,0.0
10.0,3.30776538826941,0.0034214904021644,0.0034214903885153,0.9999941466787692,0.999994146678768,49.41375293373854,0.0,49.9772011938081,0.0,45.595078196740005,0.0,45.30263632249781,0.0,0.0,0.0,0.0,0.0,0.0,0.0
10.0,3.30801540077004,0.0034215207111686,0.0034215206975242,0.999994146575069,0.999994146575068,49.4137529266249,0.0,49.97720097738631,0.0,45.59507819432263,0.0,45.30263627923576,0.0,0.0,0.0,0.0,0.0,0.0,0.0
10.0,3.30826541327066,0.0034215510221746,0.0034215510085349,0.999994146471361,0.99999414647136,49.4137529195106,0.0,49.97720076096522,0.0,45.59507819190507,0.0,45.30263623597047,0.0,0.0,0.0,0.0,0.0,0.0,0.0
10.0,3.30851542577129,0.0034215813351823,0.0034215813215474,0.999994146367645,0.999994146367645,49.41375291239565,0.0,49.977200544544765,0.0,45.595078189487324,0.0,45.30263619270193,0.0,0.0,0.0,0.0,0.0,0.0,0.0
10.0,3.30876543827191,0.0034216116501917,0.0034216116365616,0.999994146263922,0.999994146263922,49.41375290528003,0.0,49.97720032812493,0.0,45.59507818706941,0.0,45.30263614943014,0.0,0.0,0.0,0.0,0.0,0.0,0.0
10.0,3.30901545077254,0.0034216419672028,0.0034216419535774,0.999994146160191,0.999994146160191,49.41375289816376,0.0,49.97720011170565,0.0,45.59507818465129,0.0,45.30263610615511,0.0,0.0,0.0,0.0,0.0,0.0,0.0
10.0,3.30926546327316,0.0034216722862155,0.0034216722725948,0.999994146056453,0.999994146056452,49.41375289104682,0.0,49.97719989528692,0.0,45.59507818223301,0.0,45.30263606287682,0.0,0.0,0.0,0.0,0.0,0.0,0.0
10.0,3.30951547577379,0.0034217026072297,0.0034217025936137,0.999994145952706,0.999994145952706,49.41375288392923,0.0,49.97719967886867,0.0,45.59507817981452,0.0,45.30263601959528,0.0,0.0,0.0,0.0,0.0,0.0,0.0
10.0,3.30976548827441,0.0034217329302454,0.0034217329166341,0.999994145848952,0.9999941458489509,49.41375287681098,0.0,49.97719946245087,0.0,45.59507817739587,0.0,45.3026359763105,0.0,0.0,0.0,0.0,0.0,0.0,0.0
10.0,3.31001550077504,0.0034217632552625,0.0034217632416559,0.99999414574519,0.999994145745189,49.41375286969207,0.0,49.977199246033486,0.0,45.59507817497703,0.0,45.30263593302247,0.0,0.0,0.0,0.0,0.0,0.0,0.0
10.0,3.31026551327566,0.0034217935822809,0.0034217935686791,0.99999414564142,0.99999414564142,49.4137528625725,0.0,49.97719902961648,0.0,45.595078172558,0.0,45.30263588973119,0.0,0.0,0.0,0.0,0.0,0.0,0.0
10.0,3.31051552577629,0.0034218239113007,0.0034218238977035,0.999994145537643,0.999994145537642,49.41375285545227,0.0,49.9771988131998,0.0,45.5950781701388,0.0,45.30263584643665,0.0,0.0,0.0,0.0,0.0,0.0,0.0
10.0,3.31076553827691,0.0034218542423216,0.0034218542287292,0.999994145433857,0.999994145433857,49.41375284833139,0.0,49.97719859678342,0.0,45.59507816771941,0.0,45.30263580313887,0.0,0.0,0.0,0.0,0.0,0.0,0.0
10.0,3.31101555077754,0.0034218845753438,0.0034218845617561,0.999994145330064,0.999994145330064,49.41375284120985,0.0,49.97719838036729,0.0,45.59507816529983,0.0,45.30263575983784,0.0,0.0,0.0,0.0,0.0,0.0,0.0
10.0,3.31126556327816,0.0034219149103671,0.0034219148967841,0.999994145226263,0.999994145226263,49.413752834087646,0.0,49.97719816395138,0.0,45.59507816288008,0.0,45.302635716533565,0.0,0.0,0.0,0.0,0.0,0.0,0.0
10.0,3.31151557577879,0.0034219452473914,0.0034219452338132,0.999994145122455,0.999994145122454,49.41375282696478,0.0,49.97719794753566,0.0,45.595078160460126,0.0,45.30263567322604,0.0,0.0,0.0,0.0,0.0,0.0,0.0
10.0,3.31176558827941,0.0034219755864168,0.0034219755728432,0.999994145018638,0.999994145018638,49.413752819841264,0.0,49.97719773112006,0.0,45.59507815804001,0.0,45.30263562991526,0.0,0.0,0.0,0.0,0.0,0.0,0.0
10.0,3.31201560078004,0.0034220059274431,0.0034220059138743,0.999994144914814,0.999994144914814,49.413752812717085,0.0,49.97719751470457,0.0,45.5950781556197,0.0,45.30263558660124,0.0,0.0,0.0,0.0,0.0,0.0,0.0
10.0,3.31226561328066,0.0034220362704703,0.0034220362569062,0.999994144810982,0.999994144810982,49.413752805592246,0.0,49.97719729828915,0.0,45.59507815319922,0.0,45.30263554328396,0.0,0.0,0.0,0.0,0.0,0.0,0.0
10.0,3.31251562578129,0.0034220666154983,0.0034220666019389,0.999994144707143,0.999994144707142,49.413752798466746,0.0,49.97719708187376,0.0,45.59507815077854,0.0,45.30263549996344,0.0,0.0,0.0,0.0,0.0,0.0,0.0
10.0,3.3127656382819097,0.0034220969625272,0.0034220969489724,0.999994144603295,0.999994144603294,49.413752791340585,0.0,49.97719686545835,0.0,45.595078148357686,0.0,45.30263545663967,0.0,0.0,0.0,0.0,0.0,0.0,0.0
10.0,3.31301565078254,0.0034221273115567,0.0034221272980067,0.99999414449944,0.999994144499439,49.41375278421378,0.0,49.977196649042895,0.0,45.59507814593665,0.0,45.30263541331265,0.0,0.0,0.0,0.0,0.0,0.0,0.0
10.0,3.31326566328316,0.0034221576625869,0.0034221576490416,0.999994144395577,0.999994144395576,49.41375277708631,0.0,49.97719643262735,0.0,45.59507814351542,0.0,45.30263536998238,0.0,0.0,0.0,0.0,0.0,0.0,0.0
10.0,3.31351567578379,0.0034221880156177,0.0034221880020771,0.999994144291706,0.999994144291706,49.41375276995817,0.0,49.97719621621168,0.0,45.595078141094014,0.0,45.30263532664887,0.0,0.0,0.0,0.0,0.0,0.0,0.0
10.0,3.31376568828441,0.003422218370649,0.0034222183571131,0.999994144187828,0.9999941441878272,49.413752762829375,0.0,49.977195999795846,0.0,45.59507813867242,0.0,45.30263528331211,0.0,0.0,0.0,0.0,0.0,0.0,0.0
10.0,3.3140157007850406,0.0034222487276808,0.0034222487141496,0.999994144083941,0.999994144083941,49.41375275569993,0.0,49.97719578337982,0.0,45.59507813625065,0.0,45.30263523997208,0.0,0.0,0.0,0.0,0.0,0.0,0.0
10.0,3.31426571328566,0.0034222790867131,0.0034222790731866,0.9999941439800468,0.999994143980046,49.41375274856982,0.0,49.97719556696356,0.0,45.5950781338287,0.0,45.30263519662882,0.0,0.0,0.0,0.0,0.0,0.0,0.0
10.0,3.31451572578629,0.0034223094477457,0.0034223094342239,0.999994143876145,0.999994143876145,49.41375274143904,0.0,49.97719535054701,0.0,45.59507813140656,0.0,45.3026351532823,0.0,0.0,0.0,0.0,0.0,0.0,0.0
10.0,3.31476573828691,0.0034223398107787,0.0034223397972616,0.999994143772235,0.9999941437722352,49.413752734307614,0.0,49.97719513413017,0.0,45.59507812898424,0.0,45.30263510993255,0.0,0.0,0.0,0.0,0.0,0.0,0.0
10.0,3.31501575078754,0.0034223701758119,0.0034223701622995,0.999994143668318,0.999994143668318,49.41375272717553,0.0,49.97719491771298,0.0,45.59507812656173,0.0,45.302635066579526,0.0,0.0,0.0,0.0,0.0,0.0,0.0
10.0,3.31526576328816,0.0034224005428453,0.0034224005293376,0.999994143564393,0.999994143564392,49.41375272004278,0.0,49.9771947012954,0.0,45.59507812413904,0.0,45.30263502322328,0.0,0.0,0.0,0.0,0.0,0.0,0.0
10.0,3.31551577578879,0.0034224309118788,0.0034224308983758,0.99999414346046,0.99999414346046,49.41375271290938,0.0,49.977194484877394,0.0,45.59507812171618,0.0,45.30263497986377,0.0,0.0,0.0,0.0,0.0,0.0,0.0
10.0,3.31576578828941,0.0034224612829124,0.0034224612694141,0.999994143356519,0.999994143356519,49.41375270577531,0.0,49.97719426845894,0.0,45.59507811929311,0.0,45.302634936501,0.0,0.0,0.0,0.0,0.0,0.0,0.0
10.0,3.31601580079004,0.003422491655946,0.0034224916424525,0.999994143252571,0.99999414325257,49.413752698640586,0.0,49.977194052039984,0.0,45.59507811686988,0.0,45.30263489313499,0.0,0.0,0.0,0.0,0.0,0.0,0.0
10.0,3.31626581329066,0.0034225220309797,0.0034225220174908,0.999994143148615,0.999994143148614,49.4137526915052,0.0,49.97719383562051,0.0,45.59507811444645,0.0,45.30263484976574,0.0,0.0,0.0,0.0,0.0,0.0,0.0
10.0,3.31651582579129,0.0034225524080132,0.003422552394529,0.999994143044651,0.99999414304465,49.41375268436916,0.0,49.97719361920047,0.0,45.59507811202285,0.0,45.30263480639324,0.0,0.0,0.0,0.0,0.0,0.0,0.0
10.0,3.31676583829191,0.0034225827870465,0.003422582773567,0.999994142940679,0.999994142940679,49.413752677232445,0.0,49.97719340277983,0.0,45.595078109599065,0.0,45.30263476301749,0.0,0.0,0.0,0.0,0.0,0.0,0.0
10.0,3.31701585079254,0.0034226131680797,0.0034226131546049,0.999994142836699,0.9999941428366992,49.41375267009509,0.0,49.97719318635854,0.0,45.5950781071751,0.0,45.30263471963848,0.0,0.0,0.0,0.0,0.0,0.0,0.0
10.0,3.31726586329316,0.0034226435511126,0.0034226435376425,0.999994142732712,0.999994142732712,49.413752662957066,0.0,49.9771929699366,0.0,45.59507810475094,0.0,45.30263467625623,0.0,0.0,0.0,0.0,0.0,0.0,0.0
10.0,3.31751587579379,0.0034226739361452,0.0034226739226797,0.999994142628717,0.999994142628716,49.41375265581839,0.0,49.97719275351393,0.0,45.5950781023266,0.0,45.30263463287073,0.0,0.0,0.0,0.0,0.0,0.0,0.0
10.0,3.31776588829441,0.0034227043231774,0.0034227043097166,0.999994142524714,0.999994142524714,49.41375264867904,0.0,49.97719253709053,0.0,45.59507809990208,0.0,45.30263458948198,0.0,0.0,0.0,0.0,0.0,0.0,0.0
10.0,3.31801590079504,0.0034227347122091,0.0034227346987531,0.9999941424207028,0.999994142420703,49.41375264153904,0.0,49.97719232066634,0.0,45.595078097477376,0.0,45.30263454608999,0.0,0.0,0.0,0.0,0.0,0.0,0.0
10.0,3.31826591329566,0.0034227651032404,0.003422765089789,0.999994142316685,0.999994142316685,49.41375263439839,0.0,49.97719210424135,0.0,45.595078095052486,0.0,45.30263450269474,0.0,0.0,0.0,0.0,0.0,0.0,0.0
10.0,3.31851592579629,0.0034227954962711,0.0034227954828244,0.9999941422126593,0.999994142212658,49.41375262725706,0.0,49.9771918878155,0.0,45.59507809262742,0.0,45.30263445929625,0.0,0.0,0.0,0.0,0.0,0.0,0.0
10.0,3.31876593829692,0.0034228258913012,0.0034228258778592,0.999994142108625,0.999994142108625,49.41375262011508,0.0,49.977191671388766,0.0,45.595078090202165,0.0,45.3026344158945,0.0,0.0,0.0,0.0,0.0,0.0,0.0
10.0,3.31901595079754,0.0034228562883306,0.0034228562748933,0.999994142004583,0.999994142004583,49.41375261297244,0.0,49.97719145496112,0.0,45.59507808777673,0.0,45.30263437248951,0.0,0.0,0.0,0.0,0.0,0.0,0.0
10.0,3.31926596329816,0.0034228866873593,0.0034228866739266,0.999994141900534,0.9999941419005328,49.41375260582914,0.0,49.97719123853252,0.0,45.59507808535111,0.0,45.30263432908127,0.0,0.0,0.0,0.0,0.0,0.0,0.0
10.0,3.3195159757987898,0.0034229170883872,0.0034229170749592,0.999994141796477,0.999994141796476,49.41375259868518,0.0,49.97719102210292,0.0,45.595078082925305,0.0,45.30263428566978,0.0,0.0,0.0,0.0,0.0,0.0,0.0
10.0,3.31976598829942,0.0034229474914142,0.003422947477991,0.999994141692412,0.999994141692411,49.41375259154056,0.0,49.97719080567231,0.0,45.59507808049931,0.0,45.30263424225504,0.0,0.0,0.0,0.0,0.0,0.0,0.0
10.0,3.32001600080004,0.0034229778964404,0.0034229778830218,0.999994141588339,0.999994141588338,49.41375258439528,0.0,49.97719058924064,0.0,45.59507807807315,0.0,45.302634198837055,0.0,0.0,0.0,0.0,0.0,0.0,0.0
10.0,3.32026601330066,0.0034230083034656,0.0034230082900517,0.999994141484258,0.999994141484258,49.41375257724936,0.0,49.97719037280787,0.0,45.5950780756468,0.0,45.30263415541582,0.0,0.0,0.0,0.0,0.0,0.0,0.0
10.0,3.32051602580129,0.0034230387124898,0.0034230386990805,0.99999414138017,0.99999414138017,49.41375257010275,0.0,49.97719015637398,0.0,45.59507807322026,0.0,45.30263411199134,0.0,0.0,0.0,0.0,0.0,0.0,0.0
10.0,3.3207660383019206,0.0034230691235129,0.0034230691101083,0.999994141276074,0.999994141276074,49.41375256295549,0.0,49.97718993993893,0.0,45.59507807079354,0.0,45.3026340685636,0.0,0.0,0.0,0.0,0.0,0.0,0.0
10.0,3.32101605080254,0.0034230995365348,0.003423099523135,0.99999414117197,0.9999941411719702,49.41375255580758,0.0,49.97718972350268,0.0,45.59507806836664,0.0,45.30263402513262,0.0,0.0,0.0,0.0,0.0,0.0,0.0
10.0,3.32126606330316,0.0034231299515556,0.0034231299381604,0.9999941410678588,0.999994141067858,49.413752548659,0.0,49.977189507065205,0.0,45.59507806593955,0.0,45.30263398169838,0.0,0.0,0.0,0.0,0.0,0.0,0.0
10.0,3.32151607580379,0.0034231603685752,0.0034231603551846,0.9999941409637392,0.9999941409637392,49.41375254150975,0.0,49.97718929062647,0.0,45.59507806351228,0.0,45.3026339382609,0.0,0.0,0.0,0.0,0.0,0.0,0.0
10.0,3.32176608830442,0.0034231907875934,0.0034231907742075,0.999994140859612,0.999994140859612,49.41375253435986,0.0,49.977189074186434,0.0,45.59507806108483,0.0,45.30263389482017,0.0,0.0,0.0,0.0,0.0,0.0,0.0
10.0,3.32201610080504,0.0034232212086102,0.003423221195229,0.9999941407554768,0.999994140755477,49.4137525272093,0.0,49.97718885774507,0.0,45.5950780586572,0.0,45.3026338513762,0.0,0.0,0.0,0.0,0.0,0.0,0.0
10.0,3.32226611330567,0.0034232516316257,0.0034232516182492,0.999994140651334,0.999994140651334,49.41375252005808,0.0,49.97718864130235,0.0,45.59507805622937,0.0,45.30263380792897,0.0,0.0,0.0,0.0,0.0,0.0,0.0
10.0,3.32251612580629,0.0034232820566396,0.0034232820432678,0.999994140547184,0.999994140547183,49.4137525129062,0.0,49.97718842485823,0.0,45.59507805380137,0.0,45.3026337644785,0.0,0.0,0.0,0.0,0.0,0.0,0.0
10.0,3.32276613830692,0.003423312483652,0.0034233124702849,0.999994140443026,0.999994140443025,49.41375250575367,0.0,49.97718820841268,0.0,45.59507805137319,0.0,45.302633721024776,0.0,0.0,0.0,0.0,0.0,0.0,0.0
10.0,3.32301615080754,0.0034233429126628,0.0034233428993003,0.99999414033886,0.999994140338859,49.41375249860047,0.0,49.977187991965664,0.0,45.59507804894482,0.0,45.3026336775678,0.0,0.0,0.0,0.0,0.0,0.0,0.0
10.0,3.32326616330817,0.003423373343672,0.0034233733303142,0.999994140234686,0.999994140234685,49.413752491446616,0.0,49.97718777551716,0.0,45.59507804651627,0.0,45.30263363410758,0.0,0.0,0.0,0.0,0.0,0.0,0.0
10.0,3.32351617580879,0.0034234037766794,0.0034234037633263,0.999994140130504,0.999994140130504,49.4137524842921,0.0,49.97718755906712,0.0,45.595078044087536,0.0,45.30263359064411,0.0,0.0,0.0,0.0,0.0,0.0,0.0
10.0,3.32376618830942,0.0034234342116851,0.0034234341983366,0.999994140026315,0.9999941400263148,49.41375247713692,0.0,49.97718734261552,0.0,45.59507804165862,0.0,45.30263354717739,0.0,0.0,0.0,0.0,0.0,0.0,0.0
10.0,3.32401620081004,0.003423464648689,0.0034234646353451,0.999994139922118,0.999994139922117,49.41375246998109,0.0,49.97718712616233,0.0,45.59507803922951,0.0,45.30263350370743,0.0,0.0,0.0,0.0,0.0,0.0,0.0
10.0,3.32426621331067,0.0034234950876909,0.0034234950743518,0.999994139817913,0.999994139817913,49.41375246282458,0.0,49.97718690970751,0.0,45.59507803680023,0.0,45.30263346023421,0.0,0.0,0.0,0.0,0.0,0.0,0.0
10.0,3.32451622581129,0.0034235255286909,0.0034235255153564,0.999994139713701,0.9999941397137,49.41375245566742,0.0,49.97718669325103,0.0,45.595078034370765,0.0,45.30263341675774,0.0,0.0,0.0,0.0,0.0,0.0,0.0
10.0,3.32476623831192,0.003423555971689,0.0034235559583591,0.99999413960948,0.99999413960948,49.413752448509605,0.0,49.97718647679286,0.0,45.59507803194112,0.0,45.302633373278034,0.0,0.0,0.0,0.0,0.0,0.0,0.0
10.0,3.3250162508125403,0.0034235864166849,0.0034235864033597,0.999994139505252,0.999994139505252,49.41375244135113,0.0,49.97718626033296,0.0,45.595078029511285,0.0,45.30263332979506,0.0,0.0,0.0,0.0,0.0,0.0,0.0
10.0,3.32526626331317,0.0034236168636787,0.0034236168503582,0.999994139401016,0.999994139401016,49.413752434191984,0.0,49.97718604387131,0.0,45.595078027081264,0.0,45.30263328630886,0.0,0.0,0.0,0.0,0.0,0.0,0.0
10.0,3.32551627581379,0.0034236473126704,0.0034236472993545,0.999994139296773,0.999994139296772,49.41375242703218,0.0,49.97718582740788,0.0,45.595078024651066,0.0,45.30263324281941,0.0,0.0,0.0,0.0,0.0,0.0,0.0
10.0,3.32576628831442,0.0034236777636598,0.0034236777503486,0.999994139192521,0.999994139192521,49.41375241987172,0.0,49.97718561094261,0.0,45.59507802222068,0.0,45.302633199326685,0.0,0.0,0.0,0.0,0.0,0.0,0.0
10.0,3.32601630081504,0.0034237082166469,0.0034237082033404,0.9999941390882618,0.999994139088262,49.4137524127106,0.0,49.97718539447551,0.0,45.59507801979011,0.0,45.30263315583073,0.0,0.0,0.0,0.0,0.0,0.0,0.0
10.0,3.32626631331567,0.0034237386716317,0.0034237386583298,0.999994138983995,0.999994138983994,49.41375240554882,0.0,49.97718517800651,0.0,45.59507801735936,0.0,45.30263311233153,0.0,0.0,0.0,0.0,0.0,0.0,0.0
10.0,3.32651632581629,0.0034237691286141,0.0034237691153169,0.99999413887972,0.99999413887972,49.41375239838639,0.0,49.9771849615356,0.0,45.595078014928426,0.0,45.30263306882908,0.0,0.0,0.0,0.0,0.0,0.0,0.0
10.0,3.32676633831692,0.003423799587594,0.0034237995743014,0.999994138775438,0.9999941387754367,49.41375239122328,0.0,49.977184745062736,0.0,45.5950780124973,0.0,45.30263302532338,0.0,0.0,0.0,0.0,0.0,0.0,0.0
10.0,3.32701635081754,0.0034238300485714,0.0034238300352835,0.999994138671148,0.999994138671147,49.41375238405952,0.0,49.9771845285879,0.0,45.59507801006601,0.0,45.30263298181442,0.0,0.0,0.0,0.0,0.0,0.0,0.0
10.0,3.32726636331817,0.0034238605115462,0.0034238604982629,0.999994138566849,0.999994138566849,49.41375237689509,0.0,49.977184312111056,0.0,45.59507800763453,0.0,45.302632938302224,0.0,0.0,0.0,0.0,0.0,0.0,0.0
10.0,3.32751637581879,0.0034238909765183,0.0034238909632397,0.999994138462544,0.999994138462543,49.413752369730005,0.0,49.97718409563217,0.0,45.59507800520286,0.0,45.30263289478677,0.0,0.0,0.0,0.0,0.0,0.0,0.0
10.0,3.32776638831942,0.0034239214434878,0.0034239214302138,0.99999413835823,0.99999413835823,49.41375236256426,0.0,49.977183879151205,0.0,45.59507800277101,0.0,45.30263285126808,0.0,0.0,0.0,0.0,0.0,0.0,0.0
10.0,3.32801640082004,0.0034239519124545,0.0034239518991852,0.999994138253909,0.999994138253908,49.41375235539786,0.0,49.97718366266814,0.0,45.59507800033898,0.0,45.302632807746136,0.0,0.0,0.0,0.0,0.0,0.0,0.0
10.0,3.32826641332067,0.0034239823834184,0.0034239823701537,0.99999413814958,0.9999941381495788,49.4137523482308,0.0,49.97718344618293,0.0,45.59507799790676,0.0,45.30263276422094,0.0,0.0,0.0,0.0,0.0,0.0,0.0
10.0,3.32851642582129,0.0034240128563794,0.0034240128431194,0.9999941380452428,0.999994138045242,49.413752341063066,0.0,49.97718322969556,0.0,45.59507799547436,0.0,45.30263272069249,0.0,0.0,0.0,0.0,0.0,0.0,0.0
10.0,3.32876643832192,0.0034240433313375,0.0034240433180821,0.999994137940898,0.999994137940898,49.413752333894685,0.0,49.97718301320601,0.0,45.59507799304178,0.0,45.3026326771608,0.0,0.0,0.0,0.0,0.0,0.0,0.0
10.0,3.32901645082254,0.0034240738082926,0.0034240737950419,0.999994137836546,0.9999941378365448,49.41375232672563,0.0,49.97718279671422,0.0,45.59507799060901,0.0,45.30263263362586,0.0,0.0,0.0,0.0,0.0,0.0,0.0
10.0,3.32926646332317,0.0034241042872446,0.0034241042739986,0.9999941377321852,0.999994137732185,49.413752319555925,0.0,49.977182580220166,0.0,45.59507798817607,0.0,45.30263259008768,0.0,0.0,0.0,0.0,0.0,0.0,0.0
10.0,3.32951647582379,0.0034241347681936,0.0034241347549522,0.999994137627818,0.9999941376278167,49.41375231238555,0.0,49.97718236372383,0.0,45.59507798574294,0.0,45.30263254654624,0.0,0.0,0.0,0.0,0.0,0.0,0.0
10.0,3.32976648832442,0.0034241652511394,0.0034241652379026,0.999994137523442,0.999994137523441,49.41375230521452,0.0,49.97718214722517,0.0,45.595077983309615,0.0,45.30263250300155,0.0,0.0,0.0,0.0,0.0,0.0,0.0
10.0,3.33001650082504,0.0034241957360819,0.0034241957228498,0.999994137419058,0.9999941374190578,49.41375229804283,0.0,49.97718193072416,0.0,45.59507798087612,0.0,45.30263245945361,0.0,0.0,0.0,0.0,0.0,0.0,0.0
10.0,3.33026651332567,0.0034242262230212,0.0034242262097937,0.999994137314667,0.999994137314667,49.41375229087048,0.0,49.977181714220784,0.0,45.59507797844244,0.0,45.30263241590243,0.0,0.0,0.0,0.0,0.0,0.0,0.0
10.0,3.33051652582629,0.0034242567119572,0.0034242566987343,0.999994137210268,0.999994137210268,49.41375228369747,0.0,49.97718149771498,0.0,45.595077976008575,0.0,45.30263237234801,0.0,0.0,0.0,0.0,0.0,0.0,0.0
10.0,3.33076653832692,0.0034242872028897,0.0034242871896715,0.999994137105861,0.999994137105861,49.4137522765238,0.0,49.97718128120675,0.0,45.595077973574526,0.0,45.30263232879032,0.0,0.0,0.0,0.0,0.0,0.0,0.0
10.0,3.33101655082754,0.0034243176958188,0.0034243176826053,0.9999941370014468,0.999994137001446,49.413752269349466,0.0,49.97718106469604,0.0,45.59507797114029,0.0,45.30263228522939,0.0,0.0,0.0,0.0,0.0,0.0,0.0
10.0,3.33126656332817,0.0034243481907444,0.0034243481775355,0.999994136897024,0.999994136897024,49.41375226217446,0.0,49.97718084818284,0.0,45.59507796870588,0.0,45.30263224166522,0.0,0.0,0.0,0.0,0.0,0.0,0.0
10.0,3.33151657582879,0.0034243786876665,0.0034243786744622,0.999994136792594,0.999994136792594,49.41375225499881,0.0,49.9771806316671,0.0,45.59507796627128,0.0,45.30263219809779,0.0,0.0,0.0,0.0,0.0,0.0,0.0
10.0,3.3317665883294203,0.0034244091865849,0.0034244091733852,0.999994136688156,0.999994136688156,49.413752247822494,0.0,49.97718041514881,0.0,45.5950779638365,0.0,45.30263215452712,0.0,0.0,0.0,0.0,0.0,0.0,0.0
10.0,3.33201660083004,0.0034244396874996,0.0034244396743046,0.999994136583711,0.99999413658371,49.41375224064552,0.0,49.97718019862793,0.0,45.595077961401536,0.0,45.3026321109532,0.0,0.0,0.0,0.0,0.0,0.0,0.0
10.0,3.33226661333067,0.0034244701904106,0.0034244701772202,0.999994136479258,0.9999941364792568,49.41375223346788,0.0,49.97717998210442,0.0,45.59507795896639,0.0,45.30263206737602,0.0,0.0,0.0,0.0,0.0,0.0,0.0
10.0,3.33251662583129,0.0034245006953177,0.003424500682132,0.999994136374796,0.9999941363747958,49.41375222628957,0.0,49.97717976557828,0.0,45.59507795653106,0.0,45.30263202379561,0.0,0.0,0.0,0.0,0.0,0.0,0.0
10.0,3.33276663833192,0.0034245312022211,0.0034245311890399,0.9999941362703272,0.999994136270327,49.413752219110606,0.0,49.97717954904945,0.0,45.59507795409554,0.0,45.30263198021194,0.0,0.0,0.0,0.0,0.0,0.0,0.0
10.0,3.33301665083254,0.0034245617111205,0.003424561697944,0.999994136165851,0.99999413616585,49.41375221193098,0.0,49.97717933251792,0.0,45.595077951659846,0.0,45.30263193662501,0.0,0.0,0.0,0.0,0.0,0.0,0.0
10.0,3.33326666333317,0.0034245922220159,0.003424592208844,0.999994136061366,0.999994136061366,49.4137522047507,0.0,49.97717911598366,0.0,45.59507794922397,0.0,45.30263189303485,0.0,0.0,0.0,0.0,0.0,0.0,0.0
10.0,3.33351667583379,0.0034246227349073,0.0034246227217401,0.999994135956874,0.999994135956873,49.41375219756975,0.0,49.97717889944663,0.0,45.5950779467879,0.0,45.30263184944144,0.0,0.0,0.0,0.0,0.0,0.0,0.0
10.0,3.33376668833442,0.0034246532497946,0.003424653236632,0.999994135852374,0.9999941358523728,49.41375219038815,0.0,49.9771786829068,0.0,45.59507794435165,0.0,45.302631805844776,0.0,0.0,0.0,0.0,0.0,0.0,0.0
10.0,3.3340167008350403,0.0034246837666778,0.0034246837535198,0.999994135747866,0.999994135747866,49.41375218320589,0.0,49.97717846636416,0.0,45.59507794191522,0.0,45.302631762244864,0.0,0.0,0.0,0.0,0.0,0.0,0.0
10.0,3.33426671333567,0.0034247142855567,0.0034247142724034,0.9999941356433512,0.99999413564335,49.41375217602295,0.0,49.97717824981867,0.0,45.59507793947861,0.0,45.302631718641706,0.0,0.0,0.0,0.0,0.0,0.0,0.0
10.0,3.33451672583629,0.0034247448064314,0.0034247447932827,0.9999941355388268,0.999994135538827,49.41375216883936,0.0,49.97717803327029,0.0,45.595077937041815,0.0,45.30263167503529,0.0,0.0,0.0,0.0,0.0,0.0,0.0
10.0,3.33476673833692,0.0034247753293018,0.0034247753161577,0.9999941354342962,0.999994135434296,49.413752161655104,0.0,49.977177816719,0.0,45.59507793460484,0.0,45.30263163142564,0.0,0.0,0.0,0.0,0.0,0.0,0.0
10.0,3.33501675083754,0.0034248058541678,0.0034248058410283,0.999994135329758,0.999994135329757,49.41375215447019,0.0,49.97717760016479,0.0,45.59507793216768,0.0,45.30263158781273,0.0,0.0,0.0,0.0,0.0,0.0,0.0
10.0,3.33526676333817,0.0034248363810293,0.0034248363678945,0.999994135225211,0.99999413522521,49.41375214728462,0.0,49.9771773836076,0.0,45.59507792973033,0.0,45.30263154419658,0.0,0.0,0.0,0.0,0.0,0.0,0.0
10.0,3.33551677583879,0.0034248669098864,0.0034248668967561,0.999994135120656,0.999994135120656,49.41375214009837,0.0,49.977177167047415,0.0,45.59507792729279,0.0,45.30263150057718,0.0,0.0,0.0,0.0,0.0,0.0,0.0
10.0,3.33576678833942,0.0034248974407389,0.0034248974276132,0.999994135016094,0.999994135016094,49.41375213291149,0.0,49.97717695048421,0.0,45.59507792485509,0.0,45.302631456954536,0.0,0.0,0.0,0.0,0.0,0.0,0.0
10.0,3.33601680084004,0.0034249279735868,0.0034249279604658,0.999994134911524,0.999994134911524,49.41375212572393,0.0,49.97717673391797,0.0,45.59507792241719,0.0,45.30263141332863,0.0,0.0,0.0,0.0,0.0,0.0,0.0
10.0,3.33626681334067,0.00342495850843,0.0034249584953136,0.999994134806947,0.999994134806946,49.41375211853571,0.0,49.97717651734864,0.0,45.59507791997911,0.0,45.30263136969948,0.0,0.0,0.0,0.0,0.0,0.0,0.0
10.0,3.33651682584129,0.0034249890452685,0.0034249890321567,0.999994134702361,0.9999941347023608,49.41375211134682,0.0,49.9771763007762,0.0,45.59507791754085,0.0,45.302631326067086,0.0,0.0,0.0,0.0,0.0,0.0,0.0
10.0,3.33676683834192,0.0034250195841022,0.003425019570995,0.999994134597768,0.999994134597767,49.41375210415728,0.0,49.97717608420063,0.0,45.59507791510241,0.0,45.30263128243144,0.0,0.0,0.0,0.0,0.0,0.0,0.0
10.0,3.33701685084254,0.003425050124931,0.0034250501118285,0.9999941344931668,0.999994134493167,49.41375209696708,0.0,49.977175867621895,0.0,45.59507791266378,0.0,45.30263123879255,0.0,0.0,0.0,0.0,0.0,0.0,0.0
10.0,3.33726686334317,0.003425080667755,0.0034250806546571,0.999994134388558,0.999994134388558,49.41375208977621,0.0,49.97717565103998,0.0,45.595077910224965,0.0,45.3026311951504,0.0,0.0,0.0,0.0,0.0,0.0,0.0
10.0,3.33751687584379,0.003425111212574,0.0034251111994807,0.999994134283942,0.999994134283941,49.413752082584686,0.0,49.97717543445484,0.0,45.59507790778597,0.0,45.30263115150502,0.0,0.0,0.0,0.0,0.0,0.0,0.0
10.0,3.33776688834442,0.0034251417593879,0.0034251417462993,0.9999941341793168,0.999994134179317,49.41375207539249,0.0,49.97717521786646,0.0,45.595077905346784,0.0,45.30263110785639,0.0,0.0,0.0,0.0,0.0,0.0,0.0
10.0,3.33801690084504,0.0034251723081969,0.0034251722951128,0.999994134074686,0.999994134074685,49.41375206819964,0.0,49.9771750012748,0.0,45.59507790290743,0.0,45.3026310642045,0.0,0.0,0.0,0.0,0.0,0.0,0.0
10.0,3.33826691334567,0.0034252028590006,0.0034252028459212,0.999994133970046,0.999994133970045,49.41375206100612,0.0,49.97717478467985,0.0,45.595077900467885,0.0,45.30263102054937,0.0,0.0,0.0,0.0,0.0,0.0,0.0
10.0,3.33851692584629,0.0034252334117992,0.0034252333987243,0.999994133865398,0.999994133865398,49.41375205381194,0.0,49.97717456808157,0.0,45.59507789802816,0.0,45.30263097689098,0.0,0.0,0.0,0.0,0.0,0.0,0.0
10.0,3.33876693834692,0.0034252639665925,0.0034252639535223,0.999994133760743,0.999994133760742,49.41375204661711,0.0,49.97717435147994,0.0,45.59507789558825,0.0,45.30263093322935,0.0,0.0,0.0,0.0,0.0,0.0,0.0
10.0,3.33901695084754,0.0034252945233805,0.0034252945103149,0.99999413365608,0.999994133656079,49.41375203942161,0.0,49.97717413487492,0.0,45.59507789314816,0.0,45.30263088956447,0.0,0.0,0.0,0.0,0.0,0.0,0.0
10.0,3.33926696334817,0.0034253250821632,0.0034253250691022,0.999994133551409,0.999994133551408,49.413752032225446,0.0,49.977173918266494,0.0,45.59507789070787,0.0,45.30263084589634,0.0,0.0,0.0,0.0,0.0,0.0,0.0
10.0,3.339516975848789,0.0034253556429404,0.003425355629884,0.99999413344673,0.999994133446729,49.41375202502862,0.0,49.97717370165464,0.0,45.59507788826741,0.0,45.30263080222496,0.0,0.0,0.0,0.0,0.0,0.0,0.0
10.0,3.33976698834942,0.0034253862057121,0.0034253861926603,0.999994133342044,0.9999941333420428,49.413752017831136,0.0,49.97717348503932,0.0,45.59507788582677,0.0,45.302630758550336,0.0,0.0,0.0,0.0,0.0,0.0,0.0
10.0,3.34001700085004,0.0034254167704783,0.0034254167574311,0.99999413323735,0.999994133237349,49.413752010633,0.0,49.9771732684205,0.0,45.59507788338594,0.0,45.302630714872464,0.0,0.0,0.0,0.0,0.0,0.0,0.0
10.0,3.34026701335067,0.0034254473372389,0.0034254473241963,0.999994133132648,0.999994133132647,49.41375200343418,0.0,49.97717305179818,0.0,45.595077880944935,0.0,45.30263067119134,0.0,0.0,0.0,0.0,0.0,0.0,0.0
10.0,3.34051702585129,0.0034254779059939,0.0034254778929559,0.999994133027938,0.999994133027937,49.41375199623472,0.0,49.977172835172304,0.0,45.59507787850374,0.0,45.30263062750697,0.0,0.0,0.0,0.0,0.0,0.0,0.0
10.0,3.3407670383519203,0.0034255084767431,0.0034255084637097,0.99999413292322,0.99999413292322,49.41375198903458,0.0,49.97717261854287,0.0,45.59507787606236,0.0,45.30263058381935,0.0,0.0,0.0,0.0,0.0,0.0,0.0
10.0,3.34101705085254,0.0034255390494866,0.0034255390364578,0.999994132818495,0.999994132818495,49.41375198183378,0.0,49.97717240190984,0.0,45.5950778736208,0.0,45.30263054012849,0.0,0.0,0.0,0.0,0.0,0.0,0.0
10.0,3.34126706335317,0.0034255696242242,0.0034255696112,0.999994132713762,0.999994132713761,49.413751974632326,0.0,49.97717218527318,0.0,45.59507787117906,0.0,45.30263049643437,0.0,0.0,0.0,0.0,0.0,0.0,0.0
10.0,3.34151707585379,0.0034256002009559,0.0034256001879363,0.999994132609021,0.999994132609021,49.41375196743021,0.0,49.97717196863288,0.0,45.59507786873713,0.0,45.302630452737006,0.0,0.0,0.0,0.0,0.0,0.0,0.0
10.0,3.34176708835442,0.0034256307796817,0.0034256307666667,0.9999941325042732,0.999994132504272,49.41375196022743,0.0,49.9771717519889,0.0,45.59507786629502,0.0,45.3026304090364,0.0,0.0,0.0,0.0,0.0,0.0,0.0
10.0,3.34201710085504,0.0034256613604015,0.0034256613473911,0.999994132399516,0.999994132399516,49.41375195302399,0.0,49.97717153534123,0.0,45.59507786385272,0.0,45.30263036533253,0.0,0.0,0.0,0.0,0.0,0.0,0.0
10.0,3.34226711335567,0.0034256919431152,0.0034256919301094,0.999994132294752,0.999994132294752,49.41375194581988,0.0,49.97717131868981,0.0,45.595077861410246,0.0,45.30263032162543,0.0,0.0,0.0,0.0,0.0,0.0,0.0
10.0,3.34251712585629,0.0034257225278228,0.0034257225148216,0.99999413218998,0.99999413218998,49.41375193861512,0.0,49.97717110203466,0.0,45.59507785896759,0.0,45.30263027791507,0.0,0.0,0.0,0.0,0.0,0.0,0.0
10.0,3.34276713835692,0.0034257531145243,0.0034257531015276,0.999994132085201,0.9999941320852,49.41375193140969,0.0,49.97717088537572,0.0,45.595077856524746,0.0,45.302630234201466,0.0,0.0,0.0,0.0,0.0,0.0,0.0
10.0,3.34301715085754,0.0034257837032194,0.0034257836902274,0.9999941319804132,0.999994131980413,49.4137519242036,0.0,49.97717066871298,0.0,45.59507785408172,0.0,45.30263019048461,0.0,0.0,0.0,0.0,0.0,0.0,0.0
10.0,3.34326716335817,0.0034258142939083,0.0034258142809209,0.999994131875618,0.999994131875618,49.41375191699684,0.0,49.9771704520464,0.0,45.59507785163851,0.0,45.302630146764514,0.0,0.0,0.0,0.0,0.0,0.0,0.0
10.0,3.34351717585879,0.0034258448865909,0.003425844873608,0.9999941317708148,0.999994131770815,49.41375190978942,0.0,49.97717023537597,0.0,45.59507784919512,0.0,45.30263010304116,0.0,0.0,0.0,0.0,0.0,0.0,0.0
10.0,3.34376718835942,0.003425875481267,0.0034258754682887,0.999994131666005,0.999994131666004,49.41375190258134,0.0,49.97717001870166,0.0,45.59507784675154,0.0,45.30263005931456,0.0,0.0,0.0,0.0,0.0,0.0,0.0
10.0,3.34401720086004,0.0034259060779366,0.003425906064963,0.999994131561186,0.999994131561186,49.413751895372606,0.0,49.97716980202344,0.0,45.59507784430779,0.0,45.30263001558471,0.0,0.0,0.0,0.0,0.0,0.0,0.0
10.0,3.34426721336067,0.0034259366765998,0.0034259366636307,0.99999413145636,0.9999941314563598,49.4137518881632,0.0,49.977169585341294,0.0,45.59507784186384,0.0,45.302629971851616,0.0,0.0,0.0,0.0,0.0,0.0,0.0
10.0,3.34451722586129,0.0034259672772563,0.0034259672642918,0.999994131351526,0.999994131351526,49.413751880953136,0.0,49.97716936865519,0.0,45.59507783941972,0.0,45.30262992811527,0.0,0.0,0.0,0.0,0.0,0.0,0.0
10.0,3.34476723836192,0.0034259978799062,0.0034259978669463,0.999994131246684,0.999994131246684,49.4137518737424,0.0,49.9771691519651,0.0,45.59507783697541,0.0,45.30262988437568,0.0,0.0,0.0,0.0,0.0,0.0,0.0
10.0,3.34501725086254,0.0034260284845494,0.0034260284715941,0.9999941311418348,0.999994131141834,49.413751866531015,0.0,49.977168935271,0.0,45.59507783453092,0.0,45.30262984063284,0.0,0.0,0.0,0.0,0.0,0.0,0.0
10.0,3.34526726336317,0.0034260590911858,0.0034260590782351,0.999994131036977,0.999994131036977,49.41375185931896,0.0,49.97716871857286,0.0,45.59507783208624,0.0,45.30262979688675,0.0,0.0,0.0,0.0,0.0,0.0,0.0
10.0,3.34551727586379,0.0034260896998154,0.0034260896868693,0.999994130932112,0.999994130932112,49.413751852106245,0.0,49.977168501870665,0.0,45.59507782964138,0.0,45.30262975313742,0.0,0.0,0.0,0.0,0.0,0.0,0.0
10.0,3.34576728836442,0.0034261203104382,0.0034261202974966,0.99999413082724,0.9999941308272392,49.41375184489287,0.0,49.97716828516439,0.0,45.59507782719634,0.0,45.30262970938483,0.0,0.0,0.0,0.0,0.0,0.0,0.0
10.0,3.34601730086504,0.003426150923054,0.003426150910117,0.999994130722359,0.999994130722358,49.41375183767882,0.0,49.977168068454006,0.0,45.59507782475112,0.0,45.30262966562899,0.0,0.0,0.0,0.0,0.0,0.0,0.0
10.0,3.346267313365669,0.0034261815376628,0.0034261815247304,0.999994130617471,0.99999413061747,49.41375183046412,0.0,49.97716785173948,0.0,45.5950778223057,0.0,45.30262962186991,0.0,0.0,0.0,0.0,0.0,0.0,0.0
10.0,3.34651732586629,0.0034262121542645,0.0034262121413367,0.999994130512574,0.999994130512574,49.41375182324876,0.0,49.9771676350208,0.0,45.59507781986012,0.0,45.30262957810759,0.0,0.0,0.0,0.0,0.0,0.0,0.0
10.0,3.34676733836692,0.0034262427728592,0.003426242759936,0.99999413040767,0.9999941304076702,49.41375181603272,0.0,49.97716741829794,0.0,45.59507781741434,0.0,45.302629534342,0.0,0.0,0.0,0.0,0.0,0.0,0.0
10.0,3.34701735086754,0.0034262733934467,0.003426273380528,0.999994130302759,0.999994130302758,49.41375180881604,0.0,49.97716720157087,0.0,45.59507781496839,0.0,45.30262949057318,0.0,0.0,0.0,0.0,0.0,0.0,0.0
10.0,3.34726736336817,0.0034263040160269,0.0034263040031129,0.999994130197839,0.9999941301978388,49.41375180159868,0.0,49.97716698483956,0.0,45.59507781252224,0.0,45.3026294468011,0.0,0.0,0.0,0.0,0.0,0.0,0.0
10.0,3.34751737586879,0.0034263346405999,0.0034263346276904,0.999994130092912,0.999994130092912,49.41375179438066,0.0,49.977166768104006,0.0,45.59507781007592,0.0,45.302629403025776,0.0,0.0,0.0,0.0,0.0,0.0,0.0
10.0,3.34776738836942,0.0034263652671655,0.0034263652542606,0.999994129987977,0.999994129987977,49.41375178716198,0.0,49.97716655136416,0.0,45.595077807629416,0.0,45.30262935924721,0.0,0.0,0.0,0.0,0.0,0.0,0.0
10.0,3.34801740087004,0.0034263958957238,0.0034263958828234,0.999994129883034,0.999994129883034,49.41375177994264,0.0,49.97716633462001,0.0,45.59507780518272,0.0,45.30262931546539,0.0,0.0,0.0,0.0,0.0,0.0,0.0
10.0,3.34826741337067,0.0034264265262745,0.0034264265133788,0.999994129778084,0.999994129778084,49.41375177272264,0.0,49.97716611787153,0.0,45.59507780273585,0.0,45.30262927168032,0.0,0.0,0.0,0.0,0.0,0.0,0.0
10.0,3.3485174258712904,0.0034264571588178,0.0034264571459266,0.999994129673126,0.9999941296731252,49.41375176550197,0.0,49.9771659011187,0.0,45.59507780028879,0.0,45.302629227892005,0.0,0.0,0.0,0.0,0.0,0.0,0.0
10.0,3.34876743837192,0.0034264877933535,0.0034264877804669,0.99999412956816,0.999994129568159,49.41375175828064,0.0,49.97716568436149,0.0,45.59507779784155,0.0,45.30262918410044,0.0,0.0,0.0,0.0,0.0,0.0,0.0
10.0,3.34901745087254,0.0034265184298816,0.0034265184169995,0.999994129463186,0.999994129463185,49.41375175105864,0.0,49.97716546759988,0.0,45.595077795394126,0.0,45.30262914030562,0.0,0.0,0.0,0.0,0.0,0.0,0.0
10.0,3.34926746337317,0.0034265490684019,0.0034265490555244,0.999994129358204,0.999994129358204,49.41375174383598,0.0,49.97716525083384,0.0,45.59507779294652,0.0,45.302629096507566,0.0,0.0,0.0,0.0,0.0,0.0,0.0
10.0,3.34951747587379,0.0034265797089145,0.0034265796960416,0.999994129253215,0.999994129253215,49.41375173661267,0.0,49.97716503406334,0.0,45.595077790498735,0.0,45.30262905270626,0.0,0.0,0.0,0.0,0.0,0.0,0.0
10.0,3.34976748837442,0.0034266103514194,0.003426610338551,0.999994129148218,0.999994129148218,49.413751729388686,0.0,49.97716481728837,0.0,45.595077788050766,0.0,45.3026290089017,0.0,0.0,0.0,0.0,0.0,0.0,0.0
10.0,3.35001750087504,0.0034266409959163,0.0034266409830525,0.999994129043213,0.9999941290432128,49.41375172216404,0.0,49.977164600508914,0.0,45.595077785602605,0.0,45.3026289650939,0.0,0.0,0.0,0.0,0.0,0.0,0.0
10.0,3.35026751337567,0.0034266716424053,0.0034266716295461,0.999994128938201,0.9999941289382,49.41375171493873,0.0,49.97716438372492,0.0,45.59507778315426,0.0,45.302628921282846,0.0,0.0,0.0,0.0,0.0,0.0,0.0
10.0,3.35051752587629,0.0034267022908864,0.0034267022780317,0.99999412883318,0.99999412883318,49.41375170771276,0.0,49.97716416693639,0.0,45.595077780705736,0.0,45.30262887746854,0.0,0.0,0.0,0.0,0.0,0.0,0.0
10.0,3.35076753837692,0.0034267329413594,0.0034267329285093,0.999994128728152,0.999994128728151,49.41375170048613,0.0,49.977163950143286,0.0,45.59507777825703,0.0,45.30262883365099,0.0,0.0,0.0,0.0,0.0,0.0,0.0
10.0,3.35101755087754,0.0034267635938243,0.0034267635809788,0.999994128623116,0.999994128623116,49.41375169325883,0.0,49.977163733345584,0.0,45.59507777580814,0.0,45.30262878983019,0.0,0.0,0.0,0.0,0.0,0.0,0.0
10.0,3.35126756337817,0.003426794248281,0.0034267942354401,0.999994128518073,0.999994128518072,49.413751686030864,0.0,49.977163516543285,0.0,45.59507777335907,0.0,45.30262874600615,0.0,0.0,0.0,0.0,0.0,0.0,0.0
10.0,3.35151757587879,0.0034268249047296,0.0034268248918932,0.999994128413021,0.9999941284130202,49.41375167880224,0.0,49.97716329973633,0.0,45.59507777090982,0.0,45.30262870217886,0.0,0.0,0.0,0.0,0.0,0.0,0.0
10.0,3.35176758837942,0.0034268555631699,0.003426855550338,0.999994128307962,0.9999941283079612,49.41375167157295,0.0,49.97716308292471,0.0,45.59507776846038,0.0,45.30262865834832,0.0,0.0,0.0,0.0,0.0,0.0,0.0
10.0,3.35201760088004,0.0034268862236018,0.0034268862107745,0.999994128202895,0.999994128202894,49.413751664343,0.0,49.977162866108415,0.0,45.59507776601075,0.0,45.302628614514525,0.0,0.0,0.0,0.0,0.0,0.0,0.0
10.0,3.35226761338067,0.0034269168860254,0.0034269168732026,0.99999412809782,0.99999412809782,49.41375165711239,0.0,49.97716264928741,0.0,45.59507776356095,0.0,45.30262857067749,0.0,0.0,0.0,0.0,0.0,0.0,0.0
10.0,3.35251762588129,0.0034269475504405,0.0034269475376223,0.999994127992737,0.999994127992737,49.41375164988111,0.0,49.97716243246166,0.0,45.59507776111096,0.0,45.3026285268372,0.0,0.0,0.0,0.0,0.0,0.0,0.0
10.0,3.35276763838192,0.0034269782168471,0.0034269782040334,0.999994127887647,0.999994127887647,49.41375164264917,0.0,49.97716221563117,0.0,45.59507775866079,0.0,45.30262848299365,0.0,0.0,0.0,0.0,0.0,0.0,0.0
10.0,3.35301765088254,0.0034270088852451,0.003427008872436,0.999994127782549,0.999994127782549,49.41375163541657,0.0,49.977161998795886,0.0,45.59507775621044,0.0,45.30262843914687,0.0,0.0,0.0,0.0,0.0,0.0,0.0
10.0,3.35326766338317,0.0034270395556345,0.00342703954283,0.9999941276774432,0.999994127677443,49.413751628183306,0.0,49.97716178195581,0.0,45.595077753759895,0.0,45.30262839529685,0.0,0.0,0.0,0.0,0.0,0.0,0.0
10.0,3.35351767588379,0.0034270702280153,0.0034270702152153,0.99999412757233,0.999994127572329,49.41375162094938,0.0,49.97716156511091,0.0,45.59507775130918,0.0,45.302628351443566,0.0,0.0,0.0,0.0,0.0,0.0,0.0
10.0,3.35376768838442,0.0034271009023873,0.0034271008895919,0.999994127467208,0.999994127467208,49.41375161371477,0.0,49.97716134826116,0.0,45.59507774885827,0.0,45.30262830758704,0.0,0.0,0.0,0.0,0.0,0.0,0.0
10.0,3.35401770088504,0.0034271315787505,0.0034271315659596,0.999994127362079,0.999994127362079,49.41375160647952,0.0,49.97716113140655,0.0,45.59507774640718,0.0,45.302628263727264,0.0,0.0,0.0,0.0,0.0,0.0,0.0
10.0,3.35426771338567,0.0034271622571048,0.0034271622443185,0.999994127256942,0.999994127256942,49.4137515992436,0.0,49.97716091454704,0.0,45.59507774395591,0.0,45.30262821986424,0.0,0.0,0.0,0.0,0.0,0.0,0.0
10.0,3.35451772588629,0.0034271929374503,0.0034271929246685,0.999994127151798,0.9999941271517973,49.41375159200701,0.0,49.977160697682606,0.0,45.59507774150446,0.0,45.30262817599797,0.0,0.0,0.0,0.0,0.0,0.0,0.0
10.0,3.35476773838692,0.0034272236197868,0.0034272236070096,0.999994127046645,0.9999941270466453,49.41375158476976,0.0,49.97716048081324,0.0,45.59507773905281,0.0,45.30262813212844,0.0,0.0,0.0,0.0,0.0,0.0,0.0
10.0,3.35501775088754,0.0034272543041142,0.0034272542913416,0.999994126941485,0.9999941269414852,49.413751577531855,0.0,49.97716026393893,0.0,45.595077736601,0.0,45.30262808825568,0.0,0.0,0.0,0.0,0.0,0.0,0.0
10.0,3.3552677633881705,0.0034272849904326,0.0034272849776645,0.999994126836317,0.999994126836317,49.413751570293286,0.0,49.97716004705961,0.0,45.595077734148994,0.0,45.30262804437966,0.0,0.0,0.0,0.0,0.0,0.0,0.0
10.0,3.35551777588879,0.0034273156787418,0.0034273156659783,0.9999941267311412,0.9999941267311412,49.41375156305404,0.0,49.977159830175296,0.0,45.5950777316968,0.0,45.3026280005004,0.0,0.0,0.0,0.0,0.0,0.0,0.0
10.0,3.35576778838942,0.0034273463690418,0.0034273463562828,0.999994126625958,0.999994126625958,49.41375155581414,0.0,49.97715961328597,0.0,45.59507772924442,0.0,45.30262795661788,0.0,0.0,0.0,0.0,0.0,0.0,0.0
10.0,3.35601780089004,0.0034273770613326,0.0034273770485781,0.999994126520767,0.999994126520766,49.41375154857358,0.0,49.97715939639158,0.0,45.59507772679188,0.0,45.30262791273213,0.0,0.0,0.0,0.0,0.0,0.0,0.0
10.0,3.35626781339067,0.0034274077556141,0.0034274077428641,0.999994126415568,0.999994126415567,49.413751541332346,0.0,49.977159179492126,0.0,45.59507772433914,0.0,45.30262786884312,0.0,0.0,0.0,0.0,0.0,0.0,0.0
10.0,3.35651782589129,0.0034274384518861,0.0034274384391407,0.9999941263103612,0.99999412631036,49.41375153409046,0.0,49.97715896258757,0.0,45.59507772188623,0.0,45.30262782495086,0.0,0.0,0.0,0.0,0.0,0.0,0.0
10.0,3.35676783839192,0.0034274691501488,0.0034274691374079,0.999994126205146,0.9999941262051462,49.413751526847896,0.0,49.97715874567791,0.0,45.59507771943312,0.0,45.30262778105536,0.0,0.0,0.0,0.0,0.0,0.0,0.0
10.0,3.35701785089254,0.0034274998504019,0.0034274998376656,0.999994126099924,0.999994126099924,49.41375151960467,0.0,49.97715852876311,0.0,45.59507771697983,0.0,45.302627737156605,0.0,0.0,0.0,0.0,0.0,0.0,0.0
10.0,3.35726786339317,0.0034275305526455,0.0034275305399137,0.999994125994694,0.9999941259946932,49.41375151236079,0.0,49.97715831184315,0.0,45.59507771452637,0.0,45.3026276932546,0.0,0.0,0.0,0.0,0.0,0.0,0.0
10.0,3.35751787589379,0.0034275612568795,0.0034275612441522,0.999994125889456,0.999994125889456,49.413751505116245,0.0,49.977158094918,0.0,45.59507771207271,0.0,45.30262764934935,0.0,0.0,0.0,0.0,0.0,0.0,0.0
10.0,3.35776788839442,0.0034275919631038,0.0034275919503811,0.99999412578421,0.99999412578421,49.41375149787103,0.0,49.97715787798766,0.0,45.59507770961887,0.0,45.30262760544085,0.0,0.0,0.0,0.0,0.0,0.0,0.0
10.0,3.35801790089504,0.0034276226713184,0.0034276226586002,0.9999941256789568,0.999994125678957,49.41375149062516,0.0,49.97715766105209,0.0,45.59507770716485,0.0,45.30262756152912,0.0,0.0,0.0,0.0,0.0,0.0,0.0
10.0,3.35826791339567,0.0034276533815232,0.0034276533688096,0.999994125573696,0.999994125573696,49.41375148337862,0.0,49.97715744411128,0.0,45.595077704710654,0.0,45.30262751761411,0.0,0.0,0.0,0.0,0.0,0.0,0.0
10.0,3.35851792589629,0.0034276840937182,0.0034276840810091,0.9999941254684273,0.999994125468427,49.41375147613141,0.0,49.97715722716519,0.0,45.59507770225626,0.0,45.30262747369588,0.0,0.0,0.0,0.0,0.0,0.0,0.0
10.0,3.35876793839692,0.0034277148079032,0.0034277147951987,0.99999412536315,0.99999412536315,49.41375146888354,0.0,49.97715701021382,0.0,45.59507769980169,0.0,45.30262742977439,0.0,0.0,0.0,0.0,0.0,0.0,0.0
10.0,3.35901795089754,0.0034277455240783,0.0034277455113783,0.999994125257866,0.999994125257865,49.413751461635016,0.0,49.97715679325714,0.0,45.595077697346944,0.0,45.30262738584965,0.0,0.0,0.0,0.0,0.0,0.0,0.0
10.0,3.35926796339817,0.0034277762422434,0.0034277762295479,0.999994125152574,0.999994125152573,49.41375145438582,0.0,49.97715657629514,0.0,45.595077694892,0.0,45.302627341921664,0.0,0.0,0.0,0.0,0.0,0.0,0.0
10.0,3.35951797589879,0.0034278069623984,0.0034278069497075,0.999994125047274,0.999994125047273,49.41375144713596,0.0,49.977156359327765,0.0,45.59507769243689,0.0,45.30262729799043,0.0,0.0,0.0,0.0,0.0,0.0,0.0
10.0,3.35976798839942,0.0034278376845433,0.0034278376718569,0.999994124941966,0.9999941249419648,49.41375143988543,0.0,49.97715614235503,0.0,45.59507768998158,0.0,45.30262725405595,0.0,0.0,0.0,0.0,0.0,0.0,0.0
10.0,3.36001800090005,0.003427868408678,0.0034278683959961,0.99999412483665,0.99999412483665,49.41375143263424,0.0,49.97715592537689,0.0,45.5950776875261,0.0,45.302627210118224,0.0,0.0,0.0,0.0,0.0,0.0,0.0
10.0,3.36026801340067,0.0034278991348025,0.0034278991221251,0.9999941247313272,0.999994124731327,49.4137514253824,0.0,49.97715570839334,0.0,45.59507768507043,0.0,45.30262716617724,0.0,0.0,0.0,0.0,0.0,0.0,0.0
10.0,3.3605180259013,0.0034279298629166,0.0034279298502437,0.999994124625996,0.999994124625996,49.41375141812988,0.0,49.97715549140435,0.0,45.59507768261458,0.0,45.30262712223301,0.0,0.0,0.0,0.0,0.0,0.0,0.0
10.0,3.36076803840192,0.0034279605930204,0.003427960580352,0.999994124520658,0.999994124520657,49.4137514108767,0.0,49.97715527440991,0.0,45.59507768015854,0.0,45.302627078285546,0.0,0.0,0.0,0.0,0.0,0.0,0.0
10.0,3.36101805090254,0.0034279913251137,0.0034279913124499,0.999994124415311,0.99999412441531,49.41375140362286,0.0,49.97715505740998,0.0,45.59507767770232,0.0,45.302627034334826,0.0,0.0,0.0,0.0,0.0,0.0,0.0
10.0,3.36126806340317,0.0034280220591966,0.0034280220465373,0.9999941243099568,0.999994124309956,49.41375139636835,0.0,49.97715484040455,0.0,45.59507767524592,0.0,45.30262699038086,0.0,0.0,0.0,0.0,0.0,0.0,0.0
10.0,3.3615180759038,0.0034280527952689,0.0034280527826142,0.999994124204594,0.999994124204594,49.41375138911317,0.0,49.9771546233936,0.0,45.59507767278934,0.0,45.30262694642364,0.0,0.0,0.0,0.0,0.0,0.0,0.0
10.0,3.36176808840442,0.0034280835333306,0.0034280835206804,0.999994124099225,0.999994124099224,49.41375138185734,0.0,49.97715440637711,0.0,45.59507767033256,0.0,45.30262690246317,0.0,0.0,0.0,0.0,0.0,0.0,0.0
10.0,3.3620181009050505,0.0034281142733817,0.003428114260736,0.999994123993847,0.999994123993846,49.41375137460084,0.0,49.977154189355055,0.0,45.595077667875614,0.0,45.302626858499465,0.0,0.0,0.0,0.0,0.0,0.0,0.0
10.0,3.36226811340567,0.0034281450154221,0.0034281450027809,0.999994123888462,0.999994123888461,49.41375136734367,0.0,49.97715397232743,0.0,45.59507766541848,0.0,45.3026268145325,0.0,0.0,0.0,0.0,0.0,0.0,0.0
10.0,3.3625181259063,0.0034281757594517,0.003428175746815,0.999994123783068,0.999994123783068,49.41375136008584,0.0,49.97715375529418,0.0,45.59507766296117,0.0,45.30262677056229,0.0,0.0,0.0,0.0,0.0,0.0,0.0
10.0,3.36276813840692,0.0034282065054704,0.0034282064928383,0.999994123677667,0.999994123677667,49.41375135282735,0.0,49.97715353825532,0.0,45.595077660503655,0.0,45.30262672658884,0.0,0.0,0.0,0.0,0.0,0.0,0.0
10.0,3.36301815090755,0.0034282372534783,0.0034282372408507,0.999994123572259,0.999994123572258,49.41375134556819,0.0,49.97715332121081,0.0,45.59507765804597,0.0,45.30262668261213,0.0,0.0,0.0,0.0,0.0,0.0,0.0
10.0,3.36326816340817,0.0034282680034752,0.0034282679908521,0.999994123466842,0.999994123466842,49.413751338308366,0.0,49.97715310416064,0.0,45.595077655588106,0.0,45.30262663863218,0.0,0.0,0.0,0.0,0.0,0.0,0.0
10.0,3.3635181759088,0.0034282987554611,0.0034282987428425,0.999994123361418,0.999994123361418,49.41375133104787,0.0,49.97715288710477,0.0,45.595077653130055,0.0,45.30262659464898,0.0,0.0,0.0,0.0,0.0,0.0,0.0
10.0,3.36376818840942,0.003428329509436,0.0034283294968219,0.999994123255986,0.999994123255986,49.41375132378672,0.0,49.9771526700432,0.0,45.59507765067183,0.0,45.30262655066253,0.0,0.0,0.0,0.0,0.0,0.0,0.0
10.0,3.36401820091005,0.0034283602653997,0.0034283602527901,0.999994123150546,0.999994123150546,49.41375131652491,0.0,49.97715245297592,0.0,45.595077648213405,0.0,45.30262650667283,0.0,0.0,0.0,0.0,0.0,0.0,0.0
10.0,3.36426821341067,0.0034283910233523,0.0034283910107472,0.999994123045099,0.9999941230450982,49.41375130926242,0.0,49.97715223590288,0.0,45.59507764575481,0.0,45.30262646267988,0.0,0.0,0.0,0.0,0.0,0.0,0.0
10.0,3.3645182259113,0.0034284217832936,0.003428421770693,0.999994122939643,0.999994122939643,49.41375130199928,0.0,49.97715201882407,0.0,45.59507764329602,0.0,45.30262641868369,0.0,0.0,0.0,0.0,0.0,0.0,0.0
10.0,3.36476823841192,0.0034284525452236,0.0034284525326275,0.99999412283418,0.99999412283418,49.41375129473547,0.0,49.97715180173948,0.0,45.59507764083705,0.0,45.30262637468425,0.0,0.0,0.0,0.0,0.0,0.0,0.0
10.0,3.36501825091255,0.0034284833091423,0.0034284832965507,0.99999412272871,0.9999941227287088,49.413751287470994,0.0,49.977151584649086,0.0,45.59507763837791,0.0,45.30262633068156,0.0,0.0,0.0,0.0,0.0,0.0,0.0
10.0,3.36526826341317,0.0034285140750495,0.0034285140624625,0.999994122623231,0.999994122623231,49.41375128020586,0.0,49.97715136755285,0.0,45.59507763591857,0.0,45.302626286675626,0.0,0.0,0.0,0.0,0.0,0.0,0.0
10.0,3.3655182759138,0.0034285448429453,0.0034285448303627,0.999994122517745,0.999994122517744,49.41375127294005,0.0,49.97715115045079,0.0,45.595077633459056,0.0,45.30262624266644,0.0,0.0,0.0,0.0,0.0,0.0,0.0
10.0,3.36576828841442,0.0034285756128295,0.0034285756002515,0.999994122412251,0.99999412241225,49.413751265673575,0.0,49.97715093334285,0.0,45.59507763099936,0.0,45.30262619865401,0.0,0.0,0.0,0.0,0.0,0.0,0.0
10.0,3.36601830091505,0.0034286063847022,0.0034286063721287,0.999994122306749,0.999994122306748,49.41375125840644,0.0,49.97715071622903,0.0,45.59507762853948,0.0,45.302626154638325,0.0,0.0,0.0,0.0,0.0,0.0,0.0
10.0,3.36626831341567,0.0034286371585632,0.0034286371459942,0.999994122201239,0.999994122201239,49.41375125113865,0.0,49.9771504991093,0.0,45.5950776260794,0.0,45.3026261106194,0.0,0.0,0.0,0.0,0.0,0.0,0.0
10.0,3.3665183259163,0.0034286679344125,0.003428667921848,0.999994122095722,0.999994122095721,49.41375124387019,0.0,49.97715028198365,0.0,45.595077623619154,0.0,45.30262606659723,0.0,0.0,0.0,0.0,0.0,0.0,0.0
10.0,3.36676833841692,0.00342869871225,0.00342869869969,0.999994121990196,0.999994121990196,49.41375123660106,0.0,49.97715006485205,0.0,45.59507762115872,0.0,45.3026260225718,0.0,0.0,0.0,0.0,0.0,0.0,0.0
10.0,3.36701835091755,0.0034287294920758,0.0034287294795203,0.999994121884664,0.999994121884663,49.41375122933127,0.0,49.97714984771448,0.0,45.595077618698106,0.0,45.302625978543134,0.0,0.0,0.0,0.0,0.0,0.0,0.0
10.0,3.36726836341817,0.0034287602738896,0.0034287602613386,0.999994121779123,0.999994121779122,49.41375122206081,0.0,49.977149630570935,0.0,45.595077616237305,0.0,45.30262593451121,0.0,0.0,0.0,0.0,0.0,0.0,0.0
10.0,3.3675183759188,0.0034287910576915,0.003428791045145,0.999994121673574,0.999994121673574,49.41375121478968,0.0,49.97714941342138,0.0,45.595077613776326,0.0,45.30262589047605,0.0,0.0,0.0,0.0,0.0,0.0,0.0
10.0,3.36776838841942,0.0034288218434814,0.0034288218309394,0.999994121568018,0.999994121568018,49.41375120751789,0.0,49.97714919626581,0.0,45.59507761131517,0.0,45.30262584643764,0.0,0.0,0.0,0.0,0.0,0.0,0.0
10.0,3.36801840092005,0.0034288526312593,0.0034288526187218,0.999994121462454,0.999994121462453,49.41375120024544,0.0,49.977148979104186,0.0,45.595077608853806,0.0,45.302625802395966,0.0,0.0,0.0,0.0,0.0,0.0,0.0
10.0,3.36826841342067,0.003428883421025,0.003428883408492,0.999994121356882,0.999994121356882,49.41375119297233,0.0,49.97714876193651,0.0,45.59507760639227,0.0,45.302625758351056,0.0,0.0,0.0,0.0,0.0,0.0,0.0
10.0,3.3685184259213,0.0034289142127786,0.0034289142002501,0.999994121251303,0.999994121251302,49.41375118569854,0.0,49.97714854476275,0.0,45.59507760393056,0.0,45.30262571430289,0.0,0.0,0.0,0.0,0.0,0.0,0.0
10.0,3.36876843842192,0.00342894500652,0.0034289449939959,0.999994121145716,0.9999941211457152,49.41375117842409,0.0,49.977148327582896,0.0,45.59507760146867,0.0,45.30262567025149,0.0,0.0,0.0,0.0,0.0,0.0,0.0
10.0,3.36901845092255,0.003428975802249,0.0034289757897295,0.999994121040121,0.99999412104012,49.41375117114898,0.0,49.97714811039691,0.0,45.59507759900658,0.0,45.30262562619684,0.0,0.0,0.0,0.0,0.0,0.0,0.0
10.0,3.36926846342317,0.0034290065999657,0.0034290065874507,0.999994120934517,0.9999941209345172,49.4137511638732,0.0,49.9771478932048,0.0,45.59507759654432,0.0,45.30262558213894,0.0,0.0,0.0,0.0,0.0,0.0,0.0
10.0,3.3695184759238,0.00342903739967,0.0034290373871595,0.9999941208289068,0.999994120828907,49.41375115659676,0.0,49.97714767600653,0.0,45.59507759408186,0.0,45.30262553807778,0.0,0.0,0.0,0.0,0.0,0.0,0.0
10.0,3.36976848842442,0.0034290682013619,0.0034290681888558,0.9999941207232892,0.999994120723288,49.41375114931966,0.0,49.97714745880207,0.0,45.59507759161923,0.0,45.30262549401339,0.0,0.0,0.0,0.0,0.0,0.0,0.0
10.0,3.37001850092505,0.0034290990050412,0.0034290989925397,0.999994120617662,0.999994120617662,49.41375114204188,0.0,49.97714724159143,0.0,45.59507758915642,0.0,45.30262544994574,0.0,0.0,0.0,0.0,0.0,0.0,0.0
10.0,3.37026851342567,0.003429129810708,0.0034291297982109,0.999994120512029,0.999994120512028,49.41375113476344,0.0,49.977147024374574,0.0,45.59507758669341,0.0,45.30262540587485,0.0,0.0,0.0,0.0,0.0,0.0,0.0
10.0,3.3705185259263,0.0034291606183621,0.0034291606058695,0.999994120406387,0.999994120406387,49.41375112748434,0.0,49.97714680715147,0.0,45.59507758423024,0.0,45.3026253618007,0.0,0.0,0.0,0.0,0.0,0.0,0.0
10.0,3.37076853842692,0.0034291914280035,0.0034291914155154,0.999994120300738,0.999994120300737,49.413751120204566,0.0,49.977146589922135,0.0,45.59507758176688,0.0,45.30262531772332,0.0,0.0,0.0,0.0,0.0,0.0,0.0
10.0,3.37101855092755,0.0034292222396322,0.0034292222271486,0.9999941201950808,0.99999412019508,49.41375111292413,0.0,49.97714637268652,0.0,45.595077579303336,0.0,45.30262527364268,0.0,0.0,0.0,0.0,0.0,0.0,0.0
10.0,3.37126856342817,0.0034292530532481,0.0034292530407689,0.999994120089415,0.9999941200894148,49.41375110564303,0.0,49.977146155444615,0.0,45.59507757683959,0.0,45.3026252295588,0.0,0.0,0.0,0.0,0.0,0.0,0.0
10.0,3.3715185759288,0.003429283868851,0.0034292838563764,0.9999941199837428,0.999994119983742,49.41375109836128,0.0,49.97714593819641,0.0,45.59507757437568,0.0,45.30262518547166,0.0,0.0,0.0,0.0,0.0,0.0,0.0
10.0,3.37176858842942,0.0034293146864411,0.0034293146739709,0.999994119878062,0.999994119878062,49.41375109107885,0.0,49.97714572094187,0.0,45.59507757191158,0.0,45.30262514138128,0.0,0.0,0.0,0.0,0.0,0.0,0.0
10.0,3.37201860093005,0.0034293455060182,0.0034293454935525,0.999994119772374,0.999994119772374,49.41375108379575,0.0,49.97714550368099,0.0,45.5950775694473,0.0,45.30262509728766,0.0,0.0,0.0,0.0,0.0,0.0,0.0
10.0,3.37226861343067,0.0034293763275822,0.003429376315121,0.999994119666678,0.999994119666678,49.41375107651199,0.0,49.977145286413744,0.0,45.59507756698284,0.0,45.30262505319078,0.0,0.0,0.0,0.0,0.0,0.0,0.0
10.0,3.3725186259313,0.0034294071511331,0.0034294071386764,0.9999941195609738,0.999994119560974,49.413751069227565,0.0,49.977145069140114,0.0,45.59507756451819,0.0,45.30262500909066,0.0,0.0,0.0,0.0,0.0,0.0,0.0
10.0,3.37276863843192,0.0034294379766709,0.0034294379642187,0.999994119455263,0.999994119455262,49.41375106194247,0.0,49.97714485186009,0.0,45.59507756205336,0.0,45.30262496498729,0.0,0.0,0.0,0.0,0.0,0.0,0.0
10.0,3.37301865093255,0.0034294688041955,0.0034294687917477,0.9999941193495432,0.999994119349543,49.41375105465672,0.0,49.97714463457365,0.0,45.59507755958834,0.0,45.30262492088067,0.0,0.0,0.0,0.0,0.0,0.0,0.0
10.0,3.37326866343317,0.0034294996337067,0.0034294996212635,0.999994119243816,0.999994119243816,49.4137510473703,0.0,49.97714441728077,0.0,45.59507755712315,0.0,45.3026248767708,0.0,0.0,0.0,0.0,0.0,0.0,0.0
10.0,3.3735186759338,0.0034295304652047,0.0034295304527659,0.999994119138082,0.999994119138081,49.41375104008321,0.0,49.97714419998143,0.0,45.59507755465777,0.0,45.30262483265769,0.0,0.0,0.0,0.0,0.0,0.0,0.0
10.0,3.37376868843442,0.0034295612986892,0.0034295612862549,0.999994119032339,0.999994119032338,49.41375103279544,0.0,49.97714398267563,0.0,45.5950775521922,0.0,45.30262478854132,0.0,0.0,0.0,0.0,0.0,0.0,0.0
10.0,3.37401870093505,0.0034295921341603,0.0034295921217304,0.999994118926588,0.999994118926588,49.41375102550703,0.0,49.97714376536332,0.0,45.59507754972646,0.0,45.30262474442171,0.0,0.0,0.0,0.0,0.0,0.0,0.0
10.0,3.37426871343567,0.0034296229716179,0.0034296229591925,0.99999411882083,0.99999411882083,49.41375101821794,0.0,49.97714354804452,0.0,45.59507754726052,0.0,45.30262470029886,0.0,0.0,0.0,0.0,0.0,0.0,0.0
10.0,3.3745187259363,0.0034296538110619,0.003429653798641,0.9999941187150642,0.9999941187150642,49.4137510109282,0.0,49.97714333071919,0.0,45.595077544794414,0.0,45.302624656172746,0.0,0.0,0.0,0.0,0.0,0.0,0.0
10.0,3.37476873843692,0.0034296846524923,0.0034296846400758,0.999994118609291,0.99999411860929,49.41375100363778,0.0,49.977143113387314,0.0,45.59507754232811,0.0,45.3026246120434,0.0,0.0,0.0,0.0,0.0,0.0,0.0
10.0,3.37501875093755,0.003429715495909,0.003429715483497,0.999994118503509,0.999994118503509,49.41375099634669,0.0,49.97714289604887,0.0,45.59507753986164,0.0,45.30262456791079,0.0,0.0,0.0,0.0,0.0,0.0,0.0
10.0,3.37526876343817,0.0034297463413119,0.0034297463289044,0.99999411839772,0.999994118397719,49.41375098905495,0.0,49.97714267870385,0.0,45.59507753739497,0.0,45.30262452377495,0.0,0.0,0.0,0.0,0.0,0.0,0.0
10.0,3.3755187759388,0.0034297771887011,0.0034297771762981,0.9999941182919228,0.999994118291923,49.41375098176253,0.0,49.97714246135223,0.0,45.59507753492812,0.0,45.30262447963585,0.0,0.0,0.0,0.0,0.0,0.0,0.0
10.0,3.37576878843942,0.0034298080380764,0.0034298080256778,0.999994118186118,0.999994118186118,49.41375097446946,0.0,49.977142243994,0.0,45.595077532461104,0.0,45.30262443549351,0.0,0.0,0.0,0.0,0.0,0.0,0.0
10.0,3.37601880094005,0.0034298388894378,0.0034298388770437,0.999994118080306,0.999994118080306,49.41375096717572,0.0,49.97714202662912,0.0,45.59507752999389,0.0,45.30262439134792,0.0,0.0,0.0,0.0,0.0,0.0,0.0
10.0,3.37626881344067,0.0034298697427852,0.0034298697303955,0.999994117974486,0.9999941179744852,49.41375095988129,0.0,49.9771418092576,0.0,45.59507752752649,0.0,45.30262434719908,0.0,0.0,0.0,0.0,0.0,0.0,0.0
10.0,3.3765188259413,0.0034299005981185,0.0034299005857334,0.999994117868658,0.9999941178686568,49.41375095258622,0.0,49.97714159187941,0.0,45.59507752505891,0.0,45.302624303047,0.0,0.0,0.0,0.0,0.0,0.0,0.0
10.0,3.37676883844192,0.0034299314554378,0.0034299314430571,0.999994117762822,0.999994117762821,49.41375094529048,0.0,49.97714137449454,0.0,45.59507752259115,0.0,45.302624258891655,0.0,0.0,0.0,0.0,0.0,0.0,0.0
10.0,3.37701885094255,0.0034299623147429,0.0034299623023667,0.999994117656979,0.999994117656978,49.41375093799406,0.0,49.97714115710296,0.0,45.595077520123205,0.0,45.30262421473307,0.0,0.0,0.0,0.0,0.0,0.0,0.0
10.0,3.37726886344317,0.0034299931760338,0.003429993163662,0.999994117551127,0.999994117551127,49.41375093069699,0.0,49.977140939704654,0.0,45.59507751765508,0.0,45.30262417057124,0.0,0.0,0.0,0.0,0.0,0.0,0.0
10.0,3.3775188759438,0.0034300240393105,0.0034300240269431,0.999994117445268,0.999994117445268,49.41375092339925,0.0,49.97714072229961,0.0,45.595077515186766,0.0,45.302624126406165,0.0,0.0,0.0,0.0,0.0,0.0,0.0
10.0,3.37776888844442,0.0034300549045728,0.0034300548922099,0.999994117339401,0.9999941173394012,49.413750916100845,0.0,49.97714050488782,0.0,45.59507751271827,0.0,45.30262408223784,0.0,0.0,0.0,0.0,0.0,0.0,0.0
10.0,3.37801890094505,0.0034300857718207,0.0034300857594623,0.9999941172335268,0.999994117233526,49.413750908801774,0.0,49.97714028746925,0.0,45.59507751024959,0.0,45.30262403806627,0.0,0.0,0.0,0.0,0.0,0.0,0.0
10.0,3.37826891344567,0.0034301166410542,0.0034301166287002,0.999994117127644,0.999994117127644,49.413750901502034,0.0,49.97714007004389,0.0,45.59507750778073,0.0,45.30262399389144,0.0,0.0,0.0,0.0,0.0,0.0,0.0
10.0,3.3785189259463,0.0034301475122732,0.0034301474999237,0.999994117021754,0.999994117021754,49.41375089420163,0.0,49.97713985261172,0.0,45.59507750531168,0.0,45.30262394971338,0.0,0.0,0.0,0.0,0.0,0.0,0.0
10.0,3.3787689384469206,0.0034301783854776,0.0034301783731326,0.999994116915856,0.999994116915856,49.41375088690055,0.0,49.977139635172726,0.0,45.59507750284245,0.0,45.30262390553207,0.0,0.0,0.0,0.0,0.0,0.0,0.0
10.0,3.37901895094755,0.0034302092606674,0.0034302092483268,0.999994116809951,0.99999411680995,49.41375087959882,0.0,49.97713941772689,0.0,45.59507750037304,0.0,45.3026238613475,0.0,0.0,0.0,0.0,0.0,0.0,0.0
10.0,3.37926896344817,0.0034302401378425,0.0034302401255064,0.9999941167040368,0.999994116704037,49.41375087229641,0.0,49.97713920027419,0.0,45.595077497903446,0.0,45.30262381715968,0.0,0.0,0.0,0.0,0.0,0.0,0.0
10.0,3.3795189759488,0.0034302710170029,0.0034302710046713,0.999994116598116,0.999994116598115,49.41375086499335,0.0,49.977138982814616,0.0,45.59507749543367,0.0,45.30262377296862,0.0,0.0,0.0,0.0,0.0,0.0,0.0
10.0,3.37976898844942,0.0034303018981485,0.0034303018858213,0.999994116492187,0.9999941164921868,49.413750857689614,0.0,49.97713876534815,0.0,45.5950774929637,0.0,45.30262372877432,0.0,0.0,0.0,0.0,0.0,0.0,0.0
10.0,3.38001900095005,0.0034303327812793,0.0034303327689565,0.99999411638625,0.99999411638625,49.41375085038521,0.0,49.97713854787478,0.0,45.595077490493566,0.0,45.30262368457677,0.0,0.0,0.0,0.0,0.0,0.0,0.0
10.0,3.38026901345067,0.0034303636663951,0.0034303636540768,0.999994116280306,0.999994116280305,49.41375084308015,0.0,49.97713833039447,0.0,45.59507748802324,0.0,45.30262364037597,0.0,0.0,0.0,0.0,0.0,0.0,0.0
10.0,3.3805190259513,0.003430394553496,0.0034303945411821,0.999994116174354,0.999994116174353,49.413750835774415,0.0,49.97713811290721,0.0,45.59507748555273,0.0,45.30262359617191,0.0,0.0,0.0,0.0,0.0,0.0,0.0
10.0,3.38076903845192,0.0034304254425818,0.0034304254302724,0.999994116068393,0.9999941160683928,49.413750828468,0.0,49.977137895413016,0.0,45.59507748308203,0.0,45.30262355196462,0.0,0.0,0.0,0.0,0.0,0.0,0.0
10.0,3.38101905095255,0.0034304563336526,0.0034304563213476,0.999994115962426,0.9999941159624248,49.41375082116095,0.0,49.97713767791183,0.0,45.59507748061116,0.0,45.30262350775407,0.0,0.0,0.0,0.0,0.0,0.0,0.0
10.0,3.38126906345317,0.0034304872267082,0.0034304872144077,0.99999411585645,0.99999411585645,49.413750813853206,0.0,49.97713746040364,0.0,45.59507747814009,0.0,45.30262346354028,0.0,0.0,0.0,0.0,0.0,0.0,0.0
10.0,3.3815190759538,0.0034305181217486,0.0034305181094525,0.9999941157504671,0.999994115750466,49.41375080654481,0.0,49.97713724288845,0.0,45.595077475668845,0.0,45.30262341932325,0.0,0.0,0.0,0.0,0.0,0.0,0.0
10.0,3.38176908845442,0.0034305490187738,0.0034305490064821,0.999994115644476,0.999994115644475,49.41375079923574,0.0,49.97713702536623,0.0,45.59507747319742,0.0,45.30262337510296,0.0,0.0,0.0,0.0,0.0,0.0,0.0
10.0,3.38201910095505,0.0034305799177836,0.0034305799054964,0.999994115538477,0.999994115538477,49.41375079192601,0.0,49.97713680783696,0.0,45.59507747072581,0.0,45.30262333087942,0.0,0.0,0.0,0.0,0.0,0.0,0.0
10.0,3.38226911345567,0.003430610818778,0.0034306108064953,0.99999411543247,0.99999411543247,49.413750784615615,0.0,49.97713659030064,0.0,45.59507746825402,0.0,45.30262328665264,0.0,0.0,0.0,0.0,0.0,0.0,0.0
10.0,3.3825191259563,0.0034306417217571,0.0034306417094788,0.999994115326456,0.999994115326456,49.41375077730454,0.0,49.97713637275724,0.0,45.59507746578203,0.0,45.3026232424226,0.0,0.0,0.0,0.0,0.0,0.0,0.0
10.0,3.38276913845692,0.0034306726267206,0.0034306726144467,0.999994115220434,0.999994115220433,49.41375076999281,0.0,49.977136155206736,0.0,45.59507746330988,0.0,45.30262319818934,0.0,0.0,0.0,0.0,0.0,0.0,0.0
10.0,3.38301915095755,0.0034307035336686,0.0034307035213992,0.999994115114404,0.999994115114404,49.41375076268041,0.0,49.97713593764913,0.0,45.59507746083753,0.0,45.3026231539528,0.0,0.0,0.0,0.0,0.0,0.0,0.0
10.0,3.38326916345817,0.003430734442601,0.003430734430336,0.999994115008366,0.999994115008366,49.41375075536734,0.0,49.9771357200844,0.0,45.595077458365004,0.0,45.30262310971303,0.0,0.0,0.0,0.0,0.0,0.0,0.0
10.0,3.3835191759588,0.0034307653535177,0.0034307653412571,0.999994114902321,0.99999411490232,49.41375074805362,0.0,49.97713550251252,0.0,45.59507745589229,0.0,45.30262306547001,0.0,0.0,0.0,0.0,0.0,0.0,0.0
10.0,3.38376918845942,0.0034307962664186,0.0034307962541625,0.999994114796268,0.9999941147962668,49.41375074073922,0.0,49.97713528493349,0.0,45.5950774534194,0.0,45.30262302122375,0.0,0.0,0.0,0.0,0.0,0.0,0.0
10.0,3.38401920096005,0.0034308271813038,0.0034308271690521,0.999994114690207,0.999994114690206,49.41375073342415,0.0,49.97713506734728,0.0,45.595077450946334,0.0,45.30262297697423,0.0,0.0,0.0,0.0,0.0,0.0,0.0
10.0,3.38426921346067,0.0034308580981732,0.0034308580859259,0.999994114584138,0.999994114584138,49.41375072610842,0.0,49.977134849753874,0.0,45.59507744847307,0.0,45.30262293272146,0.0,0.0,0.0,0.0,0.0,0.0,0.0
10.0,3.3845192259613,0.0034308890170266,0.0034308890047838,0.999994114478062,0.9999941144780607,49.41375071879202,0.0,49.97713463215327,0.0,45.59507744599962,0.0,45.30262288846546,0.0,0.0,0.0,0.0,0.0,0.0,0.0
10.0,3.38476923846192,0.0034309199378641,0.0034309199256257,0.999994114371977,0.999994114371977,49.41375071147496,0.0,49.97713441454543,0.0,45.595077443526,0.0,45.3026228442062,0.0,0.0,0.0,0.0,0.0,0.0,0.0
10.0,3.38501925096255,0.0034309508606856,0.0034309508484516,0.9999941142658852,0.999994114265885,49.413750704157216,0.0,49.97713419693036,0.0,45.59507744105219,0.0,45.30262279994368,0.0,0.0,0.0,0.0,0.0,0.0,0.0
10.0,3.38526926346317,0.0034309817854909,0.0034309817732614,0.999994114159786,0.999994114159785,49.41375069683882,0.0,49.97713397930802,0.0,45.595077438578194,0.0,45.30262275567794,0.0,0.0,0.0,0.0,0.0,0.0,0.0
10.0,3.3855192759638006,0.0034310127122802,0.0034310127000551,0.999994114053678,0.999994114053678,49.41375068951975,0.0,49.97713376167842,0.0,45.59507743610403,0.0,45.302622711408944,0.0,0.0,0.0,0.0,0.0,0.0,0.0
10.0,3.38576928846442,0.0034310436410533,0.0034310436288326,0.9999941139475628,0.999994113947562,49.413750682200025,0.0,49.97713354404153,0.0,45.59507743362967,0.0,45.302622667136696,0.0,0.0,0.0,0.0,0.0,0.0,0.0
10.0,3.38601930096505,0.0034310745718101,0.0034310745595938,0.99999411384144,0.999994113841439,49.41375067487962,0.0,49.977133326397336,0.0,45.595077431155126,0.0,45.30262262286119,0.0,0.0,0.0,0.0,0.0,0.0,0.0
10.0,3.38626931346567,0.0034311055045506,0.0034311054923388,0.999994113735309,0.999994113735308,49.41375066755855,0.0,49.97713310874583,0.0,45.59507742868039,0.0,45.30262257858245,0.0,0.0,0.0,0.0,0.0,0.0,0.0
10.0,3.3865193259663,0.0034311364392747,0.0034311364270673,0.99999411362917,0.99999411362917,49.41375066023683,0.0,49.97713289108698,0.0,45.595077426205485,0.0,45.30262253430046,0.0,0.0,0.0,0.0,0.0,0.0,0.0
10.0,3.38676933846692,0.0034311673759824,0.0034311673637794,0.999994113523024,0.999994113523023,49.413750652914416,0.0,49.977132673420776,0.0,45.59507742373039,0.0,45.30262249001522,0.0,0.0,0.0,0.0,0.0,0.0,0.0
10.0,3.38701935096755,0.0034311983146736,0.0034311983024751,0.99999411341687,0.999994113416869,49.41375064559135,0.0,49.97713245574721,0.0,45.59507742125512,0.0,45.30262244572674,0.0,0.0,0.0,0.0,0.0,0.0,0.0
10.0,3.38726936346817,0.0034312292553483,0.0034312292431542,0.999994113310708,0.999994113310707,49.413750638267615,0.0,49.97713223806626,0.0,45.59507741877965,0.0,45.302622401435,0.0,0.0,0.0,0.0,0.0,0.0,0.0
10.0,3.3875193759688,0.0034312601980063,0.0034312601858167,0.999994113204538,0.999994113204538,49.41375063094321,0.0,49.97713202037792,0.0,45.59507741630402,0.0,45.30262235714002,0.0,0.0,0.0,0.0,0.0,0.0,0.0
10.0,3.38776938846942,0.0034312911426477,0.0034312911304625,0.999994113098361,0.99999411309836,49.41375062361815,0.0,49.97713180268216,0.0,45.595077413828186,0.0,45.3026223128418,0.0,0.0,0.0,0.0,0.0,0.0,0.0
10.0,3.38801940097005,0.0034313220892724,0.0034313220770916,0.999994112992175,0.999994112992175,49.41375061629241,0.0,49.97713158497897,0.0,45.59507741135218,0.0,45.30262226854032,0.0,0.0,0.0,0.0,0.0,0.0,0.0
10.0,3.38826941347067,0.0034313530378804,0.0034313530257039,0.999994112885983,0.999994112885982,49.41375060896601,0.0,49.977131367268335,0.0,45.59507740887599,0.0,45.30262222423559,0.0,0.0,0.0,0.0,0.0,0.0,0.0
10.0,3.3885194259713,0.0034313839884714,0.0034313839762994,0.999994112779782,0.999994112779781,49.41375060163894,0.0,49.97713114955024,0.0,45.59507740639962,0.0,45.30262217992762,0.0,0.0,0.0,0.0,0.0,0.0,0.0
10.0,3.38876943847192,0.0034314149410456,0.003431414928878,0.999994112673574,0.999994112673573,49.4137505943112,0.0,49.97713093182467,0.0,45.59507740392306,0.0,45.3026221356164,0.0,0.0,0.0,0.0,0.0,0.0,0.0
10.0,3.38901945097255,0.0034314458956028,0.0034314458834397,0.999994112567357,0.999994112567357,49.41375058698279,0.0,49.97713071409161,0.0,45.59507740144632,0.0,45.30262209130194,0.0,0.0,0.0,0.0,0.0,0.0,0.0
10.0,3.38926946347317,0.0034314768521431,0.0034314768399843,0.999994112461133,0.999994112461133,49.41375057965372,0.0,49.97713049635104,0.0,45.595077398969394,0.0,45.30262204698423,0.0,0.0,0.0,0.0,0.0,0.0,0.0
10.0,3.3895194759738,0.0034315078106662,0.0034315077985119,0.999994112354901,0.9999941123549008,49.413750572323984,0.0,49.97713027860295,0.0,45.595077396492286,0.0,45.30262200266327,0.0,0.0,0.0,0.0,0.0,0.0,0.0
10.0,3.3897694884744203,0.0034315387711722,0.0034315387590223,0.999994112248662,0.999994112248661,49.41375056499358,0.0,49.97713006084734,0.0,45.59507739401499,0.0,45.30262195833906,0.0,0.0,0.0,0.0,0.0,0.0,0.0
10.0,3.39001950097505,0.0034315697336611,0.0034315697215156,0.999994112142415,0.999994112142414,49.413750557662496,0.0,49.97712984308415,0.0,45.59507739153752,0.0,45.3026219140116,0.0,0.0,0.0,0.0,0.0,0.0,0.0
10.0,3.39026951347567,0.0034316006981327,0.0034316006859916,0.99999411203616,0.9999941120361588,49.41375055033076,0.0,49.9771296253134,0.0,45.59507738905986,0.0,45.302621869680905,0.0,0.0,0.0,0.0,0.0,0.0,0.0
10.0,3.3905195259763,0.0034316316645869,0.0034316316524503,0.999994111929897,0.999994111929896,49.41375054299835,0.0,49.97712940753508,0.0,45.59507738658202,0.0,45.30262182534696,0.0,0.0,0.0,0.0,0.0,0.0,0.0
10.0,3.39076953847692,0.0034316626330239,0.0034316626208916,0.999994111823626,0.999994111823626,49.41375053566527,0.0,49.97712918974916,0.0,45.595077384104,0.0,45.30262178100975,0.0,0.0,0.0,0.0,0.0,0.0,0.0
10.0,3.39101955097755,0.0034316936034434,0.0034316935913155,0.999994111717348,0.999994111717347,49.41375052833153,0.0,49.97712897195562,0.0,45.595077381625785,0.0,45.30262173666931,0.0,0.0,0.0,0.0,0.0,0.0,0.0
10.0,3.39126956347817,0.0034317245758454,0.003431724563722,0.999994111611062,0.999994111611061,49.41375052099713,0.0,49.97712875415446,0.0,45.595077379147405,0.0,45.302621692325616,0.0,0.0,0.0,0.0,0.0,0.0,0.0
10.0,3.3915195759788,0.0034317555502299,0.0034317555381109,0.999994111504768,0.999994111504767,49.413750513662045,0.0,49.977128536345646,0.0,45.595077376668826,0.0,45.30262164797868,0.0,0.0,0.0,0.0,0.0,0.0,0.0
10.0,3.39176958847942,0.0034317865265968,0.0034317865144822,0.999994111398466,0.9999941113984658,49.413750506326295,0.0,49.97712831852918,0.0,45.59507737419006,0.0,45.30262160362849,0.0,0.0,0.0,0.0,0.0,0.0,0.0
10.0,3.39201960098005,0.003431817504946,0.0034318174928358,0.999994111292157,0.9999941112921568,49.41375049898988,0.0,49.977128100705045,0.0,45.595077371711135,0.0,45.30262155927505,0.0,0.0,0.0,0.0,0.0,0.0,0.0
10.0,3.39226961348067,0.0034318484852776,0.0034318484731718,0.99999411118584,0.999994111185839,49.413750491652806,0.0,49.977127882873226,0.0,45.59507736923201,0.0,45.30262151491838,0.0,0.0,0.0,0.0,0.0,0.0,0.0
10.0,3.3925196259813,0.0034318794675913,0.0034318794554899,0.999994111079515,0.999994111079514,49.41375048431505,0.0,49.9771276650337,0.0,45.5950773667527,0.0,45.30262147055845,0.0,0.0,0.0,0.0,0.0,0.0,0.0
10.0,3.39276963848192,0.0034319104518873,0.0034319104397903,0.999994110973182,0.999994110973182,49.41375047697664,0.0,49.97712744718645,0.0,45.59507736427321,0.0,45.30262142619527,0.0,0.0,0.0,0.0,0.0,0.0,0.0
10.0,3.39301965098255,0.0034319414381653,0.0034319414260727,0.999994110866842,0.9999941108668412,49.41375046963755,0.0,49.97712722933148,0.0,45.59507736179353,0.0,45.30262138182885,0.0,0.0,0.0,0.0,0.0,0.0,0.0
10.0,3.39326966348317,0.0034319724264254,0.0034319724143372,0.9999941107604932,0.999994110760493,49.4137504622978,0.0,49.97712701146876,0.0,45.59507735931368,0.0,45.30262133745918,0.0,0.0,0.0,0.0,0.0,0.0,0.0
10.0,3.3935196759838,0.0034320034166675,0.0034320034045837,0.999994110654137,0.9999941106541372,49.41375045495738,0.0,49.97712679359827,0.0,45.595077356833634,0.0,45.302621293086254,0.0,0.0,0.0,0.0,0.0,0.0,0.0
10.0,3.39376968848442,0.0034320344088916,0.0034320343968121,0.999994110547774,0.999994110547773,49.41375044761629,0.0,49.977126575720014,0.0,45.59507735435341,0.0,45.30262124871009,0.0,0.0,0.0,0.0,0.0,0.0,0.0
10.0,3.39401970098505,0.0034320654030975,0.0034320653910224,0.999994110441402,0.999994110441402,49.41375044027453,0.0,49.97712635783397,0.0,45.595077351873016,0.0,45.30262120433068,0.0,0.0,0.0,0.0,0.0,0.0,0.0
10.0,3.39426971348567,0.0034320963992852,0.0034320963872146,0.999994110335023,0.9999941103350228,49.41375043293211,0.0,49.97712613994011,0.0,45.59507734939242,0.0,45.30262115994802,0.0,0.0,0.0,0.0,0.0,0.0,0.0
10.0,3.3945197259863,0.0034321273974547,0.0034321273853885,0.999994110228636,0.999994110228635,49.41375042558903,0.0,49.97712592203845,0.0,45.59507734691165,0.0,45.30262111556211,0.0,0.0,0.0,0.0,0.0,0.0,0.0
10.0,3.39476973848692,0.0034321583976059,0.0034321583855441,0.9999941101222408,0.999994110122241,49.413750418245264,0.0,49.97712570412895,0.0,45.59507734443069,0.0,45.30262107117296,0.0,0.0,0.0,0.0,0.0,0.0,0.0
10.0,3.39501975098755,0.0034321893997387,0.0034321893876813,0.999994110015838,0.999994110015838,49.41375041090084,0.0,49.97712548621159,0.0,45.59507734194956,0.0,45.30262102678055,0.0,0.0,0.0,0.0,0.0,0.0,0.0
10.0,3.39526976348817,0.0034322204038532,0.0034322203918001,0.999994109909428,0.999994109909428,49.41375040355575,0.0,49.97712526828637,0.0,45.59507733946823,0.0,45.3026209823849,0.0,0.0,0.0,0.0,0.0,0.0,0.0
10.0,3.3955197759888,0.0034322514099491,0.0034322513979005,0.99999410980301,0.99999410980301,49.41375039620998,0.0,49.97712505035328,0.0,45.595077336986726,0.0,45.302620937986,0.0,0.0,0.0,0.0,0.0,0.0,0.0
10.0,3.39576978848942,0.0034322824180266,0.0034322824059823,0.999994109696584,0.999994109696584,49.41375038886356,0.0,49.97712483241229,0.0,45.59507733450503,0.0,45.30262089358386,0.0,0.0,0.0,0.0,0.0,0.0,0.0
10.0,3.39601980099005,0.0034323134280854,0.0034323134160455,0.9999941095901508,0.99999410959015,49.41375038151646,0.0,49.977124614463406,0.0,45.595077332023166,0.0,45.30262084917847,0.0,0.0,0.0,0.0,0.0,0.0,0.0
10.0,3.39626981349067,0.0034323444401256,0.0034323444280901,0.999994109483709,0.999994109483709,49.41375037416868,0.0,49.97712439650659,0.0,45.59507732954111,0.0,45.30262080476983,0.0,0.0,0.0,0.0,0.0,0.0,0.0
10.0,3.3965198259913003,0.0034323754541471,0.003432375442116,0.99999410937726,0.99999410937726,49.41375036682025,0.0,49.97712417854186,0.0,45.59507732705887,0.0,45.30262076035794,0.0,0.0,0.0,0.0,0.0,0.0,0.0
10.0,3.39676983849192,0.0034324064701498,0.0034324064581231,0.999994109270803,0.999994109270803,49.413750359471145,0.0,49.97712396056916,0.0,45.59507732457645,0.0,45.3026207159428,0.0,0.0,0.0,0.0,0.0,0.0,0.0
10.0,3.39701985099255,0.0034324374881338,0.0034324374761114,0.999994109164338,0.9999941091643378,49.413750352121376,0.0,49.9771237425885,0.0,45.59507732209384,0.0,45.30262067152443,0.0,0.0,0.0,0.0,0.0,0.0,0.0
10.0,3.39726986349317,0.0034324685080988,0.0034324684960808,0.999994109057866,0.999994109057866,49.41375034477094,0.0,49.97712352459988,0.0,45.59507731961105,0.0,45.3026206271028,0.0,0.0,0.0,0.0,0.0,0.0,0.0
10.0,3.3975198759938,0.0034324995300449,0.0034324995180313,0.999994108951386,0.999994108951385,49.41375033741984,0.0,49.97712330660325,0.0,45.59507731712808,0.0,45.302620582677925,0.0,0.0,0.0,0.0,0.0,0.0,0.0
10.0,3.39776988849442,0.003432530553972,0.0034325305419628,0.999994108844898,0.999994108844897,49.413750330068055,0.0,49.97712308859863,0.0,45.595077314644925,0.0,45.3026205382498,0.0,0.0,0.0,0.0,0.0,0.0,0.0
10.0,3.39801990099505,0.00343256157988,0.0034325615678752,0.999994108738402,0.999994108738402,49.41375032271561,0.0,49.97712287058599,0.0,45.59507731216159,0.0,45.30262049381842,0.0,0.0,0.0,0.0,0.0,0.0,0.0
10.0,3.39826991349567,0.0034325926077689,0.0034325925957685,0.9999941086318992,0.999994108631898,49.413750315362506,0.0,49.977122652565306,0.0,45.59507730967807,0.0,45.30262044938381,0.0,0.0,0.0,0.0,0.0,0.0,0.0
10.0,3.3985199259963,0.0034326236376387,0.0034326236256426,0.999994108525388,0.999994108525387,49.41375030800872,0.0,49.97712243453659,0.0,45.59507730719436,0.0,45.30262040494595,0.0,0.0,0.0,0.0,0.0,0.0,0.0
10.0,3.3987699384969203,0.0034326546694892,0.0034326546574975,0.999994108418868,0.999994108418868,49.41375030065427,0.0,49.9771222164998,0.0,45.59507730471047,0.0,45.30262036050483,0.0,0.0,0.0,0.0,0.0,0.0,0.0
10.0,3.39901995099755,0.0034326857033204,0.0034326856913331,0.999994108312342,0.999994108312341,49.41375029329916,0.0,49.97712199845495,0.0,45.5950773022264,0.0,45.30262031606048,0.0,0.0,0.0,0.0,0.0,0.0,0.0
10.0,3.39926996349817,0.0034327167391323,0.0034327167271494,0.999994108205807,0.999994108205807,49.41375028594337,0.0,49.977121780402,0.0,45.59507729974215,0.0,45.30262027161287,0.0,0.0,0.0,0.0,0.0,0.0,0.0
10.0,3.3995199759988,0.0034327477769248,0.0034327477649462,0.999994108099265,0.999994108099264,49.41375027858692,0.0,49.97712156234096,0.0,45.59507729725771,0.0,45.302620227162016,0.0,0.0,0.0,0.0,0.0,0.0,0.0
10.0,3.39976998849943,0.0034327788166978,0.0034327788047236,0.999994107992715,0.999994107992714,49.4137502712298,0.0,49.97712134427179,0.0,45.59507729477309,0.0,45.30262018270791,0.0,0.0,0.0,0.0,0.0,0.0,0.0
10.0,3.40002000100005,0.0034328098584513,0.0034328098464815,0.999994107886157,0.9999941078861558,49.41375026387201,0.0,49.9771211261945,0.0,45.59507729228828,0.0,45.30262013825057,0.0,0.0,0.0,0.0,0.0,0.0,0.0
10.0,3.40027001350068,0.0034328409021852,0.0034328408902198,0.999994107779591,0.999994107779591,49.41375025651355,0.0,49.977120908109065,0.0,45.5950772898033,0.0,45.30262009378997,0.0,0.0,0.0,0.0,0.0,0.0,0.0
10.0,3.4005200260013,0.0034328719478994,0.0034328719359384,0.999994107673018,0.999994107673017,49.413750249154425,0.0,49.97712069001548,0.0,45.59507728731813,0.0,45.30262004932612,0.0,0.0,0.0,0.0,0.0,0.0,0.0
10.0,3.40077003850192,0.003432902995594,0.0034329029836373,0.999994107566437,0.999994107566436,49.41375024179463,0.0,49.97712047191371,0.0,45.59507728483277,0.0,45.30262000485904,0.0,0.0,0.0,0.0,0.0,0.0,0.0
10.0,3.40102005100255,0.0034329340452688,0.0034329340333165,0.999994107459848,0.999994107459848,49.41375023443417,0.0,49.97712025380377,0.0,45.59507728234723,0.0,45.3026199603887,0.0,0.0,0.0,0.0,0.0,0.0,0.0
10.0,3.40127006350318,0.0034329650969238,0.0034329650849759,0.9999941073532508,0.999994107353251,49.41375022707303,0.0,49.97712003568562,0.0,45.59507727986152,0.0,45.30261991591511,0.0,0.0,0.0,0.0,0.0,0.0,0.0
10.0,3.4015200760038,0.0034329961505589,0.0034329961386154,0.999994107246647,0.9999941072466468,49.41375021971123,0.0,49.97711981755927,0.0,45.59507727737561,0.0,45.30261987143828,0.0,0.0,0.0,0.0,0.0,0.0,0.0
10.0,3.40177008850443,0.0034330272061741,0.0034330271942349,0.9999941071400352,0.999994107140034,49.41375021234876,0.0,49.9771195994247,0.0,45.595077274889526,0.0,45.3026198269582,0.0,0.0,0.0,0.0,0.0,0.0,0.0
10.0,3.40202010100505,0.0034330582637693,0.0034330582518345,0.999994107033415,0.9999941070334138,49.413750204985625,0.0,49.97711938128188,0.0,45.59507727240325,0.0,45.30261978247488,0.0,0.0,0.0,0.0,0.0,0.0,0.0
10.0,3.40227011350568,0.0034330893233444,0.003433089311414,0.9999941069267873,0.999994106926786,49.41375019762182,0.0,49.97711916313081,0.0,45.5950772699168,0.0,45.3026197379883,0.0,0.0,0.0,0.0,0.0,0.0,0.0
10.0,3.4025201260063,0.0034331203848995,0.0034331203729734,0.999994106820152,0.999994106820151,49.41375019025735,0.0,49.97711894497148,0.0,45.59507726743016,0.0,45.302619693498485,0.0,0.0,0.0,0.0,0.0,0.0,0.0
10.0,3.40277013850693,0.0034331514484344,0.0034331514365126,0.9999941067135092,0.999994106713508,49.4137501828922,0.0,49.97711872680388,0.0,45.59507726494335,0.0,45.302619649005415,0.0,0.0,0.0,0.0,0.0,0.0,0.0
10.0,3.40302015100755,0.003433182513949,0.0034331825020316,0.9999941066068568,0.999994106606857,49.41375017552638,0.0,49.97711850862797,0.0,45.59507726245634,0.0,45.302619604509104,0.0,0.0,0.0,0.0,0.0,0.0,0.0
10.0,3.4032701635081795,0.0034332135814434,0.0034332135695304,0.999994106500199,0.999994106500198,49.4137501681599,0.0,49.97711829044378,0.0,45.59507725996916,0.0,45.30261956000954,0.0,0.0,0.0,0.0,0.0,0.0,0.0
10.0,3.4035201760088,0.0034332446509174,0.0034332446390087,0.999994106393532,0.999994106393532,49.41375016079275,0.0,49.97711807225126,0.0,45.59507725748178,0.0,45.302619515506734,0.0,0.0,0.0,0.0,0.0,0.0,0.0
10.0,3.40377018850943,0.003433275722371,0.0034332757104667,0.999994106286858,0.999994106286857,49.41375015342494,0.0,49.977117854050405,0.0,45.59507725499423,0.0,45.30261947100068,0.0,0.0,0.0,0.0,0.0,0.0,0.0
10.0,3.40402020101005,0.0034333067958041,0.0034333067839042,0.999994106180176,0.9999941061801748,49.41375014605645,0.0,49.97711763584122,0.0,45.5950772525065,0.0,45.30261942649137,0.0,0.0,0.0,0.0,0.0,0.0,0.0
10.0,3.40427021351068,0.0034333378712168,0.0034333378593212,0.999994106073486,0.999994106073485,49.41375013868728,0.0,49.97711741762367,0.0,45.595077250018576,0.0,45.302619381978815,0.0,0.0,0.0,0.0,0.0,0.0,0.0
10.0,3.4045202260113,0.0034333689486089,0.0034333689367177,0.999994105966789,0.999994105966788,49.41375013131746,0.0,49.97711719939775,0.0,45.59507724753048,0.0,45.30261933746302,0.0,0.0,0.0,0.0,0.0,0.0,0.0
10.0,3.40477023851193,0.0034334000279803,0.0034334000160934,0.999994105860083,0.999994105860082,49.41375012394696,0.0,49.97711698116344,0.0,45.59507724504219,0.0,45.30261929294397,0.0,0.0,0.0,0.0,0.0,0.0,0.0
10.0,3.40502025101255,0.003433431109331,0.0034334310974485,0.99999410575337,0.99999410575337,49.413750116575805,0.0,49.97711676292074,0.0,45.595077242553714,0.0,45.302619248421685,0.0,0.0,0.0,0.0,0.0,0.0,0.0
10.0,3.40527026351318,0.003433462192661,0.0034334621807829,0.999994105646649,0.9999941056466491,49.41375010920397,0.0,49.97711654466963,0.0,45.595077240065066,0.0,45.30261920389614,0.0,0.0,0.0,0.0,0.0,0.0,0.0
10.0,3.4055202760138004,0.0034334932779702,0.0034334932660964,0.99999410553992,0.99999410553992,49.41375010183147,0.0,49.9771163264101,0.0,45.59507723757624,0.0,45.30261915936736,0.0,0.0,0.0,0.0,0.0,0.0,0.0
10.0,3.40577028851443,0.0034335243652585,0.0034335243533891,0.999994105433184,0.999994105433184,49.41375009445829,0.0,49.97711610814214,0.0,45.59507723508721,0.0,45.30261911483533,0.0,0.0,0.0,0.0,0.0,0.0,0.0
10.0,3.40602030101505,0.0034335554545259,0.0034335554426608,0.99999410532644,0.99999410532644,49.41375008708446,0.0,49.97711588986572,0.0,45.595077232598015,0.0,45.30261907030005,0.0,0.0,0.0,0.0,0.0,0.0,0.0
10.0,3.40627031351568,0.0034335865457723,0.0034335865339116,0.999994105219688,0.999994105219688,49.41375007970995,0.0,49.97711567158085,0.0,45.59507723010862,0.0,45.30261902576152,0.0,0.0,0.0,0.0,0.0,0.0,0.0
10.0,3.4065203260163,0.0034336176389976,0.0034336176271413,0.999994105112928,0.999994105112928,49.41375007233477,0.0,49.9771154532875,0.0,45.59507722761905,0.0,45.302618981219744,0.0,0.0,0.0,0.0,0.0,0.0,0.0
10.0,3.40677033851693,0.0034336487342019,0.0034336487223499,0.999994105006161,0.99999410500616,49.413750064958926,0.0,49.97711523498567,0.0,45.5950772251293,0.0,45.302618936674726,0.0,0.0,0.0,0.0,0.0,0.0,0.0
10.0,3.40702035101755,0.003433679831385,0.0034336798195373,0.999994104899386,0.999994104899385,49.413750057582405,0.0,49.97711501667534,0.0,45.59507722263936,0.0,45.30261889212645,0.0,0.0,0.0,0.0,0.0,0.0,0.0
10.0,3.40727036351818,0.0034337109305469,0.0034337109187035,0.999994104792603,0.999994104792602,49.413750050205216,0.0,49.977114798356496,0.0,45.59507722014925,0.0,45.30261884757494,0.0,0.0,0.0,0.0,0.0,0.0,0.0
10.0,3.4075203760188,0.0034337420316874,0.0034337420198484,0.999994104685812,0.999994104685812,49.41375004282737,0.0,49.97711458002912,0.0,45.59507721765896,0.0,45.30261880302018,0.0,0.0,0.0,0.0,0.0,0.0,0.0
10.0,3.40777038851943,0.0034337731348067,0.003433773122972,0.999994104579014,0.999994104579013,49.41375003544884,0.0,49.97711436169322,0.0,45.59507721516846,0.0,45.30261875846217,0.0,0.0,0.0,0.0,0.0,0.0,0.0
10.0,3.40802040102005,0.0034338042399046,0.0034338042280742,0.999994104472208,0.9999941044722068,49.41375002806964,0.0,49.97711414334877,0.0,45.59507721267779,0.0,45.302618713900905,0.0,0.0,0.0,0.0,0.0,0.0,0.0
10.0,3.40827041352068,0.003433835346981,0.003433835335155,0.9999941043653928,0.999994104365393,49.41375002068978,0.0,49.97711392499575,0.0,45.59507721018694,0.0,45.3026186693364,0.0,0.0,0.0,0.0,0.0,0.0,0.0
10.0,3.4085204260213,0.0034338664560359,0.0034338664442142,0.999994104258571,0.999994104258571,49.41375001330925,0.0,49.97711370663415,0.0,45.59507720769591,0.0,45.302618624768655,0.0,0.0,0.0,0.0,0.0,0.0,0.0
10.0,3.40877043852193,0.0034338975670692,0.0034338975552519,0.999994104151742,0.999994104151742,49.41375000592805,0.0,49.97711348826397,0.0,45.595077205204696,0.0,45.30261858019765,0.0,0.0,0.0,0.0,0.0,0.0,0.0
10.0,3.40902045102255,0.0034339286800809,0.0034339286682679,0.999994104044905,0.999994104044904,49.41374999854617,0.0,49.9771132698852,0.0,45.59507720271329,0.0,45.30261853562341,0.0,0.0,0.0,0.0,0.0,0.0,0.0
10.0,3.40927046352318,0.0034339597950709,0.0034339597832623,0.99999410393806,0.999994103938059,49.413749991163634,0.0,49.9771130514978,0.0,45.5950772002217,0.0,45.30261849104591,0.0,0.0,0.0,0.0,0.0,0.0,0.0
10.0,3.4095204760238,0.0034339909120392,0.0034339909002349,0.999994103831207,0.999994103831206,49.41374998378043,0.0,49.97711283310179,0.0,45.595077197729935,0.0,45.302618446465175,0.0,0.0,0.0,0.0,0.0,0.0,0.0
10.0,3.40977048852443,0.0034340220309856,0.0034340220191857,0.999994103724346,0.999994103724346,49.41374997639655,0.0,49.977112614697134,0.0,45.595077195237984,0.0,45.30261840188118,0.0,0.0,0.0,0.0,0.0,0.0,0.0
10.0,3.41002050102505,0.0034340531519102,0.0034340531401146,0.999994103617478,0.999994103617477,49.413749969012,0.0,49.97711239628383,0.0,45.59507719274585,0.0,45.30261835729396,0.0,0.0,0.0,0.0,0.0,0.0,0.0
10.0,3.41027051352568,0.0034340842748129,0.0034340842630216,0.999994103510602,0.999994103510601,49.41374996162678,0.0,49.97711217786186,0.0,45.595077190253534,0.0,45.30261831270347,0.0,0.0,0.0,0.0,0.0,0.0,0.0
10.0,3.4105205260263,0.0034341153996936,0.0034341153879066,0.999994103403718,0.999994103403718,49.413749954240885,0.0,49.97711195943123,0.0,45.59507718776104,0.0,45.30261826810976,0.0,0.0,0.0,0.0,0.0,0.0,0.0
10.0,3.41077053852693,0.0034341465265522,0.0034341465147696,0.999994103296826,0.999994103296826,49.41374994685434,0.0,49.97711174099189,0.0,45.595077185268345,0.0,45.30261822351277,0.0,0.0,0.0,0.0,0.0,0.0,0.0
10.0,3.411020551027549,0.0034341776553888,0.0034341776436105,0.999994103189927,0.999994103189926,49.4137499394671,0.0,49.97711152254387,0.0,45.59507718277548,0.0,45.30261817891255,0.0,0.0,0.0,0.0,0.0,0.0,0.0
10.0,3.41127056352818,0.0034342087862032,0.0034342087744292,0.99999410308302,0.9999941030830188,49.41374993207921,0.0,49.97711130408714,0.0,45.59507718028243,0.0,45.30261813430908,0.0,0.0,0.0,0.0,0.0,0.0,0.0
10.0,3.4115205760288,0.0034342399189954,0.0034342399072257,0.999994102976105,0.999994102976104,49.41374992469064,0.0,49.97711108562168,0.0,45.59507717778919,0.0,45.30261808970237,0.0,0.0,0.0,0.0,0.0,0.0,0.0
10.0,3.41177058852943,0.0034342710537653,0.003434271042,0.999994102869182,0.999994102869182,49.4137499173014,0.0,49.97711086714748,0.0,45.59507717529578,0.0,45.3026180450924,0.0,0.0,0.0,0.0,0.0,0.0,0.0
10.0,3.41202060103005,0.0034343021905128,0.0034343021787519,0.999994102762252,0.999994102762251,49.4137499099115,0.0,49.97711064866454,0.0,45.595077172802185,0.0,45.30261800047919,0.0,0.0,0.0,0.0,0.0,0.0,0.0
10.0,3.4122706135306804,0.003434333329238,0.0034343333174814,0.999994102655314,0.999994102655313,49.41374990252092,0.0,49.97711043017284,0.0,45.59507717030839,0.0,45.302617955862736,0.0,0.0,0.0,0.0,0.0,0.0,0.0
10.0,3.4125206260313,0.0034343644699408,0.0034343644581885,0.999994102548368,0.999994102548367,49.41374989512968,0.0,49.97711021167237,0.0,45.59507716781443,0.0,45.30261791124303,0.0,0.0,0.0,0.0,0.0,0.0,0.0
10.0,3.41277063853193,0.003434395612621,0.003434395600873,0.999994102441414,0.9999941024414128,49.41374988773776,0.0,49.97710999316311,0.0,45.59507716532028,0.0,45.30261786662008,0.0,0.0,0.0,0.0,0.0,0.0,0.0
10.0,3.41302065103255,0.0034344267572787,0.003434426745535,0.999994102334452,0.999994102334452,49.41374988034518,0.0,49.97710977464506,0.0,45.595077162825945,0.0,45.30261782199389,0.0,0.0,0.0,0.0,0.0,0.0,0.0
10.0,3.41327066353318,0.0034344579039137,0.0034344578921744,0.999994102227483,0.999994102227483,49.413749872951925,0.0,49.977109556118194,0.0,45.59507716033143,0.0,45.30261777736444,0.0,0.0,0.0,0.0,0.0,0.0,0.0
10.0,3.4135206760338,0.0034344890525261,0.0034344890407911,0.999994102120506,0.999994102120505,49.413749865558,0.0,49.97710933758252,0.0,45.595077157836734,0.0,45.30261773273175,0.0,0.0,0.0,0.0,0.0,0.0,0.0
10.0,3.41377068853443,0.0034345202031157,0.003434520191385,0.9999941020135208,0.999994102013521,49.4137498581634,0.0,49.977109119038005,0.0,45.59507715534185,0.0,45.30261768809581,0.0,0.0,0.0,0.0,0.0,0.0,0.0
10.0,3.41402070103505,0.0034345513556825,0.0034345513439562,0.999994101906529,0.999994101906528,49.41374985076813,0.0,49.97710890048464,0.0,45.59507715284678,0.0,45.30261764345662,0.0,0.0,0.0,0.0,0.0,0.0,0.0
10.0,3.41427071353568,0.0034345825102265,0.0034345824985044,0.999994101799528,0.999994101799528,49.41374984337221,0.0,49.97710868192244,0.0,45.59507715035153,0.0,45.30261759881419,0.0,0.0,0.0,0.0,0.0,0.0,0.0
10.0,3.4145207260363,0.0034346136667475,0.0034346136550298,0.99999410169252,0.99999410169252,49.4137498359756,0.0,49.97710846335136,0.0,45.595077147856095,0.0,45.302617554168506,0.0,0.0,0.0,0.0,0.0,0.0,0.0
10.0,3.41477073853693,0.0034346448252456,0.0034346448135322,0.999994101585504,0.999994101585504,49.413749828578325,0.0,49.97710824477141,0.0,45.59507714536048,0.0,45.30261750951959,0.0,0.0,0.0,0.0,0.0,0.0,0.0
10.0,3.41502075103755,0.0034346759857206,0.0034346759740115,0.9999941014784812,0.99999410147848,49.413749821180375,0.0,49.97710802618256,0.0,45.59507714286469,0.0,45.3026174648674,0.0,0.0,0.0,0.0,0.0,0.0,0.0
10.0,3.41527076353818,0.0034347071481726,0.0034347071364678,0.99999410137145,0.999994101371449,49.41374981378176,0.0,49.977107807584815,0.0,45.5950771403687,0.0,45.302617420212,0.0,0.0,0.0,0.0,0.0,0.0,0.0
10.0,3.4155207760388,0.0034347383126014,0.0034347383009009,0.99999410126441,0.99999410126441,49.41374980638248,0.0,49.97710758897815,0.0,45.595077137872536,0.0,45.30261737555332,0.0,0.0,0.0,0.0,0.0,0.0,0.0
10.0,3.41577078853943,0.0034347694790069,0.0034347694673108,0.999994101157364,0.999994101157363,49.41374979898252,0.0,49.97710737036256,0.0,45.59507713537619,0.0,45.3026173308914,0.0,0.0,0.0,0.0,0.0,0.0,0.0
10.0,3.41602080104005,0.0034348006473893,0.0034348006356974,0.9999941010503092,0.999994101050308,49.41374979158189,0.0,49.97710715173804,0.0,45.59507713287965,0.0,45.30261728622625,0.0,0.0,0.0,0.0,0.0,0.0,0.0
10.0,3.41627081354068,0.0034348318177482,0.0034348318060607,0.999994100943247,0.999994100943246,49.4137497841806,0.0,49.97710693310456,0.0,45.59507713038293,0.0,45.30261724155783,0.0,0.0,0.0,0.0,0.0,0.0,0.0
10.0,3.4165208260413,0.0034348629900838,0.0034348629784006,0.999994100836176,0.999994100836176,49.41374977677863,0.0,49.97710671446213,0.0,45.59507712788604,0.0,45.30261719688618,0.0,0.0,0.0,0.0,0.0,0.0,0.0
10.0,3.41677083854193,0.003434894164396,0.0034348941527171,0.999994100729098,0.999994100729098,49.413749769376,0.0,49.97710649581072,0.0,45.59507712538896,0.0,45.30261715221128,0.0,0.0,0.0,0.0,0.0,0.0,0.0
10.0,3.41702085104255,0.0034349253406847,0.00343492532901,0.999994100622013,0.999994100622012,49.41374976197269,0.0,49.97710627715033,0.0,45.59507712289169,0.0,45.30261710753313,0.0,0.0,0.0,0.0,0.0,0.0,0.0
10.0,3.41727086354318,0.0034349565189497,0.0034349565072794,0.9999941005149192,0.999994100514919,49.41374975456871,0.0,49.977106058480935,0.0,45.59507712039424,0.0,45.30261706285174,0.0,0.0,0.0,0.0,0.0,0.0,0.0
10.0,3.4175208760438,0.0034349876991912,0.0034349876875252,0.999994100407818,0.999994100407818,49.41374974716407,0.0,49.97710583980254,0.0,45.59507711789661,0.0,45.30261701816709,0.0,0.0,0.0,0.0,0.0,0.0,0.0
10.0,3.4177708885444296,0.003435018881409,0.0034350188697473,0.999994100300709,0.999994100300708,49.41374973975875,0.0,49.97710562111513,0.0,45.5950771153988,0.0,45.3026169734792,0.0,0.0,0.0,0.0,0.0,0.0,0.0
10.0,3.41802090104505,0.0034350500656031,0.0034350500539457,0.999994100193592,0.999994100193592,49.41374973235276,0.0,49.97710540241869,0.0,45.5950771129008,0.0,45.30261692878807,0.0,0.0,0.0,0.0,0.0,0.0,0.0
10.0,3.41827091354568,0.0034350812517733,0.0034350812401202,0.999994100086468,0.9999941000864668,49.41374972494611,0.0,49.977105183713206,0.0,45.59507711040261,0.0,45.30261688409369,0.0,0.0,0.0,0.0,0.0,0.0,0.0
10.0,3.4185209260463,0.0034351124399197,0.003435112428271,0.999994099979336,0.999994099979335,49.41374971753877,0.0,49.97710496499867,0.0,45.595077107904245,0.0,45.30261683939605,0.0,0.0,0.0,0.0,0.0,0.0,0.0
10.0,3.41877093854693,0.0034351436300422,0.0034351436183978,0.999994099872195,0.999994099872195,49.41374971013077,0.0,49.977104746275074,0.0,45.5950771054057,0.0,45.302616794695176,0.0,0.0,0.0,0.0,0.0,0.0,0.0
10.0,3.41902095104755,0.0034351748221408,0.0034351748105006,0.999994099765048,0.999994099765047,49.41374970272211,0.0,49.9771045275424,0.0,45.59507710290697,0.0,45.30261674999105,0.0,0.0,0.0,0.0,0.0,0.0,0.0
10.0,3.41927096354818,0.0034352060162152,0.0034352060045794,0.999994099657892,0.999994099657892,49.41374969531277,0.0,49.97710430880064,0.0,45.59507710040806,0.0,45.30261670528369,0.0,0.0,0.0,0.0,0.0,0.0,0.0
10.0,3.4195209760488,0.0034352372122656,0.0034352372006341,0.9999940995507288,0.999994099550728,49.41374968790275,0.0,49.977104090049785,0.0,45.59507709790896,0.0,45.302616660573065,0.0,0.0,0.0,0.0,0.0,0.0,0.0
10.0,3.41977098854943,0.0034352684102919,0.0034352683986646,0.999994099443558,0.999994099443557,49.41374968049207,0.0,49.97710387128981,0.0,45.59507709540968,0.0,45.3026166158592,0.0,0.0,0.0,0.0,0.0,0.0,0.0
10.0,3.4200210010500505,0.003435299610294,0.003435299598671,0.999994099336379,0.999994099336379,49.41374967308072,0.0,49.97710365252073,0.0,45.59507709291021,0.0,45.30261657114209,0.0,0.0,0.0,0.0,0.0,0.0,0.0
10.0,3.42027101355068,0.0034353308122717,0.0034353308006531,0.999994099229192,0.999994099229192,49.413749665668696,0.0,49.97710343374251,0.0,45.59507709041056,0.0,45.30261652642173,0.0,0.0,0.0,0.0,0.0,0.0,0.0
10.0,3.4205210260513,0.0034353620162252,0.0034353620046108,0.999994099121998,0.999994099121998,49.413749658256,0.0,49.97710321495516,0.0,45.59507708791074,0.0,45.30261648169813,0.0,0.0,0.0,0.0,0.0,0.0,0.0
10.0,3.42077103855193,0.0034353932221543,0.0034353932105442,0.999994099014796,0.999994099014795,49.41374965084264,0.0,49.97710299615864,0.0,45.59507708541072,0.0,45.30261643697128,0.0,0.0,0.0,0.0,0.0,0.0,0.0
10.0,3.42102105105255,0.0034354244300589,0.0034354244184531,0.999994098907586,0.9999940989075852,49.41374964342861,0.0,49.97710277735296,0.0,45.59507708291052,0.0,45.30261639224118,0.0,0.0,0.0,0.0,0.0,0.0,0.0
10.0,3.42127106355318,0.0034354556399391,0.0034354556283376,0.999994098800368,0.999994098800368,49.4137496360139,0.0,49.97710255853811,0.0,45.59507708041014,0.0,45.30261634750782,0.0,0.0,0.0,0.0,0.0,0.0,0.0
10.0,3.4215210760538,0.0034354868517947,0.0034354868401974,0.999994098693143,0.999994098693142,49.41374962859852,0.0,49.97710233971407,0.0,45.59507707790957,0.0,45.30261630277124,0.0,0.0,0.0,0.0,0.0,0.0,0.0
10.0,3.42177108855443,0.0034355180656256,0.0034355180540327,0.99999409858591,0.999994098585909,49.41374962118248,0.0,49.97710212088083,0.0,45.59507707540883,0.0,45.30261625803141,0.0,0.0,0.0,0.0,0.0,0.0,0.0
10.0,3.42202110105505,0.0034355492814319,0.0034355492698433,0.9999940984786688,0.999994098478668,49.41374961376576,0.0,49.97710190203839,0.0,45.5950770729079,0.0,45.30261621328831,0.0,0.0,0.0,0.0,0.0,0.0,0.0
10.0,3.42227111355568,0.0034355804992135,0.0034355804876291,0.99999409837142,0.99999409837142,49.41374960634837,0.0,49.97710168318672,0.0,45.59507707040679,0.0,45.30261616854198,0.0,0.0,0.0,0.0,0.0,0.0,0.0
10.0,3.4225211260563,0.0034356117189703,0.0034356117073902,0.999994098264164,0.9999940982641632,49.41374959893031,0.0,49.97710146432582,0.0,45.595077067905486,0.0,45.3026161237924,0.0,0.0,0.0,0.0,0.0,0.0,0.0
10.0,3.42277113855693,0.0034356429407022,0.0034356429291264,0.999994098156899,0.9999940981568988,49.413749591511575,0.0,49.97710124545568,0.0,45.59507706540401,0.0,45.30261607903957,0.0,0.0,0.0,0.0,0.0,0.0,0.0
10.0,3.42302115105755,0.0034356741644092,0.0034356741528377,0.9999940980496268,0.999994098049627,49.41374958409218,0.0,49.97710102657629,0.0,45.59507706290234,0.0,45.3026160342835,0.0,0.0,0.0,0.0,0.0,0.0,0.0
10.0,3.42327116355818,0.0034357053900912,0.003435705378524,0.999994097942348,0.999994097942347,49.4137495766721,0.0,49.97710080768764,0.0,45.5950770604005,0.0,45.30261598952418,0.0,0.0,0.0,0.0,0.0,0.0,0.0
10.0,3.4235211760588,0.0034357366177483,0.0034357366061853,0.99999409783506,0.99999409783506,49.41374956925136,0.0,49.97710058878971,0.0,45.59507705789847,0.0,45.30261594476161,0.0,0.0,0.0,0.0,0.0,0.0,0.0
10.0,3.42377118855943,0.0034357678473802,0.0034357678358215,0.999994097727765,0.9999940977277642,49.41374956182995,0.0,49.97710036988251,0.0,45.595077055396246,0.0,45.3026158999958,0.0,0.0,0.0,0.0,0.0,0.0,0.0
10.0,3.42402120106005,0.003435799078987,0.0034357990674326,0.999994097620462,0.9999940976204612,49.413749554407865,0.0,49.977100150966,0.0,45.595077052893856,0.0,45.30261585522675,0.0,0.0,0.0,0.0,0.0,0.0,0.0
10.0,3.42427121356068,0.0034358303125686,0.0034358303010185,0.999994097513151,0.999994097513151,49.4137495469851,0.0,49.97709993204018,0.0,45.59507705039128,0.0,45.302615810454434,0.0,0.0,0.0,0.0,0.0,0.0,0.0
10.0,3.4245212260613,0.0034358615481249,0.0034358615365791,0.9999940974058328,0.999994097405832,49.41374953956168,0.0,49.97709971310505,0.0,45.59507704788852,0.0,45.30261576567888,0.0,0.0,0.0,0.0,0.0,0.0,0.0
10.0,3.42477123856193,0.0034358927856559,0.0034358927741144,0.999994097298506,0.999994097298506,49.41374953213758,0.0,49.97709949416059,0.0,45.595077045385565,0.0,45.30261572090007,0.0,0.0,0.0,0.0,0.0,0.0,0.0
10.0,3.42502125106255,0.0034359240251615,0.0034359240136243,0.999994097191172,0.999994097191172,49.4137495247128,0.0,49.9770992752068,0.0,45.59507704288244,0.0,45.30261567611804,0.0,0.0,0.0,0.0,0.0,0.0,0.0
10.0,3.42527126356318,0.0034359552666417,0.0034359552551087,0.99999409708383,0.99999409708383,49.41374951728736,0.0,49.97709905624365,0.0,45.59507704037913,0.0,45.302615631332735,0.0,0.0,0.0,0.0,0.0,0.0,0.0
10.0,3.4255212760638,0.0034359865100964,0.0034359864985677,0.999994096976481,0.99999409697648,49.413749509861255,0.0,49.97709883727114,0.0,45.595077037875626,0.0,45.3026155865442,0.0,0.0,0.0,0.0,0.0,0.0,0.0
10.0,3.42577128856443,0.0034360177555256,0.0034360177440011,0.9999940968691232,0.999994096869123,49.41374950243447,0.0,49.97709861828927,0.0,45.59507703537195,0.0,45.30261554175242,0.0,0.0,0.0,0.0,0.0,0.0,0.0
10.0,3.42602130106505,0.0034360490029291,0.0034360489914089,0.999994096761758,0.999994096761758,49.41374949500702,0.0,49.977098399298015,0.0,45.59507703286808,0.0,45.30261549695738,0.0,0.0,0.0,0.0,0.0,0.0,0.0
10.0,3.42627131356568,0.0034360802523069,0.0034360802407911,0.999994096654385,0.9999940966543848,49.41374948757889,0.0,49.977098180297375,0.0,45.59507703036403,0.0,45.302615452159095,0.0,0.0,0.0,0.0,0.0,0.0,0.0
10.0,3.4265213260663,0.0034361115036591,0.0034361114921475,0.999994096547005,0.999994096547004,49.4137494801501,0.0,49.97709796128732,0.0,45.59507702785981,0.0,45.30261540735757,0.0,0.0,0.0,0.0,0.0,0.0,0.0
10.0,3.4267713385669305,0.0034361427569854,0.0034361427454781,0.999994096439616,0.999994096439616,49.41374947272062,0.0,49.97709774226786,0.0,45.5950770253554,0.0,45.30261536255279,0.0,0.0,0.0,0.0,0.0,0.0,0.0
10.0,3.42702135106755,0.0034361740122859,0.0034361740007828,0.99999409633222,0.99999409633222,49.41374946529048,0.0,49.977097523238974,0.0,45.5950770228508,0.0,45.30261531774477,0.0,0.0,0.0,0.0,0.0,0.0,0.0
10.0,3.42727136356818,0.0034362052695605,0.0034362052580617,0.999994096224816,0.999994096224816,49.41374945785967,0.0,49.97709730420066,0.0,45.595077020346025,0.0,45.3026152729335,0.0,0.0,0.0,0.0,0.0,0.0,0.0
10.0,3.4275213760688,0.0034362365288091,0.0034362365173146,0.999994096117405,0.999994096117404,49.41374945042819,0.0,49.9770970851529,0.0,45.59507701784106,0.0,45.30261522811899,0.0,0.0,0.0,0.0,0.0,0.0,0.0
10.0,3.42777138856943,0.0034362677900317,0.0034362677785414,0.999994096009985,0.999994096009985,49.41374944299604,0.0,49.977096866095685,0.0,45.59507701533592,0.0,45.30261518330123,0.0,0.0,0.0,0.0,0.0,0.0,0.0
10.0,3.42802140107005,0.0034362990532282,0.0034362990417422,0.9999940959025578,0.999994095902558,49.41374943556321,0.0,49.97709664702901,0.0,45.595077012830586,0.0,45.30261513848022,0.0,0.0,0.0,0.0,0.0,0.0,0.0
10.0,3.42827141357068,0.0034363303183986,0.0034363303069169,0.999994095795123,0.999994095795123,49.41374942812972,0.0,49.97709642795286,0.0,45.59507701032508,0.0,45.30261509365597,0.0,0.0,0.0,0.0,0.0,0.0,0.0
10.0,3.4285214260713,0.0034363615855428,0.0034363615740653,0.99999409568768,0.99999409568768,49.41374942069554,0.0,49.97709620886721,0.0,45.59507700781938,0.0,45.302615048828464,0.0,0.0,0.0,0.0,0.0,0.0,0.0
10.0,3.42877143857193,0.0034363928546607,0.0034363928431875,0.99999409558023,0.999994095580229,49.4137494132607,0.0,49.97709598977209,0.0,45.5950770053135,0.0,45.30261500399772,0.0,0.0,0.0,0.0,0.0,0.0,0.0
10.0,3.42902145107255,0.0034364241257523,0.0034364241142834,0.999994095472772,0.999994095472771,49.41374940582519,0.0,49.97709577066744,0.0,45.59507700280744,0.0,45.302614959163726,0.0,0.0,0.0,0.0,0.0,0.0,0.0
10.0,3.42927146357318,0.0034364553988176,0.0034364553873529,0.9999940953653051,0.999994095365305,49.413749398389015,0.0,49.97709555155329,0.0,45.5950770003012,0.0,45.30261491432648,0.0,0.0,0.0,0.0,0.0,0.0,0.0
10.0,3.4295214760738,0.0034364866738564,0.0034364866623959,0.999994095257832,0.999994095257831,49.41374939095215,0.0,49.97709533242961,0.0,45.59507699779476,0.0,45.302614869486,0.0,0.0,0.0,0.0,0.0,0.0,0.0
10.0,3.42977148857443,0.0034365179508687,0.0034365179394125,0.99999409515035,0.99999409515035,49.41374938351463,0.0,49.9770951132964,0.0,45.59507699528815,0.0,45.30261482464226,0.0,0.0,0.0,0.0,0.0,0.0,0.0
10.0,3.43002150107505,0.0034365492298544,0.0034365492184025,0.999994095042861,0.999994095042861,49.41374937607642,0.0,49.97709489415364,0.0,45.595076992781365,0.0,45.30261477979528,0.0,0.0,0.0,0.0,0.0,0.0,0.0
10.0,3.43027151357568,0.0034365805108136,0.0034365804993659,0.999994094935364,0.999994094935363,49.41374936863755,0.0,49.97709467500132,0.0,45.59507699027438,0.0,45.302614734945045,0.0,0.0,0.0,0.0,0.0,0.0,0.0
10.0,3.4305215260763,0.003436611793746,0.0034366117823026,0.999994094827859,0.999994094827858,49.413749361198015,0.0,49.97709445583944,0.0,45.59507698776722,0.0,45.30261469009157,0.0,0.0,0.0,0.0,0.0,0.0,0.0
10.0,3.43077153857693,0.0034366430786518,0.0034366430672126,0.999994094720346,0.999994094720346,49.4137493537578,0.0,49.977094236667966,0.0,45.59507698525987,0.0,45.30261464523485,0.0,0.0,0.0,0.0,0.0,0.0,0.0
10.0,3.43102155107755,0.0034366743655308,0.0034366743540959,0.9999940946128258,0.999994094612826,49.41374934631691,0.0,49.97709401748692,0.0,45.59507698275235,0.0,45.30261460037489,0.0,0.0,0.0,0.0,0.0,0.0,0.0
10.0,3.43127156357818,0.0034367056543829,0.0034367056429522,0.999994094505298,0.999994094505297,49.41374933887535,0.0,49.97709379829628,0.0,45.59507698024464,0.0,45.30261455551168,0.0,0.0,0.0,0.0,0.0,0.0,0.0
10.0,3.4315215760788,0.0034367369452081,0.0034367369337817,0.999994094397762,0.9999940943977608,49.41374933143312,0.0,49.97709357909603,0.0,45.595076977736746,0.0,45.30261451064521,0.0,0.0,0.0,0.0,0.0,0.0,0.0
10.0,3.43177158857943,0.0034367682380064,0.0034367682265842,0.999994094290218,0.999994094290218,49.413749323990224,0.0,49.97709335988616,0.0,45.595076975228665,0.0,45.30261446577551,0.0,0.0,0.0,0.0,0.0,0.0,0.0
10.0,3.43202160108005,0.0034367995327776,0.0034367995213597,0.999994094182667,0.999994094182666,49.41374931654665,0.0,49.97709314066666,0.0,45.595076972720406,0.0,45.30261442090255,0.0,0.0,0.0,0.0,0.0,0.0,0.0
10.0,3.43227161358068,0.0034368308295218,0.0034368308181081,0.999994094075108,0.999994094075107,49.41374930910241,0.0,49.97709292143753,0.0,45.59507697021196,0.0,45.30261437602635,0.0,0.0,0.0,0.0,0.0,0.0,0.0
10.0,3.4325216260813,0.0034368621282388,0.0034368621168294,0.999994093967541,0.99999409396754,49.4137493016575,0.0,49.97709270219875,0.0,45.595076967703335,0.0,45.3026143311469,0.0,0.0,0.0,0.0,0.0,0.0,0.0
10.0,3.43277163858193,0.0034368934289286,0.0034368934175234,0.999994093859966,0.999994093859966,49.413749294211904,0.0,49.97709248295032,0.0,45.59507696519452,0.0,45.3026142862642,0.0,0.0,0.0,0.0,0.0,0.0,0.0
10.0,3.43302165108255,0.0034369247315912,0.0034369247201903,0.999994093752384,0.999994093752383,49.41374928676564,0.0,49.97709226369222,0.0,45.595076962685525,0.0,45.30261424137827,0.0,0.0,0.0,0.0,0.0,0.0,0.0
10.0,3.43327166358318,0.0034369560362264,0.0034369560248298,0.999994093644794,0.9999940936447927,49.41374927931871,0.0,49.977092044424445,0.0,45.59507696017634,0.0,45.302614196489074,0.0,0.0,0.0,0.0,0.0,0.0,0.0
10.0,3.4335216760838,0.0034369873428343,0.0034369873314419,0.999994093537196,0.999994093537195,49.41374927187109,0.0,49.97709182514698,0.0,45.59507695766699,0.0,45.30261415159665,0.0,0.0,0.0,0.0,0.0,0.0,0.0
10.0,3.43377168858443,0.0034370186514148,0.0034370186400266,0.99999409342959,0.9999940934295888,49.41374926442282,0.0,49.97709160585983,0.0,45.595076955157445,0.0,45.302614106700965,0.0,0.0,0.0,0.0,0.0,0.0,0.0
10.0,3.43402170108505,0.0034370499619677,0.0034370499505838,0.999994093321976,0.999994093321976,49.41374925697387,0.0,49.97709138656296,0.0,45.59507695264772,0.0,45.30261406180204,0.0,0.0,0.0,0.0,0.0,0.0,0.0
10.0,3.43427171358568,0.0034370812744931,0.0034370812631134,0.999994093214355,0.999994093214355,49.41374924952424,0.0,49.977091167256376,0.0,45.595076950137816,0.0,45.30261401689986,0.0,0.0,0.0,0.0,0.0,0.0,0.0
10.0,3.4345217260863,0.0034371125889909,0.0034371125776155,0.999994093106726,0.999994093106726,49.41374924207396,0.0,49.97709094794008,0.0,45.59507694762772,0.0,45.30261397199445,0.0,0.0,0.0,0.0,0.0,0.0,0.0
10.0,3.43477173858693,0.0034371439054611,0.0034371438940899,0.9999940929990888,0.999994092999089,49.413749234623,0.0,49.97709072861404,0.0,45.59507694511744,0.0,45.30261392708578,0.0,0.0,0.0,0.0,0.0,0.0,0.0
10.0,3.43502175108755,0.0034371752239035,0.0034371752125365,0.999994092891445,0.999994092891444,49.41374922717135,0.0,49.97709050927826,0.0,45.59507694260698,0.0,45.302613882173866,0.0,0.0,0.0,0.0,0.0,0.0,0.0
10.0,3.43527176358818,0.0034372065443181,0.0034372065329554,0.9999940927837933,0.999994092783792,49.41374921971904,0.0,49.977090289932725,0.0,45.595076940096334,0.0,45.302613837258704,0.0,0.0,0.0,0.0,0.0,0.0,0.0
10.0,3.4355217760888,0.0034372378667049,0.0034372378553464,0.9999940926761322,0.999994092676132,49.413749212266055,0.0,49.97709007057742,0.0,45.59507693758551,0.0,45.302613792340296,0.0,0.0,0.0,0.0,0.0,0.0,0.0
10.0,3.4357717885894306,0.0034372691910638,0.0034372691797095,0.999994092568465,0.999994092568464,49.413749204812405,0.0,49.97708985121235,0.0,45.595076935074495,0.0,45.302613747418654,0.0,0.0,0.0,0.0,0.0,0.0,0.0
10.0,3.43602180109005,0.0034373005173947,0.0034373005060447,0.999994092460789,0.999994092460789,49.41374919735807,0.0,49.97708963183749,0.0,45.5950769325633,0.0,45.30261370249375,0.0,0.0,0.0,0.0,0.0,0.0,0.0
10.0,3.43627181359068,0.0034373318456977,0.0034373318343519,0.999994092353106,0.999994092353106,49.41374918990307,0.0,49.97708941245284,0.0,45.59507693005192,0.0,45.3026136575656,0.0,0.0,0.0,0.0,0.0,0.0,0.0
10.0,3.4365218260913,0.0034373631759725,0.0034373631646309,0.9999940922454148,0.999994092245414,49.41374918244741,0.0,49.9770891930584,0.0,45.59507692754037,0.0,45.30261361263421,0.0,0.0,0.0,0.0,0.0,0.0,0.0
10.0,3.43677183859193,0.0034373945082192,0.0034373944968819,0.999994092137716,0.999994092137715,49.413749174991054,0.0,49.97708897365413,0.0,45.59507692502863,0.0,45.30261356769957,0.0,0.0,0.0,0.0,0.0,0.0,0.0
10.0,3.43702185109255,0.0034374258424377,0.0034374258311046,0.999994092030009,0.9999940920300092,49.41374916753404,0.0,49.97708875424004,0.0,45.595076922516704,0.0,45.30261352276169,0.0,0.0,0.0,0.0,0.0,0.0,0.0
10.0,3.43727186359318,0.003437457178628,0.0034374571672991,0.999994091922295,0.999994091922294,49.41374916007635,0.0,49.97708853481613,0.0,45.59507692000459,0.0,45.30261347782055,0.0,0.0,0.0,0.0,0.0,0.0,0.0
10.0,3.4375218760938,0.0034374885167899,0.0034374885054653,0.999994091814573,0.999994091814572,49.41374915261799,0.0,49.97708831538238,0.0,45.59507691749229,0.0,45.30261343287618,0.0,0.0,0.0,0.0,0.0,0.0,0.0
10.0,3.43777188859443,0.0034375198569235,0.0034375198456031,0.999994091706843,0.999994091706843,49.41374914515895,0.0,49.97708809593878,0.0,45.59507691497982,0.0,45.30261338792855,0.0,0.0,0.0,0.0,0.0,0.0,0.0
10.0,3.43802190109505,0.0034375511990286,0.0034375511877124,0.999994091599105,0.999994091599105,49.41374913769925,0.0,49.977087876485314,0.0,45.59507691246717,0.0,45.30261334297768,0.0,0.0,0.0,0.0,0.0,0.0,0.0
10.0,3.43827191359568,0.0034375825431053,0.0034375825317933,0.99999409149136,0.999994091491359,49.41374913023886,0.0,49.97708765702199,0.0,45.59507690995432,0.0,45.302613298023566,0.0,0.0,0.0,0.0,0.0,0.0,0.0
10.0,3.4385219260963,0.0034376138891534,0.0034376138778457,0.999994091383607,0.999994091383606,49.41374912277781,0.0,49.97708743754878,0.0,45.59507690744129,0.0,45.3026132530662,0.0,0.0,0.0,0.0,0.0,0.0,0.0
10.0,3.43877193859693,0.0034376452371729,0.0034376452258694,0.999994091275846,0.999994091275845,49.41374911531609,0.0,49.97708721806568,0.0,45.595076904928085,0.0,45.30261320810559,0.0,0.0,0.0,0.0,0.0,0.0,0.0
10.0,3.43902195109755,0.0034376765871638,0.0034376765758645,0.999994091168077,0.999994091168076,49.41374910785368,0.0,49.9770869985727,0.0,45.5950769024147,0.0,45.30261316314173,0.0,0.0,0.0,0.0,0.0,0.0,0.0
10.0,3.43927196359818,0.0034377079391259,0.0034377079278308,0.999994091060301,0.9999940910603,49.41374910039062,0.0,49.97708677906981,0.0,45.59507689990112,0.0,45.30261311817462,0.0,0.0,0.0,0.0,0.0,0.0,0.0
10.0,3.4395219760988,0.0034377392930592,0.0034377392817684,0.999994090952516,0.999994090952516,49.41374909292687,0.0,49.977086559556994,0.0,45.59507689738736,0.0,45.30261307320427,0.0,0.0,0.0,0.0,0.0,0.0,0.0
10.0,3.43977198859943,0.0034377706489637,0.0034377706376771,0.999994090844724,0.999994090844724,49.413749085462456,0.0,49.97708634003426,0.0,45.59507689487342,0.0,45.30261302823068,0.0,0.0,0.0,0.0,0.0,0.0,0.0
10.0,3.44002200110005,0.0034378020068393,0.0034378019955569,0.999994090736925,0.999994090736924,49.413749077997366,0.0,49.9770861205016,0.0,45.59507689235929,0.0,45.30261298325383,0.0,0.0,0.0,0.0,0.0,0.0,0.0
10.0,3.44027201360068,0.003437833366686,0.0034378333554078,0.9999940906291171,0.999994090629117,49.41374907053161,0.0,49.97708590095898,0.0,45.59507688984498,0.0,45.30261293827375,0.0,0.0,0.0,0.0,0.0,0.0,0.0
10.0,3.44052202610131,0.0034378647285036,0.0034378647172296,0.999994090521302,0.9999940905213008,49.41374906306517,0.0,49.97708568140642,0.0,45.59507688733049,0.0,45.30261289329041,0.0,0.0,0.0,0.0,0.0,0.0,0.0
10.0,3.44077203860193,0.0034378960922922,0.0034378960810224,0.999994090413479,0.999994090413478,49.41374905559807,0.0,49.97708546184391,0.0,45.59507688481581,0.0,45.30261284830383,0.0,0.0,0.0,0.0,0.0,0.0,0.0
10.0,3.44102205110256,0.0034379274580516,0.003437927446786,0.999994090305648,0.999994090305647,49.413749048130285,0.0,49.97708524227141,0.0,45.59507688230096,0.0,45.302612803314,0.0,0.0,0.0,0.0,0.0,0.0,0.0
10.0,3.44127206360318,0.0034379588257818,0.0034379588145205,0.999994090197809,0.999994090197809,49.41374904066183,0.0,49.97708502268894,0.0,45.59507687978592,0.0,45.30261275832092,0.0,0.0,0.0,0.0,0.0,0.0,0.0
10.0,3.44152207610381,0.0034379901954828,0.0034379901842256,0.9999940900899632,0.999994090089963,49.4137490331927,0.0,49.97708480309648,0.0,45.59507687727069,0.0,45.3026127133246,0.0,0.0,0.0,0.0,0.0,0.0,0.0
10.0,3.44177208860443,0.0034380215671545,0.0034380215559015,0.999994089982109,0.9999940899821091,49.41374902572291,0.0,49.97708458349402,0.0,45.595076874755286,0.0,45.30261266832503,0.0,0.0,0.0,0.0,0.0,0.0,0.0
10.0,3.44202210110506,0.0034380529407968,0.003438052929548,0.999994089874247,0.999994089874247,49.41374901825243,0.0,49.977084363881566,0.0,45.59507687223969,0.0,45.30261262332222,0.0,0.0,0.0,0.0,0.0,0.0,0.0
10.0,3.44227211360568,0.0034380843164096,0.0034380843051651,0.999994089766378,0.999994089766377,49.41374901078128,0.0,49.97708414425908,0.0,45.59507686972392,0.0,45.30261257831615,0.0,0.0,0.0,0.0,0.0,0.0,0.0
10.0,3.4425221261063106,0.003438115693993,0.0034381156827527,0.9999940896585,0.9999940896585,49.41374900330947,0.0,49.97708392462658,0.0,45.59507686720796,0.0,45.30261253330685,0.0,0.0,0.0,0.0,0.0,0.0,0.0
10.0,3.44277213860693,0.0034381470735469,0.0034381470623108,0.999994089550615,0.9999940895506152,49.413748995836976,0.0,49.97708370498405,0.0,45.595076864691805,0.0,45.30261248829429,0.0,0.0,0.0,0.0,0.0,0.0,0.0
10.0,3.44302215110756,0.0034381784550711,0.0034381784438392,0.999994089442722,0.999994089442722,49.41374898836381,0.0,49.97708348533146,0.0,45.59507686217549,0.0,45.3026124432785,0.0,0.0,0.0,0.0,0.0,0.0,0.0
10.0,3.44327216360818,0.0034382098385657,0.003438209827338,0.999994089334822,0.9999940893348211,49.41374898088998,0.0,49.97708326566884,0.0,45.59507685965898,0.0,45.30261239825945,0.0,0.0,0.0,0.0,0.0,0.0,0.0
10.0,3.44352217610881,0.0034382412240305,0.0034382412128071,0.999994089226914,0.999994089226913,49.41374897341546,0.0,49.97708304599615,0.0,45.595076857142296,0.0,45.30261235323715,0.0,0.0,0.0,0.0,0.0,0.0,0.0
10.0,3.44377218860943,0.0034382726114656,0.0034382726002463,0.999994089118997,0.999994089118997,49.41374896594028,0.0,49.97708282631339,0.0,45.59507685462542,0.0,45.302612308211614,0.0,0.0,0.0,0.0,0.0,0.0,0.0
10.0,3.44402220111006,0.0034383040008708,0.0034383039896558,0.999994089011073,0.9999940890110732,49.41374895846442,0.0,49.97708260662056,0.0,45.59507685210836,0.0,45.30261226318283,0.0,0.0,0.0,0.0,0.0,0.0,0.0
10.0,3.44427221361068,0.0034383353922462,0.0034383353810353,0.999994088903142,0.999994088903141,49.41374895098789,0.0,49.97708238691763,0.0,45.59507684959112,0.0,45.3026122181508,0.0,0.0,0.0,0.0,0.0,0.0,0.0
10.0,3.44452222611131,0.0034383667855916,0.0034383667743849,0.999994088795202,0.999994088795202,49.41374894351069,0.0,49.97708216720461,0.0,45.5950768470737,0.0,45.30261217311552,0.0,0.0,0.0,0.0,0.0,0.0,0.0
10.0,3.44477223861193,0.0034383981809069,0.0034383981697045,0.9999940886872548,0.999994088687255,49.4137489360328,0.0,49.97708194748149,0.0,45.59507684455608,0.0,45.302612128076994,0.0,0.0,0.0,0.0,0.0,0.0,0.0
10.0,3.44502225111256,0.0034384295781922,0.003438429566994,0.9999940885793,0.9999940885793,49.41374892855425,0.0,49.97708172774825,0.0,45.5950768420383,0.0,45.30261208303523,0.0,0.0,0.0,0.0,0.0,0.0,0.0
10.0,3.44527226361318,0.0034384609774474,0.0034384609662533,0.999994088471337,0.999994088471337,49.41374892107503,0.0,49.977081508004886,0.0,45.59507683952032,0.0,45.3026120379902,0.0,0.0,0.0,0.0,0.0,0.0,0.0
10.0,3.44552227611381,0.0034384923786724,0.0034384923674825,0.999994088363367,0.999994088363366,49.413748913595136,0.0,49.9770812882514,0.0,45.59507683700216,0.0,45.30261199294194,0.0,0.0,0.0,0.0,0.0,0.0,0.0
10.0,3.44577228861443,0.0034385237818671,0.0034385237706814,0.999994088255389,0.9999940882553882,49.41374890611456,0.0,49.97708106848777,0.0,45.59507683448382,0.0,45.30261194789043,0.0,0.0,0.0,0.0,0.0,0.0,0.0
10.0,3.44602230111506,0.0034385551870315,0.00343855517585,0.9999940881474028,0.999994088147402,49.41374889863332,0.0,49.977080848714,0.0,45.5950768319653,0.0,45.30261190283568,0.0,0.0,0.0,0.0,0.0,0.0,0.0
10.0,3.44627231361568,0.0034385865941656,0.0034385865829883,0.999994088039409,0.999994088039408,49.4137488911514,0.0,49.97708062893006,0.0,45.5950768294466,0.0,45.30261185777768,0.0,0.0,0.0,0.0,0.0,0.0,0.0
10.0,3.44652232611631,0.0034386180032692,0.0034386179920961,0.999994087931408,0.999994087931407,49.41374888366881,0.0,49.97708040913596,0.0,45.5950768269277,0.0,45.30261181271642,0.0,0.0,0.0,0.0,0.0,0.0,0.0
10.0,3.44677233861693,0.0034386494143423,0.0034386494031734,0.9999940878233982,0.999994087823398,49.41374887618555,0.0,49.97708018933168,0.0,45.59507682440863,0.0,45.30261176765193,0.0,0.0,0.0,0.0,0.0,0.0,0.0
10.0,3.44702235111756,0.0034386808273849,0.0034386808162202,0.999994087715381,0.999994087715381,49.41374886870161,0.0,49.97707996951723,0.0,45.59507682188937,0.0,45.30261172258419,0.0,0.0,0.0,0.0,0.0,0.0,0.0
10.0,3.44727236361818,0.0034387122423969,0.0034387122312364,0.999994087607357,0.999994087607356,49.413748861217,0.0,49.97707974969258,0.0,45.59507681936993,0.0,45.3026116775132,0.0,0.0,0.0,0.0,0.0,0.0,0.0
10.0,3.44752237611881,0.0034387436593782,0.0034387436482219,0.999994087499324,0.999994087499323,49.4137488537317,0.0,49.97707952985772,0.0,45.59507681685031,0.0,45.30261163243897,0.0,0.0,0.0,0.0,0.0,0.0,0.0
10.0,3.44777238861943,0.0034387750783289,0.0034387750671767,0.999994087391283,0.9999940873912831,49.41374884624574,0.0,49.97707931001266,0.0,45.5950768143305,0.0,45.30261158736148,0.0,0.0,0.0,0.0,0.0,0.0,0.0
10.0,3.44802240112006,0.0034388064992487,0.0034388064881007,0.999994087283236,0.9999940872832348,49.41374883875912,0.0,49.97707909015738,0.0,45.59507681181052,0.0,45.30261154228076,0.0,0.0,0.0,0.0,0.0,0.0,0.0
10.0,3.44827241362068,0.0034388379221377,0.0034388379109939,0.99999408717518,0.999994087175179,49.41374883127181,0.0,49.97707887029188,0.0,45.59507680929033,0.0,45.30261149719678,0.0,0.0,0.0,0.0,0.0,0.0,0.0
10.0,3.44852242612131,0.0034388693469958,0.0034388693358562,0.999994087067116,0.999994087067116,49.41374882378384,0.0,49.97707865041615,0.0,45.59507680676999,0.0,45.302611452109566,0.0,0.0,0.0,0.0,0.0,0.0,0.0
10.0,3.44877243862193,0.0034389007738229,0.0034389007626875,0.999994086959045,0.999994086959044,49.413748816295175,0.0,49.97707843053016,0.0,45.595076804249445,0.0,45.30261140701909,0.0,0.0,0.0,0.0,0.0,0.0,0.0
10.0,3.44902245112256,0.0034389322026191,0.0034389321914879,0.999994086850966,0.999994086850965,49.41374880880585,0.0,49.97707821063393,0.0,45.59507680172872,0.0,45.30261136192538,0.0,0.0,0.0,0.0,0.0,0.0,0.0
10.0,3.44927246362318,0.0034389636333841,0.0034389636222571,0.999994086742879,0.999994086742878,49.41374880131584,0.0,49.97707799072744,0.0,45.59507679920781,0.0,45.302611316828425,0.0,0.0,0.0,0.0,0.0,0.0,0.0
10.0,3.44952247612381,0.003438995066118,0.0034389950549952,0.999994086634784,0.999994086634784,49.41374879382517,0.0,49.97707777081067,0.0,45.595076796686726,0.0,45.30261127172822,0.0,0.0,0.0,0.0,0.0,0.0,0.0
10.0,3.44977248862443,0.0034390265008208,0.0034390264897021,0.999994086526682,0.9999940865266812,49.41374878633382,0.0,49.97707755088364,0.0,45.59507679416545,0.0,45.30261122662477,0.0,0.0,0.0,0.0,0.0,0.0,0.0
10.0,3.45002250112506,0.0034390579374923,0.0034390579263778,0.999994086418571,0.999994086418571,49.4137487788418,0.0,49.97707733094632,0.0,45.59507679164399,0.0,45.30261118151808,0.0,0.0,0.0,0.0,0.0,0.0,0.0
10.0,3.4502725136256807,0.0034390893761325,0.0034390893650222,0.9999940863104538,0.9999940863104532,49.41374877134909,0.0,49.9770771109987,0.0,45.59507678912235,0.0,45.302611136408125,0.0,0.0,0.0,0.0,0.0,0.0,0.0
10.0,3.45052252612631,0.0034391208167413,0.0034391208056352,0.999994086202328,0.999994086202328,49.41374876385573,0.0,49.97707689104078,0.0,45.595076786600536,0.0,45.30261109129494,0.0,0.0,0.0,0.0,0.0,0.0,0.0
10.0,3.45077253862693,0.0034391522593187,0.0034391522482167,0.999994086094194,0.999994086094194,49.41374875636168,0.0,49.97707667107255,0.0,45.59507678407853,0.0,45.30261104617851,0.0,0.0,0.0,0.0,0.0,0.0,0.0
10.0,3.45102255112756,0.0034391837038646,0.0034391836927668,0.999994085986053,0.9999940859860532,49.413748748866965,0.0,49.97707645109401,0.0,45.59507678155634,0.0,45.30261100105882,0.0,0.0,0.0,0.0,0.0,0.0,0.0
10.0,3.45127256362818,0.0034392151503789,0.0034392151392853,0.999994085877904,0.999994085877904,49.41374874137157,0.0,49.97707623110512,0.0,45.59507677903396,0.0,45.30261095593589,0.0,0.0,0.0,0.0,0.0,0.0,0.0
10.0,3.45152257612881,0.0034392465988617,0.0034392465877723,0.999994085769748,0.9999940857697468,49.4137487338755,0.0,49.97707601110592,0.0,45.595076776511405,0.0,45.30261091080972,0.0,0.0,0.0,0.0,0.0,0.0,0.0
10.0,3.45177258862943,0.0034392780493128,0.0034392780382275,0.999994085661583,0.999994085661583,49.41374872637876,0.0,49.97707579109636,0.0,45.595076773988666,0.0,45.3026108656803,0.0,0.0,0.0,0.0,0.0,0.0,0.0
10.0,3.45202260113006,0.0034393095017322,0.0034393094906511,0.999994085553411,0.999994085553411,49.41374871888135,0.0,49.977075571076455,0.0,45.59507677146576,0.0,45.30261082054763,0.0,0.0,0.0,0.0,0.0,0.0,0.0
10.0,3.4522726136306794,0.0034393409561198,0.0034393409450429,0.999994085445231,0.9999940854452302,49.413748711383256,0.0,49.97707535104619,0.0,45.59507676894264,0.0,45.30261077541171,0.0,0.0,0.0,0.0,0.0,0.0,0.0
10.0,3.45252262613131,0.0034393724124756,0.0034393724014028,0.999994085337043,0.999994085337043,49.413748703884494,0.0,49.97707513100555,0.0,45.59507676641935,0.0,45.30261073027256,0.0,0.0,0.0,0.0,0.0,0.0,0.0
10.0,3.45277263863193,0.0034394038707994,0.0034394038597309,0.999994085228848,0.999994085228847,49.413748696385056,0.0,49.97707491095454,0.0,45.59507676389588,0.0,45.30261068513015,0.0,0.0,0.0,0.0,0.0,0.0,0.0
10.0,3.45302265113256,0.0034394353310913,0.0034394353200269,0.999994085120644,0.999994085120644,49.41374868888494,0.0,49.97707469089315,0.0,45.59507676137223,0.0,45.3026106399845,0.0,0.0,0.0,0.0,0.0,0.0,0.0
10.0,3.45327266363318,0.0034394667933513,0.003439466782291,0.9999940850124328,0.999994085012433,49.41374868138415,0.0,49.97707447082136,0.0,45.59507675884839,0.0,45.3026105948356,0.0,0.0,0.0,0.0,0.0,0.0,0.0
10.0,3.4535226761338103,0.0034394982575791,0.003439498246523,0.999994084904215,0.999994084904214,49.41374867388269,0.0,49.977074250739165,0.0,45.59507675632437,0.0,45.30261054968346,0.0,0.0,0.0,0.0,0.0,0.0,0.0
10.0,3.45377268863443,0.0034395297237748,0.0034395297127229,0.999994084795988,0.999994084795987,49.41374866638056,0.0,49.97707403064656,0.0,45.59507675380016,0.0,45.30261050452806,0.0,0.0,0.0,0.0,0.0,0.0,0.0
10.0,3.45402270113506,0.0034395611919383,0.0034395611808906,0.999994084687754,0.9999940846877532,49.41374865887775,0.0,49.97707381054355,0.0,45.59507675127577,0.0,45.30261045936943,0.0,0.0,0.0,0.0,0.0,0.0,0.0
10.0,3.45427271363568,0.0034395926620696,0.003439592651026,0.999994084579512,0.999994084579511,49.41374865137426,0.0,49.97707359043011,0.0,45.5950767487512,0.0,45.30261041420754,0.0,0.0,0.0,0.0,0.0,0.0,0.0
10.0,3.45452272613631,0.0034396241341685,0.0034396241231291,0.999994084471262,0.999994084471261,49.41374864387011,0.0,49.97707337030623,0.0,45.59507674622644,0.0,45.30261036904242,0.0,0.0,0.0,0.0,0.0,0.0,0.0
10.0,3.45477273863693,0.0034396556082351,0.0034396555971999,0.999994084363004,0.999994084363004,49.41374863636528,0.0,49.97707315017192,0.0,45.59507674370151,0.0,45.30261032387404,0.0,0.0,0.0,0.0,0.0,0.0,0.0
10.0,3.45502275113756,0.0034396870842693,0.0034396870732382,0.999994084254739,0.999994084254738,49.41374862885976,0.0,49.97707293002715,0.0,45.59507674117639,0.0,45.30261027870242,0.0,0.0,0.0,0.0,0.0,0.0,0.0
10.0,3.45527276363818,0.003439718562271,0.003439718551244,0.999994084146466,0.9999940841464652,49.413748621353584,0.0,49.977072709871926,0.0,45.59507673865108,0.0,45.30261023352756,0.0,0.0,0.0,0.0,0.0,0.0,0.0
10.0,3.45552277613881,0.0034397500422401,0.0034397500312173,0.999994084038185,0.999994084038184,49.41374861384673,0.0,49.97707248970624,0.0,45.59507673612559,0.0,45.30261018834945,0.0,0.0,0.0,0.0,0.0,0.0,0.0
10.0,3.45577278863943,0.0034397815241767,0.003439781513158,0.999994083929896,0.999994083929896,49.413748606339205,0.0,49.97707226953007,0.0,45.59507673359992,0.0,45.30261014316808,0.0,0.0,0.0,0.0,0.0,0.0,0.0
10.0,3.45602280114006,0.0034398130080805,0.0034398129970661,0.9999940838216,0.999994083821599,49.413748598831,0.0,49.97707204934343,0.0,45.59507673107407,0.0,45.30261009798348,0.0,0.0,0.0,0.0,0.0,0.0,0.0
10.0,3.45627281364068,0.0034398444939517,0.0034398444829414,0.999994083713296,0.999994083713295,49.41374859132212,0.0,49.977071829146304,0.0,45.59507672854802,0.0,45.30261005279562,0.0,0.0,0.0,0.0,0.0,0.0,0.0
10.0,3.45652282614131,0.0034398759817901,0.0034398759707839,0.999994083604984,0.999994083604983,49.41374858381256,0.0,49.977071608938665,0.0,45.5950767260218,0.0,45.30261000760453,0.0,0.0,0.0,0.0,0.0,0.0,0.0
10.0,3.45677283864193,0.0034399074715956,0.0034399074605936,0.999994083496664,0.999994083496664,49.41374857630233,0.0,49.97707138872053,0.0,45.5950767234954,0.0,45.30260996241018,0.0,0.0,0.0,0.0,0.0,0.0,0.0
10.0,3.45702285114256,0.0034399389633683,0.0034399389523704,0.9999940833883372,0.999994083388336,49.41374856879143,0.0,49.97707116849188,0.0,45.59507672096882,0.0,45.30260991721259,0.0,0.0,0.0,0.0,0.0,0.0,0.0
10.0,3.45727286364318,0.003439970457108,0.0034399704461143,0.999994083280002,0.999994083280001,49.41374856127986,0.0,49.97707094825271,0.0,45.59507671844205,0.0,45.30260987201176,0.0,0.0,0.0,0.0,0.0,0.0,0.0
10.0,3.45752287614381,0.0034400019528146,0.0034400019418251,0.999994083171659,0.999994083171658,49.4137485537676,0.0,49.97707072800301,0.0,45.59507671591509,0.0,45.30260982680767,0.0,0.0,0.0,0.0,0.0,0.0,0.0
10.0,3.45777288864443,0.0034400334504883,0.0034400334395029,0.9999940830633078,0.999994083063308,49.41374854625467,0.0,49.97707050774277,0.0,45.595076713387954,0.0,45.30260978160034,0.0,0.0,0.0,0.0,0.0,0.0,0.0
10.0,3.45802290114506,0.0034400649501287,0.0034400649391475,0.99999408295495,0.999994082954949,49.41374853874107,0.0,49.977070287472,0.0,45.59507671086064,0.0,45.30260973638976,0.0,0.0,0.0,0.0,0.0,0.0,0.0
10.0,3.45827291364568,0.003440096451736,0.0034400964407589,0.999994082846583,0.999994082846583,49.4137485312268,0.0,49.97707006719067,0.0,45.59507670833312,0.0,45.302609691175945,0.0,0.0,0.0,0.0,0.0,0.0,0.0
10.0,3.45852292614631,0.0034401279553101,0.0034401279443371,0.999994082738209,0.999994082738209,49.413748523711845,0.0,49.97706984689877,0.0,45.59507670580544,0.0,45.30260964595888,0.0,0.0,0.0,0.0,0.0,0.0,0.0
10.0,3.45877293864693,0.0034401594608508,0.003440159449882,0.999994082629828,0.9999940826298273,49.41374851619621,0.0,49.97706962659632,0.0,45.59507670327757,0.0,45.30260960073856,0.0,0.0,0.0,0.0,0.0,0.0,0.0
10.0,3.4590229511475594,0.0034401909683582,0.0034401909573935,0.999994082521438,0.999994082521438,49.41374850867991,0.0,49.977069406283285,0.0,45.59507670074952,0.0,45.302609555515005,0.0,0.0,0.0,0.0,0.0,0.0,0.0
10.0,3.45927296364818,0.0034402224778321,0.0034402224668716,0.999994082413041,0.99999408241304,49.413748501162935,0.0,49.977069185959664,0.0,45.59507669822128,0.0,45.3026095102882,0.0,0.0,0.0,0.0,0.0,0.0,0.0
10.0,3.45952297614881,0.0034402539892726,0.0034402539783162,0.999994082304636,0.999994082304635,49.41374849364528,0.0,49.97706896562546,0.0,45.59507669569285,0.0,45.30260946505814,0.0,0.0,0.0,0.0,0.0,0.0,0.0
10.0,3.45977298864943,0.0034402855026795,0.0034402854917272,0.999994082196223,0.999994082196222,49.41374848612696,0.0,49.97706874528065,0.0,45.59507669316426,0.0,45.30260941982485,0.0,0.0,0.0,0.0,0.0,0.0,0.0
10.0,3.46002300115006,0.0034403170180528,0.0034403170071047,0.999994082087802,0.999994082087802,49.41374847860796,0.0,49.97706852492524,0.0,45.59507669063547,0.0,45.30260937458831,0.0,0.0,0.0,0.0,0.0,0.0,0.0
10.0,3.46027301365068,0.0034403485353925,0.0034403485244485,0.999994081979374,0.999994081979374,49.41374847108828,0.0,49.97706830455921,0.0,45.595076688106495,0.0,45.30260932934852,0.0,0.0,0.0,0.0,0.0,0.0,0.0
10.0,3.46052302615131,0.0034403800546984,0.0034403800437586,0.999994081870938,0.999994081870938,49.41374846356793,0.0,49.97706808418256,0.0,45.59507668557734,0.0,45.302609284105486,0.0,0.0,0.0,0.0,0.0,0.0,0.0
10.0,3.46077303865193,0.0034404115759706,0.0034404115650349,0.999994081762494,0.999994081762494,49.4137484560469,0.0,49.97706786379527,0.0,45.595076683048,0.0,45.302609238859205,0.0,0.0,0.0,0.0,0.0,0.0,0.0
10.0,3.46102305115256,0.0034404430992089,0.0034404430882773,0.999994081654043,0.999994081654042,49.41374844852519,0.0,49.97706764339737,0.0,45.59507668051849,0.0,45.30260919360967,0.0,0.0,0.0,0.0,0.0,0.0,0.0
10.0,3.4612730636531794,0.0034404746244133,0.0034404746134859,0.999994081545583,0.9999940815455832,49.41374844100282,0.0,49.9770674229888,0.0,45.59507667798879,0.0,45.3026091483569,0.0,0.0,0.0,0.0,0.0,0.0,0.0
10.0,3.46152307615381,0.0034405061515838,0.0034405061406605,0.999994081437116,0.999994081437116,49.41374843347977,0.0,49.97706720256959,0.0,45.59507667545889,0.0,45.30260910310088,0.0,0.0,0.0,0.0,0.0,0.0,0.0
10.0,3.46177308865443,0.0034405376807202,0.0034405376698011,0.999994081328642,0.9999940813286412,49.41374842595604,0.0,49.977066982139725,0.0,45.595076672928826,0.0,45.302609057841615,0.0,0.0,0.0,0.0,0.0,0.0,0.0
10.0,3.46202310115506,0.0034405692118226,0.0034405692009076,0.999994081220159,0.9999940812201592,49.41374841843164,0.0,49.97706676169918,0.0,45.59507667039857,0.0,45.30260901257911,0.0,0.0,0.0,0.0,0.0,0.0,0.0
10.0,3.46227311365568,0.0034406007448909,0.00344060073398,0.999994081111668,0.999994081111668,49.41374841090656,0.0,49.97706654124797,0.0,45.59507666786814,0.0,45.30260896731335,0.0,0.0,0.0,0.0,0.0,0.0,0.0
10.0,3.46252312615631,0.0034406322799249,0.0034406322690182,0.99999408100317,0.99999408100317,49.41374840338081,0.0,49.97706632078607,0.0,45.59507666533752,0.0,45.30260892204435,0.0,0.0,0.0,0.0,0.0,0.0,0.0
10.0,3.46277313865693,0.0034406638169248,0.0034406638060221,0.999994080894664,0.999994080894664,49.41374839585438,0.0,49.977066100313486,0.0,45.59507666280671,0.0,45.30260887677209,0.0,0.0,0.0,0.0,0.0,0.0,0.0
10.0,3.46302315115756,0.0034406953558903,0.0034406953449918,0.9999940807861508,0.9999940807861502,49.41374838832728,0.0,49.9770658798302,0.0,45.59507666027572,0.0,45.3026088314966,0.0,0.0,0.0,0.0,0.0,0.0,0.0
10.0,3.46327316365818,0.0034407268968214,0.003440726885927,0.99999408067763,0.999994080677629,49.4137483807995,0.0,49.97706565933622,0.0,45.59507665774456,0.0,45.30260878621786,0.0,0.0,0.0,0.0,0.0,0.0,0.0
10.0,3.46352317615881,0.0034407584397181,0.0034407584288279,0.9999940805691,0.9999940805691,49.41374837327104,0.0,49.97706543883152,0.0,45.5950766552132,0.0,45.30260874093587,0.0,0.0,0.0,0.0,0.0,0.0,0.0
10.0,3.46377318865943,0.0034407899845803,0.0034407899736942,0.999994080460563,0.999994080460563,49.41374836574192,0.0,49.9770652183161,0.0,45.59507665268167,0.0,45.30260869565063,0.0,0.0,0.0,0.0,0.0,0.0,0.0
10.0,3.46402320116006,0.003440821531408,0.003440821520526,0.999994080352019,0.999994080352018,49.4137483582121,0.0,49.97706499778995,0.0,45.59507665014995,0.0,45.30260865036215,0.0,0.0,0.0,0.0,0.0,0.0,0.0
10.0,3.46427321366068,0.0034408530802011,0.0034408530693232,0.999994080243466,0.999994080243466,49.41374835068163,0.0,49.97706477725308,0.0,45.59507664761805,0.0,45.302608605070425,0.0,0.0,0.0,0.0,0.0,0.0,0.0
10.0,3.46452322616131,0.0034408846309595,0.0034408846200858,0.999994080134906,0.999994080134906,49.41374834315047,0.0,49.97706455670546,0.0,45.59507664508596,0.0,45.30260855977545,0.0,0.0,0.0,0.0,0.0,0.0,0.0
10.0,3.46477323866193,0.0034409161836832,0.0034409161728136,0.999994080026338,0.9999940800263368,49.41374833561864,0.0,49.977064336147095,0.0,45.59507664255369,0.0,45.30260851447724,0.0,0.0,0.0,0.0,0.0,0.0,0.0
10.0,3.46502325116256,0.0034409477383722,0.0034409477275067,0.999994079917762,0.999994079917762,49.41374832808613,0.0,49.97706411557796,0.0,45.59507664002124,0.0,45.30260846917577,0.0,0.0,0.0,0.0,0.0,0.0,0.0
10.0,3.46527326366318,0.0034409792950263,0.0034409792841649,0.999994079809179,0.999994079809178,49.41374832055296,0.0,49.97706389499808,0.0,45.59507663748861,0.0,45.30260842387106,0.0,0.0,0.0,0.0,0.0,0.0,0.0
10.0,3.46552327616381,0.0034410108536454,0.0034410108427882,0.999994079700588,0.9999940797005868,49.4137483130191,0.0,49.97706367440742,0.0,45.59507663495578,0.0,45.30260837856311,0.0,0.0,0.0,0.0,0.0,0.0,0.0
10.0,3.46577328866443,0.0034410424142297,0.0034410424033765,0.999994079591989,0.999994079591988,49.41374830548455,0.0,49.97706345380598,0.0,45.59507663242278,0.0,45.302608333251904,0.0,0.0,0.0,0.0,0.0,0.0,0.0
10.0,3.46602330116506,0.0034410739767789,0.0034410739659299,0.999994079483382,0.999994079483381,49.41374829794935,0.0,49.97706323319376,0.0,45.5950766298896,0.0,45.30260828793746,0.0,0.0,0.0,0.0,0.0,0.0,0.0
10.0,3.46627331366568,0.003441105541293,0.0034411055304481,0.9999940793747668,0.999994079374767,49.413748290413466,0.0,49.977063012570746,0.0,45.59507662735624,0.0,45.30260824261977,0.0,0.0,0.0,0.0,0.0,0.0,0.0
10.0,3.46652332616631,0.0034411371077721,0.0034411370969313,0.999994079266145,0.999994079266144,49.4137482828769,0.0,49.97706279193693,0.0,45.59507662482268,0.0,45.30260819729882,0.0,0.0,0.0,0.0,0.0,0.0,0.0
10.0,3.46677333866693,0.0034411686762159,0.0034411686653792,0.999994079157515,0.999994079157514,49.41374827533967,0.0,49.97706257129231,0.0,45.59507662228894,0.0,45.30260815197464,0.0,0.0,0.0,0.0,0.0,0.0,0.0
10.0,3.46702335116756,0.0034412002466245,0.0034412002357919,0.999994079048877,0.999994079048877,49.41374826780176,0.0,49.97706235063687,0.0,45.59507661975502,0.0,45.302608106647206,0.0,0.0,0.0,0.0,0.0,0.0,0.0
10.0,3.46727336366818,0.0034412318189977,0.0034412318081693,0.999994078940232,0.999994078940231,49.41374826026317,0.0,49.97706212997062,0.0,45.59507661722092,0.0,45.30260806131653,0.0,0.0,0.0,0.0,0.0,0.0,0.0
10.0,3.46752337616881,0.0034412633933356,0.0034412633825113,0.999994078831578,0.999994078831578,49.4137482527239,0.0,49.977061909293525,0.0,45.59507661468663,0.0,45.30260801598261,0.0,0.0,0.0,0.0,0.0,0.0,0.0
10.0,3.46777338866943,0.0034412949696381,0.0034412949588179,0.999994078722917,0.9999940787229172,49.41374824518397,0.0,49.97706168860561,0.0,45.59507661215217,0.0,45.30260797064545,0.0,0.0,0.0,0.0,0.0,0.0,0.0
10.0,3.4680234011700595,0.0034413265479051,0.0034413265370889,0.999994078614249,0.999994078614248,49.41374823764334,0.0,49.97706146790684,0.0,45.59507660961752,0.0,45.30260792530503,0.0,0.0,0.0,0.0,0.0,0.0,0.0
10.0,3.46827341367068,0.0034413581281365,0.0034413581173245,0.999994078505572,0.999994078505571,49.41374823010206,0.0,49.97706124719723,0.0,45.59507660708268,0.0,45.30260787996136,0.0,0.0,0.0,0.0,0.0,0.0,0.0
10.0,3.46852342617131,0.0034413897103324,0.0034413896995244,0.999994078396888,0.9999940783968868,49.413748222560095,0.0,49.977061026476754,0.0,45.59507660454766,0.0,45.30260783461446,0.0,0.0,0.0,0.0,0.0,0.0,0.0
10.0,3.46877343867193,0.0034414212944925,0.0034414212836887,0.999994078288196,0.999994078288195,49.41374821501744,0.0,49.97706080574542,0.0,45.59507660201246,0.0,45.30260778926431,0.0,0.0,0.0,0.0,0.0,0.0,0.0
10.0,3.46902345117256,0.003441452880617,0.0034414528698173,0.999994078179496,0.9999940781794948,49.41374820747412,0.0,49.977060585003215,0.0,45.59507659947708,0.0,45.30260774391091,0.0,0.0,0.0,0.0,0.0,0.0,0.0
10.0,3.46927346367318,0.0034414844687057,0.0034414844579101,0.999994078070788,0.999994078070787,49.41374819993013,0.0,49.97706036425013,0.0,45.5950765969415,0.0,45.30260769855426,0.0,0.0,0.0,0.0,0.0,0.0,0.0
10.0,3.46952347617381,0.0034415160587585,0.003441516047967,0.999994077962073,0.9999940779620718,49.41374819238546,0.0,49.97706014348615,0.0,45.59507659440575,0.0,45.30260765319438,0.0,0.0,0.0,0.0,0.0,0.0,0.0
10.0,3.46977348867443,0.0034415476507754,0.003441547639988,0.999994077853349,0.999994077853349,49.41374818484011,0.0,49.97705992271128,0.0,45.59507659186982,0.0,45.302607607831234,0.0,0.0,0.0,0.0,0.0,0.0,0.0
10.0,3.47002350117506,0.0034415792447564,0.0034415792339731,0.999994077744619,0.999994077744618,49.413748177294096,0.0,49.97705970192553,0.0,45.5950765893337,0.0,45.30260756246486,0.0,0.0,0.0,0.0,0.0,0.0,0.0
10.0,3.4702735136756804,0.0034416108407014,0.0034416108299222,0.99999407763588,0.9999940776358792,49.413748169747386,0.0,49.977059481128855,0.0,45.59507658679741,0.0,45.30260751709523,0.0,0.0,0.0,0.0,0.0,0.0,0.0
10.0,3.47052352617631,0.0034416424386103,0.0034416424278352,0.999994077527134,0.999994077527133,49.41374816220001,0.0,49.97705926032128,0.0,45.59507658426092,0.0,45.302607471722354,0.0,0.0,0.0,0.0,0.0,0.0,0.0
10.0,3.47077353867693,0.003441674038483,0.003441674027712,0.999994077418379,0.999994077418379,49.41374815465196,0.0,49.97705903950277,0.0,45.59507658172425,0.0,45.30260742634624,0.0,0.0,0.0,0.0,0.0,0.0,0.0
10.0,3.47102355117756,0.0034417056403196,0.0034417056295527,0.999994077309618,0.999994077309617,49.413748147103234,0.0,49.97705881867334,0.0,45.59507657918739,0.0,45.30260738096686,0.0,0.0,0.0,0.0,0.0,0.0,0.0
10.0,3.47127356367818,0.0034417372441199,0.0034417372333571,0.999994077200848,0.9999940772008472,49.41374813955383,0.0,49.97705859783297,0.0,45.59507657665037,0.0,45.30260733558426,0.0,0.0,0.0,0.0,0.0,0.0,0.0
10.0,3.47152357617881,0.0034417688498839,0.0034417688391252,0.99999407709207,0.99999407709207,49.41374813200375,0.0,49.97705837698167,0.0,45.59507657411315,0.0,45.3026072901984,0.0,0.0,0.0,0.0,0.0,0.0,0.0
10.0,3.47177358867943,0.0034418004576115,0.0034418004468569,0.999994076983285,0.999994076983285,49.413748124452994,0.0,49.97705815611941,0.0,45.59507657157575,0.0,45.3026072448093,0.0,0.0,0.0,0.0,0.0,0.0,0.0
10.0,3.47202360118006,0.0034418320673027,0.0034418320565522,0.999994076874492,0.999994076874492,49.41374811690155,0.0,49.97705793524621,0.0,45.59507656903816,0.0,45.30260719941695,0.0,0.0,0.0,0.0,0.0,0.0,0.0
10.0,3.47227361368068,0.0034418636789575,0.003441863668211,0.999994076765692,0.999994076765691,49.41374810934945,0.0,49.97705771436204,0.0,45.5950765665004,0.0,45.30260715402136,0.0,0.0,0.0,0.0,0.0,0.0,0.0
10.0,3.47252362618131,0.0034418952925756,0.0034418952818333,0.999994076656883,0.999994076656882,49.41374810179666,0.0,49.977057493466894,0.0,45.59507656396245,0.0,45.30260710862253,0.0,0.0,0.0,0.0,0.0,0.0,0.0
10.0,3.47277363868193,0.0034419269081572,0.003441926897419,0.999994076548067,0.999994076548066,49.4137480942432,0.0,49.97705727256079,0.0,45.59507656142431,0.0,45.30260706322043,0.0,0.0,0.0,0.0,0.0,0.0,0.0
10.0,3.47302365118256,0.0034419585257021,0.003441958514968,0.999994076439243,0.999994076439242,49.413748086689054,0.0,49.97705705164368,0.0,45.59507655888599,0.0,45.3026070178151,0.0,0.0,0.0,0.0,0.0,0.0,0.0
10.0,3.47327366368318,0.0034419901452103,0.0034419901344802,0.999994076330411,0.99999407633041,49.41374807913424,0.0,49.9770568307156,0.0,45.59507655634749,0.0,45.30260697240652,0.0,0.0,0.0,0.0,0.0,0.0,0.0
10.0,3.47352367618381,0.0034420217666817,0.0034420217559557,0.999994076221571,0.999994076221571,49.41374807157875,0.0,49.97705660977652,0.0,45.5950765538088,0.0,45.3026069269947,0.0,0.0,0.0,0.0,0.0,0.0,0.0
10.0,3.47377368868443,0.0034420533901163,0.0034420533793943,0.999994076112724,0.999994076112724,49.41374806402259,0.0,49.97705638882643,0.0,45.59507655126994,0.0,45.30260688157963,0.0,0.0,0.0,0.0,0.0,0.0,0.0
10.0,3.47402370118506,0.0034420850155139,0.0034420850047961,0.9999940760038688,0.999994076003869,49.41374805646574,0.0,49.977056167865335,0.0,45.59507654873089,0.0,45.30260683616131,0.0,0.0,0.0,0.0,0.0,0.0,0.0
10.0,3.47427371368568,0.0034421166428746,0.0034421166321609,0.9999940758950072,0.999994075895006,49.41374804890822,0.0,49.97705594689322,0.0,45.595076546191656,0.0,45.30260679073975,0.0,0.0,0.0,0.0,0.0,0.0,0.0
10.0,3.47452372618631,0.0034421482721983,0.0034421482614887,0.999994075786136,0.999994075786135,49.41374804135002,0.0,49.97705572591009,0.0,45.59507654365223,0.0,45.30260674531495,0.0,0.0,0.0,0.0,0.0,0.0,0.0
10.0,3.47477373868693,0.0034421799034849,0.0034421798927793,0.999994075677258,0.999994075677257,49.41374803379114,0.0,49.97705550491594,0.0,45.59507654111263,0.0,45.3026066998869,0.0,0.0,0.0,0.0,0.0,0.0,0.0
10.0,3.47502375118756,0.0034422115367344,0.0034422115260329,0.999994075568371,0.9999940755683708,49.4137480262316,0.0,49.97705528391073,0.0,45.59507653857285,0.0,45.3026066544556,0.0,0.0,0.0,0.0,0.0,0.0,0.0
10.0,3.47527376368818,0.0034422431719466,0.0034422431612493,0.999994075459477,0.999994075459477,49.41374801867136,0.0,49.977055062894486,0.0,45.59507653603288,0.0,45.302606609021055,0.0,0.0,0.0,0.0,0.0,0.0,0.0
10.0,3.47552377618881,0.0034422748091217,0.0034422747984284,0.999994075350576,0.999994075350575,49.41374801111046,0.0,49.9770548418672,0.0,45.59507653349274,0.0,45.30260656358326,0.0,0.0,0.0,0.0,0.0,0.0,0.0
10.0,3.475773788689429,0.0034423064482594,0.0034423064375701,0.999994075241667,0.999994075241666,49.41374800354888,0.0,49.977054620828845,0.0,45.5950765309524,0.0,45.30260651814223,0.0,0.0,0.0,0.0,0.0,0.0,0.0
10.0,3.47602380119006,0.0034423380893597,0.0034423380786746,0.99999407513275,0.9999940751327492,49.41374799598663,0.0,49.97705439977943,0.0,45.59507652841189,0.0,45.302606472697946,0.0,0.0,0.0,0.0,0.0,0.0,0.0
10.0,3.47627381369068,0.0034423697324226,0.0034423697217416,0.9999940750238248,0.999994075023824,49.41374798842369,0.0,49.97705417871895,0.0,45.59507652587119,0.0,45.30260642725041,0.0,0.0,0.0,0.0,0.0,0.0,0.0
10.0,3.47652382619131,0.0034424013774481,0.003442401366771,0.999994074914892,0.999994074914892,49.41374798086009,0.0,49.977053957647385,0.0,45.59507652333031,0.0,45.30260638179964,0.0,0.0,0.0,0.0,0.0,0.0,0.0
10.0,3.47677383869193,0.0034424330244359,0.003442433013763,0.999994074805952,0.999994074805951,49.41374797329578,0.0,49.97705373656475,0.0,45.59507652078924,0.0,45.30260633634563,0.0,0.0,0.0,0.0,0.0,0.0,0.0
10.0,3.4770238511925604,0.0034424646733862,0.0034424646627173,0.999994074697004,0.999994074697003,49.41374796573083,0.0,49.97705351547101,0.0,45.59507651824799,0.0,45.30260629088836,0.0,0.0,0.0,0.0,0.0,0.0,0.0
10.0,3.47727386369318,0.0034424963242988,0.003442496313634,0.999994074588048,0.9999940745880472,49.413747958165175,0.0,49.977053294366186,0.0,45.59507651570655,0.0,45.30260624542785,0.0,0.0,0.0,0.0,0.0,0.0,0.0
10.0,3.47752387619381,0.0034425279771737,0.003442527966513,0.999994074479084,0.999994074479084,49.41374795059886,0.0,49.97705307325026,0.0,45.59507651316493,0.0,45.302606199964096,0.0,0.0,0.0,0.0,0.0,0.0,0.0
10.0,3.47777388869443,0.0034425596320108,0.0034425596213541,0.9999940743701128,0.999994074370112,49.41374794303186,0.0,49.977052852123215,0.0,45.59507651062314,0.0,45.30260615449709,0.0,0.0,0.0,0.0,0.0,0.0,0.0
10.0,3.47802390119506,0.00344259128881,0.0034425912781574,0.999994074261134,0.9999940742611328,49.413747935464194,0.0,49.97705263098506,0.0,45.59507650808116,0.0,45.30260610902685,0.0,0.0,0.0,0.0,0.0,0.0,0.0
10.0,3.47827391369569,0.0034426229475714,0.0034426229369229,0.999994074152147,0.999994074152146,49.41374792789585,0.0,49.97705240983578,0.0,45.59507650553899,0.0,45.30260606355336,0.0,0.0,0.0,0.0,0.0,0.0,0.0
10.0,3.47852392619631,0.0034426546082948,0.0034426545976503,0.999994074043152,0.999994074043151,49.41374792032682,0.0,49.97705218867537,0.0,45.59507650299664,0.0,45.30260601807662,0.0,0.0,0.0,0.0,0.0,0.0,0.0
10.0,3.47877393869693,0.0034426862709801,0.0034426862603397,0.99999407393415,0.999994073934149,49.41374791275712,0.0,49.97705196750384,0.0,45.5950765004541,0.0,45.30260597259664,0.0,0.0,0.0,0.0,0.0,0.0,0.0
10.0,3.47902395119756,0.0034427179356274,0.0034427179249911,0.9999940738251388,0.999994073825139,49.41374790518673,0.0,49.97705174632115,0.0,45.5950764979114,0.0,45.30260592711341,0.0,0.0,0.0,0.0,0.0,0.0,0.0
10.0,3.47927396369818,0.0034427496022366,0.0034427495916043,0.999994073716121,0.9999940737161211,49.41374789761567,0.0,49.97705152512732,0.0,45.595076495368495,0.0,45.30260588162693,0.0,0.0,0.0,0.0,0.0,0.0,0.0
10.0,3.47952397619881,0.0034427812708075,0.0034427812601793,0.999994073607096,0.999994073607095,49.413747890043936,0.0,49.97705130392234,0.0,45.595076492825406,0.0,45.30260583613721,0.0,0.0,0.0,0.0,0.0,0.0,0.0
10.0,3.47977398869943,0.0034428129413402,0.0034428129307161,0.999994073498062,0.999994073498062,49.41374788247153,0.0,49.97705108270619,0.0,45.59507649028215,0.0,45.30260579064424,0.0,0.0,0.0,0.0,0.0,0.0,0.0
10.0,3.48002400120006,0.0034428446138346,0.0034428446032145,0.999994073389021,0.999994073389021,49.413747874898434,0.0,49.97705086147887,0.0,45.59507648773869,0.0,45.30260574514803,0.0,0.0,0.0,0.0,0.0,0.0,0.0
10.0,3.48027401370069,0.0034428762882906,0.0034428762776746,0.999994073279972,0.999994073279971,49.41374786732467,0.0,49.97705064024038,0.0,45.595076485195065,0.0,45.30260569964858,0.0,0.0,0.0,0.0,0.0,0.0,0.0
10.0,3.48052402620131,0.0034429079647082,0.0034429079540963,0.999994073170915,0.999994073170915,49.413747859750224,0.0,49.97705041899071,0.0,45.59507648265125,0.0,45.30260565414587,0.0,0.0,0.0,0.0,0.0,0.0,0.0
10.0,3.48077403870193,0.0034429396430873,0.0034429396324794,0.999994073061851,0.99999407306185,49.4137478521751,0.0,49.97705019772985,0.0,45.595076480107245,0.0,45.30260560863992,0.0,0.0,0.0,0.0,0.0,0.0,0.0
10.0,3.48102405120256,0.0034429713234278,0.003442971312824,0.999994072952778,0.999994072952778,49.41374784459931,0.0,49.977049976457806,0.0,45.59507647756306,0.0,45.302605563130726,0.0,0.0,0.0,0.0,0.0,0.0,0.0
10.0,3.48127406370318,0.0034430030057297,0.00344300299513,0.999994072843698,0.999994072843698,49.41374783702283,0.0,49.97704975517456,0.0,45.5950764750187,0.0,45.3026055176183,0.0,0.0,0.0,0.0,0.0,0.0,0.0
10.0,3.48152407620381,0.003443034689993,0.0034430346793973,0.9999940727346108,0.99999407273461,49.41374782944568,0.0,49.977049533880106,0.0,45.59507647247415,0.0,45.3026054721026,0.0,0.0,0.0,0.0,0.0,0.0,0.0
10.0,3.48177408870444,0.0034430663762175,0.0034430663656259,0.999994072625515,0.999994072625515,49.41374782186785,0.0,49.97704931257444,0.0,45.59507646992942,0.0,45.30260542658367,0.0,0.0,0.0,0.0,0.0,0.0,0.0
10.0,3.48202410120506,0.0034430980644033,0.0034430980538157,0.999994072516412,0.999994072516411,49.41374781428933,0.0,49.97704909125756,0.0,45.5950764673845,0.0,45.3026053810615,0.0,0.0,0.0,0.0,0.0,0.0,0.0
10.0,3.48227411370569,0.0034431297545502,0.0034431297439666,0.999994072407301,0.9999940724073,49.41374780671015,0.0,49.97704886992943,0.0,45.5950764648394,0.0,45.30260533553607,0.0,0.0,0.0,0.0,0.0,0.0,0.0
10.0,3.4825241262063096,0.0034431614466582,0.0034431614360787,0.999994072298182,0.999994072298182,49.413747799130284,0.0,49.9770486485901,0.0,45.59507646229413,0.0,45.3026052900074,0.0,0.0,0.0,0.0,0.0,0.0,0.0
10.0,3.48277413870694,0.0034431931407272,0.0034431931301518,0.999994072189055,0.9999940721890552,49.41374779154975,0.0,49.97704842723952,0.0,45.595076459748654,0.0,45.30260524447549,0.0,0.0,0.0,0.0,0.0,0.0,0.0
10.0,3.48302415120756,0.0034432248367572,0.0034432248261858,0.9999940720799207,0.999994072079921,49.41374778396853,0.0,49.9770482058777,0.0,45.59507645720301,0.0,45.30260519894032,0.0,0.0,0.0,0.0,0.0,0.0,0.0
10.0,3.48327416370818,0.0034432565347481,0.0034432565241808,0.999994071970779,0.999994071970779,49.41374777638664,0.0,49.97704798450462,0.0,45.595076454657175,0.0,45.30260515340193,0.0,0.0,0.0,0.0,0.0,0.0,0.0
10.0,3.48352417620881,0.0034432882346999,0.0034432882241366,0.999994071861629,0.999994071861629,49.41374776880406,0.0,49.9770477631203,0.0,45.59507645211116,0.0,45.302605107860266,0.0,0.0,0.0,0.0,0.0,0.0,0.0
10.0,3.4837741887094404,0.0034433199366125,0.0034433199260533,0.999994071752472,0.999994071752471,49.41374776122081,0.0,49.97704754172471,0.0,45.59507644956496,0.0,45.30260506231538,0.0,0.0,0.0,0.0,0.0,0.0,0.0
10.0,3.48402420121006,0.0034433516404859,0.0034433516299307,0.999994071643306,0.999994071643306,49.41374775363688,0.0,49.97704732031784,0.0,45.595076447018585,0.0,45.30260501676723,0.0,0.0,0.0,0.0,0.0,0.0,0.0
10.0,3.48427421371069,0.0034433833463199,0.0034433833357687,0.999994071534133,0.9999940715341328,49.41374774605227,0.0,49.97704709889972,0.0,45.59507644447202,0.0,45.30260497121584,0.0,0.0,0.0,0.0,0.0,0.0,0.0
10.0,3.48452422621131,0.0034434150541145,0.0034434150435674,0.999994071424952,0.999994071424952,49.41374773846698,0.0,49.97704687747031,0.0,45.59507644192527,0.0,45.302604925661214,0.0,0.0,0.0,0.0,0.0,0.0,0.0
10.0,3.48477423871194,0.0034434467638697,0.0034434467533267,0.999994071315764,0.999994071315763,49.41374773088103,0.0,49.9770466560296,0.0,45.59507643937833,0.0,45.30260488010334,0.0,0.0,0.0,0.0,0.0,0.0,0.0
10.0,3.48502425121256,0.0034434784755854,0.0034434784650464,0.999994071206567,0.999994071206567,49.41374772329439,0.0,49.9770464345776,0.0,45.595076436831214,0.0,45.30260483454221,0.0,0.0,0.0,0.0,0.0,0.0,0.0
10.0,3.48527426371319,0.0034435101892616,0.0034435101787266,0.999994071097363,0.999994071097363,49.41374771570708,0.0,49.97704621311431,0.0,45.595076434283925,0.0,45.30260478897784,0.0,0.0,0.0,0.0,0.0,0.0,0.0
10.0,3.48552427621381,0.0034435419048981,0.0034435418943672,0.999994070988151,0.9999940709881512,49.41374770811908,0.0,49.97704599163972,0.0,45.59507643173644,0.0,45.30260474341022,0.0,0.0,0.0,0.0,0.0,0.0,0.0
10.0,3.48577428871444,0.003443573622495,0.0034435736119681,0.999994070878932,0.9999940708789308,49.41374770053041,0.0,49.97704577015381,0.0,45.59507642918877,0.0,45.30260469783936,0.0,0.0,0.0,0.0,0.0,0.0,0.0
10.0,3.48602430121506,0.0034436053420521,0.0034436053315293,0.999994070769704,0.999994070769703,49.41374769294106,0.0,49.97704554865658,0.0,45.59507642664093,0.0,45.30260465226525,0.0,0.0,0.0,0.0,0.0,0.0,0.0
10.0,3.48627431371569,0.0034436370635695,0.0034436370530507,0.999994070660469,0.999994070660468,49.41374768535103,0.0,49.977045327148026,0.0,45.595076424092895,0.0,45.3026046066879,0.0,0.0,0.0,0.0,0.0,0.0,0.0
10.0,3.48652432621631,0.003443668787047,0.0034436687765322,0.999994070551226,0.9999940705512252,49.41374767776032,0.0,49.97704510562815,0.0,45.59507642154468,0.0,45.30260456110731,0.0,0.0,0.0,0.0,0.0,0.0,0.0
10.0,3.48677433871694,0.0034437005124846,0.0034437005019738,0.999994070441975,0.999994070441975,49.41374767016894,0.0,49.97704488409694,0.0,45.59507641899628,0.0,45.30260451552346,0.0,0.0,0.0,0.0,0.0,0.0,0.0
10.0,3.48702435121756,0.0034437322398822,0.0034437322293755,0.999994070332717,0.999994070332716,49.41374766257688,0.0,49.97704466255438,0.0,45.5950764164477,0.0,45.30260446993637,0.0,0.0,0.0,0.0,0.0,0.0,0.0
10.0,3.48727436371819,0.0034437639692398,0.0034437639587371,0.9999940702234512,0.99999407022345,49.413747654984135,0.0,49.97704444100047,0.0,45.59507641389894,0.0,45.30260442434604,0.0,0.0,0.0,0.0,0.0,0.0,0.0
10.0,3.48752437621881,0.0034437957005573,0.0034437956900587,0.999994070114177,0.999994070114176,49.41374764739072,0.0,49.977044219435214,0.0,45.59507641134999,0.0,45.302604378752456,0.0,0.0,0.0,0.0,0.0,0.0,0.0
10.0,3.48777438871944,0.0034438274338347,0.0034438274233401,0.9999940700048952,0.999994070004895,49.41374763979662,0.0,49.97704399785859,0.0,45.595076408800864,0.0,45.30260433315564,0.0,0.0,0.0,0.0,0.0,0.0,0.0
10.0,3.48802440122006,0.0034438591690719,0.0034438591585813,0.999994069895606,0.9999940698956048,49.41374763220184,0.0,49.977043776270605,0.0,45.59507640625154,0.0,45.30260428755556,0.0,0.0,0.0,0.0,0.0,0.0,0.0
10.0,3.48827441372069,0.0034438909062688,0.0034438908957822,0.999994069786308,0.999994069786308,49.4137476246064,0.0,49.977043554671255,0.0,45.59507640370205,0.0,45.302604241952245,0.0,0.0,0.0,0.0,0.0,0.0,0.0
10.0,3.48852442622131,0.0034439226454254,0.0034439226349429,0.9999940696770028,0.999994069677003,49.41374761701026,0.0,49.977043333060514,0.0,45.59507640115237,0.0,45.30260419634568,0.0,0.0,0.0,0.0,0.0,0.0,0.0
10.0,3.48877443872194,0.0034439543865416,0.0034439543760631,0.999994069567691,0.99999406956769,49.41374760941345,0.0,49.9770431114384,0.0,45.5950763986025,0.0,45.302604150735874,0.0,0.0,0.0,0.0,0.0,0.0,0.0
10.0,3.48902445122256,0.0034439861296174,0.0034439861191429,0.99999406945837,0.99999406945837,49.41374760181597,0.0,49.97704288980489,0.0,45.595076396052455,0.0,45.302604105122825,0.0,0.0,0.0,0.0,0.0,0.0,0.0
10.0,3.4892744637231896,0.0034440178746526,0.0034440178641822,0.999994069349042,0.999994069349041,49.4137475942178,0.0,49.97704266815998,0.0,45.59507639350222,0.0,45.30260405950652,0.0,0.0,0.0,0.0,0.0,0.0,0.0
10.0,3.48952447622381,0.0034440496216474,0.003444049611181,0.999994069239706,0.999994069239705,49.41374758661896,0.0,49.97704244650368,0.0,45.59507639095181,0.0,45.302604013886985,0.0,0.0,0.0,0.0,0.0,0.0,0.0
10.0,3.48977448872444,0.0034440813706015,0.0034440813601391,0.999994069130362,0.9999940691303622,49.41374757901944,0.0,49.97704222483597,0.0,45.59507638840122,0.0,45.302603968264194,0.0,0.0,0.0,0.0,0.0,0.0,0.0
10.0,3.49002450122506,0.0034441131215149,0.0034441131110565,0.999994069021011,0.99999406902101,49.41374757141924,0.0,49.97704200315684,0.0,45.59507638585043,0.0,45.30260392263816,0.0,0.0,0.0,0.0,0.0,0.0,0.0
10.0,3.49027451372569,0.0034441448743876,0.0034441448639333,0.9999940689116508,0.999994068911651,49.41374756381836,0.0,49.9770417814663,0.0,45.59507638329947,0.0,45.30260387700888,0.0,0.0,0.0,0.0,0.0,0.0,0.0
10.0,3.49052452622631,0.0034441766292195,0.0034441766187692,0.999994068802284,0.999994068802284,49.413747556216805,0.0,49.97704155976433,0.0,45.59507638074832,0.0,45.302603831376345,0.0,0.0,0.0,0.0,0.0,0.0,0.0
10.0,3.49077453872694,0.0034442083860106,0.0034442083755642,0.999994068692909,0.999994068692909,49.413747548614566,0.0,49.97704133805093,0.0,45.595076378196985,0.0,45.30260378574058,0.0,0.0,0.0,0.0,0.0,0.0,0.0
10.0,3.49102455122756,0.0034442401447607,0.0034442401343184,0.9999940685835268,0.999994068583527,49.41374754101165,0.0,49.97704111632609,0.0,45.59507637564548,0.0,45.30260374010157,0.0,0.0,0.0,0.0,0.0,0.0,0.0
10.0,3.49127456372819,0.0034442719054699,0.0034442718950316,0.9999940684741372,0.999994068474136,49.41374753340806,0.0,49.97704089458981,0.0,45.59507637309378,0.0,45.3026036944593,0.0,0.0,0.0,0.0,0.0,0.0,0.0
10.0,3.4915245762288105,0.003444303668138,0.0034443036577038,0.999994068364738,0.999994068364738,49.4137475258038,0.0,49.97704067284208,0.0,45.5950763705419,0.0,45.3026036488138,0.0,0.0,0.0,0.0,0.0,0.0,0.0
10.0,3.49177458872944,0.0034443354327651,0.0034443354223348,0.9999940682553328,0.999994068255332,49.41374751819884,0.0,49.97704045108291,0.0,45.59507636798984,0.0,45.30260360316504,0.0,0.0,0.0,0.0,0.0,0.0,0.0
10.0,3.49202460123006,0.003444367199351,0.0034443671889248,0.999994068145919,0.9999940681459192,49.413747510593225,0.0,49.97704022931226,0.0,45.59507636543759,0.0,45.30260355751304,0.0,0.0,0.0,0.0,0.0,0.0,0.0
10.0,3.49227461373069,0.0034443989678957,0.0034443989574735,0.999994068036498,0.999994068036497,49.41374750298692,0.0,49.97704000753016,0.0,45.59507636288516,0.0,45.30260351185781,0.0,0.0,0.0,0.0,0.0,0.0,0.0
10.0,3.49252462623131,0.0034444307383991,0.0034444307279809,0.9999940679270692,0.999994067927068,49.41374749537993,0.0,49.97703978573658,0.0,45.59507636033255,0.0,45.30260346619931,0.0,0.0,0.0,0.0,0.0,0.0,0.0
10.0,3.49277463873194,0.0034444625108612,0.003444462500447,0.999994067817632,0.999994067817631,49.41374748777227,0.0,49.97703956393152,0.0,45.59507635777975,0.0,45.30260342053758,0.0,0.0,0.0,0.0,0.0,0.0,0.0
10.0,3.49302465123256,0.003444494285282,0.0034444942748718,0.999994067708187,0.9999940677081868,49.41374748016392,0.0,49.977039342114985,0.0,45.595076355226766,0.0,45.3026033748726,0.0,0.0,0.0,0.0,0.0,0.0,0.0
10.0,3.49327466373319,0.0034445260616612,0.0034445260512551,0.999994067598735,0.999994067598734,49.41374747255491,0.0,49.97703912028695,0.0,45.5950763526736,0.0,45.30260332920437,0.0,0.0,0.0,0.0,0.0,0.0,0.0
10.0,3.49352467623381,0.003444557839999,0.0034445578295969,0.999994067489275,0.999994067489274,49.41374746494521,0.0,49.97703889844743,0.0,45.59507635012026,0.0,45.3026032835329,0.0,0.0,0.0,0.0,0.0,0.0,0.0
10.0,3.49377468873444,0.0034445896202953,0.0034445896098971,0.999994067379807,0.999994067379806,49.41374745733484,0.0,49.97703867659641,0.0,45.59507634756673,0.0,45.302603237858186,0.0,0.0,0.0,0.0,0.0,0.0,0.0
10.0,3.49402470123506,0.0034446214025499,0.0034446213921557,0.9999940672703312,0.999994067270331,49.41374744972377,0.0,49.977038454733886,0.0,45.59507634501302,0.0,45.30260319218022,0.0,0.0,0.0,0.0,0.0,0.0,0.0
10.0,3.49427471373569,0.0034446531867628,0.0034446531763726,0.999994067160848,0.999994067160847,49.41374744211204,0.0,49.97703823285985,0.0,45.59507634245912,0.0,45.302603146499024,0.0,0.0,0.0,0.0,0.0,0.0,0.0
10.0,3.49452472623631,0.003444684972934,0.0034446849625478,0.999994067051357,0.999994067051356,49.41374743449962,0.0,49.97703801097429,0.0,45.59507633990504,0.0,45.302603100814565,0.0,0.0,0.0,0.0,0.0,0.0,0.0
10.0,3.49477473873694,0.0034447167610634,0.0034447167506812,0.999994066941858,0.999994066941857,49.41374742688653,0.0,49.97703778907721,0.0,45.595076337350775,0.0,45.30260305512687,0.0,0.0,0.0,0.0,0.0,0.0,0.0
10.0,3.49502475123756,0.0034447485511509,0.0034447485407728,0.999994066832351,0.9999940668323511,49.41374741927277,0.0,49.9770375671686,0.0,45.59507633479633,0.0,45.30260300943593,0.0,0.0,0.0,0.0,0.0,0.0,0.0
10.0,3.49527476373819,0.0034447803431965,0.0034447803328224,0.999994066722836,0.999994066722836,49.41374741165831,0.0,49.97703734524846,0.0,45.5950763322417,0.0,45.30260296374174,0.0,0.0,0.0,0.0,0.0,0.0,0.0
10.0,3.49552477623881,0.0034448121372002,0.0034448121268301,0.999994066613314,0.999994066613314,49.41374740404319,0.0,49.97703712331678,0.0,45.59507632968689,0.0,45.30260291804431,0.0,0.0,0.0,0.0,0.0,0.0,0.0
10.0,3.49577478873944,0.0034448439331618,0.0034448439227957,0.999994066503784,0.999994066503784,49.41374739642737,0.0,49.97703690137356,0.0,45.59507632713189,0.0,45.30260287234363,0.0,0.0,0.0,0.0,0.0,0.0,0.0
10.0,3.49602480124006,0.0034448757310813,0.0034448757207192,0.999994066394247,0.999994066394246,49.41374738881088,0.0,49.97703667941878,0.0,45.59507632457672,0.0,45.302602826639706,0.0,0.0,0.0,0.0,0.0,0.0,0.0
10.0,3.49627481374069,0.0034449075309587,0.0034449075206006,0.999994066284701,0.9999940662847012,49.41374738119372,0.0,49.97703645745244,0.0,45.59507632202135,0.0,45.30260278093253,0.0,0.0,0.0,0.0,0.0,0.0,0.0
10.0,3.49652482624131,0.0034449393327939,0.0034449393224397,0.999994066175148,0.999994066175148,49.41374737357587,0.0,49.97703623547455,0.0,45.5950763194658,0.0,45.30260273522212,0.0,0.0,0.0,0.0,0.0,0.0,0.0
10.0,3.49677483874194,0.0034449711365867,0.0034449711262366,0.9999940660655872,0.999994066065586,49.41374736595735,0.0,49.97703601348508,0.0,45.59507631691008,0.0,45.30260268950845,0.0,0.0,0.0,0.0,0.0,0.0,0.0
10.0,3.49702485124256,0.0034450029423373,0.0034450029319912,0.999994065956018,0.999994065956018,49.41374735833815,0.0,49.977035791484056,0.0,45.59507631435416,0.0,45.30260264379156,0.0,0.0,0.0,0.0,0.0,0.0,0.0
10.0,3.49727486374319,0.0034450347500455,0.0034450347397033,0.999994065846442,0.9999940658464408,49.41374735071826,0.0,49.97703556947143,0.0,45.59507631179807,0.0,45.30260259807141,0.0,0.0,0.0,0.0,0.0,0.0,0.0
10.0,3.49752487624381,0.0034450665597112,0.0034450665493731,0.999994065736858,0.9999940657368572,49.4137473430977,0.0,49.97703534744724,0.0,45.59507630924179,0.0,45.302602552348006,0.0,0.0,0.0,0.0,0.0,0.0,0.0
10.0,3.49777488874444,0.0034450983713345,0.0034450983610003,0.999994065627266,0.999994065627265,49.41374733547646,0.0,49.97703512541145,0.0,45.59507630668532,0.0,45.30260250662136,0.0,0.0,0.0,0.0,0.0,0.0,0.0
10.0,3.49802490124506,0.0034451301849151,0.003445130174585,0.999994065517666,0.999994065517666,49.41374732785454,0.0,49.97703490336407,0.0,45.59507630412868,0.0,45.30260246089148,0.0,0.0,0.0,0.0,0.0,0.0,0.0
10.0,3.4982749137456897,0.0034451620004531,0.003445161990127,0.999994065408058,0.999994065408058,49.41374732023195,0.0,49.977034681305085,0.0,45.59507630157184,0.0,45.30260241515834,0.0,0.0,0.0,0.0,0.0,0.0,0.0
10.0,3.49852492624631,0.0034451938179485,0.0034451938076263,0.999994065298443,0.9999940652984428,49.41374731260867,0.0,49.977034459234496,0.0,45.59507629901484,0.0,45.30260236942197,0.0,0.0,0.0,0.0,0.0,0.0,0.0
10.0,3.49877493874694,0.0034452256374011,0.0034452256270829,0.99999406518882,0.99999406518882,49.4137473049847,0.0,49.9770342371523,0.0,45.59507629645764,0.0,45.30260232368234,0.0,0.0,0.0,0.0,0.0,0.0,0.0
10.0,3.49902495124756,0.0034452574588109,0.0034452574484967,0.999994065079189,0.999994065079189,49.41374729736008,0.0,49.97703401505847,0.0,45.59507629390026,0.0,45.30260227793947,0.0,0.0,0.0,0.0,0.0,0.0,0.0
10.0,3.49927496374819,0.0034452892821779,0.0034452892718677,0.9999940649695508,0.99999406496955,49.41374728973476,0.0,49.97703379295304,0.0,45.59507629134271,0.0,45.302602232193365,0.0,0.0,0.0,0.0,0.0,0.0,0.0
10.0,3.49952497624881,0.0034453211075019,0.0034453210971957,0.999994064859904,0.999994064859904,49.41374728210876,0.0,49.97703357083597,0.0,45.59507628878496,0.0,45.302602186444005,0.0,0.0,0.0,0.0,0.0,0.0,0.0
10.0,3.49977498874944,0.003445352934783,0.0034453529244807,0.99999406475025,0.99999406475025,49.41374727448208,0.0,49.97703334870727,0.0,45.59507628622703,0.0,45.30260214069139,0.0,0.0,0.0,0.0,0.0,0.0,0.0
10.0,3.50002500125006,0.003445384764021,0.0034453847537227,0.9999940646405882,0.999994064640588,49.413747266854735,0.0,49.97703312656693,0.0,45.59507628366891,0.0,45.30260209493555,0.0,0.0,0.0,0.0,0.0,0.0,0.0
10.0,3.50027501375069,0.0034454165952159,0.0034454165849216,0.999994064530919,0.999994064530919,49.413747259226696,0.0,49.97703290441495,0.0,45.59507628111062,0.0,45.30260204917646,0.0,0.0,0.0,0.0,0.0,0.0,0.0
10.0,3.5005250262513106,0.0034454484283677,0.0034454484180774,0.999994064421242,0.999994064421241,49.41374725159799,0.0,49.97703268225131,0.0,45.595076278552135,0.0,45.30260200341412,0.0,0.0,0.0,0.0,0.0,0.0,0.0
10.0,3.50077503875194,0.0034454802634762,0.0034454802531899,0.999994064311557,0.999994064311556,49.413747243968594,0.0,49.97703246007602,0.0,45.59507627599348,0.0,45.30260195764853,0.0,0.0,0.0,0.0,0.0,0.0,0.0
10.0,3.50102505125256,0.0034455121005415,0.0034455120902592,0.999994064201864,0.999994064201863,49.41374723633852,0.0,49.97703223788908,0.0,45.59507627343464,0.0,45.302601911879705,0.0,0.0,0.0,0.0,0.0,0.0,0.0
10.0,3.50127506375319,0.0034455439395635,0.0034455439292851,0.999994064092163,0.999994064092163,49.41374722870778,0.0,49.97703201569046,0.0,45.5950762708756,0.0,45.30260186610763,0.0,0.0,0.0,0.0,0.0,0.0,0.0
10.0,3.50152507625381,0.003445575780542,0.0034455757702676,0.999994063982455,0.999994063982454,49.413747221076335,0.0,49.97703179348017,0.0,45.59507626831639,0.0,45.30260182033231,0.0,0.0,0.0,0.0,0.0,0.0,0.0
10.0,3.50177508875444,0.0034456076234771,0.0034456076132067,0.9999940638727391,0.999994063872738,49.41374721344424,0.0,49.97703157125822,0.0,45.595076265757,0.0,45.302601774553736,0.0,0.0,0.0,0.0,0.0,0.0,0.0
10.0,3.50202510125506,0.0034456394683687,0.0034456394581023,0.999994063763015,0.999994063763014,49.41374720581144,0.0,49.97703134902458,0.0,45.59507626319743,0.0,45.30260172877193,0.0,0.0,0.0,0.0,0.0,0.0,0.0
10.0,3.50227511375569,0.0034456713152167,0.0034456713049543,0.999994063653283,0.999994063653283,49.41374719817797,0.0,49.977031126779245,0.0,45.59507626063766,0.0,45.30260168298687,0.0,0.0,0.0,0.0,0.0,0.0,0.0
10.0,3.50252512625631,0.0034457031640211,0.0034457031537626,0.999994063543544,0.999994063543543,49.41374719054382,0.0,49.97703090452222,0.0,45.59507625807771,0.0,45.30260163719857,0.0,0.0,0.0,0.0,0.0,0.0,0.0
10.0,3.50277513875694,0.0034457350147818,0.0034457350045273,0.9999940634337972,0.999994063433796,49.413747182909,0.0,49.97703068225351,0.0,45.59507625551758,0.0,45.30260159140702,0.0,0.0,0.0,0.0,0.0,0.0,0.0
10.0,3.50302515125756,0.0034457668674988,0.0034457668572483,0.999994063324042,0.999994063324042,49.41374717527348,0.0,49.97703045997308,0.0,45.59507625295727,0.0,45.30260154561224,0.0,0.0,0.0,0.0,0.0,0.0,0.0
10.0,3.50327516375819,0.003445798722172,0.0034457987119254,0.999994063214279,0.9999940632142787,49.4137471676373,0.0,49.97703023768095,0.0,45.59507625039678,0.0,45.3026014998142,0.0,0.0,0.0,0.0,0.0,0.0,0.0
10.0,3.50352517625881,0.0034458305788013,0.0034458305685587,0.999994063104509,0.999994063104508,49.413747160000426,0.0,49.97703001537711,0.0,45.5950762478361,0.0,45.30260145401292,0.0,0.0,0.0,0.0,0.0,0.0,0.0
10.0,3.50377518875944,0.0034458624373866,0.003445862427148,0.9999940629947311,0.99999406299473,49.41374715236288,0.0,49.977029793061554,0.0,45.59507624527524,0.0,45.30260140820839,0.0,0.0,0.0,0.0,0.0,0.0,0.0
10.0,3.50402520126006,0.003445894297928,0.0034458942876933,0.999994062884945,0.999994062884944,49.41374714472465,0.0,49.97702957073427,0.0,45.59507624271419,0.0,45.302601362400615,0.0,0.0,0.0,0.0,0.0,0.0,0.0
10.0,3.50427521376069,0.0034459261604254,0.0034459261501947,0.999994062775151,0.9999940627751512,49.41374713708574,0.0,49.97702934839525,0.0,45.59507624015297,0.0,45.3026013165896,0.0,0.0,0.0,0.0,0.0,0.0,0.0
10.0,3.50452522626131,0.0034459580248786,0.0034459580146519,0.9999940626653498,0.999994062665349,49.41374712944615,0.0,49.977029126044506,0.0,45.59507623759156,0.0,45.30260127077533,0.0,0.0,0.0,0.0,0.0,0.0,0.0
10.0,3.50477523876194,0.0034459898912877,0.0034459898810649,0.999994062555541,0.99999406255554,49.41374712180589,0.0,49.97702890368201,0.0,45.59507623502996,0.0,45.30260122495783,0.0,0.0,0.0,0.0,0.0,0.0,0.0
10.0,3.50502525126256,0.0034460217596525,0.0034460217494337,0.999994062445724,0.999994062445723,49.41374711416494,0.0,49.977028681307786,0.0,45.59507623246819,0.0,45.30260117913707,0.0,0.0,0.0,0.0,0.0,0.0,0.0
10.0,3.50527526376319,0.0034460536299731,0.0034460536197583,0.9999940623358988,0.999994062335898,49.41374710652332,0.0,49.97702845892181,0.0,45.59507622990623,0.0,45.30260113331308,0.0,0.0,0.0,0.0,0.0,0.0,0.0
10.0,3.50552527626381,0.0034460855022494,0.0034460854920385,0.999994062226066,0.999994062226066,49.41374709888101,0.0,49.97702823652407,0.0,45.59507622734408,0.0,45.30260108748583,0.0,0.0,0.0,0.0,0.0,0.0,0.0
10.0,3.50577528876444,0.0034461173764812,0.0034461173662743,0.999994062116226,0.999994062116226,49.41374709123802,0.0,49.97702801411458,0.0,45.59507622478175,0.0,45.302601041655336,0.0,0.0,0.0,0.0,0.0,0.0,0.0
10.0,3.50602530126506,0.0034461492526686,0.0034461492424657,0.999994062006378,0.999994062006378,49.413747083594345,0.0,49.97702779169331,0.0,45.595076222219234,0.0,45.30260099582161,0.0,0.0,0.0,0.0,0.0,0.0,0.0
10.0,3.50627531376569,0.0034461811308115,0.0034461811206125,0.999994061896522,0.999994061896522,49.41374707595,0.0,49.97702756926029,0.0,45.59507621965654,0.0,45.30260094998463,0.0,0.0,0.0,0.0,0.0,0.0,0.0
10.0,3.50652532626631,0.0034462130109098,0.0034462130007148,0.999994061786659,0.999994061786659,49.41374706830498,0.0,49.97702734681548,0.0,45.59507621709367,0.0,45.302600904144406,0.0,0.0,0.0,0.0,0.0,0.0,0.0
10.0,3.50677533876694,0.0034462448929635,0.0034462448827724,0.999994061676788,0.9999940616767868,49.41374706065926,0.0,49.9770271243589,0.0,45.59507621453061,0.0,45.30260085830093,0.0,0.0,0.0,0.0,0.0,0.0,0.0
10.0,3.50702535126756,0.0034462767769724,0.0034462767667853,0.9999940615669088,0.999994061566908,49.41374705301288,0.0,49.977026901890525,0.0,45.59507621196737,0.0,45.302600812454216,0.0,0.0,0.0,0.0,0.0,0.0,0.0
10.0,3.5072753637681906,0.0034463086629367,0.0034463086527535,0.999994061457022,0.999994061457022,49.41374704536582,0.0,49.977026679410365,0.0,45.595076209403935,0.0,45.30260076660426,0.0,0.0,0.0,0.0,0.0,0.0,0.0
10.0,3.50752537626881,0.0034463405508561,0.0034463405406769,0.999994061347128,0.999994061347127,49.41374703771807,0.0,49.9770264569184,0.0,45.595076206840325,0.0,45.30260072075106,0.0,0.0,0.0,0.0,0.0,0.0,0.0
10.0,3.50777538876944,0.0034463724407306,0.0034463724305554,0.999994061237225,0.999994061237225,49.41374703006964,0.0,49.97702623441465,0.0,45.59507620427653,0.0,45.302600674894606,0.0,0.0,0.0,0.0,0.0,0.0,0.0
10.0,3.50802540127006,0.0034464043325602,0.0034464043223889,0.9999940611273151,0.999994061127315,49.41374702242052,0.0,49.97702601189909,0.0,45.595076201712544,0.0,45.30260062903491,0.0,0.0,0.0,0.0,0.0,0.0,0.0
10.0,3.50827541377069,0.0034464362263449,0.0034464362161775,0.999994061017398,0.9999940610173972,49.413747014770735,0.0,49.97702578937171,0.0,45.59507619914839,0.0,45.30260058317197,0.0,0.0,0.0,0.0,0.0,0.0,0.0
10.0,3.50852542627131,0.0034464681220845,0.003446468111921,0.999994060907472,0.999994060907471,49.41374700712026,0.0,49.97702556683252,0.0,45.595076196584046,0.0,45.302600537305786,0.0,0.0,0.0,0.0,0.0,0.0,0.0
10.0,3.50877543877194,0.0034465000197789,0.0034465000096195,0.999994060797539,0.9999940607975382,49.41374699946911,0.0,49.9770253442815,0.0,45.59507619401952,0.0,45.30260049143636,0.0,0.0,0.0,0.0,0.0,0.0,0.0
10.0,3.50902545127256,0.0034465319194282,0.0034465319092727,0.999994060687598,0.999994060687597,49.41374699181728,0.0,49.97702512171868,0.0,45.59507619145481,0.0,45.30260044556368,0.0,0.0,0.0,0.0,0.0,0.0,0.0
10.0,3.50927546377319,0.0034465638210323,0.0034465638108808,0.9999940605776488,0.999994060577648,49.41374698416477,0.0,49.977024899144,0.0,45.59507618888992,0.0,45.30260039968776,0.0,0.0,0.0,0.0,0.0,0.0,0.0
10.0,3.50952547627381,0.0034465957245911,0.0034465957144435,0.999994060467692,0.999994060467692,49.41374697651158,0.0,49.97702467655751,0.0,45.59507618632483,0.0,45.3026003538086,0.0,0.0,0.0,0.0,0.0,0.0,0.0
10.0,3.50977548877444,0.0034466276301046,0.0034466276199609,0.999994060357728,0.999994060357728,49.41374696885771,0.0,49.97702445395916,0.0,45.59507618375957,0.0,45.30260030792618,0.0,0.0,0.0,0.0,0.0,0.0,0.0
10.0,3.51002550127506,0.0034466595375726,0.0034466595274329,0.999994060247756,0.9999940602477558,49.41374696120316,0.0,49.97702423134896,0.0,45.59507618119413,0.0,45.30260026204053,0.0,0.0,0.0,0.0,0.0,0.0,0.0
10.0,3.51027551377569,0.0034466914469952,0.0034466914368594,0.999994060137776,0.999994060137776,49.41374695354793,0.0,49.97702400872693,0.0,45.59507617862851,0.0,45.30260021615163,0.0,0.0,0.0,0.0,0.0,0.0,0.0
10.0,3.51052552627631,0.0034467233583723,0.0034467233482405,0.9999940600277888,0.999994060027788,49.413746945892015,0.0,49.97702378609303,0.0,45.5950761760627,0.0,45.302600170259474,0.0,0.0,0.0,0.0,0.0,0.0,0.0
10.0,3.51077553877694,0.0034467552717038,0.0034467552615759,0.999994059917793,0.999994059917793,49.41374693823541,0.0,49.97702356344728,0.0,45.5950761734967,0.0,45.30260012436409,0.0,0.0,0.0,0.0,0.0,0.0,0.0
10.0,3.51102555127756,0.0034467871869897,0.0034467871768657,0.99999405980779,0.99999405980779,49.41374693057814,0.0,49.97702334078965,0.0,45.595076170930525,0.0,45.302600078465446,0.0,0.0,0.0,0.0,0.0,0.0,0.0
10.0,3.51127556377819,0.0034468191042298,0.0034468190941098,0.999994059697779,0.999994059697779,49.41374692292019,0.0,49.97702311812016,0.0,45.595076168364166,0.0,45.302600032563575,0.0,0.0,0.0,0.0,0.0,0.0,0.0
10.0,3.5115255762788102,0.0034468510234242,0.0034468510133081,0.9999940595877608,0.99999405958776,49.41374691526156,0.0,49.97702289543879,0.0,45.59507616579762,0.0,45.30259998665845,0.0,0.0,0.0,0.0,0.0,0.0,0.0
10.0,3.51177558877944,0.0034468829445728,0.0034468829344606,0.999994059477735,0.999994059477734,49.41374690760224,0.0,49.977022672745534,0.0,45.5950761632309,0.0,45.30259994075007,0.0,0.0,0.0,0.0,0.0,0.0,0.0
10.0,3.51202560128006,0.0034469148676755,0.0034469148575673,0.9999940593677,0.9999940593677,49.41374689994223,0.0,49.9770224500404,0.0,45.59507616066399,0.0,45.30259989483847,0.0,0.0,0.0,0.0,0.0,0.0,0.0
10.0,3.51227561378069,0.0034469467927323,0.003446946782628,0.999994059257658,0.999994059257658,49.413746892281566,0.0,49.977022227323374,0.0,45.595076158096894,0.0,45.302599848923606,0.0,0.0,0.0,0.0,0.0,0.0,0.0
10.0,3.51252562628131,0.0034469787197431,0.0034469787096427,0.9999940591476087,0.999994059147608,49.4137468846202,0.0,49.97702200459446,0.0,45.59507615552962,0.0,45.30259980300549,0.0,0.0,0.0,0.0,0.0,0.0,0.0
10.0,3.51277563878194,0.0034470106487078,0.0034470106386114,0.999994059037551,0.999994059037551,49.41374687695816,0.0,49.97702178185365,0.0,45.59507615296216,0.0,45.30259975708415,0.0,0.0,0.0,0.0,0.0,0.0,0.0
10.0,3.51302565128256,0.0034470425796264,0.0034470425695339,0.999994058927486,0.999994058927486,49.41374686929544,0.0,49.97702155910091,0.0,45.59507615039451,0.0,45.30259971115954,0.0,0.0,0.0,0.0,0.0,0.0,0.0
10.0,3.51327566378319,0.0034470745124988,0.0034470745024103,0.999994058817413,0.999994058817413,49.41374686163204,0.0,49.97702133633629,0.0,45.59507614782669,0.0,45.30259966523171,0.0,0.0,0.0,0.0,0.0,0.0,0.0
10.0,3.51352567628381,0.003447106447325,0.0034471064372404,0.999994058707333,0.999994058707332,49.41374685396796,0.0,49.977021113559736,0.0,45.59507614525867,0.0,45.30259961930062,0.0,0.0,0.0,0.0,0.0,0.0,0.0
10.0,3.51377568878444,0.003447138384105,0.0034471383740243,0.999994058597245,0.999994058597244,49.4137468463032,0.0,49.97702089077127,0.0,45.59507614269049,0.0,45.30259957336629,0.0,0.0,0.0,0.0,0.0,0.0,0.0
10.0,3.51402570128506,0.0034471703228385,0.0034471703127618,0.999994058487148,0.9999940584871478,49.41374683863774,0.0,49.97702066797089,0.0,45.5950761401221,0.0,45.30259952742871,0.0,0.0,0.0,0.0,0.0,0.0,0.0
10.0,3.51427571378569,0.0034472022635257,0.0034472022534529,0.999994058377044,0.999994058377044,49.413746830971625,0.0,49.977020445158566,0.0,45.59507613755355,0.0,45.302599481487896,0.0,0.0,0.0,0.0,0.0,0.0,0.0
10.0,3.51452572628631,0.0034472342061664,0.0034472341960975,0.999994058266933,0.999994058266932,49.41374682330482,0.0,49.97702022233431,0.0,45.5950761349848,0.0,45.30259943554383,0.0,0.0,0.0,0.0,0.0,0.0,0.0
10.0,3.51477573878694,0.0034472661507606,0.0034472661406956,0.999994058156813,0.999994058156813,49.41374681563734,0.0,49.97701999949812,0.0,45.59507613241588,0.0,45.30259938959652,0.0,0.0,0.0,0.0,0.0,0.0,0.0
10.0,3.51502575128756,0.0034472980973082,0.0034472980872471,0.999994058046686,0.999994058046686,49.41374680796917,0.0,49.97701977664999,0.0,45.59507612984677,0.0,45.30259934364596,0.0,0.0,0.0,0.0,0.0,0.0,0.0
10.0,3.51527576378819,0.0034473300458091,0.003447330035752,0.999994057936551,0.999994057936551,49.41374680030032,0.0,49.9770195537899,0.0,45.59507612727747,0.0,45.30259929769216,0.0,0.0,0.0,0.0,0.0,0.0,0.0
10.0,3.51552577628881,0.0034473619962633,0.0034473619862101,0.999994057826409,0.9999940578264082,49.41374679263079,0.0,49.97701933091788,0.0,45.595076124708,0.0,45.30259925173512,0.0,0.0,0.0,0.0,0.0,0.0,0.0
10.0,3.51577578878944,0.0034473939486708,0.0034473939386215,0.999994057716258,0.999994057716257,49.41374678496057,0.0,49.977019108033886,0.0,45.59507612213834,0.0,45.302599205774825,0.0,0.0,0.0,0.0,0.0,0.0,0.0
10.0,3.51602580129006,0.0034474259030315,0.0034474258929861,0.9999940576061,0.999994057606099,49.41374677728968,0.0,49.97701888513793,0.0,45.595076119568496,0.0,45.302599159811294,0.0,0.0,0.0,0.0,0.0,0.0,0.0
10.0,3.51627581379069,0.0034474578593452,0.0034474578493038,0.999994057495934,0.9999940574959328,49.41374676961811,0.0,49.97701866223001,0.0,45.59507611699847,0.0,45.30259911384451,0.0,0.0,0.0,0.0,0.0,0.0,0.0
10.0,3.51652582629131,0.0034474898176121,0.0034474898075745,0.99999405738576,0.99999405738576,49.41374676194585,0.0,49.97701843931013,0.0,45.59507611442826,0.0,45.30259906787448,0.0,0.0,0.0,0.0,0.0,0.0,0.0
10.0,3.51677583879194,0.0034475217778319,0.0034475217677983,0.999994057275579,0.999994057275578,49.41374675427292,0.0,49.97701821637825,0.0,45.59507611185787,0.0,45.30259902190121,0.0,0.0,0.0,0.0,0.0,0.0,0.0
10.0,3.5170258512925594,0.0034475537400047,0.003447553729975,0.9999940571653892,0.999994057165389,49.4137467465993,0.0,49.97701799343441,0.0,45.59507610928729,0.0,45.302598975924695,0.0,0.0,0.0,0.0,0.0,0.0,0.0
10.0,3.51727586379319,0.0034475857041303,0.0034475856941046,0.999994057055193,0.999994057055192,49.413746738925,0.0,49.977017770478575,0.0,45.59507610671653,0.0,45.302598929944935,0.0,0.0,0.0,0.0,0.0,0.0,0.0
10.0,3.51752587629381,0.0034476176702088,0.0034476176601869,0.999994056944988,0.999994056944987,49.41374673125003,0.0,49.97701754751075,0.0,45.59507610414559,0.0,45.302598883961934,0.0,0.0,0.0,0.0,0.0,0.0,0.0
10.0,3.51777588879444,0.00344764963824,0.0034476496282221,0.999994056834775,0.9999940568347752,49.41374672357436,0.0,49.97701732453093,0.0,45.59507610157446,0.0,45.30259883797568,0.0,0.0,0.0,0.0,0.0,0.0,0.0
10.0,3.51802590129506,0.003447681608224,0.0034476815982099,0.9999940567245552,0.999994056724555,49.41374671589802,0.0,49.977017101539104,0.0,45.59507609900316,0.0,45.302598791986185,0.0,0.0,0.0,0.0,0.0,0.0,0.0
10.0,3.5182759137956903,0.0034477135801606,0.0034477135701505,0.999994056614327,0.999994056614327,49.413746708221,0.0,49.977016878535295,0.0,45.59507609643166,0.0,45.30259874599344,0.0,0.0,0.0,0.0,0.0,0.0,0.0
10.0,3.51852592629631,0.0034477455540497,0.0034477455440435,0.9999940565040908,0.999994056504091,49.413746700543285,0.0,49.97701665551946,0.0,45.59507609386,0.0,45.30259869999746,0.0,0.0,0.0,0.0,0.0,0.0,0.0
10.0,3.51877593879694,0.0034477775298914,0.0034477775198891,0.999994056393848,0.999994056393847,49.4137466928649,0.0,49.97701643249161,0.0,45.59507609128812,0.0,45.30259865399824,0.0,0.0,0.0,0.0,0.0,0.0,0.0
10.0,3.51902595129756,0.0034478095076856,0.0034478094976872,0.999994056283596,0.999994056283596,49.41374668518584,0.0,49.97701620945176,0.0,45.59507608871608,0.0,45.30259860799576,0.0,0.0,0.0,0.0,0.0,0.0,0.0
10.0,3.51927596379819,0.0034478414874322,0.0034478414774377,0.999994056173338,0.999994056173337,49.41374667750608,0.0,49.97701598639987,0.0,45.59507608614386,0.0,45.302598561990045,0.0,0.0,0.0,0.0,0.0,0.0,0.0
10.0,3.51952597629881,0.0034478734691311,0.0034478734591405,0.9999940560630712,0.999994056063071,49.41374666982565,0.0,49.97701576333596,0.0,45.595076083571456,0.0,45.302598515981074,0.0,0.0,0.0,0.0,0.0,0.0,0.0
10.0,3.51977598879944,0.0034479054527823,0.0034479054427957,0.999994055952796,0.999994055952796,49.41374666214454,0.0,49.97701554026002,0.0,45.59507608099886,0.0,45.30259846996887,0.0,0.0,0.0,0.0,0.0,0.0,0.0
10.0,3.52002600130007,0.0034479374383858,0.003447937428403,0.999994055842514,0.9999940558425132,49.41374665446274,0.0,49.97701531717204,0.0,45.59507607842608,0.0,45.30259842395341,0.0,0.0,0.0,0.0,0.0,0.0,0.0
10.0,3.52027601380069,0.0034479694259414,0.0034479694159625,0.999994055732224,0.999994055732223,49.41374664678027,0.0,49.977015094072016,0.0,45.59507607585312,0.0,45.30259837793472,0.0,0.0,0.0,0.0,0.0,0.0,0.0
10.0,3.52052602630132,0.0034480014154491,0.0034480014054742,0.999994055621926,0.999994055621926,49.41374663909711,0.0,49.97701487095995,0.0,45.595076073279984,0.0,45.30259833191277,0.0,0.0,0.0,0.0,0.0,0.0,0.0
10.0,3.52077603880194,0.0034480334069089,0.0034480333969378,0.999994055511621,0.99999405551162,49.41374663141327,0.0,49.97701464783583,0.0,45.59507607070666,0.0,45.302598285887576,0.0,0.0,0.0,0.0,0.0,0.0,0.0
10.0,3.52102605130257,0.0034480654003207,0.0034480653903535,0.999994055401307,0.9999940554013068,49.41374662372876,0.0,49.97701442469967,0.0,45.595076068133146,0.0,45.30259823985915,0.0,0.0,0.0,0.0,0.0,0.0,0.0
10.0,3.52127606380319,0.0034480973956844,0.0034480973857211,0.9999940552909858,0.999994055290986,49.41374661604354,0.0,49.97701420155144,0.0,45.595076065559454,0.0,45.30259819382747,0.0,0.0,0.0,0.0,0.0,0.0,0.0
10.0,3.52152607630382,0.003448129393,0.0034481293830406,0.999994055180657,0.9999940551806568,49.41374660835766,0.0,49.97701397839114,0.0,45.59507606298558,0.0,45.302598147792544,0.0,0.0,0.0,0.0,0.0,0.0,0.0
10.0,3.52177608880444,0.0034481613922674,0.0034481613823119,0.999994055070321,0.99999405507032,49.4137466006711,0.0,49.97701375521878,0.0,45.59507606041152,0.0,45.30259810175438,0.0,0.0,0.0,0.0,0.0,0.0,0.0
10.0,3.52202610130507,0.0034481933934865,0.003448193383535,0.999994054959977,0.9999940549599758,49.41374659298384,0.0,49.97701353203435,0.0,45.59507605783728,0.0,45.30259805571296,0.0,0.0,0.0,0.0,0.0,0.0,0.0
10.0,3.52227611380569,0.0034482253966574,0.0034482253867097,0.999994054849624,0.999994054849624,49.41374658529591,0.0,49.97701330883784,0.0,45.59507605526285,0.0,45.30259800966831,0.0,0.0,0.0,0.0,0.0,0.0,0.0
10.0,3.52252612630632,0.0034482574017799,0.0034482573918361,0.9999940547392652,0.999994054739264,49.413746577607306,0.0,49.977013085629245,0.0,45.59507605268824,0.0,45.30259796362041,0.0,0.0,0.0,0.0,0.0,0.0,0.0
10.0,3.52277613880694,0.0034482894088539,0.0034482893989141,0.999994054628897,0.9999940546288968,49.413746569918,0.0,49.97701286240857,0.0,45.595076050113455,0.0,45.30259791756926,0.0,0.0,0.0,0.0,0.0,0.0,0.0
10.0,3.52302615130757,0.0034483214178795,0.0034483214079435,0.999994054518522,0.999994054518521,49.41374656222804,0.0,49.9770126391758,0.0,45.59507604753848,0.0,45.30259787151486,0.0,0.0,0.0,0.0,0.0,0.0,0.0
10.0,3.52327616380819,0.0034483534288566,0.0034483534189245,0.9999940544081382,0.999994054408138,49.41374655453737,0.0,49.97701241593093,0.0,45.59507604496332,0.0,45.302597825457234,0.0,0.0,0.0,0.0,0.0,0.0,0.0
10.0,3.52352617630882,0.003448385441785,0.0034483854318568,0.999994054297748,0.999994054297747,49.41374654684604,0.0,49.977012192673975,0.0,45.59507604238797,0.0,45.30259777939635,0.0,0.0,0.0,0.0,0.0,0.0,0.0
10.0,3.52377618880944,0.0034484174566648,0.0034484174467405,0.999994054187349,0.9999940541873492,49.413746539154005,0.0,49.97701196940491,0.0,45.59507603981245,0.0,45.30259773333222,0.0,0.0,0.0,0.0,0.0,0.0,0.0
10.0,3.52402620131007,0.0034484494734959,0.0034484494635755,0.9999940540769432,0.999994054076942,49.413746531461314,0.0,49.977011746123736,0.0,45.59507603723674,0.0,45.30259768726486,0.0,0.0,0.0,0.0,0.0,0.0,0.0
10.0,3.52427621381069,0.0034484814922782,0.0034484814823617,0.999994053966529,0.999994053966528,49.41374652376792,0.0,49.97701152283044,0.0,45.595076034660856,0.0,45.30259764119424,0.0,0.0,0.0,0.0,0.0,0.0,0.0
10.0,3.52452622631132,0.0034485135130117,0.003448513503099,0.9999940538561068,0.999994053856106,49.41374651607385,0.0,49.97701129952504,0.0,45.595076032084776,0.0,45.30259759512037,0.0,0.0,0.0,0.0,0.0,0.0,0.0
10.0,3.52477623881194,0.0034485455356962,0.0034485455257875,0.999994053745677,0.999994053745677,49.41374650837911,0.0,49.97701107620751,0.0,45.59507602950852,0.0,45.30259754904327,0.0,0.0,0.0,0.0,0.0,0.0,0.0
10.0,3.5250262513125703,0.0034485775603318,0.003448577550427,0.99999405363524,0.99999405363524,49.41374650068367,0.0,49.97701085287786,0.0,45.59507602693208,0.0,45.30259750296292,0.0,0.0,0.0,0.0,0.0,0.0,0.0
10.0,3.52527626381319,0.0034486095869185,0.0034486095770175,0.999994053524795,0.999994053524794,49.41374649298756,0.0,49.97701062953608,0.0,45.59507602435545,0.0,45.302597456879326,0.0,0.0,0.0,0.0,0.0,0.0,0.0
10.0,3.52552627631382,0.003448641615456,0.0034486416055589,0.9999940534143412,0.999994053414341,49.41374648529076,0.0,49.97701040618217,0.0,45.595076021778645,0.0,45.30259741079249,0.0,0.0,0.0,0.0,0.0,0.0,0.0
10.0,3.52577628881444,0.0034486736459444,0.0034486736360512,0.9999940533038812,0.999994053303881,49.413746477593286,0.0,49.97701018281611,0.0,45.595076019201656,0.0,45.3025973647024,0.0,0.0,0.0,0.0,0.0,0.0,0.0
10.0,3.52602630131507,0.0034487056783836,0.0034487056684942,0.999994053193413,0.999994053193412,49.41374646989512,0.0,49.97700995943792,0.0,45.59507601662448,0.0,45.30259731860907,0.0,0.0,0.0,0.0,0.0,0.0,0.0
10.0,3.52627631381569,0.0034487377127735,0.0034487377028881,0.999994053082936,0.999994053082936,49.41374646219628,0.0,49.97700973604756,0.0,45.59507601404712,0.0,45.3025972725125,0.0,0.0,0.0,0.0,0.0,0.0,0.0
10.0,3.52652632631632,0.0034487697491142,0.0034487697392326,0.9999940529724528,0.999994052972452,49.413746454496746,0.0,49.97700951264507,0.0,45.59507601146958,0.0,45.30259722641268,0.0,0.0,0.0,0.0,0.0,0.0,0.0
10.0,3.52677633881694,0.0034488017874055,0.0034488017775278,0.999994052861961,0.99999405286196,49.41374644679654,0.0,49.97700928923041,0.0,45.59507600889185,0.0,45.30259718030961,0.0,0.0,0.0,0.0,0.0,0.0,0.0
10.0,3.52702635131757,0.0034488338276473,0.0034488338177735,0.999994052751461,0.999994052751461,49.41374643909565,0.0,49.97700906580359,0.0,45.59507600631395,0.0,45.3025971342033,0.0,0.0,0.0,0.0,0.0,0.0,0.0
10.0,3.5272763638181903,0.0034488658698397,0.0034488658599697,0.999994052640954,0.999994052640954,49.41374643139408,0.0,49.97700884236461,0.0,45.59507600373586,0.0,45.30259708809375,0.0,0.0,0.0,0.0,0.0,0.0,0.0
10.0,3.52752637631882,0.0034488979139825,0.0034488979041164,0.999994052530439,0.999994052530439,49.41374642369181,0.0,49.977008618913466,0.0,45.59507600115758,0.0,45.30259704198096,0.0,0.0,0.0,0.0,0.0,0.0,0.0
10.0,3.52777638881944,0.0034489299600757,0.0034489299502135,0.9999940524199168,0.999994052419916,49.41374641598888,0.0,49.97700839545014,0.0,45.59507599857912,0.0,45.30259699586492,0.0,0.0,0.0,0.0,0.0,0.0,0.0
10.0,3.52802640132007,0.0034489620081193,0.0034489619982609,0.999994052309386,0.999994052309386,49.413746408285256,0.0,49.97700817197463,0.0,45.59507599600048,0.0,45.30259694974563,0.0,0.0,0.0,0.0,0.0,0.0,0.0
10.0,3.52827641382069,0.0034489940581131,0.0034489940482586,0.9999940521988478,0.999994052198848,49.41374640058096,0.0,49.97700794848696,0.0,45.59507599342166,0.0,45.3025969036231,0.0,0.0,0.0,0.0,0.0,0.0,0.0
10.0,3.52852642632132,0.0034490261100571,0.0034490261002065,0.999994052088302,0.9999940520883022,49.41374639287597,0.0,49.9770077249871,0.0,45.595075990842645,0.0,45.30259685749732,0.0,0.0,0.0,0.0,0.0,0.0,0.0
10.0,3.52877643882194,0.0034490581639513,0.0034490581541046,0.999994051977748,0.999994051977748,49.41374638517031,0.0,49.97700750147502,0.0,45.59507598826346,0.0,45.302596811368296,0.0,0.0,0.0,0.0,0.0,0.0,0.0
10.0,3.52902645132257,0.0034490902197956,0.0034490902099528,0.9999940518671868,0.999994051867187,49.41374637746394,0.0,49.97700727795077,0.0,45.59507598568408,0.0,45.30259676523603,0.0,0.0,0.0,0.0,0.0,0.0,0.0
10.0,3.52927646382319,0.0034491222775899,0.003449122267751,0.999994051756618,0.999994051756617,49.41374636975692,0.0,49.97700705441432,0.0,45.59507598310453,0.0,45.30259671910052,0.0,0.0,0.0,0.0,0.0,0.0,0.0
10.0,3.52952647632382,0.0034491543373342,0.0034491543274991,0.999994051646041,0.99999405164604,49.4137463620492,0.0,49.97700683086567,0.0,45.59507598052479,0.0,45.30259667296177,0.0,0.0,0.0,0.0,0.0,0.0,0.0
10.0,3.52977648882444,0.0034491863990285,0.0034491863891972,0.999994051535456,0.999994051535456,49.41374635434081,0.0,49.9770066073048,0.0,45.59507597794487,0.0,45.30259662681978,0.0,0.0,0.0,0.0,0.0,0.0,0.0
10.0,3.53002650132507,0.0034492184626726,0.0034492184528452,0.999994051424864,0.999994051424863,49.41374634663172,0.0,49.97700638373171,0.0,45.59507597536475,0.0,45.302596580674525,0.0,0.0,0.0,0.0,0.0,0.0,0.0
10.0,3.53027651382569,0.0034492505282665,0.003449250518443,0.999994051314263,0.999994051314263,49.41374633892195,0.0,49.977006160146416,0.0,45.595075972784464,0.0,45.30259653452603,0.0,0.0,0.0,0.0,0.0,0.0,0.0
10.0,3.53052652632632,0.0034492825958101,0.0034492825859905,0.9999940512036548,0.999994051203655,49.41374633121151,0.0,49.97700593654891,0.0,45.59507597020399,0.0,45.30259648837431,0.0,0.0,0.0,0.0,0.0,0.0,0.0
10.0,3.53077653882694,0.0034493146653034,0.0034493146554876,0.99999405109304,0.999994051093039,49.41374632350038,0.0,49.97700571293917,0.0,45.59507596762333,0.0,45.302596442219325,0.0,0.0,0.0,0.0,0.0,0.0,0.0
10.0,3.53102655132757,0.0034493467367464,0.0034493467269344,0.999994050982416,0.999994050982416,49.41374631578857,0.0,49.977005489317214,0.0,45.59507596504248,0.0,45.30259639606111,0.0,0.0,0.0,0.0,0.0,0.0,0.0
10.0,3.53127656382819,0.0034493788101389,0.0034493788003308,0.999994050871785,0.999994050871784,49.41374630807607,0.0,49.97700526568301,0.0,45.595075962461465,0.0,45.30259634989964,0.0,0.0,0.0,0.0,0.0,0.0,0.0
10.0,3.53152657632882,0.0034494108854809,0.0034494108756767,0.999994050761146,0.9999940507611452,49.413746300362895,0.0,49.97700504203658,0.0,45.59507595988026,0.0,45.30259630373492,0.0,0.0,0.0,0.0,0.0,0.0,0.0
10.0,3.53177658882944,0.0034494429627723,0.003449442952972,0.999994050650499,0.999994050650499,49.41374629264904,0.0,49.97700481837789,0.0,45.59507595729887,0.0,45.30259625756696,0.0,0.0,0.0,0.0,0.0,0.0,0.0
10.0,3.53202660133007,0.0034494750420132,0.0034494750322167,0.999994050539845,0.999994050539844,49.4137462849345,0.0,49.97700459470698,0.0,45.595075954717295,0.0,45.302596211395766,0.0,0.0,0.0,0.0,0.0,0.0,0.0
10.0,3.53227661383069,0.0034495071232033,0.0034495071134107,0.999994050429182,0.999994050429182,49.41374627721925,0.0,49.97700437102381,0.0,45.59507595213554,0.0,45.30259616522132,0.0,0.0,0.0,0.0,0.0,0.0,0.0
10.0,3.53252662633132,0.0034495392063428,0.003449539196554,0.999994050318512,0.999994050318512,49.41374626950335,0.0,49.97700414732839,0.0,45.5950759495536,0.0,45.30259611904363,0.0,0.0,0.0,0.0,0.0,0.0,0.0
10.0,3.5327766388319395,0.0034495712914314,0.0034495712816465,0.999994050207834,0.999994050207834,49.41374626178676,0.0,49.97700392362069,0.0,45.59507594697148,0.0,45.30259607286269,0.0,0.0,0.0,0.0,0.0,0.0,0.0
10.0,3.53302665133257,0.0034496033784692,0.0034496033686882,0.999994050097149,0.999994050097148,49.41374625406948,0.0,49.97700369990076,0.0,45.595075944389166,0.0,45.30259602667851,0.0,0.0,0.0,0.0,0.0,0.0,0.0
10.0,3.53327666383319,0.0034496354674561,0.0034496354576789,0.999994049986456,0.999994049986455,49.41374624635152,0.0,49.97700347616855,0.0,45.59507594180667,0.0,45.30259598049109,0.0,0.0,0.0,0.0,0.0,0.0,0.0
10.0,3.53352667633382,0.003449667558392,0.0034496675486187,0.999994049875755,0.999994049875754,49.41374623863289,0.0,49.97700325242407,0.0,45.595075939224,0.0,45.30259593430041,0.0,0.0,0.0,0.0,0.0,0.0,0.0
10.0,3.53377668883444,0.0034496996512769,0.0034496996415074,0.999994049765046,0.999994049765045,49.41374623091356,0.0,49.97700302866732,0.0,45.595075936641145,0.0,45.3025958881065,0.0,0.0,0.0,0.0,0.0,0.0,0.0
10.0,3.5340267013350704,0.0034497317461107,0.0034497317363451,0.999994049654329,0.999994049654329,49.41374622319355,0.0,49.97700280489828,0.0,45.5950759340581,0.0,45.30259584190935,0.0,0.0,0.0,0.0,0.0,0.0,0.0
10.0,3.53427671383569,0.0034497638428934,0.0034497638331316,0.999994049543605,0.999994049543604,49.41374621547286,0.0,49.97700258111697,0.0,45.59507593147488,0.0,45.30259579570895,0.0,0.0,0.0,0.0,0.0,0.0,0.0
10.0,3.53452672633632,0.0034497959416248,0.0034497959318669,0.999994049432873,0.999994049432872,49.41374620775148,0.0,49.97700235732337,0.0,45.59507592889147,0.0,45.302595749505294,0.0,0.0,0.0,0.0,0.0,0.0,0.0
10.0,3.53477673883694,0.003449828042305,0.0034498280325509,0.999994049322133,0.999994049322133,49.41374620002942,0.0,49.97700213351748,0.0,45.595075926307885,0.0,45.3025957032984,0.0,0.0,0.0,0.0,0.0,0.0,0.0
10.0,3.53502675133757,0.0034498601449339,0.0034498601351836,0.999994049211385,0.999994049211385,49.41374619230668,0.0,49.9770019096993,0.0,45.59507592372411,0.0,45.30259565708827,0.0,0.0,0.0,0.0,0.0,0.0,0.0
10.0,3.53527676383819,0.0034498922495113,0.0034498922397649,0.99999404910063,0.99999404910063,49.41374618458326,0.0,49.977001685868814,0.0,45.59507592114016,0.0,45.30259561087489,0.0,0.0,0.0,0.0,0.0,0.0,0.0
10.0,3.53552677633882,0.0034499243560374,0.0034499243462948,0.999994048989867,0.999994048989867,49.41374617685915,0.0,49.97700146202602,0.0,45.59507591855601,0.0,45.30259556465826,0.0,0.0,0.0,0.0,0.0,0.0,0.0
10.0,3.53577678883944,0.0034499564645119,0.0034499564547732,0.999994048879096,0.9999940488790962,49.41374616913436,0.0,49.977001238170935,0.0,45.59507591597169,0.0,45.3025955184384,0.0,0.0,0.0,0.0,0.0,0.0,0.0
10.0,3.53602680134007,0.0034499885749349,0.0034499885652,0.999994048768318,0.999994048768317,49.41374616140888,0.0,49.97700101430353,0.0,45.595075913387184,0.0,45.30259547221527,0.0,0.0,0.0,0.0,0.0,0.0,0.0
10.0,3.53627681384069,0.0034500206873062,0.0034500206775752,0.999994048657531,0.999994048657531,49.41374615368273,0.0,49.97700079042382,0.0,45.59507591080249,0.0,45.30259542598891,0.0,0.0,0.0,0.0,0.0,0.0,0.0
10.0,3.53652682634132,0.0034500528016259,0.0034500527918987,0.999994048546737,0.999994048546737,49.41374614595588,0.0,49.977000566531785,0.0,45.595075908217616,0.0,45.30259537975931,0.0,0.0,0.0,0.0,0.0,0.0,0.0
10.0,3.53677683884194,0.0034500849178938,0.0034500849081704,0.999994048435935,0.9999940484359352,49.41374613822836,0.0,49.97700034262742,0.0,45.59507590563256,0.0,45.30259533352646,0.0,0.0,0.0,0.0,0.0,0.0,0.0
10.0,3.53702685134257,0.0034501170361099,0.0034501170263904,0.999994048325126,0.9999940483251248,49.41374613050015,0.0,49.97700011871074,0.0,45.59507590304733,0.0,45.30259528729037,0.0,0.0,0.0,0.0,0.0,0.0,0.0
10.0,3.53727686384319,0.0034501491562742,0.0034501491465585,0.9999940482143082,0.999994048214308,49.41374612277127,0.0,49.97699989478173,0.0,45.5950759004619,0.0,45.30259524105104,0.0,0.0,0.0,0.0,0.0,0.0,0.0
10.0,3.53752687634382,0.0034501812783865,0.0034501812686747,0.999994048103483,0.999994048103483,49.41374611504168,0.0,49.97699967084037,0.0,45.59507589787629,0.0,45.30259519480845,0.0,0.0,0.0,0.0,0.0,0.0,0.0
10.0,3.53777688884444,0.0034502134024469,0.0034502133927389,0.999994047992651,0.99999404799265,49.41374610731143,0.0,49.97699944688669,0.0,45.595075895290506,0.0,45.302595148562624,0.0,0.0,0.0,0.0,0.0,0.0,0.0
10.0,3.53802690134507,0.0034502455284552,0.003450245518751,0.99999404788181,0.999994047881809,49.41374609958048,0.0,49.97699922292066,0.0,45.59507589270453,0.0,45.30259510231356,0.0,0.0,0.0,0.0,0.0,0.0,0.0
10.0,3.53827691384569,0.0034502776564115,0.0034502776467111,0.999994047770962,0.9999940477709612,49.41374609184886,0.0,49.976998998942285,0.0,45.59507589011837,0.0,45.30259505606124,0.0,0.0,0.0,0.0,0.0,0.0,0.0
10.0,3.53852692634632,0.0034503097863156,0.003450309776619,0.999994047660105,0.999994047660105,49.41374608411655,0.0,49.97699877495156,0.0,45.59507588753203,0.0,45.302595009805685,0.0,0.0,0.0,0.0,0.0,0.0,0.0
10.0,3.53877693884694,0.0034503419181674,0.0034503419084747,0.999994047549241,0.999994047549241,49.41374607638355,0.0,49.97699855094848,0.0,45.59507588494551,0.0,45.30259496354688,0.0,0.0,0.0,0.0,0.0,0.0,0.0
10.0,3.53902695134757,0.003450374051967,0.0034503740422781,0.99999404743837,0.9999940474383692,49.41374606864987,0.0,49.97699832693305,0.0,45.595075882358806,0.0,45.30259491728483,0.0,0.0,0.0,0.0,0.0,0.0,0.0
10.0,3.53927696384819,0.0034504061877143,0.0034504061780292,0.999994047327491,0.99999404732749,49.41374606091551,0.0,49.97699810290525,0.0,45.59507587977192,0.0,45.30259487101954,0.0,0.0,0.0,0.0,0.0,0.0,0.0
10.0,3.5395269763488195,0.0034504383254091,0.0034504383157279,0.999994047216603,0.999994047216603,49.41374605318047,0.0,49.976997878865085,0.0,45.59507587718484,0.0,45.302594824751,0.0,0.0,0.0,0.0,0.0,0.0,0.0
10.0,3.53977698884944,0.0034504704650516,0.0034504704553742,0.999994047105709,0.999994047105708,49.413746045444746,0.0,49.97699765481255,0.0,45.595075874597576,0.0,45.30259477847922,0.0,0.0,0.0,0.0,0.0,0.0,0.0
10.0,3.54002700135007,0.0034505026066415,0.0034505025969679,0.999994046994806,0.999994046994805,49.41374603770833,0.0,49.976997430747645,0.0,45.59507587201014,0.0,45.30259473220418,0.0,0.0,0.0,0.0,0.0,0.0,0.0
10.0,3.54027701385069,0.0034505347501788,0.0034505347405091,0.9999940468838948,0.999994046883895,49.41374602997123,0.0,49.97699720667036,0.0,45.59507586942252,0.0,45.30259468592592,0.0,0.0,0.0,0.0,0.0,0.0,0.0
10.0,3.54052702635132,0.0034505668956635,0.0034505668859976,0.9999940467729768,0.999994046772977,49.413746022233454,0.0,49.97699698258069,0.0,45.59507586683471,0.0,45.3025946396444,0.0,0.0,0.0,0.0,0.0,0.0,0.0
10.0,3.54077703885194,0.0034505990430955,0.0034505990334334,0.999994046662051,0.999994046662051,49.41374601449499,0.0,49.97699675847864,0.0,45.59507586424672,0.0,45.30259459335964,0.0,0.0,0.0,0.0,0.0,0.0,0.0
10.0,3.54102705135257,0.0034506311924748,0.0034506311828165,0.999994046551118,0.999994046551117,49.41374600675584,0.0,49.97699653436419,0.0,45.59507586165855,0.0,45.30259454707164,0.0,0.0,0.0,0.0,0.0,0.0,0.0
10.0,3.54127706385319,0.0034506633438012,0.0034506633341468,0.999994046440176,0.999994046440176,49.41374599901601,0.0,49.97699631023736,0.0,45.59507585907019,0.0,45.3025945007804,0.0,0.0,0.0,0.0,0.0,0.0,0.0
10.0,3.54152707635382,0.0034506954970748,0.0034506954874242,0.999994046329227,0.999994046329227,49.41374599127549,0.0,49.97699608609813,0.0,45.59507585648166,0.0,45.30259445448589,0.0,0.0,0.0,0.0,0.0,0.0,0.0
10.0,3.5417770888544404,0.0034507276522955,0.0034507276426487,0.99999404621827,0.99999404621827,49.41374598353429,0.0,49.9769958619465,0.0,45.59507585389294,0.0,45.30259440818816,0.0,0.0,0.0,0.0,0.0,0.0,0.0
10.0,3.54202710135507,0.0034507598094632,0.0034507597998202,0.999994046107305,0.999994046107305,49.41374597579241,0.0,49.97699563778247,0.0,45.59507585130403,0.0,45.30259436188718,0.0,0.0,0.0,0.0,0.0,0.0,0.0
10.0,3.54227711385569,0.0034507919685778,0.0034507919589386,0.999994045996333,0.999994045996333,49.41374596804984,0.0,49.976995413606026,0.0,45.59507584871494,0.0,45.30259431558295,0.0,0.0,0.0,0.0,0.0,0.0,0.0
10.0,3.54252712635632,0.0034508241296393,0.003450824120004,0.999994045885353,0.999994045885352,49.41374596030659,0.0,49.97699518941716,0.0,45.59507584612567,0.0,45.30259426927548,0.0,0.0,0.0,0.0,0.0,0.0,0.0
10.0,3.54277713885694,0.0034508562926477,0.0034508562830162,0.999994045774365,0.999994045774364,49.41374595256265,0.0,49.97699496521589,0.0,45.595075843536215,0.0,45.30259422296477,0.0,0.0,0.0,0.0,0.0,0.0,0.0
10.0,3.54302715135757,0.0034508884576028,0.0034508884479751,0.999994045663369,0.9999940456633692,49.413745944818025,0.0,49.9769947410022,0.0,45.59507584094658,0.0,45.30259417665081,0.0,0.0,0.0,0.0,0.0,0.0,0.0
10.0,3.54327716385819,0.0034509206245047,0.0034509206148808,0.999994045552366,0.999994045552365,49.413745937072726,0.0,49.97699451677609,0.0,45.59507583835675,0.0,45.30259413033361,0.0,0.0,0.0,0.0,0.0,0.0,0.0
10.0,3.54352717635882,0.0034509527933532,0.0034509527837331,0.999994045441355,0.999994045441354,49.41374592932674,0.0,49.97699429253755,0.0,45.595075835766735,0.0,45.30259408401316,0.0,0.0,0.0,0.0,0.0,0.0,0.0
10.0,3.54377718885944,0.0034509849641483,0.003450984954532,0.999994045330336,0.999994045330335,49.41374592158006,0.0,49.97699406828657,0.0,45.59507583317656,0.0,45.30259403768947,0.0,0.0,0.0,0.0,0.0,0.0,0.0
10.0,3.54402720136007,0.00345101713689,0.0034510171272775,0.9999940452193092,0.999994045219308,49.4137459138327,0.0,49.97699384402316,0.0,45.59507583058618,0.0,45.30259399136253,0.0,0.0,0.0,0.0,0.0,0.0,0.0
10.0,3.54427721386069,0.0034510493115781,0.0034510493019695,0.999994045108274,0.999994045108274,49.41374590608466,0.0,49.976993619747326,0.0,45.59507582799562,0.0,45.302593945032335,0.0,0.0,0.0,0.0,0.0,0.0,0.0
10.0,3.54452722636132,0.0034510814882127,0.0034510814786078,0.999994044997232,0.999994044997232,49.41374589833594,0.0,49.97699339545903,0.0,45.59507582540488,0.0,45.30259389869892,0.0,0.0,0.0,0.0,0.0,0.0,0.0
10.0,3.54477723886194,0.0034511136667936,0.0034511136571925,0.999994044886182,0.999994044886182,49.41374589058653,0.0,49.9769931711583,0.0,45.59507582281396,0.0,45.30259385236225,0.0,0.0,0.0,0.0,0.0,0.0,0.0
10.0,3.54502725136257,0.0034511458473208,0.0034511458377236,0.999994044775124,0.999994044775124,49.41374588283644,0.0,49.97699294684511,0.0,45.59507582022285,0.0,45.30259380602233,0.0,0.0,0.0,0.0,0.0,0.0,0.0
10.0,3.54527726386319,0.0034511780297943,0.0034511780202008,0.999994044664059,0.999994044664059,49.41374587508565,0.0,49.97699272251948,0.0,45.59507581763157,0.0,45.30259375967917,0.0,0.0,0.0,0.0,0.0,0.0,0.0
10.0,3.54552727636382,0.0034512102142139,0.0034512102046243,0.999994044552986,0.9999940445529852,49.4137458673342,0.0,49.97699249818138,0.0,45.5950758150401,0.0,45.302593713332776,0.0,0.0,0.0,0.0,0.0,0.0,0.0
10.0,3.54577728886444,0.0034512424005797,0.0034512423909939,0.999994044441905,0.999994044441904,49.41374585958205,0.0,49.97699227383083,0.0,45.59507581244844,0.0,45.30259366698312,0.0,0.0,0.0,0.0,0.0,0.0,0.0
10.0,3.54602730136507,0.0034512745888915,0.0034512745793095,0.999994044330816,0.999994044330816,49.41374585182921,0.0,49.9769920494678,0.0,45.5950758098566,0.0,45.30259362063023,0.0,0.0,0.0,0.0,0.0,0.0,0.0
10.0,3.54627731386569,0.0034513067791493,0.0034513067695711,0.999994044219719,0.999994044219719,49.4137458440757,0.0,49.97699182509232,0.0,45.59507580726457,0.0,45.3025935742741,0.0,0.0,0.0,0.0,0.0,0.0,0.0
10.0,3.54652732636632,0.0034513389713531,0.0034513389617787,0.999994044108615,0.999994044108615,49.413745836321496,0.0,49.97699160070436,0.0,45.595075804672376,0.0,45.30259352791472,0.0,0.0,0.0,0.0,0.0,0.0,0.0
10.0,3.54677733886694,0.0034513711655028,0.0034513711559322,0.999994043997503,0.999994043997503,49.41374582856661,0.0,49.97699137630393,0.0,45.59507580207999,0.0,45.30259348155209,0.0,0.0,0.0,0.0,0.0,0.0,0.0
10.0,3.54702735136757,0.0034514033615983,0.0034514033520315,0.999994043886384,0.999994043886383,49.41374582081103,0.0,49.976991151891006,0.0,45.59507579948742,0.0,45.30259343518622,0.0,0.0,0.0,0.0,0.0,0.0,0.0
10.0,3.5472773638681896,0.0034514355596396,0.0034514355500765,0.999994043775256,0.999994043775256,49.41374581305477,0.0,49.976990927465614,0.0,45.595075796894655,0.0,45.3025933888171,0.0,0.0,0.0,0.0,0.0,0.0,0.0
10.0,3.54752737636882,0.0034514677596265,0.0034514677500673,0.999994043664121,0.99999404366412,49.41374580529785,0.0,49.97699070302774,0.0,45.595075794301714,0.0,45.30259334244474,0.0,0.0,0.0,0.0,0.0,0.0,0.0
10.0,3.54777738886944,0.0034514999615591,0.0034514999520037,0.9999940435529782,0.999994043552977,49.41374579754022,0.0,49.97699047857736,0.0,45.5950757917086,0.0,45.30259329606914,0.0,0.0,0.0,0.0,0.0,0.0,0.0
10.0,3.54802740137007,0.0034515321654374,0.0034515321558857,0.999994043441827,0.9999940434418269,49.41374578978191,0.0,49.97699025411448,0.0,45.595075789115285,0.0,45.30259324969029,0.0,0.0,0.0,0.0,0.0,0.0,0.0
10.0,3.54827741387069,0.0034515643712611,0.0034515643617133,0.9999940433306688,0.999994043330668,49.413745782022914,0.0,49.97699002963912,0.0,45.5950757865218,0.0,45.302593203308206,0.0,0.0,0.0,0.0,0.0,0.0,0.0
10.0,3.5485274263713205,0.0034515965790303,0.0034515965694863,0.999994043219502,0.999994043219502,49.41374577426324,0.0,49.97698980515125,0.0,45.59507578392813,0.0,45.30259315692288,0.0,0.0,0.0,0.0,0.0,0.0,0.0
10.0,3.54877743887194,0.0034516287887449,0.0034516287792047,0.999994043108328,0.999994043108328,49.41374576650288,0.0,49.97698958065088,0.0,45.59507578133427,0.0,45.302593110534296,0.0,0.0,0.0,0.0,0.0,0.0,0.0
10.0,3.54902745137257,0.0034516610004049,0.0034516609908685,0.999994042997146,0.999994042997146,49.41374575874183,0.0,49.976989356138,0.0,45.59507577874024,0.0,45.302593064142464,0.0,0.0,0.0,0.0,0.0,0.0,0.0
10.0,3.54927746387319,0.0034516932140102,0.0034516932044775,0.9999940428859568,0.999994042885956,49.41374575098009,0.0,49.976989131612605,0.0,45.59507577614601,0.0,45.3025930177474,0.0,0.0,0.0,0.0,0.0,0.0,0.0
10.0,3.54952747637382,0.0034517254295607,0.0034517254200318,0.99999404277476,0.9999940427747592,49.41374574321767,0.0,49.9769889070747,0.0,45.595075773551606,0.0,45.30259297134909,0.0,0.0,0.0,0.0,0.0,0.0,0.0
10.0,3.54977748887444,0.0034517576470564,0.0034517576375313,0.999994042663555,0.999994042663554,49.413745735454576,0.0,49.97698868252427,0.0,45.59507577095702,0.0,45.30259292494753,0.0,0.0,0.0,0.0,0.0,0.0,0.0
10.0,3.55002750137507,0.0034517898664971,0.0034517898569758,0.999994042552342,0.999994042552341,49.41374572769079,0.0,49.97698845796132,0.0,45.59507576836225,0.0,45.30259287854273,0.0,0.0,0.0,0.0,0.0,0.0,0.0
10.0,3.55027751387569,0.003451822087883,0.0034518220783655,0.9999940424411208,0.999994042441121,49.41374571992631,0.0,49.976988233385846,0.0,45.59507576576729,0.0,45.302592832134685,0.0,0.0,0.0,0.0,0.0,0.0,0.0
10.0,3.55052752637632,0.0034518543112138,0.0034518543017001,0.999994042329893,0.999994042329893,49.41374571216115,0.0,49.97698800879784,0.0,45.59507576317215,0.0,45.3025927857234,0.0,0.0,0.0,0.0,0.0,0.0,0.0
10.0,3.55077753887694,0.0034518865364896,0.0034518865269797,0.999994042218657,0.999994042218657,49.41374570439532,0.0,49.97698778419729,0.0,45.59507576057683,0.0,45.302592739308864,0.0,0.0,0.0,0.0,0.0,0.0,0.0
10.0,3.55102755137757,0.0034519187637103,0.0034519187542041,0.999994042107413,0.999994042107413,49.4137456966288,0.0,49.97698755958422,0.0,45.59507575798133,0.0,45.30259269289109,0.0,0.0,0.0,0.0,0.0,0.0,0.0
10.0,3.55127756387819,0.0034519509928757,0.0034519509833733,0.999994041996162,0.999994041996161,49.41374568886157,0.0,49.976987334958594,0.0,45.59507575538564,0.0,45.30259264647007,0.0,0.0,0.0,0.0,0.0,0.0,0.0
10.0,3.55152757637882,0.003451983223986,0.0034519832144874,0.9999940418849022,0.999994041884902,49.41374568109367,0.0,49.97698711032043,0.0,45.59507575278977,0.0,45.3025926000458,0.0,0.0,0.0,0.0,0.0,0.0,0.0
10.0,3.55177758887944,0.0034520154570409,0.0034520154475461,0.999994041773635,0.999994041773635,49.41374567332509,0.0,49.97698688566973,0.0,45.59507575019372,0.0,45.30259255361829,0.0,0.0,0.0,0.0,0.0,0.0,0.0
10.0,3.55202760138007,0.0034520476920405,0.0034520476825494,0.99999404166236,0.9999940416623598,49.41374566555582,0.0,49.976986661006464,0.0,45.59507574759748,0.0,45.30259250718753,0.0,0.0,0.0,0.0,0.0,0.0,0.0
10.0,3.55227761388069,0.0034520799289846,0.0034520799194973,0.999994041551078,0.999994041551077,49.41374565778587,0.0,49.97698643633065,0.0,45.595075745001054,0.0,45.30259246075354,0.0,0.0,0.0,0.0,0.0,0.0,0.0
10.0,3.55252762638132,0.0034521121678733,0.0034521121583898,0.999994041439788,0.999994041439787,49.41374565001524,0.0,49.97698621164227,0.0,45.59507574240444,0.0,45.30259241431629,0.0,0.0,0.0,0.0,0.0,0.0,0.0
10.0,3.55277763888194,0.0034521444087064,0.0034521443992267,0.999994041328489,0.999994041328489,49.4137456422439,0.0,49.976985986941344,0.0,45.595075739807655,0.0,45.3025923678758,0.0,0.0,0.0,0.0,0.0,0.0,0.0
10.0,3.55302765138257,0.0034521766514839,0.003452176642008,0.999994041217184,0.9999940412171828,49.41374563447191,0.0,49.97698576222784,0.0,45.595075737210685,0.0,45.30259232143207,0.0,0.0,0.0,0.0,0.0,0.0,0.0
10.0,3.55327766388319,0.0034522088962058,0.0034522088867336,0.99999404110587,0.99999404110587,49.41374562669921,0.0,49.97698553750177,0.0,45.59507573461353,0.0,45.302592274985095,0.0,0.0,0.0,0.0,0.0,0.0,0.0
10.0,3.55352767638382,0.003452241142872,0.0034522411334036,0.9999940409945492,0.999994040994548,49.41374561892583,0.0,49.97698531276312,0.0,45.59507573201619,0.0,45.30259222853488,0.0,0.0,0.0,0.0,0.0,0.0,0.0
10.0,3.55377768888444,0.0034522733914823,0.0034522733820177,0.99999404088322,0.999994040883219,49.41374561115176,0.0,49.97698508801191,0.0,45.595075729418674,0.0,45.30259218208142,0.0,0.0,0.0,0.0,0.0,0.0,0.0
10.0,3.5540277013850696,0.0034523056420369,0.003452305632576,0.999994040771883,0.999994040771882,49.41374560337701,0.0,49.976984863248106,0.0,45.595075726820966,0.0,45.3025921356247,0.0,0.0,0.0,0.0,0.0,0.0,0.0
10.0,3.55427771388569,0.0034523378945355,0.0034523378850785,0.999994040660538,0.999994040660538,49.413745595601576,0.0,49.97698463847173,0.0,45.59507572422308,0.0,45.302592089164754,0.0,0.0,0.0,0.0,0.0,0.0,0.0
10.0,3.55452772638632,0.0034523701489782,0.0034523701395249,0.999994040549186,0.999994040549185,49.41374558782545,0.0,49.97698441368277,0.0,45.595075721625,0.0,45.30259204270156,0.0,0.0,0.0,0.0,0.0,0.0,0.0
10.0,3.55477773888694,0.0034524024053649,0.0034524023959154,0.999994040437826,0.9999940404378252,49.41374558004865,0.0,49.9769841888812,0.0,45.59507571902675,0.0,45.30259199623512,0.0,0.0,0.0,0.0,0.0,0.0,0.0
10.0,3.55502775138757,0.0034524346636955,0.0034524346542497,0.999994040326458,0.999994040326457,49.413745572271154,0.0,49.97698396406706,0.0,45.59507571642831,0.0,45.30259194976543,0.0,0.0,0.0,0.0,0.0,0.0,0.0
10.0,3.55527776388819,0.00345246692397,0.003452466914528,0.999994040215082,0.999994040215082,49.41374556449298,0.0,49.97698373924031,0.0,45.595075713829694,0.0,45.3025919032925,0.0,0.0,0.0,0.0,0.0,0.0,0.0
10.0,3.55552777638882,0.0034524991861883,0.00345249917675,0.999994040103699,0.999994040103698,49.41374555671412,0.0,49.97698351440096,0.0,45.59507571123088,0.0,45.302591856816335,0.0,0.0,0.0,0.0,0.0,0.0,0.0
10.0,3.55577778888944,0.0034525314503503,0.0034525314409158,0.999994039992308,0.999994039992307,49.41374554893456,0.0,49.97698328954901,0.0,45.595075708631896,0.0,45.30259181033692,0.0,0.0,0.0,0.0,0.0,0.0,0.0
10.0,3.55602780139007,0.003452563716456,0.0034525637070253,0.9999940398809088,0.999994039880908,49.413745541154334,0.0,49.97698306468445,0.0,45.59507570603273,0.0,45.30259176385425,0.0,0.0,0.0,0.0,0.0,0.0,0.0
10.0,3.5562778138906896,0.0034525959845054,0.0034525959750784,0.999994039769502,0.999994039769502,49.41374553337341,0.0,49.976982839807285,0.0,45.595075703433366,0.0,45.30259171736834,0.0,0.0,0.0,0.0,0.0,0.0,0.0
10.0,3.55652782639132,0.0034526282544983,0.0034526282450751,0.999994039658088,0.999994039658087,49.41374552559181,0.0,49.97698261491751,0.0,45.59507570083384,0.0,45.3025916708792,0.0,0.0,0.0,0.0,0.0,0.0,0.0
10.0,3.55677783889194,0.0034526605264347,0.0034526605170153,0.999994039546666,0.999994039546665,49.41374551780952,0.0,49.97698239001511,0.0,45.59507569823411,0.0,45.3025916243868,0.0,0.0,0.0,0.0,0.0,0.0,0.0
10.0,3.55702785139257,0.0034526928003146,0.0034526927908989,0.999994039435236,0.999994039435236,49.413745510026544,0.0,49.97698216510009,0.0,45.5950756956342,0.0,45.30259157789117,0.0,0.0,0.0,0.0,0.0,0.0,0.0
10.0,3.55727786389319,0.0034527250761379,0.003452725066726,0.999994039323798,0.999994039323798,49.41374550224288,0.0,49.97698194017244,0.0,45.59507569303412,0.0,45.30259153139229,0.0,0.0,0.0,0.0,0.0,0.0,0.0
10.0,3.55752787639382,0.0034527573539045,0.0034527573444963,0.999994039212353,0.999994039212352,49.41374549445853,0.0,49.97698171523218,0.0,45.59507569043385,0.0,45.30259148489015,0.0,0.0,0.0,0.0,0.0,0.0,0.0
10.0,3.55777788889444,0.0034527896336143,0.0034527896242099,0.9999940391009,0.9999940391008992,49.41374548667349,0.0,49.97698149027928,0.0,45.59507568783339,0.0,45.30259143838479,0.0,0.0,0.0,0.0,0.0,0.0,0.0
10.0,3.55802790139507,0.0034528219152674,0.0034528219058668,0.999994038989439,0.999994038989439,49.413745478887776,0.0,49.97698126531374,0.0,45.59507568523276,0.0,45.30259139187617,0.0,0.0,0.0,0.0,0.0,0.0,0.0
10.0,3.55827791389569,0.0034528541988637,0.0034528541894668,0.99999403887797,0.99999403887797,49.41374547110137,0.0,49.97698104033557,0.0,45.595075682631936,0.0,45.30259134536432,0.0,0.0,0.0,0.0,0.0,0.0,0.0
10.0,3.55852792639632,0.003452886484403,0.0034528864750099,0.999994038766494,0.999994038766493,49.41374546331428,0.0,49.97698081534476,0.0,45.59507568003093,0.0,45.30259129884921,0.0,0.0,0.0,0.0,0.0,0.0,0.0
10.0,3.55877793889695,0.0034529187718854,0.003452918762496,0.99999403865501,0.999994038655009,49.4137454555265,0.0,49.976980590341306,0.0,45.59507567742973,0.0,45.30259125233087,0.0,0.0,0.0,0.0,0.0,0.0,0.0
10.0,3.55902795139757,0.0034529510613107,0.0034529510519251,0.999994038543518,0.999994038543517,49.41374544773804,0.0,49.9769803653252,0.0,45.595075674828365,0.0,45.30259120580927,0.0,0.0,0.0,0.0,0.0,0.0,0.0
10.0,3.55927796389819,0.003452983352679,0.0034529833432971,0.999994038432018,0.999994038432018,49.41374543994889,0.0,49.97698014029645,0.0,45.59507567222681,0.0,45.30259115928445,0.0,0.0,0.0,0.0,0.0,0.0,0.0
10.0,3.55952797639882,0.0034530156459901,0.003453015636612,0.999994038320511,0.99999403832051,49.413745432159054,0.0,49.97697991525504,0.0,45.59507566962508,0.0,45.30259111275636,0.0,0.0,0.0,0.0,0.0,0.0,0.0
10.0,3.55977798889944,0.003453047941244,0.0034530479318697,0.999994038208996,0.9999940382089948,49.413745424368535,0.0,49.97697969020097,0.0,45.59507566702315,0.0,45.30259106622504,0.0,0.0,0.0,0.0,0.0,0.0,0.0
10.0,3.56002800140007,0.0034530802384407,0.0034530802290701,0.999994038097473,0.999994038097472,49.41374541657733,0.0,49.97697946513425,0.0,45.595075664421046,0.0,45.30259101969048,0.0,0.0,0.0,0.0,0.0,0.0,0.0
10.0,3.56027801390069,0.00345311253758,0.0034531125282132,0.999994037985942,0.999994037985942,49.41374540878543,0.0,49.97697924005486,0.0,45.59507566181876,0.0,45.30259097315266,0.0,0.0,0.0,0.0,0.0,0.0,0.0
10.0,3.56052802640132,0.003453144838662,0.0034531448292989,0.999994037874404,0.999994037874403,49.41374540099286,0.0,49.9769790149628,0.0,45.59507565921629,0.0,45.302590926611614,0.0,0.0,0.0,0.0,0.0,0.0,0.0
10.0,3.56077803890195,0.0034531771416865,0.0034531771323271,0.999994037762858,0.9999940377628568,49.41374539319959,0.0,49.97697878985807,0.0,45.59507565661364,0.0,45.302590880067314,0.0,0.0,0.0,0.0,0.0,0.0,0.0
10.0,3.56102805140257,0.0034532094466535,0.0034532094372979,0.999994037651304,0.999994037651303,49.41374538540564,0.0,49.97697856474067,0.0,45.5950756540108,0.0,45.302590833519766,0.0,0.0,0.0,0.0,0.0,0.0,0.0
10.0,3.5612780639032,0.003453241753563,0.0034532417442111,0.999994037539742,0.999994037539741,49.413745377610994,0.0,49.9769783396106,0.0,45.59507565140778,0.0,45.302590786968985,0.0,0.0,0.0,0.0,0.0,0.0,0.0
10.0,3.56152807640382,0.0034532740624148,0.0034532740530666,0.9999940374281718,0.999994037428172,49.41374536981568,0.0,49.97697811446783,0.0,45.59507564880458,0.0,45.30259074041495,0.0,0.0,0.0,0.0,0.0,0.0,0.0
10.0,3.56177808890445,0.003453306373209,0.0034533063638645,0.999994037316595,0.999994037316595,49.41374536201966,0.0,49.97697788931239,0.0,45.59507564620118,0.0,45.30259069385768,0.0,0.0,0.0,0.0,0.0,0.0,0.0
10.0,3.56202810140507,0.0034533386859454,0.0034533386766047,0.99999403720501,0.99999403720501,49.41374535422297,0.0,49.97697766414426,0.0,45.59507564359762,0.0,45.30259064729715,0.0,0.0,0.0,0.0,0.0,0.0,0.0
10.0,3.5622781139057,0.003453371000624,0.0034533709912871,0.999994037093418,0.999994037093417,49.41374534642559,0.0,49.97697743896343,0.0,45.59507564099386,0.0,45.30259060073339,0.0,0.0,0.0,0.0,0.0,0.0,0.0
10.0,3.56252812640632,0.0034534033172448,0.0034534033079116,0.999994036981817,0.9999940369818172,49.41374533862752,0.0,49.97697721376992,0.0,45.59507563838993,0.0,45.30259055416639,0.0,0.0,0.0,0.0,0.0,0.0,0.0
10.0,3.56277813890695,0.0034534356358076,0.0034534356264782,0.9999940368702092,0.999994036870208,49.41374533082875,0.0,49.97697698856371,0.0,45.59507563578581,0.0,45.30259050759613,0.0,0.0,0.0,0.0,0.0,0.0,0.0
10.0,3.5630281514075697,0.0034534679563125,0.0034534679469868,0.999994036758593,0.999994036758593,49.41374532302932,0.0,49.97697676334481,0.0,45.59507563318149,0.0,45.30259046102264,0.0,0.0,0.0,0.0,0.0,0.0,0.0
10.0,3.5632781639082,0.0034535002787593,0.0034535002694374,0.99999403664697,0.999994036646969,49.41374531522919,0.0,49.97697653811319,0.0,45.59507563057701,0.0,45.3025904144459,0.0,0.0,0.0,0.0,0.0,0.0,0.0
10.0,3.56352817640882,0.0034535326031481,0.0034535325938298,0.999994036535338,0.999994036535338,49.41374530742838,0.0,49.976976312868864,0.0,45.59507562797234,0.0,45.30259036786592,0.0,0.0,0.0,0.0,0.0,0.0,0.0
10.0,3.56377818890945,0.0034535649294787,0.0034535649201642,0.999994036423699,0.999994036423699,49.41374529962688,0.0,49.97697608761184,0.0,45.595075625367485,0.0,45.30259032128269,0.0,0.0,0.0,0.0,0.0,0.0,0.0
10.0,3.56402820141007,0.0034535972577511,0.0034535972484403,0.999994036312052,0.999994036312051,49.41374529182468,0.0,49.97697586234209,0.0,45.59507562276245,0.0,45.30259027469622,0.0,0.0,0.0,0.0,0.0,0.0,0.0
10.0,3.5642782139107,0.0034536295879652,0.0034536295786581,0.999994036200397,0.999994036200397,49.413745284021815,0.0,49.97697563705963,0.0,45.59507562015723,0.0,45.3025902281065,0.0,0.0,0.0,0.0,0.0,0.0,0.0
10.0,3.56452822641132,0.0034536619201209,0.0034536619108176,0.999994036088735,0.999994036088734,49.41374527621825,0.0,49.97697541176446,0.0,45.59507561755182,0.0,45.30259018151354,0.0,0.0,0.0,0.0,0.0,0.0,0.0
10.0,3.56477823891195,0.0034536942542183,0.0034536942449187,0.999994035977064,0.999994035977064,49.413745268414,0.0,49.97697518645656,0.0,45.595075614946246,0.0,45.30259013491734,0.0,0.0,0.0,0.0,0.0,0.0,0.0
10.0,3.56502825141257,0.0034537265902573,0.0034537265809614,0.999994035865386,0.999994035865386,49.41374526060907,0.0,49.97697496113594,0.0,45.59507561234047,0.0,45.3025900883179,0.0,0.0,0.0,0.0,0.0,0.0,0.0
10.0,3.5652782639132,0.0034537589282377,0.0034537589189455,0.999994035753701,0.9999940357537,49.41374525280345,0.0,49.97697473580258,0.0,45.59507560973451,0.0,45.3025900417152,0.0,0.0,0.0,0.0,0.0,0.0,0.0
10.0,3.56552827641382,0.0034537912681595,0.0034537912588711,0.9999940356420068,0.999994035642007,49.413745244997145,0.0,49.976974510456486,0.0,45.59507560712838,0.0,45.30258999510927,0.0,0.0,0.0,0.0,0.0,0.0,0.0
10.0,3.56577828891445,0.0034538236100227,0.0034538236007381,0.999994035530306,0.999994035530306,49.41374523719015,0.0,49.97697428509767,0.0,45.59507560452206,0.0,45.30258994850009,0.0,0.0,0.0,0.0,0.0,0.0,0.0
10.0,3.56602830141507,0.0034538559538273,0.0034538559445463,0.9999940354185968,0.999994035418597,49.41374522938247,0.0,49.97697405972611,0.0,45.59507560191555,0.0,45.30258990188767,0.0,0.0,0.0,0.0,0.0,0.0,0.0
10.0,3.5662783139157,0.0034538882995731,0.0034538882902958,0.999994035306881,0.99999403530688,49.4137452215741,0.0,49.976973834341806,0.0,45.59507559930886,0.0,45.302589855272,0.0,0.0,0.0,0.0,0.0,0.0,0.0
10.0,3.56652832641632,0.00345392064726,0.0034539206379865,0.9999940351951558,0.999994035195156,49.413745213765054,0.0,49.97697360894476,0.0,45.595075596702,0.0,45.302589808653096,0.0,0.0,0.0,0.0,0.0,0.0,0.0
10.0,3.56677833891695,0.0034539529968882,0.0034539529876183,0.999994035083424,0.999994035083423,49.41374520595531,0.0,49.97697338353496,0.0,45.59507559409494,0.0,45.30258976203093,0.0,0.0,0.0,0.0,0.0,0.0,0.0
10.0,3.56702835141757,0.0034539853484573,0.0034539853391912,0.999994034971684,0.999994034971683,49.41374519814488,0.0,49.97697315811242,0.0,45.5950755914877,0.0,45.30258971540554,0.0,0.0,0.0,0.0,0.0,0.0,0.0
10.0,3.5672783639182,0.0034540177019675,0.0034540176927052,0.999994034859936,0.999994034859936,49.41374519033377,0.0,49.97697293267712,0.0,45.59507558888028,0.0,45.302589668776896,0.0,0.0,0.0,0.0,0.0,0.0,0.0
10.0,3.56752837641882,0.0034540500574187,0.00345405004816,0.9999940347481808,0.99999403474818,49.41374518252197,0.0,49.976972707229066,0.0,45.59507558627268,0.0,45.30258962214501,0.0,0.0,0.0,0.0,0.0,0.0,0.0
10.0,3.56777838891945,0.0034540824148107,0.0034540824055558,0.999994034636417,0.999994034636417,49.41374517470948,0.0,49.97697248176824,0.0,45.595075583664894,0.0,45.30258957550989,0.0,0.0,0.0,0.0,0.0,0.0,0.0
10.0,3.56802840142007,0.0034541147741436,0.0034541147648924,0.999994034524646,0.999994034524646,49.41374516689631,0.0,49.97697225629466,0.0,45.59507558105692,0.0,45.30258952887152,0.0,0.0,0.0,0.0,0.0,0.0,0.0
10.0,3.5682784139207,0.0034541471354173,0.0034541471261697,0.999994034412868,0.999994034412867,49.41374515908245,0.0,49.97697203080832,0.0,45.59507557844877,0.0,45.30258948222989,0.0,0.0,0.0,0.0,0.0,0.0,0.0
10.0,3.56852842642132,0.0034541794986316,0.0034541794893878,0.9999940343010812,0.999994034301081,49.4137451512679,0.0,49.9769718053092,0.0,45.595075575840426,0.0,45.30258943558504,0.0,0.0,0.0,0.0,0.0,0.0,0.0
10.0,3.56877843892195,0.0034542118637866,0.0034542118545466,0.9999940341892872,0.999994034189286,49.41374514345266,0.0,49.97697157979732,0.0,45.59507557323191,0.0,45.30258938893692,0.0,0.0,0.0,0.0,0.0,0.0,0.0
10.0,3.56902845142257,0.0034542442308823,0.0034542442216459,0.999994034077485,0.999994034077485,49.41374513563674,0.0,49.97697135427265,0.0,45.5950755706232,0.0,45.30258934228557,0.0,0.0,0.0,0.0,0.0,0.0,0.0
10.0,3.5692784639232,0.0034542765999184,0.0034542765906858,0.9999940339656748,0.999994033965675,49.41374512782013,0.0,49.97697112873521,0.0,45.59507556801432,0.0,45.30258929563099,0.0,0.0,0.0,0.0,0.0,0.0,0.0
10.0,3.56952847642382,0.0034543089708951,0.0034543089616661,0.999994033853858,0.9999940338538568,49.41374512000283,0.0,49.97697090318498,0.0,45.595075565405246,0.0,45.30258924897315,0.0,0.0,0.0,0.0,0.0,0.0,0.0
10.0,3.5697784889244497,0.0034543413438121,0.0034543413345869,0.999994033742033,0.999994033742032,49.41374511218485,0.0,49.97697067762197,0.0,45.595075562796,0.0,45.30258920231207,0.0,0.0,0.0,0.0,0.0,0.0,0.0
10.0,3.57002850142507,0.0034543737186695,0.003454373709448,0.9999940336302,0.9999940336301992,49.41374510436617,0.0,49.976970452046174,0.0,45.59507556018655,0.0,45.30258915564775,0.0,0.0,0.0,0.0,0.0,0.0,0.0
10.0,3.5702785139257,0.0034544060954673,0.0034544060862495,0.9999940335183592,0.999994033518358,49.41374509654682,0.0,49.97697022645758,0.0,45.59507555757693,0.0,45.302589108980165,0.0,0.0,0.0,0.0,0.0,0.0,0.0
10.0,3.57052852642632,0.0034544384742052,0.0034544384649911,0.99999403340651,0.9999940334065102,49.41374508872677,0.0,49.9769700008562,0.0,45.59507555496714,0.0,45.30258906230936,0.0,0.0,0.0,0.0,0.0,0.0,0.0
10.0,3.57077853892695,0.0034544708548834,0.003454470845673,0.999994033294654,0.999994033294654,49.41374508090603,0.0,49.97696977524202,0.0,45.59507555235715,0.0,45.302589015635306,0.0,0.0,0.0,0.0,0.0,0.0,0.0
10.0,3.57102855142757,0.0034545032375016,0.0034545032282949,0.99999403318279,0.99999403318279,49.41374507308462,0.0,49.97696954961504,0.0,45.59507554974697,0.0,45.302588968958005,0.0,0.0,0.0,0.0,0.0,0.0,0.0
10.0,3.5712785639282,0.0034545356220599,0.0034545356128569,0.999994033070918,0.9999940330709182,49.41374506526251,0.0,49.97696932397525,0.0,45.59507554713662,0.0,45.302588922277465,0.0,0.0,0.0,0.0,0.0,0.0,0.0
10.0,3.57152857642882,0.0034545680085583,0.003454567999359,0.999994032959039,0.999994032959038,49.41374505743972,0.0,49.97696909832266,0.0,45.59507554452609,0.0,45.30258887559367,0.0,0.0,0.0,0.0,0.0,0.0,0.0
10.0,3.57177858892945,0.0034546003969965,0.0034546003878009,0.999994032847152,0.999994032847151,49.41374504961624,0.0,49.97696887265726,0.0,45.59507554191536,0.0,45.30258882890664,0.0,0.0,0.0,0.0,0.0,0.0,0.0
10.0,3.5720286014300706,0.0034546327873747,0.0034546327781828,0.999994032735257,0.999994032735256,49.41374504179207,0.0,49.976968646979046,0.0,45.59507553930446,0.0,45.30258878221637,0.0,0.0,0.0,0.0,0.0,0.0,0.0
10.0,3.5722786139307,0.0034546651796926,0.0034546651705045,0.999994032623354,0.999994032623353,49.41374503396721,0.0,49.97696842128802,0.0,45.59507553669337,0.0,45.302588735522846,0.0,0.0,0.0,0.0,0.0,0.0,0.0
10.0,3.57252862643132,0.0034546975739504,0.0034546975647659,0.999994032511443,0.999994032511443,49.41374502614166,0.0,49.97696819558417,0.0,45.595075534082106,0.0,45.30258868882609,0.0,0.0,0.0,0.0,0.0,0.0,0.0
10.0,3.57277863893195,0.0034547299701478,0.003454729960967,0.9999940323995248,0.999994032399525,49.41374501831543,0.0,49.9769679698675,0.0,45.595075531470656,0.0,45.30258864212608,0.0,0.0,0.0,0.0,0.0,0.0,0.0
10.0,3.57302865143257,0.0034547623682849,0.0034547623591078,0.999994032287599,0.999994032287599,49.41374501048851,0.0,49.976967744138015,0.0,45.595075528859006,0.0,45.302588595422826,0.0,0.0,0.0,0.0,0.0,0.0,0.0
10.0,3.5732786639332,0.0034547947683616,0.0034547947591882,0.999994032175665,0.9999940321756652,49.41374500266092,0.0,49.976967518395696,0.0,45.59507552624719,0.0,45.30258854871633,0.0,0.0,0.0,0.0,0.0,0.0,0.0
10.0,3.57352867643382,0.0034548271703778,0.0034548271612081,0.999994032063724,0.999994032063723,49.41374499483262,0.0,49.97696729264054,0.0,45.5950755236352,0.0,45.3025885020066,0.0,0.0,0.0,0.0,0.0,0.0,0.0
10.0,3.57377868893445,0.0034548595743334,0.0034548595651674,0.999994031951774,0.999994031951774,49.41374498700363,0.0,49.97696706687256,0.0,45.595075521023,0.0,45.302588455293616,0.0,0.0,0.0,0.0,0.0,0.0,0.0
10.0,3.5740287014350693,0.0034548919802285,0.0034548919710662,0.9999940318398172,0.999994031839817,49.41374497917396,0.0,49.97696684109175,0.0,45.59507551841063,0.0,45.302588408577385,0.0,0.0,0.0,0.0,0.0,0.0,0.0
10.0,3.5742787139357,0.0034549243880629,0.0034549243789043,0.999994031727853,0.999994031727852,49.41374497134361,0.0,49.97696661529808,0.0,45.59507551579808,0.0,45.30258836185792,0.0,0.0,0.0,0.0,0.0,0.0,0.0
10.0,3.57452872643632,0.0034549567978366,0.0034549567886817,0.99999403161588,0.99999403161588,49.41374496351256,0.0,49.97696638949159,0.0,45.59507551318534,0.0,45.3025883151352,0.0,0.0,0.0,0.0,0.0,0.0,0.0
10.0,3.57477873893695,0.0034549892095496,0.0034549892003983,0.9999940315039,0.999994031503899,49.41374495568083,0.0,49.97696616367224,0.0,45.59507551057243,0.0,45.30258826840925,0.0,0.0,0.0,0.0,0.0,0.0,0.0
10.0,3.57502875143757,0.0034550216232017,0.0034550216140541,0.999994031391912,0.999994031391911,49.41374494784841,0.0,49.97696593784005,0.0,45.59507550795932,0.0,45.30258822168005,0.0,0.0,0.0,0.0,0.0,0.0,0.0
10.0,3.5752787639382,0.0034550540387929,0.003455054029649,0.999994031279916,0.999994031279915,49.413744940015306,0.0,49.976965711995,0.0,45.59507550534603,0.0,45.30258817494761,0.0,0.0,0.0,0.0,0.0,0.0,0.0
10.0,3.57552877643882,0.0034550864563232,0.003455086447183,0.999994031167912,0.999994031167912,49.41374493218151,0.0,49.9769654861371,0.0,45.59507550273256,0.0,45.30258812821192,0.0,0.0,0.0,0.0,0.0,0.0,0.0
10.0,3.57577878893945,0.0034551188757924,0.0034551188666559,0.999994031055901,0.999994031055901,49.41374492434703,0.0,49.97696526026634,0.0,45.59507550011891,0.0,45.30258808147299,0.0,0.0,0.0,0.0,0.0,0.0,0.0
10.0,3.57602880144007,0.0034551512972006,0.0034551512880678,0.999994030943882,0.999994030943882,49.41374491651185,0.0,49.97696503438273,0.0,45.59507549750507,0.0,45.30258803473081,0.0,0.0,0.0,0.0,0.0,0.0,0.0
10.0,3.5762788139407,0.0034551837205476,0.0034551837114185,0.999994030831856,0.999994030831855,49.413744908676,0.0,49.97696480848625,0.0,45.59507549489105,0.0,45.3025879879854,0.0,0.0,0.0,0.0,0.0,0.0,0.0
10.0,3.57652882644132,0.0034552161458335,0.0034552161367081,0.999994030719821,0.99999403071982,49.413744900839454,0.0,49.976964582576905,0.0,45.59507549227685,0.0,45.30258794123673,0.0,0.0,0.0,0.0,0.0,0.0,0.0
10.0,3.57677883894195,0.0034552485730581,0.0034552485639364,0.9999940306077788,0.999994030607778,49.41374489300222,0.0,49.97696435665469,0.0,45.59507548966246,0.0,45.30258789448482,0.0,0.0,0.0,0.0,0.0,0.0,0.0
10.0,3.57702885144257,0.0034552810022215,0.0034552809931034,0.999994030495728,0.999994030495728,49.4137448851643,0.0,49.97696413071961,0.0,45.595075487047886,0.0,45.30258784772968,0.0,0.0,0.0,0.0,0.0,0.0,0.0
10.0,3.5772788639432,0.0034553134333234,0.003455313424209,0.9999940303836712,0.99999403038367,49.41374487732568,0.0,49.97696390477165,0.0,45.59507548443314,0.0,45.30258780097128,0.0,0.0,0.0,0.0,0.0,0.0,0.0
10.0,3.57752887644382,0.0034553458663639,0.0034553458572532,0.999994030271605,0.9999940302716048,49.41374486948639,0.0,49.97696367881082,0.0,45.595075481818206,0.0,45.30258775420964,0.0,0.0,0.0,0.0,0.0,0.0,0.0
10.0,3.57777888894445,0.003455378301343,0.0034553782922359,0.999994030159532,0.999994030159532,49.4137448616464,0.0,49.9769634528371,0.0,45.59507547920308,0.0,45.30258770744476,0.0,0.0,0.0,0.0,0.0,0.0,0.0
10.0,3.57802890144507,0.0034554107382604,0.0034554107291571,0.999994030047451,0.99999403004745,49.41374485380573,0.0,49.9769632268505,0.0,45.59507547658777,0.0,45.30258766067664,0.0,0.0,0.0,0.0,0.0,0.0,0.0
10.0,3.5782789139457,0.0034554431771163,0.0034554431680166,0.999994029935362,0.999994029935362,49.41374484596436,0.0,49.976963000851015,0.0,45.59507547397229,0.0,45.30258761390527,0.0,0.0,0.0,0.0,0.0,0.0,0.0
10.0,3.57852892644632,0.0034554756179105,0.0034554756088145,0.999994029823266,0.999994029823265,49.41374483812231,0.0,49.97696277483864,0.0,45.59507547135662,0.0,45.30258756713066,0.0,0.0,0.0,0.0,0.0,0.0,0.0
10.0,3.57877893894695,0.003455508060643,0.0034555080515507,0.999994029711161,0.999994029711161,49.413744830279576,0.0,49.976962548813376,0.0,45.59507546874077,0.0,45.3025875203528,0.0,0.0,0.0,0.0,0.0,0.0,0.0
10.0,3.57902895144757,0.0034555405053137,0.0034555404962251,0.999994029599049,0.999994029599049,49.41374482243614,0.0,49.97696232277521,0.0,45.59507546612473,0.0,45.302587473571705,0.0,0.0,0.0,0.0,0.0,0.0,0.0
10.0,3.5792789639482,0.0034555729519226,0.0034555729428376,0.9999940294869288,0.999994029486929,49.41374481459203,0.0,49.97696209672416,0.0,45.59507546350852,0.0,45.30258742678736,0.0,0.0,0.0,0.0,0.0,0.0,0.0
10.0,3.57952897644882,0.0034556054004696,0.0034556053913883,0.999994029374802,0.999994029374802,49.41374480674723,0.0,49.976961870660205,0.0,45.59507546089211,0.0,45.30258737999977,0.0,0.0,0.0,0.0,0.0,0.0,0.0
10.0,3.57977898894945,0.0034556378509546,0.0034556378418769,0.999994029262667,0.999994029262666,49.41374479890175,0.0,49.97696164458334,0.0,45.59507545827553,0.0,45.30258733320893,0.0,0.0,0.0,0.0,0.0,0.0,0.0
10.0,3.58002900145007,0.0034556703033776,0.0034556702943036,0.999994029150523,0.999994029150523,49.41374479105556,0.0,49.97696141849357,0.0,45.59507545565875,0.0,45.302587286414855,0.0,0.0,0.0,0.0,0.0,0.0,0.0
10.0,3.5802790139507,0.0034557027577385,0.0034557027486681,0.9999940290383732,0.999994029038372,49.41374478320869,0.0,49.976961192390895,0.0,45.5950754530418,0.0,45.30258723961754,0.0,0.0,0.0,0.0,0.0,0.0,0.0
10.0,3.58052902645132,0.0034557352140372,0.0034557352049706,0.999994028926214,0.999994028926214,49.41374477536114,0.0,49.976960966275314,0.0,45.59507545042466,0.0,45.302587192816986,0.0,0.0,0.0,0.0,0.0,0.0,0.0
10.0,3.5807790389519494,0.0034557676722738,0.0034557676632108,0.999994028814048,0.999994028814047,49.41374476751289,0.0,49.976960740146815,0.0,45.59507544780735,0.0,45.30258714601318,0.0,0.0,0.0,0.0,0.0,0.0,0.0
10.0,3.58102905145257,0.0034558001324481,0.0034558001233888,0.999994028701874,0.999994028701873,49.41374475966396,0.0,49.9769605140054,0.0,45.59507544518984,0.0,45.30258709920613,0.0,0.0,0.0,0.0,0.0,0.0,0.0
10.0,3.5812790639532,0.0034558325945601,0.0034558325855044,0.999994028589692,0.999994028589691,49.413744751814335,0.0,49.97696028785106,0.0,45.59507544257216,0.0,45.30258705239584,0.0,0.0,0.0,0.0,0.0,0.0,0.0
10.0,3.58152907645382,0.0034558650586096,0.0034558650495577,0.999994028477502,0.999994028477502,49.41374474396402,0.0,49.9769600616838,0.0,45.595075439954286,0.0,45.3025870055823,0.0,0.0,0.0,0.0,0.0,0.0,0.0
10.0,3.58177908895445,0.0034558975245968,0.0034558975155485,0.999994028365305,0.999994028365304,49.41374473611303,0.0,49.976959835503614,0.0,45.59507543733624,0.0,45.30258695876552,0.0,0.0,0.0,0.0,0.0,0.0,0.0
10.0,3.58202910145507,0.0034559299925215,0.0034559299834768,0.9999940282531,0.9999940282531,49.413744728261335,0.0,49.9769596093105,0.0,45.595075434718,0.0,45.3025869119455,0.0,0.0,0.0,0.0,0.0,0.0,0.0
10.0,3.5822791139557,0.0034559624623836,0.0034559624533426,0.999994028140887,0.999994028140887,49.41374472040896,0.0,49.97695938310445,0.0,45.59507543209958,0.0,45.30258686512224,0.0,0.0,0.0,0.0,0.0,0.0,0.0
10.0,3.58252912645632,0.0034559949341831,0.0034559949251457,0.9999940280286672,0.999994028028666,49.41374471255591,0.0,49.97695915688548,0.0,45.59507542948097,0.0,45.30258681829572,0.0,0.0,0.0,0.0,0.0,0.0,0.0
10.0,3.58277913895695,0.0034560274079199,0.0034560273988862,0.999994027916438,0.999994027916438,49.41374470470216,0.0,49.97695893065356,0.0,45.5950754268622,0.0,45.30258677146597,0.0,0.0,0.0,0.0,0.0,0.0,0.0
10.0,3.5830291514575703,0.0034560598835939,0.0034560598745639,0.999994027804202,0.999994027804202,49.41374469684771,0.0,49.9769587044087,0.0,45.59507542424321,0.0,45.30258672463297,0.0,0.0,0.0,0.0,0.0,0.0,0.0
10.0,3.5832791639582,0.0034560923612052,0.0034560923521788,0.999994027691959,0.999994027691958,49.41374468899259,0.0,49.976958478150905,0.0,45.59507542162407,0.0,45.30258667779673,0.0,0.0,0.0,0.0,0.0,0.0,0.0
10.0,3.58352917645882,0.0034561248407536,0.0034561248317309,0.999994027579707,0.999994027579706,49.41374468113677,0.0,49.97695825188016,0.0,45.59507541900473,0.0,45.30258663095725,0.0,0.0,0.0,0.0,0.0,0.0,0.0
10.0,3.58377918895945,0.0034561573222391,0.0034561573132201,0.999994027467447,0.9999940274674473,49.413744673280256,0.0,49.97695802559648,0.0,45.595075416385214,0.0,45.30258658411452,0.0,0.0,0.0,0.0,0.0,0.0,0.0
10.0,3.58402920146007,0.0034561898056617,0.0034561897966463,0.999994027355181,0.9999940273551798,49.41374466542307,0.0,49.97695779929984,0.0,45.59507541376551,0.0,45.30258653726855,0.0,0.0,0.0,0.0,0.0,0.0,0.0
10.0,3.5842792139607,0.0034562222910212,0.0034562222820094,0.999994027242906,0.999994027242905,49.413744657565175,0.0,49.97695757299024,0.0,45.59507541114562,0.0,45.30258649041933,0.0,0.0,0.0,0.0,0.0,0.0,0.0
10.0,3.58452922646132,0.0034562547783176,0.0034562547693095,0.999994027130623,0.9999940271306228,49.4137446497066,0.0,49.97695734666769,0.0,45.59507540852555,0.0,45.30258644356687,0.0,0.0,0.0,0.0,0.0,0.0,0.0
10.0,3.58477923896195,0.0034562872675508,0.0034562872585464,0.999994027018333,0.999994027018333,49.41374464184734,0.0,49.97695712033219,0.0,45.595075405905305,0.0,45.30258639671117,0.0,0.0,0.0,0.0,0.0,0.0,0.0
10.0,3.58502925146257,0.0034563197587209,0.0034563197497201,0.999994026906035,0.999994026906034,49.41374463398739,0.0,49.97695689398372,0.0,45.59507540328486,0.0,45.30258634985222,0.0,0.0,0.0,0.0,0.0,0.0,0.0
10.0,3.5852792639632,0.0034563522518276,0.0034563522428305,0.9999940267937288,0.999994026793728,49.41374462612676,0.0,49.97695666762228,0.0,45.59507540066424,0.0,45.30258630299004,0.0,0.0,0.0,0.0,0.0,0.0,0.0
10.0,3.58552927646382,0.0034563847468711,0.0034563847378775,0.9999940266814152,0.999994026681415,49.41374461826543,0.0,49.976956441247886,0.0,45.59507539804344,0.0,45.3025862561246,0.0,0.0,0.0,0.0,0.0,0.0,0.0
10.0,3.58577928896445,0.0034564172438511,0.0034564172348612,0.999994026569094,0.999994026569094,49.41374461040341,0.0,49.97695621486052,0.0,45.595075395422455,0.0,45.30258620925593,0.0,0.0,0.0,0.0,0.0,0.0,0.0
10.0,3.58602930146507,0.0034564497427677,0.0034564497337815,0.999994026456765,0.999994026456764,49.41374460254071,0.0,49.976955988460176,0.0,45.59507539280128,0.0,45.302586162384,0.0,0.0,0.0,0.0,0.0,0.0,0.0
10.0,3.5862793139657,0.0034564822436208,0.0034564822346382,0.999994026344428,0.999994026344428,49.41374459467731,0.0,49.976955762046856,0.0,45.59507539017993,0.0,45.30258611550884,0.0,0.0,0.0,0.0,0.0,0.0,0.0
10.0,3.58652932646632,0.0034565147464103,0.0034565147374313,0.9999940262320828,0.999994026232083,49.41374458681323,0.0,49.97695553562057,0.0,45.5950753875584,0.0,45.30258606863043,0.0,0.0,0.0,0.0,0.0,0.0,0.0
10.0,3.58677933896695,0.0034565472511361,0.0034565472421609,0.999994026119731,0.999994026119731,49.41374457894845,0.0,49.976955309181285,0.0,45.59507538493668,0.0,45.30258602174878,0.0,0.0,0.0,0.0,0.0,0.0,0.0
10.0,3.58702935146757,0.0034565797577983,0.0034565797488267,0.999994026007371,0.999994026007371,49.413744571082994,0.0,49.97695508272903,0.0,45.59507538231477,0.0,45.30258597486389,0.0,0.0,0.0,0.0,0.0,0.0,0.0
10.0,3.5872793639682,0.0034566122663968,0.0034566122574288,0.999994025895003,0.999994025895003,49.413744563216845,0.0,49.97695485626378,0.0,45.59507537969269,0.0,45.30258592797575,0.0,0.0,0.0,0.0,0.0,0.0,0.0
10.0,3.58752937646882,0.0034566447769314,0.003456644767967,0.999994025782628,0.999994025782627,49.41374455535,0.0,49.97695462978555,0.0,45.59507537707042,0.0,45.30258588108436,0.0,0.0,0.0,0.0,0.0,0.0,0.0
10.0,3.58777938896945,0.0034566772894021,0.0034566772804414,0.999994025670244,0.999994025670244,49.41374454748247,0.0,49.976954403294336,0.0,45.595075374447966,0.0,45.30258583418974,0.0,0.0,0.0,0.0,0.0,0.0,0.0
10.0,3.58802940147007,0.003456709803809,0.0034567097948519,0.999994025557853,0.9999940255578528,49.41374453961425,0.0,49.97695417679012,0.0,45.59507537182533,0.0,45.30258578729188,0.0,0.0,0.0,0.0,0.0,0.0,0.0
10.0,3.5882794139707,0.0034567423201518,0.0034567423111984,0.999994025445455,0.999994025445454,49.41374453174535,0.0,49.97695395027291,0.0,45.59507536920251,0.0,45.30258574039077,0.0,0.0,0.0,0.0,0.0,0.0,0.0
10.0,3.58852942647132,0.0034567748384306,0.0034567748294808,0.999994025333048,0.999994025333047,49.41374452387575,0.0,49.976953723742696,0.0,45.59507536657951,0.0,45.302585693486414,0.0,0.0,0.0,0.0,0.0,0.0,0.0
10.0,3.58877943897195,0.0034568073586453,0.0034568073496991,0.999994025220633,0.9999940252206329,49.413744516005465,0.0,49.97695349719948,0.0,45.59507536395632,0.0,45.30258564657881,0.0,0.0,0.0,0.0,0.0,0.0,0.0
10.0,3.58902945147257,0.0034568398807958,0.0034568398718533,0.999994025108212,0.999994025108211,49.41374450813449,0.0,49.976953270643264,0.0,45.59507536133295,0.0,45.30258559966797,0.0,0.0,0.0,0.0,0.0,0.0,0.0
10.0,3.5892794639732,0.0034568724048821,0.0034568723959432,0.999994024995781,0.9999940249957812,49.41374450026283,0.0,49.97695304407405,0.0,45.595075358709394,0.0,45.30258555275389,0.0,0.0,0.0,0.0,0.0,0.0,0.0
10.0,3.58952947647382,0.0034569049309041,0.0034569049219688,0.999994024883344,0.999994024883343,49.41374449239047,0.0,49.97695281749181,0.0,45.59507535608567,0.0,45.30258550583656,0.0,0.0,0.0,0.0,0.0,0.0,0.0
10.0,3.589779488974449,0.0034569374588618,0.0034569374499301,0.999994024770899,0.999994024770898,49.41374448451743,0.0,49.976952590896566,0.0,45.59507535346174,0.0,45.30258545891599,0.0,0.0,0.0,0.0,0.0,0.0,0.0
10.0,3.59002950147507,0.0034569699887551,0.003456969979827,0.999994024658445,0.999994024658445,49.4137444766437,0.0,49.97695236428831,0.0,45.59507535083763,0.0,45.30258541199217,0.0,0.0,0.0,0.0,0.0,0.0,0.0
10.0,3.5902795139757,0.0034570025205838,0.0034570025116595,0.999994024545985,0.999994024545984,49.41374446876928,0.0,49.97695213766703,0.0,45.59507534821336,0.0,45.30258536506511,0.0,0.0,0.0,0.0,0.0,0.0,0.0
10.0,3.59052952647632,0.0034570350543481,0.0034570350454274,0.999994024433516,0.999994024433516,49.413744460894165,0.0,49.97695191103273,0.0,45.59507534558889,0.0,45.3025853181348,0.0,0.0,0.0,0.0,0.0,0.0,0.0
10.0,3.59077953897695,0.0034570675900478,0.0034570675811307,0.99999402432104,0.9999940243210388,49.41374445301837,0.0,49.97695168438541,0.0,45.59507534296423,0.0,45.30258527120126,0.0,0.0,0.0,0.0,0.0,0.0,0.0
10.0,3.59102955147757,0.0034571001276828,0.0034571001187693,0.999994024208556,0.999994024208555,49.41374444514188,0.0,49.976951457725065,0.0,45.5950753403394,0.0,45.30258522426446,0.0,0.0,0.0,0.0,0.0,0.0,0.0
10.0,3.5912795639782,0.0034571326672532,0.0034571326583433,0.999994024096064,0.999994024096063,49.413744437264704,0.0,49.9769512310517,0.0,45.59507533771438,0.0,45.30258517732444,0.0,0.0,0.0,0.0,0.0,0.0,0.0
10.0,3.59152957647882,0.0034571652087588,0.0034571651998525,0.999994023983565,0.999994023983564,49.41374442938683,0.0,49.9769510043653,0.0,45.59507533508918,0.0,45.30258513038115,0.0,0.0,0.0,0.0,0.0,0.0,0.0
10.0,3.59177958897945,0.0034571977521995,0.0034571977432969,0.999994023871057,0.999994023871057,49.41374442150827,0.0,49.97695077766585,0.0,45.595075332463786,0.0,45.30258508343464,0.0,0.0,0.0,0.0,0.0,0.0,0.0
10.0,3.5920296014800703,0.0034572302975754,0.0034572302886764,0.999994023758542,0.9999940237585412,49.41374441362903,0.0,49.97695055095338,0.0,45.59507532983822,0.0,45.30258503648488,0.0,0.0,0.0,0.0,0.0,0.0,0.0
10.0,3.5922796139807,0.0034572628448863,0.0034572628359909,0.9999940236460187,0.999994023646019,49.413744405749085,0.0,49.976950324227865,0.0,45.59507532721247,0.0,45.302584989531866,0.0,0.0,0.0,0.0,0.0,0.0,0.0
10.0,3.59252962648132,0.0034572953941323,0.0034572953852405,0.999994023533488,0.999994023533488,49.413744397868456,0.0,49.97695009748932,0.0,45.59507532458653,0.0,45.30258494257562,0.0,0.0,0.0,0.0,0.0,0.0,0.0
10.0,3.59277963898195,0.0034573279453131,0.003457327936425,0.99999402342095,0.99999402342095,49.41374438998714,0.0,49.97694987073773,0.0,45.59507532196041,0.0,45.30258489561613,0.0,0.0,0.0,0.0,0.0,0.0,0.0
10.0,3.59302965148257,0.0034573604984289,0.0034573604895443,0.999994023308404,0.999994023308403,49.413744382105136,0.0,49.97694964397309,0.0,45.595075319334114,0.0,45.3025848486534,0.0,0.0,0.0,0.0,0.0,0.0,0.0
10.0,3.5932796639832,0.0034573930534794,0.0034573930445985,0.99999402319585,0.99999402319585,49.41374437422243,0.0,49.97694941719541,0.0,45.595075316707614,0.0,45.30258480168741,0.0,0.0,0.0,0.0,0.0,0.0,0.0
10.0,3.59352967648382,0.0034574256104648,0.0034574256015875,0.999994023083289,0.999994023083288,49.41374436633905,0.0,49.97694919040467,0.0,45.59507531408096,0.0,45.30258475471818,0.0,0.0,0.0,0.0,0.0,0.0,0.0
10.0,3.59377968898445,0.0034574581693848,0.0034574581605111,0.999994022970719,0.999994022970719,49.41374435845498,0.0,49.97694896360088,0.0,45.595075311454096,0.0,45.30258470774572,0.0,0.0,0.0,0.0,0.0,0.0,0.0
10.0,3.59402970148507,0.0034574907302395,0.0034574907213694,0.999994022858142,0.999994022858142,49.41374435057021,0.0,49.97694873678402,0.0,45.59507530882706,0.0,45.30258466077001,0.0,0.0,0.0,0.0,0.0,0.0,0.0
10.0,3.5942797139857,0.0034575232930287,0.0034575232841623,0.999994022745557,0.9999940227455572,49.413744342684765,0.0,49.97694850995412,0.0,45.595075306199845,0.0,45.302584613791055,0.0,0.0,0.0,0.0,0.0,0.0,0.0
10.0,3.59452972648632,0.0034575558577525,0.0034575558488896,0.9999940226329652,0.999994022632964,49.41374433479861,0.0,49.97694828311115,0.0,45.59507530357244,0.0,45.30258456680887,0.0,0.0,0.0,0.0,0.0,0.0,0.0
10.0,3.59477973898695,0.0034575884244107,0.0034575884155515,0.999994022520364,0.999994022520364,49.413744326911775,0.0,49.97694805625512,0.0,45.595075300944856,0.0,45.30258451982343,0.0,0.0,0.0,0.0,0.0,0.0,0.0
10.0,3.59502975148757,0.0034576209930034,0.0034576209841477,0.999994022407756,0.999994022407756,49.41374431902425,0.0,49.97694782938603,0.0,45.59507529831709,0.0,45.30258447283474,0.0,0.0,0.0,0.0,0.0,0.0,0.0
10.0,3.5952797639882,0.0034576535635304,0.0034576535546783,0.9999940222951412,0.99999402229514,49.41374431113604,0.0,49.976947602503856,0.0,45.595075295689135,0.0,45.30258442584281,0.0,0.0,0.0,0.0,0.0,0.0,0.0
10.0,3.59552977648882,0.0034576861359916,0.0034576861271432,0.999994022182517,0.999994022182516,49.41374430324713,0.0,49.976947375608624,0.0,45.595075293061,0.0,45.30258437884764,0.0,0.0,0.0,0.0,0.0,0.0,0.0
10.0,3.59577978898945,0.0034577187103871,0.0034577187015423,0.999994022069885,0.999994022069885,49.41374429535754,0.0,49.97694714870031,0.0,45.59507529043268,0.0,45.302584331849225,0.0,0.0,0.0,0.0,0.0,0.0,0.0
10.0,3.59602980149007,0.0034577512867168,0.0034577512778756,0.999994021957246,0.999994021957246,49.41374428746725,0.0,49.976946921778925,0.0,45.59507528780418,0.0,45.30258428484757,0.0,0.0,0.0,0.0,0.0,0.0,0.0
10.0,3.5962798139907,0.0034577838649805,0.0034577838561429,0.9999940218446,0.999994021844599,49.41374427957628,0.0,49.97694669484446,0.0,45.59507528517549,0.0,45.302584237842666,0.0,0.0,0.0,0.0,0.0,0.0,0.0
10.0,3.59652982649132,0.0034578164451783,0.0034578164363443,0.999994021731945,0.999994021731945,49.41374427168461,0.0,49.97694646789692,0.0,45.595075282546624,0.0,45.30258419083453,0.0,0.0,0.0,0.0,0.0,0.0,0.0
10.0,3.59677983899195,0.0034578490273101,0.0034578490184797,0.999994021619283,0.999994021619282,49.41374426379225,0.0,49.976946240936286,0.0,45.595075279917566,0.0,45.30258414382315,0.0,0.0,0.0,0.0,0.0,0.0,0.0
10.0,3.59702985149257,0.0034578816113758,0.003457881602549,0.999994021506613,0.999994021506612,49.41374425589921,0.0,49.97694601396257,0.0,45.59507527728833,0.0,45.30258409680851,0.0,0.0,0.0,0.0,0.0,0.0,0.0
10.0,3.5972798639932,0.0034579141973754,0.0034579141885522,0.999994021393935,0.999994021393934,49.41374424800548,0.0,49.97694578697576,0.0,45.59507527465892,0.0,45.30258404979064,0.0,0.0,0.0,0.0,0.0,0.0,0.0
10.0,3.5975298764938195,0.0034579467853088,0.0034579467764892,0.999994021281249,0.999994021281249,49.41374424011105,0.0,49.976945559975874,0.0,45.59507527202931,0.0,45.30258400276952,0.0,0.0,0.0,0.0,0.0,0.0,0.0
10.0,3.59777988899445,0.0034579793751759,0.0034579793663599,0.999994021168556,0.999994021168555,49.413744232215926,0.0,49.976945332962885,0.0,45.59507526939953,0.0,45.30258395574516,0.0,0.0,0.0,0.0,0.0,0.0,0.0
10.0,3.59802990149507,0.0034580119669767,0.0034580119581644,0.999994021055855,0.999994021055854,49.413744224320126,0.0,49.9769451059368,0.0,45.59507526676956,0.0,45.30258390871756,0.0,0.0,0.0,0.0,0.0,0.0,0.0
10.0,3.5982799139957,0.0034580445607112,0.0034580445519024,0.999994020943145,0.999994020943145,49.41374421642363,0.0,49.97694487889762,0.0,45.5950752641394,0.0,45.30258386168671,0.0,0.0,0.0,0.0,0.0,0.0,0.0
10.0,3.59852992649632,0.0034580771563792,0.003458077147574,0.999994020830429,0.9999940208304292,49.413744208526445,0.0,49.97694465184533,0.0,45.595075261509066,0.0,45.30258381465263,0.0,0.0,0.0,0.0,0.0,0.0,0.0
10.0,3.5987799389969504,0.0034581097539807,0.0034581097451791,0.999994020717705,0.9999940207177052,49.41374420062857,0.0,49.97694442477994,0.0,45.59507525887855,0.0,45.302583767615296,0.0,0.0,0.0,0.0,0.0,0.0,0.0
10.0,3.59902995149757,0.0034581423535157,0.0034581423447177,0.999994020604973,0.999994020604972,49.41374419273,0.0,49.97694419770145,0.0,45.595075256247846,0.0,45.30258372057472,0.0,0.0,0.0,0.0,0.0,0.0,0.0
10.0,3.5992799639982,0.003458174954984,0.0034581749461896,0.9999940204922328,0.999994020492233,49.41374418483074,0.0,49.97694397060985,0.0,45.59507525361697,0.0,45.3025836735309,0.0,0.0,0.0,0.0,0.0,0.0,0.0
10.0,3.59952997649882,0.0034582075583857,0.0034582075495949,0.9999940203794851,0.999994020379485,49.41374417693079,0.0,49.976943743505146,0.0,45.595075250985886,0.0,45.30258362648383,0.0,0.0,0.0,0.0,0.0,0.0,0.0
10.0,3.59977998899945,0.0034582401637207,0.0034582401549335,0.99999402026673,0.999994020266729,49.41374416903015,0.0,49.97694351638732,0.0,45.59507524835464,0.0,45.30258357943352,0.0,0.0,0.0,0.0,0.0,0.0,0.0
10.0,3.60003000150008,0.0034582727709889,0.0034582727622052,0.999994020153967,0.999994020153966,49.41374416112882,0.0,49.97694328925638,0.0,45.5950752457232,0.0,45.30258353237998,0.0,0.0,0.0,0.0,0.0,0.0,0.0
10.0,3.6002800140007,0.0034583053801902,0.0034583053714101,0.999994020041196,0.999994020041196,49.4137441532268,0.0,49.97694306211232,0.0,45.59507524309158,0.0,45.30258348532318,0.0,0.0,0.0,0.0,0.0,0.0,0.0
10.0,3.60053002650133,0.0034583379913246,0.0034583379825481,0.999994019928417,0.999994019928417,49.41374414532409,0.0,49.97694283495514,0.0,45.595075240459785,0.0,45.30258343826315,0.0,0.0,0.0,0.0,0.0,0.0,0.0
10.0,3.60078003900195,0.003458370604392,0.0034583705956192,0.999994019815631,0.9999940198156312,49.41374413742069,0.0,49.97694260778484,0.0,45.5950752378278,0.0,45.30258339119988,0.0,0.0,0.0,0.0,0.0,0.0,0.0
10.0,3.60103005150257,0.0034584032193924,0.0034584032106231,0.999994019702837,0.999994019702837,49.4137441295166,0.0,49.976942380601415,0.0,45.59507523519563,0.0,45.30258334413335,0.0,0.0,0.0,0.0,0.0,0.0,0.0
10.0,3.6012800640032,0.0034584358363257,0.0034584358275601,0.9999940195900352,0.999994019590035,49.41374412161182,0.0,49.976942153404856,0.0,45.59507523256328,0.0,45.30258329706359,0.0,0.0,0.0,0.0,0.0,0.0,0.0
10.0,3.60153007650383,0.0034584684551919,0.0034584684464298,0.999994019477226,0.999994019477225,49.41374411370635,0.0,49.97694192619517,0.0,45.59507522993074,0.0,45.30258324999058,0.0,0.0,0.0,0.0,0.0,0.0,0.0
10.0,3.60178008900445,0.0034585010759909,0.0034585010672324,0.999994019364408,0.999994019364408,49.41374410580018,0.0,49.976941698972354,0.0,45.595075227298025,0.0,45.30258320291433,0.0,0.0,0.0,0.0,0.0,0.0,0.0
10.0,3.60203010150508,0.0034585336987226,0.0034585336899676,0.999994019251583,0.999994019251583,49.41374409789333,0.0,49.97694147173641,0.0,45.59507522466512,0.0,45.30258315583483,0.0,0.0,0.0,0.0,0.0,0.0,0.0
10.0,3.6022801140057,0.0034585663233869,0.0034585663146356,0.99999401913875,0.99999401913875,49.41374408998578,0.0,49.97694124448732,0.0,45.59507522203204,0.0,45.302583108752096,0.0,0.0,0.0,0.0,0.0,0.0,0.0
10.0,3.60253012650633,0.0034585989499839,0.0034585989412361,0.99999401902591,0.999994019025909,49.41374408207755,0.0,49.97694101722509,0.0,45.595075219398765,0.0,45.30258306166611,0.0,0.0,0.0,0.0,0.0,0.0,0.0
10.0,3.60278013900695,0.0034586315785134,0.0034586315697693,0.999994018913061,0.999994018913061,49.41374407416862,0.0,49.97694078994972,0.0,45.59507521676532,0.0,45.30258301457689,0.0,0.0,0.0,0.0,0.0,0.0,0.0
10.0,3.60303015150758,0.0034586642089755,0.0034586642002349,0.9999940188002048,0.999994018800205,49.41374406625901,0.0,49.97694056266121,0.0,45.59507521413168,0.0,45.30258296748442,0.0,0.0,0.0,0.0,0.0,0.0,0.0
10.0,3.6032801640082,0.0034586968413699,0.0034586968326329,0.999994018687342,0.999994018687341,49.4137440583487,0.0,49.97694033535956,0.0,45.59507521149786,0.0,45.30258292038872,0.0,0.0,0.0,0.0,0.0,0.0,0.0
10.0,3.60353017650883,0.0034587294756968,0.0034587294669633,0.99999401857447,0.99999401857447,49.4137440504377,0.0,49.97694010804474,0.0,45.595075208863854,0.0,45.30258287328975,0.0,0.0,0.0,0.0,0.0,0.0,0.0
10.0,3.60378018900945,0.0034587621119559,0.003458762103226,0.999994018461591,0.99999401846159,49.41374404252601,0.0,49.97693988071678,0.0,45.59507520622967,0.0,45.30258282618756,0.0,0.0,0.0,0.0,0.0,0.0,0.0
10.0,3.60403020151008,0.0034587947501473,0.003458794741421,0.999994018348703,0.999994018348703,49.41374403461364,0.0,49.97693965337567,0.0,45.5950752035953,0.0,45.30258277908212,0.0,0.0,0.0,0.0,0.0,0.0,0.0
10.0,3.6042802140107,0.0034588273902709,0.0034588273815482,0.999994018235809,0.999994018235808,49.41374402670056,0.0,49.9769394260214,0.0,45.59507520096075,0.0,45.30258273197344,0.0,0.0,0.0,0.0,0.0,0.0,0.0
10.0,3.60453022651133,0.0034588600323267,0.0034588600236075,0.999994018122906,0.999994018122906,49.4137440187868,0.0,49.97693919865397,0.0,45.595075198326015,0.0,45.30258268486151,0.0,0.0,0.0,0.0,0.0,0.0,0.0
10.0,3.60478023901195,0.0034588926763145,0.0034588926675989,0.999994018009996,0.999994018009995,49.41374401087234,0.0,49.97693897127339,0.0,45.595075195691095,0.0,45.30258263774634,0.0,0.0,0.0,0.0,0.0,0.0,0.0
10.0,3.60503025151258,0.0034589253222343,0.0034589253135223,0.999994017897078,0.999994017897077,49.4137440029572,0.0,49.97693874387964,0.0,45.59507519305599,0.0,45.302582590627935,0.0,0.0,0.0,0.0,0.0,0.0,0.0
10.0,3.6052802640132,0.0034589579700861,0.0034589579613776,0.999994017784152,0.9999940177841508,49.413743995041365,0.0,49.97693851647272,0.0,45.5950751904207,0.0,45.30258254350628,0.0,0.0,0.0,0.0,0.0,0.0,0.0
10.0,3.6055302765138304,0.0034589906198698,0.0034589906111649,0.999994017671218,0.999994017671218,49.41374398712484,0.0,49.97693828905263,0.0,45.59507518778524,0.0,45.302582496381376,0.0,0.0,0.0,0.0,0.0,0.0,0.0
10.0,3.60578028901445,0.0034590232715853,0.003459023262884,0.999994017558277,0.999994017558276,49.41374397920762,0.0,49.97693806161939,0.0,45.59507518514959,0.0,45.30258244925323,0.0,0.0,0.0,0.0,0.0,0.0,0.0
10.0,3.60603030151508,0.0034590559252326,0.0034590559165348,0.999994017445328,0.999994017445327,49.41374397128971,0.0,49.976937834172965,0.0,45.59507518251375,0.0,45.30258240212185,0.0,0.0,0.0,0.0,0.0,0.0,0.0
10.0,3.6062803140157,0.0034590885808116,0.0034590885721174,0.999994017332371,0.999994017332371,49.41374396337111,0.0,49.97693760671336,0.0,45.59507517987773,0.0,45.30258235498722,0.0,0.0,0.0,0.0,0.0,0.0,0.0
10.0,3.60653032651633,0.0034591212383223,0.0034591212296317,0.999994017219406,0.999994017219406,49.41374395545181,0.0,49.97693737924058,0.0,45.595075177241526,0.0,45.30258230784935,0.0,0.0,0.0,0.0,0.0,0.0,0.0
10.0,3.60678033901695,0.0034591538977645,0.0034591538890775,0.999994017106434,0.999994017106434,49.41374394753184,0.0,49.97693715175463,0.0,45.59507517460515,0.0,45.30258226070824,0.0,0.0,0.0,0.0,0.0,0.0,0.0
10.0,3.60703035151758,0.0034591865591383,0.0034591865504549,0.999994016993454,0.999994016993453,49.41374393961116,0.0,49.97693692425548,0.0,45.59507517196857,0.0,45.30258221356388,0.0,0.0,0.0,0.0,0.0,0.0,0.0
10.0,3.6072803640182,0.0034592192224436,0.0034592192137637,0.999994016880466,0.999994016880466,49.4137439316898,0.0,49.97693669674317,0.0,45.59507516933181,0.0,45.30258216641628,0.0,0.0,0.0,0.0,0.0,0.0,0.0
10.0,3.60753037651883,0.0034592518876803,0.003459251879004,0.99999401676747,0.99999401676747,49.41374392376775,0.0,49.97693646921766,0.0,45.59507516669489,0.0,45.30258211926543,0.0,0.0,0.0,0.0,0.0,0.0,0.0
10.0,3.60778038901945,0.0034592845548484,0.0034592845461756,0.9999940166544669,0.999994016654467,49.413743915845,0.0,49.97693624167896,0.0,45.59507516405776,0.0,45.30258207211135,0.0,0.0,0.0,0.0,0.0,0.0,0.0
10.0,3.60803040152008,0.0034593172239478,0.0034593172152785,0.999994016541456,0.999994016541456,49.41374390792156,0.0,49.97693601412708,0.0,45.59507516142046,0.0,45.30258202495401,0.0,0.0,0.0,0.0,0.0,0.0,0.0
10.0,3.6082804140207,0.0034593498949784,0.0034593498863127,0.999994016428437,0.9999940164284372,49.41374389999743,0.0,49.976935786562,0.0,45.59507515878298,0.0,45.30258197779345,0.0,0.0,0.0,0.0,0.0,0.0,0.0
10.0,3.60853042652133,0.0034593825679402,0.003459382559278,0.999994016315411,0.99999401631541,49.4137438920726,0.0,49.97693555898372,0.0,45.595075156145306,0.0,45.30258193062963,0.0,0.0,0.0,0.0,0.0,0.0,0.0
10.0,3.60878043902195,0.0034594152428331,0.0034594152341745,0.999994016202377,0.999994016202376,49.41374388414709,0.0,49.976935331392255,0.0,45.59507515350745,0.0,45.30258188346257,0.0,0.0,0.0,0.0,0.0,0.0,0.0
10.0,3.60903045152258,0.003459447919657,0.003459447911002,0.999994016089334,0.999994016089334,49.41374387622089,0.0,49.97693510378758,0.0,45.59507515086943,0.0,45.30258183629227,0.0,0.0,0.0,0.0,0.0,0.0,0.0
10.0,3.6092804640232,0.003459480598412,0.0034594805897606,0.999994015976284,0.999994015976284,49.41374386829399,0.0,49.97693487616971,0.0,45.5950751482312,0.0,45.302581789118726,0.0,0.0,0.0,0.0,0.0,0.0,0.0
10.0,3.60953047652383,0.0034595132790979,0.00345951327045,0.999994015863227,0.999994015863227,49.4137438603664,0.0,49.97693464853864,0.0,45.59507514559281,0.0,45.302581741941935,0.0,0.0,0.0,0.0,0.0,0.0,0.0
10.0,3.60978048902445,0.0034595459617147,0.0034595459530704,0.999994015750162,0.9999940157501608,49.41374385243813,0.0,49.976934420894345,0.0,45.59507514295421,0.0,45.30258169476191,0.0,0.0,0.0,0.0,0.0,0.0,0.0
10.0,3.61003050152508,0.0034595786462623,0.0034595786376215,0.999994015637089,0.999994015637088,49.41374384450915,0.0,49.97693419323686,0.0,45.59507514031544,0.0,45.30258164757864,0.0,0.0,0.0,0.0,0.0,0.0,0.0
10.0,3.6102805140257,0.0034596113327407,0.0034596113241035,0.999994015524008,0.999994015524007,49.413743836579485,0.0,49.97693396556616,0.0,45.595075137676496,0.0,45.30258160039212,0.0,0.0,0.0,0.0,0.0,0.0,0.0
10.0,3.61053052652633,0.0034596440211498,0.0034596440125161,0.999994015410919,0.999994015410919,49.413743828649146,0.0,49.97693373788224,0.0,45.59507513503736,0.0,45.30258155320235,0.0,0.0,0.0,0.0,0.0,0.0,0.0
10.0,3.61078053902695,0.0034596767114895,0.0034596767028594,0.999994015297823,0.9999940152978228,49.413743820718096,0.0,49.97693351018511,0.0,45.59507513239804,0.0,45.30258150600935,0.0,0.0,0.0,0.0,0.0,0.0,0.0
10.0,3.61103055152758,0.0034597094037598,0.0034597093951332,0.999994015184719,0.9999940151847192,49.41374381278636,0.0,49.976933282474754,0.0,45.59507512975853,0.0,45.30258145881311,0.0,0.0,0.0,0.0,0.0,0.0,0.0
10.0,3.6112805640282,0.0034597420979606,0.0034597420893376,0.999994015071607,0.999994015071607,49.41374380485393,0.0,49.97693305475119,0.0,45.59507512711885,0.0,45.302581411613616,0.0,0.0,0.0,0.0,0.0,0.0,0.0
10.0,3.61153057652883,0.0034597747940919,0.0034597747854724,0.9999940149584872,0.999994014958487,49.413743796920805,0.0,49.9769328270144,0.0,45.59507512447898,0.0,45.30258136441089,0.0,0.0,0.0,0.0,0.0,0.0,0.0
10.0,3.61178058902945,0.0034598074921536,0.0034598074835377,0.99999401484536,0.99999401484536,49.413743788987,0.0,49.97693259926439,0.0,45.59507512183893,0.0,45.30258131720492,0.0,0.0,0.0,0.0,0.0,0.0,0.0
10.0,3.61203060153008,0.0034598401921457,0.0034598401835333,0.999994014732225,0.9999940147322248,49.41374378105249,0.0,49.97693237150114,0.0,45.5950751191987,0.0,45.30258126999569,0.0,0.0,0.0,0.0,0.0,0.0,0.0
10.0,3.6122806140307,0.003459872894068,0.0034598728854591,0.999994014619082,0.999994014619082,49.4137437731173,0.0,49.97693214372468,0.0,45.59507511655828,0.0,45.302581222783225,0.0,0.0,0.0,0.0,0.0,0.0,0.0
10.0,3.61253062653133,0.0034599055979206,0.0034599055893152,0.999994014505932,0.9999940145059312,49.4137437651814,0.0,49.97693191593497,0.0,45.59507511391768,0.0,45.30258117556753,0.0,0.0,0.0,0.0,0.0,0.0,0.0
10.0,3.61278063903195,0.0034599383037033,0.0034599382951015,0.9999940143927728,0.9999940143927728,49.413743757244816,0.0,49.976931688132034,0.0,45.59507511127688,0.0,45.30258112834858,0.0,0.0,0.0,0.0,0.0,0.0,0.0
10.0,3.61303065153258,0.0034599710114161,0.0034599710028178,0.999994014279607,0.999994014279607,49.41374374930756,0.0,49.97693146031587,0.0,45.59507510863592,0.0,45.30258108112639,0.0,0.0,0.0,0.0,0.0,0.0,0.0
10.0,3.613280664033201,0.003460003721059,0.0034600037124643,0.999994014166434,0.999994014166433,49.41374374136959,0.0,49.976931232486464,0.0,45.59507510599477,0.0,45.30258103390096,0.0,0.0,0.0,0.0,0.0,0.0,0.0
10.0,3.61353067653383,0.0034600364326318,0.0034600364240406,0.999994014053252,0.999994014053252,49.41374373343093,0.0,49.97693100464382,0.0,45.59507510335343,0.0,45.30258098667229,0.0,0.0,0.0,0.0,0.0,0.0,0.0
10.0,3.61378068903445,0.0034600691461346,0.003460069137547,0.999994013940063,0.9999940139400622,49.41374372549159,0.0,49.97693077678794,0.0,45.59507510071191,0.0,45.30258093944036,0.0,0.0,0.0,0.0,0.0,0.0,0.0
10.0,3.61403070153508,0.0034601018615673,0.0034601018529831,0.999994013826866,0.999994013826865,49.41374371755155,0.0,49.97693054891881,0.0,45.59507509807021,0.0,45.3025808922052,0.0,0.0,0.0,0.0,0.0,0.0,0.0
10.0,3.6142807140357,0.0034601345789297,0.0034601345703491,0.9999940137136611,0.99999401371366,49.41374370961081,0.0,49.97693032103642,0.0,45.59507509542832,0.0,45.3025808449668,0.0,0.0,0.0,0.0,0.0,0.0,0.0
10.0,3.61453072653633,0.0034601672982219,0.0034601672896449,0.999994013600448,0.999994013600448,49.41374370166939,0.0,49.9769300931408,0.0,45.59507509278625,0.0,45.30258079772515,0.0,0.0,0.0,0.0,0.0,0.0,0.0
10.0,3.61478073903695,0.0034602000194438,0.0034602000108703,0.9999940134872282,0.999994013487228,49.41374369372727,0.0,49.97692986523193,0.0,45.595075090144,0.0,45.30258075048026,0.0,0.0,0.0,0.0,0.0,0.0,0.0
10.0,3.61503075153758,0.0034602327425953,0.0034602327340253,0.999994013374,0.999994013374,49.41374368578446,0.0,49.976929637309794,0.0,45.59507508750157,0.0,45.30258070323213,0.0,0.0,0.0,0.0,0.0,0.0,0.0
10.0,3.6152807640382,0.0034602654676764,0.00346026545911,0.999994013260764,0.999994013260764,49.41374367784096,0.0,49.976929409374414,0.0,45.59507508485895,0.0,45.30258065598075,0.0,0.0,0.0,0.0,0.0,0.0,0.0
10.0,3.61553077653883,0.003460298194687,0.0034602981861241,0.999994013147521,0.99999401314752,49.413743669896775,0.0,49.976929181425774,0.0,45.59507508221615,0.0,45.30258060872613,0.0,0.0,0.0,0.0,0.0,0.0,0.0
10.0,3.61578078903945,0.003460330923627,0.0034603309150676,0.999994013034269,0.9999940130342688,49.41374366195189,0.0,49.97692895346388,0.0,45.59507507957317,0.0,45.30258056146826,0.0,0.0,0.0,0.0,0.0,0.0,0.0
10.0,3.61603080154008,0.0034603636544965,0.0034603636459406,0.99999401292101,0.99999401292101,49.41374365400631,0.0,49.97692872548871,0.0,45.59507507693,0.0,45.302580514207165,0.0,0.0,0.0,0.0,0.0,0.0,0.0
10.0,3.6162808140407,0.0034603963872952,0.0034603963787429,0.999994012807743,0.999994012807743,49.41374364606004,0.0,49.976928497500296,0.0,45.59507507428664,0.0,45.302580466942814,0.0,0.0,0.0,0.0,0.0,0.0,0.0
10.0,3.61653082654133,0.0034604291220232,0.0034604291134744,0.999994012694469,0.999994012694468,49.41374363811308,0.0,49.97692826949861,0.0,45.5950750716431,0.0,45.30258041967522,0.0,0.0,0.0,0.0,0.0,0.0,0.0
10.0,3.61678083904195,0.0034604618586805,0.0034604618501352,0.9999940125811873,0.999994012581186,49.41374363016543,0.0,49.976928041483646,0.0,45.595075068999385,0.0,45.30258037240439,0.0,0.0,0.0,0.0,0.0,0.0,0.0
10.0,3.61703085154258,0.0034604945972669,0.0034604945887251,0.999994012467897,0.999994012467896,49.41374362221708,0.0,49.97692781345543,0.0,45.59507506635548,0.0,45.30258032513032,0.0,0.0,0.0,0.0,0.0,0.0,0.0
10.0,3.6172808640432,0.0034605273377823,0.0034605273292441,0.9999940123545988,0.999994012354598,49.41374361426804,0.0,49.976927585413925,0.0,45.5950750637114,0.0,45.302580277853,0.0,0.0,0.0,0.0,0.0,0.0,0.0
10.0,3.61753087654383,0.0034605600802269,0.0034605600716921,0.9999940122412933,0.999994012241293,49.41374360631831,0.0,49.97692735735916,0.0,45.59507506106713,0.0,45.30258023057243,0.0,0.0,0.0,0.0,0.0,0.0,0.0
10.0,3.61778088904445,0.0034605928246003,0.0034605928160691,0.99999401212798,0.999994012127979,49.41374359836788,0.0,49.97692712929111,0.0,45.59507505842268,0.0,45.30258018328863,0.0,0.0,0.0,0.0,0.0,0.0,0.0
10.0,3.61803090154508,0.0034606255709027,0.0034606255623751,0.9999940120146592,0.999994012014658,49.41374359041677,0.0,49.97692690120979,0.0,45.59507505577804,0.0,45.30258013600159,0.0,0.0,0.0,0.0,0.0,0.0,0.0
10.0,3.6182809140457,0.003460658319134,0.0034606583106098,0.99999401190133,0.99999401190133,49.41374358246496,0.0,49.97692667311518,0.0,45.59507505313322,0.0,45.30258008871129,0.0,0.0,0.0,0.0,0.0,0.0,0.0
10.0,3.61853092654633,0.003460691069294,0.0034606910607733,0.999994011787994,0.999994011787993,49.41374357451246,0.0,49.976926445007294,0.0,45.59507505048822,0.0,45.30258004141776,0.0,0.0,0.0,0.0,0.0,0.0,0.0
10.0,3.61878093904695,0.0034607238213827,0.0034607238128656,0.9999940116746492,0.999994011674649,49.41374356655927,0.0,49.97692621688613,0.0,45.59507504784304,0.0,45.302579994120975,0.0,0.0,0.0,0.0,0.0,0.0,0.0
10.0,3.61903095154758,0.0034607565754002,0.0034607565668866,0.9999940115612967,0.999994011561297,49.41374355860538,0.0,49.97692598875167,0.0,45.59507504519766,0.0,45.30257994682096,0.0,0.0,0.0,0.0,0.0,0.0,0.0
10.0,3.6192809640482,0.0034607893313462,0.0034607893228361,0.999994011447938,0.999994011447937,49.4137435506508,0.0,49.97692576060392,0.0,45.59507504255211,0.0,45.302579899517696,0.0,0.0,0.0,0.0,0.0,0.0,0.0
10.0,3.61953097654883,0.0034608220892208,0.0034608220807143,0.99999401133457,0.999994011334569,49.41374354269553,0.0,49.97692553244288,0.0,45.595075039906376,0.0,45.3025798522112,0.0,0.0,0.0,0.0,0.0,0.0,0.0
10.0,3.61978098904945,0.0034608548490239,0.0034608548405209,0.999994011221195,0.999994011221194,49.41374353473957,0.0,49.97692530426854,0.0,45.59507503726046,0.0,45.30257980490144,0.0,0.0,0.0,0.0,0.0,0.0,0.0
10.0,3.620031001550081,0.0034608876107554,0.0034608876022559,0.9999940111078122,0.999994011107811,49.41374352678292,0.0,49.97692507608093,0.0,45.595075034614354,0.0,45.30257975758845,0.0,0.0,0.0,0.0,0.0,0.0,0.0
10.0,3.6202810140507,0.0034609203744153,0.0034609203659193,0.9999940109944212,0.999994010994421,49.41374351882556,0.0,49.97692484788001,0.0,45.59507503196807,0.0,45.30257971027222,0.0,0.0,0.0,0.0,0.0,0.0,0.0
10.0,3.62053102655133,0.0034609531400035,0.003460953131511,0.9999940108810232,0.999994010881022,49.41374351086752,0.0,49.97692461966579,0.0,45.5950750293216,0.0,45.30257966295274,0.0,0.0,0.0,0.0,0.0,0.0,0.0
10.0,3.62078103905195,0.00346098590752,0.003460985899031,0.999994010767616,0.999994010767616,49.41374350290879,0.0,49.97692439143827,0.0,45.59507502667495,0.0,45.30257961563003,0.0,0.0,0.0,0.0,0.0,0.0,0.0
10.0,3.62103105155258,0.0034610186769647,0.0034610186684792,0.999994010654202,0.999994010654202,49.41374349494935,0.0,49.97692416319744,0.0,45.59507502402811,0.0,45.30257956830407,0.0,0.0,0.0,0.0,0.0,0.0,0.0
10.0,3.6212810640532,0.0034610514483374,0.0034610514398554,0.9999940105407812,0.99999401054078,49.41374348698923,0.0,49.97692393494332,0.0,45.59507502138109,0.0,45.30257952097486,0.0,0.0,0.0,0.0,0.0,0.0,0.0
10.0,3.62153107655383,0.0034610842216383,0.0034610842131598,0.999994010427351,0.99999401042735,49.41374347902842,0.0,49.97692370667588,0.0,45.59507501873389,0.0,45.30257947364241,0.0,0.0,0.0,0.0,0.0,0.0,0.0
10.0,3.62178108905445,0.0034611169968672,0.0034611169883922,0.999994010313914,0.999994010313913,49.41374347106692,0.0,49.97692347839513,0.0,45.5950750160865,0.0,45.30257942630673,0.0,0.0,0.0,0.0,0.0,0.0,0.0
10.0,3.62203110155508,0.003461149774024,0.0034611497655525,0.9999940102004689,0.999994010200468,49.41374346310472,0.0,49.97692325010107,0.0,45.595075013438944,0.0,45.30257937896779,0.0,0.0,0.0,0.0,0.0,0.0,0.0
10.0,3.622281114055701,0.0034611825531087,0.0034611825446408,0.999994010087016,0.9999940100870152,49.41374345514183,0.0,49.97692302179371,0.0,45.595075010791184,0.0,45.30257933162561,0.0,0.0,0.0,0.0,0.0,0.0,0.0
10.0,3.62253112655633,0.0034612153341213,0.0034612153256568,0.999994009973555,0.999994009973555,49.41374344717824,0.0,49.97692279347302,0.0,45.59507500814324,0.0,45.3025792842802,0.0,0.0,0.0,0.0,0.0,0.0,0.0
10.0,3.62278113905695,0.0034612481170616,0.0034612481086007,0.999994009860087,0.999994009860087,49.41374343921397,0.0,49.97692256513901,0.0,45.595075005495126,0.0,45.302579236931535,0.0,0.0,0.0,0.0,0.0,0.0,0.0
10.0,3.62303115155758,0.0034612809019297,0.0034612808934722,0.9999940097466112,0.999994009746611,49.41374343124899,0.0,49.976922336791695,0.0,45.595075002846826,0.0,45.30257918957964,0.0,0.0,0.0,0.0,0.0,0.0,0.0
10.0,3.6232811640582,0.0034613136887254,0.0034613136802714,0.999994009633128,0.999994009633127,49.41374342328333,0.0,49.976922108431054,0.0,45.59507500019835,0.0,45.302579142224495,0.0,0.0,0.0,0.0,0.0,0.0,0.0
10.0,3.62353117655883,0.0034613464774487,0.0034613464689982,0.999994009519636,0.999994009519636,49.41374341531697,0.0,49.97692188005709,0.0,45.59507499754967,0.0,45.3025790948661,0.0,0.0,0.0,0.0,0.0,0.0,0.0
10.0,3.62378118905945,0.0034613792680995,0.0034613792596526,0.999994009406137,0.999994009406136,49.41374340734991,0.0,49.9769216516698,0.0,45.59507499490083,0.0,45.30257904750446,0.0,0.0,0.0,0.0,0.0,0.0,0.0
10.0,3.62403120156008,0.0034614120606778,0.0034614120522344,0.9999940092926302,0.999994009292629,49.41374339938217,0.0,49.976921423269175,0.0,45.59507499225179,0.0,45.30257900013959,0.0,0.0,0.0,0.0,0.0,0.0,0.0
10.0,3.6242812140607,0.0034614448551836,0.0034614448467436,0.999994009179115,0.9999940091791149,49.41374339141374,0.0,49.97692119485523,0.0,45.595074989602566,0.0,45.30257895277147,0.0,0.0,0.0,0.0,0.0,0.0,0.0
10.0,3.62453122656133,0.0034614776516167,0.0034614776431802,0.999994009065593,0.999994009065592,49.41374338344461,0.0,49.976920966427954,0.0,45.59507498695316,0.0,45.3025789054001,0.0,0.0,0.0,0.0,0.0,0.0,0.0
10.0,3.62478123906195,0.003461510449977,0.0034615104415441,0.999994008952062,0.999994008952062,49.41374337547479,0.0,49.976920737987335,0.0,45.59507498430358,0.0,45.30257885802551,0.0,0.0,0.0,0.0,0.0,0.0,0.0
10.0,3.62503125156258,0.0034615432502647,0.0034615432418352,0.999994008838524,0.999994008838524,49.41374336750427,0.0,49.97692050953339,0.0,45.59507498165381,0.0,45.30257881064766,0.0,0.0,0.0,0.0,0.0,0.0,0.0
10.0,3.6252812640632,0.0034615760524795,0.0034615760440535,0.9999940087249788,0.999994008724978,49.41374335953306,0.0,49.97692028106611,0.0,45.595074979003854,0.0,45.302578763266574,0.0,0.0,0.0,0.0,0.0,0.0,0.0
10.0,3.62553127656383,0.0034616088566214,0.0034616088481988,0.999994008611425,0.999994008611425,49.41374335156116,0.0,49.97692005258548,0.0,45.59507497635372,0.0,45.30257871588224,0.0,0.0,0.0,0.0,0.0,0.0,0.0
10.0,3.62578128906445,0.0034616416626903,0.0034616416542713,0.999994008497864,0.999994008497863,49.41374334358856,0.0,49.97691982409152,0.0,45.595074973703404,0.0,45.30257866849466,0.0,0.0,0.0,0.0,0.0,0.0,0.0
10.0,3.62603130156508,0.0034616744706863,0.0034616744622708,0.999994008384295,0.999994008384294,49.41374333561527,0.0,49.97691959558421,0.0,45.5950749710529,0.0,45.30257862110385,0.0,0.0,0.0,0.0,0.0,0.0,0.0
10.0,3.6262813140657,0.0034617072806092,0.0034617072721972,0.999994008270718,0.999994008270718,49.41374332764129,0.0,49.976919367063545,0.0,45.59507496840221,0.0,45.3025785737098,0.0,0.0,0.0,0.0,0.0,0.0,0.0
10.0,3.62653132656633,0.003461740092459,0.0034617400840505,0.999994008157134,0.999994008157133,49.41374331966661,0.0,49.97691913852955,0.0,45.595074965751344,0.0,45.30257852631249,0.0,0.0,0.0,0.0,0.0,0.0,0.0
10.0,3.62678133906695,0.0034617729062356,0.0034617728978305,0.999994008043542,0.999994008043541,49.41374331169124,0.0,49.9769189099822,0.0,45.595074963100295,0.0,45.30257847891195,0.0,0.0,0.0,0.0,0.0,0.0,0.0
10.0,3.62703135156758,0.003461805721939,0.0034618057135374,0.999994007929942,0.9999940079299408,49.41374330371518,0.0,49.976918681421495,0.0,45.59507496044905,0.0,45.30257843150815,0.0,0.0,0.0,0.0,0.0,0.0,0.0
10.0,3.6272813640682,0.003461838539569,0.0034618385311709,0.999994007816334,0.999994007816334,49.41374329573842,0.0,49.97691845284744,0.0,45.59507495779764,0.0,45.30257838410113,0.0,0.0,0.0,0.0,0.0,0.0,0.0
10.0,3.62753137656883,0.0034618713591257,0.0034618713507311,0.999994007702718,0.999994007702718,49.41374328776097,0.0,49.97691822426004,0.0,45.59507495514604,0.0,45.30257833669085,0.0,0.0,0.0,0.0,0.0,0.0,0.0
10.0,3.6277813890694497,0.003461904180609,0.0034619041722179,0.999994007589095,0.999994007589095,49.41374327978282,0.0,49.976917995659264,0.0,45.59507495249425,0.0,45.302578289277335,0.0,0.0,0.0,0.0,0.0,0.0,0.0
10.0,3.62803140157008,0.0034619370040188,0.0034619369956312,0.999994007475464,0.999994007475464,49.413743271804,0.0,49.97691776704514,0.0,45.59507494984228,0.0,45.30257824186058,0.0,0.0,0.0,0.0,0.0,0.0,0.0
10.0,3.6282814140707,0.0034619698293551,0.0034619698209709,0.999994007361826,0.999994007361825,49.41374326382446,0.0,49.97691753841766,0.0,45.59507494719013,0.0,45.30257819444058,0.0,0.0,0.0,0.0,0.0,0.0,0.0
10.0,3.62853142657133,0.0034620026566177,0.003462002648237,0.999994007248179,0.999994007248179,49.41374325584423,0.0,49.97691730977681,0.0,45.59507494453779,0.0,45.302578147017336,0.0,0.0,0.0,0.0,0.0,0.0,0.0
10.0,3.62878143907195,0.0034620354858067,0.0034620354774295,0.999994007134525,0.999994007134524,49.41374324786331,0.0,49.97691708112259,0.0,45.59507494188527,0.0,45.30257809959085,0.0,0.0,0.0,0.0,0.0,0.0,0.0
10.0,3.629031451572581,0.003462068316922,0.0034620683085483,0.9999940070208628,0.999994007020862,49.4137432398817,0.0,49.97691685245501,0.0,45.595074939232575,0.0,45.30257805216112,0.0,0.0,0.0,0.0,0.0,0.0,0.0
10.0,3.6292814640732,0.0034621011499635,0.0034621011415933,0.999994006907193,0.9999940069071932,49.4137432318994,0.0,49.97691662377407,0.0,45.595074936579685,0.0,45.30257800472815,0.0,0.0,0.0,0.0,0.0,0.0,0.0
10.0,3.62953147657383,0.0034621339849312,0.0034621339765644,0.9999940067935152,0.999994006793515,49.4137432239164,0.0,49.97691639507975,0.0,45.59507493392662,0.0,45.30257795729193,0.0,0.0,0.0,0.0,0.0,0.0,0.0
10.0,3.62978148907445,0.0034621668218249,0.0034621668134616,0.9999940066798308,0.99999400667983,49.4137432159327,0.0,49.97691616637206,0.0,45.595074931273366,0.0,45.30257790985248,0.0,0.0,0.0,0.0,0.0,0.0,0.0
10.0,3.63003150157508,0.0034621996606447,0.0034621996522849,0.999994006566138,0.999994006566137,49.41374320794832,0.0,49.976915937650986,0.0,45.59507492861993,0.0,45.30257786240979,0.0,0.0,0.0,0.0,0.0,0.0,0.0
10.0,3.6302815140757,0.0034622325013905,0.0034622324930342,0.999994006452437,0.999994006452436,49.41374319996324,0.0,49.97691570891655,0.0,45.59507492596631,0.0,45.30257781496385,0.0,0.0,0.0,0.0,0.0,0.0,0.0
10.0,3.63053152657633,0.0034622653440622,0.0034622653357093,0.999994006338728,0.999994006338728,49.41374319197746,0.0,49.97691548016873,0.0,45.59507492331251,0.0,45.302577767514656,0.0,0.0,0.0,0.0,0.0,0.0,0.0
10.0,3.63078153907695,0.0034622981886598,0.0034622981803104,0.999994006225012,0.999994006225012,49.41374318399099,0.0,49.97691525140752,0.0,45.59507492065852,0.0,45.302577720062224,0.0,0.0,0.0,0.0,0.0,0.0,0.0
10.0,3.63103155157758,0.0034623310351832,0.0034623310268372,0.999994006111288,0.999994006111288,49.41374317600384,0.0,49.97691502263294,0.0,45.59507491800435,0.0,45.30257767260656,0.0,0.0,0.0,0.0,0.0,0.0,0.0
10.0,3.6312815640782,0.0034623638836323,0.0034623638752898,0.999994005997557,0.999994005997556,49.41374316801597,0.0,49.976914793844976,0.0,45.59507491535,0.0,45.30257762514764,0.0,0.0,0.0,0.0,0.0,0.0,0.0
10.0,3.63153157657883,0.0034623967340071,0.003462396725668,0.9999940058838171,0.999994005883817,49.41374316002742,0.0,49.97691456504362,0.0,45.59507491269546,0.0,45.3025775776855,0.0,0.0,0.0,0.0,0.0,0.0,0.0
10.0,3.63178158907945,0.0034624295863075,0.0034624295779719,0.99999400577007,0.99999400577007,49.41374315203817,0.0,49.97691433622889,0.0,45.59507491004074,0.0,45.3025775302201,0.0,0.0,0.0,0.0,0.0,0.0,0.0
10.0,3.63203160158008,0.0034624624405335,0.0034624624322014,0.999994005656315,0.999994005656315,49.41374314404824,0.0,49.97691410740075,0.0,45.59507490738584,0.0,45.30257748275145,0.0,0.0,0.0,0.0,0.0,0.0,0.0
10.0,3.6322816140807,0.0034624952966849,0.0034624952883563,0.999994005542553,0.999994005542552,49.41374313605761,0.0,49.97691387855923,0.0,45.59507490473076,0.0,45.30257743527958,0.0,0.0,0.0,0.0,0.0,0.0,0.0
10.0,3.63253162658133,0.0034625281547619,0.0034625281464367,0.999994005428782,0.999994005428781,49.41374312806629,0.0,49.97691364970432,0.0,45.59507490207549,0.0,45.30257738780445,0.0,0.0,0.0,0.0,0.0,0.0,0.0
10.0,3.63278163908195,0.0034625610147642,0.0034625610064425,0.999994005315004,0.999994005315003,49.41374312007426,0.0,49.976913420836006,0.0,45.595074899420034,0.0,45.30257734032608,0.0,0.0,0.0,0.0,0.0,0.0,0.0
10.0,3.63303165158258,0.0034625938766918,0.0034625938683735,0.999994005201218,0.999994005201218,49.41374311208155,0.0,49.9769131919543,0.0,45.5950748967644,0.0,45.30257729284447,0.0,0.0,0.0,0.0,0.0,0.0,0.0
10.0,3.6332816640832,0.0034626267405447,0.0034626267322299,0.999994005087424,0.999994005087424,49.41374310408813,0.0,49.97691296305919,0.0,45.59507489410858,0.0,45.30257724535963,0.0,0.0,0.0,0.0,0.0,0.0,0.0
10.0,3.63353167658383,0.0034626596063228,0.0034626595980115,0.9999940049736232,0.999994004973622,49.41374309609404,0.0,49.97691273415069,0.0,45.595074891452576,0.0,45.30257719787152,0.0,0.0,0.0,0.0,0.0,0.0,0.0
10.0,3.63378168908445,0.003462692474026,0.0034626924657181,0.999994004859814,0.999994004859813,49.41374308809924,0.0,49.97691250522878,0.0,45.5950748887964,0.0,45.30257715038019,0.0,0.0,0.0,0.0,0.0,0.0,0.0
10.0,3.63403170158508,0.0034627253436543,0.0034627253353499,0.999994004745997,0.999994004745997,49.41374308010374,0.0,49.97691227629347,0.0,45.595074886140026,0.0,45.30257710288561,0.0,0.0,0.0,0.0,0.0,0.0,0.0
10.0,3.6342817140857,0.0034627582152077,0.0034627582069067,0.999994004632172,0.999994004632172,49.413743072107565,0.0,49.976912047344754,0.0,45.59507488348346,0.0,45.302577055387786,0.0,0.0,0.0,0.0,0.0,0.0,0.0
10.0,3.6345317265863297,0.003462791088686,0.0034627910803885,0.99999400451834,0.9999940045183388,49.41374306411068,0.0,49.97691181838263,0.0,45.59507488082673,0.0,45.30257700788672,0.0,0.0,0.0,0.0,0.0,0.0,0.0
10.0,3.63478173908695,0.0034628239640892,0.0034628239557951,0.9999940044045,0.999994004404499,49.41374305611311,0.0,49.976911589407095,0.0,45.59507487816982,0.0,45.30257696038241,0.0,0.0,0.0,0.0,0.0,0.0,0.0
10.0,3.63503175158758,0.0034628568414172,0.0034628568331267,0.999994004290652,0.999994004290651,49.41374304811482,0.0,49.97691136041814,0.0,45.59507487551271,0.0,45.30257691287487,0.0,0.0,0.0,0.0,0.0,0.0,0.0
10.0,3.6352817640882,0.0034628897206701,0.003462889712383,0.999994004176796,0.999994004176796,49.41374304011587,0.0,49.97691113141578,0.0,45.59507487285543,0.0,45.30257686536408,0.0,0.0,0.0,0.0,0.0,0.0,0.0
10.0,3.63553177658883,0.0034629226018477,0.003462922593564,0.999994004062933,0.999994004062932,49.41374303211621,0.0,49.9769109024,0.0,45.59507487019796,0.0,45.30257681785003,0.0,0.0,0.0,0.0,0.0,0.0,0.0
10.0,3.63578178908945,0.0034629554849499,0.0034629554766697,0.999994003949062,0.999994003949061,49.41374302411586,0.0,49.9769106733708,0.0,45.59507486754031,0.0,45.30257677033276,0.0,0.0,0.0,0.0,0.0,0.0,0.0
10.0,3.63603180159008,0.0034629883699767,0.0034629883616999,0.999994003835183,0.999994003835182,49.413743016114815,0.0,49.97691044432819,0.0,45.59507486488247,0.0,45.30257672281224,0.0,0.0,0.0,0.0,0.0,0.0,0.0
10.0,3.6362818140907,0.0034630212569281,0.0034630212486548,0.999994003721296,0.999994003721296,49.41374300811307,0.0,49.97691021527216,0.0,45.59507486222445,0.0,45.30257667528847,0.0,0.0,0.0,0.0,0.0,0.0,0.0
10.0,3.63653182659133,0.003463054145804,0.0034630541375341,0.999994003607402,0.999994003607401,49.41374300011064,0.0,49.9769099862027,0.0,45.595074859566246,0.0,45.30257662776147,0.0,0.0,0.0,0.0,0.0,0.0,0.0
10.0,3.636781839091951,0.0034630870366043,0.0034630870283378,0.9999940034935,0.999994003493499,49.41374299210751,0.0,49.97690975711981,0.0,45.59507485690786,0.0,45.30257658023122,0.0,0.0,0.0,0.0,0.0,0.0,0.0
10.0,3.63703185159258,0.0034631199293289,0.0034631199210659,0.99999400337959,0.999994003379589,49.41374298410368,0.0,49.97690952802351,0.0,45.59507485424929,0.0,45.302576532697735,0.0,0.0,0.0,0.0,0.0,0.0,0.0
10.0,3.6372818640932,0.0034631528239779,0.0034631528157183,0.999994003265672,0.999994003265672,49.41374297609916,0.0,49.976909298913775,0.0,45.59507485159055,0.0,45.302576485161,0.0,0.0,0.0,0.0,0.0,0.0,0.0
10.0,3.63753187659383,0.0034631857205511,0.003463185712295,0.999994003151747,0.999994003151746,49.41374296809395,0.0,49.9769090697906,0.0,45.5950748489316,0.0,45.30257643762103,0.0,0.0,0.0,0.0,0.0,0.0,0.0
10.0,3.63778188909445,0.0034632186190485,0.0034632186107958,0.9999940030378142,0.999994003037813,49.41374296008805,0.0,49.976908840654005,0.0,45.59507484627248,0.0,45.30257639007781,0.0,0.0,0.0,0.0,0.0,0.0,0.0
10.0,3.63803190159508,0.00346325151947,0.0034632515112208,0.999994002923873,0.999994002923872,49.41374295208143,0.0,49.976908611503966,0.0,45.59507484361318,0.0,45.30257634253135,0.0,0.0,0.0,0.0,0.0,0.0,0.0
10.0,3.63828191409571,0.0034632844218156,0.0034632844135698,0.999994002809924,0.999994002809924,49.41374294407414,0.0,49.9769083823405,0.0,45.5950748409537,0.0,45.30257629498165,0.0,0.0,0.0,0.0,0.0,0.0,0.0
10.0,3.63853192659633,0.0034633173260852,0.0034633173178428,0.999994002695968,0.9999940026959672,49.41374293606614,0.0,49.9769081531636,0.0,45.59507483829402,0.0,45.3025762474287,0.0,0.0,0.0,0.0,0.0,0.0,0.0
10.0,3.638781939096949,0.0034633502322787,0.0034633502240398,0.999994002582004,0.999994002582003,49.41374292805745,0.0,49.97690792397325,0.0,45.59507483563417,0.0,45.30257619987252,0.0,0.0,0.0,0.0,0.0,0.0,0.0
10.0,3.63903195159758,0.0034633831403961,0.0034633831321607,0.999994002468032,0.999994002468031,49.41374292004808,0.0,49.97690769476947,0.0,45.59507483297413,0.0,45.30257615231309,0.0,0.0,0.0,0.0,0.0,0.0,0.0
10.0,3.6392819640982,0.0034634160504374,0.0034634160422054,0.999994002354052,0.999994002354052,49.413742912038,0.0,49.976907465552245,0.0,45.59507483031392,0.0,45.302576104750415,0.0,0.0,0.0,0.0,0.0,0.0,0.0
10.0,3.63953197659883,0.0034634489624024,0.0034634489541738,0.999994002240065,0.999994002240065,49.41374290402722,0.0,49.97690723632157,0.0,45.59507482765351,0.0,45.3025760571845,0.0,0.0,0.0,0.0,0.0,0.0,0.0
10.0,3.63978198909945,0.0034634818762911,0.003463481868066,0.99999400212607,0.999994002126069,49.41374289601576,0.0,49.97690700707745,0.0,45.59507482499293,0.0,45.30257600961535,0.0,0.0,0.0,0.0,0.0,0.0,0.0
10.0,3.64003200160008,0.0034635147921035,0.0034635147838818,0.999994002012067,0.999994002012067,49.41374288800359,0.0,49.97690677781989,0.0,45.59507482233216,0.0,45.302575962042944,0.0,0.0,0.0,0.0,0.0,0.0,0.0
10.0,3.64028201410071,0.0034635477098395,0.0034635477016212,0.999994001898056,0.999994001898056,49.413742879990735,0.0,49.97690654854888,0.0,45.5950748196712,0.0,45.302575914467305,0.0,0.0,0.0,0.0,0.0,0.0,0.0
10.0,3.64053202660133,0.003463580629499,0.0034635806212841,0.999994001784038,0.999994001784038,49.41374287197719,0.0,49.97690631926441,0.0,45.59507481701007,0.0,45.30257586688842,0.0,0.0,0.0,0.0,0.0,0.0,0.0
10.0,3.64078203910195,0.0034636135510819,0.0034636135428705,0.999994001670012,0.999994001670012,49.41374286396294,0.0,49.97690608996649,0.0,45.59507481434875,0.0,45.3025758193063,0.0,0.0,0.0,0.0,0.0,0.0,0.0
10.0,3.64103205160258,0.0034636464745883,0.0034636464663803,0.999994001555978,0.999994001555978,49.413742855948,0.0,49.97690586065512,0.0,45.595074811687255,0.0,45.302575771720925,0.0,0.0,0.0,0.0,0.0,0.0,0.0
10.0,3.6412820641032098,0.003463679400018,0.0034636793918134,0.999994001441936,0.999994001441936,49.41374284793236,0.0,49.97690563133029,0.0,45.59507480902556,0.0,45.30257572413231,0.0,0.0,0.0,0.0,0.0,0.0,0.0
10.0,3.64153207660383,0.003463712327371,0.0034637123191699,0.9999940013278869,0.999994001327887,49.413742839916026,0.0,49.976905401992,0.0,45.5950748063637,0.0,45.302575676540464,0.0,0.0,0.0,0.0,0.0,0.0,0.0
10.0,3.64178208910446,0.0034637452566472,0.0034637452484495,0.99999400121383,0.99999400121383,49.413742831899,0.0,49.97690517264024,0.0,45.59507480370164,0.0,45.30257562894536,0.0,0.0,0.0,0.0,0.0,0.0,0.0
10.0,3.64203210160508,0.0034637781878466,0.0034637781796523,0.999994001099765,0.9999940010997648,49.413742823881286,0.0,49.97690494327504,0.0,45.5950748010394,0.0,45.30257558134703,0.0,0.0,0.0,0.0,0.0,0.0,0.0
10.0,3.64228211410571,0.0034638111209691,0.0034638111127783,0.999994000985693,0.999994000985692,49.41374281586287,0.0,49.97690471389637,0.0,45.59507479837698,0.0,45.30257553374545,0.0,0.0,0.0,0.0,0.0,0.0,0.0
10.0,3.64253212660633,0.0034638440560147,0.0034638440478272,0.999994000871613,0.999994000871612,49.41374280784375,0.0,49.97690448450423,0.0,45.59507479571438,0.0,45.30257548614063,0.0,0.0,0.0,0.0,0.0,0.0,0.0
10.0,3.64278213910696,0.0034638769929832,0.0034638769847992,0.999994000757525,0.999994000757524,49.413742799823936,0.0,49.97690425509862,0.0,45.5950747930516,0.0,45.30257543853256,0.0,0.0,0.0,0.0,0.0,0.0,0.0
10.0,3.64303215160758,0.0034639099318747,0.0034639099236941,0.999994000643429,0.999994000643428,49.41374279180344,0.0,49.976904025679545,0.0,45.59507479038862,0.0,45.302575390921255,0.0,0.0,0.0,0.0,0.0,0.0,0.0
10.0,3.64328216410821,0.003463942872689,0.0034639428645118,0.999994000529325,0.9999940005293247,49.41374278378224,0.0,49.976903796247,0.0,45.59507478772547,0.0,45.3025753433067,0.0,0.0,0.0,0.0,0.0,0.0,0.0
10.0,3.643532176608831,0.0034639758154262,0.0034639758072524,0.999994000415214,0.9999940004152132,49.41374277576035,0.0,49.976903566800985,0.0,45.59507478506213,0.0,45.30257529568891,0.0,0.0,0.0,0.0,0.0,0.0,0.0
10.0,3.64378218910946,0.0034640087600861,0.0034640087519157,0.999994000301095,0.999994000301094,49.41374276773776,0.0,49.97690333734148,0.0,45.59507478239861,0.0,45.30257524806788,0.0,0.0,0.0,0.0,0.0,0.0,0.0
10.0,3.64403220161008,0.0034640417066686,0.0034640416985017,0.999994000186968,0.9999940001869682,49.41374275971447,0.0,49.97690310786852,0.0,45.59507477973492,0.0,45.3025752004436,0.0,0.0,0.0,0.0,0.0,0.0,0.0
10.0,3.64428221411071,0.0034640746551739,0.0034640746470104,0.999994000072834,0.999994000072833,49.413742751690485,0.0,49.97690287838207,0.0,45.59507477707103,0.0,45.30257515281608,0.0,0.0,0.0,0.0,0.0,0.0,0.0
10.0,3.64453222661133,0.0034641076056016,0.0034641075974416,0.9999939999586908,0.999993999958691,49.41374274366581,0.0,49.97690264888215,0.0,45.59507477440696,0.0,45.30257510518532,0.0,0.0,0.0,0.0,0.0,0.0,0.0
10.0,3.64478223911196,0.0034641405579519,0.0034641405497953,0.999993999844541,0.9999939998445412,49.41374273564044,0.0,49.97690241936875,0.0,45.5950747717427,0.0,45.30257505755132,0.0,0.0,0.0,0.0,0.0,0.0,0.0
10.0,3.64503225161258,0.0034641735122247,0.0034641735040714,0.999993999730384,0.999993999730383,49.41374272761438,0.0,49.976902189841866,0.0,45.595074769078266,0.0,45.30257500991407,0.0,0.0,0.0,0.0,0.0,0.0,0.0
10.0,3.64528226411321,0.0034642064684198,0.00346420646027,0.999993999616218,0.9999939996162182,49.41374271958762,0.0,49.97690196030149,0.0,45.59507476641365,0.0,45.30257496227358,0.0,0.0,0.0,0.0,0.0,0.0,0.0
10.0,3.645532276613829,0.0034642394265373,0.0034642394183909,0.999993999502045,0.999993999502044,49.41374271156016,0.0,49.97690173074764,0.0,45.59507476374884,0.0,45.30257491462986,0.0,0.0,0.0,0.0,0.0,0.0,0.0
10.0,3.64578228911446,0.003464272386577,0.003464272378434,0.999993999387864,0.999993999387863,49.41374270353201,0.0,49.97690150118029,0.0,45.59507476108386,0.0,45.30257486698288,0.0,0.0,0.0,0.0,0.0,0.0,0.0
10.0,3.64603230161508,0.0034643053485389,0.0034643053403994,0.9999939992736748,0.999993999273675,49.41374269550316,0.0,49.976901271599466,0.0,45.59507475841869,0.0,45.30257481933266,0.0,0.0,0.0,0.0,0.0,0.0,0.0
10.0,3.64628231411571,0.003464338312423,0.0034643383042869,0.9999939991594778,0.999993999159478,49.413742687473615,0.0,49.97690104200513,0.0,45.59507475575334,0.0,45.3025747716792,0.0,0.0,0.0,0.0,0.0,0.0,0.0
10.0,3.64653232661633,0.0034643712782292,0.0034643712700965,0.999993999045274,0.999993999045274,49.413742679443374,0.0,49.97690081239732,0.0,45.5950747530878,0.0,45.302574724022506,0.0,0.0,0.0,0.0,0.0,0.0,0.0
10.0,3.64678233911696,0.0034644042459574,0.0034644042378281,0.999993998931062,0.999993998931062,49.41374267141244,0.0,49.976900582776,0.0,45.595074750422086,0.0,45.30257467636257,0.0,0.0,0.0,0.0,0.0,0.0,0.0
10.0,3.64703235161758,0.0034644372156076,0.0034644372074817,0.999993998816843,0.999993998816842,49.41374266338081,0.0,49.9769003531412,0.0,45.595074747756186,0.0,45.30257462869938,0.0,0.0,0.0,0.0,0.0,0.0,0.0
10.0,3.64728236411821,0.0034644701871797,0.0034644701790572,0.999993998702615,0.999993998702615,49.41374265534848,0.0,49.9769001234929,0.0,45.595074745090095,0.0,45.30257458103296,0.0,0.0,0.0,0.0,0.0,0.0,0.0
10.0,3.64753237661883,0.0034645031606736,0.0034645031525545,0.99999399858838,0.999993998588379,49.41374264731546,0.0,49.976899893831096,0.0,45.59507474242383,0.0,45.30257453336329,0.0,0.0,0.0,0.0,0.0,0.0,0.0
10.0,3.64778238911946,0.0034645361360894,0.0034645361279736,0.999993998474137,0.999993998474136,49.41374263928174,0.0,49.9768996641558,0.0,45.595074739757365,0.0,45.30257448569038,0.0,0.0,0.0,0.0,0.0,0.0,0.0
10.0,3.64803240162008,0.0034645691134268,0.0034645691053145,0.999993998359886,0.999993998359886,49.41374263124733,0.0,49.97689943446699,0.0,45.59507473709073,0.0,45.30257443801422,0.0,0.0,0.0,0.0,0.0,0.0,0.0
10.0,3.64828241412071,0.003464602092686,0.0034646020845771,0.999993998245628,0.999993998245627,49.41374262321222,0.0,49.97689920476468,0.0,45.59507473442391,0.0,45.30257439033483,0.0,0.0,0.0,0.0,0.0,0.0,0.0
10.0,3.64853242662133,0.0034646350738667,0.0034646350657612,0.9999939981313608,0.9999939981313608,49.41374261517641,0.0,49.97689897504887,0.0,45.59507473175691,0.0,45.30257434265219,0.0,0.0,0.0,0.0,0.0,0.0,0.0
10.0,3.64878243912196,0.003464668056969,0.0034646680488669,0.999993998017087,0.999993998017087,49.41374260713992,0.0,49.97689874531954,0.0,45.59507472908973,0.0,45.30257429496631,0.0,0.0,0.0,0.0,0.0,0.0,0.0
10.0,3.64903245162258,0.0034647010419928,0.0034647010338941,0.999993997902806,0.9999939979028052,49.41374259910271,0.0,49.97689851557671,0.0,45.595074726422354,0.0,45.30257424727719,0.0,0.0,0.0,0.0,0.0,0.0,0.0
10.0,3.64928246412321,0.003464734028938,0.0034647340208427,0.999993997788516,0.999993997788516,49.41374259106482,0.0,49.97689828582036,0.0,45.595074723754806,0.0,45.302574199584825,0.0,0.0,0.0,0.0,0.0,0.0,0.0
10.0,3.64953247662383,0.0034647670178046,0.0034647670097127,0.999993997674219,0.999993997674218,49.41374258302624,0.0,49.97689805605051,0.0,45.59507472108707,0.0,45.30257415188922,0.0,0.0,0.0,0.0,0.0,0.0,0.0
10.0,3.64978248912446,0.0034648000085925,0.003464800000504,0.999993997559914,0.999993997559914,49.41374257498695,0.0,49.976897826267134,0.0,45.59507471841914,0.0,45.30257410419037,0.0,0.0,0.0,0.0,0.0,0.0,0.0
10.0,3.65003250162508,0.0034648330013017,0.0034648329932165,0.999993997445601,0.999993997445601,49.413742566946965,0.0,49.97689759647026,0.0,45.595074715751046,0.0,45.30257405648828,0.0,0.0,0.0,0.0,0.0,0.0,0.0
10.0,3.65028251412571,0.003464865995932,0.0034648659878503,0.9999939973312808,0.99999399733128,49.41374255890628,0.0,49.976897366659855,0.0,45.59507471308276,0.0,45.30257400878294,0.0,0.0,0.0,0.0,0.0,0.0,0.0
10.0,3.65053252662633,0.0034648989924835,0.0034648989844051,0.999993997216953,0.999993997216952,49.41374255086491,0.0,49.97689713683594,0.0,45.59507471041429,0.0,45.30257396107437,0.0,0.0,0.0,0.0,0.0,0.0,0.0
10.0,3.65078253912696,0.003464931990956,0.0034649319828811,0.9999939971026172,0.999993997102616,49.413742542822845,0.0,49.97689690699849,0.0,45.59507470774563,0.0,45.30257391336255,0.0,0.0,0.0,0.0,0.0,0.0,0.0
10.0,3.65103255162758,0.0034649649913496,0.003464964983278,0.9999939969882732,0.999993996988273,49.41374253478008,0.0,49.97689667714752,0.0,45.5950747050768,0.0,45.3025738656475,0.0,0.0,0.0,0.0,0.0,0.0,0.0
10.0,3.65128256412821,0.0034649979936641,0.0034649979855959,0.999993996873922,0.999993996873921,49.41374252673662,0.0,49.97689644728304,0.0,45.59507470240778,0.0,45.30257381792919,0.0,0.0,0.0,0.0,0.0,0.0,0.0
10.0,3.65153257662883,0.0034650309978995,0.0034650309898347,0.999993996759562,0.999993996759562,49.41374251869245,0.0,49.97689621740503,0.0,45.59507469973857,0.0,45.30257377020765,0.0,0.0,0.0,0.0,0.0,0.0,0.0
10.0,3.65178258912946,0.0034650640040557,0.0034650639959944,0.999993996645196,0.999993996645195,49.4137425106476,0.0,49.97689598751349,0.0,45.59507469706918,0.0,45.30257372248286,0.0,0.0,0.0,0.0,0.0,0.0,0.0
10.0,3.65203260163008,0.0034650970121328,0.0034650970040748,0.999993996530821,0.999993996530821,49.413742502602055,0.0,49.976895757608425,0.0,45.59507469439962,0.0,45.30257367475484,0.0,0.0,0.0,0.0,0.0,0.0,0.0
10.0,3.652282614130709,0.0034651300221305,0.0034651300140759,0.999993996416438,0.999993996416438,49.41374249455581,0.0,49.97689552768983,0.0,45.595074691729856,0.0,45.30257362702357,0.0,0.0,0.0,0.0,0.0,0.0,0.0
10.0,3.65253262663133,0.0034651630340489,0.0034651630259976,0.999993996302048,0.999993996302048,49.41374248650886,0.0,49.97689529775769,0.0,45.59507468905992,0.0,45.30257357928905,0.0,0.0,0.0,0.0,0.0,0.0,0.0
10.0,3.65278263913196,0.0034651960478878,0.00346519603984,0.99999399618765,0.99999399618765,49.41374247846122,0.0,49.97689506781203,0.0,45.5950746863898,0.0,45.302573531551296,0.0,0.0,0.0,0.0,0.0,0.0,0.0
10.0,3.65303265163258,0.0034652290636473,0.0034652290556028,0.999993996073245,0.999993996073244,49.41374247041289,0.0,49.97689483785284,0.0,45.5950746837195,0.0,45.30257348381031,0.0,0.0,0.0,0.0,0.0,0.0,0.0
10.0,3.65328266413321,0.0034652620813273,0.0034652620732862,0.999993995958831,0.9999939959588312,49.41374246236386,0.0,49.976894607880105,0.0,45.59507468104901,0.0,45.30257343606606,0.0,0.0,0.0,0.0,0.0,0.0,0.0
10.0,3.65353267663383,0.0034652951009277,0.00346529509289,0.99999399584441,0.99999399584441,49.41374245431413,0.0,49.97689437789384,0.0,45.59507467837835,0.0,45.30257338831858,0.0,0.0,0.0,0.0,0.0,0.0,0.0
10.0,3.65378268913446,0.0034653281224484,0.0034653281144141,0.999993995729981,0.9999939957299812,49.4137424462637,0.0,49.97689414789402,0.0,45.5950746757075,0.0,45.30257334056786,0.0,0.0,0.0,0.0,0.0,0.0,0.0
10.0,3.65403270163508,0.0034653611458894,0.0034653611378585,0.999993995615545,0.999993995615544,49.41374243821258,0.0,49.976893917880666,0.0,45.59507467303645,0.0,45.30257329281389,0.0,0.0,0.0,0.0,0.0,0.0,0.0
10.0,3.65428271413571,0.0034653941712507,0.0034653941632231,0.9999939955011,0.9999939955011,49.41374243016076,0.0,49.976893687853774,0.0,45.59507467036524,0.0,45.302573245056685,0.0,0.0,0.0,0.0,0.0,0.0,0.0
10.0,3.6545327266363294,0.0034654271985321,0.0034654271905079,0.999993995386648,0.999993995386648,49.41374242210825,0.0,49.97689345781334,0.0,45.59507466769384,0.0,45.30257319729623,0.0,0.0,0.0,0.0,0.0,0.0,0.0
10.0,3.65478273913696,0.0034654602277337,0.0034654602197128,0.999993995272188,0.999993995272188,49.41374241405504,0.0,49.97689322775935,0.0,45.59507466502225,0.0,45.30257314953256,0.0,0.0,0.0,0.0,0.0,0.0,0.0
10.0,3.65503275163758,0.0034654932588553,0.0034654932508378,0.999993995157721,0.99999399515772,49.41374240600113,0.0,49.97689299769182,0.0,45.59507466235048,0.0,45.30257310176562,0.0,0.0,0.0,0.0,0.0,0.0,0.0
10.0,3.65528276413821,0.0034655262918968,0.0034655262838828,0.9999939950432448,0.999993995043245,49.41374239794652,0.0,49.97689276761073,0.0,45.59507465967853,0.0,45.30257305399544,0.0,0.0,0.0,0.0,0.0,0.0,0.0
10.0,3.65553277663883,0.0034655593268584,0.0034655593188477,0.999993994928762,0.999993994928762,49.413742389891226,0.0,49.97689253751611,0.0,45.59507465700639,0.0,45.302573006222026,0.0,0.0,0.0,0.0,0.0,0.0,0.0
10.0,3.65578278913946,0.0034655923637398,0.0034655923557324,0.9999939948142712,0.999993994814271,49.41374238183522,0.0,49.97689230740792,0.0,45.59507465433407,0.0,45.30257295844537,0.0,0.0,0.0,0.0,0.0,0.0,0.0
10.0,3.65603280164008,0.003465625402541,0.003465625394537,0.999993994699773,0.999993994699772,49.41374237377853,0.0,49.97689207728619,0.0,45.59507465166156,0.0,45.30257291066546,0.0,0.0,0.0,0.0,0.0,0.0,0.0
10.0,3.65628281414071,0.0034656584432619,0.0034656584352613,0.999993994585266,0.999993994585266,49.413742365721134,0.0,49.97689184715089,0.0,45.59507464898888,0.0,45.30257286288232,0.0,0.0,0.0,0.0,0.0,0.0,0.0
10.0,3.65653282664133,0.0034656914859026,0.0034656914779054,0.999993994470752,0.999993994470752,49.413742357663054,0.0,49.97689161700204,0.0,45.595074646316,0.0,45.30257281509593,0.0,0.0,0.0,0.0,0.0,0.0,0.0
10.0,3.65678283914196,0.0034657245304629,0.003465724522469,0.99999399435623,0.99999399435623,49.41374234960427,0.0,49.97689138683963,0.0,45.59507464364295,0.0,45.3025727673063,0.0,0.0,0.0,0.0,0.0,0.0,0.0
10.0,3.65703285164258,0.0034657575769427,0.0034657575689523,0.999993994241701,0.9999939942417,49.41374234154479,0.0,49.97689115666367,0.0,45.59507464096971,0.0,45.30257271951344,0.0,0.0,0.0,0.0,0.0,0.0,0.0
10.0,3.65728286414321,0.0034657906253421,0.003465790617355,0.999993994127163,0.999993994127163,49.413742333484606,0.0,49.97689092647413,0.0,45.595074638296296,0.0,45.30257267171732,0.0,0.0,0.0,0.0,0.0,0.0,0.0
10.0,3.65753287664383,0.0034658236756609,0.0034658236676772,0.999993994012618,0.999993994012618,49.41374232542374,0.0,49.97689069627104,0.0,45.59507463562269,0.0,45.30257262391797,0.0,0.0,0.0,0.0,0.0,0.0,0.0
10.0,3.65778288914446,0.0034658567278992,0.0034658567199188,0.999993993898066,0.999993993898065,49.41374231736216,0.0,49.97689046605439,0.0,45.5950746329489,0.0,45.302572576115374,0.0,0.0,0.0,0.0,0.0,0.0,0.0
10.0,3.65803290164508,0.0034658897820567,0.0034658897740797,0.999993993783505,0.999993993783505,49.41374230929989,0.0,49.976890235824165,0.0,45.59507463027494,0.0,45.30257252830953,0.0,0.0,0.0,0.0,0.0,0.0,0.0
10.0,3.65828291414571,0.0034659228381335,0.0034659228301599,0.9999939936689372,0.999993993668936,49.41374230123693,0.0,49.97689000558037,0.0,45.59507462760078,0.0,45.30257248050045,0.0,0.0,0.0,0.0,0.0,0.0,0.0
10.0,3.65853292664633,0.0034659558961296,0.0034659558881593,0.999993993554361,0.99999399355436,49.413742293173264,0.0,49.976889775323016,0.0,45.59507462492645,0.0,45.30257243268813,0.0,0.0,0.0,0.0,0.0,0.0,0.0
10.0,3.65878293914696,0.0034659889560448,0.0034659889480778,0.999993993439777,0.999993993439776,49.41374228510891,0.0,49.976889545052096,0.0,45.59507462225192,0.0,45.30257238487257,0.0,0.0,0.0,0.0,0.0,0.0,0.0
10.0,3.65903295164758,0.0034660220178791,0.0034660220099155,0.9999939933251848,0.999993993325185,49.413742277043845,0.0,49.97688931476759,0.0,45.59507461957722,0.0,45.30257233705377,0.0,0.0,0.0,0.0,0.0,0.0,0.0
10.0,3.65928296414821,0.0034660550816324,0.0034660550736722,0.999993993210586,0.9999939932105848,49.41374226897809,0.0,49.97688908446952,0.0,45.59507461690233,0.0,45.30257228923172,0.0,0.0,0.0,0.0,0.0,0.0,0.0
10.0,3.65953297664883,0.0034660881473047,0.0034660881393478,0.999993993095979,0.999993993095978,49.41374226091164,0.0,49.97688885415787,0.0,45.59507461422726,0.0,45.30257224140642,0.0,0.0,0.0,0.0,0.0,0.0,0.0
10.0,3.65978298914946,0.0034661212148959,0.0034661212069424,0.999993992981364,0.999993992981364,49.41374225284449,0.0,49.97688862383264,0.0,45.59507461155201,0.0,45.30257219357789,0.0,0.0,0.0,0.0,0.0,0.0,0.0
10.0,3.66003300165008,0.0034661542844059,0.0034661542764558,0.999993992866742,0.999993992866741,49.41374224477665,0.0,49.97688839349384,0.0,45.595074608876565,0.0,45.30257214574612,0.0,0.0,0.0,0.0,0.0,0.0,0.0
10.0,3.66028301415071,0.0034661873558348,0.003466187347888,0.999993992752111,0.9999939927521108,49.41374223670811,0.0,49.97688816314146,0.0,45.59507460620095,0.0,45.3025720979111,0.0,0.0,0.0,0.0,0.0,0.0,0.0
10.0,3.66053302665133,0.0034662204291824,0.003466220421239,0.999993992637473,0.9999939926374732,49.41374222863886,0.0,49.97688793277549,0.0,45.59507460352515,0.0,45.30257205007284,0.0,0.0,0.0,0.0,0.0,0.0,0.0
10.0,3.66078303915196,0.0034662535044486,0.0034662534965086,0.999993992522828,0.999993992522827,49.41374222056893,0.0,49.97688770239594,0.0,45.59507460084916,0.0,45.302572002231344,0.0,0.0,0.0,0.0,0.0,0.0,0.0
10.0,3.66103305165258,0.0034662865816335,0.0034662865736968,0.999993992408174,0.999993992408174,49.4137422124983,0.0,49.976887472002815,0.0,45.595074598172985,0.0,45.30257195438661,0.0,0.0,0.0,0.0,0.0,0.0,0.0
10.0,3.6612830641532095,0.003466319660737,0.0034663196528036,0.999993992293513,0.999993992293512,49.41374220442697,0.0,49.976887241596096,0.0,45.59507459549664,0.0,45.30257190653862,0.0,0.0,0.0,0.0,0.0,0.0,0.0
10.0,3.66153307665383,0.0034663527417589,0.0034663527338289,0.999993992178844,0.9999939921788428,49.41374219635494,0.0,49.9768870111758,0.0,45.5950745928201,0.0,45.302571858687394,0.0,0.0,0.0,0.0,0.0,0.0,0.0
10.0,3.66178308915446,0.0034663858246992,0.0034663858167726,0.999993992064167,0.999993992064167,49.41374218828221,0.0,49.97688678074191,0.0,45.595074590143376,0.0,45.30257181083293,0.0,0.0,0.0,0.0,0.0,0.0,0.0
10.0,3.66203310165508,0.003466418909558,0.0034664189016347,0.999993991949482,0.999993991949482,49.41374218020879,0.0,49.97688655029442,0.0,45.59507458746647,0.0,45.30257176297522,0.0,0.0,0.0,0.0,0.0,0.0,0.0
10.0,3.66228311415571,0.003466451996335,0.003466451988415,0.99999399183479,0.99999399183479,49.41374217213467,0.0,49.97688631983336,0.0,45.59507458478939,0.0,45.30257171511426,0.0,0.0,0.0,0.0,0.0,0.0,0.0
10.0,3.66253312665633,0.0034664850850303,0.0034664850771137,0.99999399172009,0.99999399172009,49.41374216405984,0.0,49.97688608935869,0.0,45.59507458211211,0.0,45.30257166725007,0.0,0.0,0.0,0.0,0.0,0.0,0.0
10.0,3.66278313915696,0.0034665181756438,0.0034665181677305,0.9999939916053822,0.999993991605382,49.41374215598433,0.0,49.97688585887043,0.0,45.595074579434666,0.0,45.30257161938264,0.0,0.0,0.0,0.0,0.0,0.0,0.0
10.0,3.66303315165758,0.0034665512681754,0.0034665512602655,0.9999939914906671,0.999993991490666,49.41374214790812,0.0,49.976885628368585,0.0,45.59507457675702,0.0,45.30257157151196,0.0,0.0,0.0,0.0,0.0,0.0,0.0
10.0,3.66328316415821,0.0034665843626251,0.0034665843547185,0.999993991375944,0.999993991375943,49.41374213983121,0.0,49.97688539785312,0.0,45.595074574079206,0.0,45.30257152363804,0.0,0.0,0.0,0.0,0.0,0.0,0.0
10.0,3.6635331766588304,0.0034666174589928,0.0034666174510896,0.999993991261213,0.999993991261212,49.4137421317536,0.0,49.97688516732408,0.0,45.5950745714012,0.0,45.30257147576087,0.0,0.0,0.0,0.0,0.0,0.0,0.0
10.0,3.66378318915946,0.0034666505572785,0.0034666505493786,0.999993991146474,0.999993991146474,49.41374212367529,0.0,49.976884936781424,0.0,45.59507456872301,0.0,45.30257142788047,0.0,0.0,0.0,0.0,0.0,0.0,0.0
10.0,3.66403320166008,0.0034666836574821,0.0034666836495855,0.999993991031728,0.999993991031727,49.413742115596285,0.0,49.97688470622517,0.0,45.59507456604464,0.0,45.302571379996834,0.0,0.0,0.0,0.0,0.0,0.0,0.0
10.0,3.66428321416071,0.0034667167596035,0.0034667167517103,0.9999939909169732,0.999993990916973,49.41374210751659,0.0,49.976884475655325,0.0,45.59507456336608,0.0,45.30257133210994,0.0,0.0,0.0,0.0,0.0,0.0,0.0
10.0,3.66453322666133,0.0034667498636426,0.0034667498557528,0.999993990802212,0.9999939908022109,49.41374209943619,0.0,49.976884245071865,0.0,45.59507456068735,0.0,45.302571284219816,0.0,0.0,0.0,0.0,0.0,0.0,0.0
10.0,3.66478323916196,0.0034667829695995,0.003466782961713,0.999993990687442,0.999993990687441,49.41374209135509,0.0,49.9768840144748,0.0,45.59507455800843,0.0,45.30257123632644,0.0,0.0,0.0,0.0,0.0,0.0,0.0
10.0,3.66503325166258,0.0034668160774741,0.0034668160695909,0.999993990572664,0.999993990572664,49.413742083273306,0.0,49.976883783864125,0.0,45.595074555329326,0.0,45.30257118842983,0.0,0.0,0.0,0.0,0.0,0.0,0.0
10.0,3.66528326416321,0.0034668491872662,0.0034668491793863,0.999993990457879,0.999993990457879,49.41374207519081,0.0,49.97688355323985,0.0,45.59507455265004,0.0,45.30257114052998,0.0,0.0,0.0,0.0,0.0,0.0,0.0
10.0,3.66553327666383,0.0034668822989759,0.0034668822910993,0.999993990343086,0.999993990343086,49.41374206710762,0.0,49.97688332260196,0.0,45.59507454997057,0.0,45.30257109262688,0.0,0.0,0.0,0.0,0.0,0.0,0.0
10.0,3.66578328916446,0.003466915412603,0.0034669154047298,0.999993990228286,0.9999939902282852,49.41374205902373,0.0,49.97688309195045,0.0,45.595074547290906,0.0,45.302571044720544,0.0,0.0,0.0,0.0,0.0,0.0,0.0
10.0,3.66603330166508,0.0034669485281476,0.0034669485202777,0.999993990113477,0.999993990113477,49.41374205093915,0.0,49.97688286128534,0.0,45.59507454461107,0.0,45.30257099681096,0.0,0.0,0.0,0.0,0.0,0.0,0.0
10.0,3.66628331416571,0.0034669816456095,0.0034669816377429,0.999993989998661,0.99999398999866,49.41374204285387,0.0,49.9768826306066,0.0,45.595074541931055,0.0,45.30257094889814,0.0,0.0,0.0,0.0,0.0,0.0,0.0
10.0,3.66653332666633,0.0034670147649887,0.0034670147571255,0.9999939898838373,0.999993989883837,49.413742034767886,0.0,49.97688239991426,0.0,45.59507453925085,0.0,45.30257090098208,0.0,0.0,0.0,0.0,0.0,0.0,0.0
10.0,3.66678333916696,0.0034670478862851,0.0034670478784252,0.999993989769005,0.999993989769005,49.413742026681206,0.0,49.9768821692083,0.0,45.59507453657047,0.0,45.302570853062775,0.0,0.0,0.0,0.0,0.0,0.0,0.0
10.0,3.66703335166758,0.0034670810094987,0.0034670810016422,0.999993989654166,0.999993989654166,49.41374201859383,0.0,49.97688193848872,0.0,45.59507453388989,0.0,45.30257080514023,0.0,0.0,0.0,0.0,0.0,0.0,0.0
10.0,3.66728336416821,0.0034671141346294,0.0034671141267762,0.999993989539319,0.999993989539319,49.41374201050575,0.0,49.97688170775552,0.0,45.59507453120914,0.0,45.30257075721443,0.0,0.0,0.0,0.0,0.0,0.0,0.0
10.0,3.66753337666883,0.0034671472616772,0.0034671472538273,0.999993989424464,0.999993989424464,49.41374200241698,0.0,49.9768814770087,0.0,45.595074528528194,0.0,45.302570709285405,0.0,0.0,0.0,0.0,0.0,0.0,0.0
10.0,3.66778338916946,0.003467180390642,0.0034671803827954,0.999993989309601,0.999993989309601,49.41374199432751,0.0,49.976881246248254,0.0,45.59507452584708,0.0,45.30257066135313,0.0,0.0,0.0,0.0,0.0,0.0,0.0
10.0,3.66803340167008,0.0034672135215237,0.0034672135136805,0.999993989194731,0.99999398919473,49.41374198623735,0.0,49.97688101547419,0.0,45.59507452316577,0.0,45.30257061341762,0.0,0.0,0.0,0.0,0.0,0.0,0.0
10.0,3.66828341417071,0.0034672466543223,0.0034672466464824,0.999993989079853,0.999993989079852,49.41374197814648,0.0,49.976880784686486,0.0,45.59507452048429,0.0,45.30257056547887,0.0,0.0,0.0,0.0,0.0,0.0,0.0
10.0,3.66853342667133,0.0034672797890377,0.0034672797812011,0.999993988964967,0.999993988964966,49.41374197005492,0.0,49.97688055388517,0.0,45.595074517802615,0.0,45.302570517536864,0.0,0.0,0.0,0.0,0.0,0.0,0.0
10.0,3.66878343917196,0.0034673129256698,0.0034673129178366,0.999993988850073,0.999993988850073,49.41374196196266,0.0,49.97688032307022,0.0,45.59507451512077,0.0,45.30257046959162,0.0,0.0,0.0,0.0,0.0,0.0,0.0
10.0,3.66903345167258,0.0034673460642187,0.0034673460563887,0.999993988735172,0.999993988735172,49.41374195386969,0.0,49.97688009224164,0.0,45.59507451243872,0.0,45.30257042164314,0.0,0.0,0.0,0.0,0.0,0.0,0.0
10.0,3.66928346417321,0.0034673792046841,0.0034673791968575,0.999993988620263,0.999993988620262,49.41374194577603,0.0,49.97687986139944,0.0,45.5950745097565,0.0,45.30257037369142,0.0,0.0,0.0,0.0,0.0,0.0,0.0
10.0,3.66953347667383,0.0034674123470662,0.0034674123392429,0.999993988505346,0.999993988505345,49.41374193768167,0.0,49.97687963054359,0.0,45.595074507074095,0.0,45.30257032573645,0.0,0.0,0.0,0.0,0.0,0.0,0.0
10.0,3.66978348917446,0.0034674454913648,0.0034674454835448,0.999993988390421,0.999993988390421,49.41374192958661,0.0,49.97687939967411,0.0,45.59507450439151,0.0,45.30257027777824,0.0,0.0,0.0,0.0,0.0,0.0,0.0
10.0,3.67003350167508,0.0034674786375798,0.0034674786297631,0.999993988275489,0.9999939882754892,49.41374192149087,0.0,49.976879168791,0.0,45.59507450170874,0.0,45.3025702298168,0.0,0.0,0.0,0.0,0.0,0.0,0.0
10.0,3.6702835141757104,0.0034675117857112,0.0034675117778978,0.999993988160549,0.9999939881605489,49.41374191339442,0.0,49.976878937894256,0.0,45.595074499025785,0.0,45.30257018185211,0.0,0.0,0.0,0.0,0.0,0.0,0.0
10.0,3.67053352667633,0.0034675449357589,0.0034675449279489,0.999993988045601,0.999993988045601,49.41374190529727,0.0,49.97687870698387,0.0,45.59507449634265,0.0,45.30257013388418,0.0,0.0,0.0,0.0,0.0,0.0,0.0
10.0,3.67078353917696,0.003467578087723,0.0034675780799162,0.999993987930645,0.999993987930645,49.41374189719941,0.0,49.97687847605984,0.0,45.59507449365932,0.0,45.30257008591301,0.0,0.0,0.0,0.0,0.0,0.0,0.0
10.0,3.67103355167758,0.0034676112416032,0.0034676112337998,0.999993987815682,0.999993987815682,49.41374188910086,0.0,49.97687824512217,0.0,45.59507449097582,0.0,45.30257003793858,0.0,0.0,0.0,0.0,0.0,0.0,0.0
10.0,3.67128356417821,0.0034676443973996,0.0034676443895995,0.999993987700711,0.99999398770071,49.41374188100162,0.0,49.97687801417087,0.0,45.59507448829213,0.0,45.30256998996093,0.0,0.0,0.0,0.0,0.0,0.0,0.0
10.0,3.67153357667883,0.0034676775551121,0.0034676775473153,0.999993987585732,0.999993987585732,49.41374187290168,0.0,49.9768777832059,0.0,45.59507448560826,0.0,45.302569941980025,0.0,0.0,0.0,0.0,0.0,0.0,0.0
10.0,3.67178358917946,0.0034677107147406,0.0034677107069471,0.999993987470746,0.9999939874707447,49.41374186480104,0.0,49.97687755222732,0.0,45.59507448292421,0.0,45.30256989399589,0.0,0.0,0.0,0.0,0.0,0.0,0.0
10.0,3.67203360168008,0.0034677438762851,0.0034677438684949,0.9999939873557512,0.999993987355751,49.4137418566997,0.0,49.97687732123507,0.0,45.59507448023997,0.0,45.30256984600851,0.0,0.0,0.0,0.0,0.0,0.0,0.0
10.0,3.67228361418071,0.0034677770397455,0.0034677770319586,0.99999398724075,0.999993987240749,49.41374184859766,0.0,49.97687709022918,0.0,45.59507447755555,0.0,45.302569798017885,0.0,0.0,0.0,0.0,0.0,0.0,0.0
10.0,3.67253362668133,0.0034678102051217,0.0034678101973382,0.999993987125739,0.999993987125739,49.41374184049492,0.0,49.97687685920963,0.0,45.59507447487094,0.0,45.30256975002401,0.0,0.0,0.0,0.0,0.0,0.0,0.0
10.0,3.67278363918196,0.0034678433724138,0.0034678433646335,0.999993987010722,0.999993987010722,49.41374183239149,0.0,49.97687662817645,0.0,45.59507447218616,0.0,45.30256970202691,0.0,0.0,0.0,0.0,0.0,0.0,0.0
10.0,3.67303365168258,0.0034678765416216,0.0034678765338446,0.999993986895697,0.999993986895696,49.41374182428734,0.0,49.97687639712961,0.0,45.59507446950118,0.0,45.30256965402656,0.0,0.0,0.0,0.0,0.0,0.0,0.0
10.0,3.67328366418321,0.003467909712745,0.0034679097049714,0.999993986780664,0.9999939867806632,49.41374181618252,0.0,49.97687616606912,0.0,45.59507446681603,0.0,45.30256960602296,0.0,0.0,0.0,0.0,0.0,0.0,0.0
10.0,3.67353367668383,0.0034679428857841,0.0034679428780137,0.999993986665623,0.9999939866656232,49.413741808076985,0.0,49.97687593499496,0.0,45.59507446413069,0.0,45.30256955801614,0.0,0.0,0.0,0.0,0.0,0.0,0.0
10.0,3.67378368918446,0.0034679760607387,0.0034679760529717,0.999993986550574,0.999993986550574,49.41374179997075,0.0,49.97687570390716,0.0,45.595074461445165,0.0,45.30256951000606,0.0,0.0,0.0,0.0,0.0,0.0,0.0
10.0,3.67403370168508,0.0034680092376088,0.0034680092298451,0.999993986435518,0.999993986435518,49.41374179186383,0.0,49.9768754728057,0.0,45.59507445875946,0.0,45.30256946199274,0.0,0.0,0.0,0.0,0.0,0.0,0.0
10.0,3.67428371418571,0.0034680424163944,0.0034680424086339,0.999993986320454,0.999993986320454,49.4137417837562,0.0,49.976875241690585,0.0,45.595074456073576,0.0,45.30256941397618,0.0,0.0,0.0,0.0,0.0,0.0,0.0
10.0,3.67453372668633,0.0034680755970953,0.0034680755893382,0.9999939862053822,0.999993986205382,49.41374177564787,0.0,49.976875010561805,0.0,45.59507445338751,0.0,45.30256936595638,0.0,0.0,0.0,0.0,0.0,0.0,0.0
10.0,3.67478373918696,0.0034681087797115,0.0034681087719577,0.999993986090303,0.9999939860903032,49.41374176753884,0.0,49.97687477941936,0.0,45.59507445070125,0.0,45.30256931793335,0.0,0.0,0.0,0.0,0.0,0.0,0.0
10.0,3.67503375168758,0.003468141964243,0.0034681419564925,0.999993985975216,0.999993985975215,49.41374175942912,0.0,49.97687454826326,0.0,45.59507444801481,0.0,45.30256926990706,0.0,0.0,0.0,0.0,0.0,0.0,0.0
10.0,3.67528376418821,0.0034681751506897,0.0034681751429425,0.999993985860121,0.99999398586012,49.41374175131869,0.0,49.9768743170935,0.0,45.59507444532819,0.0,45.30256922187753,0.0,0.0,0.0,0.0,0.0,0.0,0.0
10.0,3.67553377668883,0.0034682083390515,0.0034682083313076,0.999993985745018,0.999993985745017,49.41374174320757,0.0,49.97687408591007,0.0,45.59507444264138,0.0,45.30256917384477,0.0,0.0,0.0,0.0,0.0,0.0,0.0
10.0,3.67578378918946,0.0034682415293284,0.0034682415215878,0.999993985629908,0.999993985629907,49.41374173509575,0.0,49.97687385471298,0.0,45.5950744399544,0.0,45.30256912580876,0.0,0.0,0.0,0.0,0.0,0.0,0.0
10.0,3.67603380169008,0.0034682747215203,0.003468274713783,0.999993985514789,0.999993985514789,49.41374172698323,0.0,49.976873623502215,0.0,45.59507443726722,0.0,45.30256907776951,0.0,0.0,0.0,0.0,0.0,0.0,0.0
10.0,3.67628381419071,0.0034683079156272,0.0034683079078931,0.9999939853996628,0.999993985399663,49.41374171887001,0.0,49.97687339227779,0.0,45.59507443457987,0.0,45.30256902972702,0.0,0.0,0.0,0.0,0.0,0.0,0.0
10.0,3.67653382669133,0.0034683411116489,0.0034683411039181,0.99999398528453,0.9999939852845288,49.4137417107561,0.0,49.97687316103968,0.0,45.59507443189233,0.0,45.30256898168128,0.0,0.0,0.0,0.0,0.0,0.0,0.0
10.0,3.67678383919196,0.0034683743095855,0.003468374301858,0.999993985169388,0.999993985169388,49.41374170264148,0.0,49.97687292978791,0.0,45.595074429204615,0.0,45.30256893363231,0.0,0.0,0.0,0.0,0.0,0.0,0.0
10.0,3.67703385169258,0.0034684075094368,0.0034684075017127,0.9999939850542388,0.999993985054239,49.41374169452616,0.0,49.97687269852246,0.0,45.59507442651671,0.0,45.302568885580094,0.0,0.0,0.0,0.0,0.0,0.0,0.0
10.0,3.67728386419321,0.0034684407112029,0.003468440703482,0.999993984939082,0.999993984939082,49.41374168641015,0.0,49.97687246724335,0.0,45.59507442382861,0.0,45.30256883752464,0.0,0.0,0.0,0.0,0.0,0.0,0.0
10.0,3.67753387669383,0.0034684739148836,0.003468473907166,0.999993984823917,0.999993984823917,49.41374167829344,0.0,49.97687223595055,0.0,45.595074421140346,0.0,45.30256878946594,0.0,0.0,0.0,0.0,0.0,0.0,0.0
10.0,3.67778388919446,0.0034685071204789,0.0034685071127646,0.999993984708745,0.999993984708744,49.41374167017602,0.0,49.976872004644086,0.0,45.59507441845189,0.0,45.302568741404,0.0,0.0,0.0,0.0,0.0,0.0,0.0
10.0,3.678033901695081,0.0034685403279888,0.0034685403202778,0.9999939845935648,0.999993984593564,49.41374166205791,0.0,49.976871773323936,0.0,45.59507441576326,0.0,45.30256869333881,0.0,0.0,0.0,0.0,0.0,0.0,0.0
10.0,3.67828391419571,0.0034685735374131,0.0034685735297054,0.999993984478377,0.9999939844783758,49.4137416539391,0.0,49.976871541990114,0.0,45.59507441307443,0.0,45.302568645270384,0.0,0.0,0.0,0.0,0.0,0.0,0.0
10.0,3.67853392669634,0.0034686067487518,0.0034686067410474,0.999993984363181,0.9999939843631808,49.413741645819584,0.0,49.9768713106426,0.0,45.59507441038542,0.0,45.30256859719872,0.0,0.0,0.0,0.0,0.0,0.0,0.0
10.0,3.67878393919696,0.0034686399620049,0.0034686399543037,0.999993984247978,0.9999939842479773,49.41374163769938,0.0,49.976871079281416,0.0,45.59507440769623,0.0,45.30256854912382,0.0,0.0,0.0,0.0,0.0,0.0,0.0
10.0,3.67903395169759,0.0034686731771723,0.0034686731694744,0.999993984132766,0.999993984132766,49.41374162957847,0.0,49.97687084790655,0.0,45.59507440500686,0.0,45.30256850104567,0.0,0.0,0.0,0.0,0.0,0.0,0.0
10.0,3.67928396419821,0.0034687063942539,0.0034687063865593,0.999993984017548,0.999993984017547,49.41374162145687,0.0,49.97687061651799,0.0,45.59507440231731,0.0,45.30256845296428,0.0,0.0,0.0,0.0,0.0,0.0,0.0
10.0,3.67953397669883,0.0034687396132497,0.0034687396055584,0.999993983902321,0.999993983902321,49.41374161333456,0.0,49.97687038511575,0.0,45.59507439962757,0.0,45.30256840487965,0.0,0.0,0.0,0.0,0.0,0.0,0.0
10.0,3.67978398919946,0.0034687728341596,0.0034687728264715,0.9999939837870871,0.999993983787086,49.41374160521154,0.0,49.97687015369982,0.0,45.59507439693765,0.0,45.302568356791774,0.0,0.0,0.0,0.0,0.0,0.0,0.0
10.0,3.68003400170008,0.0034688060569835,0.0034688060492987,0.999993983671845,0.999993983671844,49.41374159708784,0.0,49.97686992227021,0.0,45.59507439424754,0.0,45.30256830870066,0.0,0.0,0.0,0.0,0.0,0.0,0.0
10.0,3.68028401420071,0.0034688392817215,0.00346883927404,0.999993983556595,0.999993983556594,49.41374158896343,0.0,49.97686969082691,0.0,45.595074391557255,0.0,45.30256826060629,0.0,0.0,0.0,0.0,0.0,0.0,0.0
10.0,3.68053402670134,0.0034688725083733,0.0034688725006951,0.999993983441337,0.9999939834413368,49.41374158083833,0.0,49.97686945936991,0.0,45.59507438886678,0.0,45.302568212508696,0.0,0.0,0.0,0.0,0.0,0.0,0.0
10.0,3.68078403920196,0.0034689057369391,0.0034689057292641,0.999993983326072,0.9999939833260708,49.41374157271253,0.0,49.97686922789923,0.0,45.59507438617613,0.0,45.302568164407866,0.0,0.0,0.0,0.0,0.0,0.0,0.0
10.0,3.68103405170259,0.0034689389674186,0.0034689389597469,0.9999939832107992,0.999993983210798,49.41374156458602,0.0,49.97686899641485,0.0,45.59507438348528,0.0,45.30256811630378,0.0,0.0,0.0,0.0,0.0,0.0,0.0
10.0,3.68128406420321,0.0034689721998119,0.0034689721921435,0.999993983095518,0.999993983095517,49.41374155645882,0.0,49.97686876491678,0.0,45.595074380794266,0.0,45.30256806819646,0.0,0.0,0.0,0.0,0.0,0.0,0.0
10.0,3.68153407670383,0.0034690054341189,0.0034690054264538,0.999993982980229,0.999993982980229,49.41374154833091,0.0,49.97686853340502,0.0,45.59507437810306,0.0,45.3025680200859,0.0,0.0,0.0,0.0,0.0,0.0,0.0
10.0,3.68178408920446,0.0034690386703395,0.0034690386626777,0.999993982864933,0.999993982864932,49.41374154020231,0.0,49.97686830187955,0.0,45.59507437541167,0.0,45.30256797197209,0.0,0.0,0.0,0.0,0.0,0.0,0.0
10.0,3.68203410170509,0.0034690719084737,0.0034690719008152,0.9999939827496288,0.999993982749628,49.41374153207301,0.0,49.9768680703404,0.0,45.5950743727201,0.0,45.30256792385504,0.0,0.0,0.0,0.0,0.0,0.0,0.0
10.0,3.68228411420571,0.0034691051485214,0.0034691051408661,0.999993982634317,0.999993982634317,49.413741523943,0.0,49.976867838787534,0.0,45.595074370028335,0.0,45.30256787573476,0.0,0.0,0.0,0.0,0.0,0.0,0.0
10.0,3.68253412670634,0.0034691383904826,0.0034691383828306,0.999993982518997,0.999993982518997,49.41374151581231,0.0,49.976867607220974,0.0,45.59507436733641,0.0,45.30256782761122,0.0,0.0,0.0,0.0,0.0,0.0,0.0
10.0,3.68278413920696,0.0034691716343572,0.0034691716267084,0.99999398240367,0.99999398240367,49.4137415076809,0.0,49.97686737564071,0.0,45.59507436464428,0.0,45.30256777948445,0.0,0.0,0.0,0.0,0.0,0.0,0.0
10.0,3.68303415170759,0.003469204880145,0.0034692048724995,0.999993982288335,0.999993982288335,49.413741499548806,0.0,49.97686714404675,0.0,45.59507436195197,0.0,45.30256773135443,0.0,0.0,0.0,0.0,0.0,0.0,0.0
10.0,3.68328416420821,0.0034692381278462,0.003469238120204,0.999993982172992,0.999993982172992,49.413741491416005,0.0,49.97686691243908,0.0,45.59507435925949,0.0,45.30256768322118,0.0,0.0,0.0,0.0,0.0,0.0,0.0
10.0,3.68353417670884,0.0034692713774606,0.0034692713698216,0.9999939820576408,0.999993982057641,49.4137414832825,0.0,49.97686668081771,0.0,45.59507435656681,0.0,45.302567635084685,0.0,0.0,0.0,0.0,0.0,0.0,0.0
10.0,3.68378418920946,0.0034693046289881,0.0034693046213524,0.999993981942283,0.999993981942283,49.4137414751483,0.0,49.97686644918262,0.0,45.59507435387396,0.0,45.30256758694495,0.0,0.0,0.0,0.0,0.0,0.0,0.0
10.0,3.68403420171009,0.0034693378824287,0.0034693378747962,0.999993981826917,0.999993981826917,49.4137414670134,0.0,49.976866217533846,0.0,45.59507435118092,0.0,45.302567538801966,0.0,0.0,0.0,0.0,0.0,0.0,0.0
10.0,3.68428421421071,0.0034693711377823,0.0034693711301531,0.999993981711544,0.999993981711543,49.4137414588778,0.0,49.97686598587134,0.0,45.5950743484877,0.0,45.30256749065574,0.0,0.0,0.0,0.0,0.0,0.0,0.0
10.0,3.68453422671134,0.0034694043950489,0.003469404387423,0.999993981596162,0.9999939815961612,49.413741450741504,0.0,49.976865754195146,0.0,45.59507434579429,0.0,45.30256744250628,0.0,0.0,0.0,0.0,0.0,0.0,0.0
10.0,3.684784239211961,0.0034694376542285,0.0034694376466058,0.9999939814807732,0.999993981480772,49.4137414426045,0.0,49.97686552250523,0.0,45.59507434310071,0.0,45.30256739435357,0.0,0.0,0.0,0.0,0.0,0.0,0.0
10.0,3.68503425171259,0.0034694709153208,0.0034694709077014,0.999993981365376,0.999993981365375,49.41374143446681,0.0,49.9768652908016,0.0,45.59507434040693,0.0,45.302567346197634,0.0,0.0,0.0,0.0,0.0,0.0,0.0
10.0,3.68528426421321,0.003469504178326,0.0034695041707098,0.999993981249971,0.999993981249971,49.4137414263284,0.0,49.976865059084254,0.0,45.59507433771298,0.0,45.30256729803844,0.0,0.0,0.0,0.0,0.0,0.0,0.0
10.0,3.68553427671384,0.0034695374432439,0.003469537435631,0.999993981134559,0.999993981134558,49.4137414181893,0.0,49.9768648273532,0.0,45.59507433501884,0.0,45.30256724987603,0.0,0.0,0.0,0.0,0.0,0.0,0.0
10.0,3.68578428921446,0.0034695707100744,0.0034695707024648,0.999993981019138,0.999993981019138,49.413741410049504,0.0,49.976864595608426,0.0,45.59507433232452,0.0,45.30256720171035,0.0,0.0,0.0,0.0,0.0,0.0,0.0
10.0,3.68603430171509,0.0034696039788176,0.0034696039712112,0.99999398090371,0.99999398090371,49.413741401909,0.0,49.97686436384994,0.0,45.595074329630016,0.0,45.30256715354144,0.0,0.0,0.0,0.0,0.0,0.0,0.0
10.0,3.68628431421571,0.0034696372494733,0.0034696372418702,0.999993980788275,0.999993980788274,49.41374139376781,0.0,49.97686413207773,0.0,45.59507432693531,0.0,45.30256710536929,0.0,0.0,0.0,0.0,0.0,0.0,0.0
10.0,3.68653432671634,0.0034696705220415,0.0034696705144417,0.999993980672831,0.9999939806728312,49.41374138562591,0.0,49.97686390029181,0.0,45.59507432424044,0.0,45.30256705719389,0.0,0.0,0.0,0.0,0.0,0.0,0.0
10.0,3.68678433921696,0.0034697037965222,0.0034697037889256,0.99999398055738,0.9999939805573788,49.413741377483305,0.0,49.97686366849216,0.0,45.59507432154539,0.0,45.30256700901526,0.0,0.0,0.0,0.0,0.0,0.0,0.0
10.0,3.68703435171759,0.0034697370729152,0.0034697370653218,0.999993980441921,0.99999398044192,49.41374136934001,0.0,49.976863436678784,0.0,45.59507431885015,0.0,45.30256696083338,0.0,0.0,0.0,0.0,0.0,0.0,0.0
10.0,3.68728436421821,0.0034697703512205,0.0034697703436304,0.999993980326454,0.999993980326454,49.413741361196,0.0,49.976863204851696,0.0,45.59507431615473,0.0,45.30256691264826,0.0,0.0,0.0,0.0,0.0,0.0,0.0
10.0,3.68753437671884,0.0034698036314381,0.0034698036238512,0.99999398021098,0.9999939802109789,49.41374135305131,0.0,49.97686297301088,0.0,45.59507431345912,0.0,45.30256686445991,0.0,0.0,0.0,0.0,0.0,0.0,0.0
10.0,3.68778438921946,0.0034698369135679,0.0034698369059842,0.999993980095497,0.9999939800954972,49.41374134490591,0.0,49.97686274115634,0.0,45.59507431076334,0.0,45.3025668162683,0.0,0.0,0.0,0.0,0.0,0.0,0.0
10.0,3.68803440172009,0.0034698701976098,0.0034698701900294,0.999993979980008,0.999993979980007,49.413741336759806,0.0,49.97686250928808,0.0,45.59507430806736,0.0,45.30256676807346,0.0,0.0,0.0,0.0,0.0,0.0,0.0
10.0,3.68828441422071,0.0034699034835637,0.0034699034759866,0.99999397986451,0.9999939798645088,49.41374132861301,0.0,49.97686227740607,0.0,45.595074305371206,0.0,45.30256671987537,0.0,0.0,0.0,0.0,0.0,0.0,0.0
10.0,3.68853442672134,0.0034699367714297,0.0034699367638558,0.999993979749005,0.999993979749004,49.4137413204655,0.0,49.97686204551036,0.0,45.59507430267486,0.0,45.30256667167405,0.0,0.0,0.0,0.0,0.0,0.0,0.0
10.0,3.68878443922196,0.0034699700612076,0.003469970053637,0.9999939796334912,0.999993979633491,49.4137413123173,0.0,49.9768618136009,0.0,45.59507429997834,0.0,45.30256662346949,0.0,0.0,0.0,0.0,0.0,0.0,0.0
10.0,3.68903445172259,0.0034700033528974,0.00347000334533,0.99999397951797,0.99999397951797,49.4137413041684,0.0,49.97686158167771,0.0,45.59507429728164,0.0,45.30256657526167,0.0,0.0,0.0,0.0,0.0,0.0,0.0
10.0,3.68928446422321,0.003470036646499,0.0034700366389349,0.999993979402442,0.9999939794024408,49.4137412960188,0.0,49.9768613497408,0.0,45.59507429458474,0.0,45.30256652705062,0.0,0.0,0.0,0.0,0.0,0.0,0.0
10.0,3.68953447672384,0.0034700699420124,0.0034700699344515,0.9999939792869048,0.999993979286905,49.4137412878685,0.0,49.97686111779015,0.0,45.59507429188768,0.0,45.30256647883634,0.0,0.0,0.0,0.0,0.0,0.0,0.0
10.0,3.68978448922446,0.0034701032394375,0.0034701032318799,0.9999939791713612,0.999993979171361,49.41374127971749,0.0,49.97686088582576,0.0,45.59507428919042,0.0,45.30256643061881,0.0,0.0,0.0,0.0,0.0,0.0,0.0
10.0,3.69003450172509,0.0034701365387743,0.0034701365312199,0.9999939790558092,0.999993979055809,49.41374127156579,0.0,49.97686065384764,0.0,45.59507428649298,0.0,45.302566382398034,0.0,0.0,0.0,0.0,0.0,0.0,0.0
10.0,3.69028451422571,0.0034701698400227,0.0034701698324715,0.99999397894025,0.999993978940249,49.413741263413385,0.0,49.976860421855775,0.0,45.59507428379535,0.0,45.30256633417402,0.0,0.0,0.0,0.0,0.0,0.0,0.0
10.0,3.69053452672634,0.0034702031431825,0.0034702031356346,0.999993978824683,0.999993978824682,49.41374125526028,0.0,49.97686018985018,0.0,45.595074281097546,0.0,45.30256628594677,0.0,0.0,0.0,0.0,0.0,0.0,0.0
10.0,3.69078453922696,0.0034702364482539,0.0034702364407092,0.999993978709107,0.999993978709107,49.41374124710647,0.0,49.97685995783085,0.0,45.595074278399565,0.0,45.30256623771626,0.0,0.0,0.0,0.0,0.0,0.0,0.0
10.0,3.69103455172759,0.0034702697552366,0.0034702697476952,0.999993978593524,0.999993978593524,49.41374123895198,0.0,49.97685972579778,0.0,45.595074275701386,0.0,45.302566189482526,0.0,0.0,0.0,0.0,0.0,0.0,0.0
10.0,3.69128456422821,0.0034703030641308,0.0034703030565925,0.999993978477934,0.999993978477933,49.41374123079677,0.0,49.976859493750965,0.0,45.59507427300303,0.0,45.30256614124554,0.0,0.0,0.0,0.0,0.0,0.0,0.0
10.0,3.69153457672884,0.0034703363749361,0.0034703363674011,0.999993978362336,0.999993978362335,49.41374122264086,0.0,49.9768592616904,0.0,45.59507427030449,0.0,45.302566093005325,0.0,0.0,0.0,0.0,0.0,0.0,0.0
10.0,3.69178458922946,0.0034703696876528,0.003470369680121,0.99999397824673,0.9999939782467288,49.41374121448425,0.0,49.9768590296161,0.0,45.59507426760577,0.0,45.30256604476186,0.0,0.0,0.0,0.0,0.0,0.0,0.0
10.0,3.69203460173009,0.0034704030022805,0.003470402994752,0.999993978131115,0.999993978131115,49.41374120632694,0.0,49.97685879752806,0.0,45.59507426490686,0.0,45.30256599651516,0.0,0.0,0.0,0.0,0.0,0.0,0.0
10.0,3.69228461423071,0.0034704363188194,0.0034704363112941,0.999993978015494,0.999993978015494,49.41374119816893,0.0,49.976858565426255,0.0,45.595074262207774,0.0,45.30256594826522,0.0,0.0,0.0,0.0,0.0,0.0,0.0
10.0,3.69253462673134,0.0034704696372694,0.0034704696297473,0.999993977899865,0.999993977899864,49.41374119001022,0.0,49.97685833331072,0.0,45.59507425950849,0.0,45.302565900012034,0.0,0.0,0.0,0.0,0.0,0.0,0.0
10.0,3.69278463923196,0.0034705029576303,0.0034705029501114,0.999993977784228,0.9999939777842272,49.41374118185081,0.0,49.97685810118144,0.0,45.59507425680904,0.0,45.3025658517556,0.0,0.0,0.0,0.0,0.0,0.0,0.0
10.0,3.69303465173259,0.0034705362799022,0.0034705362723865,0.9999939776685828,0.999993977668583,49.4137411736907,0.0,49.9768578690384,0.0,45.595074254109406,0.0,45.30256580349593,0.0,0.0,0.0,0.0,0.0,0.0,0.0
10.0,3.69328466423321,0.0034705696040849,0.0034705695965725,0.9999939775529298,0.99999397755293,49.41374116552989,0.0,49.97685763688161,0.0,45.59507425140957,0.0,45.30256575523302,0.0,0.0,0.0,0.0,0.0,0.0,0.0
10.0,3.69353467673384,0.0034706029301784,0.0034706029226692,0.99999397743727,0.999993977437269,49.41374115736837,0.0,49.97685740471107,0.0,45.59507424870957,0.0,45.30256570696687,0.0,0.0,0.0,0.0,0.0,0.0,0.0
10.0,3.693784689234461,0.0034706362581827,0.0034706362506767,0.999993977321602,0.999993977321602,49.41374114920616,0.0,49.97685717252678,0.0,45.595074246009375,0.0,45.30256565869748,0.0,0.0,0.0,0.0,0.0,0.0,0.0
10.0,3.69403470173509,0.0034706695880976,0.0034706695805949,0.999993977205926,0.999993977205926,49.413741141043246,0.0,49.97685694032874,0.0,45.595074243309,0.0,45.30256561042484,0.0,0.0,0.0,0.0,0.0,0.0,0.0
10.0,3.69428471423571,0.0034707029199232,0.0034707029124237,0.999993977090243,0.999993977090242,49.41374113287963,0.0,49.97685670811694,0.0,45.59507424060845,0.0,45.30256556214897,0.0,0.0,0.0,0.0,0.0,0.0,0.0
10.0,3.69453472673634,0.0034707362536594,0.0034707362461631,0.999993976974552,0.999993976974551,49.41374112471532,0.0,49.97685647589138,0.0,45.59507423790771,0.0,45.30256551386986,0.0,0.0,0.0,0.0,0.0,0.0,0.0
10.0,3.69478473923696,0.003470769589306,0.003470769581813,0.999993976858852,0.9999939768588522,49.4137411165503,0.0,49.97685624365207,0.0,45.59507423520679,0.0,45.3025654655875,0.0,0.0,0.0,0.0,0.0,0.0,0.0
10.0,3.69503475173759,0.0034708029268631,0.0034708029193733,0.999993976743145,0.999993976743145,49.41374110838458,0.0,49.976856011399,0.0,45.59507423250568,0.0,45.30256541730189,0.0,0.0,0.0,0.0,0.0,0.0,0.0
10.0,3.69528476423821,0.0034708362663306,0.003470836258844,0.999993976627431,0.9999939766274308,49.41374110021816,0.0,49.976855779132165,0.0,45.59507422980439,0.0,45.30256536901305,0.0,0.0,0.0,0.0,0.0,0.0,0.0
10.0,3.69553477673884,0.0034708696077085,0.0034708696002251,0.999993976511709,0.999993976511709,49.41374109205103,0.0,49.97685554685158,0.0,45.59507422710291,0.0,45.30256532072098,0.0,0.0,0.0,0.0,0.0,0.0,0.0
10.0,3.69578478923946,0.0034709029509965,0.0034709029435164,0.999993976395979,0.999993976395979,49.41374108388321,0.0,49.97685531455723,0.0,45.59507422440126,0.0,45.302565272425646,0.0,0.0,0.0,0.0,0.0,0.0,0.0
10.0,3.69603480174009,0.0034709362961948,0.0034709362887179,0.999993976280241,0.9999939762802408,49.41374107571469,0.0,49.97685508224912,0.0,45.59507422169942,0.0,45.302565224127086,0.0,0.0,0.0,0.0,0.0,0.0,0.0
10.0,3.69628481424071,0.0034709696433033,0.0034709696358295,0.999993976164496,0.999993976164496,49.413741067545466,0.0,49.97685484992724,0.0,45.5950742189974,0.0,45.30256517582528,0.0,0.0,0.0,0.0,0.0,0.0,0.0
10.0,3.69653482674134,0.0034710029923218,0.0034710029848512,0.999993976048743,0.999993976048742,49.41374105937554,0.0,49.9768546175916,0.0,45.59507421629518,0.0,45.30256512752024,0.0,0.0,0.0,0.0,0.0,0.0,0.0
10.0,3.69678483924196,0.0034710363432503,0.003471036335783,0.999993975932982,0.999993975932981,49.41374105120492,0.0,49.97685438524219,0.0,45.5950742135928,0.0,45.302565079211945,0.0,0.0,0.0,0.0,0.0,0.0,0.0
10.0,3.69703485174259,0.0034710696960888,0.0034710696886247,0.9999939758172128,0.999993975817212,49.41374104303359,0.0,49.97685415287903,0.0,45.59507421089023,0.0,45.302565030900425,0.0,0.0,0.0,0.0,0.0,0.0,0.0
10.0,3.69728486424321,0.0034711030508372,0.0034711030433763,0.999993975701436,0.999993975701436,49.41374103486156,0.0,49.97685392050209,0.0,45.59507420818746,0.0,45.30256498258565,0.0,0.0,0.0,0.0,0.0,0.0,0.0
10.0,3.69753487674384,0.0034711364074955,0.0034711364000378,0.999993975585652,0.9999939755856518,49.413741026688825,0.0,49.97685368811137,0.0,45.59507420548453,0.0,45.30256493426764,0.0,0.0,0.0,0.0,0.0,0.0,0.0
10.0,3.69778488924446,0.0034711697660635,0.0034711697586091,0.999993975469861,0.99999397546986,49.41374101851539,0.0,49.976853455706895,0.0,45.59507420278141,0.0,45.30256488594639,0.0,0.0,0.0,0.0,0.0,0.0,0.0
10.0,3.69803490174509,0.0034712031265413,0.00347120311909,0.999993975354061,0.99999397535406,49.41374101034127,0.0,49.97685322328865,0.0,45.595074200078095,0.0,45.30256483762189,0.0,0.0,0.0,0.0,0.0,0.0,0.0
10.0,3.69828491424571,0.0034712364889287,0.0034712364814807,0.9999939752382532,0.999993975238253,49.413741002166425,0.0,49.97685299085663,0.0,45.5950741973746,0.0,45.30256478929416,0.0,0.0,0.0,0.0,0.0,0.0,0.0
10.0,3.69853492674634,0.0034712698532258,0.0034712698457809,0.999993975122438,0.999993975122438,49.41374099399089,0.0,49.97685275841083,0.0,45.59507419467093,0.0,45.30256474096318,0.0,0.0,0.0,0.0,0.0,0.0,0.0
10.0,3.69878493924696,0.0034713032194323,0.0034713032119907,0.9999939750066152,0.999993975006615,49.41374098581465,0.0,49.97685252595127,0.0,45.595074191967065,0.0,45.30256469262896,0.0,0.0,0.0,0.0,0.0,0.0,0.0
10.0,3.69903495174759,0.0034713365875484,0.00347133658011,0.9999939748907848,0.999993974890784,49.41374097763771,0.0,49.97685229347792,0.0,45.59507418926304,0.0,45.30256464429151,0.0,0.0,0.0,0.0,0.0,0.0,0.0
10.0,3.6992849642482097,0.0034713699575739,0.0034713699501386,0.999993974774946,0.999993974774946,49.41374096946007,0.0,49.9768520609908,0.0,45.59507418655881,0.0,45.30256459595081,0.0,0.0,0.0,0.0,0.0,0.0,0.0
10.0,3.69953497674884,0.0034714033295087,0.0034714033220767,0.9999939746591,0.9999939746591,49.413740961281725,0.0,49.97685182848991,0.0,45.59507418385439,0.0,45.30256454760687,0.0,0.0,0.0,0.0,0.0,0.0,0.0
10.0,3.69978498924946,0.0034714367033529,0.0034714366959241,0.999993974543246,0.999993974543246,49.41374095310269,0.0,49.976851595975226,0.0,45.59507418114981,0.0,45.30256449925969,0.0,0.0,0.0,0.0,0.0,0.0,0.0
10.0,3.70003500175009,0.0034714700791063,0.0034714700716806,0.999993974427385,0.999993974427384,49.41374094492294,0.0,49.97685136344678,0.0,45.59507417844504,0.0,45.30256445090927,0.0,0.0,0.0,0.0,0.0,0.0,0.0
10.0,3.70028501425071,0.0034715034567689,0.0034715034493464,0.999993974311515,0.9999939743115152,49.41374093674249,0.0,49.97685113090454,0.0,45.59507417574008,0.0,45.3025644025556,0.0,0.0,0.0,0.0,0.0,0.0,0.0
10.0,3.7005350267513406,0.0034715368363405,0.0034715368289213,0.999993974195638,0.9999939741956378,49.41374092856134,0.0,49.97685089834853,0.0,45.59507417303493,0.0,45.3025643541987,0.0,0.0,0.0,0.0,0.0,0.0,0.0
10.0,3.70078503925196,0.0034715702178213,0.0034715702104053,0.999993974079754,0.999993974079753,49.413740920379496,0.0,49.97685066577873,0.0,45.59507417032961,0.0,45.30256430583855,0.0,0.0,0.0,0.0,0.0,0.0,0.0
10.0,3.70103505175259,0.0034716036012111,0.0034716035937982,0.999993973963861,0.99999397396386,49.41374091219694,0.0,49.976850433195146,0.0,45.595074167624105,0.0,45.30256425747516,0.0,0.0,0.0,0.0,0.0,0.0,0.0
10.0,3.70128506425321,0.0034716369865098,0.0034716369791001,0.9999939738479608,0.99999397384796,49.41374090401369,0.0,49.97685020059778,0.0,45.595074164918415,0.0,45.30256420910853,0.0,0.0,0.0,0.0,0.0,0.0,0.0
10.0,3.70153507675384,0.0034716703737174,0.0034716703663109,0.999993973732053,0.999993973732052,49.41374089582974,0.0,49.97684996798663,0.0,45.59507416221255,0.0,45.30256416073867,0.0,0.0,0.0,0.0,0.0,0.0,0.0
10.0,3.70178508925446,0.0034717037628338,0.0034717037554305,0.9999939736161368,0.999993973616136,49.41374088764508,0.0,49.9768497353617,0.0,45.59507415950648,0.0,45.30256411236556,0.0,0.0,0.0,0.0,0.0,0.0,0.0
10.0,3.70203510175509,0.0034717371538589,0.0034717371464589,0.999993973500213,0.9999939735002132,49.41374087945972,0.0,49.97684950272297,0.0,45.59507415680024,0.0,45.3025640639892,0.0,0.0,0.0,0.0,0.0,0.0,0.0
10.0,3.70228511425571,0.0034717705467928,0.003471770539396,0.999993973384282,0.999993973384282,49.41374087127365,0.0,49.97684927007046,0.0,45.595074154093815,0.0,45.30256401560961,0.0,0.0,0.0,0.0,0.0,0.0,0.0
10.0,3.7025351267563393,0.0034718039416353,0.0034718039342417,0.9999939732683432,0.999993973268343,49.4137408630869,0.0,49.97684903740415,0.0,45.595074151387216,0.0,45.30256396722677,0.0,0.0,0.0,0.0,0.0,0.0,0.0
10.0,3.70278513925696,0.0034718373383864,0.0034718373309959,0.999993973152396,0.999993973152396,49.41374085489943,0.0,49.976848804724064,0.0,45.59507414868042,0.0,45.3025639188407,0.0,0.0,0.0,0.0,0.0,0.0,0.0
10.0,3.70303515175759,0.003471870737046,0.0034718707296588,0.999993973036442,0.999993973036441,49.41374084671126,0.0,49.97684857203018,0.0,45.59507414597345,0.0,45.30256387045139,0.0,0.0,0.0,0.0,0.0,0.0,0.0
10.0,3.70328516425821,0.0034719041376141,0.00347190413023,0.999993972920479,0.999993972920479,49.41374083852239,0.0,49.9768483393225,0.0,45.59507414326629,0.0,45.30256382205884,0.0,0.0,0.0,0.0,0.0,0.0,0.0
10.0,3.70353517675884,0.0034719375400906,0.0034719375327097,0.999993972804509,0.999993972804509,49.41374083033282,0.0,49.97684810660103,0.0,45.59507414055894,0.0,45.30256377366303,0.0,0.0,0.0,0.0,0.0,0.0,0.0
10.0,3.70378518925946,0.0034719709444754,0.0034719709370977,0.999993972688532,0.999993972688531,49.41374082214255,0.0,49.97684787386577,0.0,45.59507413785142,0.0,45.302563725264,0.0,0.0,0.0,0.0,0.0,0.0,0.0
10.0,3.70403520176009,0.0034720043507685,0.003472004343394,0.999993972572546,0.999993972572545,49.413740813951584,0.0,49.97684764111671,0.0,45.59507413514371,0.0,45.30256367686171,0.0,0.0,0.0,0.0,0.0,0.0,0.0
10.0,3.70428521426071,0.0034720377589698,0.0034720377515985,0.999993972456553,0.999993972456553,49.4137408057599,0.0,49.976847408353855,0.0,45.59507413243583,0.0,45.30256362845619,0.0,0.0,0.0,0.0,0.0,0.0,0.0
10.0,3.70453522676134,0.0034720711690793,0.0034720711617111,0.999993972340552,0.999993972340552,49.41374079756752,0.0,49.9768471755772,0.0,45.59507412972775,0.0,45.30256358004743,0.0,0.0,0.0,0.0,0.0,0.0,0.0
10.0,3.70478523926196,0.0034721045810969,0.0034721045737319,0.999993972224543,0.999993972224543,49.41374078937445,0.0,49.97684694278674,0.0,45.59507412701949,0.0,45.30256353163543,0.0,0.0,0.0,0.0,0.0,0.0,0.0
10.0,3.70503525176259,0.0034721379950225,0.0034721379876607,0.999993972108527,0.999993972108527,49.41374078118066,0.0,49.97684670998249,0.0,45.59507412431105,0.0,45.30256348322018,0.0,0.0,0.0,0.0,0.0,0.0,0.0
10.0,3.70528526426321,0.0034721714108561,0.0034721714034975,0.999993971992503,0.999993971992502,49.41374077298617,0.0,49.97684647716445,0.0,45.59507412160242,0.0,45.3025634348017,0.0,0.0,0.0,0.0,0.0,0.0,0.0
10.0,3.70553527676384,0.0034722048285976,0.0034722048212422,0.9999939718764708,0.99999397187647,49.413740764790994,0.0,49.9768462443326,0.0,45.59507411889362,0.0,45.302563386379965,0.0,0.0,0.0,0.0,0.0,0.0,0.0
10.0,3.70578528926446,0.003472238248247,0.0034722382408947,0.999993971760431,0.99999397176043,49.4137407565951,0.0,49.97684601148693,0.0,45.59507411618463,0.0,45.30256333795501,0.0,0.0,0.0,0.0,0.0,0.0,0.0
10.0,3.7060353017650898,0.0034722716698042,0.0034722716624551,0.999993971644384,0.999993971644383,49.41374074839851,0.0,49.976845778627485,0.0,45.595074113475455,0.0,45.3025632895268,0.0,0.0,0.0,0.0,0.0,0.0,0.0
10.0,3.70628531426571,0.0034723050932691,0.0034723050859231,0.999993971528328,0.999993971528328,49.41374074020122,0.0,49.976845545754216,0.0,45.59507411076609,0.0,45.30256324109535,0.0,0.0,0.0,0.0,0.0,0.0,0.0
10.0,3.70653532676634,0.0034723385186417,0.0034723385112989,0.999993971412265,0.9999939714122648,49.41374073200322,0.0,49.97684531286715,0.0,45.595074108056544,0.0,45.30256319266066,0.0,0.0,0.0,0.0,0.0,0.0,0.0
10.0,3.70678533926696,0.0034723719459219,0.0034723719385823,0.999993971296195,0.999993971296194,49.41374072380452,0.0,49.97684507996627,0.0,45.595074105346825,0.0,45.30256314422272,0.0,0.0,0.0,0.0,0.0,0.0,0.0
10.0,3.70703535176759,0.0034724053751096,0.0034724053677732,0.999993971180116,0.999993971180116,49.41374071560512,0.0,49.97684484705159,0.0,45.595074102636914,0.0,45.30256309578155,0.0,0.0,0.0,0.0,0.0,0.0,0.0
10.0,3.70728536426821,0.0034724388062049,0.0034724387988717,0.99999397106403,0.99999397106403,49.41374070740501,0.0,49.976844614123095,0.0,45.595074099926826,0.0,45.30256304733714,0.0,0.0,0.0,0.0,0.0,0.0,0.0
10.0,3.70753537676884,0.0034724722392076,0.0034724722318775,0.999993970947936,0.999993970947936,49.41374069920421,0.0,49.9768443811808,0.0,45.59507409721655,0.0,45.302562998889485,0.0,0.0,0.0,0.0,0.0,0.0,0.0
10.0,3.70778538926946,0.0034725056741177,0.0034725056667908,0.999993970831835,0.999993970831834,49.4137406910027,0.0,49.9768441482247,0.0,45.595074094506096,0.0,45.30256295043859,0.0,0.0,0.0,0.0,0.0,0.0,0.0
10.0,3.70803540177009,0.0034725391109351,0.0034725391036114,0.999993970715725,0.999993970715725,49.41374068280048,0.0,49.976843915254776,0.0,45.595074091795446,0.0,45.30256290198446,0.0,0.0,0.0,0.0,0.0,0.0,0.0
10.0,3.70828541427071,0.0034725725496597,0.0034725725423392,0.999993970599608,0.9999939705996082,49.41374067459758,0.0,49.97684368227104,0.0,45.59507408908463,0.0,45.30256285352707,0.0,0.0,0.0,0.0,0.0,0.0,0.0
10.0,3.70853542677134,0.0034726059902916,0.0034726059829742,0.999993970483483,0.999993970483483,49.41374066639396,0.0,49.9768434492735,0.0,45.59507408637362,0.0,45.30256280506646,0.0,0.0,0.0,0.0,0.0,0.0,0.0
10.0,3.70878543927196,0.0034726394328305,0.0034726394255163,0.999993970367351,0.99999397036735,49.41374065818964,0.0,49.97684321626215,0.0,45.595074083662425,0.0,45.3025627566026,0.0,0.0,0.0,0.0,0.0,0.0,0.0
10.0,3.70903545177259,0.0034726728772766,0.0034726728699656,0.9999939702512108,0.99999397025121,49.41374064998463,0.0,49.97684298323697,0.0,45.59507408095105,0.0,45.302562708135504,0.0,0.0,0.0,0.0,0.0,0.0,0.0
10.0,3.70928546427321,0.0034727063236297,0.0034727063163218,0.999993970135062,0.999993970135062,49.4137406417789,0.0,49.97684275019798,0.0,45.59507407823949,0.0,45.30256265966516,0.0,0.0,0.0,0.0,0.0,0.0,0.0
10.0,3.70953547677384,0.0034727397718897,0.003472739764585,0.999993970018907,0.999993970018906,49.41374063357248,0.0,49.97684251714517,0.0,45.59507407552775,0.0,45.302562611191576,0.0,0.0,0.0,0.0,0.0,0.0,0.0
10.0,3.70978548927446,0.0034727732220566,0.0034727732147551,0.999993969902743,0.9999939699027428,49.41374062536535,0.0,49.97684228407855,0.0,45.59507407281582,0.0,45.30256256271476,0.0,0.0,0.0,0.0,0.0,0.0,0.0
10.0,3.71003550177509,0.0034728066741304,0.003472806666832,0.999993969786572,0.999993969786571,49.41374061715752,0.0,49.97684205099811,0.0,45.59507407010371,0.0,45.30256251423469,0.0,0.0,0.0,0.0,0.0,0.0,0.0
10.0,3.71028551427571,0.0034728401281109,0.0034728401208157,0.9999939696703928,0.999993969670392,49.41374060894898,0.0,49.976841817903846,0.0,45.59507406739142,0.0,45.302562465751386,0.0,0.0,0.0,0.0,0.0,0.0,0.0
10.0,3.71053552677634,0.0034728735839982,0.0034728735767061,0.999993969554206,0.999993969554206,49.41374060073975,0.0,49.97684158479577,0.0,45.59507406467895,0.0,45.302562417264845,0.0,0.0,0.0,0.0,0.0,0.0,0.0
10.0,3.71078553927696,0.0034729070417921,0.0034729070345032,0.9999939694380108,0.999993969438011,49.413740592529805,0.0,49.97684135167387,0.0,45.59507406196629,0.0,45.30256236877506,0.0,0.0,0.0,0.0,0.0,0.0,0.0
10.0,3.71103555177759,0.0034729405014926,0.0034729404942069,0.999993969321809,0.9999939693218092,49.41374058431917,0.0,49.97684111853816,0.0,45.595074059253456,0.0,45.30256232028204,0.0,0.0,0.0,0.0,0.0,0.0,0.0
10.0,3.71128556427821,0.0034729739630996,0.0034729739558171,0.999993969205599,0.999993969205599,49.41374057610781,0.0,49.9768408853886,0.0,45.59507405654042,0.0,45.30256227178576,0.0,0.0,0.0,0.0,0.0,0.0,0.0
10.0,3.71153557677884,0.0034730074266132,0.0034730074193337,0.9999939690893808,0.999993969089381,49.41374056789577,0.0,49.97684065222522,0.0,45.59507405382722,0.0,45.30256222328625,0.0,0.0,0.0,0.0,0.0,0.0,0.0
10.0,3.71178558927946,0.0034730408920331,0.0034730408847568,0.999993968973156,0.999993968973155,49.41374055968302,0.0,49.97684041904802,0.0,45.59507405111382,0.0,45.3025621747835,0.0,0.0,0.0,0.0,0.0,0.0,0.0
10.0,3.71203560178009,0.0034730743593594,0.0034730743520863,0.999993968856923,0.9999939688569222,49.41374055146957,0.0,49.97684018585701,0.0,45.59507404840024,0.0,45.30256212627752,0.0,0.0,0.0,0.0,0.0,0.0,0.0
10.0,3.71228561428071,0.003473107828592,0.003473107821322,0.999993968740682,0.9999939687406808,49.4137405432554,0.0,49.97683995265216,0.0,45.59507404568649,0.0,45.302562077768286,0.0,0.0,0.0,0.0,0.0,0.0,0.0
10.0,3.71253562678134,0.0034731412997308,0.0034731412924639,0.9999939686244328,0.999993968624433,49.41374053504055,0.0,49.97683971943348,0.0,45.59507404297255,0.0,45.3025620292558,0.0,0.0,0.0,0.0,0.0,0.0,0.0
10.0,3.71278563928196,0.0034731747727757,0.0034731747655121,0.999993968508176,0.999993968508176,49.41374052682499,0.0,49.976839486200966,0.0,45.59507404025842,0.0,45.302561980740094,0.0,0.0,0.0,0.0,0.0,0.0,0.0
10.0,3.71303565178259,0.0034732082477268,0.0034732082404663,0.999993968391912,0.999993968391912,49.413740518608726,0.0,49.97683925295463,0.0,45.59507403754411,0.0,45.30256193222114,0.0,0.0,0.0,0.0,0.0,0.0,0.0
10.0,3.71328566428321,0.003473241724584,0.0034732417173266,0.99999396827564,0.99999396827564,49.41374051039175,0.0,49.97683901969448,0.0,45.59507403482962,0.0,45.30256188369894,0.0,0.0,0.0,0.0,0.0,0.0,0.0
10.0,3.71353567678384,0.0034732752033471,0.0034732751960929,0.999993968159361,0.99999396815936,49.41374050217407,0.0,49.97683878642048,0.0,45.595074032114944,0.0,45.30256183517351,0.0,0.0,0.0,0.0,0.0,0.0,0.0
10.0,3.71378568928446,0.0034733086840162,0.0034733086767651,0.999993968043073,0.999993968043073,49.4137404939557,0.0,49.97683855313264,0.0,45.59507402940008,0.0,45.30256178664484,0.0,0.0,0.0,0.0,0.0,0.0,0.0
10.0,3.71403570178509,0.0034733421665911,0.0034733421593432,0.999993967926778,0.999993967926778,49.41374048573663,0.0,49.97683831983098,0.0,45.59507402668505,0.0,45.302561738112914,0.0,0.0,0.0,0.0,0.0,0.0,0.0
10.0,3.71428571428571,0.0034733756510719,0.0034733756438271,0.999993967810475,0.999993967810475,49.413740477516846,0.0,49.9768380865155,0.0,45.595074023969815,0.0,45.30256168957775,0.0,0.0,0.0,0.0,0.0,0.0,0.0
10.0,3.71453572678634,0.0034734091374584,0.0034734091302168,0.9999939676941652,0.999993967694164,49.41374046929635,0.0,49.97683785318616,0.0,45.5950740212544,0.0,45.30256164103936,0.0,0.0,0.0,0.0,0.0,0.0,0.0
10.0,3.71478573928696,0.0034734426257506,0.0034734426185121,0.999993967577846,0.999993967577846,49.413740461075164,0.0,49.976837619843,0.0,45.59507401853881,0.0,45.30256159249772,0.0,0.0,0.0,0.0,0.0,0.0,0.0
10.0,3.71503575178759,0.0034734761159484,0.0034734761087131,0.99999396746152,0.99999396746152,49.41374045285328,0.0,49.97683738648598,0.0,45.59507401582303,0.0,45.30256154395284,0.0,0.0,0.0,0.0,0.0,0.0,0.0
10.0,3.71528576428821,0.0034735096080518,0.0034735096008196,0.999993967345186,0.999993967345186,49.41374044463068,0.0,49.97683715311514,0.0,45.59507401310707,0.0,45.30256149540472,0.0,0.0,0.0,0.0,0.0,0.0,0.0
10.0,3.71553577678884,0.0034735431020607,0.0034735430948317,0.999993967228844,0.999993967228844,49.41374043640738,0.0,49.97683691973048,0.0,45.59507401039093,0.0,45.30256144685335,0.0,0.0,0.0,0.0,0.0,0.0,0.0
10.0,3.71578578928946,0.0034735765979751,0.0034735765907492,0.9999939671124952,0.999993967112495,49.41374042818338,0.0,49.97683668633195,0.0,45.59507400767461,0.0,45.30256139829875,0.0,0.0,0.0,0.0,0.0,0.0,0.0
10.0,3.71603580179009,0.0034736100957948,0.0034736100885721,0.999993966996138,0.999993966996138,49.413740419958685,0.0,49.97683645291959,0.0,45.5950740049581,0.0,45.302561349740905,0.0,0.0,0.0,0.0,0.0,0.0,0.0
10.0,3.71628581429071,0.0034736435955199,0.0034736435883003,0.999993966879773,0.999993966879773,49.41374041173328,0.0,49.9768362194934,0.0,45.59507400224141,0.0,45.30256130117981,0.0,0.0,0.0,0.0,0.0,0.0,0.0
10.0,3.71653582679134,0.0034736770971503,0.0034736770899338,0.9999939667634008,0.9999939667634,49.41374040350716,0.0,49.97683598605335,0.0,45.59507399952453,0.0,45.3025612526155,0.0,0.0,0.0,0.0,0.0,0.0,0.0
10.0,3.71678583929196,0.0034737106006858,0.0034737105934725,0.99999396664702,0.99999396664702,49.41374039528036,0.0,49.97683575259947,0.0,45.59507399680746,0.0,45.302561204047926,0.0,0.0,0.0,0.0,0.0,0.0,0.0
10.0,3.71703585179259,0.0034737441061265,0.0034737440989163,0.999993966530632,0.999993966530632,49.413740387052826,0.0,49.97683551913174,0.0,45.59507399409023,0.0,45.30256115547712,0.0,0.0,0.0,0.0,0.0,0.0,0.0
10.0,3.71728586429321,0.0034737776134723,0.0034737776062652,0.999993966414236,0.999993966414236,49.41374037882461,0.0,49.97683528565017,0.0,45.5950739913728,0.0,45.30256110690308,0.0,0.0,0.0,0.0,0.0,0.0,0.0
10.0,3.71753587679384,0.0034738111227232,0.0034738111155192,0.999993966297833,0.999993966297832,49.41374037059568,0.0,49.97683505215475,0.0,45.59507398865519,0.0,45.302561058325786,0.0,0.0,0.0,0.0,0.0,0.0,0.0
10.0,3.71778588929446,0.003473844633879,0.0034738446266781,0.999993966181421,0.999993966181421,49.41374036236606,0.0,49.976834818645486,0.0,45.59507398593741,0.0,45.30256100974525,0.0,0.0,0.0,0.0,0.0,0.0,0.0
10.0,3.71803590179509,0.0034738781469397,0.003473878139742,0.999993966065002,0.999993966065002,49.41374035413572,0.0,49.976834585122376,0.0,45.59507398321942,0.0,45.30256096116149,0.0,0.0,0.0,0.0,0.0,0.0,0.0
10.0,3.71828591429571,0.0034739116619052,0.0034739116547106,0.999993965948576,0.999993965948575,49.41374034590469,0.0,49.97683435158542,0.0,45.595073980501255,0.0,45.30256091257448,0.0,0.0,0.0,0.0,0.0,0.0,0.0
10.0,3.71853592679634,0.0034739451787755,0.0034739451715841,0.999993965832141,0.999993965832141,49.41374033767295,0.0,49.97683411803461,0.0,45.59507397778292,0.0,45.30256086398423,0.0,0.0,0.0,0.0,0.0,0.0,0.0
10.0,3.71878593929696,0.0034739786975506,0.0034739786903623,0.999993965715699,0.999993965715699,49.41374032944052,0.0,49.976833884469954,0.0,45.59507397506439,0.0,45.302560815390734,0.0,0.0,0.0,0.0,0.0,0.0,0.0
10.0,3.71903595179759,0.0034740122182303,0.0034740122110452,0.9999939655992492,0.999993965599249,49.41374032120736,0.0,49.97683365089144,0.0,45.59507397234568,0.0,45.302560766794,0.0,0.0,0.0,0.0,0.0,0.0,0.0
10.0,3.7192859642982095,0.0034740457408147,0.0034740457336326,0.9999939654827912,0.999993965482791,49.41374031297351,0.0,49.97683341729909,0.0,45.5950739696268,0.0,45.30256071819402,0.0,0.0,0.0,0.0,0.0,0.0,0.0
10.0,3.71953597679884,0.0034740792653036,0.0034740792581247,0.999993965366326,0.999993965366325,49.41374030473896,0.0,49.97683318369288,0.0,45.59507396690771,0.0,45.30256066959081,0.0,0.0,0.0,0.0,0.0,0.0,0.0
10.0,3.71978598929947,0.0034741127916969,0.0034741127845212,0.999993965249853,0.999993965249852,49.4137402965037,0.0,49.97683295007281,0.0,45.59507396418845,0.0,45.30256062098436,0.0,0.0,0.0,0.0,0.0,0.0,0.0
10.0,3.72003600180009,0.0034741463199947,0.0034741463128221,0.999993965133371,0.9999939651333712,49.41374028826774,0.0,49.9768327164389,0.0,45.59507396146901,0.0,45.30256057237466,0.0,0.0,0.0,0.0,0.0,0.0,0.0
10.0,3.72028601430072,0.0034741798501969,0.0034741798430274,0.999993965016883,0.999993965016882,49.41374028003106,0.0,49.97683248279112,0.0,45.59507395874938,0.0,45.30256052376173,0.0,0.0,0.0,0.0,0.0,0.0,0.0
10.0,3.72053602680134,0.0034742133823034,0.003474213375137,0.999993964900387,0.999993964900386,49.413740271793706,0.0,49.97683224912949,0.0,45.595073956029566,0.0,45.30256047514555,0.0,0.0,0.0,0.0,0.0,0.0,0.0
10.0,3.72078603930197,0.0034742469163141,0.0034742469091508,0.999993964783882,0.999993964783882,49.41374026355562,0.0,49.97683201545401,0.0,45.59507395330959,0.0,45.30256042652612,0.0,0.0,0.0,0.0,0.0,0.0,0.0
10.0,3.72103605180259,0.003474280452229,0.0034742804450688,0.99999396466737,0.99999396466737,49.41374025531685,0.0,49.97683178176467,0.0,45.5950739505894,0.0,45.30256037790346,0.0,0.0,0.0,0.0,0.0,0.0,0.0
10.0,3.72128606430321,0.003474313990048,0.003474313982891,0.999993964550851,0.99999396455085,49.41374024707737,0.0,49.97683154806148,0.0,45.59507394786904,0.0,45.30256032927757,0.0,0.0,0.0,0.0,0.0,0.0,0.0
10.0,3.72153607680384,0.0034743475297711,0.0034743475226172,0.999993964434323,0.999993964434323,49.41374023883719,0.0,49.976831314344416,0.0,45.5950739451485,0.0,45.30256028064844,0.0,0.0,0.0,0.0,0.0,0.0,0.0
10.0,3.72178608930447,0.0034743810713982,0.0034743810642474,0.999993964317788,0.999993964317788,49.4137402305963,0.0,49.97683108061351,0.0,45.595073942427774,0.0,45.302560232016056,0.0,0.0,0.0,0.0,0.0,0.0,0.0
10.0,3.72203610180509,0.0034744146149292,0.0034744146077815,0.9999939642012448,0.999993964201245,49.413740222354704,0.0,49.97683084686872,0.0,45.59507393970686,0.0,45.30256018338043,0.0,0.0,0.0,0.0,0.0,0.0,0.0
10.0,3.72228611430572,0.0034744481603642,0.0034744481532196,0.999993964084694,0.999993964084694,49.4137402141124,0.0,49.97683061311008,0.0,45.59507393698576,0.0,45.30256013474157,0.0,0.0,0.0,0.0,0.0,0.0,0.0
10.0,3.72253612680634,0.0034744817077029,0.0034744817005614,0.999993963968136,0.999993963968136,49.4137402058694,0.0,49.97683037933759,0.0,45.59507393426448,0.0,45.30256008609946,0.0,0.0,0.0,0.0,0.0,0.0,0.0
10.0,3.72278613930697,0.0034745152569454,0.0034745152498071,0.99999396385157,0.999993963851569,49.4137401976257,0.0,49.97683014555122,0.0,45.59507393154303,0.0,45.30256003745412,0.0,0.0,0.0,0.0,0.0,0.0,0.0
10.0,3.72303615180759,0.0034745488080916,0.0034745488009564,0.999993963734996,0.999993963734996,49.413740189381286,0.0,49.976829911751,0.0,45.59507392882139,0.0,45.302559988805534,0.0,0.0,0.0,0.0,0.0,0.0,0.0
10.0,3.72328616430822,0.0034745823611415,0.0034745823540094,0.999993963618415,0.999993963618414,49.41374018113618,0.0,49.97682967793691,0.0,45.59507392609955,0.0,45.302559940153714,0.0,0.0,0.0,0.0,0.0,0.0,0.0
10.0,3.72353617680884,0.0034746159160949,0.0034746159089659,0.999993963501825,0.9999939635018248,49.41374017289035,0.0,49.97682944410895,0.0,45.59507392337755,0.0,45.302559891498646,0.0,0.0,0.0,0.0,0.0,0.0,0.0
10.0,3.72378618930947,0.0034746494729519,0.003474649465826,0.999993963385228,0.999993963385228,49.41374016464384,0.0,49.976829210267134,0.0,45.59507392065535,0.0,45.30255984284034,0.0,0.0,0.0,0.0,0.0,0.0,0.0
10.0,3.72403620181009,0.0034746830317123,0.0034746830245895,0.999993963268623,0.999993963268623,49.41374015639661,0.0,49.97682897641144,0.0,45.59507391793298,0.0,45.3025597941788,0.0,0.0,0.0,0.0,0.0,0.0,0.0
10.0,3.72428621431072,0.0034747165923761,0.0034747165852564,0.999993963152011,0.99999396315201,49.41374014814868,0.0,49.97682874254188,0.0,45.59507391521041,0.0,45.302559745514,0.0,0.0,0.0,0.0,0.0,0.0,0.0
10.0,3.72453622681134,0.0034747501549433,0.0034747501478267,0.99999396303539,0.99999396303539,49.41374013990004,0.0,49.976828508658464,0.0,45.59507391248767,0.0,45.302559696845975,0.0,0.0,0.0,0.0,0.0,0.0,0.0
10.0,3.72478623931197,0.0034747837194138,0.0034747837123003,0.999993962918763,0.999993962918762,49.41374013165071,0.0,49.97682827476117,0.0,45.59507390976474,0.0,45.30255964817472,0.0,0.0,0.0,0.0,0.0,0.0,0.0
10.0,3.72503625181259,0.0034748172857874,0.003474817278677,0.999993962802127,0.999993962802126,49.413740123400665,0.0,49.97682804085,0.0,45.59507390704163,0.0,45.3025595995002,0.0,0.0,0.0,0.0,0.0,0.0,0.0
10.0,3.72528626431322,0.0034748508540643,0.003474850846957,0.999993962685483,0.999993962685482,49.41374011514991,0.0,49.97682780692497,0.0,45.59507390431834,0.0,45.30255955082245,0.0,0.0,0.0,0.0,0.0,0.0,0.0
10.0,3.72553627681384,0.0034748844242442,0.00347488441714,0.999993962568832,0.999993962568831,49.41374010689846,0.0,49.97682757298607,0.0,45.59507390159487,0.0,45.30255950214146,0.0,0.0,0.0,0.0,0.0,0.0,0.0
10.0,3.72578628931447,0.0034749179963272,0.0034749179892261,0.999993962452173,0.999993962452172,49.4137400986463,0.0,49.97682733903329,0.0,45.5950738988712,0.0,45.30255945345723,0.0,0.0,0.0,0.0,0.0,0.0,0.0
10.0,3.7260363018150895,0.0034749515703131,0.0034749515632151,0.999993962335506,0.999993962335506,49.413740090393446,0.0,49.97682710506664,0.0,45.59507389614736,0.0,45.30255940476976,0.0,0.0,0.0,0.0,0.0,0.0,0.0
10.0,3.72628631431572,0.003474985146202,0.0034749851391071,0.999993962218831,0.999993962218831,49.413740082139874,0.0,49.97682687108612,0.0,45.595073893423326,0.0,45.30255935607904,0.0,0.0,0.0,0.0,0.0,0.0,0.0
10.0,3.72653632681634,0.0034750187239937,0.0034750187169019,0.999993962102149,0.9999939621021487,49.413740073885606,0.0,49.97682663709171,0.0,45.59507389069912,0.0,45.302559307385096,0.0,0.0,0.0,0.0,0.0,0.0,0.0
10.0,3.72678633931697,0.0034750523036882,0.0034750522965995,0.999993961985459,0.9999939619854592,49.41374006563064,0.0,49.97682640308344,0.0,45.59507388797473,0.0,45.3025592586879,0.0,0.0,0.0,0.0,0.0,0.0,0.0
10.0,3.72703635181759,0.0034750858852855,0.0034750858781999,0.999993961868762,0.9999939618687612,49.41374005737495,0.0,49.97682616906129,0.0,45.595073885250144,0.0,45.30255920998747,0.0,0.0,0.0,0.0,0.0,0.0,0.0
10.0,3.727286364318221,0.0034751194687854,0.0034751194617029,0.999993961752056,0.999993961752056,49.413740049118566,0.0,49.97682593502527,0.0,45.59507388252538,0.0,45.3025591612838,0.0,0.0,0.0,0.0,0.0,0.0,0.0
10.0,3.72753637681884,0.003475153054188,0.0034751530471086,0.9999939616353432,0.999993961635342,49.41374004086148,0.0,49.97682570097536,0.0,45.595073879800445,0.0,45.30255911257688,0.0,0.0,0.0,0.0,0.0,0.0,0.0
10.0,3.72778638931947,0.0034751866414931,0.0034751866344168,0.999993961518622,0.999993961518621,49.41374003260368,0.0,49.97682546691158,0.0,45.59507387707531,0.0,45.30255906386672,0.0,0.0,0.0,0.0,0.0,0.0,0.0
10.0,3.72803640182009,0.0034752202307007,0.0034752202236275,0.9999939614018928,0.999993961401893,49.41374002434519,0.0,49.97682523283392,0.0,45.59507387435001,0.0,45.30255901515333,0.0,0.0,0.0,0.0,0.0,0.0,0.0
10.0,3.72828641432072,0.0034752538218108,0.0034752538147407,0.999993961285157,0.999993961285156,49.41374001608598,0.0,49.97682499874237,0.0,45.59507387162451,0.0,45.30255896643669,0.0,0.0,0.0,0.0,0.0,0.0,0.0
10.0,3.72853642682134,0.0034752874148232,0.0034752874077562,0.9999939611684132,0.999993961168412,49.41374000782608,0.0,49.97682476463696,0.0,45.59507386889883,0.0,45.302558917716816,0.0,0.0,0.0,0.0,0.0,0.0,0.0
10.0,3.72878643932197,0.0034753210097379,0.003475321002674,0.9999939610516608,0.99999396105166,49.413739999565465,0.0,49.976824530517646,0.0,45.59507386617297,0.0,45.3025588689937,0.0,0.0,0.0,0.0,0.0,0.0,0.0
10.0,3.72903645182259,0.003475354606555,0.0034753545994941,0.9999939609349008,0.999993960934901,49.41373999130415,0.0,49.97682429638446,0.0,45.59507386344693,0.0,45.30255882026734,0.0,0.0,0.0,0.0,0.0,0.0,0.0
10.0,3.72928646432322,0.0034753882052741,0.0034753881982164,0.999993960818134,0.9999939608181332,49.41373998304212,0.0,49.97682406223739,0.0,45.59507386072069,0.0,45.30255877153775,0.0,0.0,0.0,0.0,0.0,0.0,0.0
10.0,3.72953647682384,0.0034754218058955,0.0034754217988408,0.999993960701359,0.999993960701358,49.41373997477939,0.0,49.97682382807645,0.0,45.59507385799429,0.0,45.30255872280491,0.0,0.0,0.0,0.0,0.0,0.0,0.0
10.0,3.72978648932447,0.0034754554084189,0.0034754554013673,0.999993960584576,0.999993960584575,49.41373996651596,0.0,49.97682359390161,0.0,45.595073855267685,0.0,45.30255867406883,0.0,0.0,0.0,0.0,0.0,0.0,0.0
10.0,3.73003650182509,0.0034754890128443,0.0034754890057958,0.9999939604677848,0.999993960467785,49.41373995825183,0.0,49.97682335971289,0.0,45.59507385254091,0.0,45.30255862532951,0.0,0.0,0.0,0.0,0.0,0.0,0.0
10.0,3.73028651432572,0.0034755226191717,0.0034755226121263,0.999993960350987,0.999993960350986,49.41373994998699,0.0,49.976823125510286,0.0,45.59507384981395,0.0,45.30255857658695,0.0,0.0,0.0,0.0,0.0,0.0,0.0
10.0,3.73053652682634,0.003475556227401,0.0034755562203586,0.999993960234181,0.99999396023418,49.41373994172144,0.0,49.976822891293786,0.0,45.5950738470868,0.0,45.30255852784115,0.0,0.0,0.0,0.0,0.0,0.0,0.0
10.0,3.73078653932697,0.0034755898375321,0.0034755898304928,0.999993960117367,0.9999939601173669,49.41373993345518,0.0,49.9768226570634,0.0,45.59507384435948,0.0,45.302558479092106,0.0,0.0,0.0,0.0,0.0,0.0,0.0
10.0,3.73103655182759,0.003475623449565,0.0034756234425288,0.999993960000545,0.9999939600005452,49.41373992518823,0.0,49.97682242281913,0.0,45.595073841631965,0.0,45.30255843033983,0.0,0.0,0.0,0.0,0.0,0.0,0.0
10.0,3.73128656432822,0.0034756570634996,0.0034756570564665,0.999993959883716,0.999993959883716,49.41373991692057,0.0,49.97682218856098,0.0,45.59507383890426,0.0,45.30255838158431,0.0,0.0,0.0,0.0,0.0,0.0,0.0
10.0,3.73153657682884,0.0034756906793358,0.0034756906723058,0.999993959766879,0.999993959766879,49.41373990865221,0.0,49.97682195428893,0.0,45.59507383617639,0.0,45.30255833282554,0.0,0.0,0.0,0.0,0.0,0.0,0.0
10.0,3.73178658932947,0.0034757242970736,0.0034757242900467,0.999993959650034,0.999993959650034,49.41373990038313,0.0,49.976821720003,0.0,45.59507383344833,0.0,45.30255828406353,0.0,0.0,0.0,0.0,0.0,0.0,0.0
10.0,3.73203660183009,0.003475757916713,0.0034757579096892,0.9999939595331812,0.999993959533181,49.41373989211335,0.0,49.97682148570316,0.0,45.59507383072008,0.0,45.30255823529829,0.0,0.0,0.0,0.0,0.0,0.0,0.0
10.0,3.73228661433072,0.0034757915382539,0.0034757915312331,0.999993959416322,0.999993959416321,49.41373988384288,0.0,49.976821251389445,0.0,45.595073827991655,0.0,45.30255818652981,0.0,0.0,0.0,0.0,0.0,0.0,0.0
10.0,3.73253662683134,0.0034758251616961,0.0034758251546784,0.999993959299453,0.999993959299453,49.413739875571686,0.0,49.97682101706184,0.0,45.59507382526304,0.0,45.30255813775808,0.0,0.0,0.0,0.0,0.0,0.0,0.0
10.0,3.7327866393319695,0.0034758587870397,0.0034758587800251,0.9999939591825782,0.999993959182577,49.4137398672998,0.0,49.97682078272034,0.0,45.595073822534246,0.0,45.30255808898312,0.0,0.0,0.0,0.0,0.0,0.0,0.0
10.0,3.73303665183259,0.0034758924142846,0.0034758924072731,0.999993959065694,0.999993959065694,49.4137398590272,0.0,49.97682054836494,0.0,45.59507381980527,0.0,45.30255804020491,0.0,0.0,0.0,0.0,0.0,0.0,0.0
10.0,3.73328666433322,0.0034759260434308,0.0034759260364223,0.999993958948803,0.999993958948802,49.41373985075389,0.0,49.976820313995646,0.0,45.59507381707611,0.0,45.30255799142347,0.0,0.0,0.0,0.0,0.0,0.0,0.0
10.0,3.73353667683384,0.0034759596744781,0.0034759596674727,0.999993958831904,0.999993958831904,49.413739842479885,0.0,49.97682007961246,0.0,45.59507381434676,0.0,45.30255794263879,0.0,0.0,0.0,0.0,0.0,0.0,0.0
10.0,3.73378668933447,0.0034759933074265,0.0034759933004241,0.999993958714997,0.9999939587149967,49.41373983420517,0.0,49.976819845215374,0.0,45.59507381161724,0.0,45.30255789385085,0.0,0.0,0.0,0.0,0.0,0.0,0.0
10.0,3.73403670183509,0.0034760269422759,0.0034760269352767,0.999993958598083,0.999993958598082,49.41373982592976,0.0,49.9768196108044,0.0,45.59507380888752,0.0,45.30255784505969,0.0,0.0,0.0,0.0,0.0,0.0,0.0
10.0,3.73428671433572,0.0034760605790264,0.0034760605720302,0.999993958481161,0.99999395848116,49.41373981765363,0.0,49.97681937637953,0.0,45.59507380615763,0.0,45.30255779626528,0.0,0.0,0.0,0.0,0.0,0.0,0.0
10.0,3.73453672683634,0.0034760942176778,0.0034760942106846,0.9999939583642312,0.99999395836423,49.4137398093768,0.0,49.97681914194074,0.0,45.595073803427546,0.0,45.30255774746763,0.0,0.0,0.0,0.0,0.0,0.0,0.0
10.0,3.73478673933697,0.00347612785823,0.00347612785124,0.999993958247293,0.9999939582472928,49.41373980109927,0.0,49.97681890748808,0.0,45.595073800697286,0.0,45.30255769866674,0.0,0.0,0.0,0.0,0.0,0.0,0.0
10.0,3.7350367518375904,0.0034761615006831,0.0034761614936961,0.999993958130348,0.999993958130347,49.41373979282102,0.0,49.9768186730215,0.0,45.59507379796684,0.0,45.30255764986261,0.0,0.0,0.0,0.0,0.0,0.0,0.0
10.0,3.73528676433822,0.0034761951450369,0.003476195138053,0.999993958013394,0.999993958013394,49.41373978454208,0.0,49.976818438541024,0.0,45.59507379523621,0.0,45.30255760105525,0.0,0.0,0.0,0.0,0.0,0.0,0.0
10.0,3.73553677683884,0.0034762287912914,0.0034762287843105,0.999993957896433,0.999993957896433,49.413739776262425,0.0,49.976818204046666,0.0,45.5950737925054,0.0,45.30255755224464,0.0,0.0,0.0,0.0,0.0,0.0,0.0
10.0,3.73578678933947,0.0034762624394465,0.0034762624324687,0.999993957779465,0.999993957779464,49.41373976798207,0.0,49.97681796953838,0.0,45.5950737897744,0.0,45.30255750343078,0.0,0.0,0.0,0.0,0.0,0.0,0.0
10.0,3.73603680184009,0.0034762960895022,0.0034762960825275,0.999993957662489,0.999993957662488,49.41373975970101,0.0,49.97681773501622,0.0,45.59507378704322,0.0,45.3025574546137,0.0,0.0,0.0,0.0,0.0,0.0,0.0
10.0,3.73628681434072,0.0034763297414584,0.0034763297344867,0.999993957545504,0.999993957545504,49.41373975141924,0.0,49.97681750048013,0.0,45.595073784311865,0.0,45.30255740579337,0.0,0.0,0.0,0.0,0.0,0.0,0.0
10.0,3.73653682684134,0.0034763633953151,0.0034763633883464,0.999993957428513,0.999993957428512,49.41373974313676,0.0,49.97681726593016,0.0,45.59507378158031,0.0,45.3025573569698,0.0,0.0,0.0,0.0,0.0,0.0,0.0
10.0,3.73678683934197,0.0034763970510721,0.0034763970441065,0.999993957311513,0.999993957311513,49.41373973485359,0.0,49.976817031366274,0.0,45.59507377884859,0.0,45.30255730814299,0.0,0.0,0.0,0.0,0.0,0.0,0.0
10.0,3.73703685184259,0.0034764307087295,0.003476430701767,0.999993957194506,0.9999939571945048,49.413739726569695,0.0,49.97681679678848,0.0,45.59507377611668,0.0,45.30255725931293,0.0,0.0,0.0,0.0,0.0,0.0,0.0
10.0,3.73728686434322,0.0034764643682871,0.0034764643613276,0.999993957077491,0.99999395707749,49.41373971828511,0.0,49.97681656219679,0.0,45.59507377338458,0.0,45.30255721047964,0.0,0.0,0.0,0.0,0.0,0.0,0.0
10.0,3.73753687684384,0.0034764980297449,0.0034764980227885,0.999993956960468,0.9999939569604672,49.4137397099998,0.0,49.97681632759118,0.0,45.5950737706523,0.0,45.30255716164312,0.0,0.0,0.0,0.0,0.0,0.0,0.0
10.0,3.73778688934447,0.0034765316931029,0.0034765316861496,0.999993956843437,0.999993956843437,49.41373970171381,0.0,49.97681609297168,0.0,45.59507376791984,0.0,45.302557112803335,0.0,0.0,0.0,0.0,0.0,0.0,0.0
10.0,3.73803690184509,0.0034765653583609,0.0034765653514107,0.999993956726399,0.999993956726399,49.4137396934271,0.0,49.976815858338256,0.0,45.59507376518719,0.0,45.30255706396033,0.0,0.0,0.0,0.0,0.0,0.0,0.0
10.0,3.73828691434572,0.003476599025519,0.0034765990185718,0.999993956609353,0.999993956609352,49.41373968513968,0.0,49.97681562369094,0.0,45.59507376245436,0.0,45.30255701511407,0.0,0.0,0.0,0.0,0.0,0.0,0.0
10.0,3.73853692684634,0.0034766326945771,0.0034766326876329,0.999993956492299,0.999993956492299,49.41373967685156,0.0,49.9768153890297,0.0,45.59507375972135,0.0,45.30255696626458,0.0,0.0,0.0,0.0,0.0,0.0,0.0
10.0,3.73878693934697,0.003476666365535,0.0034766663585939,0.999993956375238,0.9999939563752372,49.41373966856274,0.0,49.97681515435457,0.0,45.59507375698815,0.0,45.30255691741185,0.0,0.0,0.0,0.0,0.0,0.0,0.0
10.0,3.73903695184759,0.0034767000383928,0.0034767000314547,0.999993956258168,0.999993956258168,49.4137396602732,0.0,49.97681491966552,0.0,45.59507375425477,0.0,45.30255686855587,0.0,0.0,0.0,0.0,0.0,0.0,0.0
10.0,3.73928696434822,0.0034767337131504,0.0034767337062154,0.9999939561410908,0.999993956141091,49.413739651982965,0.0,49.97681468496256,0.0,45.59507375152121,0.0,45.30255681969666,0.0,0.0,0.0,0.0,0.0,0.0,0.0
10.0,3.73953697684884,0.0034767673898077,0.0034767673828757,0.999993956024006,0.999993956024006,49.413739643692026,0.0,49.97681445024568,0.0,45.59507374878746,0.0,45.30255677083421,0.0,0.0,0.0,0.0,0.0,0.0,0.0
10.0,3.73978698934947,0.0034768010683647,0.0034768010614358,0.999993955906914,0.999993955906914,49.413739635400376,0.0,49.976814215514906,0.0,45.59507374605353,0.0,45.30255672196851,0.0,0.0,0.0,0.0,0.0,0.0,0.0
10.0,3.74003700185009,0.0034768347488212,0.0034768347418954,0.999993955789814,0.9999939557898132,49.41373962710802,0.0,49.9768139807702,0.0,45.59507374331942,0.0,45.30255667309957,0.0,0.0,0.0,0.0,0.0,0.0,0.0
10.0,3.74028701435072,0.0034768684311773,0.0034768684242545,0.999993955672706,0.9999939556727048,49.41373961881496,0.0,49.9768137460116,0.0,45.59507374058512,0.0,45.3025566242274,0.0,0.0,0.0,0.0,0.0,0.0,0.0
10.0,3.74053702685134,0.0034769021154329,0.0034769021085132,0.99999395555559,0.99999395555559,49.41373961052119,0.0,49.97681351123907,0.0,45.59507373785064,0.0,45.30255657535199,0.0,0.0,0.0,0.0,0.0,0.0,0.0
10.0,3.74078703935197,0.0034769358015879,0.0034769357946712,0.999993955438467,0.999993955438466,49.41373960222671,0.0,49.97681327645264,0.0,45.595073735115975,0.0,45.30255652647333,0.0,0.0,0.0,0.0,0.0,0.0,0.0
10.0,3.74103705185259,0.0034769694896423,0.0034769694827286,0.999993955321336,0.999993955321335,49.41373959393153,0.0,49.976813041652285,0.0,45.59507373238114,0.0,45.30255647759143,0.0,0.0,0.0,0.0,0.0,0.0,0.0
10.0,3.74128706435322,0.003477003179596,0.0034770031726853,0.9999939552041968,0.999993955204196,49.413739585635646,0.0,49.97681280683802,0.0,45.5950737296461,0.0,45.302556428706296,0.0,0.0,0.0,0.0,0.0,0.0,0.0
10.0,3.74153707685384,0.0034770368714489,0.0034770368645413,0.99999395508705,0.999993955087049,49.41373957733906,0.0,49.97681257200984,0.0,45.59507372691089,0.0,45.30255637981792,0.0,0.0,0.0,0.0,0.0,0.0,0.0
10.0,3.7417870893544714,0.003477070565201,0.0034770705582964,0.999993954969896,0.9999939549698948,49.41373956904176,0.0,49.976812337167736,0.0,45.59507372417549,0.0,45.3025563309263,0.0,0.0,0.0,0.0,0.0,0.0,0.0
10.0,3.74203710185509,0.0034771042608522,0.0034771042539507,0.999993954852733,0.999993954852733,49.41373956074375,0.0,49.97681210231172,0.0,45.59507372143991,0.0,45.30255628203144,0.0,0.0,0.0,0.0,0.0,0.0,0.0
10.0,3.74228711435572,0.0034771379584025,0.003477137951504,0.999993954735564,0.999993954735563,49.41373955244504,0.0,49.97681186744178,0.0,45.59507371870415,0.0,45.30255623313335,0.0,0.0,0.0,0.0,0.0,0.0,0.0
10.0,3.74253712685634,0.0034771716578517,0.0034771716509563,0.999993954618386,0.999993954618386,49.41373954414562,0.0,49.976811632557926,0.0,45.5950737159682,0.0,45.30255618423202,0.0,0.0,0.0,0.0,0.0,0.0,0.0
10.0,3.74278713935697,0.0034772053592,0.0034772053523075,0.9999939545012012,0.9999939545012,49.4137395358455,0.0,49.97681139766016,0.0,45.59507371323207,0.0,45.30255613532744,0.0,0.0,0.0,0.0,0.0,0.0,0.0
10.0,3.74303715185759,0.003477239062447,0.0034772390555577,0.999993954384008,0.999993954384007,49.41373952754467,0.0,49.97681116274846,0.0,45.59507371049576,0.0,45.30255608641962,0.0,0.0,0.0,0.0,0.0,0.0,0.0
10.0,3.74328716435822,0.0034772727675929,0.0034772727607066,0.999993954266807,0.9999939542668062,49.41373951924313,0.0,49.97681092782285,0.0,45.59507370775926,0.0,45.30255603750856,0.0,0.0,0.0,0.0,0.0,0.0,0.0
10.0,3.74353717685884,0.0034773064746376,0.0034773064677543,0.999993954149598,0.999993954149598,49.41373951094089,0.0,49.97681069288331,0.0,45.595073705022585,0.0,45.30255598859426,0.0,0.0,0.0,0.0,0.0,0.0,0.0
10.0,3.74378718935947,0.003477340183581,0.0034773401767007,0.999993954032382,0.999993954032381,49.41373950263794,0.0,49.97681045792986,0.0,45.59507370228572,0.0,45.30255593967672,0.0,0.0,0.0,0.0,0.0,0.0,0.0
10.0,3.74403720186009,0.0034773738944229,0.0034773738875457,0.999993953915158,0.999993953915157,49.41373949433429,0.0,49.97681022296248,0.0,45.59507369954866,0.0,45.30255589075595,0.0,0.0,0.0,0.0,0.0,0.0,0.0
10.0,3.74428721436072,0.0034774076071635,0.0034774076002893,0.999993953797926,0.999993953797926,49.413739486029925,0.0,49.97680998798117,0.0,45.59507369681145,0.0,45.302555841831925,0.0,0.0,0.0,0.0,0.0,0.0,0.0
10.0,3.74453722686134,0.0034774413218026,0.0034774413149314,0.999993953680687,0.999993953680686,49.41373947772485,0.0,49.97680975298595,0.0,45.59507369407402,0.0,45.30255579290467,0.0,0.0,0.0,0.0,0.0,0.0,0.0
10.0,3.74478723936197,0.0034774750383401,0.003477475031472,0.9999939535634392,0.999993953563439,49.41373946941908,0.0,49.9768095179768,0.0,45.59507369133643,0.0,45.30255574397417,0.0,0.0,0.0,0.0,0.0,0.0,0.0
10.0,3.74503725186259,0.0034775087567761,0.0034775087499109,0.999993953446184,0.999993953446184,49.4137394611126,0.0,49.97680928295373,0.0,45.595073688598646,0.0,45.302555695040425,0.0,0.0,0.0,0.0,0.0,0.0,0.0
10.0,3.74528726436322,0.0034775424771103,0.0034775424702482,0.999993953328921,0.9999939533289212,49.41373945280541,0.0,49.97680904791673,0.0,45.59507368586068,0.0,45.30255564610345,0.0,0.0,0.0,0.0,0.0,0.0,0.0
10.0,3.74553727686384,0.0034775761993429,0.0034775761924838,0.999993953211651,0.999993953211651,49.41373944449751,0.0,49.976808812865805,0.0,45.595073683122536,0.0,45.30255559716323,0.0,0.0,0.0,0.0,0.0,0.0,0.0
10.0,3.74578728936447,0.0034776099234736,0.0034776099166176,0.999993953094373,0.999993953094372,49.41373943618891,0.0,49.97680857780095,0.0,45.5950736803842,0.0,45.30255554821977,0.0,0.0,0.0,0.0,0.0,0.0,0.0
10.0,3.74603730186509,0.0034776436495026,0.0034776436426495,0.999993952977087,0.999993952977086,49.4137394278796,0.0,49.97680834272218,0.0,45.59507367764569,0.0,45.30255549927308,0.0,0.0,0.0,0.0,0.0,0.0,0.0
10.0,3.74628731436572,0.0034776773774296,0.0034776773705795,0.9999939528597932,0.999993952859793,49.41373941956959,0.0,49.97680810762947,0.0,45.59507367490699,0.0,45.302555450323126,0.0,0.0,0.0,0.0,0.0,0.0,0.0
10.0,3.74653732686634,0.0034777111072546,0.0034777111004076,0.999993952742491,0.999993952742491,49.41373941125887,0.0,49.97680787252284,0.0,45.595073672168105,0.0,45.30255540136995,0.0,0.0,0.0,0.0,0.0,0.0,0.0
10.0,3.74678733936697,0.0034777448389776,0.0034777448321336,0.999993952625182,0.999993952625182,49.41373940294744,0.0,49.97680763740228,0.0,45.59507366942905,0.0,45.302555352413535,0.0,0.0,0.0,0.0,0.0,0.0,0.0
10.0,3.74703735186759,0.0034777785725985,0.0034777785657576,0.999993952507865,0.999993952507865,49.4137393946353,0.0,49.97680740226779,0.0,45.5950736666898,0.0,45.302555303453865,0.0,0.0,0.0,0.0,0.0,0.0,0.0
10.0,3.74728736436822,0.0034778123081173,0.0034778123012794,0.9999939523905412,0.99999395239054,49.41373938632246,0.0,49.97680716711936,0.0,45.59507366395037,0.0,45.30255525449097,0.0,0.0,0.0,0.0,0.0,0.0,0.0
10.0,3.74753737686884,0.0034778460455339,0.0034778460386989,0.999993952273208,0.999993952273208,49.41373937800891,0.0,49.976806931957015,0.0,45.59507366121076,0.0,45.30255520552483,0.0,0.0,0.0,0.0,0.0,0.0,0.0
10.0,3.74778738936947,0.0034778797848482,0.0034778797780163,0.999993952155868,0.9999939521558678,49.413739369694646,0.0,49.97680669678073,0.0,45.595073658470966,0.0,45.30255515655544,0.0,0.0,0.0,0.0,0.0,0.0,0.0
10.0,3.74803740187009,0.0034779135260601,0.0034779135192312,0.99999395203852,0.99999395203852,49.4137393613797,0.0,49.97680646159051,0.0,45.59507365573098,0.0,45.302555107582826,0.0,0.0,0.0,0.0,0.0,0.0,0.0
10.0,3.74828741437072,0.0034779472691697,0.0034779472623438,0.999993951921165,0.999993951921164,49.41373935306402,0.0,49.97680622638636,0.0,45.595073652990806,0.0,45.30255505860696,0.0,0.0,0.0,0.0,0.0,0.0,0.0
10.0,3.74853742687134,0.0034779810141768,0.003477981007354,0.999993951803801,0.999993951803801,49.41373934474764,0.0,49.97680599116829,0.0,45.59507365025047,0.0,45.302555009627866,0.0,0.0,0.0,0.0,0.0,0.0,0.0
10.0,3.74878743937197,0.0034780147610814,0.0034780147542616,0.99999395168643,0.99999395168643,49.41373933643056,0.0,49.97680575593627,0.0,45.59507364750993,0.0,45.30255496064552,0.0,0.0,0.0,0.0,0.0,0.0,0.0
10.0,3.74903745187259,0.0034780485098835,0.0034780485030667,0.999993951569051,0.9999939515690512,49.41373932811277,0.0,49.976805520690334,0.0,45.595073644769215,0.0,45.30255491165994,0.0,0.0,0.0,0.0,0.0,0.0,0.0
10.0,3.74928746437322,0.0034780822605829,0.0034780822537691,0.999993951451665,0.9999939514516653,49.41373931979427,0.0,49.97680528543045,0.0,45.595073642028325,0.0,45.30255486267112,0.0,0.0,0.0,0.0,0.0,0.0,0.0
10.0,3.74953747687384,0.0034781160131796,0.0034781160063688,0.99999395133427,0.99999395133427,49.413739311475055,0.0,49.97680505015663,0.0,45.59507363928724,0.0,45.30255481367906,0.0,0.0,0.0,0.0,0.0,0.0,0.0
10.0,3.74978748937447,0.0034781497676736,0.0034781497608658,0.999993951216869,0.999993951216868,49.413739303155154,0.0,49.97680481486888,0.0,45.595073636545976,0.0,45.30255476468376,0.0,0.0,0.0,0.0,0.0,0.0,0.0
10.0,3.75003750187509,0.0034781835240647,0.0034781835172599,0.999993951099459,0.999993951099458,49.41373929483453,0.0,49.9768045795672,0.0,45.595073633804525,0.0,45.30255471568521,0.0,0.0,0.0,0.0,0.0,0.0,0.0
10.0,3.75028751437572,0.003478217282353,0.0034782172755512,0.9999939509820408,0.999993950982041,49.413739286513206,0.0,49.976804344251576,0.0,45.59507363106289,0.0,45.30255466668344,0.0,0.0,0.0,0.0,0.0,0.0,0.0
10.0,3.75053752687634,0.0034782510425384,0.0034782510357396,0.9999939508646158,0.999993950864615,49.41373927819118,0.0,49.97680410892201,0.0,45.59507362832108,0.0,45.30255461767841,0.0,0.0,0.0,0.0,0.0,0.0,0.0
10.0,3.75078753937697,0.0034782848046207,0.0034782847978249,0.999993950747183,0.999993950747182,49.41373926986844,0.0,49.97680387357851,0.0,45.59507362557908,0.0,45.30255456867015,0.0,0.0,0.0,0.0,0.0,0.0,0.0
10.0,3.75103755187759,0.0034783185686,0.0034783185618073,0.999993950629742,0.999993950629742,49.41373926154498,0.0,49.97680363822108,0.0,45.5950736228369,0.0,45.30255451965865,0.0,0.0,0.0,0.0,0.0,0.0,0.0
10.0,3.75128756437822,0.0034783523344762,0.0034783523276864,0.999993950512294,0.999993950512293,49.41373925322083,0.0,49.9768034028497,0.0,45.59507362009453,0.0,45.30255447064391,0.0,0.0,0.0,0.0,0.0,0.0,0.0
10.0,3.75153757687884,0.0034783861022492,0.0034783860954625,0.999993950394838,0.999993950394837,49.413739244895964,0.0,49.9768031674644,0.0,45.59507361735199,0.0,45.30255442162592,0.0,0.0,0.0,0.0,0.0,0.0,0.0
10.0,3.75178758937947,0.003478419871919,0.0034784198651352,0.999993950277373,0.9999939502773731,49.41373923657039,0.0,49.97680293206514,0.0,45.595073614609255,0.0,45.3025543726047,0.0,0.0,0.0,0.0,0.0,0.0,0.0
10.0,3.75203760188009,0.0034784536434855,0.0034784536367047,0.999993950159902,0.999993950159901,49.41373922824412,0.0,49.97680269665194,0.0,45.59507361186634,0.0,45.302554323580246,0.0,0.0,0.0,0.0,0.0,0.0,0.0
10.0,3.75228761438072,0.0034784874169486,0.0034784874101708,0.999993950042422,0.999993950042422,49.41373921991714,0.0,49.976802461224814,0.0,45.59507360912324,0.0,45.30255427455254,0.0,0.0,0.0,0.0,0.0,0.0,0.0
10.0,3.75253762688134,0.0034785211923083,0.0034785211855335,0.9999939499249348,0.999993949924935,49.41373921158944,0.0,49.976802225783736,0.0,45.59507360637996,0.0,45.3025542255216,0.0,0.0,0.0,0.0,0.0,0.0,0.0
10.0,3.75278763938197,0.0034785549695645,0.0034785549627928,0.99999394980744,0.99999394980744,49.41373920326104,0.0,49.97680199032872,0.0,45.59507360363649,0.0,45.30255417648741,0.0,0.0,0.0,0.0,0.0,0.0,0.0
10.0,3.75303765188259,0.0034785887487172,0.0034785887419485,0.999993949689937,0.999993949689937,49.413739194931935,0.0,49.97680175485976,0.0,45.595073600892846,0.0,45.30255412745,0.0,0.0,0.0,0.0,0.0,0.0,0.0
10.0,3.75328766438322,0.0034786225297663,0.0034786225230005,0.999993949572427,0.9999939495724272,49.41373918660212,0.0,49.976801519376856,0.0,45.59507359814901,0.0,45.30255407840933,0.0,0.0,0.0,0.0,0.0,0.0,0.0
10.0,3.75353767688384,0.0034786563127117,0.003478656305949,0.999993949454909,0.999993949454908,49.4137391782716,0.0,49.976801283880015,0.0,45.595073595405,0.0,45.30255402936543,0.0,0.0,0.0,0.0,0.0,0.0,0.0
10.0,3.75378768938447,0.0034786900975535,0.0034786900907937,0.999993949337383,0.999993949337383,49.41373916994037,0.0,49.97680104836923,0.0,45.5950735926608,0.0,45.30255398031829,0.0,0.0,0.0,0.0,0.0,0.0,0.0
10.0,3.75403770188509,0.0034787238842914,0.0034787238775346,0.999993949219849,0.999993949219849,49.41373916160843,0.0,49.976800812844495,0.0,45.59507358991642,0.0,45.30255393126791,0.0,0.0,0.0,0.0,0.0,0.0,0.0
10.0,3.75428771438572,0.0034787576729255,0.0034787576661717,0.999993949102308,0.999993949102308,49.413739153275785,0.0,49.976800577305816,0.0,45.595073587171846,0.0,45.30255388221428,0.0,0.0,0.0,0.0,0.0,0.0,0.0
10.0,3.75453772688634,0.0034787914634557,0.0034787914567049,0.999993948984759,0.999993948984759,49.41373914494243,0.0,49.97680034175319,0.0,45.59507358442709,0.0,45.30255383315742,0.0,0.0,0.0,0.0,0.0,0.0,0.0
10.0,3.75478773938697,0.0034788252558819,0.0034788252491341,0.999993948867202,0.9999939488672022,49.41373913660839,0.0,49.97680010618662,0.0,45.595073581682165,0.0,45.30255378409732,0.0,0.0,0.0,0.0,0.0,0.0,0.0
10.0,3.75503775188759,0.0034788590502041,0.0034788590434593,0.999993948749638,0.999993948749637,49.41373912827361,0.0,49.9767998706061,0.0,45.595073578937054,0.0,45.30255373503398,0.0,0.0,0.0,0.0,0.0,0.0,0.0
10.0,3.75528776438822,0.0034788928464223,0.0034788928396805,0.999993948632065,0.9999939486320648,49.413739119938136,0.0,49.976799635011645,0.0,45.59507357619176,0.0,45.3025536859674,0.0,0.0,0.0,0.0,0.0,0.0,0.0
10.0,3.75553777688884,0.0034789266445363,0.0034789266377974,0.999993948514485,0.999993948514485,49.41373911160195,0.0,49.97679939940324,0.0,45.59507357344627,0.0,45.30255363689758,0.0,0.0,0.0,0.0,0.0,0.0,0.0
10.0,3.75578778938947,0.0034789604445461,0.0034789604378102,0.999993948396897,0.999993948396897,49.413739103265065,0.0,49.97679916378088,0.0,45.5950735707006,0.0,45.30255358782452,0.0,0.0,0.0,0.0,0.0,0.0,0.0
10.0,3.75603780189009,0.0034789942464516,0.0034789942397187,0.999993948279302,0.999993948279302,49.413739094927465,0.0,49.976798928144575,0.0,45.59507356795476,0.0,45.30255353874822,0.0,0.0,0.0,0.0,0.0,0.0,0.0
10.0,3.75628781439072,0.0034790280502528,0.0034790280435229,0.999993948161699,0.9999939481616978,49.41373908658915,0.0,49.97679869249432,0.0,45.59507356520872,0.0,45.30255348966867,0.0,0.0,0.0,0.0,0.0,0.0,0.0
10.0,3.75653782689134,0.0034790618559496,0.0034790618492227,0.999993948044088,0.999993948044087,49.41373907825015,0.0,49.97679845683012,0.0,45.59507356246251,0.0,45.30255344058589,0.0,0.0,0.0,0.0,0.0,0.0,0.0
10.0,3.75678783939197,0.003479095663542,0.0034790956568181,0.999993947926469,0.999993947926468,49.41373906991042,0.0,49.97679822115197,0.0,45.59507355971611,0.0,45.30255339149987,0.0,0.0,0.0,0.0,0.0,0.0,0.0
10.0,3.75703785189259,0.0034791294730299,0.003479129466309,0.999993947808842,0.999993947808842,49.41373906156999,0.0,49.97679798545987,0.0,45.59507355696952,0.0,45.30255334241061,0.0,0.0,0.0,0.0,0.0,0.0,0.0
10.0,3.75728786439322,0.0034791632844132,0.0034791632776953,0.999993947691208,0.999993947691208,49.41373905322885,0.0,49.97679774975381,0.0,45.59507355422275,0.0,45.30255329331811,0.0,0.0,0.0,0.0,0.0,0.0,0.0
10.0,3.75753787689384,0.0034791970976919,0.0034791970909769,0.999993947573566,0.999993947573566,49.41373904488701,0.0,49.97679751403381,0.0,45.59507355147581,0.0,45.30255324422237,0.0,0.0,0.0,0.0,0.0,0.0,0.0
10.0,3.75778788939447,0.0034792309128659,0.0034792309061539,0.999993947455917,0.999993947455916,49.41373903654445,0.0,49.976797278299856,0.0,45.595073548728685,0.0,45.30255319512339,0.0,0.0,0.0,0.0,0.0,0.0,0.0
10.0,3.75803790189509,0.0034792647299352,0.0034792647232262,0.999993947338259,0.999993947338259,49.41373902820119,0.0,49.97679704255194,0.0,45.59507354598136,0.0,45.30255314602117,0.0,0.0,0.0,0.0,0.0,0.0,0.0
10.0,3.75828791439572,0.0034792985488996,0.0034792985421936,0.999993947220594,0.999993947220594,49.413739019857225,0.0,49.97679680679009,0.0,45.59507354323386,0.0,45.30255309691571,0.0,0.0,0.0,0.0,0.0,0.0,0.0
10.0,3.7585379268963406,0.0034793323697592,0.0034793323630561,0.999993947102921,0.999993947102921,49.41373901151254,0.0,49.97679657101427,0.0,45.595073540486176,0.0,45.302553047807,0.0,0.0,0.0,0.0,0.0,0.0,0.0
10.0,3.75878793939697,0.0034793661925139,0.0034793661858138,0.99999394698524,0.99999394698524,49.41373900316715,0.0,49.976796335224506,0.0,45.59507353773832,0.0,45.30255299869507,0.0,0.0,0.0,0.0,0.0,0.0,0.0
10.0,3.75903795189759,0.0034794000171635,0.0034794000104664,0.999993946867552,0.9999939468675512,49.41373899482105,0.0,49.97679609942079,0.0,45.59507353499026,0.0,45.30255294957989,0.0,0.0,0.0,0.0,0.0,0.0,0.0
10.0,3.75928796439822,0.0034794338437082,0.003479433837014,0.999993946749856,0.999993946749855,49.41373898647426,0.0,49.97679586360311,0.0,45.595073532242026,0.0,45.30255290046147,0.0,0.0,0.0,0.0,0.0,0.0,0.0
10.0,3.75953797689884,0.0034794676721477,0.0034794676654565,0.999993946632152,0.999993946632151,49.41373897812674,0.0,49.97679562777148,0.0,45.59507352949361,0.0,45.30255285133981,0.0,0.0,0.0,0.0,0.0,0.0,0.0
10.0,3.75978798939947,0.003479501502482,0.0034795014957938,0.99999394651444,0.99999394651444,49.41373896977853,0.0,49.97679539192589,0.0,45.59507352674501,0.0,45.30255280221491,0.0,0.0,0.0,0.0,0.0,0.0,0.0
10.0,3.76003800190009,0.0034795353347111,0.0034795353280259,0.999993946396721,0.999993946396721,49.4137389614296,0.0,49.97679515606636,0.0,45.59507352399623,0.0,45.302552753086765,0.0,0.0,0.0,0.0,0.0,0.0,0.0
10.0,3.76028801440072,0.003479569168835,0.0034795691621527,0.999993946278994,0.999993946278993,49.41373895307997,0.0,49.97679492019286,0.0,45.59507352124726,0.0,45.30255270395539,0.0,0.0,0.0,0.0,0.0,0.0,0.0
10.0,3.76053802690135,0.0034796030048534,0.0034796029981742,0.999993946161259,0.9999939461612593,49.41373894472962,0.0,49.9767946843054,0.0,45.59507351849811,0.0,45.30255265482077,0.0,0.0,0.0,0.0,0.0,0.0,0.0
10.0,3.76078803940197,0.0034796368427665,0.0034796368360902,0.9999939460435172,0.999993946043516,49.41373893637857,0.0,49.97679444840399,0.0,45.59507351574877,0.0,45.30255260568291,0.0,0.0,0.0,0.0,0.0,0.0,0.0
10.0,3.7610380519026,0.0034796706825741,0.0034796706759007,0.999993945925766,0.9999939459257658,49.41373892802681,0.0,49.97679421248863,0.0,45.595073512999264,0.0,45.30255255654181,0.0,0.0,0.0,0.0,0.0,0.0,0.0
10.0,3.76128806440322,0.0034797045242762,0.0034797045176058,0.999993945808008,0.9999939458080082,49.41373891967434,0.0,49.97679397655931,0.0,45.59507351024956,0.0,45.30255250739748,0.0,0.0,0.0,0.0,0.0,0.0,0.0
10.0,3.76153807690385,0.0034797383678726,0.0034797383612052,0.999993945690242,0.999993945690242,49.41373891132116,0.0,49.97679374061602,0.0,45.59507350749967,0.0,45.3025524582499,0.0,0.0,0.0,0.0,0.0,0.0,0.0
10.0,3.76178808940447,0.0034797722133634,0.003479772206699,0.999993945572469,0.9999939455724688,49.41373890296728,0.0,49.97679350465878,0.0,45.595073504749614,0.0,45.30255240909908,0.0,0.0,0.0,0.0,0.0,0.0,0.0
10.0,3.7620381019051,0.0034798060607486,0.0034798060540871,0.999993945454688,0.999993945454687,49.41373889461269,0.0,49.97679326868757,0.0,45.59507350199936,0.0,45.30255235994502,0.0,0.0,0.0,0.0,0.0,0.0,0.0
10.0,3.76228811440572,0.0034798399100279,0.0034798399033694,0.999993945336898,0.999993945336898,49.41373888625738,0.0,49.976793032702425,0.0,45.595073499248926,0.0,45.302552310787725,0.0,0.0,0.0,0.0,0.0,0.0,0.0
10.0,3.76253812690635,0.0034798737612014,0.0034798737545458,0.999993945219102,0.9999939452191008,49.413738877901366,0.0,49.97679279670329,0.0,45.59507349649831,0.0,45.302552261627184,0.0,0.0,0.0,0.0,0.0,0.0,0.0
10.0,3.76278813940697,0.003479907614269,0.0034799076076164,0.999993945101297,0.9999939451012972,49.41373886954465,0.0,49.97679256069021,0.0,45.59507349374751,0.0,45.30255221246341,0.0,0.0,0.0,0.0,0.0,0.0,0.0
10.0,3.7630381519076,0.0034799414692307,0.003479941462581,0.999993944983485,0.999993944983485,49.41373886118722,0.0,49.97679232466318,0.0,45.59507349099652,0.0,45.30255216329639,0.0,0.0,0.0,0.0,0.0,0.0,0.0
10.0,3.76328816440822,0.0034799753260863,0.0034799753194396,0.999993944865665,0.9999939448656652,49.41373885282909,0.0,49.97679208862217,0.0,45.59507348824536,0.0,45.30255211412613,0.0,0.0,0.0,0.0,0.0,0.0,0.0
10.0,3.76353817690885,0.0034800091848358,0.0034800091781921,0.9999939447478372,0.999993944747837,49.413738844470245,0.0,49.97679185256721,0.0,45.59507348549401,0.0,45.30255206495264,0.0,0.0,0.0,0.0,0.0,0.0,0.0
10.0,3.76378818940947,0.0034800430454793,0.0034800430388385,0.999993944630002,0.999993944630002,49.413738836110696,0.0,49.97679161649828,0.0,45.59507348274247,0.0,45.3025520157759,0.0,0.0,0.0,0.0,0.0,0.0,0.0
10.0,3.7640382019101,0.0034800769080165,0.0034800769013787,0.999993944512159,0.9999939445121588,49.41373882775043,0.0,49.97679138041539,0.0,45.59507347999075,0.0,45.30255196659592,0.0,0.0,0.0,0.0,0.0,0.0,0.0
10.0,3.76428821441072,0.0034801107724475,0.0034801107658126,0.999993944394308,0.999993944394308,49.41373881938946,0.0,49.97679114431854,0.0,45.59507347723885,0.0,45.30255191741271,0.0,0.0,0.0,0.0,0.0,0.0,0.0
10.0,3.76453822691135,0.0034801446387721,0.0034801446321402,0.999993944276449,0.999993944276449,49.41373881102778,0.0,49.97679090820772,0.0,45.59507347448677,0.0,45.30255186822626,0.0,0.0,0.0,0.0,0.0,0.0,0.0
10.0,3.76478823941197,0.0034801785069904,0.0034801785003615,0.999993944158583,0.999993944158583,49.413738802665385,0.0,49.97679067208295,0.0,45.5950734717345,0.0,45.30255181903656,0.0,0.0,0.0,0.0,0.0,0.0,0.0
10.0,3.7650382519126,0.0034802123771023,0.0034802123704763,0.9999939440407088,0.999993944040709,49.41373879430229,0.0,49.9767904359442,0.0,45.59507346898205,0.0,45.30255176984362,0.0,0.0,0.0,0.0,0.0,0.0,0.0
10.0,3.7652882644132206,0.0034802462491076,0.0034802462424845,0.999993943922827,0.999993943922827,49.41373878593849,0.0,49.976790199791495,0.0,45.59507346622942,0.0,45.30255172064744,0.0,0.0,0.0,0.0,0.0,0.0,0.0
10.0,3.76553827691385,0.0034802801230064,0.0034802801163863,0.999993943804937,0.999993943804937,49.41373877757397,0.0,49.976789963624825,0.0,45.5950734634766,0.0,45.30255167144803,0.0,0.0,0.0,0.0,0.0,0.0,0.0
10.0,3.76578828941447,0.0034803139987986,0.0034803139921814,0.99999394368704,0.99999394368704,49.41373876920875,0.0,49.976789727444185,0.0,45.5950734607236,0.0,45.30255162224538,0.0,0.0,0.0,0.0,0.0,0.0,0.0
10.0,3.7660383019151,0.003480347876484,0.0034803478698698,0.999993943569135,0.999993943569135,49.41373876084281,0.0,49.976789491249576,0.0,45.595073457970415,0.0,45.30255157303949,0.0,0.0,0.0,0.0,0.0,0.0,0.0
10.0,3.76628831441572,0.0034803817560628,0.0034803817494515,0.999993943451222,0.999993943451222,49.41373875247618,0.0,49.97678925504101,0.0,45.59507345521705,0.0,45.30255152383035,0.0,0.0,0.0,0.0,0.0,0.0,0.0
10.0,3.76653832691635,0.0034804156375347,0.0034804156309264,0.999993943333302,0.999993943333301,49.41373874410882,0.0,49.97678901881848,0.0,45.595073452463495,0.0,45.30255147461798,0.0,0.0,0.0,0.0,0.0,0.0,0.0
10.0,3.76678833941697,0.0034804495208998,0.0034804495142944,0.999993943215374,0.999993943215373,49.41373873574076,0.0,49.97678878258198,0.0,45.595073449709766,0.0,45.30255142540236,0.0,0.0,0.0,0.0,0.0,0.0,0.0
10.0,3.7670383519176,0.003480483406158,0.0034804833995555,0.9999939430974372,0.999993943097437,49.41373872737199,0.0,49.97678854633151,0.0,45.59507344695584,0.0,45.30255137618352,0.0,0.0,0.0,0.0,0.0,0.0,0.0
10.0,3.7672883644182193,0.0034805172933092,0.0034805172867097,0.999993942979494,0.9999939429794928,49.41373871900252,0.0,49.97678831006706,0.0,45.59507344420174,0.0,45.30255132696142,0.0,0.0,0.0,0.0,0.0,0.0,0.0
10.0,3.76753837691885,0.0034805511823533,0.0034805511757567,0.999993942861542,0.999993942861542,49.41373871063233,0.0,49.97678807378866,0.0,45.595073441447454,0.0,45.302551277736086,0.0,0.0,0.0,0.0,0.0,0.0,0.0
10.0,3.76778838941947,0.0034805850732903,0.0034805850666967,0.999993942743583,0.999993942743582,49.41373870226143,0.0,49.97678783749629,0.0,45.595073438692985,0.0,45.30255122850752,0.0,0.0,0.0,0.0,0.0,0.0,0.0
10.0,3.7680384019201,0.0034806189661202,0.0034806189595295,0.999993942625616,0.999993942625616,49.41373869388983,0.0,49.97678760118995,0.0,45.59507343593833,0.0,45.30255117927571,0.0,0.0,0.0,0.0,0.0,0.0,0.0
10.0,3.76828841442072,0.0034806528608428,0.0034806528542551,0.999993942507641,0.9999939425076408,49.41373868551751,0.0,49.97678736486965,0.0,45.5950734331835,0.0,45.30255113004065,0.0,0.0,0.0,0.0,0.0,0.0,0.0
10.0,3.76853842692135,0.0034806867574582,0.0034806867508734,0.999993942389659,0.999993942389658,49.413738677144494,0.0,49.97678712853536,0.0,45.595073430428485,0.0,45.30255108080236,0.0,0.0,0.0,0.0,0.0,0.0,0.0
10.0,3.76878843942197,0.0034807206559662,0.0034807206493844,0.999993942271669,0.999993942271668,49.41373866877076,0.0,49.97678689218711,0.0,45.595073427673285,0.0,45.30255103156083,0.0,0.0,0.0,0.0,0.0,0.0,0.0
10.0,3.7690384519226,0.0034807545563668,0.0034807545497879,0.999993942153671,0.99999394215367,49.41373866039631,0.0,49.97678665582489,0.0,45.59507342491789,0.0,45.302550982316056,0.0,0.0,0.0,0.0,0.0,0.0,0.0
10.0,3.76928846442322,0.00348078845866,0.003480788452084,0.999993942035665,0.999993942035664,49.413738652021166,0.0,49.9767864194487,0.0,45.59507342216233,0.0,45.302550933068055,0.0,0.0,0.0,0.0,0.0,0.0,0.0
10.0,3.76953847692385,0.0034808223628456,0.0034808223562725,0.999993941917652,0.9999939419176508,49.4137386436453,0.0,49.976786183058536,0.0,45.59507341940658,0.0,45.3025508838168,0.0,0.0,0.0,0.0,0.0,0.0,0.0
10.0,3.76978848942447,0.0034808562689236,0.0034808562623535,0.99999394179963,0.99999394179963,49.413738635268736,0.0,49.9767859466544,0.0,45.59507341665064,0.0,45.30255083456231,0.0,0.0,0.0,0.0,0.0,0.0,0.0
10.0,3.7700385019251,0.003480890176894,0.0034808901703268,0.999993941681602,0.999993941681601,49.41373862689146,0.0,49.97678571023631,0.0,45.59507341389452,0.0,45.30255078530458,0.0,0.0,0.0,0.0,0.0,0.0,0.0
10.0,3.77028851442572,0.0034809240867567,0.0034809240801924,0.9999939415635652,0.999993941563565,49.41373861851346,0.0,49.97678547380423,0.0,45.59507341113822,0.0,45.302550736043614,0.0,0.0,0.0,0.0,0.0,0.0,0.0
10.0,3.77053852692635,0.0034809579985116,0.0034809579919502,0.999993941445521,0.99999394144552,49.41373861013477,0.0,49.97678523735817,0.0,45.59507340838173,0.0,45.302550686779405,0.0,0.0,0.0,0.0,0.0,0.0,0.0
10.0,3.77078853942697,0.0034809919121587,0.0034809919056003,0.999993941327468,0.999993941327468,49.41373860175536,0.0,49.97678500089816,0.0,45.595073405625065,0.0,45.30255063751196,0.0,0.0,0.0,0.0,0.0,0.0,0.0
10.0,3.7710385519276,0.0034810258276978,0.0034810258211424,0.999993941209409,0.999993941209408,49.41373859337524,0.0,49.97678476442417,0.0,45.595073402868216,0.0,45.30255058824128,0.0,0.0,0.0,0.0,0.0,0.0,0.0
10.0,3.77128856442822,0.0034810597451291,0.0034810597385765,0.999993941091341,0.999993941091341,49.41373858499441,0.0,49.9767845279362,0.0,45.595073400111175,0.0,45.30255053896735,0.0,0.0,0.0,0.0,0.0,0.0,0.0
10.0,3.77153857692885,0.0034810936644523,0.0034810936579027,0.999993940973266,0.999993940973266,49.413738576612886,0.0,49.97678429143425,0.0,45.59507339735396,0.0,45.30255048969018,0.0,0.0,0.0,0.0,0.0,0.0,0.0
10.0,3.77178858942947,0.0034811275856675,0.0034811275791208,0.999993940855183,0.999993940855182,49.41373856823064,0.0,49.97678405491834,0.0,45.59507339459656,0.0,45.302550440409775,0.0,0.0,0.0,0.0,0.0,0.0,0.0
10.0,3.7720386019301007,0.0034811615087745,0.0034811615022307,0.999993940737092,0.999993940737092,49.41373855984768,0.0,49.976783818388455,0.0,45.595073391838966,0.0,45.30255039112613,0.0,0.0,0.0,0.0,0.0,0.0,0.0
10.0,3.77228861443072,0.0034811954337733,0.0034811954272325,0.999993940618994,0.999993940618993,49.41373855146402,0.0,49.97678358184459,0.0,45.5950733890812,0.0,45.30255034183924,0.0,0.0,0.0,0.0,0.0,0.0,0.0
10.0,3.77253862693135,0.0034812293606639,0.003481229354126,0.999993940500887,0.999993940500887,49.41373854307965,0.0,49.97678334528676,0.0,45.59507338632325,0.0,45.30255029254912,0.0,0.0,0.0,0.0,0.0,0.0,0.0
10.0,3.77278863943197,0.0034812632894462,0.0034812632829112,0.999993940382773,0.999993940382773,49.413738534694566,0.0,49.97678310871495,0.0,45.59507338356511,0.0,45.30255024325576,0.0,0.0,0.0,0.0,0.0,0.0,0.0
10.0,3.7730386519326,0.0034812972201201,0.003481297213588,0.999993940264652,0.9999939402646512,49.41373852630876,0.0,49.97678287212915,0.0,45.5950733808068,0.0,45.30255019395915,0.0,0.0,0.0,0.0,0.0,0.0,0.0
10.0,3.77328866443322,0.0034813311526856,0.0034813311461564,0.999993940146522,0.999993940146522,49.41373851792226,0.0,49.97678263552939,0.0,45.59507337804829,0.0,45.30255014465931,0.0,0.0,0.0,0.0,0.0,0.0,0.0
10.0,3.77353867693385,0.0034813650871425,0.0034813650806163,0.999993940028385,0.999993940028385,49.41373850953505,0.0,49.97678239891565,0.0,45.59507337528961,0.0,45.302550095356224,0.0,0.0,0.0,0.0,0.0,0.0,0.0
10.0,3.77378868943447,0.0034813990234909,0.0034813990169676,0.99999393991024,0.99999393991024,49.41373850114714,0.0,49.97678216228793,0.0,45.595073372530734,0.0,45.3025500460499,0.0,0.0,0.0,0.0,0.0,0.0,0.0
10.0,3.7740387019350994,0.0034814329617307,0.0034814329552103,0.999993939792087,0.999993939792087,49.413738492758505,0.0,49.97678192564624,0.0,45.59507336977168,0.0,45.302549996740346,0.0,0.0,0.0,0.0,0.0,0.0,0.0
10.0,3.77428871443572,0.0034814669018619,0.0034814668953444,0.999993939673927,0.999993939673927,49.41373848436916,0.0,49.97678168899056,0.0,45.59507336701245,0.0,45.302549947427536,0.0,0.0,0.0,0.0,0.0,0.0,0.0
10.0,3.77453872693635,0.0034815008438843,0.0034815008373697,0.999993939555759,0.999993939555758,49.4137384759791,0.0,49.97678145232092,0.0,45.59507336425303,0.0,45.30254989811149,0.0,0.0,0.0,0.0,0.0,0.0,0.0
10.0,3.77478873943697,0.0034815347877978,0.0034815347812862,0.9999939394375832,0.999993939437583,49.41373846758835,0.0,49.976781215637295,0.0,45.59507336149343,0.0,45.30254984879222,0.0,0.0,0.0,0.0,0.0,0.0,0.0
10.0,3.7750387519376,0.0034815687336026,0.0034815687270938,0.999993939319399,0.999993939319399,49.41373845919688,0.0,49.976780978939686,0.0,45.59507335873364,0.0,45.302549799469695,0.0,0.0,0.0,0.0,0.0,0.0,0.0
10.0,3.77528876443822,0.0034816026812984,0.0034816026747926,0.999993939201208,0.9999939392012072,49.413738450804686,0.0,49.97678074222811,0.0,45.59507335597367,0.0,45.302549750143946,0.0,0.0,0.0,0.0,0.0,0.0,0.0
10.0,3.77553877693885,0.0034816366308852,0.0034816366243823,0.999993939083009,0.999993939083008,49.413738442411805,0.0,49.97678050550255,0.0,45.59507335321352,0.0,45.302549700814936,0.0,0.0,0.0,0.0,0.0,0.0,0.0
10.0,3.77578878943947,0.003481670582363,0.003481670575863,0.999993938964802,0.999993938964802,49.4137384340182,0.0,49.97678026876301,0.0,45.59507335045318,0.0,45.30254965148271,0.0,0.0,0.0,0.0,0.0,0.0,0.0
10.0,3.7760388019401,0.0034817045357317,0.0034817045292346,0.9999939388465882,0.999993938846587,49.41373842562389,0.0,49.976780032009486,0.0,45.595073347692654,0.0,45.30254960214722,0.0,0.0,0.0,0.0,0.0,0.0,0.0
10.0,3.77628881444072,0.0034817384909913,0.0034817384844971,0.999993938728365,0.999993938728365,49.41373841722886,0.0,49.97677979524199,0.0,45.59507334493196,0.0,45.30254955280851,0.0,0.0,0.0,0.0,0.0,0.0,0.0
10.0,3.77653882694135,0.0034817724481416,0.0034817724416503,0.9999939386101352,0.999993938610135,49.41373840883313,0.0,49.976779558460514,0.0,45.59507334217107,0.0,45.30254950346655,0.0,0.0,0.0,0.0,0.0,0.0,0.0
10.0,3.77678883944197,0.0034818064071826,0.0034818064006943,0.999993938491897,0.999993938491897,49.4137384004367,0.0,49.97677932166505,0.0,45.59507333941,0.0,45.30254945412136,0.0,0.0,0.0,0.0,0.0,0.0,0.0
10.0,3.7770388519426,0.0034818403681143,0.0034818403616289,0.999993938373652,0.999993938373651,49.41373839203954,0.0,49.976779084855615,0.0,45.59507333664875,0.0,45.30254940477292,0.0,0.0,0.0,0.0,0.0,0.0,0.0
10.0,3.77728886444322,0.0034818743309366,0.0034818743244541,0.999993938255398,0.999993938255398,49.41373838364168,0.0,49.9767788480322,0.0,45.595073333887306,0.0,45.30254935542124,0.0,0.0,0.0,0.0,0.0,0.0,0.0
10.0,3.77753887694385,0.0034819082956495,0.0034819082891698,0.999993938137138,0.9999939381371372,49.41373837524311,0.0,49.9767786111948,0.0,45.59507333112569,0.0,45.302549306066325,0.0,0.0,0.0,0.0,0.0,0.0,0.0
10.0,3.77778888944447,0.0034819422622528,0.003481942255776,0.999993938018869,0.999993938018868,49.41373836684383,0.0,49.97677837434342,0.0,45.59507332836389,0.0,45.30254925670817,0.0,0.0,0.0,0.0,0.0,0.0,0.0
10.0,3.7780389019451,0.0034819762307465,0.0034819762242727,0.999993937900592,0.999993937900592,49.41373835844384,0.0,49.97677813747805,0.0,45.595073325601895,0.0,45.30254920734678,0.0,0.0,0.0,0.0,0.0,0.0,0.0
10.0,3.77828891444572,0.0034820102011306,0.0034820101946596,0.999993937782308,0.999993937782308,49.41373835004313,0.0,49.97677790059871,0.0,45.59507332283973,0.0,45.30254915798214,0.0,0.0,0.0,0.0,0.0,0.0,0.0
10.0,3.77853892694635,0.003482044173405,0.0034820441669369,0.999993937664016,0.999993937664016,49.413738341641725,0.0,49.97677766370538,0.0,45.595073320077375,0.0,45.30254910861427,0.0,0.0,0.0,0.0,0.0,0.0,0.0
10.0,3.77878893944697,0.0034820781475696,0.0034820781411044,0.999993937545716,0.999993937545716,49.41373833323959,0.0,49.97677742679807,0.0,45.59507331731484,0.0,45.30254905924316,0.0,0.0,0.0,0.0,0.0,0.0,0.0
10.0,3.7790389519476,0.0034821121236244,0.0034821121171621,0.999993937427409,0.999993937427408,49.41373832483677,0.0,49.97677718987679,0.0,45.59507331455212,0.0,45.30254900986881,0.0,0.0,0.0,0.0,0.0,0.0,0.0
10.0,3.77928896444822,0.0034821461015693,0.0034821460951099,0.999993937309094,0.9999939373090928,49.41373831643322,0.0,49.97677695294151,0.0,45.595073311789214,0.0,45.302548960491215,0.0,0.0,0.0,0.0,0.0,0.0,0.0
10.0,3.77953897694885,0.0034821800814043,0.0034821800749478,0.9999939371907708,0.999993937190771,49.41373830802897,0.0,49.97677671599226,0.0,45.59507330902613,0.0,45.30254891111039,0.0,0.0,0.0,0.0,0.0,0.0,0.0
10.0,3.77978898944947,0.0034822140631292,0.0034822140566756,0.999993937072441,0.99999393707244,49.413738299624,0.0,49.97677647902901,0.0,45.59507330626285,0.0,45.30254886172632,0.0,0.0,0.0,0.0,0.0,0.0,0.0
10.0,3.7800390019501,0.0034822480467441,0.0034822480402934,0.999993936954102,0.999993936954102,49.41373829121833,0.0,49.9767762420518,0.0,45.5950733034994,0.0,45.302548812339005,0.0,0.0,0.0,0.0,0.0,0.0,0.0
10.0,3.78028901445072,0.0034822820322489,0.0034822820258011,0.999993936835756,0.999993936835756,49.413738282811934,0.0,49.976776005060586,0.0,45.59507330073577,0.0,45.30254876294846,0.0,0.0,0.0,0.0,0.0,0.0,0.0
10.0,3.78053902695135,0.0034823160196434,0.0034823160131985,0.999993936717402,0.999993936717402,49.41373827440484,0.0,49.97677576805539,0.0,45.59507329797194,0.0,45.30254871355467,0.0,0.0,0.0,0.0,0.0,0.0,0.0
10.0,3.78078903945197,0.0034823500089277,0.0034823500024857,0.999993936599041,0.99999393659904,49.41373826599704,0.0,49.97677553103623,0.0,45.59507329520794,0.0,45.30254866415764,0.0,0.0,0.0,0.0,0.0,0.0,0.0
10.0,3.7810390519526,0.0034823840001018,0.0034823839936626,0.999993936480671,0.9999939364806708,49.41373825758852,0.0,49.976775294003055,0.0,45.59507329244375,0.0,45.30254861475738,0.0,0.0,0.0,0.0,0.0,0.0,0.0
10.0,3.78128906445322,0.0034824179931654,0.0034824179867292,0.999993936362294,0.9999939363622938,49.413738249179296,0.0,49.97677505695592,0.0,45.59507328967938,0.0,45.30254856535387,0.0,0.0,0.0,0.0,0.0,0.0,0.0
10.0,3.78153907695385,0.0034824519881186,0.0034824519816853,0.999993936243909,0.999993936243909,49.41373824076935,0.0,49.97677481989479,0.0,45.595073286914825,0.0,45.30254851594712,0.0,0.0,0.0,0.0,0.0,0.0,0.0
10.0,3.78178908945447,0.0034824859849613,0.0034824859785309,0.999993936125517,0.999993936125516,49.4137382323587,0.0,49.97677458281967,0.0,45.5950732841501,0.0,45.30254846653714,0.0,0.0,0.0,0.0,0.0,0.0,0.0
10.0,3.7820391019551,0.0034825199836935,0.0034825199772659,0.999993936007117,0.999993936007116,49.41373822394734,0.0,49.976774345730576,0.0,45.59507328138517,0.0,45.30254841712392,0.0,0.0,0.0,0.0,0.0,0.0,0.0
10.0,3.78228911445572,0.003482553984315,0.0034825539778904,0.999993935888708,0.999993935888708,49.41373821553528,0.0,49.97677410862748,0.0,45.59507327862006,0.0,45.30254836770746,0.0,0.0,0.0,0.0,0.0,0.0,0.0
10.0,3.78253912695635,0.0034825879868259,0.0034825879804041,0.9999939357702928,0.999993935770292,49.41373820712249,0.0,49.97677387151041,0.0,45.59507327585477,0.0,45.30254831828775,0.0,0.0,0.0,0.0,0.0,0.0,0.0
10.0,3.78278913945697,0.0034826219912261,0.0034826219848072,0.999993935651869,0.9999939356518692,49.413738198709005,0.0,49.97677363437936,0.0,45.595073273089305,0.0,45.3025482688648,0.0,0.0,0.0,0.0,0.0,0.0,0.0
10.0,3.7830391519576,0.0034826559975154,0.0034826559910994,0.999993935533438,0.999993935533438,49.4137381902948,0.0,49.97677339723431,0.0,45.59507327032365,0.0,45.30254821943863,0.0,0.0,0.0,0.0,0.0,0.0,0.0
10.0,3.78328916445822,0.0034826900056939,0.0034826899992808,0.999993935414999,0.999993935414999,49.413738181879886,0.0,49.97677316007528,0.0,45.595073267557815,0.0,45.3025481700092,0.0,0.0,0.0,0.0,0.0,0.0,0.0
10.0,3.78353917695885,0.0034827240157615,0.0034827240093513,0.999993935296552,0.999993935296552,49.41373817346426,0.0,49.97677292290226,0.0,45.595073264791786,0.0,45.30254812057655,0.0,0.0,0.0,0.0,0.0,0.0,0.0
10.0,3.78378918945947,0.0034827580277181,0.0034827580213108,0.999993935178098,0.999993935178098,49.41373816504792,0.0,49.97677268571526,0.0,45.59507326202559,0.0,45.30254807114064,0.0,0.0,0.0,0.0,0.0,0.0,0.0
10.0,3.7840392019601,0.0034827920415637,0.0034827920351592,0.999993935059636,0.999993935059636,49.413738156630885,0.0,49.97677244851426,0.0,45.5950732592592,0.0,45.302548021701504,0.0,0.0,0.0,0.0,0.0,0.0,0.0
10.0,3.78428921446072,0.0034828260572982,0.0034828260508966,0.999993934941166,0.999993934941166,49.41373814821313,0.0,49.97677221129928,0.0,45.59507325649262,0.0,45.30254797225913,0.0,0.0,0.0,0.0,0.0,0.0,0.0
10.0,3.78453922696135,0.0034828600749215,0.0034828600685228,0.999993934822689,0.9999939348226878,49.41373813979466,0.0,49.97677197407032,0.0,45.59507325372587,0.0,45.30254792281351,0.0,0.0,0.0,0.0,0.0,0.0,0.0
10.0,3.78478923946197,0.0034828940944336,0.0034828940880378,0.999993934704203,0.9999939347042028,49.41373813137548,0.0,49.97677173682737,0.0,45.595073250958926,0.0,45.30254787336465,0.0,0.0,0.0,0.0,0.0,0.0,0.0
10.0,3.7850392519626,0.0034829281158345,0.0034829281094415,0.99999393458571,0.9999939345857098,49.41373812295559,0.0,49.976771499570425,0.0,45.59507324819181,0.0,45.30254782391256,0.0,0.0,0.0,0.0,0.0,0.0,0.0
10.0,3.78528926446322,0.003482962139124,0.0034829621327338,0.999993934467209,0.999993934467209,49.413738114534986,0.0,49.97677126229949,0.0,45.59507324542451,0.0,45.30254777445722,0.0,0.0,0.0,0.0,0.0,0.0,0.0
10.0,3.78553927696385,0.003482996164302,0.0034829961579148,0.9999939343487008,0.9999939343487,49.41373810611368,0.0,49.97677102501457,0.0,45.59507324265702,0.0,45.30254772499865,0.0,0.0,0.0,0.0,0.0,0.0,0.0
10.0,3.78578928946447,0.0034830301913687,0.0034830301849843,0.999993934230184,0.999993934230184,49.413738097691656,0.0,49.97677078771567,0.0,45.59507323988935,0.0,45.30254767553683,0.0,0.0,0.0,0.0,0.0,0.0,0.0
10.0,3.7860393019651,0.0034830642203238,0.0034830642139423,0.99999393411166,0.99999393411166,49.41373808926892,0.0,49.97677055040277,0.0,45.59507323712148,0.0,45.302547626071785,0.0,0.0,0.0,0.0,0.0,0.0,0.0
10.0,3.78628931446572,0.0034830982511673,0.0034830982447887,0.9999939339931287,0.999993933993128,49.41373808084549,0.0,49.97677031307589,0.0,45.59507323435345,0.0,45.30254757660349,0.0,0.0,0.0,0.0,0.0,0.0,0.0
10.0,3.78653932696635,0.0034831322838992,0.0034831322775234,0.9999939338745892,0.999993933874589,49.41373807242132,0.0,49.97677007573501,0.0,45.59507323158523,0.0,45.30254752713196,0.0,0.0,0.0,0.0,0.0,0.0,0.0
10.0,3.78678933946697,0.0034831663185194,0.0034831663121465,0.9999939337560418,0.999993933756041,49.413738063996455,0.0,49.97676983838015,0.0,45.595073228816815,0.0,45.30254747765719,0.0,0.0,0.0,0.0,0.0,0.0,0.0
10.0,3.7870393519676,0.0034832003550278,0.0034832003486578,0.999993933637487,0.999993933637486,49.41373805557088,0.0,49.97676960101129,0.0,45.59507322604824,0.0,45.30254742817917,0.0,0.0,0.0,0.0,0.0,0.0,0.0
10.0,3.78728936446822,0.0034832343934244,0.0034832343870573,0.9999939335189238,0.999993933518924,49.41373804714458,0.0,49.97676936362845,0.0,45.595073223279456,0.0,45.30254737869793,0.0,0.0,0.0,0.0,0.0,0.0,0.0
10.0,3.78753937696885,0.0034832684337091,0.0034832684273449,0.999993933400353,0.999993933400353,49.41373803871758,0.0,49.97676912623161,0.0,45.59507322051051,0.0,45.30254732921343,0.0,0.0,0.0,0.0,0.0,0.0,0.0
10.0,3.78778938946947,0.0034833024758819,0.0034833024695205,0.9999939332817748,0.999993933281775,49.41373803028988,0.0,49.97676888882079,0.0,45.595073217741366,0.0,45.30254727972571,0.0,0.0,0.0,0.0,0.0,0.0,0.0
10.0,3.7880394019701,0.0034833365199427,0.0034833365135841,0.999993933163189,0.999993933163189,49.41373802186145,0.0,49.97676865139598,0.0,45.59507321497204,0.0,45.30254723023474,0.0,0.0,0.0,0.0,0.0,0.0,0.0
10.0,3.78828941447072,0.0034833705658914,0.0034833705595357,0.999993933044596,0.999993933044595,49.41373801343232,0.0,49.97676841395717,0.0,45.595073212202536,0.0,45.30254718074053,0.0,0.0,0.0,0.0,0.0,0.0,0.0
10.0,3.78853942697135,0.003483404613728,0.0034834046073751,0.999993932925994,0.999993932925994,49.41373800500247,0.0,49.97676817650438,0.0,45.59507320943285,0.0,45.30254713124309,0.0,0.0,0.0,0.0,0.0,0.0,0.0
10.0,3.78878943947197,0.0034834386634524,0.0034834386571024,0.999993932807385,0.999993932807385,49.41373799657191,0.0,49.97676793903759,0.0,45.59507320666298,0.0,45.3025470817424,0.0,0.0,0.0,0.0,0.0,0.0,0.0
10.0,3.7890394519726,0.0034834727150645,0.0034834727087174,0.999993932688768,0.999993932688768,49.413737988140646,0.0,49.97676770155682,0.0,45.59507320389292,0.0,45.30254703223848,0.0,0.0,0.0,0.0,0.0,0.0,0.0
10.0,3.78928946447322,0.0034835067685644,0.0034835067622201,0.9999939325701432,0.999993932570143,49.41373797970866,0.0,49.97676746406204,0.0,45.59507320112268,0.0,45.30254698273132,0.0,0.0,0.0,0.0,0.0,0.0,0.0
10.0,3.78953947697385,0.0034835408239518,0.0034835408176104,0.999993932451511,0.999993932451511,49.41373797127597,0.0,49.976767226553285,0.0,45.59507319835226,0.0,45.30254693322091,0.0,0.0,0.0,0.0,0.0,0.0,0.0
10.0,3.78978948947447,0.0034835748812269,0.0034835748748883,0.9999939323328708,0.999993932332871,49.41373796284256,0.0,49.97676698903054,0.0,45.595073195581655,0.0,45.30254688370727,0.0,0.0,0.0,0.0,0.0,0.0,0.0
10.0,3.7900395019751,0.0034836089403894,0.0034836089340537,0.999993932214223,0.9999939322142232,49.41373795440845,0.0,49.97676675149379,0.0,45.59507319281087,0.0,45.30254683419039,0.0,0.0,0.0,0.0,0.0,0.0,0.0
10.0,3.79028951447572,0.0034836430014394,0.0034836429951066,0.999993932095568,0.999993932095567,49.413737945973615,0.0,49.97676651394306,0.0,45.59507319003989,0.0,45.30254678467027,0.0,0.0,0.0,0.0,0.0,0.0,0.0
10.0,3.79053952697635,0.0034836770643768,0.0034836770580469,0.999993931976904,0.999993931976904,49.41373793753808,0.0,49.976766276378335,0.0,45.59507318726874,0.0,45.30254673514691,0.0,0.0,0.0,0.0,0.0,0.0,0.0
10.0,3.7907895394769695,0.0034837111292016,0.0034837111228744,0.999993931858233,0.999993931858233,49.41373792910183,0.0,49.97676603879962,0.0,45.595073184497394,0.0,45.30254668562031,0.0,0.0,0.0,0.0,0.0,0.0,0.0
10.0,3.7910395519776,0.0034837451959136,0.0034837451895893,0.999993931739554,0.999993931739554,49.41373792066487,0.0,49.97676580120691,0.0,45.59507318172587,0.0,45.30254663609048,0.0,0.0,0.0,0.0,0.0,0.0,0.0
10.0,3.79128956447822,0.0034837792645128,0.0034837792581913,0.999993931620868,0.999993931620868,49.4137379122272,0.0,49.97676556360021,0.0,45.59507317895416,0.0,45.3025465865574,0.0,0.0,0.0,0.0,0.0,0.0,0.0
10.0,3.79153957697885,0.0034838133349991,0.0034838133286805,0.999993931502174,0.999993931502173,49.41373790378881,0.0,49.97676532597952,0.0,45.59507317618228,0.0,45.30254653702108,0.0,0.0,0.0,0.0,0.0,0.0,0.0
10.0,3.79178958947947,0.0034838474073726,0.0034838474010568,0.999993931383472,0.9999939313834711,49.41373789534972,0.0,49.976765088344834,0.0,45.5950731734102,0.0,45.30254648748153,0.0,0.0,0.0,0.0,0.0,0.0,0.0
10.0,3.792039601980101,0.003483881481633,0.0034838814753201,0.999993931264762,0.999993931264762,49.4137378869099,0.0,49.97676485069615,0.0,45.595073170637946,0.0,45.30254643793874,0.0,0.0,0.0,0.0,0.0,0.0,0.0
10.0,3.79228961448072,0.0034839155577804,0.0034839155514704,0.999993931146045,0.999993931146044,49.41373787846939,0.0,49.97676461303347,0.0,45.59507316786551,0.0,45.3025463883927,0.0,0.0,0.0,0.0,0.0,0.0,0.0
10.0,3.79253962698135,0.0034839496358148,0.0034839496295076,0.9999939310273191,0.999993931027319,49.41373787002816,0.0,49.97676437535681,0.0,45.59507316509288,0.0,45.30254633884343,0.0,0.0,0.0,0.0,0.0,0.0,0.0
10.0,3.79278963948197,0.003483983715736,0.0034839837094316,0.999993930908587,0.999993930908586,49.41373786158621,0.0,49.97676413766615,0.0,45.59507316232008,0.0,45.30254628929092,0.0,0.0,0.0,0.0,0.0,0.0,0.0
10.0,3.7930396519826,0.0034840177975439,0.0034840177912424,0.999993930789846,0.999993930789846,49.41373785314356,0.0,49.976763899961504,0.0,45.59507315954709,0.0,45.302546239735165,0.0,0.0,0.0,0.0,0.0,0.0,0.0
10.0,3.79328966448322,0.0034840518812386,0.00348405187494,0.999993930671097,0.999993930671097,49.41373784470019,0.0,49.97676366224286,0.0,45.59507315677392,0.0,45.30254619017617,0.0,0.0,0.0,0.0,0.0,0.0,0.0
10.0,3.79353967698385,0.00348408596682,0.0034840859605242,0.999993930552341,0.9999939305523412,49.4137378362561,0.0,49.976763424510224,0.0,45.59507315400056,0.0,45.30254614061395,0.0,0.0,0.0,0.0,0.0,0.0,0.0
10.0,3.79378968948447,0.0034841200542879,0.003484120047995,0.999993930433577,0.999993930433577,49.41373782781132,0.0,49.976763186763584,0.0,45.59507315122702,0.0,45.30254609104848,0.0,0.0,0.0,0.0,0.0,0.0,0.0
10.0,3.7940397019851,0.0034841541436424,0.0034841541373523,0.999993930314806,0.999993930314806,49.41373781936581,0.0,49.97676294900297,0.0,45.59507314845329,0.0,45.30254604147977,0.0,0.0,0.0,0.0,0.0,0.0,0.0
10.0,3.79428971448572,0.0034841882348834,0.0034841882285961,0.9999939301960272,0.999993930196026,49.41373781091959,0.0,49.976762711228346,0.0,45.59507314567938,0.0,45.30254599190783,0.0,0.0,0.0,0.0,0.0,0.0,0.0
10.0,3.79453972698635,0.0034842223280108,0.0034842223217263,0.999993930077239,0.999993930077239,49.41373780247267,0.0,49.97676247343973,0.0,45.59507314290529,0.0,45.30254594233264,0.0,0.0,0.0,0.0,0.0,0.0,0.0
10.0,3.79478973948697,0.0034842564230245,0.0034842564167429,0.999993929958445,0.9999939299584442,49.41373779402503,0.0,49.976762235637125,0.0,45.59507314013102,0.0,45.30254589275422,0.0,0.0,0.0,0.0,0.0,0.0,0.0
10.0,3.7950397519876,0.0034842905199246,0.0034842905136458,0.999993929839642,0.999993929839642,49.41373778557667,0.0,49.976761997820525,0.0,45.595073137356565,0.0,45.30254584317255,0.0,0.0,0.0,0.0,0.0,0.0,0.0
10.0,3.79528976448822,0.0034843246187109,0.003484324612435,0.999993929720832,0.999993929720831,49.413737777127615,0.0,49.97676175998993,0.0,45.59507313458192,0.0,45.30254579358765,0.0,0.0,0.0,0.0,0.0,0.0,0.0
10.0,3.79553977698885,0.0034843587193834,0.0034843587131103,0.999993929602014,0.999993929602013,49.41373776867784,0.0,49.97676152214534,0.0,45.5950731318071,0.0,45.30254574399951,0.0,0.0,0.0,0.0,0.0,0.0,0.0
10.0,3.79578978948947,0.003484392821942,0.0034843928156717,0.999993929483188,0.999993929483188,49.41373776022735,0.0,49.97676128428676,0.0,45.595073129032095,0.0,45.30254569440813,0.0,0.0,0.0,0.0,0.0,0.0,0.0
10.0,3.7960398019901,0.0034844269263866,0.0034844269201192,0.999993929364355,0.999993929364354,49.41373775177616,0.0,49.97676104641418,0.0,45.5950731262569,0.0,45.30254564481351,0.0,0.0,0.0,0.0,0.0,0.0,0.0
10.0,3.79628981449072,0.0034844610327173,0.0034844610264527,0.9999939292455132,0.999993929245513,49.41373774332424,0.0,49.9767608085276,0.0,45.59507312348153,0.0,45.30254559521564,0.0,0.0,0.0,0.0,0.0,0.0,0.0
10.0,3.79653982699135,0.0034844951409338,0.0034844951346721,0.999993929126664,0.999993929126664,49.41373773487161,0.0,49.97676057062704,0.0,45.59507312070596,0.0,45.30254554561454,0.0,0.0,0.0,0.0,0.0,0.0,0.0
10.0,3.79678983949198,0.0034845292510363,0.0034845292447774,0.999993929007807,0.999993929007807,49.41373772641827,0.0,49.97676033271248,0.0,45.59507311793023,0.0,45.30254549601021,0.0,0.0,0.0,0.0,0.0,0.0,0.0
10.0,3.7970398519926,0.0034845633630246,0.0034845633567685,0.999993928888943,0.9999939288889428,49.413737717964224,0.0,49.97676009478392,0.0,45.5950731151543,0.0,45.30254544640264,0.0,0.0,0.0,0.0,0.0,0.0,0.0
10.0,3.79728986449322,0.0034845974768986,0.0034845974706453,0.9999939287700712,0.999993928770071,49.41373770950946,0.0,49.97675985684137,0.0,45.5950731123782,0.0,45.30254539679182,0.0,0.0,0.0,0.0,0.0,0.0,0.0
10.0,3.7975398769938495,0.0034846315926583,0.0034846315864079,0.9999939286511909,0.999993928651191,49.41373770105399,0.0,49.97675961888483,0.0,45.59507310960191,0.0,45.30254534717777,0.0,0.0,0.0,0.0,0.0,0.0,0.0
10.0,3.79778988949447,0.0034846657103037,0.0034846657040561,0.999993928532304,0.9999939285323028,49.413737692597806,0.0,49.97675938091428,0.0,45.59507310682543,0.0,45.30254529756048,0.0,0.0,0.0,0.0,0.0,0.0,0.0
10.0,3.7980399019951,0.0034846998298346,0.0034846998235898,0.999993928413408,0.9999939284134078,49.4137376841409,0.0,49.97675914292975,0.0,45.59507310404877,0.0,45.30254524793994,0.0,0.0,0.0,0.0,0.0,0.0,0.0
10.0,3.79828991449572,0.0034847339512511,0.0034847339450091,0.9999939282945052,0.999993928294505,49.41373767568329,0.0,49.97675890493121,0.0,45.595073101271936,0.0,45.30254519831617,0.0,0.0,0.0,0.0,0.0,0.0,0.0
10.0,3.79853992699635,0.0034847680745529,0.0034847680683138,0.999993928175594,0.999993928175594,49.41373766722496,0.0,49.97675866691869,0.0,45.5950730984949,0.0,45.30254514868916,0.0,0.0,0.0,0.0,0.0,0.0,0.0
10.0,3.798789939496981,0.0034848021997402,0.0034848021935039,0.999993928056675,0.9999939280566748,49.413737658765925,0.0,49.97675842889217,0.0,45.595073095717694,0.0,45.30254509905892,0.0,0.0,0.0,0.0,0.0,0.0,0.0
10.0,3.7990399519976,0.0034848363268128,0.0034848363205793,0.999993927937749,0.999993927937749,49.41373765030618,0.0,49.97675819085165,0.0,45.59507309294031,0.0,45.30254504942542,0.0,0.0,0.0,0.0,0.0,0.0,0.0
10.0,3.79928996449822,0.0034848704557707,0.00348487044954,0.9999939278188152,0.999993927818815,49.41373764184572,0.0,49.976757952797136,0.0,45.59507309016272,0.0,45.30254499978869,0.0,0.0,0.0,0.0,0.0,0.0,0.0
10.0,3.79953997699885,0.0034849045866138,0.0034849045803859,0.999993927699873,0.999993927699873,49.41373763338454,0.0,49.97675771472864,0.0,45.59507308738497,0.0,45.30254495014873,0.0,0.0,0.0,0.0,0.0,0.0,0.0
10.0,3.7997899894994704,0.003484938719342,0.003484938713117,0.999993927580924,0.999993927580923,49.41373762492265,0.0,49.97675747664612,0.0,45.59507308460702,0.0,45.30254490050552,0.0,0.0,0.0,0.0,0.0,0.0,0.0
10.0,3.8000400020001,0.0034849728539554,0.0034849728477331,0.999993927461966,0.999993927461966,49.41373761646005,0.0,49.97675723854962,0.0,45.59507308182891,0.0,45.30254485085908,0.0,0.0,0.0,0.0,0.0,0.0,0.0
10.0,3.80029001450073,0.0034850069904537,0.0034850069842343,0.999993927343002,0.9999939273430009,49.41373760799675,0.0,49.97675700043913,0.0,45.59507307905059,0.0,45.3025448012094,0.0,0.0,0.0,0.0,0.0,0.0,0.0
10.0,3.80054002700135,0.003485041128837,0.0034850411226205,0.999993927224029,0.999993927224028,49.41373759953272,0.0,49.97675676231464,0.0,45.5950730762721,0.0,45.30254475155648,0.0,0.0,0.0,0.0,0.0,0.0,0.0
10.0,3.80079003950198,0.0034850752691053,0.0034850752628915,0.999993927105048,0.999993927105048,49.41373759106798,0.0,49.97675652417615,0.0,45.59507307349343,0.0,45.30254470190032,0.0,0.0,0.0,0.0,0.0,0.0,0.0
10.0,3.8010400520026,0.0034851094112583,0.0034851094050474,0.99999392698606,0.99999392698606,49.413737582602536,0.0,49.97675628602367,0.0,45.59507307071457,0.0,45.30254465224091,0.0,0.0,0.0,0.0,0.0,0.0,0.0
10.0,3.80129006450323,0.0034851435552962,0.003485143549088,0.999993926867064,0.999993926867064,49.41373757413637,0.0,49.9767560478572,0.0,45.59507306793552,0.0,45.30254460257828,0.0,0.0,0.0,0.0,0.0,0.0,0.0
10.0,3.80154007700385,0.0034851777012188,0.0034851776950134,0.99999392674806,0.99999392674806,49.4137375656695,0.0,49.97675580967672,0.0,45.59507306515631,0.0,45.3025445529124,0.0,0.0,0.0,0.0,0.0,0.0,0.0
10.0,3.80179008950447,0.003485211849026,0.0034852118428235,0.999993926629049,0.999993926629049,49.41373755720191,0.0,49.97675557148226,0.0,45.59507306237689,0.0,45.30254450324328,0.0,0.0,0.0,0.0,0.0,0.0,0.0
10.0,3.8020401020051,0.0034852459987179,0.0034852459925182,0.99999392651003,0.999993926510029,49.4137375487336,0.0,49.9767553332738,0.0,45.5950730595973,0.0,45.30254445357093,0.0,0.0,0.0,0.0,0.0,0.0,0.0
10.0,3.80229011450573,0.0034852801502943,0.0034852801440974,0.999993926391003,0.999993926391003,49.41373754026459,0.0,49.97675509505133,0.0,45.59507305681753,0.0,45.302544403895325,0.0,0.0,0.0,0.0,0.0,0.0,0.0
10.0,3.80254012700635,0.0034853143037551,0.003485314297561,0.999993926271968,0.999993926271968,49.41373753179486,0.0,49.97675485681488,0.0,45.59507305403756,0.0,45.302544354216494,0.0,0.0,0.0,0.0,0.0,0.0,0.0
10.0,3.80279013950698,0.0034853484591004,0.0034853484529091,0.999993926152926,0.999993926152926,49.41373752332442,0.0,49.97675461856443,0.0,45.59507305125742,0.0,45.30254430453443,0.0,0.0,0.0,0.0,0.0,0.0,0.0
10.0,3.8030401520076,0.0034853826163301,0.0034853826101416,0.999993926033876,0.999993926033875,49.41373751485327,0.0,49.97675438029998,0.0,45.5950730484771,0.0,45.30254425484912,0.0,0.0,0.0,0.0,0.0,0.0,0.0
10.0,3.80329016450823,0.003485416775444,0.0034854167692583,0.999993925914818,0.999993925914818,49.4137375063814,0.0,49.976754142021534,0.0,45.595073045696594,0.0,45.302544205160565,0.0,0.0,0.0,0.0,0.0,0.0,0.0
10.0,3.80354017700885,0.0034854509364422,0.0034854509302593,0.999993925795752,0.999993925795752,49.41373749790882,0.0,49.97675390372909,0.0,45.5950730429159,0.0,45.30254415546878,0.0,0.0,0.0,0.0,0.0,0.0,0.0
10.0,3.80379018950948,0.0034854850993246,0.0034854850931445,0.999993925676679,0.999993925676679,49.413737489435526,0.0,49.976753665422656,0.0,45.59507304013502,0.0,45.30254410577375,0.0,0.0,0.0,0.0,0.0,0.0,0.0
10.0,3.8040402020101,0.0034855192640911,0.0034855192579138,0.999993925557598,0.999993925557598,49.41373748096152,0.0,49.976753427102224,0.0,45.59507303735396,0.0,45.30254405607548,0.0,0.0,0.0,0.0,0.0,0.0,0.0
10.0,3.8042902145107296,0.0034855534307416,0.0034855534245672,0.999993925438509,0.9999939254385088,49.41373747248681,0.0,49.9767531887678,0.0,45.59507303457273,0.0,45.30254400637398,0.0,0.0,0.0,0.0,0.0,0.0,0.0
10.0,3.80454022701135,0.0034855875992762,0.0034855875931045,0.9999939253194132,0.999993925319412,49.41373746401138,0.0,49.97675295041938,0.0,45.59507303179129,0.0,45.30254395666923,0.0,0.0,0.0,0.0,0.0,0.0,0.0
10.0,3.80479023951198,0.0034856217696946,0.0034856217635258,0.999993925200309,0.999993925200308,49.413737455535234,0.0,49.97675271205696,0.0,45.59507302900968,0.0,45.30254390696125,0.0,0.0,0.0,0.0,0.0,0.0,0.0
10.0,3.8050402520126,0.003485655941997,0.0034856559358309,0.999993925081197,0.999993925081196,49.41373744705837,0.0,49.97675247368054,0.0,45.59507302622789,0.0,45.30254385725002,0.0,0.0,0.0,0.0,0.0,0.0,0.0
10.0,3.80529026451323,0.0034856901161832,0.0034856901100199,0.9999939249620768,0.999993924962077,49.4137374385808,0.0,49.97675223529013,0.0,45.59507302344591,0.0,45.30254380753557,0.0,0.0,0.0,0.0,0.0,0.0,0.0
10.0,3.80554027701385,0.0034857242922531,0.0034857242860926,0.99999392484295,0.999993924842949,49.41373743010252,0.0,49.97675199688573,0.0,45.59507302066376,0.0,45.302543757817865,0.0,0.0,0.0,0.0,0.0,0.0,0.0
10.0,3.80579028951448,0.0034857584702067,0.003485758464049,0.999993924723814,0.999993924723814,49.41373742162352,0.0,49.97675175846732,0.0,45.59507301788141,0.0,45.30254370809693,0.0,0.0,0.0,0.0,0.0,0.0,0.0
10.0,3.8060403020151,0.0034857926500439,0.0034857926438891,0.999993924604672,0.9999939246046708,49.41373741314381,0.0,49.97675152003493,0.0,45.59507301509888,0.0,45.30254365837275,0.0,0.0,0.0,0.0,0.0,0.0,0.0
10.0,3.80629031451573,0.0034858268317648,0.0034858268256127,0.9999939244855208,0.99999392448552,49.41373740466339,0.0,49.97675128158853,0.0,45.59507301231617,0.0,45.30254360864533,0.0,0.0,0.0,0.0,0.0,0.0,0.0
10.0,3.8065403270163514,0.0034858610153691,0.0034858610092198,0.999993924366362,0.999993924366362,49.41373739618224,0.0,49.97675104312814,0.0,45.59507300953328,0.0,45.30254355891468,0.0,0.0,0.0,0.0,0.0,0.0,0.0
10.0,3.80679033951698,0.0034858952008569,0.0034858951947104,0.999993924247196,0.999993924247196,49.4137373877004,0.0,49.97675080465376,0.0,45.595073006750205,0.0,45.30254350918079,0.0,0.0,0.0,0.0,0.0,0.0,0.0
10.0,3.8070403520176,0.0034859293882281,0.0034859293820844,0.999993924128022,0.999993924128022,49.41373737921783,0.0,49.97675056616536,0.0,45.59507300396694,0.0,45.30254345944365,0.0,0.0,0.0,0.0,0.0,0.0,0.0
10.0,3.80729036451823,0.0034859635774826,0.0034859635713417,0.9999939240088408,0.999993924008841,49.41373737073456,0.0,49.97675032766299,0.0,45.5950730011835,0.0,45.30254340970328,0.0,0.0,0.0,0.0,0.0,0.0,0.0
10.0,3.80754037701885,0.0034859977686203,0.0034859977624822,0.9999939238896512,0.999993923889651,49.41373736225056,0.0,49.97675008914661,0.0,45.59507299839988,0.0,45.30254335995967,0.0,0.0,0.0,0.0,0.0,0.0,0.0
10.0,3.80779038951948,0.0034860319616413,0.003486031955506,0.999993923770454,0.999993923770454,49.41373735376586,0.0,49.97674985061625,0.0,45.595072995616064,0.0,45.30254331021282,0.0,0.0,0.0,0.0,0.0,0.0,0.0
10.0,3.8080404020201,0.0034860661565455,0.0034860661504129,0.99999392365125,0.999993923651249,49.41373734528044,0.0,49.976749612071885,0.0,45.59507299283207,0.0,45.30254326046273,0.0,0.0,0.0,0.0,0.0,0.0,0.0
10.0,3.80829041452073,0.0034861003533327,0.0034861003472029,0.999993923532037,0.999993923532037,49.41373733679431,0.0,49.97674937351353,0.0,45.59507299004789,0.0,45.30254321070941,0.0,0.0,0.0,0.0,0.0,0.0,0.0
10.0,3.80854042702135,0.0034861345520029,0.0034861345458759,0.999993923412817,0.999993923412816,49.413737328307455,0.0,49.97674913494116,0.0,45.59507298726353,0.0,45.30254316095285,0.0,0.0,0.0,0.0,0.0,0.0,0.0
10.0,3.80879043952198,0.0034861687525561,0.0034861687464319,0.999993923293589,0.999993923293589,49.4137373198199,0.0,49.97674889635481,0.0,45.59507298447899,0.0,45.30254311119303,0.0,0.0,0.0,0.0,0.0,0.0,0.0
10.0,3.8090404520226,0.0034862029549922,0.0034862029488708,0.999993923174353,0.999993923174353,49.41373731133163,0.0,49.97674865775446,0.0,45.595072981694265,0.0,45.30254306142999,0.0,0.0,0.0,0.0,0.0,0.0,0.0
10.0,3.80929046452323,0.0034862371593112,0.0034862371531926,0.99999392305511,0.999993923055109,49.41373730284264,0.0,49.97674841914013,0.0,45.59507297890935,0.0,45.30254301166371,0.0,0.0,0.0,0.0,0.0,0.0,0.0
10.0,3.80954047702385,0.003486271365513,0.0034862713593971,0.999993922935858,0.999993922935858,49.41373729435294,0.0,49.97674818051179,0.0,45.59507297612426,0.0,45.30254296189419,0.0,0.0,0.0,0.0,0.0,0.0,0.0
10.0,3.80979048952448,0.0034863055735974,0.0034863055674844,0.999993922816599,0.999993922816599,49.41373728586253,0.0,49.97674794186946,0.0,45.59507297333898,0.0,45.30254291212143,0.0,0.0,0.0,0.0,0.0,0.0,0.0
10.0,3.8100405020251,0.0034863397835646,0.0034863397774543,0.999993922697333,0.999993922697332,49.4137372773714,0.0,49.97674770321313,0.0,45.59507297055352,0.0,45.30254286234543,0.0,0.0,0.0,0.0,0.0,0.0,0.0
10.0,3.81029051452573,0.0034863739954143,0.0034863739893068,0.999993922578059,0.999993922578058,49.41373726887955,0.0,49.9767474645428,0.0,45.59507296776788,0.0,45.3025428125662,0.0,0.0,0.0,0.0,0.0,0.0,0.0
10.0,3.81054052702635,0.0034864082091466,0.0034864082030418,0.999993922458776,0.999993922458776,49.413737260387,0.0,49.97674722585849,0.0,45.59507296498205,0.0,45.30254276278371,0.0,0.0,0.0,0.0,0.0,0.0,0.0
10.0,3.81079053952698,0.0034864424247613,0.0034864424186594,0.999993922339486,0.999993922339486,49.41373725189373,0.0,49.976746987160176,0.0,45.59507296219604,0.0,45.302542712998,0.0,0.0,0.0,0.0,0.0,0.0,0.0
10.0,3.8110405520276,0.0034864766422585,0.0034864766361593,0.999993922220189,0.999993922220189,49.413737243399744,0.0,49.976746748447866,0.0,45.59507295940984,0.0,45.30254266320905,0.0,0.0,0.0,0.0,0.0,0.0,0.0
10.0,3.81129056452823,0.003486510861638,0.0034865108555416,0.999993922100883,0.999993922100883,49.41373723490506,0.0,49.97674650972156,0.0,45.59507295662347,0.0,45.30254261341686,0.0,0.0,0.0,0.0,0.0,0.0,0.0
10.0,3.81154057702885,0.0034865450828999,0.0034865450768062,0.99999392198157,0.99999392198157,49.41373722640964,0.0,49.97674627098126,0.0,45.595072953836905,0.0,45.30254256362142,0.0,0.0,0.0,0.0,0.0,0.0,0.0
10.0,3.81179058952948,0.0034865793060439,0.0034865792999531,0.99999392186225,0.999993921862249,49.41373721791352,0.0,49.97674603222696,0.0,45.59507295105016,0.0,45.30254251382276,0.0,0.0,0.0,0.0,0.0,0.0,0.0
10.0,3.8120406020301,0.0034866135310702,0.0034866135249821,0.9999939217429212,0.999993921742921,49.41373720941668,0.0,49.97674579345868,0.0,45.59507294826324,0.0,45.30254246402085,0.0,0.0,0.0,0.0,0.0,0.0,0.0
10.0,3.81229061453073,0.0034866477579786,0.0034866477518933,0.999993921623585,0.999993921623584,49.41373720091913,0.0,49.9767455546764,0.0,45.59507294547612,0.0,45.30254241421571,0.0,0.0,0.0,0.0,0.0,0.0,0.0
10.0,3.81254062703135,0.003486681986769,0.0034866819806865,0.9999939215042408,0.99999392150424,49.41373719242086,0.0,49.97674531588012,0.0,45.59507294268883,0.0,45.30254236440732,0.0,0.0,0.0,0.0,0.0,0.0,0.0
10.0,3.81279063953198,0.0034867162174414,0.0034867162113616,0.999993921384889,0.999993921384889,49.41373718392188,0.0,49.97674507706985,0.0,45.59507293990135,0.0,45.3025423145957,0.0,0.0,0.0,0.0,0.0,0.0,0.0
10.0,3.8130406520326,0.0034867504499958,0.0034867504439188,0.99999392126553,0.999993921265529,49.413737175422185,0.0,49.97674483824559,0.0,45.59507293711369,0.0,45.302542264780826,0.0,0.0,0.0,0.0,0.0,0.0,0.0
10.0,3.8132906645332314,0.003486784684432,0.0034867846783578,0.999993921146162,0.999993921146162,49.41373716692178,0.0,49.976744599407326,0.0,45.59507293432584,0.0,45.30254221496273,0.0,0.0,0.0,0.0,0.0,0.0,0.0
10.0,3.81354067703385,0.00348681892075,0.0034868189146786,0.9999939210267867,0.9999939210267867,49.41373715842066,0.0,49.97674436055507,0.0,45.59507293153781,0.0,45.3025421651414,0.0,0.0,0.0,0.0,0.0,0.0,0.0
10.0,3.81379068953448,0.0034868531589498,0.0034868531528811,0.999993920907405,0.999993920907404,49.413737149918816,0.0,49.97674412168882,0.0,45.5950729287496,0.0,45.30254211531681,0.0,0.0,0.0,0.0,0.0,0.0,0.0
10.0,3.8140407020351,0.0034868873990313,0.0034868873929654,0.999993920788014,0.999993920788014,49.41373714141626,0.0,49.97674388280858,0.0,45.595072925961205,0.0,45.302542065488986,0.0,0.0,0.0,0.0,0.0,0.0,0.0
10.0,3.81429071453573,0.0034869216409944,0.0034869216349313,0.999993920668616,0.999993920668616,49.413737132913006,0.0,49.97674364391435,0.0,45.59507292317262,0.0,45.302542015657934,0.0,0.0,0.0,0.0,0.0,0.0,0.0
10.0,3.81454072703635,0.0034869558848391,0.0034869558787787,0.99999392054921,0.99999392054921,49.41373712440902,0.0,49.97674340500612,0.0,45.59507292038386,0.0,45.30254196582364,0.0,0.0,0.0,0.0,0.0,0.0,0.0
10.0,3.81479073953698,0.0034869901305653,0.0034869901245077,0.9999939204297958,0.999993920429796,49.413737115904325,0.0,49.976743166083885,0.0,45.59507291759492,0.0,45.3025419159861,0.0,0.0,0.0,0.0,0.0,0.0,0.0
10.0,3.8150407520376,0.003487024378173,0.0034870243721181,0.999993920310375,0.9999939203103748,49.41373710739892,0.0,49.97674292714768,0.0,45.59507291480579,0.0,45.30254186614533,0.0,0.0,0.0,0.0,0.0,0.0,0.0
10.0,3.81529076453823,0.003487058627662,0.0034870586216099,0.999993920190946,0.999993920190946,49.41373709889279,0.0,49.97674268819747,0.0,45.59507291201648,0.0,45.30254181630133,0.0,0.0,0.0,0.0,0.0,0.0,0.0
10.0,3.8155407770388505,0.0034870928790324,0.003487092872983,0.999993920071509,0.999993920071509,49.41373709038596,0.0,49.976742449233264,0.0,45.595072909226985,0.0,45.30254176645408,0.0,0.0,0.0,0.0,0.0,0.0,0.0
10.0,3.81579078953948,0.003487127132284,0.0034871271262374,0.999993919952065,0.999993919952064,49.41373708187841,0.0,49.97674221025507,0.0,45.59507290643731,0.0,45.30254171660359,0.0,0.0,0.0,0.0,0.0,0.0,0.0
10.0,3.8160408020401,0.0034871613874169,0.003487161381373,0.999993919832612,0.999993919832612,49.41373707337014,0.0,49.97674197126288,0.0,45.59507290364744,0.0,45.30254166674986,0.0,0.0,0.0,0.0,0.0,0.0,0.0
10.0,3.81629081454073,0.0034871956444309,0.0034871956383898,0.999993919713152,0.999993919713152,49.41373706486117,0.0,49.9767417322567,0.0,45.5950729008574,0.0,45.3025416168929,0.0,0.0,0.0,0.0,0.0,0.0,0.0
10.0,3.81654082704135,0.0034872299033259,0.0034872298972876,0.9999939195936848,0.999993919593684,49.41373705635147,0.0,49.97674149323652,0.0,45.595072898067166,0.0,45.3025415670327,0.0,0.0,0.0,0.0,0.0,0.0,0.0
10.0,3.81679083954198,0.003487264164102,0.0034872641580665,0.999993919474209,0.9999939194742088,49.41373704784106,0.0,49.97674125420236,0.0,45.59507289527676,0.0,45.30254151716925,0.0,0.0,0.0,0.0,0.0,0.0,0.0
10.0,3.8170408520426,0.0034872984267591,0.0034872984207263,0.999993919354726,0.999993919354725,49.41373703932993,0.0,49.9767410151542,0.0,45.59507289248616,0.0,45.302541467302575,0.0,0.0,0.0,0.0,0.0,0.0,0.0
10.0,3.81729086454323,0.0034873326912971,0.003487332685267,0.999993919235235,0.999993919235234,49.4137370308181,0.0,49.97674077609204,0.0,45.59507288969538,0.0,45.30254141743265,0.0,0.0,0.0,0.0,0.0,0.0,0.0
10.0,3.81754087704385,0.0034873669577159,0.0034873669516886,0.999993919115736,0.999993919115736,49.41373702230554,0.0,49.9767405370159,0.0,45.59507288690442,0.0,45.3025413675595,0.0,0.0,0.0,0.0,0.0,0.0,0.0
10.0,3.81779088954448,0.0034874012260155,0.0034874012199909,0.99999391899623,0.999993918996229,49.41373701379227,0.0,49.976740297925765,0.0,45.59507288411327,0.0,45.3025413176831,0.0,0.0,0.0,0.0,0.0,0.0,0.0
10.0,3.8180409020451,0.0034874354961958,0.003487435490174,0.999993918876716,0.999993918876715,49.41373700527829,0.0,49.97674005882164,0.0,45.59507288132194,0.0,45.302541267803456,0.0,0.0,0.0,0.0,0.0,0.0,0.0
10.0,3.81829091454573,0.0034874697682568,0.0034874697622377,0.999993918757193,0.999993918757193,49.4137369967636,0.0,49.97673981970352,0.0,45.59507287853043,0.0,45.30254121792059,0.0,0.0,0.0,0.0,0.0,0.0,0.0
10.0,3.81854092704635,0.0034875040421983,0.003487504036182,0.999993918637664,0.999993918637664,49.41373698824818,0.0,49.976739580571405,0.0,45.59507287573874,0.0,45.30254116803448,0.0,0.0,0.0,0.0,0.0,0.0,0.0
10.0,3.81879093954698,0.0034875383180205,0.0034875383120069,0.999993918518126,0.999993918518126,49.41373697973206,0.0,49.97673934142531,0.0,45.59507287294686,0.0,45.30254111814513,0.0,0.0,0.0,0.0,0.0,0.0,0.0
10.0,3.8190409520476,0.0034875725957231,0.0034875725897122,0.999993918398581,0.999993918398581,49.41373697121521,0.0,49.97673910226521,0.0,45.5950728701548,0.0,45.30254106825254,0.0,0.0,0.0,0.0,0.0,0.0,0.0
10.0,3.81929096454823,0.0034876068753061,0.003487606869298,0.999993918279028,0.999993918279028,49.413736962697655,0.0,49.97673886309112,0.0,45.59507286736254,0.0,45.30254101835671,0.0,0.0,0.0,0.0,0.0,0.0,0.0
10.0,3.81954097704885,0.0034876411567695,0.0034876411507641,0.999993918159468,0.999993918159468,49.41373695417939,0.0,49.97673862390305,0.0,45.59507286457011,0.0,45.30254096845764,0.0,0.0,0.0,0.0,0.0,0.0,0.0
10.0,3.81979098954948,0.0034876754401131,0.0034876754341105,0.9999939180399,0.999993918039899,49.41373694566041,0.0,49.97673838470098,0.0,45.5950728617775,0.0,45.30254091855534,0.0,0.0,0.0,0.0,0.0,0.0,0.0
10.0,3.8200410020501,0.003487709725337,0.0034877097193372,0.999993917920324,0.999993917920323,49.41373693714071,0.0,49.97673814548492,0.0,45.59507285898471,0.0,45.30254086864979,0.0,0.0,0.0,0.0,0.0,0.0,0.0
10.0,3.82029101455073,0.0034877440124411,0.003487744006444,0.99999391780074,0.99999391780074,49.41373692862029,0.0,49.97673790625488,0.0,45.59507285619173,0.0,45.30254081874101,0.0,0.0,0.0,0.0,0.0,0.0,0.0
10.0,3.82054102705135,0.0034877783014253,0.003487778295431,0.999993917681148,0.999993917681148,49.41373692009916,0.0,49.97673766701084,0.0,45.59507285339856,0.0,45.30254076882899,0.0,0.0,0.0,0.0,0.0,0.0,0.0
10.0,3.82079103955198,0.0034878125922896,0.0034878125862979,0.999993917561549,0.9999939175615492,49.41373691157733,0.0,49.976737427752816,0.0,45.59507285060522,0.0,45.302540718913725,0.0,0.0,0.0,0.0,0.0,0.0,0.0
10.0,3.8210410520526,0.0034878468850338,0.0034878468790449,0.999993917441942,0.999993917441942,49.41373690305476,0.0,49.9767371884808,0.0,45.59507284781169,0.0,45.30254066899524,0.0,0.0,0.0,0.0,0.0,0.0,0.0
10.0,3.82129106455323,0.003487881179658,0.0034878811736718,0.9999939173223272,0.999993917322327,49.41373689453149,0.0,49.97673694919479,0.0,45.59507284501797,0.0,45.3025406190735,0.0,0.0,0.0,0.0,0.0,0.0,0.0
10.0,3.82154107705385,0.003487915476162,0.0034879154701786,0.999993917202705,0.999993917202705,49.41373688600749,0.0,49.9767367098948,0.0,45.59507284222408,0.0,45.30254056914852,0.0,0.0,0.0,0.0,0.0,0.0,0.0
10.0,3.82179108955448,0.0034879497745459,0.0034879497685652,0.999993917083075,0.999993917083074,49.4137368774828,0.0,49.9767364705808,0.0,45.59507283943,0.0,45.30254051922032,0.0,0.0,0.0,0.0,0.0,0.0,0.0
10.0,3.8220411020551,0.0034879840748095,0.0034879840688316,0.9999939169634372,0.999993916963437,49.41373686895737,0.0,49.97673623125284,0.0,45.59507283663573,0.0,45.30254046928886,0.0,0.0,0.0,0.0,0.0,0.0,0.0
10.0,3.8222911145557306,0.0034880183769528,0.0034880183709776,0.999993916843791,0.999993916843791,49.41373686043124,0.0,49.976735991910864,0.0,45.595072833841286,0.0,45.30254041935417,0.0,0.0,0.0,0.0,0.0,0.0,0.0
10.0,3.82254112705635,0.0034880526809757,0.0034880526750033,0.999993916724138,0.999993916724137,49.41373685190438,0.0,49.97673575255492,0.0,45.59507283104665,0.0,45.30254036941624,0.0,0.0,0.0,0.0,0.0,0.0,0.0
10.0,3.82279113955698,0.0034880869868782,0.0034880869809085,0.999993916604476,0.999993916604476,49.41373684337682,0.0,49.97673551318497,0.0,45.59507282825185,0.0,45.30254031947507,0.0,0.0,0.0,0.0,0.0,0.0,0.0
10.0,3.8230411520576,0.0034881212946602,0.0034881212886932,0.999993916484808,0.9999939164848068,49.41373683484854,0.0,49.97673527380105,0.0,45.59507282545684,0.0,45.30254026953067,0.0,0.0,0.0,0.0,0.0,0.0,0.0
10.0,3.82329116455823,0.0034881556043217,0.0034881555983574,0.999993916365131,0.9999939163651312,49.41373682631955,0.0,49.976735034403134,0.0,45.59507282266166,0.0,45.30254021958302,0.0,0.0,0.0,0.0,0.0,0.0,0.0
10.0,3.82354117705885,0.0034881899158625,0.003488189909901,0.999993916245447,0.999993916245446,49.41373681778983,0.0,49.97673479499123,0.0,45.595072819866296,0.0,45.30254016963214,0.0,0.0,0.0,0.0,0.0,0.0,0.0
10.0,3.82379118955948,0.0034882242292827,0.0034882242233239,0.999993916125755,0.999993916125755,49.41373680925941,0.0,49.976734555565336,0.0,45.59507281707075,0.0,45.30254011967802,0.0,0.0,0.0,0.0,0.0,0.0,0.0
10.0,3.8240412020601,0.0034882585445821,0.0034882585386261,0.999993916006055,0.9999939160060548,49.41373680072827,0.0,49.97673431612545,0.0,45.59507281427502,0.0,45.302540069720656,0.0,0.0,0.0,0.0,0.0,0.0,0.0
10.0,3.82429121456073,0.0034882928617608,0.0034882928558074,0.999993915886347,0.999993915886347,49.41373679219641,0.0,49.97673407667159,0.0,45.59507281147911,0.0,45.30254001976006,0.0,0.0,0.0,0.0,0.0,0.0,0.0
10.0,3.82454122706135,0.0034883271808186,0.0034883271748679,0.999993915766632,0.999993915766632,49.41373678366385,0.0,49.97673383720374,0.0,45.59507280868301,0.0,45.30253996979622,0.0,0.0,0.0,0.0,0.0,0.0,0.0
10.0,3.82479123956198,0.0034883615017554,0.0034883614958075,0.999993915646909,0.9999939156469088,49.41373677513056,0.0,49.976733597721896,0.0,45.59507280588673,0.0,45.30253991982915,0.0,0.0,0.0,0.0,0.0,0.0,0.0
10.0,3.8250412520626,0.0034883958245713,0.0034883958186261,0.999993915527178,0.999993915527178,49.41373676659656,0.0,49.97673335822606,0.0,45.59507280309026,0.0,45.30253986985884,0.0,0.0,0.0,0.0,0.0,0.0,0.0
10.0,3.82529126456323,0.0034884301492662,0.0034884301433237,0.99999391540744,0.99999391540744,49.41373675806184,0.0,49.97673311871625,0.0,45.595072800293615,0.0,45.30253981988528,0.0,0.0,0.0,0.0,0.0,0.0,0.0
10.0,3.82554127706385,0.0034884644758399,0.0034884644699002,0.999993915287694,0.9999939152876928,49.41373674952641,0.0,49.97673287919246,0.0,45.59507279749678,0.0,45.30253976990849,0.0,0.0,0.0,0.0,0.0,0.0,0.0
10.0,3.82579128956448,0.0034884988042925,0.0034884987983555,0.99999391516794,0.999993915167939,49.41373674099025,0.0,49.97673263965467,0.0,45.595072794699774,0.0,45.30253971992846,0.0,0.0,0.0,0.0,0.0,0.0,0.0
10.0,3.8260413020651,0.0034885331346239,0.0034885331286896,0.999993915048178,0.999993915048178,49.41373673245339,0.0,49.9767324001029,0.0,45.59507279190257,0.0,45.302539669945205,0.0,0.0,0.0,0.0,0.0,0.0,0.0
10.0,3.82629131456573,0.003488567466834,0.0034885674609024,0.999993914928409,0.999993914928409,49.41373672391581,0.0,49.976732160537146,0.0,45.59507278910519,0.0,45.30253961995869,0.0,0.0,0.0,0.0,0.0,0.0,0.0
10.0,3.82654132706635,0.0034886018009227,0.0034886017949938,0.999993914808632,0.999993914808631,49.41373671537751,0.0,49.9767319209574,0.0,45.595072786307625,0.0,45.30253956996895,0.0,0.0,0.0,0.0,0.0,0.0,0.0
10.0,3.82679133956698,0.00348863613689,0.0034886361309639,0.9999939146888468,0.999993914688846,49.4137367068385,0.0,49.97673168136368,0.0,45.59507278350988,0.0,45.302539519975966,0.0,0.0,0.0,0.0,0.0,0.0,0.0
10.0,3.8270413520676,0.0034886704747359,0.0034886704688125,0.999993914569054,0.999993914569054,49.41373669829878,0.0,49.97673144175598,0.0,45.595072780711945,0.0,45.30253946997975,0.0,0.0,0.0,0.0,0.0,0.0,0.0
10.0,3.82729136456823,0.0034887048144603,0.0034887048085396,0.999993914449254,0.999993914449254,49.41373668975834,0.0,49.97673120213428,0.0,45.59507277791383,0.0,45.30253941998029,0.0,0.0,0.0,0.0,0.0,0.0,0.0
10.0,3.82754137706885,0.0034887391560631,0.0034887391501451,0.999993914329446,0.999993914329445,49.41373668121718,0.0,49.9767309624986,0.0,45.59507277511553,0.0,45.3025393699776,0.0,0.0,0.0,0.0,0.0,0.0,0.0
10.0,3.82779138956948,0.0034887734995442,0.0034887734936289,0.99999391420963,0.99999391420963,49.413736672675306,0.0,49.97673072284894,0.0,45.59507277231705,0.0,45.30253931997167,0.0,0.0,0.0,0.0,0.0,0.0,0.0
10.0,3.8280414020701,0.0034888078449036,0.003488807838991,0.9999939140898068,0.999993914089806,49.41373666413271,0.0,49.97673048318529,0.0,45.59507276951839,0.0,45.30253926996248,0.0,0.0,0.0,0.0,0.0,0.0,0.0
10.0,3.82829141457073,0.0034888421921413,0.0034888421862314,0.999993913969975,0.9999939139699748,49.41373665558941,0.0,49.97673024350767,0.0,45.59507276671954,0.0,45.30253921995007,0.0,0.0,0.0,0.0,0.0,0.0,0.0
10.0,3.82854142707135,0.0034888765412571,0.0034888765353499,0.999993913850136,0.999993913850136,49.41373664704539,0.0,49.97673000381605,0.0,45.5950727639205,0.0,45.30253916993443,0.0,0.0,0.0,0.0,0.0,0.0,0.0
10.0,3.82879143957198,0.003488910892251,0.0034889108863466,0.999993913730289,0.999993913730289,49.41373663850065,0.0,49.97672976411046,0.0,45.595072761121294,0.0,45.30253911991553,0.0,0.0,0.0,0.0,0.0,0.0,0.0
10.0,3.8290414520726,0.003488945245123,0.0034889452392213,0.999993913610435,0.999993913610435,49.4137366299552,0.0,49.97672952439089,0.0,45.5950727583219,0.0,45.302539069893406,0.0,0.0,0.0,0.0,0.0,0.0,0.0
10.0,3.82929146457323,0.003488979599873,0.003488979593974,0.999993913490573,0.999993913490572,49.41373662140903,0.0,49.97672928465733,0.0,45.59507275552231,0.0,45.30253901986804,0.0,0.0,0.0,0.0,0.0,0.0,0.0
10.0,3.82954147707385,0.0034890139565009,0.0034890139506046,0.999993913370703,0.999993913370702,49.41373661286215,0.0,49.97672904490979,0.0,45.595072752722544,0.0,45.30253896983944,0.0,0.0,0.0,0.0,0.0,0.0,0.0
10.0,3.82979148957448,0.0034890483150067,0.0034890483091131,0.999993913250825,0.999993913250825,49.41373660431454,0.0,49.97672880514827,0.0,45.59507274992259,0.0,45.3025389198076,0.0,0.0,0.0,0.0,0.0,0.0,0.0
10.0,3.8300415020751006,0.0034890826753903,0.0034890826694994,0.99999391313094,0.999993913130939,49.41373659576623,0.0,49.97672856537277,0.0,45.59507274712246,0.0,45.30253886977252,0.0,0.0,0.0,0.0,0.0,0.0,0.0
10.0,3.83029151457573,0.0034891170376516,0.0034891170317634,0.999993913011047,0.999993913011046,49.41373658721721,0.0,49.97672832558328,0.0,45.59507274432215,0.0,45.3025388197342,0.0,0.0,0.0,0.0,0.0,0.0,0.0
10.0,3.83054152707635,0.0034891514017906,0.0034891513959051,0.999993912891146,0.999993912891145,49.41373657866745,0.0,49.97672808577983,0.0,45.59507274152165,0.0,45.30253876969264,0.0,0.0,0.0,0.0,0.0,0.0,0.0
10.0,3.83079153957698,0.0034891857678073,0.0034891857619245,0.999993912771237,0.999993912771237,49.41373657011699,0.0,49.97672784596238,0.0,45.595072738720965,0.0,45.30253871964784,0.0,0.0,0.0,0.0,0.0,0.0,0.0
10.0,3.8310415520776,0.0034892201357015,0.0034892201298214,0.999993912651321,0.99999391265132,49.413736561565806,0.0,49.97672760613096,0.0,45.5950727359201,0.0,45.30253866959982,0.0,0.0,0.0,0.0,0.0,0.0,0.0
10.0,3.83129156457823,0.0034892545054732,0.0034892544995958,0.999993912531397,0.999993912531396,49.41373655301391,0.0,49.97672736628554,0.0,45.595072733119046,0.0,45.30253861954854,0.0,0.0,0.0,0.0,0.0,0.0,0.0
10.0,3.83154157707885,0.0034892888771224,0.0034892888712477,0.999993912411465,0.999993912411465,49.4137365444613,0.0,49.97672712642618,0.0,45.595072730317824,0.0,45.30253856949403,0.0,0.0,0.0,0.0,0.0,0.0,0.0
10.0,3.83179158957948,0.0034893232506489,0.0034893232447769,0.999993912291525,0.999993912291525,49.41373653590798,0.0,49.97672688655281,0.0,45.5950727275164,0.0,45.30253851943628,0.0,0.0,0.0,0.0,0.0,0.0,0.0
10.0,3.8320416020800994,0.0034893576260528,0.0034893576201835,0.999993912171578,0.999993912171578,49.41373652735393,0.0,49.97672664666546,0.0,45.5950727247148,0.0,45.3025384693753,0.0,0.0,0.0,0.0,0.0,0.0,0.0
10.0,3.83229161458073,0.0034893920033339,0.0034893919974673,0.999993912051623,0.9999939120516228,49.41373651879917,0.0,49.97672640676415,0.0,45.59507272191301,0.0,45.30253841931107,0.0,0.0,0.0,0.0,0.0,0.0,0.0
10.0,3.83254162708135,0.0034894263824922,0.0034894263766283,0.99999391193166,0.99999391193166,49.413736510243695,0.0,49.97672616684885,0.0,45.59507271911105,0.0,45.302538369243614,0.0,0.0,0.0,0.0,0.0,0.0,0.0
10.0,3.83279163958198,0.0034894607635277,0.0034894607576665,0.99999391181169,0.99999391181169,49.4137365016875,0.0,49.97672592691958,0.0,45.595072716308906,0.0,45.30253831917291,0.0,0.0,0.0,0.0,0.0,0.0,0.0
10.0,3.8330416520826,0.0034894951464402,0.0034894951405817,0.999993911691712,0.999993911691712,49.41373649313059,0.0,49.97672568697632,0.0,45.59507271350656,0.0,45.30253826909897,0.0,0.0,0.0,0.0,0.0,0.0,0.0
10.0,3.8332916645832302,0.0034895295312298,0.003489529525374,0.999993911571726,0.999993911571726,49.413736484572965,0.0,49.9767254470191,0.0,45.59507271070405,0.0,45.30253821902179,0.0,0.0,0.0,0.0,0.0,0.0,0.0
10.0,3.83354167708385,0.0034895639178963,0.0034895639120432,0.999993911451732,0.999993911451732,49.41373647601462,0.0,49.97672520704789,0.0,45.59507270790135,0.0,45.302538168941375,0.0,0.0,0.0,0.0,0.0,0.0,0.0
10.0,3.83379168958448,0.0034895983064397,0.0034895983005893,0.999993911331731,0.99999391133173,49.41373646745557,0.0,49.97672496706272,0.0,45.59507270509847,0.0,45.30253811885772,0.0,0.0,0.0,0.0,0.0,0.0,0.0
10.0,3.8340417020851,0.00348963269686,0.0034896326910122,0.999993911211722,0.999993911211722,49.41373645889579,0.0,49.97672472706356,0.0,45.59507270229541,0.0,45.30253806877083,0.0,0.0,0.0,0.0,0.0,0.0,0.0
10.0,3.83429171458573,0.003489667089157,0.003489667083312,0.9999939110917048,0.999993911091704,49.41373645033531,0.0,49.976724487050426,0.0,45.59507269949215,0.0,45.30253801868071,0.0,0.0,0.0,0.0,0.0,0.0,0.0
10.0,3.83454172708635,0.0034897014833308,0.0034897014774884,0.99999391097168,0.99999391097168,49.41373644177409,0.0,49.97672424702331,0.0,45.59507269668872,0.0,45.30253796858733,0.0,0.0,0.0,0.0,0.0,0.0,0.0
10.0,3.83479173958698,0.0034897358793812,0.0034897358735415,0.999993910851648,0.999993910851647,49.41373643321217,0.0,49.97672400698224,0.0,45.5950726938851,0.0,45.30253791849073,0.0,0.0,0.0,0.0,0.0,0.0,0.0
10.0,3.8350417520876,0.0034897702773082,0.0034897702714712,0.999993910731608,0.999993910731608,49.413736424649535,0.0,49.97672376692717,0.0,45.5950726910813,0.0,45.30253786839088,0.0,0.0,0.0,0.0,0.0,0.0,0.0
10.0,3.83529176458823,0.0034898046771117,0.0034898046712774,0.99999391061156,0.99999391061156,49.41373641608617,0.0,49.976723526858144,0.0,45.59507268827732,0.0,45.3025378182878,0.0,0.0,0.0,0.0,0.0,0.0,0.0
10.0,3.83554177708885,0.0034898390787917,0.0034898390729601,0.999993910491504,0.999993910491504,49.413736407522094,0.0,49.97672328677514,0.0,45.59507268547315,0.0,45.30253776818147,0.0,0.0,0.0,0.0,0.0,0.0,0.0
10.0,3.83579178958948,0.0034898734823481,0.0034898734765192,0.999993910371441,0.999993910371441,49.41373639895731,0.0,49.97672304667816,0.0,45.5950726826688,0.0,45.30253771807192,0.0,0.0,0.0,0.0,0.0,0.0,0.0
10.0,3.8360418020901,0.0034899078877809,0.0034899078819546,0.99999391025137,0.99999391025137,49.41373639039181,0.0,49.9767228065672,0.0,45.59507267986426,0.0,45.30253766795912,0.0,0.0,0.0,0.0,0.0,0.0,0.0
10.0,3.83629181459073,0.0034899422950899,0.0034899422892663,0.9999939101312908,0.999993910131291,49.41373638182558,0.0,49.97672256644229,0.0,45.59507267705955,0.0,45.30253761784308,0.0,0.0,0.0,0.0,0.0,0.0,0.0
10.0,3.83654182709135,0.0034899767042752,0.0034899766984543,0.999993910011205,0.9999939100112047,49.41373637325864,0.0,49.97672232630338,0.0,45.595072674254645,0.0,45.30253756772381,0.0,0.0,0.0,0.0,0.0,0.0,0.0
10.0,3.83679183959198,0.0034900111153367,0.0034900111095184,0.999993909891111,0.99999390989111,49.41373636469098,0.0,49.97672208615051,0.0,45.59507267144957,0.0,45.302537517601294,0.0,0.0,0.0,0.0,0.0,0.0,0.0
10.0,3.8370418520926,0.0034900455282742,0.0034900455224587,0.9999939097710092,0.999993909771009,49.413736356122605,0.0,49.97672184598366,0.0,45.59507266864429,0.0,45.302537467475545,0.0,0.0,0.0,0.0,0.0,0.0,0.0
10.0,3.83729186459323,0.0034900799430878,0.0034900799372749,0.9999939096508992,0.999993909650899,49.41373634755352,0.0,49.97672160580286,0.0,45.59507266583884,0.0,45.30253741734656,0.0,0.0,0.0,0.0,0.0,0.0,0.0
10.0,3.83754187709385,0.0034901143597774,0.0034901143539672,0.999993909530782,0.999993909530782,49.41373633898372,0.0,49.97672136560808,0.0,45.59507266303321,0.0,45.30253736721433,0.0,0.0,0.0,0.0,0.0,0.0,0.0
10.0,3.83779188959448,0.0034901487783429,0.0034901487725354,0.9999939094106568,0.999993909410656,49.4137363304132,0.0,49.97672112539932,0.0,45.59507266022739,0.0,45.30253731707886,0.0,0.0,0.0,0.0,0.0,0.0,0.0
10.0,3.8380419020951,0.0034901831987843,0.0034901831929795,0.999993909290524,0.999993909290524,49.41373632184195,0.0,49.97672088517659,0.0,45.59507265742139,0.0,45.30253726694016,0.0,0.0,0.0,0.0,0.0,0.0,0.0
10.0,3.83829191459573,0.0034902176211015,0.0034902176152993,0.999993909170383,0.999993909170383,49.41373631327,0.0,49.9767206449399,0.0,45.59507265461521,0.0,45.30253721679821,0.0,0.0,0.0,0.0,0.0,0.0,0.0
10.0,3.83854192709635,0.0034902520452944,0.0034902520394949,0.999993909050235,0.9999939090502352,49.41373630469732,0.0,49.97672040468924,0.0,45.59507265180884,0.0,45.30253716665304,0.0,0.0,0.0,0.0,0.0,0.0,0.0
10.0,3.8387919395969794,0.003490286471363,0.0034902864655662,0.999993908930079,0.9999939089300788,49.41373629612393,0.0,49.976720164424606,0.0,45.59507264900229,0.0,45.302537116504624,0.0,0.0,0.0,0.0,0.0,0.0,0.0
10.0,3.8390419520976,0.0034903208993073,0.0034903208935131,0.9999939088099148,0.999993908809915,49.41373628754982,0.0,49.97671992414601,0.0,45.59507264619555,0.0,45.30253706635297,0.0,0.0,0.0,0.0,0.0,0.0,0.0
10.0,3.83929196459823,0.0034903553291271,0.0034903553233356,0.999993908689744,0.999993908689743,49.413736278974994,0.0,49.976719683853446,0.0,45.59507264338863,0.0,45.30253701619807,0.0,0.0,0.0,0.0,0.0,0.0,0.0
10.0,3.83954197709885,0.0034903897608223,0.0034903897550335,0.999993908569564,0.999993908569564,49.413736270399454,0.0,49.976719443546905,0.0,45.595072640581535,0.0,45.30253696603994,0.0,0.0,0.0,0.0,0.0,0.0,0.0
10.0,3.83979198959948,0.0034904241943931,0.0034904241886069,0.999993908449378,0.999993908449377,49.4137362618232,0.0,49.9767192032264,0.0,45.59507263777424,0.0,45.30253691587857,0.0,0.0,0.0,0.0,0.0,0.0,0.0
10.0,3.8400420021001,0.0034904586298392,0.0034904586240557,0.999993908329183,0.999993908329182,49.41373625324623,0.0,49.97671896289194,0.0,45.595072634966776,0.0,45.30253686571397,0.0,0.0,0.0,0.0,0.0,0.0,0.0
10.0,3.84029201460073,0.0034904930671606,0.0034904930613798,0.99999390820898,0.99999390820898,49.41373624466853,0.0,49.9767187225435,0.0,45.59507263215913,0.0,45.30253681554612,0.0,0.0,0.0,0.0,0.0,0.0,0.0
10.0,3.84054202710136,0.0034905275063573,0.0034905275005791,0.99999390808877,0.99999390808877,49.41373623609012,0.0,49.9767184821811,0.0,45.59507262935129,0.0,45.30253676537504,0.0,0.0,0.0,0.0,0.0,0.0,0.0
10.0,3.84079203960198,0.0034905619474292,0.0034905619416537,0.999993907968552,0.999993907968552,49.41373622751099,0.0,49.97671824180473,0.0,45.59507262654328,0.0,45.30253671520072,0.0,0.0,0.0,0.0,0.0,0.0,0.0
10.0,3.8410420521026,0.0034905963903762,0.0034905963846034,0.999993907848326,0.999993907848326,49.41373621893116,0.0,49.9767180014144,0.0,45.59507262373507,0.0,45.30253666502316,0.0,0.0,0.0,0.0,0.0,0.0,0.0
10.0,3.84129206460323,0.0034906308351983,0.0034906308294281,0.9999939077280932,0.999993907728093,49.413736210350585,0.0,49.9767177610101,0.0,45.59507262092669,0.0,45.30253661484235,0.0,0.0,0.0,0.0,0.0,0.0,0.0
10.0,3.84154207710386,0.0034906652818954,0.0034906652761279,0.999993907607852,0.999993907607851,49.41373620176931,0.0,49.97671752059184,0.0,45.59507261811812,0.0,45.30253656465832,0.0,0.0,0.0,0.0,0.0,0.0,0.0
10.0,3.84179208960448,0.0034906997304674,0.0034906997247026,0.999993907487603,0.999993907487603,49.41373619318732,0.0,49.97671728015962,0.0,45.59507261530936,0.0,45.30253651447104,0.0,0.0,0.0,0.0,0.0,0.0,0.0
10.0,3.84204210210511,0.0034907341809144,0.0034907341751522,0.999993907367347,0.999993907367346,49.4137361846046,0.0,49.97671703971343,0.0,45.59507261250042,0.0,45.30253646428053,0.0,0.0,0.0,0.0,0.0,0.0,0.0
10.0,3.84229211460573,0.0034907686332362,0.0034907686274766,0.999993907247082,0.999993907247082,49.413736176021175,0.0,49.97671679925328,0.0,45.595072609691314,0.0,45.30253641408678,0.0,0.0,0.0,0.0,0.0,0.0,0.0
10.0,3.84254212710636,0.0034908030874327,0.0034908030816758,0.99999390712681,0.99999390712681,49.41373616743703,0.0,49.97671655877917,0.0,45.595072606882006,0.0,45.302536363889786,0.0,0.0,0.0,0.0,0.0,0.0,0.0
10.0,3.84279213960698,0.003490837543504,0.0034908375377498,0.99999390700653,0.99999390700653,49.41373615885215,0.0,49.97671631829109,0.0,45.59507260407252,0.0,45.302536313689565,0.0,0.0,0.0,0.0,0.0,0.0,0.0
10.0,3.84304215210761,0.0034908720014499,0.0034908719956983,0.999993906886243,0.9999939068862432,49.41373615026658,0.0,49.97671607778906,0.0,45.595072601262856,0.0,45.3025362634861,0.0,0.0,0.0,0.0,0.0,0.0,0.0
10.0,3.84329216460823,0.0034909064612704,0.0034909064555215,0.999993906765948,0.9999939067659472,49.41373614168029,0.0,49.97671583727307,0.0,45.595072598453,0.0,45.3025362132794,0.0,0.0,0.0,0.0,0.0,0.0,0.0
10.0,3.84354217710886,0.0034909409229654,0.0034909409172192,0.999993906645645,0.999993906645644,49.41373613309326,0.0,49.97671559674311,0.0,45.59507259564297,0.0,45.30253616306946,0.0,0.0,0.0,0.0,0.0,0.0,0.0
10.0,3.84379218960948,0.0034909753865349,0.0034909753807913,0.999993906525334,0.999993906525334,49.41373612450553,0.0,49.97671535619919,0.0,45.59507259283275,0.0,45.30253611285628,0.0,0.0,0.0,0.0,0.0,0.0,0.0
10.0,3.84404220211011,0.0034910098519788,0.0034910098462379,0.999993906405016,0.999993906405015,49.41373611591708,0.0,49.97671511564131,0.0,45.59507259002234,0.0,45.30253606263986,0.0,0.0,0.0,0.0,0.0,0.0,0.0
10.0,3.84429221461073,0.003491044319297,0.0034910443135588,0.999993906284689,0.999993906284689,49.41373610732791,0.0,49.97671487506948,0.0,45.59507258721176,0.0,45.302536012420205,0.0,0.0,0.0,0.0,0.0,0.0,0.0
10.0,3.84454222711136,0.0034910787884896,0.0034910787827539,0.999993906164355,0.999993906164355,49.41373609873802,0.0,49.976714634483685,0.0,45.59507258440098,0.0,45.30253596219732,0.0,0.0,0.0,0.0,0.0,0.0,0.0
10.0,3.84479223961198,0.0034911132595563,0.0034911132538233,0.999993906044014,0.999993906044014,49.41373609014742,0.0,49.97671439388393,0.0,45.59507258159003,0.0,45.302535911971184,0.0,0.0,0.0,0.0,0.0,0.0,0.0
10.0,3.84504225211261,0.0034911477324972,0.0034911477267669,0.999993905923665,0.999993905923664,49.413736081556095,0.0,49.97671415327022,0.0,45.5950725787789,0.0,45.302535861741816,0.0,0.0,0.0,0.0,0.0,0.0,0.0
10.0,3.84529226461323,0.0034911822073123,0.0034911822015846,0.9999939058033072,0.999993905803307,49.413736072964056,0.0,49.97671391264256,0.0,45.59507257596759,0.0,45.302535811509216,0.0,0.0,0.0,0.0,0.0,0.0,0.0
10.0,3.84554227711386,0.0034912166840013,0.0034912166782763,0.999993905682943,0.999993905682942,49.4137360643713,0.0,49.97671367200093,0.0,45.59507257315608,0.0,45.30253576127337,0.0,0.0,0.0,0.0,0.0,0.0,0.0
10.0,3.84579228961448,0.0034912511625644,0.003491251156842,0.99999390556257,0.99999390556257,49.41373605577783,0.0,49.97671343134535,0.0,45.59507257034439,0.0,45.30253571103429,0.0,0.0,0.0,0.0,0.0,0.0,0.0
10.0,3.84604230211511,0.0034912856430013,0.0034912856372816,0.99999390544219,0.999993905442189,49.41373604718364,0.0,49.97671319067582,0.0,45.59507256753252,0.0,45.30253566079196,0.0,0.0,0.0,0.0,0.0,0.0,0.0
10.0,3.84629231461573,0.0034913201253121,0.003491320119595,0.999993905321802,0.999993905321801,49.41373603858872,0.0,49.97671294999233,0.0,45.59507256472047,0.0,45.3025356105464,0.0,0.0,0.0,0.0,0.0,0.0,0.0
10.0,3.84654232711636,0.0034913546094968,0.0034913546037823,0.999993905201406,0.999993905201406,49.413736029993096,0.0,49.976712709294894,0.0,45.59507256190823,0.0,45.302535560297606,0.0,0.0,0.0,0.0,0.0,0.0,0.0
10.0,3.84679233961698,0.0034913890955551,0.0034913890898433,0.9999939050810022,0.999993905081002,49.41373602139675,0.0,49.97671246858349,0.0,45.59507255909581,0.0,45.30253551004558,0.0,0.0,0.0,0.0,0.0,0.0,0.0
10.0,3.84704235211761,0.0034914235834871,0.003491423577778,0.9999939049605908,0.999993904960591,49.41373601279969,0.0,49.976712227858144,0.0,45.595072556283206,0.0,45.30253545979031,0.0,0.0,0.0,0.0,0.0,0.0,0.0
10.0,3.84729236461823,0.0034914580732928,0.0034914580675863,0.999993904840172,0.999993904840172,49.41373600420192,0.0,49.97671198711884,0.0,45.59507255347042,0.0,45.3025354095318,0.0,0.0,0.0,0.0,0.0,0.0,0.0
10.0,3.84754237711886,0.003491492564972,0.0034914925592681,0.999993904719746,0.9999939047197448,49.4137359956034,0.0,49.97671174636558,0.0,45.59507255065745,0.0,45.302535359270045,0.0,0.0,0.0,0.0,0.0,0.0,0.0
10.0,3.84779238961948,0.0034915270585247,0.0034915270528234,0.999993904599311,0.9999939045993111,49.41373598700419,0.0,49.97671150559837,0.0,45.595072547844296,0.0,45.30253530900506,0.0,0.0,0.0,0.0,0.0,0.0,0.0
10.0,3.84804240212011,0.0034915615539508,0.0034915615482522,0.999993904478869,0.999993904478869,49.413735978404254,0.0,49.97671126481721,0.0,45.59507254503096,0.0,45.30253525873684,0.0,0.0,0.0,0.0,0.0,0.0,0.0
10.0,3.84829241462073,0.0034915960512503,0.0034915960455543,0.9999939043584192,0.999993904358419,49.4137359698036,0.0,49.9767110240221,0.0,45.59507254221744,0.0,45.30253520846538,0.0,0.0,0.0,0.0,0.0,0.0,0.0
10.0,3.84854242712136,0.0034916305504231,0.0034916305447298,0.999993904237962,0.999993904237961,49.41373596120224,0.0,49.97671078321304,0.0,45.59507253940373,0.0,45.30253515819068,0.0,0.0,0.0,0.0,0.0,0.0,0.0
10.0,3.84879243962198,0.0034916650514692,0.0034916650457785,0.999993904117496,0.999993904117496,49.41373595260014,0.0,49.97671054239004,0.0,45.59507253658984,0.0,45.30253510791274,0.0,0.0,0.0,0.0,0.0,0.0,0.0
10.0,3.8490424521226094,0.0034916995543885,0.0034916995487004,0.9999939039970228,0.999993903997023,49.41373594399733,0.0,49.97671030155308,0.0,45.59507253377578,0.0,45.302535057631566,0.0,0.0,0.0,0.0,0.0,0.0,0.0
10.0,3.84929246462323,0.0034917340591809,0.0034917340534954,0.999993903876542,0.999993903876542,49.41373593539381,0.0,49.97671006070217,0.0,45.59507253096152,0.0,45.302535007347146,0.0,0.0,0.0,0.0,0.0,0.0,0.0
10.0,3.84954247712386,0.0034917685658463,0.0034917685601635,0.999993903756054,0.999993903756053,49.41373592678957,0.0,49.9767098198373,0.0,45.595072528147085,0.0,45.3025349570595,0.0,0.0,0.0,0.0,0.0,0.0,0.0
10.0,3.84979248962448,0.0034918030743848,0.0034918030687046,0.999993903635558,0.999993903635557,49.41373591818461,0.0,49.9767095789585,0.0,45.59507252533246,0.0,45.30253490676861,0.0,0.0,0.0,0.0,0.0,0.0,0.0
10.0,3.85004250212511,0.0034918375847962,0.0034918375791186,0.999993903515054,0.999993903515053,49.413735909578925,0.0,49.97670933806575,0.0,45.59507252251766,0.0,45.30253485647448,0.0,0.0,0.0,0.0,0.0,0.0,0.0
10.0,3.85029251462573,0.0034918720970805,0.0034918720914056,0.999993903394542,0.999993903394541,49.41373590097254,0.0,49.97670909715906,0.0,45.59507251970267,0.0,45.30253480617712,0.0,0.0,0.0,0.0,0.0,0.0,0.0
10.0,3.85054252712636,0.0034919066112376,0.0034919066055653,0.999993903274022,0.999993903274022,49.413735892365416,0.0,49.97670885623842,0.0,45.5950725168875,0.0,45.30253475587651,0.0,0.0,0.0,0.0,0.0,0.0,0.0
10.0,3.85079253962698,0.0034919411272675,0.0034919411215978,0.999993903153495,0.9999939031534952,49.41373588375759,0.0,49.97670861530383,0.0,45.59507251407214,0.0,45.30253470557268,0.0,0.0,0.0,0.0,0.0,0.0,0.0
10.0,3.85104255212761,0.0034919756451701,0.003491975639503,0.99999390303296,0.99999390303296,49.41373587514903,0.0,49.9767083743553,0.0,45.59507251125661,0.0,45.3025346552656,0.0,0.0,0.0,0.0,0.0,0.0,0.0
10.0,3.85129256462823,0.0034920101649453,0.0034920101592809,0.999993902912418,0.999993902912417,49.41373586653977,0.0,49.97670813339282,0.0,45.59507250844088,0.0,45.30253460495528,0.0,0.0,0.0,0.0,0.0,0.0,0.0
10.0,3.85154257712886,0.0034920446865931,0.0034920446809313,0.9999939027918672,0.999993902791867,49.41373585792977,0.0,49.9767078924164,0.0,45.59507250562498,0.0,45.30253455464173,0.0,0.0,0.0,0.0,0.0,0.0,0.0
10.0,3.85179258962948,0.0034920792101135,0.0034920792044543,0.9999939026713088,0.999993902671308,49.41373584931907,0.0,49.97670765142604,0.0,45.59507250280889,0.0,45.30253450432495,0.0,0.0,0.0,0.0,0.0,0.0,0.0
10.0,3.85204260213011,0.0034921137355063,0.0034921137298497,0.999993902550743,0.9999939025507432,49.413735840707645,0.0,49.97670741042173,0.0,45.59507249999263,0.0,45.30253445400491,0.0,0.0,0.0,0.0,0.0,0.0,0.0
10.0,3.85229261463073,0.0034921482627715,0.0034921482571175,0.99999390243017,0.999993902430169,49.413735832095504,0.0,49.97670716940348,0.0,45.59507249717617,0.0,45.30253440368164,0.0,0.0,0.0,0.0,0.0,0.0,0.0
10.0,3.85254262713136,0.003492182791909,0.0034921827862577,0.999993902309588,0.999993902309588,49.41373582348263,0.0,49.97670692837129,0.0,45.59507249435952,0.0,45.302534353355135,0.0,0.0,0.0,0.0,0.0,0.0,0.0
10.0,3.85279263963198,0.0034922173229188,0.0034922173172701,0.999993902188999,0.999993902188999,49.41373581486906,0.0,49.976706687325176,0.0,45.59507249154271,0.0,45.3025343030254,0.0,0.0,0.0,0.0,0.0,0.0,0.0
10.0,3.85304265213261,0.0034922518558009,0.0034922518501548,0.999993902068402,0.999993902068402,49.41373580625476,0.0,49.97670644626511,0.0,45.595072488725705,0.0,45.30253425269241,0.0,0.0,0.0,0.0,0.0,0.0,0.0
10.0,3.85329266463323,0.0034922863905551,0.0034922863849116,0.999993901947798,0.999993901947797,49.41373579763975,0.0,49.97670620519109,0.0,45.59507248590852,0.0,45.3025342023562,0.0,0.0,0.0,0.0,0.0,0.0,0.0
10.0,3.85354267713386,0.0034923209271814,0.0034923209215405,0.999993901827186,0.9999939018271852,49.41373578902401,0.0,49.97670596410315,0.0,45.59507248309114,0.0,45.30253415201674,0.0,0.0,0.0,0.0,0.0,0.0,0.0
10.0,3.85379268963448,0.0034923554656797,0.0034923554600414,0.999993901706566,0.9999939017065648,49.41373578040755,0.0,49.97670572300127,0.0,45.59507248027359,0.0,45.30253410167405,0.0,0.0,0.0,0.0,0.0,0.0,0.0
10.0,3.85404270213511,0.00349239000605,0.0034923900004144,0.999993901585938,0.999993901585937,49.41373577179039,0.0,49.976705481885446,0.0,45.59507247745585,0.0,45.30253405132811,0.0,0.0,0.0,0.0,0.0,0.0,0.0
10.0,3.85429271463573,0.0034924245482922,0.0034924245426592,0.999993901465302,0.999993901465302,49.41373576317249,0.0,49.976705240755685,0.0,45.59507247463792,0.0,45.30253400097895,0.0,0.0,0.0,0.0,0.0,0.0,0.0
10.0,3.85454272713636,0.0034924590924062,0.0034924590867759,0.999993901344659,0.9999939013446592,49.41373575455388,0.0,49.97670499961199,0.0,45.59507247181982,0.0,45.30253395062654,0.0,0.0,0.0,0.0,0.0,0.0,0.0
10.0,3.85479273963698,0.0034924936383921,0.0034924936327643,0.999993901224008,0.999993901224008,49.41373574593456,0.0,49.97670475845437,0.0,45.595072469001536,0.0,45.302533900270895,0.0,0.0,0.0,0.0,0.0,0.0,0.0
10.0,3.85504275213761,0.0034925281862497,0.0034925281806245,0.99999390110335,0.999993901103349,49.41373573731451,0.0,49.9767045172828,0.0,45.595072466183055,0.0,45.30253384991201,0.0,0.0,0.0,0.0,0.0,0.0,0.0
10.0,3.85529276463823,0.0034925627359789,0.0034925627303564,0.999993900982683,0.999993900982683,49.413735728693744,0.0,49.9767042760973,0.0,45.5950724633644,0.0,45.302533799549884,0.0,0.0,0.0,0.0,0.0,0.0,0.0
10.0,3.85554277713886,0.0034925972875798,0.0034925972819599,0.999993900862009,0.999993900862009,49.41373572007225,0.0,49.97670403489786,0.0,45.595072460545566,0.0,45.30253374918453,0.0,0.0,0.0,0.0,0.0,0.0,0.0
10.0,3.85579278963948,0.0034926318410522,0.0034926318354349,0.999993900741327,0.9999939007413272,49.41373571145005,0.0,49.97670379368451,0.0,45.59507245772655,0.0,45.302533698815935,0.0,0.0,0.0,0.0,0.0,0.0,0.0
10.0,3.85604280214011,0.0034926663963961,0.0034926663907814,0.999993900620638,0.999993900620637,49.41373570282713,0.0,49.97670355245721,0.0,45.59507245490733,0.0,45.3025336484441,0.0,0.0,0.0,0.0,0.0,0.0,0.0
10.0,3.85629281464073,0.0034927009536114,0.0034927009479993,0.999993900499941,0.99999390049994,49.413735694203496,0.0,49.97670331121598,0.0,45.59507245208794,0.0,45.30253359806903,0.0,0.0,0.0,0.0,0.0,0.0,0.0
10.0,3.85654282714136,0.0034927355126981,0.0034927355070886,0.9999939003792352,0.999993900379235,49.41373568557913,0.0,49.97670306996082,0.0,45.59507244926837,0.0,45.30253354769072,0.0,0.0,0.0,0.0,0.0,0.0,0.0
10.0,3.856792839641981,0.0034927700736561,0.0034927700680492,0.999993900258523,0.999993900258522,49.413735676954055,0.0,49.976702828691735,0.0,45.59507244644861,0.0,45.30253349730918,0.0,0.0,0.0,0.0,0.0,0.0,0.0
10.0,3.85704285214261,0.0034928046364854,0.0034928046308811,0.999993900137802,0.999993900137802,49.41373566832826,0.0,49.97670258740871,0.0,45.59507244362868,0.0,45.30253344692439,0.0,0.0,0.0,0.0,0.0,0.0,0.0
10.0,3.85729286464323,0.0034928392011858,0.0034928391955841,0.999993900017074,0.999993900017074,49.41373565970174,0.0,49.976702346111765,0.0,45.59507244080855,0.0,45.30253339653637,0.0,0.0,0.0,0.0,0.0,0.0,0.0
10.0,3.85754287714386,0.0034928737677574,0.0034928737621583,0.999993899896338,0.999993899896338,49.4137356510745,0.0,49.97670210480088,0.0,45.59507243798825,0.0,45.302533346145104,0.0,0.0,0.0,0.0,0.0,0.0,0.0
10.0,3.85779288964448,0.0034929083362,0.0034929083306035,0.999993899775594,0.999993899775594,49.41373564244655,0.0,49.97670186347608,0.0,45.59507243516776,0.0,45.30253329575061,0.0,0.0,0.0,0.0,0.0,0.0,0.0
10.0,3.85804290214511,0.0034929429065136,0.0034929429009197,0.9999938996548432,0.999993899654843,49.41373563381788,0.0,49.97670162213736,0.0,45.59507243234708,0.0,45.30253324535288,0.0,0.0,0.0,0.0,0.0,0.0,0.0
10.0,3.85829291464573,0.0034929774786981,0.0034929774731068,0.999993899534084,0.9999938995340828,49.413735625188494,0.0,49.9767013807847,0.0,45.59507242952623,0.0,45.30253319495191,0.0,0.0,0.0,0.0,0.0,0.0,0.0
10.0,3.85854292714636,0.0034930120527536,0.0034930120471649,0.999993899413317,0.9999938994133168,49.41373561655838,0.0,49.97670113941811,0.0,45.5950724267052,0.0,45.302533144547695,0.0,0.0,0.0,0.0,0.0,0.0,0.0
10.0,3.85879293964698,0.0034930466286798,0.0034930466230937,0.999993899292542,0.999993899292542,49.41373560792754,0.0,49.97670089803761,0.0,45.59507242388396,0.0,45.30253309414024,0.0,0.0,0.0,0.0,0.0,0.0,0.0
10.0,3.85904295214761,0.0034930812064768,0.0034930812008933,0.9999938991717598,0.99999389917176,49.413735599296,0.0,49.976700656643175,0.0,45.59507242106256,0.0,45.30253304372956,0.0,0.0,0.0,0.0,0.0,0.0,0.0
10.0,3.85929296464823,0.0034931157861445,0.0034931157805636,0.99999389905097,0.999993899050969,49.41373559066373,0.0,49.97670041523482,0.0,45.59507241824097,0.0,45.30253299331564,0.0,0.0,0.0,0.0,0.0,0.0,0.0
10.0,3.85954297714886,0.0034931503676829,0.0034931503621046,0.999993898930172,0.999993898930172,49.413735582030746,0.0,49.97670017381255,0.0,45.59507241541919,0.0,45.30253294289847,0.0,0.0,0.0,0.0,0.0,0.0,0.0
10.0,3.85979298964948,0.0034931849510918,0.0034931849455161,0.999993898809367,0.999993898809366,49.41373557339704,0.0,49.97669993237635,0.0,45.59507241259724,0.0,45.30253289247808,0.0,0.0,0.0,0.0,0.0,0.0,0.0
10.0,3.86004300215011,0.0034932195363712,0.0034932195307981,0.999993898688553,0.999993898688553,49.41373556476261,0.0,49.97669969092622,0.0,45.5950724097751,0.0,45.30253284205444,0.0,0.0,0.0,0.0,0.0,0.0,0.0
10.0,3.86029301465073,0.0034932541235211,0.0034932541179506,0.999993898567732,0.999993898567732,49.41373555612746,0.0,49.97669944946219,0.0,45.59507240695277,0.0,45.30253279162757,0.0,0.0,0.0,0.0,0.0,0.0,0.0
10.0,3.86054302715136,0.0034932887125414,0.0034932887069734,0.999993898446903,0.999993898446903,49.41373554749159,0.0,49.97669920798422,0.0,45.59507240413026,0.0,45.302532741197446,0.0,0.0,0.0,0.0,0.0,0.0,0.0
10.0,3.86079303965198,0.003493323303432,0.0034933232978666,0.999993898326067,0.9999938983260672,49.413735538855015,0.0,49.97669896649234,0.0,45.595072401307576,0.0,45.3025326907641,0.0,0.0,0.0,0.0,0.0,0.0,0.0
10.0,3.86104305215261,0.0034933578961929,0.0034933578906301,0.999993898205223,0.999993898205223,49.413735530217714,0.0,49.97669872498654,0.0,45.5950723984847,0.0,45.30253264032751,0.0,0.0,0.0,0.0,0.0,0.0,0.0
10.0,3.86129306465323,0.003493392490824,0.0034933924852638,0.9999938980843708,0.999993898084371,49.41373552157968,0.0,49.976698483466826,0.0,45.59507239566164,0.0,45.30253258988769,0.0,0.0,0.0,0.0,0.0,0.0,0.0
10.0,3.86154307715386,0.0034934270873252,0.0034934270817676,0.999993897963511,0.999993897963511,49.41373551294095,0.0,49.9766982419332,0.0,45.5950723928384,0.0,45.30253253944464,0.0,0.0,0.0,0.0,0.0,0.0,0.0
10.0,3.86179308965448,0.0034934616856966,0.0034934616801415,0.999993897842644,0.999993897842644,49.413735504301485,0.0,49.976698000385646,0.0,45.59507239001498,0.0,45.30253248899832,0.0,0.0,0.0,0.0,0.0,0.0,0.0
10.0,3.86204310215511,0.0034934962859379,0.0034934962803855,0.999993897721769,0.999993897721768,49.41373549566131,0.0,49.97669775882419,0.0,45.59507238719137,0.0,45.3025324385488,0.0,0.0,0.0,0.0,0.0,0.0,0.0
10.0,3.8622931146557296,0.0034935308880492,0.0034935308824994,0.999993897600886,0.999993897600886,49.4137354870204,0.0,49.9766975172488,0.0,45.59507238436758,0.0,45.30253238809602,0.0,0.0,0.0,0.0,0.0,0.0,0.0
10.0,3.86254312715636,0.0034935654920305,0.0034935654864832,0.999993897479996,0.999993897479995,49.41373547837879,0.0,49.97669727565951,0.0,45.5950723815436,0.0,45.30253233764,0.0,0.0,0.0,0.0,0.0,0.0,0.0
10.0,3.86279313965698,0.0034936000978816,0.0034936000923369,0.999993897359097,0.9999938973590968,49.41373546973645,0.0,49.9766970340563,0.0,45.59507237871945,0.0,45.30253228718076,0.0,0.0,0.0,0.0,0.0,0.0,0.0
10.0,3.86304315215761,0.0034936347056024,0.0034936347000603,0.999993897238191,0.999993897238191,49.41373546109339,0.0,49.97669679243919,0.0,45.59507237589511,0.0,45.30253223671827,0.0,0.0,0.0,0.0,0.0,0.0,0.0
10.0,3.86329316465823,0.003493669315193,0.0034936693096535,0.999993897117277,0.9999938971172772,49.413735452449615,0.0,49.97669655080816,0.0,45.595072373070586,0.0,45.302532186252535,0.0,0.0,0.0,0.0,0.0,0.0,0.0
10.0,3.863543177158861,0.0034937039266532,0.0034937039211163,0.999993896996356,0.999993896996356,49.41373544380511,0.0,49.97669630916322,0.0,45.59507237024587,0.0,45.30253213578358,0.0,0.0,0.0,0.0,0.0,0.0,0.0
10.0,3.86379318965948,0.0034937385399831,0.0034937385344487,0.9999938968754268,0.999993896875426,49.4137354351599,0.0,49.97669606750437,0.0,45.59507236742098,0.0,45.30253208531138,0.0,0.0,0.0,0.0,0.0,0.0,0.0
10.0,3.86404320216011,0.0034937731551825,0.0034937731496507,0.99999389675449,0.999993896754489,49.41373542651396,0.0,49.97669582583161,0.0,45.59507236459592,0.0,45.30253203483594,0.0,0.0,0.0,0.0,0.0,0.0,0.0
10.0,3.86429321466073,0.0034938077722514,0.0034938077667221,0.999993896633545,0.9999938966335452,49.41373541786731,0.0,49.97669558414494,0.0,45.59507236177065,0.0,45.30253198435727,0.0,0.0,0.0,0.0,0.0,0.0,0.0
10.0,3.86454322716136,0.0034938423911896,0.003493842385663,0.999993896512593,0.999993896512592,49.413735409219925,0.0,49.97669534244437,0.0,45.5950723589452,0.0,45.30253193387535,0.0,0.0,0.0,0.0,0.0,0.0,0.0
10.0,3.86479323966198,0.0034938770119973,0.0034938770064732,0.999993896391632,0.999993896391632,49.41373540057184,0.0,49.97669510072989,0.0,45.59507235611959,0.0,45.3025318833902,0.0,0.0,0.0,0.0,0.0,0.0,0.0
10.0,3.86504325216261,0.0034939116346742,0.0034939116291527,0.999993896270664,0.999993896270664,49.41373539192302,0.0,49.97669485900151,0.0,45.59507235329377,0.0,45.30253183290181,0.0,0.0,0.0,0.0,0.0,0.0,0.0
10.0,3.86529326466323,0.0034939462592204,0.0034939462537015,0.999993896149689,0.999993896149689,49.41373538327348,0.0,49.97669461725921,0.0,45.59507235046779,0.0,45.302531782410185,0.0,0.0,0.0,0.0,0.0,0.0,0.0
10.0,3.86554327716386,0.0034939808856358,0.0034939808801194,0.999993896028705,0.999993896028705,49.41373537462323,0.0,49.97669437550301,0.0,45.5950723476416,0.0,45.30253173191532,0.0,0.0,0.0,0.0,0.0,0.0,0.0
10.0,3.86579328966448,0.0034940155139202,0.0034940155084065,0.999993895907714,0.999993895907714,49.41373536597226,0.0,49.976694133732906,0.0,45.59507234481525,0.0,45.30253168141722,0.0,0.0,0.0,0.0,0.0,0.0,0.0
10.0,3.86604330216511,0.0034940501440738,0.0034940501385625,0.999993895786716,0.999993895786715,49.41373535732056,0.0,49.9766938919489,0.0,45.595072341988704,0.0,45.30253163091589,0.0,0.0,0.0,0.0,0.0,0.0,0.0
10.0,3.86629331466573,0.0034940847760963,0.0034940847705876,0.9999938956657088,0.999993895665709,49.41373534866814,0.0,49.97669365015099,0.0,45.59507233916198,0.0,45.30253158041131,0.0,0.0,0.0,0.0,0.0,0.0,0.0
10.0,3.86654332716636,0.0034941194099877,0.0034941194044817,0.999993895544695,0.999993895544694,49.41373534001501,0.0,49.97669340833919,0.0,45.59507233633507,0.0,45.3025315299035,0.0,0.0,0.0,0.0,0.0,0.0,0.0
10.0,3.86679333966698,0.0034941540457481,0.0034941540402445,0.9999938954236728,0.999993895423672,49.41373533136116,0.0,49.97669316651348,0.0,45.59507233350798,0.0,45.30253147939244,0.0,0.0,0.0,0.0,0.0,0.0,0.0
10.0,3.86704335216761,0.0034941886833772,0.0034941886778762,0.999993895302643,0.999993895302643,49.41373532270658,0.0,49.97669292467388,0.0,45.59507233068071,0.0,45.30253142887816,0.0,0.0,0.0,0.0,0.0,0.0,0.0
10.0,3.86729336466823,0.0034942233228751,0.0034942233173767,0.999993895181606,0.999993895181605,49.41373531405128,0.0,49.97669268282037,0.0,45.595072327853245,0.0,45.30253137836064,0.0,0.0,0.0,0.0,0.0,0.0,0.0
10.0,3.86754337716886,0.0034942579642416,0.0034942579587458,0.999993895060561,0.99999389506056,49.41373530539527,0.0,49.97669244095297,0.0,45.595072325025605,0.0,45.302531327839866,0.0,0.0,0.0,0.0,0.0,0.0,0.0
10.0,3.86779338966948,0.0034942926074768,0.0034942926019836,0.999993894939508,0.999993894939507,49.41373529673854,0.0,49.97669219907167,0.0,45.59507232219778,0.0,45.30253127731587,0.0,0.0,0.0,0.0,0.0,0.0,0.0
10.0,3.86804340217011,0.0034943272525806,0.0034943272470899,0.999993894818447,0.999993894818447,49.413735288081085,0.0,49.97669195717647,0.0,45.59507231936977,0.0,45.30253122678863,0.0,0.0,0.0,0.0,0.0,0.0,0.0
10.0,3.86829341467073,0.0034943618995529,0.0034943618940648,0.999993894697379,0.999993894697378,49.4137352794229,0.0,49.97669171526738,0.0,45.59507231654158,0.0,45.30253117625816,0.0,0.0,0.0,0.0,0.0,0.0,0.0
10.0,3.86854342717136,0.0034943965483936,0.003494396542908,0.999993894576302,0.999993894576302,49.41373527076401,0.0,49.9766914733444,0.0,45.5950723137132,0.0,45.30253112572444,0.0,0.0,0.0,0.0,0.0,0.0,0.0
10.0,3.86879343967198,0.0034944311991027,0.0034944311936197,0.999993894455219,0.999993894455218,49.4137352621044,0.0,49.97669123140752,0.0,45.59507231088464,0.0,45.302531075187495,0.0,0.0,0.0,0.0,0.0,0.0,0.0
10.0,3.8690434521726096,0.0034944658516801,0.0034944658461997,0.9999938943341272,0.999993894334127,49.41373525344406,0.0,49.97669098945675,0.0,45.59507230805589,0.0,45.3025310246473,0.0,0.0,0.0,0.0,0.0,0.0,0.0
10.0,3.86929346467323,0.0034945005061258,0.0034945005006479,0.999993894213028,0.999993894213027,49.413735244783005,0.0,49.976690747492086,0.0,45.59507230522697,0.0,45.30253097410388,0.0,0.0,0.0,0.0,0.0,0.0,0.0
10.0,3.86954347717386,0.0034945351624397,0.0034945351569644,0.999993894091921,0.99999389409192,49.413735236121234,0.0,49.97669050551352,0.0,45.59507230239786,0.0,45.302530923557214,0.0,0.0,0.0,0.0,0.0,0.0,0.0
10.0,3.86979348967448,0.0034945698206217,0.003494569815149,0.999993893970806,0.999993893970806,49.41373522745873,0.0,49.976690263521085,0.0,45.59507229956857,0.0,45.30253087300731,0.0,0.0,0.0,0.0,0.0,0.0,0.0
10.0,3.87004350217511,0.0034946044806719,0.0034946044752016,0.9999938938496828,0.9999938938496828,49.41373521879552,0.0,49.97669002151476,0.0,45.59507229673909,0.0,45.30253082245419,0.0,0.0,0.0,0.0,0.0,0.0,0.0
10.0,3.87029351467573,0.00349463914259,0.0034946391371223,0.9999938937285529,0.999993893728553,49.413735210131584,0.0,49.976689779494535,0.0,45.59507229390943,0.0,45.30253077189781,0.0,0.0,0.0,0.0,0.0,0.0,0.0
10.0,3.87054352717636,0.0034946738063761,0.003494673800911,0.9999938936074148,0.999993893607415,49.41373520146692,0.0,49.976689537460416,0.0,45.59507229107959,0.0,45.302530721338194,0.0,0.0,0.0,0.0,0.0,0.0,0.0
10.0,3.87079353967698,0.0034947084720301,0.0034947084665675,0.999993893486269,0.999993893486269,49.41373519280155,0.0,49.97668929541242,0.0,45.59507228824956,0.0,45.30253067077534,0.0,0.0,0.0,0.0,0.0,0.0,0.0
10.0,3.87104355217761,0.0034947431395519,0.0034947431340919,0.999993893365116,0.999993893365116,49.413735184135454,0.0,49.97668905335055,0.0,45.59507228541936,0.0,45.30253062020926,0.0,0.0,0.0,0.0,0.0,0.0,0.0
10.0,3.8712935646782314,0.0034947778089415,0.003494777803484,0.9999938932439548,0.999993893243955,49.41373517546863,0.0,49.976688811274784,0.0,45.59507228258895,0.0,45.302530569639934,0.0,0.0,0.0,0.0,0.0,0.0,0.0
10.0,3.87154357717886,0.0034948124801988,0.0034948124747439,0.999993893122786,0.999993893122786,49.4137351668011,0.0,49.97668856918513,0.0,45.59507227975838,0.0,45.30253051906738,0.0,0.0,0.0,0.0,0.0,0.0,0.0
10.0,3.87179358967948,0.0034948471533238,0.0034948471478714,0.999993893001609,0.999993893001609,49.41373515813284,0.0,49.97668832708159,0.0,45.59507227692762,0.0,45.302530468491575,0.0,0.0,0.0,0.0,0.0,0.0,0.0
10.0,3.87204360218011,0.0034948818283163,0.0034948818228665,0.999993892880425,0.999993892880425,49.41373514946385,0.0,49.97668808496418,0.0,45.59507227409668,0.0,45.302530417912536,0.0,0.0,0.0,0.0,0.0,0.0,0.0
10.0,3.87229361468073,0.0034949165051764,0.0034949164997291,0.999993892759233,0.999993892759233,49.41373514079416,0.0,49.97668784283289,0.0,45.59507227126555,0.0,45.30253036733026,0.0,0.0,0.0,0.0,0.0,0.0,0.0
10.0,3.87254362718136,0.003494951183904,0.0034949511784593,0.9999938926380332,0.999993892638033,49.41373513212374,0.0,49.97668760068772,0.0,45.59507226843424,0.0,45.30253031674476,0.0,0.0,0.0,0.0,0.0,0.0,0.0
10.0,3.87279363968198,0.003494985864499,0.0034949858590568,0.999993892516826,0.999993892516825,49.41373512345259,0.0,49.97668735852866,0.0,45.595072265602745,0.0,45.302530266156005,0.0,0.0,0.0,0.0,0.0,0.0,0.0
10.0,3.87304365218261,0.0034950205469613,0.0034950205415217,0.99999389239561,0.99999389239561,49.413735114780735,0.0,49.97668711635573,0.0,45.595072262771055,0.0,45.30253021556401,0.0,0.0,0.0,0.0,0.0,0.0,0.0
10.0,3.87329366468323,0.0034950552312909,0.0034950552258538,0.999993892274387,0.999993892274387,49.41373510610816,0.0,49.97668687416892,0.0,45.59507225993921,0.0,45.30253016496879,0.0,0.0,0.0,0.0,0.0,0.0,0.0
10.0,3.87354367718386,0.0034950899174878,0.0034950899120532,0.999993892153157,0.999993892153156,49.413735097434845,0.0,49.97668663196823,0.0,45.59507225710716,0.0,45.302530114370335,0.0,0.0,0.0,0.0,0.0,0.0,0.0
10.0,3.87379368968448,0.0034951246055518,0.0034951246001198,0.999993892031918,0.999993892031918,49.41373508876082,0.0,49.97668638975368,0.0,45.59507225427494,0.0,45.30253006376864,0.0,0.0,0.0,0.0,0.0,0.0,0.0
10.0,3.87404370218511,0.0034951592954829,0.0034951592900534,0.999993891910672,0.999993891910672,49.41373508008608,0.0,49.97668614752524,0.0,45.59507225144252,0.0,45.3025300131637,0.0,0.0,0.0,0.0,0.0,0.0,0.0
10.0,3.87429371468573,0.003495193987281,0.0034951939818541,0.999993891789418,0.999993891789418,49.41373507141061,0.0,49.97668590528293,0.0,45.59507224860993,0.0,45.302529962555525,0.0,0.0,0.0,0.0,0.0,0.0,0.0
10.0,3.87454372718636,0.0034952286809462,0.0034952286755218,0.999993891668156,0.999993891668156,49.41373506273443,0.0,49.97668566302675,0.0,45.59507224577715,0.0,45.30252991194412,0.0,0.0,0.0,0.0,0.0,0.0,0.0
10.0,3.87479373968698,0.0034952633764783,0.0034952633710564,0.999993891546887,0.999993891546887,49.41373505405752,0.0,49.9766854207567,0.0,45.59507224294419,0.0,45.30252986132947,0.0,0.0,0.0,0.0,0.0,0.0,0.0
10.0,3.87504375218761,0.0034952980738772,0.0034952980684579,0.99999389142561,0.99999389142561,49.41373504537989,0.0,49.97668517847277,0.0,45.59507224011104,0.0,45.30252981071159,0.0,0.0,0.0,0.0,0.0,0.0,0.0
10.0,3.87529376468823,0.0034953327731429,0.0034953327677261,0.999993891304325,0.999993891304325,49.413735036701546,0.0,49.97668493617498,0.0,45.59507223727772,0.0,45.30252976009047,0.0,0.0,0.0,0.0,0.0,0.0,0.0
10.0,3.87554377718886,0.0034953674742754,0.0034953674688611,0.999993891183033,0.999993891183032,49.41373502802248,0.0,49.97668469386332,0.0,45.5950722344442,0.0,45.30252970946611,0.0,0.0,0.0,0.0,0.0,0.0,0.0
10.0,3.87579378968948,0.0034954021772746,0.0034954021718628,0.999993891061732,0.999993891061732,49.41373501934269,0.0,49.9766844515378,0.0,45.59507223161051,0.0,45.30252965883851,0.0,0.0,0.0,0.0,0.0,0.0,0.0
10.0,3.87604380219011,0.0034954368821403,0.0034954368767311,0.999993890940424,0.999993890940424,49.41373501066217,0.0,49.9766842091984,0.0,45.59507222877663,0.0,45.30252960820768,0.0,0.0,0.0,0.0,0.0,0.0,0.0
10.0,3.87629381469073,0.0034954715888727,0.003495471583466,0.999993890819109,0.999993890819108,49.41373500198095,0.0,49.97668396684514,0.0,45.59507222594257,0.0,45.30252955757361,0.0,0.0,0.0,0.0,0.0,0.0,0.0
10.0,3.87654382719136,0.0034955062974715,0.0034955062920674,0.999993890697785,0.999993890697785,49.41373499329899,0.0,49.976683724478015,0.0,45.595072223108325,0.0,45.302529506936295,0.0,0.0,0.0,0.0,0.0,0.0,0.0
10.0,3.87679383969198,0.0034955410079367,0.0034955410025351,0.999993890576454,0.9999938905764542,49.41373498461631,0.0,49.97668348209703,0.0,45.5950722202739,0.0,45.30252945629575,0.0,0.0,0.0,0.0,0.0,0.0,0.0
10.0,3.87704385219261,0.0034955757202684,0.0034955757148693,0.999993890455115,0.999993890455115,49.41373497593292,0.0,49.976683239702176,0.0,45.59507221743928,0.0,45.30252940565197,0.0,0.0,0.0,0.0,0.0,0.0,0.0
10.0,3.87729386469323,0.0034956104344663,0.0034956104290698,0.999993890333769,0.999993890333768,49.4137349672488,0.0,49.976682997293466,0.0,45.59507221460449,0.0,45.30252935500495,0.0,0.0,0.0,0.0,0.0,0.0,0.0
10.0,3.87754387719386,0.0034956451505305,0.0034956451451365,0.999993890212414,0.999993890212414,49.41373495856397,0.0,49.97668275487089,0.0,45.59507221176952,0.0,45.30252930435469,0.0,0.0,0.0,0.0,0.0,0.0,0.0
10.0,3.87779388969448,0.0034956798684609,0.0034956798630695,0.999993890091052,0.999993890091052,49.4137349498784,0.0,49.97668251243447,0.0,45.59507220893435,0.0,45.3025292537012,0.0,0.0,0.0,0.0,0.0,0.0,0.0
10.0,3.8780439021951096,0.0034957145882575,0.0034957145828685,0.999993889969682,0.999993889969682,49.413734941192125,0.0,49.976682269984174,0.0,45.595072206099005,0.0,45.30252920304447,0.0,0.0,0.0,0.0,0.0,0.0,0.0
10.0,3.87829391469573,0.0034957493099201,0.0034957493045336,0.999993889848304,0.999993889848304,49.41373493250513,0.0,49.97668202752002,0.0,45.59507220326348,0.0,45.302529152384494,0.0,0.0,0.0,0.0,0.0,0.0,0.0
10.0,3.87854392719636,0.0034957840334487,0.0034957840280648,0.999993889726919,0.999993889726919,49.4137349238174,0.0,49.97668178504202,0.0,45.59507220042776,0.0,45.3025291017213,0.0,0.0,0.0,0.0,0.0,0.0,0.0
10.0,3.87879393969698,0.0034958187588433,0.0034958187534619,0.999993889605526,0.999993889605526,49.41373491512896,0.0,49.97668154255016,0.0,45.59507219759186,0.0,45.30252905105485,0.0,0.0,0.0,0.0,0.0,0.0,0.0
10.0,3.87904395219761,0.0034958534861037,0.0034958534807248,0.999993889484125,0.999993889484125,49.4137349064398,0.0,49.97668130004445,0.0,45.59507219475579,0.0,45.30252900038517,0.0,0.0,0.0,0.0,0.0,0.0,0.0
10.0,3.87929396469824,0.00349588821523,0.0034958882098536,0.9999938893627172,0.999993889362717,49.41373489774991,0.0,49.976681057524885,0.0,45.595072191919535,0.0,45.302528949712254,0.0,0.0,0.0,0.0,0.0,0.0,0.0
10.0,3.87954397719886,0.003495922946222,0.0034959229408482,0.999993889241301,0.9999938892412998,49.413734889059306,0.0,49.97668081499147,0.0,45.59507218908308,0.0,45.30252889903609,0.0,0.0,0.0,0.0,0.0,0.0,0.0
10.0,3.87979398969948,0.0034959576790798,0.0034959576737084,0.999993889119877,0.999993889119876,49.41373488036797,0.0,49.9766805724442,0.0,45.595072186246455,0.0,45.3025288483567,0.0,0.0,0.0,0.0,0.0,0.0,0.0
10.0,3.88004400220011,0.0034959924138032,0.0034959924084344,0.999993888998445,0.999993888998445,49.41373487167592,0.0,49.97668032988308,0.0,45.595072183409634,0.0,45.30252879767408,0.0,0.0,0.0,0.0,0.0,0.0,0.0
10.0,3.8802940147007305,0.0034960271503921,0.0034960271450258,0.999993888877005,0.999993888877005,49.41373486298316,0.0,49.97668008730811,0.0,45.59507218057264,0.0,45.30252874698821,0.0,0.0,0.0,0.0,0.0,0.0,0.0
10.0,3.88054402720136,0.0034960618888466,0.0034960618834829,0.999993888755558,0.999993888755558,49.41373485428966,0.0,49.9766798447193,0.0,45.59507217773546,0.0,45.30252869629911,0.0,0.0,0.0,0.0,0.0,0.0,0.0
10.0,3.88079403970199,0.0034960966291666,0.0034960966238053,0.9999938886341032,0.999993888634103,49.41373484559545,0.0,49.97667960211663,0.0,45.5950721748981,0.0,45.30252864560676,0.0,0.0,0.0,0.0,0.0,0.0,0.0
10.0,3.88104405220261,0.003496131371352,0.0034961313659932,0.999993888512641,0.99999388851264,49.41373483690052,0.0,49.97667935950013,0.0,45.59507217206056,0.0,45.30252859491119,0.0,0.0,0.0,0.0,0.0,0.0,0.0
10.0,3.88129406470324,0.0034961661154027,0.0034961661100464,0.99999388839117,0.99999388839117,49.41373482820485,0.0,49.976679116869775,0.0,45.59507216922282,0.0,45.30252854421237,0.0,0.0,0.0,0.0,0.0,0.0,0.0
10.0,3.88154407720386,0.0034962008613186,0.0034962008559649,0.999993888269693,0.999993888269692,49.41373481950848,0.0,49.97667887422558,0.0,45.59507216638491,0.0,45.30252849351032,0.0,0.0,0.0,0.0,0.0,0.0,0.0
10.0,3.88179408970448,0.0034962356090998,0.0034962356037486,0.999993888148207,0.999993888148206,49.41373481081136,0.0,49.976678631567545,0.0,45.59507216354681,0.0,45.30252844280503,0.0,0.0,0.0,0.0,0.0,0.0,0.0
10.0,3.88204410220511,0.0034962703587462,0.0034962703533975,0.999993888026713,0.999993888026713,49.41373480211356,0.0,49.976678388895664,0.0,45.59507216070853,0.0,45.302528392096505,0.0,0.0,0.0,0.0,0.0,0.0,0.0
10.0,3.88229411470574,0.0034963051102576,0.0034963051049114,0.999993887905212,0.9999938879052108,49.41373479341502,0.0,49.97667814620995,0.0,45.59507215787007,0.0,45.30252834138474,0.0,0.0,0.0,0.0,0.0,0.0,0.0
10.0,3.88254412720636,0.0034963398636341,0.0034963398582904,0.9999938877837028,0.999993887783702,49.41373478471574,0.0,49.97667790351039,0.0,45.595072155031424,0.0,45.30252829066973,0.0,0.0,0.0,0.0,0.0,0.0,0.0
10.0,3.88279413970699,0.0034963746188756,0.0034963746135344,0.999993887662186,0.999993887662186,49.41373477601576,0.0,49.976677660796994,0.0,45.59507215219259,0.0,45.30252823995151,0.0,0.0,0.0,0.0,0.0,0.0,0.0
10.0,3.88304415220761,0.003496409375982,0.0034964093706433,0.999993887540662,0.999993887540661,49.41373476731505,0.0,49.97667741806976,0.0,45.59507214935358,0.0,45.30252818923002,0.0,0.0,0.0,0.0,0.0,0.0,0.0
10.0,3.88329416470824,0.0034964441349532,0.003496444129617,0.99999388741913,0.999993887419129,49.41373475861362,0.0,49.976677175328696,0.0,45.59507214651439,0.0,45.30252813850532,0.0,0.0,0.0,0.0,0.0,0.0,0.0
10.0,3.88354417720886,0.0034964788957892,0.0034964788904555,0.99999388729759,0.999993887297589,49.41373474991147,0.0,49.97667693257379,0.0,45.59507214367501,0.0,45.30252808777737,0.0,0.0,0.0,0.0,0.0,0.0,0.0
10.0,3.88379418970949,0.00349651365849,0.0034965136531588,0.999993887176042,0.999993887176042,49.41373474120859,0.0,49.97667668980506,0.0,45.59507214083544,0.0,45.30252803704618,0.0,0.0,0.0,0.0,0.0,0.0,0.0
10.0,3.88404420221011,0.0034965484230554,0.0034965484177267,0.999993887054487,0.999993887054486,49.413734732505,0.0,49.97667644702249,0.0,45.59507213799569,0.0,45.30252798631176,0.0,0.0,0.0,0.0,0.0,0.0,0.0
10.0,3.88429421471074,0.0034965831894854,0.0034965831841593,0.9999938869329228,0.999993886932923,49.41373472380068,0.0,49.976676204226095,0.0,45.59507213515576,0.0,45.30252793557409,0.0,0.0,0.0,0.0,0.0,0.0,0.0
10.0,3.88454422721136,0.00349661795778,0.0034966179524563,0.999993886811353,0.9999938868113522,49.41373471509565,0.0,49.97667596141586,0.0,45.59507213231564,0.0,45.3025278848332,0.0,0.0,0.0,0.0,0.0,0.0,0.0
10.0,3.8847942397119897,0.003496652727939,0.0034966527226179,0.999993886689774,0.999993886689774,49.413734706389874,0.0,49.97667571859181,0.0,45.59507212947535,0.0,45.302527834089055,0.0,0.0,0.0,0.0,0.0,0.0,0.0
10.0,3.88504425221261,0.0034966874999625,0.0034966874946439,0.999993886568188,0.999993886568188,49.4137346976834,0.0,49.97667547575392,0.0,45.59507212663488,0.0,45.30252778334169,0.0,0.0,0.0,0.0,0.0,0.0,0.0
10.0,3.88529426471324,0.0034967222738504,0.0034967222685342,0.999993886446594,0.999993886446594,49.4137346889762,0.0,49.97667523290221,0.0,45.5950721237942,0.0,45.30252773259108,0.0,0.0,0.0,0.0,0.0,0.0,0.0
10.0,3.88554427721386,0.0034967570496025,0.0034967570442889,0.999993886324992,0.999993886324992,49.41373468026826,0.0,49.97667499003668,0.0,45.59507212095336,0.0,45.30252768183723,0.0,0.0,0.0,0.0,0.0,0.0,0.0
10.0,3.88579428971449,0.0034967918272189,0.0034967918219078,0.9999938862033828,0.999993886203382,49.41373467155962,0.0,49.976674747157325,0.0,45.59507211811232,0.0,45.30252763108015,0.0,0.0,0.0,0.0,0.0,0.0,0.0
10.0,3.88604430221511,0.0034968266066995,0.0034968266013909,0.999993886081765,0.999993886081765,49.41373466285025,0.0,49.97667450426413,0.0,45.59507211527112,0.0,45.30252758031983,0.0,0.0,0.0,0.0,0.0,0.0,0.0
10.0,3.88629431471574,0.0034968613880442,0.0034968613827381,0.9999938859601402,0.99999388596014,49.41373465414016,0.0,49.97667426135713,0.0,45.59507211242971,0.0,45.30252752955628,0.0,0.0,0.0,0.0,0.0,0.0,0.0
10.0,3.88654432721636,0.003496896171253,0.0034968961659493,0.999993885838508,0.999993885838508,49.41373464542934,0.0,49.97667401843631,0.0,45.59507210958813,0.0,45.302527478789486,0.0,0.0,0.0,0.0,0.0,0.0,0.0
10.0,3.88679433971699,0.0034969309563258,0.0034969309510246,0.9999938857168668,0.999993885716867,49.4137346367178,0.0,49.97667377550167,0.0,45.595072106746365,0.0,45.302527428019445,0.0,0.0,0.0,0.0,0.0,0.0,0.0
10.0,3.8870443522176106,0.0034969657432625,0.0034969657379638,0.999993885595219,0.9999938855952188,49.41373462800554,0.0,49.976673532553214,0.0,45.59507210390442,0.0,45.30252737724618,0.0,0.0,0.0,0.0,0.0,0.0,0.0
10.0,3.88729436471824,0.003497000532063,0.0034970005267668,0.999993885473563,0.999993885473563,49.41373461929256,0.0,49.97667328959093,0.0,45.59507210106229,0.0,45.30252732646968,0.0,0.0,0.0,0.0,0.0,0.0,0.0
10.0,3.88754437721886,0.0034970353227274,0.0034970353174337,0.9999938853519,0.9999938853518988,49.41373461057886,0.0,49.97667304661484,0.0,45.595072098219966,0.0,45.30252727568993,0.0,0.0,0.0,0.0,0.0,0.0,0.0
10.0,3.88779438971949,0.0034970701152556,0.0034970701099644,0.999993885230229,0.999993885230228,49.41373460186443,0.0,49.976672803624936,0.0,45.59507209537748,0.0,45.30252722490696,0.0,0.0,0.0,0.0,0.0,0.0,0.0
10.0,3.88804440222011,0.0034971049096474,0.0034971049043587,0.999993885108549,0.9999938851085488,49.413734593149286,0.0,49.976672560621225,0.0,45.59507209253479,0.0,45.30252717412074,0.0,0.0,0.0,0.0,0.0,0.0,0.0
10.0,3.88829441472074,0.0034971397059029,0.0034971397006167,0.9999938849868631,0.999993884986862,49.41373458443341,0.0,49.976672317603686,0.0,45.59507208969193,0.0,45.30252712333128,0.0,0.0,0.0,0.0,0.0,0.0,0.0
10.0,3.88854442722136,0.003497174504022,0.0034971744987382,0.999993884865168,0.9999938848651682,49.413734575716816,0.0,49.97667207457235,0.0,45.59507208684887,0.0,45.3025270725386,0.0,0.0,0.0,0.0,0.0,0.0,0.0
10.0,3.88879443972199,0.0034972093040045,0.0034972092987233,0.999993884743466,0.999993884743466,49.41373456699951,0.0,49.97667183152719,0.0,45.59507208400564,0.0,45.30252702174267,0.0,0.0,0.0,0.0,0.0,0.0,0.0
10.0,3.88904445222261,0.0034972441058506,0.0034972441005718,0.999993884621756,0.999993884621756,49.41373455828147,0.0,49.97667158846824,0.0,45.59507208116224,0.0,45.302526970943504,0.0,0.0,0.0,0.0,0.0,0.0,0.0
10.0,3.88929446472324,0.00349727890956,0.0034972789042837,0.999993884500038,0.999993884500038,49.41373454956271,0.0,49.97667134539548,0.0,45.59507207831864,0.0,45.3025269201411,0.0,0.0,0.0,0.0,0.0,0.0,0.0
10.0,3.88954447722386,0.0034973137151327,0.0034973137098589,0.999993884378313,0.999993884378313,49.41373454084323,0.0,49.9766711023089,0.0,45.59507207547486,0.0,45.302526869335466,0.0,0.0,0.0,0.0,0.0,0.0,0.0
10.0,3.88979448972449,0.0034973485225687,0.0034973485172974,0.99999388425658,0.999993884256579,49.41373453212302,0.0,49.976670859208525,0.0,45.59507207263088,0.0,45.30252681852659,0.0,0.0,0.0,0.0,0.0,0.0,0.0
10.0,3.89004450222511,0.0034973833318679,0.0034973833265991,0.999993884134839,0.999993884134839,49.4137345234021,0.0,49.976670616094346,0.0,45.59507206978674,0.0,45.30252676771448,0.0,0.0,0.0,0.0,0.0,0.0,0.0
10.0,3.89029451472574,0.0034974181430303,0.0034974181377639,0.9999938840130912,0.99999388401309,49.41373451468044,0.0,49.976670372966375,0.0,45.59507206694241,0.0,45.30252671689913,0.0,0.0,0.0,0.0,0.0,0.0,0.0
10.0,3.89054452722636,0.0034974529560557,0.0034974529507918,0.999993883891334,0.999993883891334,49.41373450595808,0.0,49.9766701298246,0.0,45.59507206409789,0.0,45.30252666608054,0.0,0.0,0.0,0.0,0.0,0.0,0.0
10.0,3.89079453972699,0.0034974877709442,0.0034974877656828,0.99999388376957,0.99999388376957,49.41373449723498,0.0,49.97666988666902,0.0,45.595072061253184,0.0,45.30252661525872,0.0,0.0,0.0,0.0,0.0,0.0,0.0
10.0,3.89104455222761,0.0034975225876956,0.0034975225824367,0.999993883647798,0.999993883647798,49.41373448851116,0.0,49.97666964349964,0.0,45.59507205840831,0.0,45.30252656443366,0.0,0.0,0.0,0.0,0.0,0.0,0.0
10.0,3.89129456472824,0.00349755740631,0.0034975574010535,0.999993883526019,0.999993883526018,49.41373447978663,0.0,49.97666940031647,0.0,45.59507205556324,0.0,45.302526513605365,0.0,0.0,0.0,0.0,0.0,0.0,0.0
10.0,3.89154457722886,0.0034975922267871,0.0034975922215331,0.999993883404232,0.999993883404231,49.41373447106136,0.0,49.97666915711951,0.0,45.59507205271799,0.0,45.30252646277383,0.0,0.0,0.0,0.0,0.0,0.0,0.0
10.0,3.89179458972949,0.0034976270491271,0.0034976270438756,0.999993883282437,0.999993883282436,49.41373446233538,0.0,49.97666891390874,0.0,45.59507204987256,0.0,45.302526411939056,0.0,0.0,0.0,0.0,0.0,0.0,0.0
10.0,3.89204460223011,0.0034976618733298,0.0034976618680807,0.999993883160634,0.9999938831606332,49.41373445360867,0.0,49.9766686706842,0.0,45.59507204702694,0.0,45.30252636110104,0.0,0.0,0.0,0.0,0.0,0.0,0.0
10.0,3.89229461473074,0.0034976966993951,0.0034976966941485,0.999993883038824,0.999993883038823,49.41373444488124,0.0,49.97666842744585,0.0,45.59507204418114,0.0,45.30252631025981,0.0,0.0,0.0,0.0,0.0,0.0,0.0
10.0,3.89254462723136,0.003497731527323,0.0034977315220789,0.999993882917005,0.999993882917005,49.413734436153085,0.0,49.97666818419372,0.0,45.59507204133516,0.0,45.30252625941532,0.0,0.0,0.0,0.0,0.0,0.0,0.0
10.0,3.89279463973199,0.0034977663571135,0.0034977663518719,0.999993882795179,0.999993882795179,49.41373442742421,0.0,49.9766679409278,0.0,45.59507203848899,0.0,45.302526208567606,0.0,0.0,0.0,0.0,0.0,0.0,0.0
10.0,3.89304465223261,0.0034978011887665,0.0034978011835273,0.999993882673346,0.999993882673346,49.41373441869461,0.0,49.97666769764809,0.0,45.59507203564264,0.0,45.30252615771665,0.0,0.0,0.0,0.0,0.0,0.0,0.0
10.0,3.89329466473324,0.0034978360222818,0.0034978360170451,0.999993882551504,0.999993882551504,49.41373440996429,0.0,49.9766674543546,0.0,45.59507203279611,0.0,45.30252610686246,0.0,0.0,0.0,0.0,0.0,0.0,0.0
10.0,3.89354467723386,0.0034978708576595,0.0034978708524253,0.999993882429655,0.999993882429655,49.41373440123325,0.0,49.97666721104732,0.0,45.5950720299494,0.0,45.30252605600504,0.0,0.0,0.0,0.0,0.0,0.0,0.0
10.0,3.8937946897344906,0.0034979056948995,0.0034979056896678,0.999993882307799,0.9999938823077978,49.41373439250148,0.0,49.97666696772626,0.0,45.595072027102496,0.0,45.302526005144365,0.0,0.0,0.0,0.0,0.0,0.0,0.0
10.0,3.89404470223511,0.0034979405340018,0.0034979405287725,0.999993882185934,0.999993882185934,49.41373438376899,0.0,49.97666672439141,0.0,45.595072024255415,0.0,45.30252595428046,0.0,0.0,0.0,0.0,0.0,0.0,0.0
10.0,3.89429471473574,0.0034979753749662,0.0034979753697393,0.999993882064062,0.999993882064061,49.41373437503578,0.0,49.976666481042784,0.0,45.59507202140814,0.0,45.30252590341332,0.0,0.0,0.0,0.0,0.0,0.0,0.0
10.0,3.89454472723636,0.0034980102177927,0.0034980102125683,0.999993881942182,0.999993881942182,49.413734366301846,0.0,49.976666237680384,0.0,45.59507201856069,0.0,45.30252585254295,0.0,0.0,0.0,0.0,0.0,0.0,0.0
10.0,3.89479473973699,0.0034980450624813,0.0034980450572594,0.999993881820294,0.999993881820294,49.41373435756718,0.0,49.97666599430421,0.0,45.59507201571306,0.0,45.30252580166933,0.0,0.0,0.0,0.0,0.0,0.0,0.0
10.0,3.89504475223761,0.0034980799090318,0.0034980799038124,0.999993881698399,0.999993881698398,49.4137343488318,0.0,49.97666575091426,0.0,45.59507201286524,0.0,45.30252575079248,0.0,0.0,0.0,0.0,0.0,0.0,0.0
10.0,3.89529476473824,0.0034981147574443,0.0034981147522273,0.9999938815764952,0.999993881576495,49.413734340095694,0.0,49.97666550751053,0.0,45.59507201001723,0.0,45.3025256999124,0.0,0.0,0.0,0.0,0.0,0.0,0.0
10.0,3.89554477723886,0.0034981496077187,0.0034981496025041,0.999993881454585,0.999993881454584,49.41373433135887,0.0,49.97666526409302,0.0,45.59507200716906,0.0,45.30252564902907,0.0,0.0,0.0,0.0,0.0,0.0,0.0
10.0,3.895794789739489,0.0034981844598548,0.0034981844546427,0.999993881332666,0.999993881332666,49.41373432262133,0.0,49.97666502066175,0.0,45.59507200432069,0.0,45.30252559814251,0.0,0.0,0.0,0.0,0.0,0.0,0.0
10.0,3.89604480224011,0.0034982193138527,0.0034982193086431,0.9999938812107388,0.999993881210739,49.41373431388305,0.0,49.97666477721671,0.0,45.59507200147214,0.0,45.30252554725271,0.0,0.0,0.0,0.0,0.0,0.0,0.0
10.0,3.89629481474074,0.0034982541697123,0.0034982541645051,0.999993881088806,0.999993881088805,49.41373430514405,0.0,49.97666453375789,0.0,45.5950719986234,0.0,45.30252549635968,0.0,0.0,0.0,0.0,0.0,0.0,0.0
10.0,3.89654482724136,0.0034982890274335,0.0034982890222288,0.999993880966864,0.999993880966863,49.41373429640432,0.0,49.97666429028531,0.0,45.59507199577448,0.0,45.30252544546341,0.0,0.0,0.0,0.0,0.0,0.0,0.0
10.0,3.89679483974199,0.0034983238870163,0.003498323881814,0.999993880844914,0.999993880844914,49.413734287663885,0.0,49.976664046798966,0.0,45.59507199292538,0.0,45.3025253945639,0.0,0.0,0.0,0.0,0.0,0.0,0.0
10.0,3.89704485224261,0.0034983587484606,0.0034983587432608,0.999993880722957,0.999993880722957,49.41373427892272,0.0,49.97666380329885,0.0,45.5950719900761,0.0,45.30252534366116,0.0,0.0,0.0,0.0,0.0,0.0,0.0
10.0,3.89729486474324,0.0034983936117663,0.0034983936065689,0.999993880600992,0.999993880600992,49.41373427018083,0.0,49.976663559784974,0.0,45.59507198722664,0.0,45.30252529275517,0.0,0.0,0.0,0.0,0.0,0.0,0.0
10.0,3.89754487724386,0.0034984284769334,0.0034984284717385,0.9999938804790192,0.999993880479019,49.41373426143822,0.0,49.976663316257344,0.0,45.59507198437698,0.0,45.30252524184596,0.0,0.0,0.0,0.0,0.0,0.0,0.0
10.0,3.89779488974449,0.0034984633439618,0.0034984633387693,0.999993880357039,0.9999938803570378,49.41373425269488,0.0,49.97666307271594,0.0,45.59507198152715,0.0,45.3025251909335,0.0,0.0,0.0,0.0,0.0,0.0,0.0
10.0,3.8980449022451102,0.0034984982128514,0.0034984982076614,0.99999388023505,0.99999388023505,49.41373424395082,0.0,49.9766628291608,0.0,45.595071978677126,0.0,45.302525140017806,0.0,0.0,0.0,0.0,0.0,0.0,0.0
10.0,3.89829491474574,0.0034985330836023,0.0034985330784147,0.9999938801130552,0.999993880113054,49.41373423520604,0.0,49.97666258559188,0.0,45.59507197582693,0.0,45.302525089098886,0.0,0.0,0.0,0.0,0.0,0.0,0.0
10.0,3.89854492724636,0.0034985679562142,0.0034985679510292,0.999993879991051,0.9999938799910512,49.41373422646053,0.0,49.976662342009206,0.0,45.59507197297655,0.0,45.30252503817671,0.0,0.0,0.0,0.0,0.0,0.0,0.0
10.0,3.89879493974699,0.0034986028306873,0.0034986028255047,0.99999387986904,0.99999387986904,49.4137342177143,0.0,49.97666209841278,0.0,45.59507197012597,0.0,45.30252498725132,0.0,0.0,0.0,0.0,0.0,0.0,0.0
10.0,3.89904495224761,0.0034986377070214,0.0034986377018412,0.9999938797470208,0.99999387974702,49.41373420896735,0.0,49.97666185480261,0.0,45.59507196727522,0.0,45.30252493632268,0.0,0.0,0.0,0.0,0.0,0.0,0.0
10.0,3.89929496474824,0.0034986725852164,0.0034986725800387,0.999993879624994,0.999993879624993,49.41373420021967,0.0,49.97666161117868,0.0,45.595071964424285,0.0,45.3025248853908,0.0,0.0,0.0,0.0,0.0,0.0,0.0
10.0,3.89954497724886,0.0034987074652723,0.003498707460097,0.999993879502959,0.9999938795029588,49.41373419147127,0.0,49.976661367541006,0.0,45.59507196157317,0.0,45.30252483445569,0.0,0.0,0.0,0.0,0.0,0.0,0.0
10.0,3.89979498974949,0.0034987423471891,0.0034987423420162,0.999993879380917,0.999993879380917,49.41373418272215,0.0,49.97666112388958,0.0,45.59507195872187,0.0,45.302524783517335,0.0,0.0,0.0,0.0,0.0,0.0,0.0
10.0,3.90004500225011,0.0034987772309666,0.0034987772257962,0.999993879258867,0.999993879258867,49.41373417397229,0.0,49.97666088022441,0.0,45.59507195587039,0.0,45.30252473257575,0.0,0.0,0.0,0.0,0.0,0.0,0.0
10.0,3.90029501475074,0.0034988121166048,0.0034988121114369,0.999993879136809,0.9999938791368088,49.413734165221726,0.0,49.97666063654549,0.0,45.59507195301871,0.0,45.30252468163093,0.0,0.0,0.0,0.0,0.0,0.0,0.0
10.0,3.90054502725136,0.0034988470041037,0.0034988469989382,0.999993879014744,0.999993879014743,49.41373415647043,0.0,49.97666039285283,0.0,45.59507195016686,0.0,45.30252463068288,0.0,0.0,0.0,0.0,0.0,0.0,0.0
10.0,3.90079503975199,0.0034988818934632,0.0034988818883001,0.99999387889267,0.99999387889267,49.41373414771842,0.0,49.976660149146426,0.0,45.59507194731483,0.0,45.30252457973157,0.0,0.0,0.0,0.0,0.0,0.0,0.0
10.0,3.90104505225261,0.0034989167846831,0.0034989167795225,0.99999387877059,0.999993878770589,49.41373413896567,0.0,49.97665990542629,0.0,45.5950719444626,0.0,45.30252452877704,0.0,0.0,0.0,0.0,0.0,0.0,0.0
10.0,3.90129506475324,0.0034989516777636,0.0034989516726054,0.999993878648501,0.999993878648501,49.41373413021221,0.0,49.9766596616924,0.0,45.59507194161021,0.0,45.30252447781927,0.0,0.0,0.0,0.0,0.0,0.0,0.0
10.0,3.90154507725386,0.0034989865727044,0.0034989865675486,0.999993878526405,0.999993878526404,49.41373412145803,0.0,49.97665941794478,0.0,45.59507193875762,0.0,45.30252442685826,0.0,0.0,0.0,0.0,0.0,0.0,0.0
10.0,3.90179508975449,0.0034990214695056,0.0034990214643523,0.999993878404301,0.9999938784043,49.41373411270311,0.0,49.97665917418343,0.0,45.595071935904855,0.0,45.302524375894016,0.0,0.0,0.0,0.0,0.0,0.0,0.0
10.0,3.90204510225511,0.0034990563681671,0.0034990563630162,0.9999938782821888,0.999993878282188,49.41373410394748,0.0,49.97665893040833,0.0,45.5950719330519,0.0,45.30252432492654,0.0,0.0,0.0,0.0,0.0,0.0,0.0
10.0,3.90229511475574,0.0034990912686888,0.0034990912635403,0.999993878160069,0.999993878160069,49.41373409519112,0.0,49.97665868661951,0.0,45.59507193019876,0.0,45.30252427395583,0.0,0.0,0.0,0.0,0.0,0.0,0.0
10.0,3.90254512725636,0.0034991261710706,0.0034991261659246,0.999993878037942,0.999993878037942,49.41373408643403,0.0,49.97665844281695,0.0,45.59507192734544,0.0,45.302524222981866,0.0,0.0,0.0,0.0,0.0,0.0,0.0
10.0,3.90279513975699,0.0034991610753126,0.003499161070169,0.999993877915807,0.9999938779158072,49.413734077676224,0.0,49.976658199000674,0.0,45.59507192449194,0.0,45.30252417200469,0.0,0.0,0.0,0.0,0.0,0.0,0.0
10.0,3.90304515225761,0.0034991959814146,0.0034991959762734,0.999993877793664,0.999993877793664,49.41373406891769,0.0,49.97665795517065,0.0,45.59507192163826,0.0,45.302524121024256,0.0,0.0,0.0,0.0,0.0,0.0,0.0
10.0,3.90329516475824,0.0034992308893765,0.0034992308842378,0.999993877671514,0.999993877671513,49.41373406015844,0.0,49.97665771132692,0.0,45.595071918784384,0.0,45.3025240700406,0.0,0.0,0.0,0.0,0.0,0.0,0.0
10.0,3.90354517725886,0.0034992657991984,0.0034992657940621,0.999993877549355,0.9999938775493548,49.41373405139846,0.0,49.97665746746945,0.0,45.59507191593033,0.0,45.3025240190537,0.0,0.0,0.0,0.0,0.0,0.0,0.0
10.0,3.90379518975949,0.0034993007108801,0.0034993007057462,0.999993877427189,0.9999938774271891,49.41373404263776,0.0,49.97665722359826,0.0,45.5950719130761,0.0,45.302523968063554,0.0,0.0,0.0,0.0,0.0,0.0,0.0
10.0,3.90404520226011,0.0034993356244217,0.0034993356192902,0.999993877305016,0.999993877305016,49.41373403387633,0.0,49.97665697971335,0.0,45.59507191022168,0.0,45.30252391707019,0.0,0.0,0.0,0.0,0.0,0.0,0.0
10.0,3.90429521476074,0.0034993705398229,0.0034993705346939,0.999993877182835,0.999993877182834,49.41373402511418,0.0,49.97665673581472,0.0,45.59507190736707,0.0,45.30252386607358,0.0,0.0,0.0,0.0,0.0,0.0,0.0
10.0,3.90454522726136,0.0034994054570838,0.0034994054519572,0.999993877060646,0.9999938770606448,49.4137340163513,0.0,49.976656491902375,0.0,45.59507190451229,0.0,45.30252381507373,0.0,0.0,0.0,0.0,0.0,0.0,0.0
10.0,3.9047952397619903,0.0034994403762044,0.0034994403710802,0.9999938769384488,0.999993876938448,49.413734007587706,0.0,49.97665624797631,0.0,45.59507190165731,0.0,45.30252376407064,0.0,0.0,0.0,0.0,0.0,0.0,0.0
10.0,3.90504525226261,0.0034994752971844,0.0034994752920627,0.999993876816244,0.999993876816244,49.413733998823375,0.0,49.97665600403652,0.0,45.59507189880216,0.0,45.302523713064325,0.0,0.0,0.0,0.0,0.0,0.0,0.0
10.0,3.90529526476324,0.003499510220024,0.0034995102149047,0.999993876694032,0.999993876694031,49.41373399005833,0.0,49.97665576008304,0.0,45.59507189594682,0.0,45.30252366205477,0.0,0.0,0.0,0.0,0.0,0.0,0.0
10.0,3.90554527726386,0.003499545144723,0.0034995451396061,0.999993876571812,0.9999938765718112,49.413733981292566,0.0,49.97665551611584,0.0,45.5950718930913,0.0,45.30252361104198,0.0,0.0,0.0,0.0,0.0,0.0,0.0
10.0,3.90579528976449,0.0034995800712814,0.0034995800661669,0.9999938764495842,0.999993876449584,49.41373397252606,0.0,49.976655272134906,0.0,45.59507189023561,0.0,45.30252356002595,0.0,0.0,0.0,0.0,0.0,0.0,0.0
10.0,3.90604530226511,0.003499614999699,0.003499614994587,0.999993876327348,0.999993876327348,49.41373396375885,0.0,49.976655028140286,0.0,45.59507188737972,0.0,45.30252350900668,0.0,0.0,0.0,0.0,0.0,0.0,0.0
10.0,3.90629531476574,0.003499649929976,0.0034996499248663,0.999993876205105,0.999993876205105,49.4137339549909,0.0,49.97665478413196,0.0,45.59507188452365,0.0,45.30252345798418,0.0,0.0,0.0,0.0,0.0,0.0,0.0
10.0,3.90654532726636,0.0034996848621121,0.0034996848570048,0.999993876082854,0.9999938760828538,49.41373394622224,0.0,49.97665454010992,0.0,45.595071881667394,0.0,45.30252340695844,0.0,0.0,0.0,0.0,0.0,0.0,0.0
10.0,3.90679533976699,0.0034997197961073,0.0034997197910024,0.999993875960596,0.999993875960595,49.41373393745285,0.0,49.97665429607419,0.0,45.59507187881096,0.0,45.302523355929466,0.0,0.0,0.0,0.0,0.0,0.0,0.0
10.0,3.9070453522676094,0.0034997547319615,0.0034997547268591,0.999993875838329,0.999993875838329,49.41373392868273,0.0,49.97665405202474,0.0,45.59507187595433,0.0,45.30252330489725,0.0,0.0,0.0,0.0,0.0,0.0,0.0
10.0,3.90729536476824,0.0034997896696748,0.0034997896645748,0.999993875716055,0.999993875716055,49.41373391991189,0.0,49.9766538079616,0.0,45.59507187309753,0.0,45.30252325386181,0.0,0.0,0.0,0.0,0.0,0.0,0.0
10.0,3.90754537726886,0.003499824609247,0.0034998246041495,0.999993875593773,0.999993875593773,49.413733911140326,0.0,49.97665356388476,0.0,45.59507187024054,0.0,45.30252320282312,0.0,0.0,0.0,0.0,0.0,0.0,0.0
10.0,3.90779538976949,0.0034998595506781,0.003499859545583,0.999993875471484,0.999993875471483,49.41373390236804,0.0,49.976653319794224,0.0,45.59507186738337,0.0,45.3025231517812,0.0,0.0,0.0,0.0,0.0,0.0,0.0
10.0,3.90804540227011,0.003499894493968,0.0034998944888753,0.9999938753491868,0.999993875349186,49.413733893595015,0.0,49.97665307569,0.0,45.59507186452601,0.0,45.30252310073604,0.0,0.0,0.0,0.0,0.0,0.0,0.0
10.0,3.90829541477074,0.0034999294391167,0.0034999294340264,0.999993875226881,0.999993875226881,49.41373388482128,0.0,49.97665283157207,0.0,45.59507186166848,0.0,45.30252304968765,0.0,0.0,0.0,0.0,0.0,0.0,0.0
10.0,3.90854542727136,0.0034999643861241,0.0034999643810361,0.9999938751045688,0.999993875104568,49.41373387604682,0.0,49.97665258744045,0.0,45.59507185881076,0.0,45.302522998636015,0.0,0.0,0.0,0.0,0.0,0.0,0.0
10.0,3.90879543977199,0.0034999993349901,0.0034999993299045,0.999993874982248,0.999993874982248,49.41373386727162,0.0,49.97665234329514,0.0,45.59507185595285,0.0,45.302522947581146,0.0,0.0,0.0,0.0,0.0,0.0,0.0
10.0,3.90904545227261,0.0035000342857146,0.0035000342806315,0.99999387485992,0.99999387485992,49.41373385849572,0.0,49.97665209913615,0.0,45.595071853094765,0.0,45.30252289652304,0.0,0.0,0.0,0.0,0.0,0.0,0.0
10.0,3.90929546477324,0.0035000692382977,0.003500069233217,0.999993874737584,0.999993874737584,49.41373384971908,0.0,49.97665185496348,0.0,45.595071850236494,0.0,45.302522845461695,0.0,0.0,0.0,0.0,0.0,0.0,0.0
10.0,3.90954547727386,0.0035001041927392,0.003500104187661,0.99999387461524,0.99999387461524,49.41373384094172,0.0,49.97665161077711,0.0,45.59507184737804,0.0,45.30252279439712,0.0,0.0,0.0,0.0,0.0,0.0,0.0
10.0,3.90979548977449,0.0035001391490392,0.0035001391439633,0.999993874492889,0.9999938744928892,49.41373383216363,0.0,49.97665136657706,0.0,45.5950718445194,0.0,45.30252274332931,0.0,0.0,0.0,0.0,0.0,0.0,0.0
10.0,3.91004550227511,0.0035001741071974,0.0035001741021239,0.99999387437053,0.999993874370529,49.41373382338482,0.0,49.97665112236333,0.0,45.59507184166058,0.0,45.30252269225826,0.0,0.0,0.0,0.0,0.0,0.0,0.0
10.0,3.91029551477574,0.0035002090672139,0.0035002090621428,0.999993874248163,0.9999938742481632,49.41373381460529,0.0,49.97665087813593,0.0,45.59507183880157,0.0,45.30252264118397,0.0,0.0,0.0,0.0,0.0,0.0,0.0
10.0,3.91054552727636,0.0035002440290886,0.00350024402402,0.999993874125789,0.999993874125788,49.41373380582503,0.0,49.97665063389484,0.0,45.59507183594239,0.0,45.30252259010645,0.0,0.0,0.0,0.0,0.0,0.0,0.0
10.0,3.91079553977699,0.0035002789928215,0.0035002789877552,0.999993874003406,0.999993874003406,49.413733797044046,0.0,49.976650389640085,0.0,45.59507183308301,0.0,45.30252253902569,0.0,0.0,0.0,0.0,0.0,0.0,0.0
10.0,3.91104555227761,0.0035003139584125,0.0035003139533486,0.999993873881016,0.999993873881016,49.413733788262334,0.0,49.97665014537165,0.0,45.59507183022346,0.0,45.30252248794169,0.0,0.0,0.0,0.0,0.0,0.0,0.0
10.0,3.91129556477824,0.0035003489258614,0.0035003489208,0.999993873758619,0.999993873758618,49.4137337794799,0.0,49.97664990108955,0.0,45.59507182736372,0.0,45.30252243685446,0.0,0.0,0.0,0.0,0.0,0.0,0.0
10.0,3.91154557727886,0.0035003838951684,0.0035003838901093,0.999993873636213,0.9999938736362132,49.41373377069674,0.0,49.976649656793775,0.0,45.595071824503805,0.0,45.30252238576399,0.0,0.0,0.0,0.0,0.0,0.0,0.0
10.0,3.91179558977949,0.0035004188663332,0.0035004188612765,0.9999938735138,0.9999938735138,49.41373376191287,0.0,49.976649412484335,0.0,45.59507182164369,0.0,45.30252233467028,0.0,0.0,0.0,0.0,0.0,0.0,0.0
10.0,3.91204560228011,0.0035004538393559,0.0035004538343016,0.999993873391379,0.999993873391379,49.413733753128255,0.0,49.97664916816122,0.0,45.5950718187834,0.0,45.30252228357333,0.0,0.0,0.0,0.0,0.0,0.0,0.0
10.0,3.91229561478074,0.0035004888142364,0.0035004888091845,0.99999387326895,0.99999387326895,49.41373374434293,0.0,49.97664892382445,0.0,45.59507181592293,0.0,45.30252223247316,0.0,0.0,0.0,0.0,0.0,0.0,0.0
10.0,3.91254562728136,0.0035005237909745,0.0035005237859251,0.999993873146514,0.999993873146514,49.41373373555686,0.0,49.97664867947401,0.0,45.59507181306228,0.0,45.30252218136975,0.0,0.0,0.0,0.0,0.0,0.0,0.0
10.0,3.91279563978199,0.0035005587695704,0.0035005587645233,0.99999387302407,0.99999387302407,49.41373372677008,0.0,49.97664843510992,0.0,45.59507181020144,0.0,45.30252213026309,0.0,0.0,0.0,0.0,0.0,0.0,0.0
10.0,3.91304565228261,0.0035005937500238,0.0035005937449791,0.999993872901618,0.999993872901617,49.41373371798257,0.0,49.97664819073216,0.0,45.59507180734042,0.0,45.302522079153206,0.0,0.0,0.0,0.0,0.0,0.0,0.0
10.0,3.91329566478324,0.0035006287323348,0.0035006287272925,0.999993872779158,0.999993872779158,49.41373370919434,0.0,49.97664794634074,0.0,45.59507180447921,0.0,45.30252202804007,0.0,0.0,0.0,0.0,0.0,0.0,0.0
10.0,3.91354567728386,0.0035006637165032,0.0035006637114633,0.999993872656691,0.999993872656691,49.41373370040539,0.0,49.97664770193568,0.0,45.59507180161781,0.0,45.30252197692372,0.0,0.0,0.0,0.0,0.0,0.0,0.0
10.0,3.9137956897844894,0.0035006987025291,0.0035006986974916,0.999993872534216,0.999993872534216,49.4137336916157,0.0,49.97664745751696,0.0,45.59507179875625,0.0,45.30252192580412,0.0,0.0,0.0,0.0,0.0,0.0,0.0
10.0,3.91404570228511,0.0035007336904123,0.0035007336853772,0.999993872411733,0.9999938724117328,49.4137336828253,0.0,49.97664721308458,0.0,45.59507179589449,0.0,45.30252187468129,0.0,0.0,0.0,0.0,0.0,0.0,0.0
10.0,3.91429571478574,0.0035007686801528,0.0035007686751201,0.999993872289243,0.999993872289243,49.41373367403416,0.0,49.97664696863857,0.0,45.59507179303255,0.0,45.30252182355522,0.0,0.0,0.0,0.0,0.0,0.0,0.0
10.0,3.91454572728636,0.0035008036717505,0.0035008036667202,0.999993872166744,0.999993872166744,49.413733665242304,0.0,49.9766467241789,0.0,45.59507179017043,0.0,45.30252177242591,0.0,0.0,0.0,0.0,0.0,0.0,0.0
10.0,3.91479573978699,0.0035008386652054,0.0035008386601775,0.9999938720442388,0.999993872044238,49.41373365644973,0.0,49.97664647970558,0.0,45.59507178730812,0.0,45.302521721293374,0.0,0.0,0.0,0.0,0.0,0.0,0.0
10.0,3.91504575228761,0.0035008736605174,0.0035008736554919,0.999993871921725,0.999993871921725,49.41373364765642,0.0,49.97664623521862,0.0,45.59507178444563,0.0,45.30252167015759,0.0,0.0,0.0,0.0,0.0,0.0,0.0
10.0,3.91529576478824,0.0035009086576865,0.0035009086526633,0.999993871799204,0.999993871799203,49.41373363886238,0.0,49.97664599071802,0.0,45.59507178158296,0.0,45.30252161901857,0.0,0.0,0.0,0.0,0.0,0.0,0.0
10.0,3.91554577728886,0.0035009436567125,0.0035009436516917,0.999993871676674,0.999993871676674,49.413733630067625,0.0,49.97664574620377,0.0,45.5950717787201,0.0,45.30252156787632,0.0,0.0,0.0,0.0,0.0,0.0,0.0
10.0,3.91579578978949,0.0035009786575955,0.0035009786525771,0.999993871554138,0.999993871554137,49.413733621272144,0.0,49.976645501675904,0.0,45.595071775857065,0.0,45.30252151673083,0.0,0.0,0.0,0.0,0.0,0.0,0.0
10.0,3.91604580229011,0.0035010136603353,0.0035010136553193,0.999993871431593,0.9999938714315932,49.41373361247594,0.0,49.97664525713439,0.0,45.59507177299385,0.0,45.30252146558211,0.0,0.0,0.0,0.0,0.0,0.0,0.0
10.0,3.91629581479074,0.0035010486649319,0.0035010486599183,0.999993871309041,0.99999387130904,49.413733603679006,0.0,49.97664501257924,0.0,45.59507177013043,0.0,45.30252141443015,0.0,0.0,0.0,0.0,0.0,0.0,0.0
10.0,3.91654582729136,0.0035010836713853,0.003501083666374,0.9999938711864808,0.999993871186481,49.41373359488134,0.0,49.97664476801046,0.0,45.595071767266845,0.0,45.30252136327494,0.0,0.0,0.0,0.0,0.0,0.0,0.0
10.0,3.91679583979199,0.0035011186796954,0.0035011186746865,0.9999938710639132,0.999993871063913,49.41373358608296,0.0,49.97664452342805,0.0,45.595071764403066,0.0,45.30252131211651,0.0,0.0,0.0,0.0,0.0,0.0,0.0
10.0,3.91704585229261,0.003501153689862,0.0035011536848555,0.999993870941338,0.999993870941337,49.41373357728385,0.0,49.97664427883202,0.0,45.59507176153911,0.0,45.30252126095483,0.0,0.0,0.0,0.0,0.0,0.0,0.0
10.0,3.91729586479324,0.0035011887018853,0.0035011886968812,0.999993870818754,0.999993870818754,49.41373356848401,0.0,49.97664403422235,0.0,45.595071758674976,0.0,45.30252120978994,0.0,0.0,0.0,0.0,0.0,0.0,0.0
10.0,3.91754587729386,0.003501223715765,0.0035012237107633,0.999993870696163,0.999993870696163,49.41373355968345,0.0,49.97664378959906,0.0,45.59507175581064,0.0,45.302521158621786,0.0,0.0,0.0,0.0,0.0,0.0,0.0
10.0,3.91779588979449,0.0035012587315012,0.0035012587265018,0.9999938705735651,0.999993870573564,49.41373355088217,0.0,49.97664354496215,0.0,45.59507175294614,0.0,45.30252110745041,0.0,0.0,0.0,0.0,0.0,0.0,0.0
10.0,3.91804590229511,0.0035012937490937,0.0035012937440967,0.999993870450958,0.999993870450958,49.413733542080166,0.0,49.97664330031162,0.0,45.59507175008145,0.0,45.30252105627579,0.0,0.0,0.0,0.0,0.0,0.0,0.0
10.0,3.91829591479574,0.0035013287685426,0.003501328763548,0.999993870328344,0.999993870328344,49.413733533277416,0.0,49.97664305564747,0.0,45.59507174721658,0.0,45.30252100509794,0.0,0.0,0.0,0.0,0.0,0.0,0.0
10.0,3.91854592729636,0.0035013637898477,0.0035013637848554,0.9999938702057218,0.999993870205722,49.41373352447396,0.0,49.97664281096971,0.0,45.59507174435152,0.0,45.30252095391685,0.0,0.0,0.0,0.0,0.0,0.0,0.0
10.0,3.91879593979699,0.003501398813009,0.0035013988080191,0.999993870083093,0.999993870083092,49.41373351566977,0.0,49.976642566278336,0.0,45.59507174148628,0.0,45.30252090273253,0.0,0.0,0.0,0.0,0.0,0.0,0.0
10.0,3.91904595229762,0.0035014338380264,0.0035014338330389,0.999993869960455,0.9999938699604548,49.41373350686485,0.0,49.976642321573344,0.0,45.59507173862085,0.0,45.30252085154496,0.0,0.0,0.0,0.0,0.0,0.0,0.0
10.0,3.91929596479824,0.0035014688648999,0.0035014688599148,0.99999386983781,0.99999386983781,49.413733498059216,0.0,49.976642076854745,0.0,45.59507173575524,0.0,45.30252080035417,0.0,0.0,0.0,0.0,0.0,0.0,0.0
10.0,3.91954597729886,0.0035015038936294,0.0035015038886467,0.999993869715158,0.999993869715157,49.413733489252856,0.0,49.97664183212254,0.0,45.59507173288945,0.0,45.30252074916014,0.0,0.0,0.0,0.0,0.0,0.0,0.0
10.0,3.91979598979949,0.0035015389242149,0.0035015389192345,0.999993869592497,0.999993869592497,49.41373348044576,0.0,49.97664158737673,0.0,45.59507173002349,0.0,45.30252069796286,0.0,0.0,0.0,0.0,0.0,0.0,0.0
10.0,3.92004600230011,0.0035015739566563,0.0035015739516782,0.999993869469829,0.999993869469829,49.41373347163795,0.0,49.97664134261731,0.0,45.59507172715732,0.0,45.30252064676236,0.0,0.0,0.0,0.0,0.0,0.0,0.0
10.0,3.92029601480074,0.0035016089909534,0.0035016089859778,0.999993869347153,0.9999938693471532,49.4137334628294,0.0,49.97664109784429,0.0,45.59507172429098,0.0,45.30252059555862,0.0,0.0,0.0,0.0,0.0,0.0,0.0
10.0,3.9205460273013695,0.0035016440271064,0.0035016440221331,0.999993869224469,0.999993869224469,49.41373345402014,0.0,49.97664085305768,0.0,45.59507172142446,0.0,45.30252054435164,0.0,0.0,0.0,0.0,0.0,0.0,0.0
10.0,3.92079603980199,0.003501679065115,0.0035016790601441,0.999993869101778,0.999993869101778,49.41373344521015,0.0,49.97664060825747,0.0,45.59507171855775,0.0,45.30252049314142,0.0,0.0,0.0,0.0,0.0,0.0,0.0
10.0,3.92104605230262,0.0035017141049793,0.0035017141000108,0.999993868979079,0.9999938689790792,49.41373343639943,0.0,49.976640363443664,0.0,45.595071715690864,0.0,45.302520441927975,0.0,0.0,0.0,0.0,0.0,0.0,0.0
10.0,3.92129606480324,0.0035017491466992,0.003501749141733,0.999993868856372,0.999993868856372,49.41373342758799,0.0,49.97664011861626,0.0,45.595071712823774,0.0,45.30252039071129,0.0,0.0,0.0,0.0,0.0,0.0,0.0
10.0,3.92154607730387,0.0035017841902746,0.0035017841853108,0.999993868733658,0.999993868733658,49.41373341877581,0.0,49.97663987377527,0.0,45.59507170995653,0.0,45.302520339491366,0.0,0.0,0.0,0.0,0.0,0.0,0.0
10.0,3.92179608980449,0.0035018192357054,0.003501819230744,0.999993868610936,0.999993868610935,49.41373340996292,0.0,49.97663962892069,0.0,45.59507170708908,0.0,45.3025202882682,0.0,0.0,0.0,0.0,0.0,0.0,0.0
10.0,3.92204610230512,0.0035018542829917,0.0035018542780326,0.999993868488206,0.9999938684882048,49.413733401149294,0.0,49.976639384052525,0.0,45.59507170422145,0.0,45.30252023704181,0.0,0.0,0.0,0.0,0.0,0.0,0.0
10.0,3.92229611480574,0.0035018893321333,0.0035018893271765,0.999993868365468,0.999993868365467,49.41373339233494,0.0,49.97663913917077,0.0,45.595071701353646,0.0,45.30252018581217,0.0,0.0,0.0,0.0,0.0,0.0,0.0
10.0,3.92254612730637,0.0035019243831301,0.0035019243781758,0.999993868242722,0.999993868242722,49.41373338351987,0.0,49.97663889427544,0.0,45.59507169848565,0.0,45.3025201345793,0.0,0.0,0.0,0.0,0.0,0.0,0.0
10.0,3.92279613980699,0.0035019594359822,0.0035019594310302,0.999993868119969,0.999993868119969,49.41373337470407,0.0,49.97663864936653,0.0,45.59507169561748,0.0,45.3025200833432,0.0,0.0,0.0,0.0,0.0,0.0,0.0
10.0,3.92304615230762,0.0035019944906894,0.0035019944857398,0.999993867997208,0.999993867997208,49.41373336588754,0.0,49.97663840444403,0.0,45.59507169274912,0.0,45.30252003210386,0.0,0.0,0.0,0.0,0.0,0.0,0.0
10.0,3.92329616480824,0.0035020295472518,0.0035020295423045,0.99999386787444,0.999993867874439,49.413733357070285,0.0,49.97663815950797,0.0,45.59507168988058,0.0,45.30251998086128,0.0,0.0,0.0,0.0,0.0,0.0,0.0
10.0,3.92354617730887,0.0035020646056691,0.0035020646007242,0.999993867751663,0.999993867751663,49.41373334825231,0.0,49.97663791455832,0.0,45.59507168701186,0.0,45.30251992961547,0.0,0.0,0.0,0.0,0.0,0.0,0.0
10.0,3.92379618980949,0.0035020996659415,0.0035020996609989,0.999993867628879,0.999993867628879,49.413733339433605,0.0,49.97663766959512,0.0,45.595071684142944,0.0,45.30251987836642,0.0,0.0,0.0,0.0,0.0,0.0,0.0
10.0,3.92404620231012,0.0035021347280687,0.0035021347231285,0.999993867506087,0.9999938675060868,49.41373333061418,0.0,49.97663742461834,0.0,45.59507168127385,0.0,45.30251982711413,0.0,0.0,0.0,0.0,0.0,0.0,0.0
10.0,3.92429621481074,0.0035021697920508,0.0035021697871129,0.999993867383288,0.999993867383287,49.41373332179402,0.0,49.97663717962799,0.0,45.59507167840458,0.0,45.30251977585861,0.0,0.0,0.0,0.0,0.0,0.0,0.0
10.0,3.92454622731137,0.0035022048578877,0.0035022048529522,0.99999386726048,0.99999386726048,49.41373331297314,0.0,49.97663693462408,0.0,45.59507167553512,0.0,45.302519724599854,0.0,0.0,0.0,0.0,0.0,0.0,0.0
10.0,3.92479623981199,0.0035022399255793,0.0035022399206461,0.999993867137666,0.9999938671376648,49.41373330415153,0.0,49.97663668960661,0.0,45.59507167266548,0.0,45.302519673337855,0.0,0.0,0.0,0.0,0.0,0.0,0.0
10.0,3.92504625231262,0.0035022749951256,0.0035022749901947,0.999993867014843,0.999993867014842,49.4137332953292,0.0,49.97663644457557,0.0,45.59507166979565,0.0,45.30251962207262,0.0,0.0,0.0,0.0,0.0,0.0,0.0
10.0,3.92529626481324,0.0035023100665265,0.003502310061598,0.999993866892012,0.999993866892012,49.41373328650614,0.0,49.97663619953098,0.0,45.595071666925634,0.0,45.30251957080416,0.0,0.0,0.0,0.0,0.0,0.0,0.0
10.0,3.92554627731387,0.0035023451397819,0.0035023451348557,0.999993866769174,0.999993866769174,49.41373327768235,0.0,49.97663595447283,0.0,45.59507166405544,0.0,45.30251951953245,0.0,0.0,0.0,0.0,0.0,0.0,0.0
10.0,3.92579628981449,0.0035023802148918,0.003502380209968,0.999993866646328,0.999993866646328,49.41373326885783,0.0,49.97663570940113,0.0,45.595071661185074,0.0,45.30251946825752,0.0,0.0,0.0,0.0,0.0,0.0,0.0
10.0,3.92604630231512,0.0035024152918561,0.0035024152869347,0.999993866523474,0.999993866523474,49.41373326003259,0.0,49.97663546431589,0.0,45.59507165831451,0.0,45.30251941697934,0.0,0.0,0.0,0.0,0.0,0.0,0.0
10.0,3.92629631481574,0.0035024503706748,0.0035024503657557,0.999993866400613,0.9999938664006128,49.41373325120662,0.0,49.97663521921708,0.0,45.59507165544377,0.0,45.30251936569793,0.0,0.0,0.0,0.0,0.0,0.0,0.0
10.0,3.92654632731637,0.0035024854513478,0.003502485446431,0.999993866277744,0.999993866277744,49.413733242379934,0.0,49.97663497410474,0.0,45.59507165257284,0.0,45.30251931441328,0.0,0.0,0.0,0.0,0.0,0.0,0.0
10.0,3.92679633981699,0.003502520533875,0.0035025205289606,0.999993866154868,0.999993866154867,49.41373323355251,0.0,49.97663472897885,0.0,45.59507164970173,0.0,45.3025192631254,0.0,0.0,0.0,0.0,0.0,0.0,0.0
10.0,3.92704635231762,0.0035025556182564,0.0035025556133443,0.999993866031983,0.9999938660319831,49.41373322472437,0.0,49.97663448383942,0.0,45.595071646830434,0.0,45.30251921183428,0.0,0.0,0.0,0.0,0.0,0.0,0.0
10.0,3.92729636481824,0.0035025907044919,0.0035025906995822,0.99999386590909,0.99999386590909,49.4137332158955,0.0,49.97663423868645,0.0,45.59507164395896,0.0,45.30251916053992,0.0,0.0,0.0,0.0,0.0,0.0,0.0
10.0,3.92754637731887,0.0035026257925815,0.0035026257876741,0.9999938657861912,0.99999386578619,49.413733207065896,0.0,49.97663399351994,0.0,45.5950716410873,0.0,45.30251910924233,0.0,0.0,0.0,0.0,0.0,0.0,0.0
10.0,3.92779638981949,0.0035026608825251,0.00350266087762,0.999993865663283,0.999993865663283,49.41373319823557,0.0,49.97663374833989,0.0,45.59507163821546,0.0,45.3025190579415,0.0,0.0,0.0,0.0,0.0,0.0,0.0
10.0,3.92804640232012,0.0035026959743226,0.0035026959694199,0.999993865540367,0.999993865540367,49.413733189404525,0.0,49.97663350314632,0.0,45.59507163534344,0.0,45.30251900663744,0.0,0.0,0.0,0.0,0.0,0.0,0.0
10.0,3.928296414820741,0.003502731067974,0.0035027310630736,0.999993865417444,0.999993865417444,49.41373318057274,0.0,49.97663325793921,0.0,45.59507163247122,0.0,45.30251895533013,0.0,0.0,0.0,0.0,0.0,0.0,0.0
10.0,3.92854642732137,0.0035027661634792,0.0035027661585811,0.9999938652945128,0.999993865294513,49.41373317174024,0.0,49.97663301271859,0.0,45.59507162959883,0.0,45.3025189040196,0.0,0.0,0.0,0.0,0.0,0.0,0.0
10.0,3.92879643982199,0.0035028012608381,0.0035028012559424,0.9999938651715752,0.999993865171575,49.41373316290701,0.0,49.976632767484425,0.0,45.595071626726245,0.0,45.30251885270583,0.0,0.0,0.0,0.0,0.0,0.0,0.0
10.0,3.92904645232262,0.0035028363600507,0.0035028363551574,0.999993865048628,0.999993865048628,49.41373315407305,0.0,49.97663252223676,0.0,45.59507162385349,0.0,45.30251880138882,0.0,0.0,0.0,0.0,0.0,0.0,0.0
10.0,3.92929646482324,0.003502871461117,0.0035028714562259,0.999993864925674,0.999993864925674,49.41373314523837,0.0,49.97663227697554,0.0,45.59507162098054,0.0,45.30251875006858,0.0,0.0,0.0,0.0,0.0,0.0,0.0
10.0,3.92954647732387,0.0035029065640368,0.0035029065591481,0.999993864802712,0.999993864802712,49.41373313640296,0.0,49.97663203170083,0.0,45.59507161810741,0.0,45.3025186987451,0.0,0.0,0.0,0.0,0.0,0.0,0.0
10.0,3.92979648982449,0.0035029416688101,0.0035029416639238,0.9999938646797428,0.999993864679743,49.413733127566815,0.0,49.97663178641261,0.0,45.5950716152341,0.0,45.30251864741837,0.0,0.0,0.0,0.0,0.0,0.0,0.0
10.0,3.93004650232512,0.0035029767754369,0.0035029767705528,0.999993864556766,0.999993864556766,49.41373311872994,0.0,49.97663154111085,0.0,45.59507161236061,0.0,45.302518596088426,0.0,0.0,0.0,0.0,0.0,0.0,0.0
10.0,3.93029651482574,0.003503011883917,0.0035030118790353,0.999993864433781,0.99999386443378,49.41373310989236,0.0,49.9766312957956,0.0,45.595071609486936,0.0,45.30251854475524,0.0,0.0,0.0,0.0,0.0,0.0,0.0
10.0,3.93054652732637,0.0035030469942505,0.0035030469893711,0.999993864310788,0.999993864310788,49.41373310105405,0.0,49.97663105046683,0.0,45.59507160661308,0.0,45.30251849341881,0.0,0.0,0.0,0.0,0.0,0.0,0.0
10.0,3.93079653982699,0.0035030821064373,0.0035030821015602,0.999993864187788,0.999993864187787,49.413733092215,0.0,49.97663080512456,0.0,45.59507160373902,0.0,45.30251844207916,0.0,0.0,0.0,0.0,0.0,0.0,0.0
10.0,3.93104655232762,0.0035031172204772,0.0035031172156025,0.99999386406478,0.999993864064779,49.413733083375234,0.0,49.97663055976879,0.0,45.5950716008648,0.0,45.30251839073625,0.0,0.0,0.0,0.0,0.0,0.0,0.0
10.0,3.93129656482824,0.0035031523363703,0.0035031523314979,0.999993863941764,0.999993863941763,49.413733074534726,0.0,49.97663031439952,0.0,45.5950715979904,0.0,45.302518339390126,0.0,0.0,0.0,0.0,0.0,0.0,0.0
10.0,3.93154657732887,0.0035031874541164,0.0035031874492464,0.99999386381874,0.99999386381874,49.4137330656935,0.0,49.97663006901674,0.0,45.5950715951158,0.0,45.30251828804076,0.0,0.0,0.0,0.0,0.0,0.0,0.0
10.0,3.93179658982949,0.0035032225737156,0.0035032225688479,0.999993863695709,0.999993863695709,49.41373305685155,0.0,49.97662982362047,0.0,45.59507159224102,0.0,45.30251823668815,0.0,0.0,0.0,0.0,0.0,0.0,0.0
10.0,3.93204660233012,0.0035032576951677,0.0035032576903023,0.9999938635726698,0.99999386357267,49.41373304800887,0.0,49.97662957821071,0.0,45.59507158936606,0.0,45.30251818533231,0.0,0.0,0.0,0.0,0.0,0.0,0.0
10.0,3.93229661483074,0.0035032928184728,0.0035032928136097,0.999993863449623,0.9999938634496232,49.41373303916546,0.0,49.97662933278746,0.0,45.59507158649091,0.0,45.30251813397323,0.0,0.0,0.0,0.0,0.0,0.0,0.0
10.0,3.93254662733137,0.0035033279436306,0.0035033279387698,0.999993863326568,0.999993863326568,49.41373303032133,0.0,49.97662908735072,0.0,45.59507158361559,0.0,45.30251808261091,0.0,0.0,0.0,0.0,0.0,0.0,0.0
10.0,3.93279663983199,0.0035033630706412,0.0035033630657828,0.999993863203506,0.999993863203506,49.41373302147647,0.0,49.97662884190049,0.0,45.59507158074007,0.0,45.30251803124536,0.0,0.0,0.0,0.0,0.0,0.0,0.0
10.0,3.93304665233262,0.0035033981995046,0.0035033981946484,0.999993863080436,0.999993863080436,49.413733012630885,0.0,49.97662859643678,0.0,45.59507157786437,0.0,45.30251797987658,0.0,0.0,0.0,0.0,0.0,0.0,0.0
10.0,3.93329666483324,0.0035034333302206,0.0035034333253668,0.999993862957358,0.999993862957358,49.41373300378457,0.0,49.97662835095959,0.0,45.595071574988495,0.0,45.30251792850456,0.0,0.0,0.0,0.0,0.0,0.0,0.0
10.0,3.93354667733387,0.0035034684627891,0.0035034684579377,0.999993862834273,0.9999938628342732,49.413732994937526,0.0,49.976628105468926,0.0,45.59507157211243,0.0,45.3025178771293,0.0,0.0,0.0,0.0,0.0,0.0,0.0
10.0,3.9337966898344896,0.0035035035972103,0.0035035035923611,0.99999386271118,0.9999938627111798,49.41373298608976,0.0,49.97662785996477,0.0,45.59507156923619,0.0,45.30251782575082,0.0,0.0,0.0,0.0,0.0,0.0,0.0
10.0,3.93404670233512,0.0035035387334838,0.003503538728637,0.999993862588079,0.999993862588079,49.41373297724127,0.0,49.97662761444717,0.0,45.59507156635976,0.0,45.302517774369086,0.0,0.0,0.0,0.0,0.0,0.0,0.0
10.0,3.93429671483574,0.0035035738716098,0.0035035738667653,0.999993862464971,0.99999386246497,49.41373296839204,0.0,49.97662736891608,0.0,45.595071563483145,0.0,45.30251772298411,0.0,0.0,0.0,0.0,0.0,0.0,0.0
10.0,3.93454672733637,0.0035036090115881,0.0035036090067459,0.999993862341854,0.999993862341854,49.41373295954209,0.0,49.97662712337153,0.0,45.59507156060635,0.0,45.30251767159592,0.0,0.0,0.0,0.0,0.0,0.0,0.0
10.0,3.93479673983699,0.0035036441534188,0.0035036441485788,0.99999386221873,0.99999386221873,49.41373295069141,0.0,49.97662687781351,0.0,45.595071557729376,0.0,45.30251762020448,0.0,0.0,0.0,0.0,0.0,0.0,0.0
10.0,3.935046752337621,0.0035036792971016,0.003503679292264,0.999993862095598,0.999993862095598,49.41373294184,0.0,49.97662663224203,0.0,45.59507155485221,0.0,45.302517568809805,0.0,0.0,0.0,0.0,0.0,0.0,0.0
10.0,3.93529676483824,0.0035037144426366,0.0035037144378013,0.999993861972459,0.999993861972459,49.41373293298788,0.0,49.97662638665709,0.0,45.59507155197487,0.0,45.30251751741189,0.0,0.0,0.0,0.0,0.0,0.0,0.0
10.0,3.93554677733887,0.0035037495900237,0.0035037495851907,0.999993861849312,0.999993861849312,49.41373292413502,0.0,49.97662614105869,0.0,45.59507154909733,0.0,45.30251746601076,0.0,0.0,0.0,0.0,0.0,0.0,0.0
10.0,3.93579678983949,0.0035037847392628,0.0035037847344321,0.999993861726157,0.999993861726157,49.41373291528143,0.0,49.97662589544684,0.0,45.59507154621962,0.0,45.30251741460638,0.0,0.0,0.0,0.0,0.0,0.0,0.0
10.0,3.93604680234012,0.0035038198903539,0.0035038198855256,0.999993861602994,0.999993861602994,49.41373290642712,0.0,49.976625649821536,0.0,45.59507154334173,0.0,45.30251736319876,0.0,0.0,0.0,0.0,0.0,0.0,0.0
10.0,3.93629681484074,0.003503855043297,0.0035038550384709,0.999993861479824,0.999993861479823,49.41373289757208,0.0,49.97662540418278,0.0,45.59507154046365,0.0,45.30251731178791,0.0,0.0,0.0,0.0,0.0,0.0,0.0
10.0,3.93654682734137,0.0035038901980918,0.0035038901932681,0.999993861356646,0.999993861356645,49.413732888716304,0.0,49.97662515853059,0.0,45.59507153758538,0.0,45.30251726037382,0.0,0.0,0.0,0.0,0.0,0.0,0.0
10.0,3.93679683984199,0.0035039253547385,0.0035039253499171,0.99999386123346,0.99999386123346,49.41373287985981,0.0,49.976624912864935,0.0,45.59507153470694,0.0,45.302517208956495,0.0,0.0,0.0,0.0,0.0,0.0,0.0
10.0,3.93704685234262,0.0035039605132369,0.0035039605084178,0.999993861110266,0.999993861110266,49.41373287100259,0.0,49.97662466718586,0.0,45.59507153182831,0.0,45.30251715753594,0.0,0.0,0.0,0.0,0.0,0.0,0.0
10.0,3.93729686484324,0.003503995673587,0.0035039956687702,0.999993860987065,0.999993860987065,49.41373286214464,0.0,49.97662442149334,0.0,45.5950715289495,0.0,45.30251710611214,0.0,0.0,0.0,0.0,0.0,0.0,0.0
10.0,3.93754687734387,0.0035040308357887,0.0035040308309742,0.999993860863856,0.999993860863856,49.41373285328595,0.0,49.97662417578738,0.0,45.595071526070505,0.0,45.302517054685104,0.0,0.0,0.0,0.0,0.0,0.0,0.0
10.0,3.93779688984449,0.003504065999842,0.0035040659950297,0.999993860740639,0.999993860740639,49.41373284442655,0.0,49.976623930068,0.0,45.59507152319132,0.0,45.30251700325484,0.0,0.0,0.0,0.0,0.0,0.0,0.0
10.0,3.93804690234512,0.0035041011657467,0.0035041011609368,0.999993860617415,0.9999938606174148,49.41373283556641,0.0,49.976623684335166,0.0,45.59507152031196,0.0,45.30251695182134,0.0,0.0,0.0,0.0,0.0,0.0,0.0
10.0,3.93829691484574,0.0035041363335029,0.0035041363286953,0.999993860494183,0.999993860494182,49.41373282670556,0.0,49.97662343858892,0.0,45.59507151743241,0.0,45.3025169003846,0.0,0.0,0.0,0.0,0.0,0.0,0.0
10.0,3.93854692734637,0.0035041715031104,0.0035041714983051,0.999993860370943,0.999993860370942,49.41373281784396,0.0,49.97662319282925,0.0,45.59507151455268,0.0,45.30251684894463,0.0,0.0,0.0,0.0,0.0,0.0,0.0
10.0,3.93879693984699,0.0035042066745693,0.0035042066697662,0.999993860247695,0.999993860247695,49.41373280898165,0.0,49.97662294705616,0.0,45.59507151167277,0.0,45.30251679750142,0.0,0.0,0.0,0.0,0.0,0.0,0.0
10.0,3.93904695234762,0.0035042418478793,0.0035042418430786,0.99999386012444,0.999993860124439,49.4137328001186,0.0,49.976622701269655,0.0,45.59507150879267,0.0,45.30251674605496,0.0,0.0,0.0,0.0,0.0,0.0,0.0
10.0,3.93929696484824,0.0035042770230406,0.0035042770182422,0.999993860001177,0.999993860001176,49.41373279125483,0.0,49.97662245546973,0.0,45.59507150591239,0.0,45.30251669460528,0.0,0.0,0.0,0.0,0.0,0.0,0.0
10.0,3.93954697734887,0.003504312200053,0.0035043121952569,0.999993859877906,0.999993859877905,49.413732782390326,0.0,49.97662220965638,0.0,45.59507150303192,0.0,45.302516643152366,0.0,0.0,0.0,0.0,0.0,0.0,0.0
10.0,3.93979698984949,0.0035043473789165,0.0035043473741226,0.999993859754627,0.9999938597546272,49.41373277352509,0.0,49.97662196382963,0.0,45.59507150015127,0.0,45.30251659169621,0.0,0.0,0.0,0.0,0.0,0.0,0.0
10.0,3.94004700235012,0.0035043825596309,0.0035043825548394,0.999993859631341,0.999993859631341,49.41373276465914,0.0,49.976621717989474,0.0,45.59507149727045,0.0,45.30251654023682,0.0,0.0,0.0,0.0,0.0,0.0,0.0
10.0,3.94029701485074,0.0035044177421963,0.003504417737407,0.999993859508047,0.999993859508047,49.41373275579246,0.0,49.9766214721359,0.0,45.59507149438943,0.0,45.3025164887742,0.0,0.0,0.0,0.0,0.0,0.0,0.0
10.0,3.94054702735137,0.0035044529266126,0.0035044529218256,0.999993859384745,0.999993859384745,49.41373274692505,0.0,49.97662122626895,0.0,45.59507149150824,0.0,45.30251643730833,0.0,0.0,0.0,0.0,0.0,0.0,0.0
10.0,3.94079703985199,0.0035044881128797,0.003504488108095,0.999993859261436,0.999993859261436,49.41373273805691,0.0,49.97662098038858,0.0,45.59507148862686,0.0,45.30251638583923,0.0,0.0,0.0,0.0,0.0,0.0,0.0
10.0,3.94104705235262,0.0035045233009975,0.0035045232962151,0.9999938591381192,0.999993859138118,49.41373272918804,0.0,49.97662073449482,0.0,45.59507148574529,0.0,45.302516334366906,0.0,0.0,0.0,0.0,0.0,0.0,0.0
10.0,3.94129706485324,0.003504558490966,0.003504558486186,0.999993859014794,0.999993859014794,49.41373272031845,0.0,49.97662048858767,0.0,45.595071482863545,0.0,45.30251628289133,0.0,0.0,0.0,0.0,0.0,0.0,0.0
10.0,3.94154707735387,0.0035045936827852,0.0035045936780074,0.9999938588914612,0.999993858891461,49.41373271144812,0.0,49.97662024266712,0.0,45.59507147998161,0.0,45.302516231412525,0.0,0.0,0.0,0.0,0.0,0.0,0.0
10.0,3.94179708985449,0.003504628876455,0.0035046288716795,0.999993858768121,0.999993858768121,49.41373270257707,0.0,49.97661999673319,0.0,45.595071477099495,0.0,45.30251617993049,0.0,0.0,0.0,0.0,0.0,0.0,0.0
10.0,3.94204710235512,0.0035046640719752,0.003504664067202,0.9999938586447727,0.999993858644773,49.4137326937053,0.0,49.976619750785886,0.0,45.5950714742172,0.0,45.302516128445205,0.0,0.0,0.0,0.0,0.0,0.0,0.0
10.0,3.94229711485574,0.0035046992693459,0.003504699264575,0.9999938585214168,0.9999938585214168,49.41373268483279,0.0,49.97661950482518,0.0,45.59507147133471,0.0,45.3025160769567,0.0,0.0,0.0,0.0,0.0,0.0,0.0
10.0,3.94254712735637,0.003504734468567,0.0035047344637984,0.999993858398054,0.999993858398053,49.41373267595955,0.0,49.97661925885111,0.0,45.59507146845205,0.0,45.30251602546495,0.0,0.0,0.0,0.0,0.0,0.0,0.0
10.0,3.9427971398569897,0.0035047696696385,0.0035047696648721,0.999993858274682,0.999993858274682,49.41373266708559,0.0,49.97661901286365,0.0,45.595071465569205,0.0,45.30251597396997,0.0,0.0,0.0,0.0,0.0,0.0,0.0
10.0,3.94304715235762,0.0035048048725601,0.0035048048677961,0.999993858151303,0.999993858151303,49.4137326582109,0.0,49.97661876686283,0.0,45.59507146268617,0.0,45.30251592247175,0.0,0.0,0.0,0.0,0.0,0.0,0.0
10.0,3.94329716485824,0.003504840077332,0.0035048400725702,0.999993858027917,0.9999938580279168,49.41373264933548,0.0,49.97661852084864,0.0,45.59507145980295,0.0,45.30251587097029,0.0,0.0,0.0,0.0,0.0,0.0,0.0
10.0,3.94354717735887,0.0035048752839541,0.0035048752791946,0.999993857904522,0.999993857904522,49.41373264045933,0.0,49.976618274821085,0.0,45.59507145691956,0.0,45.3025158194656,0.0,0.0,0.0,0.0,0.0,0.0,0.0
10.0,3.94379718985949,0.0035049104924262,0.003504910487669,0.99999385778112,0.99999385778112,49.413732631582455,0.0,49.97661802878015,0.0,45.59507145403599,0.0,45.30251576795767,0.0,0.0,0.0,0.0,0.0,0.0,0.0
10.0,3.94404720236012,0.0035049457027484,0.0035049456979934,0.99999385765771,0.99999385765771,49.41373262270485,0.0,49.976617782725874,0.0,45.59507145115221,0.0,45.302515716446514,0.0,0.0,0.0,0.0,0.0,0.0,0.0
10.0,3.94429721486074,0.0035049809149205,0.0035049809101678,0.999993857534293,0.999993857534292,49.41373261382652,0.0,49.97661753665823,0.0,45.59507144826826,0.0,45.30251566493212,0.0,0.0,0.0,0.0,0.0,0.0,0.0
10.0,3.94454722736137,0.0035050161289425,0.0035050161241921,0.999993857410867,0.9999938574108672,49.41373260494746,0.0,49.97661729057724,0.0,45.59507144538413,0.0,45.302515613414485,0.0,0.0,0.0,0.0,0.0,0.0,0.0
10.0,3.94479723986199,0.0035050513448143,0.0035050513400662,0.999993857287434,0.999993857287434,49.41373259606767,0.0,49.976617044482886,0.0,45.595071442499815,0.0,45.302515561893614,0.0,0.0,0.0,0.0,0.0,0.0,0.0
10.0,3.94504725236262,0.003505086562536,0.0035050865577901,0.999993857163993,0.999993857163993,49.41373258718715,0.0,49.97661679837519,0.0,45.59507143961532,0.0,45.30251551036951,0.0,0.0,0.0,0.0,0.0,0.0,0.0
10.0,3.94529726486324,0.0035051217821073,0.0035051217773637,0.999993857040545,0.999993857040545,49.413732578305904,0.0,49.97661655225415,0.0,45.59507143673064,0.0,45.302515458842166,0.0,0.0,0.0,0.0,0.0,0.0,0.0
10.0,3.94554727736387,0.0035051570035283,0.003505156998787,0.999993856917089,0.999993856917089,49.413732569423935,0.0,49.97661630611977,0.0,45.59507143384577,0.0,45.30251540731159,0.0,0.0,0.0,0.0,0.0,0.0,0.0
10.0,3.94579728986449,0.0035051922267989,0.0035051922220599,0.999993856793625,0.999993856793625,49.41373256054123,0.0,49.97661605997204,0.0,45.59507143096072,0.0,45.30251535577777,0.0,0.0,0.0,0.0,0.0,0.0,0.0
10.0,3.94604730236512,0.003505227451919,0.0035052274471823,0.999993856670153,0.999993856670153,49.4137325516578,0.0,49.97661581381099,0.0,45.595071428075485,0.0,45.30251530424073,0.0,0.0,0.0,0.0,0.0,0.0,0.0
10.0,3.94629731486574,0.0035052626788886,0.0035052626741541,0.9999938565466742,0.999993856546673,49.41373254277364,0.0,49.97661556763659,0.0,45.59507142519007,0.0,45.302515252700445,0.0,0.0,0.0,0.0,0.0,0.0,0.0
10.0,3.94654732736637,0.0035052979077076,0.0035052979029754,0.999993856423187,0.9999938564231858,49.41373253388876,0.0,49.97661532144888,0.0,45.59507142230448,0.0,45.30251520115692,0.0,0.0,0.0,0.0,0.0,0.0,0.0
10.0,3.94679733986699,0.003505333138376,0.0035053331336461,0.999993856299692,0.999993856299692,49.413732525003134,0.0,49.97661507524783,0.0,45.59507141941869,0.0,45.30251514961017,0.0,0.0,0.0,0.0,0.0,0.0,0.0
10.0,3.94704735236762,0.0035053683708937,0.003505368366166,0.9999938561761887,0.9999938561761887,49.4137325161168,0.0,49.97661482903346,0.0,45.595071416532726,0.0,45.30251509806018,0.0,0.0,0.0,0.0,0.0,0.0,0.0
10.0,3.94729736486824,0.0035054036052605,0.0035054036005351,0.9999938560526792,0.9999938560526792,49.41373250722972,0.0,49.976614582805766,0.0,45.59507141364658,0.0,45.30251504650696,0.0,0.0,0.0,0.0,0.0,0.0,0.0
10.0,3.94754737736887,0.0035054388414766,0.0035054388367534,0.9999938559291608,0.999993855929161,49.41373249834192,0.0,49.97661433656476,0.0,45.59507141076025,0.0,45.302514994950485,0.0,0.0,0.0,0.0,0.0,0.0,0.0
10.0,3.94779738986949,0.0035054740795417,0.0035054740748208,0.999993855805635,0.999993855805635,49.41373248945339,0.0,49.976614090310434,0.0,45.595071407873725,0.0,45.30251494339079,0.0,0.0,0.0,0.0,0.0,0.0,0.0
10.0,3.94804740237012,0.0035055093194559,0.0035055093147373,0.999993855682102,0.999993855682102,49.41373248056412,0.0,49.9766138440428,0.0,45.595071404987024,0.0,45.30251489182786,0.0,0.0,0.0,0.0,0.0,0.0,0.0
10.0,3.94829741487074,0.0035055445612191,0.0035055445565027,0.999993855558561,0.99999385555856,49.41373247167414,0.0,49.97661359776187,0.0,45.59507140210014,0.0,45.30251484026169,0.0,0.0,0.0,0.0,0.0,0.0,0.0
10.0,3.94854742737137,0.0035055798048312,0.0035055798001171,0.999993855435012,0.999993855435012,49.41373246278342,0.0,49.97661335146761,0.0,45.59507139921308,0.0,45.302514788692285,0.0,0.0,0.0,0.0,0.0,0.0,0.0
10.0,3.94879743987199,0.0035056150502922,0.0035056150455803,0.999993855311455,0.999993855311455,49.41373245389198,0.0,49.97661310516007,0.0,45.59507139632583,0.0,45.30251473711965,0.0,0.0,0.0,0.0,0.0,0.0,0.0
10.0,3.94904745237262,0.0035056502976019,0.0035056502928924,0.999993855187891,0.999993855187891,49.4137324449998,0.0,49.97661285883923,0.0,45.59507139343839,0.0,45.30251468554377,0.0,0.0,0.0,0.0,0.0,0.0,0.0
10.0,3.94929746487324,0.0035056855467604,0.0035056855420531,0.9999938550643188,0.999993855064318,49.4137324361069,0.0,49.97661261250509,0.0,45.59507139055078,0.0,45.30251463396466,0.0,0.0,0.0,0.0,0.0,0.0,0.0
10.0,3.9495474773738697,0.0035057207977676,0.0035057207930625,0.999993854940739,0.9999938549407388,49.41373242721326,0.0,49.97661236615766,0.0,45.59507138766298,0.0,45.30251458238231,0.0,0.0,0.0,0.0,0.0,0.0,0.0
10.0,3.94979748987449,0.0035057560506234,0.0035057560459206,0.999993854817151,0.9999938548171508,49.41373241831892,0.0,49.97661211979694,0.0,45.595071384775,0.0,45.30251453079673,0.0,0.0,0.0,0.0,0.0,0.0,0.0
10.0,3.95004750237512,0.0035057913053277,0.0035057913006272,0.999993854693556,0.999993854693556,49.41373240942382,0.0,49.97661187342295,0.0,45.595071381886825,0.0,45.30251447920792,0.0,0.0,0.0,0.0,0.0,0.0,0.0
10.0,3.95029751487574,0.0035058265618806,0.0035058265571823,0.9999938545699528,0.999993854569953,49.413732400528,0.0,49.97661162703567,0.0,45.59507137899848,0.0,45.302514427615854,0.0,0.0,0.0,0.0,0.0,0.0,0.0
10.0,3.95054752737637,0.0035058618202819,0.0035058618155858,0.999993854446342,0.999993854446342,49.41373239163145,0.0,49.97661138063511,0.0,45.59507137610995,0.0,45.30251437602057,0.0,0.0,0.0,0.0,0.0,0.0,0.0
10.0,3.95079753987699,0.0035058970805315,0.0035058970758377,0.999993854322724,0.999993854322724,49.413732382734175,0.0,49.97661113422127,0.0,45.59507137322122,0.0,45.30251432442204,0.0,0.0,0.0,0.0,0.0,0.0,0.0
10.0,3.95104755237762,0.0035059323426295,0.0035059323379379,0.999993854199098,0.999993854199097,49.41373237383617,0.0,49.976610887794166,0.0,45.59507137033233,0.0,45.30251427282028,0.0,0.0,0.0,0.0,0.0,0.0,0.0
10.0,3.95129756487824,0.0035059676065757,0.0035059676018864,0.9999938540754642,0.9999938540754642,49.41373236493744,0.0,49.97661064135379,0.0,45.59507136744323,0.0,45.30251422121528,0.0,0.0,0.0,0.0,0.0,0.0,0.0
10.0,3.95154757737887,0.0035060028723701,0.003506002867683,0.9999938539518222,0.999993853951822,49.41373235603797,0.0,49.97661039490015,0.0,45.59507136455397,0.0,45.30251416960706,0.0,0.0,0.0,0.0,0.0,0.0,0.0
10.0,3.9517975898794906,0.0035060381400126,0.0035060381353278,0.999993853828173,0.9999938538281729,49.41373234713778,0.0,49.97661014843325,0.0,45.59507136166452,0.0,45.30251411799559,0.0,0.0,0.0,0.0,0.0,0.0,0.0
10.0,3.95204760238012,0.0035060734095032,0.0035060734048207,0.999993853704516,0.999993853704516,49.41373233823686,0.0,49.976609901953104,0.0,45.59507135877489,0.0,45.30251406638088,0.0,0.0,0.0,0.0,0.0,0.0,0.0
10.0,3.95229761488074,0.0035061086808418,0.0035061086761615,0.999993853580851,0.999993853580851,49.41373232933521,0.0,49.97660965545968,0.0,45.59507135588507,0.0,45.30251401476295,0.0,0.0,0.0,0.0,0.0,0.0,0.0
10.0,3.95254762738137,0.0035061439540283,0.0035061439493503,0.9999938534571788,0.999993853457179,49.41373232043283,0.0,49.976609408953024,0.0,45.59507135299507,0.0,45.30251396314177,0.0,0.0,0.0,0.0,0.0,0.0,0.0
10.0,3.95279763988199,0.0035061792290627,0.0035061792243869,0.999993853333499,0.999993853333498,49.41373231152972,0.0,49.97660916243312,0.0,45.59507135010489,0.0,45.30251391151736,0.0,0.0,0.0,0.0,0.0,0.0,0.0
10.0,3.95304765238262,0.003506214505945,0.0035062145012714,0.9999938532098108,0.99999385320981,49.41373230262588,0.0,49.976608915899966,0.0,45.595071347214514,0.0,45.302513859889714,0.0,0.0,0.0,0.0,0.0,0.0,0.0
10.0,3.95329766488324,0.003506249784675,0.0035062497800037,0.999993853086115,0.999993853086115,49.41373229372132,0.0,49.97660866935357,0.0,45.59507134432396,0.0,45.30251380825884,0.0,0.0,0.0,0.0,0.0,0.0,0.0
10.0,3.95354767738387,0.0035062850652527,0.0035062850605836,0.999993852962412,0.999993852962411,49.41373228481603,0.0,49.97660842279394,0.0,45.59507134143323,0.0,45.30251375662472,0.0,0.0,0.0,0.0,0.0,0.0,0.0
10.0,3.95379768988449,0.003506320347678,0.0035063203430112,0.9999938528387,0.9999938528387,49.41373227591,0.0,49.97660817622108,0.0,45.59507133854231,0.0,45.30251370498737,0.0,0.0,0.0,0.0,0.0,0.0,0.0
10.0,3.95404770238512,0.0035063556319509,0.0035063556272864,0.999993852714982,0.999993852714981,49.41373226700324,0.0,49.97660792963499,0.0,45.59507133565121,0.0,45.30251365334678,0.0,0.0,0.0,0.0,0.0,0.0,0.0
10.0,3.95429771488574,0.0035063909180713,0.003506390913409,0.999993852591255,0.999993852591255,49.41373225809576,0.0,49.97660768303567,0.0,45.59507133275993,0.0,45.30251360170296,0.0,0.0,0.0,0.0,0.0,0.0,0.0
10.0,3.95454772738637,0.0035064262060392,0.0035064262013791,0.9999938524675211,0.99999385246752,49.41373224918755,0.0,49.97660743642313,0.0,45.59507132986846,0.0,45.3025135500559,0.0,0.0,0.0,0.0,0.0,0.0,0.0
10.0,3.95479773988699,0.0035064614958545,0.0035064614911967,0.999993852343779,0.999993852343778,49.4137322402786,0.0,49.97660718979737,0.0,45.59507132697681,0.0,45.3025134984056,0.0,0.0,0.0,0.0,0.0,0.0,0.0
10.0,3.95504775238762,0.0035064967875171,0.0035064967828615,0.9999938522200288,0.999993852220029,49.413732231368925,0.0,49.9766069431584,0.0,45.59507132408498,0.0,45.30251344675208,0.0,0.0,0.0,0.0,0.0,0.0,0.0
10.0,3.95529776488824,0.003506532081027,0.0035065320763736,0.9999938520962712,0.999993852096271,49.413732222458535,0.0,49.9766066965062,0.0,45.59507132119296,0.0,45.30251339509531,0.0,0.0,0.0,0.0,0.0,0.0,0.0
10.0,3.95554777738887,0.0035065673763841,0.003506567371733,0.999993851972506,0.999993851972506,49.4137322135474,0.0,49.9766064498408,0.0,45.595071318300754,0.0,45.30251334343532,0.0,0.0,0.0,0.0,0.0,0.0,0.0
10.0,3.95579778988949,0.0035066026735883,0.0035066026689394,0.999993851848733,0.999993851848733,49.41373220463554,0.0,49.976606203162206,0.0,45.59507131540837,0.0,45.30251329177209,0.0,0.0,0.0,0.0,0.0,0.0,0.0
10.0,3.95604780239012,0.0035066379726396,0.003506637967993,0.9999938517249528,0.999993851724953,49.41373219572295,0.0,49.9766059564704,0.0,45.59507131251579,0.0,45.3025132401056,0.0,0.0,0.0,0.0,0.0,0.0,0.0
10.0,3.95629781489074,0.003506673273538,0.0035066732688936,0.999993851601165,0.999993851601164,49.413732186809625,0.0,49.9766057097654,0.0,45.59507130962304,0.0,45.3025131884359,0.0,0.0,0.0,0.0,0.0,0.0,0.0
10.0,3.95654782739137,0.0035067085762833,0.0035067085716411,0.999993851477368,0.999993851477368,49.41373217789558,0.0,49.97660546304721,0.0,45.595071306730105,0.0,45.30251313676296,0.0,0.0,0.0,0.0,0.0,0.0,0.0
10.0,3.95679783989199,0.0035067438808755,0.0035067438762356,0.9999938513535652,0.999993851353564,49.4137321689808,0.0,49.97660521631583,0.0,45.595071303837,0.0,45.30251308508679,0.0,0.0,0.0,0.0,0.0,0.0,0.0
10.0,3.95704785239262,0.0035067791873146,0.0035067791826769,0.999993851229753,0.999993851229753,49.413732160065294,0.0,49.976604969571255,0.0,45.59507130094369,0.0,45.30251303340738,0.0,0.0,0.0,0.0,0.0,0.0,0.0
10.0,3.95729786489324,0.0035068144956004,0.0035068144909649,0.999993851105934,0.999993851105934,49.41373215114906,0.0,49.97660472281351,0.0,45.5950712980502,0.0,45.30251298172473,0.0,0.0,0.0,0.0,0.0,0.0,0.0
10.0,3.95754787739387,0.003506849805733,0.0035068498010997,0.999993850982107,0.999993850982107,49.41373214223209,0.0,49.97660447604257,0.0,45.59507129515653,0.0,45.30251293003885,0.0,0.0,0.0,0.0,0.0,0.0,0.0
10.0,3.95779788989449,0.0035068851177122,0.0035068851130812,0.999993850858272,0.999993850858272,49.4137321333144,0.0,49.97660422925846,0.0,45.59507129226269,0.0,45.30251287834973,0.0,0.0,0.0,0.0,0.0,0.0,0.0
10.0,3.95804790239512,0.003506920431538,0.0035069204269092,0.99999385073443,0.999993850734429,49.41373212439596,0.0,49.97660398246119,0.0,45.59507128936865,0.0,45.30251282665737,0.0,0.0,0.0,0.0,0.0,0.0,0.0
10.0,3.95829791489574,0.0035069557472104,0.0035069557425838,0.99999385061058,0.999993850610579,49.41373211547681,0.0,49.97660373565074,0.0,45.59507128647443,0.0,45.30251277496178,0.0,0.0,0.0,0.0,0.0,0.0,0.0
10.0,3.95854792739637,0.0035069910647292,0.0035069910601049,0.999993850486722,0.999993850486722,49.41373210655692,0.0,49.97660348882712,0.0,45.59507128358002,0.0,45.30251272326296,0.0,0.0,0.0,0.0,0.0,0.0,0.0
10.0,3.95879793989699,0.0035070263840945,0.0035070263794723,0.999993850362856,0.999993850362856,49.41373209763631,0.0,49.97660324199036,0.0,45.59507128068543,0.0,45.3025126715609,0.0,0.0,0.0,0.0,0.0,0.0,0.0
10.0,3.95904795239762,0.0035070617053061,0.0035070617006862,0.999993850238983,0.999993850238982,49.413732088714966,0.0,49.97660299514043,0.0,45.59507127779066,0.0,45.3025126198556,0.0,0.0,0.0,0.0,0.0,0.0,0.0
10.0,3.95929796489824,0.003507097028364,0.0035070970237463,0.999993850115102,0.999993850115101,49.413732079792894,0.0,49.97660274827735,0.0,45.59507127489572,0.0,45.302512568147066,0.0,0.0,0.0,0.0,0.0,0.0,0.0
10.0,3.95954797739887,0.0035071323532681,0.0035071323486526,0.9999938499912128,0.999993849991213,49.41373207087008,0.0,49.976602501401125,0.0,45.595071272000574,0.0,45.30251251643531,0.0,0.0,0.0,0.0,0.0,0.0,0.0
10.0,3.9597979898995,0.0035071676800184,0.0035071676754051,0.999993849867316,0.999993849867316,49.41373206194656,0.0,49.97660225451175,0.0,45.59507126910525,0.0,45.3025124647203,0.0,0.0,0.0,0.0,0.0,0.0,0.0
10.0,3.96004800240012,0.0035072030086148,0.0035072030040037,0.999993849743412,0.999993849743412,49.41373205302228,0.0,49.97660200760924,0.0,45.59507126620975,0.0,45.30251241300206,0.0,0.0,0.0,0.0,0.0,0.0,0.0
10.0,3.96029801490074,0.0035072383390572,0.0035072383344484,0.9999938496195,0.9999938496195,49.41373204409729,0.0,49.976601760693576,0.0,45.59507126331407,0.0,45.30251236128059,0.0,0.0,0.0,0.0,0.0,0.0,0.0
10.0,3.96054802740137,0.0035072736713457,0.0035072736667391,0.999993849495581,0.999993849495581,49.41373203517156,0.0,49.9766015137648,0.0,45.59507126041819,0.0,45.30251230955588,0.0,0.0,0.0,0.0,0.0,0.0,0.0
10.0,3.960798039902,0.00350730900548,0.0035073090008756,0.9999938493716533,0.999993849371653,49.41373202624512,0.0,49.97660126682289,0.0,45.59507125752214,0.0,45.302512257827935,0.0,0.0,0.0,0.0,0.0,0.0,0.0
10.0,3.96104805240262,0.0035073443414602,0.0035073443368581,0.999993849247718,0.999993849247718,49.413732017317926,0.0,49.97660101986784,0.0,45.5950712546259,0.0,45.302512206096765,0.0,0.0,0.0,0.0,0.0,0.0,0.0
10.0,3.96129806490324,0.0035073796792863,0.0035073796746863,0.9999938491237748,0.999993849123775,49.41373200839001,0.0,49.97660077289969,0.0,45.595071251729486,0.0,45.302512154362354,0.0,0.0,0.0,0.0,0.0,0.0,0.0
10.0,3.96154807740387,0.003507415018958,0.0035074150143603,0.9999938489998248,0.999993848999825,49.41373199946136,0.0,49.97660052591841,0.0,45.59507124883287,0.0,45.3025121026247,0.0,0.0,0.0,0.0,0.0,0.0,0.0
10.0,3.9617980899045,0.0035074503604755,0.00350745035588,0.999993848875867,0.999993848875866,49.41373199053199,0.0,49.97660027892402,0.0,45.5950712459361,0.0,45.30251205088381,0.0,0.0,0.0,0.0,0.0,0.0,0.0
10.0,3.96204810240512,0.0035074857038385,0.0035074856992452,0.9999938487519,0.9999938487519,49.413731981601885,0.0,49.97660003191651,0.0,45.59507124303912,0.0,45.302511999139696,0.0,0.0,0.0,0.0,0.0,0.0,0.0
10.0,3.96229811490575,0.0035075210490472,0.0035075210444561,0.999993848627927,0.9999938486279272,49.41373197267105,0.0,49.9765997848959,0.0,45.59507124014196,0.0,45.30251194739234,0.0,0.0,0.0,0.0,0.0,0.0,0.0
10.0,3.96254812740637,0.0035075563961013,0.0035075563915124,0.999993848503946,0.999993848503945,49.41373196373948,0.0,49.97659953786221,0.0,45.59507123724463,0.0,45.30251189564175,0.0,0.0,0.0,0.0,0.0,0.0,0.0
10.0,3.962798139907,0.0035075917450008,0.0035075917404142,0.999993848379956,0.999993848379956,49.41373195480718,0.0,49.97659929081539,0.0,45.59507123434711,0.0,45.30251184388793,0.0,0.0,0.0,0.0,0.0,0.0,0.0
10.0,3.96304815240762,0.0035076270957458,0.0035076270911613,0.999993848255959,0.999993848255959,49.41373194587416,0.0,49.9765990437555,0.0,45.5950712314494,0.0,45.30251179213087,0.0,0.0,0.0,0.0,0.0,0.0,0.0
10.0,3.96329816490825,0.003507662448336,0.0035076624437538,0.999993848131955,0.999993848131954,49.4137319369404,0.0,49.97659879668251,0.0,45.59507122855152,0.0,45.30251174037057,0.0,0.0,0.0,0.0,0.0,0.0,0.0
10.0,3.96354817740887,0.0035076978027715,0.0035076977981915,0.999993848007942,0.999993848007942,49.41373192800592,0.0,49.97659854959643,0.0,45.59507122565344,0.0,45.30251168860704,0.0,0.0,0.0,0.0,0.0,0.0,0.0
10.0,3.9637981899095,0.0035077331590522,0.0035077331544744,0.999993847883922,0.999993847883922,49.4137319190707,0.0,49.97659830249728,0.0,45.59507122275519,0.0,45.30251163684027,0.0,0.0,0.0,0.0,0.0,0.0,0.0
10.0,3.96404820241012,0.003507768517178,0.0035077685126024,0.999993847759895,0.999993847759894,49.41373191013476,0.0,49.97659805538505,0.0,45.59507121985675,0.0,45.30251158507026,0.0,0.0,0.0,0.0,0.0,0.0,0.0
10.0,3.96429821491075,0.0035078038771489,0.0035078038725755,0.999993847635859,0.9999938476358592,49.41373190119808,0.0,49.97659780825974,0.0,45.59507121695813,0.0,45.30251153329703,0.0,0.0,0.0,0.0,0.0,0.0,0.0
10.0,3.96454822741137,0.0035078392389648,0.0035078392343936,0.999993847511816,0.999993847511815,49.41373189226066,0.0,49.97659756112136,0.0,45.59507121405933,0.0,45.30251148152056,0.0,0.0,0.0,0.0,0.0,0.0,0.0
10.0,3.964798239912,0.0035078746026256,0.0035078745980566,0.999993847387765,0.9999938473877648,49.41373188332253,0.0,49.976597313969926,0.0,45.595071211160345,0.0,45.302511429740846,0.0,0.0,0.0,0.0,0.0,0.0,0.0
10.0,3.96504825241262,0.0035079099681313,0.0035079099635645,0.999993847263706,0.999993847263706,49.41373187438366,0.0,49.97659706680543,0.0,45.59507120826117,0.0,45.30251137795791,0.0,0.0,0.0,0.0,0.0,0.0,0.0
10.0,3.96529826491325,0.0035079453354819,0.0035079453309173,0.99999384713964,0.99999384713964,49.41373186544406,0.0,49.97659681962787,0.0,45.59507120536181,0.0,45.30251132617173,0.0,0.0,0.0,0.0,0.0,0.0,0.0
10.0,3.96554827741387,0.0035079807046772,0.0035079807001148,0.999993847015566,0.999993847015565,49.41373185650374,0.0,49.97659657243727,0.0,45.59507120246228,0.0,45.30251127438231,0.0,0.0,0.0,0.0,0.0,0.0,0.0
10.0,3.9657982899145,0.0035080160757172,0.003508016071157,0.999993846891484,0.999993846891483,49.41373184756267,0.0,49.9765963252336,0.0,45.59507119956256,0.0,45.30251122258967,0.0,0.0,0.0,0.0,0.0,0.0,0.0
10.0,3.96604830241512,0.0035080514486019,0.0035080514440438,0.999993846767394,0.999993846767394,49.41373183862088,0.0,49.9765960780169,0.0,45.59507119666264,0.0,45.30251117079378,0.0,0.0,0.0,0.0,0.0,0.0,0.0
10.0,3.96629831491575,0.0035080868233311,0.0035080868187753,0.999993846643297,0.9999938466432968,49.41373182967836,0.0,49.97659583078717,0.0,45.59507119376256,0.0,45.30251111899466,0.0,0.0,0.0,0.0,0.0,0.0,0.0
10.0,3.96654832741637,0.0035081221999048,0.0035081221953512,0.999993846519192,0.999993846519192,49.41373182073511,0.0,49.9765955835444,0.0,45.59507119086229,0.0,45.30251106719231,0.0,0.0,0.0,0.0,0.0,0.0,0.0
10.0,3.966798339917,0.003508157578323,0.0035081575737716,0.999993846395079,0.999993846395079,49.41373181179112,0.0,49.97659533628859,0.0,45.59507118796184,0.0,45.30251101538671,0.0,0.0,0.0,0.0,0.0,0.0,0.0
10.0,3.96704835241762,0.0035081929585856,0.0035081929540364,0.9999938462709588,0.999993846270958,49.41373180284641,0.0,49.97659508901976,0.0,45.5950711850612,0.0,45.30251096357789,0.0,0.0,0.0,0.0,0.0,0.0,0.0
10.0,3.9672983649182494,0.0035082283406925,0.0035082283361455,0.999993846146831,0.999993846146831,49.413731793900965,0.0,49.97659484173791,0.0,45.59507118216037,0.0,45.30251091176583,0.0,0.0,0.0,0.0,0.0,0.0,0.0
10.0,3.96754837741887,0.0035082637246438,0.0035082637200989,0.999993846022695,0.999993846022694,49.4137317849548,0.0,49.97659459444304,0.0,45.59507117925936,0.0,45.30251085995054,0.0,0.0,0.0,0.0,0.0,0.0,0.0
10.0,3.9677983899195,0.0035082991104392,0.0035082991058965,0.9999938458985508,0.999993845898551,49.413731776007886,0.0,49.97659434713516,0.0,45.595071176358175,0.0,45.30251080813201,0.0,0.0,0.0,0.0,0.0,0.0,0.0
10.0,3.96804840242012,0.0035083344980787,0.0035083344935382,0.9999938457744,0.999993845774399,49.413731767060256,0.0,49.97659409981426,0.0,45.59507117345681,0.0,45.30251075631024,0.0,0.0,0.0,0.0,0.0,0.0,0.0
10.0,3.96829841492075,0.0035083698875624,0.0035083698830241,0.99999384565024,0.99999384565024,49.41373175811189,0.0,49.97659385248036,0.0,45.59507117055525,0.0,45.30251070448524,0.0,0.0,0.0,0.0,0.0,0.0,0.0
10.0,3.96854842742137,0.0035084052788901,0.003508405274354,0.999993845526074,0.999993845526074,49.41373174916279,0.0,49.976593605133466,0.0,45.59507116765352,0.0,45.302510652657006,0.0,0.0,0.0,0.0,0.0,0.0,0.0
10.0,3.968798439922,0.0035084406720617,0.0035084406675278,0.999993845401899,0.999993845401899,49.41373174021296,0.0,49.97659335777357,0.0,45.59507116475159,0.0,45.302510600825535,0.0,0.0,0.0,0.0,0.0,0.0,0.0
10.0,3.96904845242262,0.0035084760670773,0.0035084760625455,0.999993845277717,0.999993845277717,49.4137317312624,0.0,49.97659311040069,0.0,45.59507116184949,0.0,45.30251054899082,0.0,0.0,0.0,0.0,0.0,0.0,0.0
10.0,3.96929846492325,0.0035085114639367,0.0035085114594071,0.999993845153527,0.999993845153527,49.41373172231111,0.0,49.976592863014815,0.0,45.59507115894719,0.0,45.30251049715288,0.0,0.0,0.0,0.0,0.0,0.0,0.0
10.0,3.969548477423869,0.0035085468626398,0.0035085468581125,0.999993845029329,0.999993845029329,49.41373171335909,0.0,49.97659261561597,0.0,45.59507115604472,0.0,45.30251044531171,0.0,0.0,0.0,0.0,0.0,0.0,0.0
10.0,3.9697984899245,0.0035085822631867,0.0035085822586616,0.999993844905124,0.999993844905124,49.41373170440634,0.0,49.97659236820413,0.0,45.59507115314207,0.0,45.302510393467294,0.0,0.0,0.0,0.0,0.0,0.0,0.0
10.0,3.97004850242512,0.0035086176655773,0.0035086176610543,0.999993844780911,0.99999384478091,49.41373169545285,0.0,49.97659212077932,0.0,45.59507115023923,0.0,45.30251034161965,0.0,0.0,0.0,0.0,0.0,0.0,0.0
10.0,3.97029851492575,0.0035086530698115,0.0035086530652907,0.99999384465669,0.99999384465669,49.41373168649864,0.0,49.97659187334156,0.0,45.5950711473362,0.0,45.30251028976877,0.0,0.0,0.0,0.0,0.0,0.0,0.0
10.0,3.97054852742637,0.0035086884758892,0.0035086884713705,0.999993844532461,0.9999938445324608,49.413731677543694,0.0,49.97659162589081,0.0,45.595071144433,0.0,45.30251023791465,0.0,0.0,0.0,0.0,0.0,0.0,0.0
10.0,3.970798539927,0.0035087238838103,0.0035087238792939,0.9999938444082248,0.999993844408225,49.41373166858802,0.0,49.97659137842712,0.0,45.5950711415296,0.0,45.3025101860573,0.0,0.0,0.0,0.0,0.0,0.0,0.0
10.0,3.97104855242762,0.0035087592935749,0.0035087592890607,0.999993844283981,0.999993844283981,49.41373165963161,0.0,49.97659113095046,0.0,45.59507113862604,0.0,45.30251013419672,0.0,0.0,0.0,0.0,0.0,0.0,0.0
10.0,3.97129856492825,0.0035087947051829,0.0035087947006708,0.999993844159729,0.999993844159729,49.41373165067448,0.0,49.97659088346086,0.0,45.59507113572228,0.0,45.302510082332894,0.0,0.0,0.0,0.0,0.0,0.0,0.0
10.0,3.97154857742887,0.0035088301186341,0.0035088301141242,0.99999384403547,0.99999384403547,49.41373164171661,0.0,49.9765906359583,0.0,45.59507113281833,0.0,45.30251003046584,0.0,0.0,0.0,0.0,0.0,0.0,0.0
10.0,3.9717985899295,0.0035088655339286,0.0035088655294208,0.999993843911202,0.999993843911202,49.413731632758,0.0,49.976590388442816,0.0,45.59507112991421,0.0,45.30250997859554,0.0,0.0,0.0,0.0,0.0,0.0,0.0
10.0,3.97204860243012,0.0035089009510662,0.0035089009465607,0.999993843786927,0.9999938437869272,49.41373162379868,0.0,49.97659014091438,0.0,45.59507112700991,0.0,45.30250992672201,0.0,0.0,0.0,0.0,0.0,0.0,0.0
10.0,3.97229861493075,0.003508936370047,0.0035089363655436,0.999993843662645,0.999993843662645,49.41373161483861,0.0,49.976589893373024,0.0,45.59507112410542,0.0,45.302509874845256,0.0,0.0,0.0,0.0,0.0,0.0,0.0
10.0,3.97254862743137,0.0035089717908708,0.0035089717863696,0.999993843538355,0.999993843538354,49.41373160587782,0.0,49.97658964581874,0.0,45.59507112120074,0.0,45.30250982296525,0.0,0.0,0.0,0.0,0.0,0.0,0.0
10.0,3.972798639932,0.0035090072135376,0.0035090072090385,0.999993843414057,0.999993843414056,49.41373159691629,0.0,49.976589398251534,0.0,45.59507111829589,0.0,45.30250977108202,0.0,0.0,0.0,0.0,0.0,0.0,0.0
10.0,3.97304865243262,0.0035090426380473,0.0035090426335504,0.999993843289751,0.99999384328975,49.41373158795404,0.0,49.97658915067141,0.0,45.59507111539085,0.0,45.30250971919556,0.0,0.0,0.0,0.0,0.0,0.0,0.0
10.0,3.97329866493325,0.0035090780643999,0.0035090780599052,0.999993843165437,0.999993843165437,49.41373157899105,0.0,49.97658890307836,0.0,45.59507111248561,0.0,45.30250966730585,0.0,0.0,0.0,0.0,0.0,0.0,0.0
10.0,3.97354867743387,0.0035091134925952,0.0035091134881027,0.999993843041116,0.9999938430411148,49.41373157002732,0.0,49.97658865547241,0.0,45.59507110958022,0.0,45.30250961541291,0.0,0.0,0.0,0.0,0.0,0.0,0.0
10.0,3.9737986899345,0.0035091489226334,0.003509148918143,0.9999938429167872,0.9999938429167872,49.41373156106288,0.0,49.97658840785356,0.0,45.595071106674624,0.0,45.30250956351674,0.0,0.0,0.0,0.0,0.0,0.0,0.0
10.0,3.97404870243512,0.0035091843545142,0.003509184350026,0.99999384279245,0.99999384279245,49.413731552097694,0.0,49.976588160221816,0.0,45.59507110376885,0.0,45.30250951161733,0.0,0.0,0.0,0.0,0.0,0.0,0.0
10.0,3.97429871493575,0.0035092197882376,0.0035092197837516,0.999993842668106,0.9999938426681048,49.41373154313178,0.0,49.976587912577166,0.0,45.59507110086289,0.0,45.302509459714685,0.0,0.0,0.0,0.0,0.0,0.0,0.0
10.0,3.97454872743637,0.0035092552238036,0.0035092552193197,0.999993842543754,0.999993842543753,49.41373153416514,0.0,49.97658766491964,0.0,45.59507109795676,0.0,45.30250940780881,0.0,0.0,0.0,0.0,0.0,0.0,0.0
10.0,3.974798739937,0.0035092906612121,0.0035092906567304,0.999993842419394,0.999993842419393,49.41373152519776,0.0,49.97658741724922,0.0,45.59507109505043,0.0,45.302509355899694,0.0,0.0,0.0,0.0,0.0,0.0,0.0
10.0,3.97504875243762,0.003509326100463,0.0035093260959835,0.999993842295026,0.999993842295026,49.41373151622965,0.0,49.97658716956592,0.0,45.59507109214392,0.0,45.30250930398735,0.0,0.0,0.0,0.0,0.0,0.0,0.0
10.0,3.97529876493825,0.0035093615415563,0.0035093615370789,0.999993842170651,0.999993842170651,49.41373150726081,0.0,49.97658692186975,0.0,45.59507108923723,0.0,45.302509252071765,0.0,0.0,0.0,0.0,0.0,0.0,0.0
10.0,3.97554877743887,0.0035093969844919,0.0035093969800167,0.999993842046268,0.999993842046268,49.41373149829125,0.0,49.97658667416072,0.0,45.59507108633035,0.0,45.30250920015295,0.0,0.0,0.0,0.0,0.0,0.0,0.0
10.0,3.9757987899395,0.0035094324292697,0.0035094324247967,0.999993841921877,0.999993841921877,49.41373148932095,0.0,49.976586426438814,0.0,45.59507108342329,0.0,45.3025091482309,0.0,0.0,0.0,0.0,0.0,0.0,0.0
10.0,3.97604880244012,0.0035094678758898,0.0035094678714189,0.999993841797479,0.999993841797478,49.41373148034991,0.0,49.976586178704046,0.0,45.59507108051605,0.0,45.302509096305606,0.0,0.0,0.0,0.0,0.0,0.0,0.0
10.0,3.976298814940749,0.003509503324352,0.0035095033198832,0.999993841673072,0.999993841673072,49.41373147137815,0.0,49.97658593095643,0.0,45.59507107760862,0.0,45.30250904437708,0.0,0.0,0.0,0.0,0.0,0.0,0.0
10.0,3.97654882744137,0.0035095387746562,0.0035095387701896,0.999993841548658,0.999993841548658,49.41373146240565,0.0,49.97658568319597,0.0,45.59507107470103,0.0,45.302508992445325,0.0,0.0,0.0,0.0,0.0,0.0,0.0
10.0,3.976798839942,0.0035095742268025,0.0035095742223381,0.9999938414242368,0.999993841424236,49.41373145343242,0.0,49.976585435422656,0.0,45.59507107179323,0.0,45.302508940510336,0.0,0.0,0.0,0.0,0.0,0.0,0.0
10.0,3.97704885244262,0.0035096096807907,0.0035096096763284,0.999993841299808,0.999993841299807,49.413731444458456,0.0,49.9765851876365,0.0,45.59507106888525,0.0,45.3025088885721,0.0,0.0,0.0,0.0,0.0,0.0,0.0
10.0,3.97729886494325,0.0035096451366208,0.0035096451321607,0.99999384117537,0.9999938411753702,49.41373143548377,0.0,49.97658493983752,0.0,45.595071065977095,0.0,45.30250883663064,0.0,0.0,0.0,0.0,0.0,0.0,0.0
10.0,3.97754887744387,0.0035096805942927,0.0035096805898347,0.999993841050926,0.999993841050925,49.41373142650834,0.0,49.9765846920257,0.0,45.59507106306875,0.0,45.30250878468594,0.0,0.0,0.0,0.0,0.0,0.0,0.0
10.0,3.9777988899445,0.0035097160538063,0.0035097160493506,0.999993840926473,0.9999938409264733,49.41373141753218,0.0,49.976584444201066,0.0,45.59507106016022,0.0,45.302508732738005,0.0,0.0,0.0,0.0,0.0,0.0,0.0
10.0,3.97804890244512,0.0035097515151617,0.0035097515107081,0.999993840802013,0.999993840802012,49.4137314085553,0.0,49.97658419636362,0.0,45.59507105725152,0.0,45.30250868078684,0.0,0.0,0.0,0.0,0.0,0.0,0.0
10.0,3.97829891494575,0.0035097869783587,0.0035097869739073,0.9999938406775452,0.999993840677545,49.413731399577685,0.0,49.976583948513344,0.0,45.59507105434263,0.0,45.30250862883244,0.0,0.0,0.0,0.0,0.0,0.0,0.0
10.0,3.9785489274463695,0.0035098224433973,0.003509822438948,0.999993840553069,0.999993840553069,49.41373139059933,0.0,49.97658370065027,0.0,45.59507105143355,0.0,45.30250857687481,0.0,0.0,0.0,0.0,0.0,0.0,0.0
10.0,3.978798939947,0.0035098579102774,0.0035098579058302,0.999993840428585,0.9999938404285847,49.413731381620245,0.0,49.97658345277438,0.0,45.59507104852429,0.0,45.302508524913925,0.0,0.0,0.0,0.0,0.0,0.0,0.0
10.0,3.97904895244762,0.003509893378999,0.003509893374554,0.999993840304094,0.999993840304094,49.41373137264043,0.0,49.976583204885706,0.0,45.59507104561485,0.0,45.30250847294982,0.0,0.0,0.0,0.0,0.0,0.0,0.0
10.0,3.97929896494825,0.003509928849562,0.0035099288451191,0.999993840179596,0.999993840179595,49.413731363659885,0.0,49.97658295698423,0.0,45.59507104270522,0.0,45.30250842098248,0.0,0.0,0.0,0.0,0.0,0.0,0.0
10.0,3.97954897744887,0.0035099643219663,0.0035099643175255,0.9999938400550888,0.999993840055089,49.41373135467861,0.0,49.97658270906997,0.0,45.59507103979541,0.0,45.3025083690119,0.0,0.0,0.0,0.0,0.0,0.0,0.0
10.0,3.9797989899495,0.0035099997962118,0.0035099997917732,0.999993839930575,0.999993839930574,49.4137313456966,0.0,49.97658246114292,0.0,45.59507103688542,0.0,45.30250831703809,0.0,0.0,0.0,0.0,0.0,0.0,0.0
10.0,3.98004900245012,0.0035100352722986,0.0035100352678622,0.999993839806052,0.999993839806052,49.41373133671386,0.0,49.97658221320311,0.0,45.595071033975245,0.0,45.30250826506105,0.0,0.0,0.0,0.0,0.0,0.0,0.0
10.0,3.98029901495075,0.0035100707502266,0.0035100707457923,0.999993839681523,0.999993839681523,49.41373132773038,0.0,49.97658196525051,0.0,45.59507103106488,0.0,45.30250821308076,0.0,0.0,0.0,0.0,0.0,0.0,0.0
10.0,3.98054902745137,0.0035101062299956,0.0035101062255634,0.9999938395569848,0.999993839556985,49.41373131874617,0.0,49.97658171728516,0.0,45.59507102815434,0.0,45.30250816109724,0.0,0.0,0.0,0.0,0.0,0.0,0.0
10.0,3.980799039952,0.0035101417116056,0.0035101417071756,0.99999383943244,0.99999383943244,49.41373130976123,0.0,49.97658146930704,0.0,45.59507102524362,0.0,45.30250810911049,0.0,0.0,0.0,0.0,0.0,0.0,0.0
10.0,3.98104905245262,0.0035101771950566,0.0035101771906288,0.999993839307887,0.999993839307887,49.41373130077557,0.0,49.97658122131617,0.0,45.595071022332704,0.0,45.30250805712051,0.0,0.0,0.0,0.0,0.0,0.0,0.0
10.0,3.98129906495325,0.0035102126803486,0.0035102126759228,0.9999938391833268,0.9999938391833258,49.41373129178916,0.0,49.97658097331254,0.0,45.59507101942161,0.0,45.30250800512729,0.0,0.0,0.0,0.0,0.0,0.0,0.0
10.0,3.98154907745387,0.0035102481674813,0.0035102481630577,0.999993839058758,0.999993839058758,49.413731282802026,0.0,49.976580725296174,0.0,45.59507101651034,0.0,45.30250795313084,0.0,0.0,0.0,0.0,0.0,0.0,0.0
10.0,3.9817990899545,0.0035102836564549,0.0035102836520334,0.999993838934182,0.999993838934182,49.41373127381416,0.0,49.97658047726706,0.0,45.59507101359888,0.0,45.302507901131136,0.0,0.0,0.0,0.0,0.0,0.0,0.0
10.0,3.98204910245512,0.0035103191472691,0.0035103191428498,0.999993838809598,0.999993838809598,49.41373126482557,0.0,49.97658022922522,0.0,45.59507101068724,0.0,45.30250784912822,0.0,0.0,0.0,0.0,0.0,0.0,0.0
10.0,3.98229911495575,0.0035103546399241,0.0035103546355069,0.999993838685007,0.9999938386850068,49.41373125583623,0.0,49.97657998117064,0.0,45.59507100777541,0.0,45.30250779712205,0.0,0.0,0.0,0.0,0.0,0.0,0.0
10.0,3.98254912745637,0.0035103901344196,0.0035103901300045,0.999993838560408,0.999993838560407,49.41373124684617,0.0,49.97657973310336,0.0,45.5950710048634,0.0,45.30250774511265,0.0,0.0,0.0,0.0,0.0,0.0,0.0
10.0,3.982799139957,0.0035104256307557,0.0035104256263427,0.999993838435801,0.9999938384358,49.413731237855366,0.0,49.97657948502334,0.0,45.5950710019512,0.0,45.302507693100026,0.0,0.0,0.0,0.0,0.0,0.0,0.0
10.0,3.98304915245762,0.0035104611289322,0.0035104611245214,0.999993838311186,0.999993838311186,49.41373122886383,0.0,49.97657923693062,0.0,45.595070999038825,0.0,45.30250764108416,0.0,0.0,0.0,0.0,0.0,0.0,0.0
10.0,3.98329916495825,0.0035104966289491,0.0035104966245405,0.999993838186563,0.999993838186563,49.41373121987158,0.0,49.97657898882519,0.0,45.59507099612626,0.0,45.30250758906506,0.0,0.0,0.0,0.0,0.0,0.0,0.0
10.0,3.98354917745887,0.0035105321308065,0.0035105321263999,0.9999938380619332,0.999993838061933,49.41373121087859,0.0,49.97657874070706,0.0,45.59507099321352,0.0,45.30250753704272,0.0,0.0,0.0,0.0,0.0,0.0,0.0
10.0,3.9837991899595,0.0035105676345041,0.0035105676300997,0.999993837937296,0.9999938379372952,49.41373120188486,0.0,49.97657849257623,0.0,45.5950709903006,0.0,45.30250748501715,0.0,0.0,0.0,0.0,0.0,0.0,0.0
10.0,3.98404920246012,0.0035106031400419,0.0035106031356396,0.99999383781265,0.999993837812649,49.4137311928904,0.0,49.97657824443272,0.0,45.59507098738748,0.0,45.30250743298835,0.0,0.0,0.0,0.0,0.0,0.0,0.0
10.0,3.98429921496075,0.0035106386474199,0.0035106386430198,0.999993837687997,0.999993837687996,49.41373118389521,0.0,49.976577996276525,0.0,45.59507098447419,0.0,45.30250738095631,0.0,0.0,0.0,0.0,0.0,0.0,0.0
10.0,3.98454922746137,0.003510674156638,0.00351067415224,0.999993837563336,0.999993837563335,49.41373117489929,0.0,49.97657774810765,0.0,45.59507098156072,0.0,45.30250732892104,0.0,0.0,0.0,0.0,0.0,0.0,0.0
10.0,3.984799239962,0.0035107096676962,0.0035107096633003,0.9999938374386668,0.999993837438667,49.41373116590263,0.0,49.9765774999261,0.0,45.59507097864705,0.0,45.30250727688252,0.0,0.0,0.0,0.0,0.0,0.0,0.0
10.0,3.98504925246262,0.0035107451805943,0.0035107451762006,0.99999383731399,0.9999938373139902,49.41373115690524,0.0,49.97657725173188,0.0,45.59507097573321,0.0,45.30250722484078,0.0,0.0,0.0,0.0,0.0,0.0,0.0
10.0,3.9852992649632495,0.0035107806953324,0.0035107806909408,0.999993837189306,0.999993837189306,49.41373114790712,0.0,49.976577003525016,0.0,45.59507097281919,0.0,45.3025071727958,0.0,0.0,0.0,0.0,0.0,0.0,0.0
10.0,3.98554927746387,0.0035108162119103,0.0035108162075208,0.999993837064614,0.999993837064614,49.41373113890827,0.0,49.97657675530548,0.0,45.59507096990497,0.0,45.30250712074759,0.0,0.0,0.0,0.0,0.0,0.0,0.0
10.0,3.9857992899645,0.0035108517303281,0.0035108517259407,0.9999938369399148,0.999993836939914,49.41373112990868,0.0,49.9765765070733,0.0,45.595070966990576,0.0,45.302507068696144,0.0,0.0,0.0,0.0,0.0,0.0,0.0
10.0,3.98604930246512,0.0035108872505855,0.0035108872462003,0.9999938368152068,0.9999938368152068,49.41373112090836,0.0,49.97657625882848,0.0,45.595070964076,0.0,45.30250701664146,0.0,0.0,0.0,0.0,0.0,0.0,0.0
10.0,3.98629931496575,0.0035109227726827,0.0035109227682996,0.999993836690492,0.999993836690492,49.41373111190731,0.0,49.97657601057103,0.0,45.59507096116124,0.0,45.30250696458354,0.0,0.0,0.0,0.0,0.0,0.0,0.0
10.0,3.98654932746637,0.0035109582966195,0.0035109582922385,0.999993836565769,0.999993836565769,49.41373110290553,0.0,49.97657576230093,0.0,45.59507095824629,0.0,45.30250691252239,0.0,0.0,0.0,0.0,0.0,0.0,0.0
10.0,3.986799339967,0.0035109938223958,0.0035109938180169,0.9999938364410392,0.999993836441039,49.41373109390301,0.0,49.976575514018215,0.0,45.59507095533117,0.0,45.30250686045801,0.0,0.0,0.0,0.0,0.0,0.0,0.0
10.0,3.98704935246762,0.0035110293500117,0.0035110293456349,0.999993836316301,0.9999938363163,49.413731084899766,0.0,49.97657526572288,0.0,45.59507095241585,0.0,45.30250680839038,0.0,0.0,0.0,0.0,0.0,0.0,0.0
10.0,3.98729936496825,0.0035110648794669,0.0035110648750923,0.999993836191554,0.999993836191554,49.413731075895775,0.0,49.97657501741493,0.0,45.59507094950036,0.0,45.30250675631953,0.0,0.0,0.0,0.0,0.0,0.0,0.0
10.0,3.98754937746887,0.0035111004107616,0.003511100406389,0.999993836066801,0.999993836066801,49.41373106689107,0.0,49.97657476909437,0.0,45.59507094658468,0.0,45.30250670424543,0.0,0.0,0.0,0.0,0.0,0.0,0.0
10.0,3.9877993899695,0.0035111359438955,0.0035111359395251,0.9999938359420388,0.999993835942039,49.41373105788562,0.0,49.97657452076122,0.0,45.59507094366882,0.0,45.302506652168105,0.0,0.0,0.0,0.0,0.0,0.0,0.0
10.0,3.98804940247012,0.0035111714788687,0.0035111714745004,0.9999938358172712,0.99999383581727,49.41373104887944,0.0,49.97657427241546,0.0,45.59507094075278,0.0,45.30250660008755,0.0,0.0,0.0,0.0,0.0,0.0,0.0
10.0,3.98829941497075,0.0035112070156811,0.0035112070113149,0.999993835692494,0.999993835692493,49.41373103987252,0.0,49.97657402405712,0.0,45.59507093783655,0.0,45.30250654800376,0.0,0.0,0.0,0.0,0.0,0.0,0.0
10.0,3.98854942747137,0.0035112425543326,0.0035112425499686,0.999993835567709,0.999993835567709,49.41373103086488,0.0,49.9765737756862,0.0,45.59507093492014,0.0,45.30250649591673,0.0,0.0,0.0,0.0,0.0,0.0,0.0
10.0,3.988799439972,0.0035112780948232,0.0035112780904613,0.999993835442917,0.999993835442916,49.41373102185649,0.0,49.97657352730268,0.0,45.59507093200354,0.0,45.30250644382646,0.0,0.0,0.0,0.0,0.0,0.0,0.0
10.0,3.98904945247262,0.0035113136371528,0.003511313632793,0.999993835318116,0.999993835318116,49.41373101284739,0.0,49.97657327890661,0.0,45.59507092908676,0.0,45.30250639173296,0.0,0.0,0.0,0.0,0.0,0.0,0.0
10.0,3.98929946497325,0.0035113491813214,0.0035113491769637,0.999993835193309,0.9999938351933092,49.41373100383755,0.0,49.97657303049798,0.0,45.5950709261698,0.0,45.30250633963623,0.0,0.0,0.0,0.0,0.0,0.0,0.0
10.0,3.98954947747387,0.0035113847273288,0.0035113847229732,0.999993835068493,0.999993835068493,49.41373099482697,0.0,49.97657278207677,0.0,45.59507092325265,0.0,45.302506287536254,0.0,0.0,0.0,0.0,0.0,0.0,0.0
10.0,3.9897994899745,0.003511420275175,0.0035114202708215,0.99999383494367,0.99999383494367,49.41373098581565,0.0,49.97657253364302,0.0,45.59507092033533,0.0,45.30250623543305,0.0,0.0,0.0,0.0,0.0,0.0,0.0
10.0,3.99004950247512,0.0035114558248601,0.0035114558205087,0.99999383481884,0.999993834818839,49.41373097680361,0.0,49.97657228519672,0.0,45.59507091741781,0.0,45.30250618332661,0.0,0.0,0.0,0.0,0.0,0.0,0.0
10.0,3.99029951497575,0.0035114913763838,0.0035114913720345,0.999993834694001,0.9999938346940002,49.41373096779083,0.0,49.976572036737885,0.0,45.59507091450012,0.0,45.30250613121694,0.0,0.0,0.0,0.0,0.0,0.0,0.0
10.0,3.99054952747637,0.0035115269297461,0.0035115269253989,0.999993834569154,0.999993834569154,49.41373095877732,0.0,49.97657178826651,0.0,45.59507091158223,0.0,45.30250607910404,0.0,0.0,0.0,0.0,0.0,0.0,0.0
10.0,3.990799539977,0.003511562484947,0.003511562480602,0.9999938344443,0.9999938344443,49.413730949763085,0.0,49.97657153978261,0.0,45.59507090866418,0.0,45.302506026987885,0.0,0.0,0.0,0.0,0.0,0.0,0.0
10.0,3.99104955247762,0.0035115980419865,0.0035115980376435,0.999993834319439,0.999993834319438,49.4137309407481,0.0,49.97657129128619,0.0,45.59507090574593,0.0,45.30250597486851,0.0,0.0,0.0,0.0,0.0,0.0,0.0
10.0,3.99129956497825,0.0035116336008644,0.0035116335965235,0.999993834194569,0.9999938341945692,49.4137309317324,0.0,49.97657104277726,0.0,45.5950709028275,0.0,45.3025059227459,0.0,0.0,0.0,0.0,0.0,0.0,0.0
10.0,3.99154957747887,0.0035116691615807,0.0035116691572419,0.999993834069692,0.999993834069692,49.41373092271596,0.0,49.97657079425581,0.0,45.59507089990889,0.0,45.30250587062006,0.0,0.0,0.0,0.0,0.0,0.0,0.0
10.0,3.9917995899795,0.0035117047241353,0.0035117047197986,0.999993833944807,0.999993833944807,49.41373091369877,0.0,49.97657054572186,0.0,45.595070896990094,0.0,45.30250581849097,0.0,0.0,0.0,0.0,0.0,0.0,0.0
10.0,3.99204960248012,0.0035117402885282,0.0035117402841936,0.999993833819914,0.999993833819914,49.41373090468087,0.0,49.97657029717542,0.0,45.59507089407112,0.0,45.30250576635866,0.0,0.0,0.0,0.0,0.0,0.0,0.0
10.0,3.99229961498075,0.0035117758547593,0.0035117758504268,0.999993833695014,0.999993833695014,49.41373089566223,0.0,49.976570048616495,0.0,45.59507089115195,0.0,45.30250571422311,0.0,0.0,0.0,0.0,0.0,0.0,0.0
10.0,3.99254962748137,0.0035118114228285,0.0035118114184982,0.999993833570106,0.999993833570105,49.41373088664285,0.0,49.97656980004508,0.0,45.595070888232605,0.0,45.30250566208433,0.0,0.0,0.0,0.0,0.0,0.0,0.0
10.0,3.992799639982,0.0035118469927359,0.0035118469884076,0.99999383344519,0.99999383344519,49.41373087762274,0.0,49.97656955146119,0.0,45.59507088531308,0.0,45.30250560994232,0.0,0.0,0.0,0.0,0.0,0.0,0.0
10.0,3.993049652482621,0.0035118825644812,0.003511882560155,0.999993833320266,0.999993833320266,49.4137308686019,0.0,49.97656930286483,0.0,45.595070882393365,0.0,45.302505557797055,0.0,0.0,0.0,0.0,0.0,0.0,0.0
10.0,3.99329966498325,0.0035119181380646,0.0035119181337405,0.999993833195335,0.9999938331953347,49.413730859580326,0.0,49.97656905425601,0.0,45.59507087947347,0.0,45.30250550564856,0.0,0.0,0.0,0.0,0.0,0.0,0.0
10.0,3.99354967748387,0.0035119537134858,0.0035119537091638,0.999993833070396,0.999993833070396,49.41373085055802,0.0,49.97656880563473,0.0,45.595070876553386,0.0,45.30250545349684,0.0,0.0,0.0,0.0,0.0,0.0,0.0
10.0,3.9937996899845,0.0035119892907448,0.003511989286425,0.999993832945449,0.9999938329454492,49.41373084153498,0.0,49.976568557001,0.0,45.59507087363312,0.0,45.30250540134189,0.0,0.0,0.0,0.0,0.0,0.0,0.0
10.0,3.99404970248512,0.0035120248698417,0.0035120248655239,0.9999938328204953,0.999993832820494,49.4137308325112,0.0,49.97656830835484,0.0,45.59507087071268,0.0,45.30250534918369,0.0,0.0,0.0,0.0,0.0,0.0,0.0
10.0,3.99429971498575,0.0035120604507763,0.0035120604464606,0.999993832695533,0.999993832695532,49.41373082348669,0.0,49.97656805969623,0.0,45.595070867792046,0.0,45.302505297022265,0.0,0.0,0.0,0.0,0.0,0.0,0.0
10.0,3.99454972748637,0.0035120960335485,0.0035120960292349,0.9999938325705632,0.999993832570562,49.41373081446144,0.0,49.976567811025184,0.0,45.59507086487123,0.0,45.3025052448576,0.0,0.0,0.0,0.0,0.0,0.0,0.0
10.0,3.994799739987,0.0035121316181583,0.0035121316138468,0.9999938324455852,0.999993832445585,49.41373080543546,0.0,49.976567562341735,0.0,45.59507086195023,0.0,45.30250519268972,0.0,0.0,0.0,0.0,0.0,0.0,0.0
10.0,3.99504975248762,0.0035121672046057,0.0035121672002963,0.9999938323206,0.9999938323206,49.41373079640875,0.0,49.97656731364585,0.0,45.59507085902906,0.0,45.302505140518576,0.0,0.0,0.0,0.0,0.0,0.0,0.0
10.0,3.99529976498825,0.0035122027928905,0.0035122027885832,0.999993832195607,0.999993832195606,49.41373078738131,0.0,49.97656706493757,0.0,45.59507085610769,0.0,45.30250508834421,0.0,0.0,0.0,0.0,0.0,0.0,0.0
10.0,3.99554977748887,0.0035122383830128,0.0035122383787075,0.999993832070606,0.999993832070606,49.413730778353134,0.0,49.97656681621688,0.0,45.595070853186144,0.0,45.30250503616662,0.0,0.0,0.0,0.0,0.0,0.0,0.0
10.0,3.9957997899895,0.0035122739749724,0.0035122739706692,0.999993831945597,0.999993831945597,49.41373076932422,0.0,49.97656656748379,0.0,45.595070850264406,0.0,45.30250498398578,0.0,0.0,0.0,0.0,0.0,0.0,0.0
10.0,3.99604980249012,0.0035123095687693,0.0035123095644682,0.999993831820581,0.999993831820581,49.41373076029458,0.0,49.97656631873832,0.0,45.5950708473425,0.0,45.302504931801714,0.0,0.0,0.0,0.0,0.0,0.0,0.0
10.0,3.99629981499075,0.0035123451644034,0.0035123451601044,0.999993831695557,0.999993831695557,49.41373075126421,0.0,49.976566069980464,0.0,45.595070844420405,0.0,45.30250487961441,0.0,0.0,0.0,0.0,0.0,0.0,0.0
10.0,3.99654982749137,0.0035123807618747,0.0035123807575778,0.999993831570526,0.999993831570526,49.413730742233085,0.0,49.97656582121024,0.0,45.59507084149813,0.0,45.302504827423874,0.0,0.0,0.0,0.0,0.0,0.0,0.0
10.0,3.996799839992,0.0035124163611831,0.0035124163568882,0.999993831445486,0.999993831445486,49.41373073320124,0.0,49.976565572427646,0.0,45.59507083857565,0.0,45.302504775230105,0.0,0.0,0.0,0.0,0.0,0.0,0.0
10.0,3.99704985249262,0.0035124519623285,0.0035124519580358,0.999993831320439,0.999993831320439,49.413730724168666,0.0,49.97656532363269,0.0,45.59507083565301,0.0,45.302504723033096,0.0,0.0,0.0,0.0,0.0,0.0,0.0
10.0,3.99729986499325,0.0035124875653109,0.0035124875610203,0.999993831195384,0.999993831195384,49.413730715135344,0.0,49.976565074825366,0.0,45.59507083273018,0.0,45.30250467083285,0.0,0.0,0.0,0.0,0.0,0.0,0.0
10.0,3.99754987749387,0.0035125231701303,0.0035125231658417,0.999993831070322,0.9999938310703208,49.413730706101305,0.0,49.97656482600571,0.0,45.59507082980716,0.0,45.30250461862938,0.0,0.0,0.0,0.0,0.0,0.0,0.0
10.0,3.9977998899945,0.0035125587767865,0.0035125587725,0.999993830945252,0.999993830945251,49.41373069706652,0.0,49.97656457717372,0.0,45.59507082688397,0.0,45.30250456642268,0.0,0.0,0.0,0.0,0.0,0.0,0.0
10.0,3.99804990249512,0.0035125943852795,0.0035125943809951,0.999993830820174,0.999993830820173,49.413730688031,0.0,49.9765643283294,0.0,45.59507082396059,0.0,45.30250451421273,0.0,0.0,0.0,0.0,0.0,0.0,0.0
10.0,3.99829991499575,0.0035126299956092,0.0035126299913269,0.999993830695088,0.999993830695088,49.41373067899476,0.0,49.97656407947274,0.0,45.59507082103702,0.0,45.30250446199954,0.0,0.0,0.0,0.0,0.0,0.0,0.0
10.0,3.99854992749637,0.0035126656077757,0.0035126656034954,0.999993830569994,0.999993830569994,49.41373066995778,0.0,49.976563830603766,0.0,45.59507081811328,0.0,45.30250440978313,0.0,0.0,0.0,0.0,0.0,0.0,0.0
10.0,3.998799939997,0.0035127012217787,0.0035127012175005,0.999993830444894,0.999993830444893,49.41373066092005,0.0,49.97656358172248,0.0,45.59507081518935,0.0,45.302504357563485,0.0,0.0,0.0,0.0,0.0,0.0,0.0
10.0,3.99904995249763,0.0035127368376183,0.0035127368333422,0.999993830319785,0.9999938303197838,49.41373065188161,0.0,49.97656333282889,0.0,45.59507081226523,0.0,45.302504305340605,0.0,0.0,0.0,0.0,0.0,0.0,0.0
10.0,3.99929996499825,0.0035127724552944,0.0035127724510203,0.999993830194668,0.999993830194668,49.41373064284242,0.0,49.97656308392301,0.0,45.595070809340925,0.0,45.302504253114485,0.0,0.0,0.0,0.0,0.0,0.0,0.0
10.0,3.99954997749887,0.0035128080748069,0.0035128080705349,0.999993830069544,0.999993830069544,49.41373063380251,0.0,49.97656283500483,0.0,45.59507080641645,0.0,45.30250420088514,0.0,0.0,0.0,0.0,0.0,0.0,0.0
10.0,3.999799989999501,0.0035128436961558,0.0035128436918859,0.999993829944412,0.9999938299444112,49.41373062476185,0.0,49.97656258607438,0.0,45.59507080349178,0.0,45.30250414865255,0.0,0.0,0.0,0.0,0.0,0.0,0.0
10.0,4.00005000250013,0.003512879319341,0.0035128793150732,0.999993829819272,0.999993829819272,49.41373061572046,0.0,49.97656233713165,0.0,45.59507080056694,0.0,45.302504096416726,0.0,0.0,0.0,0.0,0.0,0.0,0.0
10.0,4.00030001500075,0.0035129149443624,0.0035129149400967,0.999993829694124,0.999993829694124,49.41373060667835,0.0,49.97656208817665,0.0,45.59507079764191,0.0,45.30250404417768,0.0,0.0,0.0,0.0,0.0,0.0,0.0
10.0,4.00055002750138,0.0035129505712201,0.0035129505669564,0.999993829568969,0.9999938295689688,49.413730597635485,0.0,49.9765618392094,0.0,45.59507079471669,0.0,45.30250399193539,0.0,0.0,0.0,0.0,0.0,0.0,0.0
10.0,4.000800040002,0.0035129861999138,0.0035129861956522,0.999993829443806,0.999993829443806,49.4137305885919,0.0,49.976561590229885,0.0,45.59507079179129,0.0,45.30250393968986,0.0,0.0,0.0,0.0,0.0,0.0,0.0
10.0,4.00105005250262,0.0035130218304436,0.0035130218261841,0.999993829318636,0.999993829318636,49.413730579547575,0.0,49.97656134123814,0.0,45.59507078886571,0.0,45.30250388744111,0.0,0.0,0.0,0.0,0.0,0.0,0.0
10.0,4.00130006500325,0.0035130574628095,0.003513057458552,0.999993829193457,0.9999938291934568,49.41373057050252,0.0,49.97656109223414,0.0,45.59507078593994,0.0,45.30250383518912,0.0,0.0,0.0,0.0,0.0,0.0,0.0
10.0,4.00155007750388,0.0035130930970112,0.0035130930927558,0.999993829068271,0.999993829068271,49.41373056145673,0.0,49.976560843217925,0.0,45.595070783014,0.0,45.30250378293389,0.0,0.0,0.0,0.0,0.0,0.0,0.0
10.0,4.0018000900045,0.0035131287330489,0.0035131287287955,0.999993828943078,0.9999938289430772,49.4137305524102,0.0,49.976560594189486,0.0,45.59507078008786,0.0,45.30250373067543,0.0,0.0,0.0,0.0,0.0,0.0,0.0
10.0,4.00205010250512,0.0035131643709224,0.0035131643666711,0.999993828817876,0.999993828817876,49.41373054336294,0.0,49.97656034514883,0.0,45.59507077716154,0.0,45.30250367841373,0.0,0.0,0.0,0.0,0.0,0.0,0.0
10.0,4.00230011500575,0.0035132000106316,0.0035132000063823,0.999993828692667,0.999993828692667,49.41373053431495,0.0,49.976560096095966,0.0,45.59507077423505,0.0,45.302503626148805,0.0,0.0,0.0,0.0,0.0,0.0,0.0
10.0,4.00255012750638,0.0035132356521765,0.0035132356479293,0.99999382856745,0.99999382856745,49.41373052526622,0.0,49.976559847030906,0.0,45.59507077130836,0.0,45.30250357388064,0.0,0.0,0.0,0.0,0.0,0.0,0.0
10.0,4.002800140007,0.0035132712955571,0.0035132712913119,0.999993828442225,0.999993828442225,49.41373051621676,0.0,49.97655959795366,0.0,45.5950707683815,0.0,45.30250352160924,0.0,0.0,0.0,0.0,0.0,0.0,0.0
10.0,4.00305015250763,0.0035133069407732,0.0035133069365301,0.999993828316993,0.9999938283169932,49.41373050716656,0.0,49.97655934886422,0.0,45.59507076545445,0.0,45.30250346933461,0.0,0.0,0.0,0.0,0.0,0.0,0.0
10.0,4.00330016500825,0.0035133425878248,0.0035133425835838,0.999993828191753,0.999993828191752,49.41373049811562,0.0,49.97655909976261,0.0,45.595070762527214,0.0,45.30250341705674,0.0,0.0,0.0,0.0,0.0,0.0,0.0
10.0,4.00355017750888,0.0035133782367119,0.003513378232473,0.999993828066505,0.999993828066505,49.41373048906396,0.0,49.97655885064884,0.0,45.5950707595998,0.0,45.302503364775646,0.0,0.0,0.0,0.0,0.0,0.0,0.0
10.0,4.0038001900095,0.0035134138874344,0.0035134138831975,0.999993827941249,0.999993827941249,49.41373048001156,0.0,49.97655860152289,0.0,45.5950707566722,0.0,45.30250331249131,0.0,0.0,0.0,0.0,0.0,0.0,0.0
10.0,4.00405020251013,0.0035134495399922,0.0035134495357574,0.999993827815986,0.999993827815986,49.41373047095843,0.0,49.97655835238481,0.0,45.595070753744416,0.0,45.302503260203736,0.0,0.0,0.0,0.0,0.0,0.0,0.0
10.0,4.00430021501075,0.0035134851943853,0.0035134851901525,0.999993827690715,0.9999938276907152,49.41373046190455,0.0,49.97655810323456,0.0,45.59507075081645,0.0,45.30250320791293,0.0,0.0,0.0,0.0,0.0,0.0,0.0
10.0,4.00455022751138,0.0035135208506136,0.0035135208463829,0.999993827565436,0.999993827565436,49.41373045284994,0.0,49.97655785407219,0.0,45.5950707478883,0.0,45.302503155618886,0.0,0.0,0.0,0.0,0.0,0.0,0.0
10.0,4.004800240012,0.003513556508677,0.0035135565044484,0.99999382744015,0.99999382744015,49.413730443794606,0.0,49.97655760489769,0.0,45.59507074495997,0.0,45.30250310332163,0.0,0.0,0.0,0.0,0.0,0.0,0.0
10.0,4.00505025251263,0.0035135921685755,0.0035135921643489,0.999993827314856,0.999993827314856,49.413730434738525,0.0,49.97655735571107,0.0,45.59507074203145,0.0,45.30250305102111,0.0,0.0,0.0,0.0,0.0,0.0,0.0
10.0,4.00530026501325,0.0035136278303091,0.0035136278260845,0.999993827189554,0.999993827189554,49.41373042568172,0.0,49.976557106512345,0.0,45.59507073910275,0.0,45.30250299871737,0.0,0.0,0.0,0.0,0.0,0.0,0.0
10.0,4.00555027751388,0.0035136634938776,0.0035136634896551,0.999993827064244,0.999993827064244,49.413730416624176,0.0,49.97655685730151,0.0,45.59507073617387,0.0,45.30250294641039,0.0,0.0,0.0,0.0,0.0,0.0,0.0
10.0,4.0058002900145,0.003513699159281,0.0035136991550605,0.999993826938927,0.9999938269389268,49.41373040756591,0.0,49.976556608078575,0.0,45.5950707332448,0.0,45.302502894100186,0.0,0.0,0.0,0.0,0.0,0.0,0.0
10.0,4.00605030251513,0.0035137348265192,0.0035137348223008,0.999993826813602,0.999993826813602,49.41373039850689,0.0,49.97655635884356,0.0,45.59507073031555,0.0,45.30250284178675,0.0,0.0,0.0,0.0,0.0,0.0,0.0
10.0,4.00630031501575,0.0035137704955922,0.0035137704913758,0.9999938266882692,0.999993826688269,49.413730389447146,0.0,49.97655610959646,0.0,45.59507072738612,0.0,45.30250278947007,0.0,0.0,0.0,0.0,0.0,0.0,0.0
10.0,4.00655032751638,0.0035138061664999,0.0035138061622856,0.999993826562929,0.999993826562929,49.41373038038666,0.0,49.976555860337285,0.0,45.595070724456505,0.0,45.30250273715015,0.0,0.0,0.0,0.0,0.0,0.0,0.0
10.0,4.006800340017,0.0035138418392423,0.00351384183503,0.9999938264375808,0.99999382643758,49.41373037132545,0.0,49.97655561106605,0.0,45.5950707215267,0.0,45.302502684827004,0.0,0.0,0.0,0.0,0.0,0.0,0.0
10.0,4.00705035251763,0.0035138775138193,0.0035138775096091,0.9999938263122252,0.999993826312224,49.41373036226349,0.0,49.976555361782765,0.0,45.59507071859672,0.0,45.30250263250063,0.0,0.0,0.0,0.0,0.0,0.0,0.0
10.0,4.00730036501825,0.0035139131902308,0.0035139131860226,0.999993826186861,0.9999938261868612,49.41373035320081,0.0,49.97655511248743,0.0,45.595070715666544,0.0,45.30250258017101,0.0,0.0,0.0,0.0,0.0,0.0,0.0
10.0,4.00755037751888,0.0035139488684768,0.0035139488642706,0.99999382606149,0.99999382606149,49.41373034413739,0.0,49.97655486318006,0.0,45.5950707127362,0.0,45.30250252783816,0.0,0.0,0.0,0.0,0.0,0.0,0.0
10.0,4.0078003900195,0.0035139845485572,0.0035139845443531,0.999993825936111,0.99999382593611,49.41373033507324,0.0,49.97655461386066,0.0,45.59507070980566,0.0,45.30250247550208,0.0,0.0,0.0,0.0,0.0,0.0,0.0
10.0,4.00805040252013,0.0035140202304719,0.0035140202262698,0.999993825810724,0.999993825810723,49.41373032600834,0.0,49.97655436452924,0.0,45.59507070687495,0.0,45.30250242316276,0.0,0.0,0.0,0.0,0.0,0.0,0.0
10.0,4.00830041502075,0.0035140559142209,0.0035140559100209,0.999993825685329,0.999993825685329,49.413730316942726,0.0,49.9765541151858,0.0,45.595070703944046,0.0,45.3025023708202,0.0,0.0,0.0,0.0,0.0,0.0,0.0
10.0,4.00855042752138,0.0035140915998041,0.0035140915956062,0.999993825559927,0.9999938255599268,49.41373030787635,0.0,49.97655386583036,0.0,45.59507070101297,0.0,45.30250231847442,0.0,0.0,0.0,0.0,0.0,0.0,0.0
10.0,4.008800440022,0.0035141272872215,0.0035141272830256,0.999993825434517,0.999993825434517,49.41373029880926,0.0,49.97655361646293,0.0,45.5950706980817,0.0,45.302502266125394,0.0,0.0,0.0,0.0,0.0,0.0,0.0
10.0,4.00905045252263,0.003514162976473,0.0035141629722791,0.9999938253091,0.9999938253091,49.41373028974143,0.0,49.97655336708351,0.0,45.59507069515025,0.0,45.30250221377314,0.0,0.0,0.0,0.0,0.0,0.0,0.0
10.0,4.00930046502325,0.0035141986675586,0.0035141986633667,0.999993825183674,0.999993825183674,49.41373028067287,0.0,49.976553117692106,0.0,45.595070692218606,0.0,45.30250216141765,0.0,0.0,0.0,0.0,0.0,0.0,0.0
10.0,4.00955047752388,0.0035142343604781,0.0035142343562883,0.999993825058241,0.999993825058241,49.41373027160357,0.0,49.97655286828874,0.0,45.59507068928679,0.0,45.30250210905893,0.0,0.0,0.0,0.0,0.0,0.0,0.0
10.0,4.0098004900245,0.0035142700552316,0.0035142700510438,0.9999938249328,0.9999938249328,49.41373026253353,0.0,49.97655261887341,0.0,45.59507068635479,0.0,45.302502056696966,0.0,0.0,0.0,0.0,0.0,0.0,0.0
10.0,4.01005050252513,0.0035143057518189,0.0035143057476331,0.999993824807352,0.999993824807352,49.41373025346276,0.0,49.976552369446125,0.0,45.59507068342261,0.0,45.30250200433178,0.0,0.0,0.0,0.0,0.0,0.0,0.0
10.0,4.01030051502575,0.00351434145024,0.0035143414460562,0.999993824681895,0.9999938246818952,49.41373024439125,0.0,49.97655212000691,0.0,45.59507068049024,0.0,45.30250195196335,0.0,0.0,0.0,0.0,0.0,0.0,0.0
10.0,4.01055052752638,0.0035143771504948,0.0035143771463131,0.999993824556431,0.999993824556431,49.41373023531901,0.0,49.97655187055574,0.0,45.595070677557686,0.0,45.30250189959168,0.0,0.0,0.0,0.0,0.0,0.0,0.0
10.0,4.010800540027,0.0035144128525833,0.0035144128484036,0.99999382443096,0.9999938244309589,49.41373022624603,0.0,49.97655162109266,0.0,45.59507067462496,0.0,45.30250184721679,0.0,0.0,0.0,0.0,0.0,0.0,0.0
10.0,4.01105055252763,0.0035144485565054,0.0035144485523278,0.99999382430548,0.99999382430548,49.41373021717232,0.0,49.97655137161766,0.0,45.59507067169204,0.0,45.30250179483866,0.0,0.0,0.0,0.0,0.0,0.0,0.0
10.0,4.01130056502825,0.0035144842622611,0.0035144842580855,0.999993824179993,0.9999938241799928,49.41373020809788,0.0,49.97655112213074,0.0,45.595070668758936,0.0,45.302501742457295,0.0,0.0,0.0,0.0,0.0,0.0,0.0
10.0,4.01155057752888,0.0035145199698502,0.0035145199656767,0.999993824054498,0.999993824054498,49.41373019902269,0.0,49.97655087263194,0.0,45.59507066582565,0.0,45.3025016900727,0.0,0.0,0.0,0.0,0.0,0.0,0.0
10.0,4.0118005900295,0.0035145556792728,0.0035145556751013,0.999993823928996,0.999993823928996,49.413730189946776,0.0,49.97655062312124,0.0,45.59507066289218,0.0,45.30250163768487,0.0,0.0,0.0,0.0,0.0,0.0,0.0
10.0,4.01205060253013,0.0035145913905288,0.0035145913863592,0.999993823803485,0.9999938238034852,49.41373018087012,0.0,49.97655037359866,0.0,45.59507065995852,0.0,45.30250158529381,0.0,0.0,0.0,0.0,0.0,0.0,0.0
10.0,4.01230061503075,0.003514627103618,0.0035146270994505,0.999993823677967,0.9999938236779669,49.413730171792736,0.0,49.97655012406421,0.0,45.59507065702469,0.0,45.30250153289951,0.0,0.0,0.0,0.0,0.0,0.0,0.0
10.0,4.01255062753138,0.0035146628185405,0.003514662814375,0.999993823552442,0.999993823552441,49.41373016271461,0.0,49.9765498745179,0.0,45.59507065409068,0.0,45.30250148050197,0.0,0.0,0.0,0.0,0.0,0.0,0.0
10.0,4.012800640032,0.0035146985352962,0.0035146985311327,0.999993823426908,0.999993823426908,49.41373015363576,0.0,49.97654962495973,0.0,45.59507065115647,0.0,45.3025014281012,0.0,0.0,0.0,0.0,0.0,0.0,0.0
10.0,4.01305065253263,0.003514734253885,0.0035147342497236,0.999993823301367,0.999993823301367,49.41373014455616,0.0,49.97654937538972,0.0,45.59507064822208,0.0,45.30250137569721,0.0,0.0,0.0,0.0,0.0,0.0,0.0
10.0,4.01330066503325,0.0035147699743069,0.0035147699701474,0.999993823175818,0.999993823175818,49.41373013547584,0.0,49.97654912580788,0.0,45.59507064528752,0.0,45.30250132328997,0.0,0.0,0.0,0.0,0.0,0.0,0.0
10.0,4.01355067753388,0.0035148056965617,0.0035148056924043,0.999993823050262,0.999993823050261,49.41373012639476,0.0,49.97654887621421,0.0,45.595070642352766,0.0,45.302501270879496,0.0,0.0,0.0,0.0,0.0,0.0,0.0
10.0,4.0138006900345,0.0035148414206495,0.0035148414164941,0.999993822924697,0.999993822924697,49.413730117312966,0.0,49.976548626608725,0.0,45.59507063941784,0.0,45.30250121846579,0.0,0.0,0.0,0.0,0.0,0.0,0.0
10.0,4.01405070253513,0.0035148771465702,0.0035148771424168,0.999993822799125,0.999993822799125,49.413730108230425,0.0,49.97654837699143,0.0,45.59507063648272,0.0,45.302501166048856,0.0,0.0,0.0,0.0,0.0,0.0,0.0
10.0,4.01430071503575,0.0035149128743237,0.0035149128701723,0.9999938226735448,0.999993822673545,49.41373009914716,0.0,49.97654812736234,0.0,45.595070633547415,0.0,45.30250111362868,0.0,0.0,0.0,0.0,0.0,0.0,0.0
10.0,4.01455072753638,0.0035149486039099,0.0035149485997606,0.999993822547958,0.999993822547958,49.413730090063154,0.0,49.97654787772147,0.0,45.59507063061192,0.0,45.30250106120528,0.0,0.0,0.0,0.0,0.0,0.0,0.0
10.0,4.014800740037,0.0035149843353288,0.0035149843311815,0.999993822422363,0.999993822422362,49.41373008097841,0.0,49.97654762806881,0.0,45.59507062767626,0.0,45.30250100877864,0.0,0.0,0.0,0.0,0.0,0.0,0.0
10.0,4.01505075253763,0.0035150200685804,0.0035150200644351,0.99999382229676,0.999993822296759,49.41373007189293,0.0,49.97654737840438,0.0,45.5950706247404,0.0,45.302500956348766,0.0,0.0,0.0,0.0,0.0,0.0,0.0
10.0,4.01530076503825,0.0035150558036645,0.0035150557995212,0.999993822171149,0.999993822171149,49.41373006280672,0.0,49.97654712872821,0.0,45.595070621804375,0.0,45.30250090391566,0.0,0.0,0.0,0.0,0.0,0.0,0.0
10.0,4.01555077753888,0.0035150915405811,0.0035150915364399,0.9999938220455312,0.99999382204553,49.41373005371977,0.0,49.97654687904027,0.0,45.59507061886815,0.0,45.30250085147932,0.0,0.0,0.0,0.0,0.0,0.0,0.0
10.0,4.0158007900395,0.0035151272793302,0.003515127275191,0.999993821919904,0.999993821919904,49.41373004463208,0.0,49.9765466293406,0.0,45.59507061593175,0.0,45.30250079903973,0.0,0.0,0.0,0.0,0.0,0.0,0.0
10.0,4.01605080254013,0.0035151630199117,0.0035151630157744,0.999993821794271,0.99999382179427,49.41373003554367,0.0,49.9765463796292,0.0,45.59507061299516,0.0,45.30250074659693,0.0,0.0,0.0,0.0,0.0,0.0,0.0
10.0,4.01630081504075,0.0035151987623255,0.0035151987581902,0.999993821668629,0.999993821668629,49.41373002645451,0.0,49.97654612990608,0.0,45.59507061005839,0.0,45.30250069415087,0.0,0.0,0.0,0.0,0.0,0.0,0.0
10.0,4.01655082754138,0.0035152345065715,0.0035152345024383,0.99999382154298,0.99999382154298,49.41373001736461,0.0,49.97654588017125,0.0,45.59507060712144,0.0,45.30250064170159,0.0,0.0,0.0,0.0,0.0,0.0,0.0
10.0,4.016800840042,0.0035152702526498,0.0035152702485185,0.9999938214173232,0.999993821417323,49.41373000827399,0.0,49.97654563042472,0.0,45.5950706041843,0.0,45.302500589249085,0.0,0.0,0.0,0.0,0.0,0.0,0.0
10.0,4.01705085254263,0.0035153060005601,0.0035153059964309,0.999993821291658,0.999993821291658,49.41372999918262,0.0,49.97654538066649,0.0,45.59507060124698,0.0,45.30250053679334,0.0,0.0,0.0,0.0,0.0,0.0,0.0
10.0,4.01730086504325,0.0035153417503026,0.0035153417461754,0.999993821165986,0.999993821165985,49.41372999009052,0.0,49.97654513089659,0.0,45.59507059830948,0.0,45.30250048433436,0.0,0.0,0.0,0.0,0.0,0.0,0.0
10.0,4.01755087754388,0.0035153775018771,0.0035153774977519,0.999993821040306,0.999993821040306,49.41372998099769,0.0,49.97654488111502,0.0,45.595070595371794,0.0,45.30250043187214,0.0,0.0,0.0,0.0,0.0,0.0,0.0
10.0,4.0178008900445,0.0035154132552835,0.0035154132511603,0.999993820914618,0.999993820914618,49.41372997190411,0.0,49.97654463132179,0.0,45.59507059243392,0.0,45.30250037940669,0.0,0.0,0.0,0.0,0.0,0.0,0.0
10.0,4.01805090254513,0.0035154490105219,0.0035154490064007,0.999993820788922,0.999993820788922,49.4137299628098,0.0,49.976544381516895,0.0,45.59507058949587,0.0,45.302500326938,0.0,0.0,0.0,0.0,0.0,0.0,0.0
10.0,4.01830091504575,0.003515484767592,0.0035154847634728,0.999993820663219,0.999993820663219,49.41372995371477,0.0,49.97654413170037,0.0,45.595070586557625,0.0,45.30250027446609,0.0,0.0,0.0,0.0,0.0,0.0,0.0
10.0,4.01855092754638,0.003515520526494,0.0035155205223768,0.999993820537508,0.999993820537508,49.413729944618986,0.0,49.97654388187222,0.0,45.59507058361921,0.0,45.30250022199094,0.0,0.0,0.0,0.0,0.0,0.0,0.0
10.0,4.018800940047,0.0035155562872276,0.0035155562831124,0.999993820411789,0.999993820411789,49.41372993552247,0.0,49.976543632032445,0.0,45.595070580680606,0.0,45.30250016951256,0.0,0.0,0.0,0.0,0.0,0.0,0.0
10.0,4.01905095254763,0.0035155920497929,0.0035155920456797,0.999993820286063,0.9999938202860632,49.41372992642521,0.0,49.976543382181056,0.0,45.59507057774182,0.0,45.30250011703094,0.0,0.0,0.0,0.0,0.0,0.0,0.0
10.0,4.01930096504825,0.0035156278141898,0.0035156278100786,0.999993820160329,0.999993820160328,49.41372991732722,0.0,49.97654313231807,0.0,45.59507057480285,0.0,45.30250006454608,0.0,0.0,0.0,0.0,0.0,0.0,0.0
10.0,4.01955097754888,0.0035156635804182,0.003515663576309,0.999993820034587,0.999993820034587,49.4137299082285,0.0,49.976542882443496,0.0,45.5950705718637,0.0,45.302500012058,0.0,0.0,0.0,0.0,0.0,0.0,0.0
10.0,4.0198009900495,0.0035156993484781,0.0035156993443709,0.999993819908837,0.999993819908837,49.413729899129045,0.0,49.97654263255736,0.0,45.59507056892436,0.0,45.302499959566674,0.0,0.0,0.0,0.0,0.0,0.0,0.0
10.0,4.02005100255013,0.0035157351183693,0.0035157351142641,0.99999381978308,0.99999381978308,49.41372989002885,0.0,49.97654238265963,0.0,45.59507056598485,0.0,45.302499907072125,0.0,0.0,0.0,0.0,0.0,0.0,0.0
10.0,4.02030101505075,0.0035157708900919,0.0035157708859887,0.999993819657315,0.999993819657315,49.41372988092792,0.0,49.97654213275035,0.0,45.595070563045134,0.0,45.30249985457433,0.0,0.0,0.0,0.0,0.0,0.0,0.0
10.0,4.02055102755138,0.0035158066636458,0.0035158066595446,0.999993819531542,0.999993819531542,49.41372987182625,0.0,49.97654188282954,0.0,45.59507056010525,0.0,45.30249980207331,0.0,0.0,0.0,0.0,0.0,0.0,0.0
10.0,4.020801040052,0.003515842439031,0.0035158424349317,0.999993819405761,0.999993819405761,49.41372986272384,0.0,49.97654163289717,0.0,45.59507055716517,0.0,45.30249974956904,0.0,0.0,0.0,0.0,0.0,0.0,0.0
10.0,4.02105105255263,0.0035158782162472,0.00351587821215,0.999993819279974,0.999993819279973,49.41372985362071,0.0,49.976541382953286,0.0,45.59507055422492,0.0,45.30249969706156,0.0,0.0,0.0,0.0,0.0,0.0,0.0
10.0,4.02130106505325,0.0035159139952946,0.0035159139911994,0.999993819154178,0.999993819154177,49.41372984451682,0.0,49.97654113299789,0.0,45.595070551284486,0.0,45.30249964455084,0.0,0.0,0.0,0.0,0.0,0.0,0.0
10.0,4.02155107755388,0.003515949776173,0.0035159497720797,0.999993819028374,0.999993819028374,49.413729835412205,0.0,49.97654088303098,0.0,45.59507054834386,0.0,45.30249959203688,0.0,0.0,0.0,0.0,0.0,0.0,0.0
10.0,4.0218010900545,0.0035159855588824,0.0035159855547911,0.999993818902563,0.999993818902562,49.41372982630686,0.0,49.976540633052586,0.0,45.59507054540307,0.0,45.30249953951969,0.0,0.0,0.0,0.0,0.0,0.0,0.0
10.0,4.02205110255513,0.0035160213434227,0.0035160213393334,0.999993818776743,0.999993818776743,49.41372981720078,0.0,49.97654038306271,0.0,45.59507054246208,0.0,45.30249948699926,0.0,0.0,0.0,0.0,0.0,0.0,0.0
10.0,4.02230111505575,0.0035160571297938,0.0035160571257065,0.999993818650917,0.999993818650916,49.413729808093954,0.0,49.97654013306135,0.0,45.5950705395209,0.0,45.30249943447559,0.0,0.0,0.0,0.0,0.0,0.0,0.0
10.0,4.02255112755638,0.0035160929179957,0.0035160929139104,0.999993818525082,0.999993818525082,49.4137297989864,0.0,49.97653988304854,0.0,45.59507053657955,0.0,45.3024993819487,0.0,0.0,0.0,0.0,0.0,0.0,0.0
10.0,4.022801140057,0.0035161287080284,0.0035161287039451,0.99999381839924,0.99999381839924,49.4137297898781,0.0,49.976539633024274,0.0,45.59507053363801,0.0,45.30249932941858,0.0,0.0,0.0,0.0,0.0,0.0,0.0
10.0,4.02305115255763,0.0035161644998917,0.0035161644958104,0.99999381827339,0.99999381827339,49.41372978076907,0.0,49.97653938298858,0.0,45.59507053069629,0.0,45.302499276885214,0.0,0.0,0.0,0.0,0.0,0.0,0.0
10.0,4.02330116505825,0.0035162002935856,0.0035162002895063,0.999993818147532,0.999993818147532,49.413729771659305,0.0,49.97653913294145,0.0,45.59507052775438,0.0,45.302499224348615,0.0,0.0,0.0,0.0,0.0,0.0,0.0
10.0,4.02355117755888,0.0035162360891101,0.0035162360850327,0.9999938180216672,0.999993818021667,49.413729762548805,0.0,49.9765388828829,0.0,45.59507052481229,0.0,45.30249917180878,0.0,0.0,0.0,0.0,0.0,0.0,0.0
10.0,4.0238011900595,0.003516271886465,0.0035162718823897,0.999993817895794,0.999993817895794,49.41372975343756,0.0,49.97653863281295,0.0,45.59507052187002,0.0,45.30249911926572,0.0,0.0,0.0,0.0,0.0,0.0,0.0
10.0,4.02405120256013,0.0035163076856504,0.003516307681577,0.999993817769913,0.999993817769913,49.41372974432558,0.0,49.9765383827316,0.0,45.59507051892757,0.0,45.30249906671943,0.0,0.0,0.0,0.0,0.0,0.0,0.0
10.0,4.02430121506075,0.0035163434866661,0.0035163434825947,0.9999938176440252,0.999993817644025,49.41372973521286,0.0,49.97653813263888,0.0,45.59507051598493,0.0,45.302499014169896,0.0,0.0,0.0,0.0,0.0,0.0,0.0
10.0,4.02455122756138,0.0035163792895122,0.0035163792854428,0.999993817518128,0.999993817518128,49.41372972609941,0.0,49.97653788253477,0.0,45.59507051304211,0.0,45.30249896161713,0.0,0.0,0.0,0.0,0.0,0.0,0.0
10.0,4.024801240062,0.0035164150941885,0.003516415090121,0.999993817392224,0.999993817392224,49.41372971698523,0.0,49.97653763241932,0.0,45.59507051009911,0.0,45.302498909061136,0.0,0.0,0.0,0.0,0.0,0.0,0.0
10.0,4.02505125256263,0.0035164509006949,0.0035164508966294,0.999993817266313,0.999993817266312,49.4137297078703,0.0,49.976537382292506,0.0,45.59507050715592,0.0,45.30249885650191,0.0,0.0,0.0,0.0,0.0,0.0,0.0
10.0,4.02530126506325,0.0035164867090315,0.003516486704968,0.9999938171403931,0.999993817140393,49.41372969875464,0.0,49.97653713215437,0.0,45.59507050421254,0.0,45.30249880393944,0.0,0.0,0.0,0.0,0.0,0.0,0.0
10.0,4.02555127756388,0.0035165225191981,0.0035165225151365,0.999993817014466,0.999993817014466,49.413729689638245,0.0,49.97653688200489,0.0,45.59507050126899,0.0,45.302498751373726,0.0,0.0,0.0,0.0,0.0,0.0,0.0
10.0,4.0258012900645,0.0035165583311947,0.0035165583271351,0.999993816888531,0.999993816888531,49.41372968052112,0.0,49.97653663184411,0.0,45.59507049832525,0.0,45.30249869880479,0.0,0.0,0.0,0.0,0.0,0.0,0.0
10.0,4.02605130256513,0.0035165941450212,0.0035165941409636,0.9999938167625888,0.999993816762588,49.413729671403246,0.0,49.976536381672034,0.0,45.59507049538133,0.0,45.30249864623263,0.0,0.0,0.0,0.0,0.0,0.0,0.0
10.0,4.02630131506575,0.0035166299606776,0.003516629956622,0.999993816636638,0.999993816636638,49.41372966228463,0.0,49.97653613148866,0.0,45.59507049243722,0.0,45.302498593657226,0.0,0.0,0.0,0.0,0.0,0.0,0.0
10.0,4.02655132756638,0.0035166657781638,0.0035166657741102,0.99999381651068,0.99999381651068,49.4137296531653,0.0,49.976535881294,0.0,45.59507048949294,0.0,45.30249854107859,0.0,0.0,0.0,0.0,0.0,0.0,0.0
10.0,4.026801340067,0.0035167015974798,0.0035167015934281,0.999993816384715,0.999993816384714,49.41372964404521,0.0,49.97653563108808,0.0,45.59507048654846,0.0,45.30249848849672,0.0,0.0,0.0,0.0,0.0,0.0,0.0
10.0,4.02705135256763,0.0035167374186254,0.0035167374145757,0.9999938162587408,0.999993816258741,49.4137296349244,0.0,49.97653538087091,0.0,45.595070483603806,0.0,45.302498435911616,0.0,0.0,0.0,0.0,0.0,0.0,0.0
10.0,4.02730136506825,0.0035167732416007,0.0035167732375529,0.99999381613276,0.99999381613276,49.41372962580284,0.0,49.97653513064249,0.0,45.59507048065897,0.0,45.30249838332328,0.0,0.0,0.0,0.0,0.0,0.0,0.0
10.0,4.02755137756888,0.0035168090664055,0.0035168090623597,0.999993816006771,0.9999938160067708,49.41372961668055,0.0,49.97653488040284,0.0,45.59507047771394,0.0,45.30249833073171,0.0,0.0,0.0,0.0,0.0,0.0,0.0
10.0,4.0278013900695,0.0035168448930398,0.003516844888996,0.9999938158807752,0.999993815880774,49.41372960755752,0.0,49.97653463015197,0.0,45.59507047476873,0.0,45.3024982781369,0.0,0.0,0.0,0.0,0.0,0.0,0.0
10.0,4.02805140257013,0.0035168807215036,0.0035168807174618,0.99999381575477,0.99999381575477,49.41372959843376,0.0,49.9765343798899,0.0,45.59507047182335,0.0,45.30249822553887,0.0,0.0,0.0,0.0,0.0,0.0,0.0
10.0,4.02830141507075,0.0035169165517967,0.0035169165477569,0.999993815628758,0.999993815628758,49.41372958930925,0.0,49.97653412961663,0.0,45.59507046887778,0.0,45.30249817293759,0.0,0.0,0.0,0.0,0.0,0.0,0.0
10.0,4.02855142757138,0.0035169523839192,0.0035169523798813,0.999993815502738,0.999993815502738,49.41372958018401,0.0,49.97653387933218,0.0,45.59507046593202,0.0,45.30249812033309,0.0,0.0,0.0,0.0,0.0,0.0,0.0
10.0,4.028801440072,0.0035169882178709,0.003516988213835,0.9999938153767112,0.999993815376711,49.41372957105804,0.0,49.97653362903656,0.0,45.59507046298608,0.0,45.30249806772535,0.0,0.0,0.0,0.0,0.0,0.0,0.0
10.0,4.02905145257263,0.0035170240536518,0.0035170240496178,0.999993815250676,0.999993815250676,49.41372956193132,0.0,49.97653337872978,0.0,45.59507046003996,0.0,45.30249801511438,0.0,0.0,0.0,0.0,0.0,0.0,0.0
10.0,4.02930146507325,0.0035170598912618,0.0035170598872298,0.9999938151246331,0.999993815124632,49.41372955280387,0.0,49.97653312841185,0.0,45.595070457093655,0.0,45.30249796250017,0.0,0.0,0.0,0.0,0.0,0.0,0.0
10.0,4.02955147757388,0.0035170957307009,0.0035170957266709,0.999993814998582,0.999993814998582,49.413729543675686,0.0,49.9765328780828,0.0,45.59507045414716,0.0,45.302497909882725,0.0,0.0,0.0,0.0,0.0,0.0,0.0
10.0,4.0298014900745,0.0035171315719691,0.003517131567941,0.999993814872524,0.999993814872524,49.41372953454676,0.0,49.97653262774263,0.0,45.59507045120049,0.0,45.30249785726205,0.0,0.0,0.0,0.0,0.0,0.0,0.0
10.0,4.03005150257513,0.0035171674150661,0.00351716741104,0.999993814746458,0.999993814746458,49.4137295254171,0.0,49.97653237739134,0.0,45.59507044825363,0.0,45.30249780463814,0.0,0.0,0.0,0.0,0.0,0.0,0.0
10.0,4.03030151507575,0.0035172032599921,0.0035172032559679,0.999993814620384,0.999993814620384,49.4137295162867,0.0,49.97653212702897,0.0,45.5950704453066,0.0,45.302497752011,0.0,0.0,0.0,0.0,0.0,0.0,0.0
10.0,4.03055152757638,0.0035172391067469,0.0035172391027246,0.999993814494302,0.999993814494302,49.413729507155566,0.0,49.97653187665551,0.0,45.59507044235937,0.0,45.30249769938062,0.0,0.0,0.0,0.0,0.0,0.0,0.0
10.0,4.030801540077,0.0035172749553304,0.0035172749513101,0.999993814368213,0.999993814368213,49.41372949802369,0.0,49.976531626270976,0.0,45.59507043941196,0.0,45.30249764674702,0.0,0.0,0.0,0.0,0.0,0.0,0.0
10.0,4.03105155257763,0.0035173108057426,0.0035173108017243,0.999993814242116,0.999993814242116,49.41372948889107,0.0,49.97653137587538,0.0,45.595070436464376,0.0,45.30249759411017,0.0,0.0,0.0,0.0,0.0,0.0,0.0
10.0,4.03130156507825,0.0035173466579835,0.0035173466539672,0.999993814116012,0.9999938141160118,49.41372947975773,0.0,49.97653112546876,0.0,45.5950704335166,0.0,45.302497541470096,0.0,0.0,0.0,0.0,0.0,0.0,0.0
10.0,4.03155157757888,0.003517382512053,0.0035173825080386,0.999993813989899,0.9999938139898988,49.41372947062364,0.0,49.9765308750511,0.0,45.59507043056865,0.0,45.30249748882678,0.0,0.0,0.0,0.0,0.0,0.0,0.0
10.0,4.0318015900795,0.003517418367951,0.0035174183639385,0.999993813863779,0.999993813863779,49.41372946148883,0.0,49.97653062462242,0.0,45.595070427620506,0.0,45.302497436180246,0.0,0.0,0.0,0.0,0.0,0.0,0.0
10.0,4.03205160258013,0.0035174542256774,0.0035174542216669,0.9999938137376518,0.999993813737651,49.41372945235326,0.0,49.97653037418273,0.0,45.59507042467218,0.0,45.30249738353046,0.0,0.0,0.0,0.0,0.0,0.0,0.0
10.0,4.03230161508075,0.0035174900852322,0.0035174900812237,0.999993813611516,0.9999938136115152,49.41372944321697,0.0,49.97653012373206,0.0,45.59507042172367,0.0,45.30249733087745,0.0,0.0,0.0,0.0,0.0,0.0,0.0
10.0,4.03255162758138,0.0035175259466154,0.0035175259426088,0.999993813485373,0.999993813485372,49.41372943407993,0.0,49.9765298732704,0.0,45.59507041877498,0.0,45.3024972782212,0.0,0.0,0.0,0.0,0.0,0.0,0.0
10.0,4.032801640082,0.0035175618098269,0.0035175618058222,0.999993813359222,0.999993813359221,49.41372942494216,0.0,49.97652962279779,0.0,45.59507041582612,0.0,45.30249722556172,0.0,0.0,0.0,0.0,0.0,0.0,0.0
10.0,4.03305165258263,0.0035175976748665,0.0035175976708638,0.999993813233063,0.999993813233063,49.41372941580365,0.0,49.97652937231422,0.0,45.59507041287706,0.0,45.30249717289901,0.0,0.0,0.0,0.0,0.0,0.0,0.0
10.0,4.03330166508325,0.0035176335417343,0.0035176335377336,0.999993813106897,0.9999938131068958,49.4137294066644,0.0,49.97652912181971,0.0,45.59507040992781,0.0,45.30249712023306,0.0,0.0,0.0,0.0,0.0,0.0,0.0
10.0,4.03355167758388,0.0035176694104302,0.0035176694064314,0.999993812980723,0.999993812980722,49.41372939752441,0.0,49.97652887131427,0.0,45.59507040697838,0.0,45.30249706756389,0.0,0.0,0.0,0.0,0.0,0.0,0.0
10.0,4.0338016900845,0.0035177052809541,0.0035177052769572,0.9999938128545413,0.99999381285454,49.4137293883837,0.0,49.976528620797936,0.0,45.59507040402878,0.0,45.30249701489147,0.0,0.0,0.0,0.0,0.0,0.0,0.0
10.0,4.03405170258513,0.003517741153306,0.0035177411493111,0.999993812728351,0.999993812728351,49.41372937924224,0.0,49.97652837027069,0.0,45.595070401078985,0.0,45.30249696221583,0.0,0.0,0.0,0.0,0.0,0.0,0.0
10.0,4.03430171508575,0.0035177770274858,0.0035177770234928,0.999993812602154,0.999993812602153,49.41372937010004,0.0,49.97652811973256,0.0,45.59507039812902,0.0,45.30249690953694,0.0,0.0,0.0,0.0,0.0,0.0,0.0
10.0,4.03455172758638,0.0035178129034934,0.0035178128995024,0.999993812475949,0.999993812475949,49.41372936095711,0.0,49.97652786918356,0.0,45.59507039517886,0.0,45.30249685685484,0.0,0.0,0.0,0.0,0.0,0.0,0.0
10.0,4.034801740087,0.0035178487813288,0.0035178487773397,0.999993812349736,0.999993812349736,49.41372935181344,0.0,49.97652761862371,0.0,45.595070392228514,0.0,45.30249680416949,0.0,0.0,0.0,0.0,0.0,0.0,0.0
10.0,4.03505175258763,0.003517884660992,0.0035178846570048,0.999993812223516,0.9999938122235152,49.41372934266903,0.0,49.976527368053006,0.0,45.59507038927799,0.0,45.302496751480895,0.0,0.0,0.0,0.0,0.0,0.0,0.0
10.0,4.03530176508825,0.0035179205424828,0.0035179205384975,0.999993812097288,0.999993812097287,49.41372933352388,0.0,49.97652711747149,0.0,45.59507038632728,0.0,45.302496698789085,0.0,0.0,0.0,0.0,0.0,0.0,0.0
10.0,4.03555177758888,0.0035179564258011,0.0035179564218179,0.999993811971052,0.999993811971052,49.41372932437799,0.0,49.97652686687915,0.0,45.59507038337639,0.0,45.30249664609404,0.0,0.0,0.0,0.0,0.0,0.0,0.0
10.0,4.0358017900895,0.0035179923109471,0.0035179923069657,0.999993811844808,0.999993811844808,49.41372931523137,0.0,49.976526616276,0.0,45.59507038042532,0.0,45.30249659339575,0.0,0.0,0.0,0.0,0.0,0.0,0.0
10.0,4.03605180259013,0.0035180281979205,0.003518028193941,0.999993811718557,0.999993811718557,49.413729306084,0.0,49.97652636566208,0.0,45.59507037747406,0.0,45.30249654069424,0.0,0.0,0.0,0.0,0.0,0.0,0.0
10.0,4.03630181509075,0.0035180640867213,0.0035180640827438,0.999993811592298,0.9999938115922972,49.41372929693591,0.0,49.97652611503737,0.0,45.59507037452262,0.0,45.30249648798949,0.0,0.0,0.0,0.0,0.0,0.0,0.0
10.0,4.03655182759138,0.0035180999773494,0.0035180999733739,0.9999938114660312,0.999993811466031,49.41372928778708,0.0,49.97652586440192,0.0,45.595070371571,0.0,45.30249643528151,0.0,0.0,0.0,0.0,0.0,0.0,0.0
10.0,4.036801840092,0.0035181358698049,0.0035181358658313,0.9999938113397568,0.999993811339756,49.4137292786375,0.0,49.976525613755705,0.0,45.59507036861918,0.0,45.30249638257029,0.0,0.0,0.0,0.0,0.0,0.0,0.0
10.0,4.03705185259263,0.0035181717640876,0.0035181717601159,0.999993811213474,0.999993811213474,49.41372926948719,0.0,49.97652536309878,0.0,45.5950703656672,0.0,45.30249632985584,0.0,0.0,0.0,0.0,0.0,0.0,0.0
10.0,4.03730186509325,0.0035182076601974,0.0035182076562277,0.999993811087185,0.999993811087184,49.41372926033614,0.0,49.976525112431126,0.0,45.59507036271502,0.0,45.30249627713816,0.0,0.0,0.0,0.0,0.0,0.0,0.0
10.0,4.03755187759388,0.0035182435581344,0.0035182435541665,0.999993810960887,0.999993810960887,49.41372925118435,0.0,49.97652486175278,0.0,45.595070359762666,0.0,45.30249622441724,0.0,0.0,0.0,0.0,0.0,0.0,0.0
10.0,4.0378018900945,0.0035182794578984,0.0035182794539325,0.999993810834581,0.999993810834581,49.41372924203182,0.0,49.97652461106374,0.0,45.59507035681012,0.0,45.302496171693086,0.0,0.0,0.0,0.0,0.0,0.0,0.0
10.0,4.03805190259513,0.0035183153594894,0.0035183153555254,0.999993810708269,0.999993810708268,49.41372923287856,0.0,49.97652436036404,0.0,45.5950703538574,0.0,45.3024961189657,0.0,0.0,0.0,0.0,0.0,0.0,0.0
10.0,4.03830191509575,0.0035183512629073,0.0035183512589452,0.999993810581948,0.999993810581948,49.41372922372456,0.0,49.97652410965368,0.0,45.595070350904486,0.0,45.302496066235086,0.0,0.0,0.0,0.0,0.0,0.0,0.0
10.0,4.03855192759638,0.003518387168152,0.0035183871641919,0.999993810455619,0.999993810455619,49.41372921456981,0.0,49.976523858932666,0.0,45.5950703479514,0.0,45.302496013501234,0.0,0.0,0.0,0.0,0.0,0.0,0.0
10.0,4.038801940097,0.0035184230752236,0.0035184230712654,0.9999938103292833,0.999993810329283,49.41372920541434,0.0,49.97652360820104,0.0,45.59507034499812,0.0,45.30249596076415,0.0,0.0,0.0,0.0,0.0,0.0,0.0
10.0,4.03905195259763,0.0035184589841219,0.0035184589801656,0.999993810202939,0.999993810202939,49.41372919625813,0.0,49.97652335745879,0.0,45.59507034204466,0.0,45.30249590802383,0.0,0.0,0.0,0.0,0.0,0.0,0.0
10.0,4.03930196509826,0.0035184948948469,0.0035184948908925,0.999993810076588,0.999993810076587,49.41372918710117,0.0,49.97652310670595,0.0,45.59507033909102,0.0,45.30249585528028,0.0,0.0,0.0,0.0,0.0,0.0,0.0
10.0,4.03955197759888,0.0035185308073985,0.003518530803446,0.999993809950228,0.999993809950228,49.41372917794348,0.0,49.97652285594253,0.0,45.5950703361372,0.0,45.30249580253349,0.0,0.0,0.0,0.0,0.0,0.0,0.0
10.0,4.03980199009951,0.0035185667217766,0.0035185667178261,0.999993809823861,0.999993809823861,49.413729168785046,0.0,49.97652260516853,0.0,45.59507033318319,0.0,45.30249574978347,0.0,0.0,0.0,0.0,0.0,0.0,0.0
10.0,4.04005200260013,0.0035186026379812,0.0035186026340327,0.999993809697486,0.999993809697486,49.41372915962588,0.0,49.976522354384,0.0,45.59507033022899,0.0,45.302495697030224,0.0,0.0,0.0,0.0,0.0,0.0,0.0
10.0,4.04030201510075,0.0035186385560123,0.0035186385520657,0.999993809571104,0.999993809571104,49.41372915046598,0.0,49.97652210358892,0.0,45.59507032727462,0.0,45.30249564427373,0.0,0.0,0.0,0.0,0.0,0.0,0.0
10.0,4.04055202760138,0.0035186744758697,0.003518674471925,0.999993809444714,0.999993809444714,49.41372914130533,0.0,49.97652185278332,0.0,45.595070324320055,0.0,45.30249559151402,0.0,0.0,0.0,0.0,0.0,0.0,0.0
10.0,4.040802040102,0.0035187103975535,0.0035187103936107,0.999993809318316,0.999993809318316,49.41372913214395,0.0,49.976521601967214,0.0,45.59507032136531,0.0,45.30249553875106,0.0,0.0,0.0,0.0,0.0,0.0,0.0
10.0,4.04105205260263,0.0035187463210635,0.0035187463171226,0.99999380919191,0.99999380919191,49.41372912298183,0.0,49.97652135114062,0.0,45.59507031841039,0.0,45.30249548598488,0.0,0.0,0.0,0.0,0.0,0.0,0.0
10.0,4.04130206510326,0.0035187822463997,0.0035187822424607,0.999993809065497,0.9999938090654972,49.41372911381897,0.0,49.97652110030355,0.0,45.59507031545529,0.0,45.302495433215455,0.0,0.0,0.0,0.0,0.0,0.0,0.0
10.0,4.04155207760388,0.003518818173562,0.0035188181696249,0.999993808939076,0.999993808939075,49.41372910465537,0.0,49.97652084945603,0.0,45.59507031249999,0.0,45.30249538044281,0.0,0.0,0.0,0.0,0.0,0.0,0.0
10.0,4.0418020901045,0.0035188541025503,0.0035188540986152,0.9999938088126468,0.999993808812647,49.41372909549104,0.0,49.976520598598064,0.0,45.59507030954451,0.0,45.30249532766692,0.0,0.0,0.0,0.0,0.0,0.0,0.0
10.0,4.04205210260513,0.0035188900333647,0.0035188900294314,0.99999380868621,0.99999380868621,49.41372908632596,0.0,49.97652034772966,0.0,45.59507030658885,0.0,45.3024952748878,0.0,0.0,0.0,0.0,0.0,0.0,0.0
10.0,4.04230211510576,0.003518925966005,0.0035189259620736,0.9999938085597662,0.999993808559766,49.41372907716015,0.0,49.97652009685086,0.0,45.59507030363301,0.0,45.30249522210544,0.0,0.0,0.0,0.0,0.0,0.0,0.0
10.0,4.04255212760638,0.0035189619004712,0.0035189618965417,0.999993808433314,0.999993808433314,49.41372906799359,0.0,49.97651984596166,0.0,45.59507030067698,0.0,45.30249516931985,0.0,0.0,0.0,0.0,0.0,0.0,0.0
10.0,4.04280214010701,0.0035189978367631,0.0035189978328356,0.999993808306854,0.999993808306854,49.41372905882631,0.0,49.97651959506208,0.0,45.59507029772077,0.0,45.30249511653104,0.0,0.0,0.0,0.0,0.0,0.0,0.0
10.0,4.04305215260763,0.0035190337748809,0.0035190337709553,0.999993808180387,0.999993808180387,49.41372904965828,0.0,49.97651934415215,0.0,45.59507029476438,0.0,45.30249506373899,0.0,0.0,0.0,0.0,0.0,0.0,0.0
10.0,4.04330216510826,0.0035190697148243,0.0035190697109006,0.999993808053912,0.999993808053912,49.41372904048952,0.0,49.97651909323185,0.0,45.5950702918078,0.0,45.302495010943694,0.0,0.0,0.0,0.0,0.0,0.0,0.0
10.0,4.04355217760888,0.0035191056565934,0.0035191056526716,0.99999380792743,0.9999938079274292,49.41372903132001,0.0,49.97651884230124,0.0,45.59507028885105,0.0,45.302494958145175,0.0,0.0,0.0,0.0,0.0,0.0,0.0
10.0,4.04380219010951,0.0035191416001881,0.0035191415962682,0.9999938078009392,0.999993807800938,49.41372902214976,0.0,49.9765185913603,0.0,45.5950702858941,0.0,45.302494905343416,0.0,0.0,0.0,0.0,0.0,0.0,0.0
10.0,4.04405220261013,0.0035191775456082,0.0035191775416902,0.99999380767444,0.99999380767444,49.41372901297878,0.0,49.97651834040908,0.0,45.59507028293698,0.0,45.30249485253843,0.0,0.0,0.0,0.0,0.0,0.0,0.0
10.0,4.04430221511076,0.0035192134928538,0.0035192134889377,0.999993807547935,0.999993807547934,49.413729003807056,0.0,49.97651808944757,0.0,45.59507027997967,0.0,45.30249479973021,0.0,0.0,0.0,0.0,0.0,0.0,0.0
10.0,4.04455222761138,0.0035192494419248,0.0035192494380106,0.9999938074214209,0.999993807421421,49.4137289946346,0.0,49.9765178384758,0.0,45.595070277022174,0.0,45.302494746918754,0.0,0.0,0.0,0.0,0.0,0.0,0.0
10.0,4.04480224011201,0.0035192853928211,0.0035192853889088,0.999993807294899,0.999993807294899,49.41372898546141,0.0,49.97651758749378,0.0,45.5950702740645,0.0,45.30249469410407,0.0,0.0,0.0,0.0,0.0,0.0,0.0
10.0,4.04505225261263,0.0035193213455427,0.0035193213416323,0.99999380716837,0.99999380716837,49.413728976287466,0.0,49.97651733650154,0.0,45.59507027110664,0.0,45.30249464128615,0.0,0.0,0.0,0.0,0.0,0.0,0.0
10.0,4.04530226511326,0.0035193573000895,0.003519357296181,0.999993807041833,0.999993807041833,49.41372896711279,0.0,49.97651708549908,0.0,45.5950702681486,0.0,45.302494588465,0.0,0.0,0.0,0.0,0.0,0.0,0.0
10.0,4.04555227761388,0.0035193932564614,0.0035193932525548,0.999993806915289,0.999993806915289,49.41372895793737,0.0,49.97651683448642,0.0,45.595070265190365,0.0,45.30249453564061,0.0,0.0,0.0,0.0,0.0,0.0,0.0
10.0,4.04580229011451,0.0035194292146584,0.0035194292107537,0.999993806788737,0.999993806788736,49.41372894876122,0.0,49.97651658346358,0.0,45.59507026223197,0.0,45.30249448281298,0.0,0.0,0.0,0.0,0.0,0.0,0.0
10.0,4.04605230261513,0.0035194651746804,0.0035194651707776,0.999993806662176,0.999993806662176,49.41372893958433,0.0,49.976516332430585,0.0,45.59507025927336,0.0,45.30249442998213,0.0,0.0,0.0,0.0,0.0,0.0,0.0
10.0,4.04630231511576,0.0035195011365274,0.0035195011326265,0.999993806535609,0.9999938065356088,49.41372893040671,0.0,49.97651608138744,0.0,45.595070256314585,0.0,45.30249437714805,0.0,0.0,0.0,0.0,0.0,0.0,0.0
10.0,4.04655232761638,0.0035195371001992,0.0035195370963002,0.9999938064090328,0.999993806409033,49.41372892122833,0.0,49.976515830334165,0.0,45.59507025335562,0.0,45.30249432431072,0.0,0.0,0.0,0.0,0.0,0.0,0.0
10.0,4.04680234011701,0.0035195730656959,0.0035195730617988,0.9999938062824512,0.99999380628245,49.41372891204923,0.0,49.97651557927079,0.0,45.59507025039648,0.0,45.30249427147017,0.0,0.0,0.0,0.0,0.0,0.0,0.0
10.0,4.04705235261763,0.0035196090330174,0.0035196090291222,0.99999380615586,0.9999938061558592,49.41372890286937,0.0,49.97651532819732,0.0,45.59507024743716,0.0,45.30249421862639,0.0,0.0,0.0,0.0,0.0,0.0,0.0
10.0,4.04730236511826,0.0035196450021636,0.0035196449982703,0.999993806029261,0.999993806029261,49.4137288936888,0.0,49.97651507711378,0.0,45.59507024447764,0.0,45.302494165779365,0.0,0.0,0.0,0.0,0.0,0.0,0.0
10.0,4.04755237761888,0.0035196809731344,0.003519680969243,0.999993805902655,0.9999938059026549,49.41372888450747,0.0,49.97651482602017,0.0,45.59507024151795,0.0,45.30249411292911,0.0,0.0,0.0,0.0,0.0,0.0,0.0
10.0,4.04780239011951,0.0035197169459298,0.0035197169420403,0.999993805776041,0.99999380577604,49.41372887532541,0.0,49.976514574916536,0.0,45.59507023855807,0.0,45.30249406007562,0.0,0.0,0.0,0.0,0.0,0.0,0.0
10.0,4.04805240262013,0.0035197529205498,0.0035197529166622,0.999993805649419,0.999993805649419,49.413728866142606,0.0,49.97651432380288,0.0,45.595070235598016,0.0,45.3024940072189,0.0,0.0,0.0,0.0,0.0,0.0,0.0
10.0,4.04830241512076,0.0035197888969942,0.0035197888931084,0.9999938055227892,0.999993805522789,49.41372885695907,0.0,49.976514072679215,0.0,45.59507023263777,0.0,45.302493954358944,0.0,0.0,0.0,0.0,0.0,0.0,0.0
10.0,4.04855242762138,0.003519824875263,0.0035198248713791,0.999993805396152,0.999993805396152,49.41372884777478,0.0,49.97651382154556,0.0,45.59507022967734,0.0,45.30249390149576,0.0,0.0,0.0,0.0,0.0,0.0,0.0
10.0,4.04880244012201,0.0035198608553562,0.0035198608514742,0.9999938052695068,0.999993805269507,49.41372883858976,0.0,49.97651357040195,0.0,45.59507022671673,0.0,45.30249384862933,0.0,0.0,0.0,0.0,0.0,0.0,0.0
10.0,4.04905245262263,0.0035198968372736,0.0035198968333935,0.9999938051428552,0.999993805142854,49.413728829404,0.0,49.976513319248376,0.0,45.595070223755926,0.0,45.30249379575968,0.0,0.0,0.0,0.0,0.0,0.0,0.0
10.0,4.04930246512326,0.0035199328210152,0.0035199328171371,0.999993805016195,0.9999938050161938,49.41372882021751,0.0,49.97651306808488,0.0,45.59507022079496,0.0,45.3024937428868,0.0,0.0,0.0,0.0,0.0,0.0,0.0
10.0,4.04955247762388,0.0035199688065811,0.0035199688027047,0.999993804889526,0.9999938048895262,49.41372881103028,0.0,49.97651281691148,0.0,45.59507021783379,0.0,45.30249369001068,0.0,0.0,0.0,0.0,0.0,0.0,0.0
10.0,4.04980249012451,0.003520004793971,0.0035200047900965,0.999993804762851,0.9999938047628512,49.413728801842296,0.0,49.97651256572818,0.0,45.59507021487245,0.0,45.30249363713133,0.0,0.0,0.0,0.0,0.0,0.0,0.0
10.0,4.05005250262513,0.0035200407831849,0.0035200407793124,0.999993804636167,0.9999938046361672,49.41372879265359,0.0,49.97651231453501,0.0,45.59507021191092,0.0,45.30249358424873,0.0,0.0,0.0,0.0,0.0,0.0,0.0
10.0,4.05030251512576,0.0035200767742228,0.0035200767703522,0.999993804509476,0.999993804509476,49.41372878346412,0.0,49.97651206333197,0.0,45.59507020894921,0.0,45.30249353136292,0.0,0.0,0.0,0.0,0.0,0.0,0.0
10.0,4.05055252762638,0.0035201127670846,0.0035201127632159,0.999993804382777,0.999993804382777,49.413728774273935,0.0,49.97651181211912,0.0,45.59507020598732,0.0,45.30249347847386,0.0,0.0,0.0,0.0,0.0,0.0,0.0
10.0,4.05080254012701,0.0035201487617703,0.0035201487579034,0.999993804256071,0.99999380425607,49.413728765083,0.0,49.97651156089642,0.0,45.59507020302524,0.0,45.30249342558157,0.0,0.0,0.0,0.0,0.0,0.0,0.0
10.0,4.05105255262763,0.0035201847582798,0.0035201847544148,0.999993804129356,0.999993804129356,49.41372875589133,0.0,49.97651130966394,0.0,45.59507020006298,0.0,45.30249337268605,0.0,0.0,0.0,0.0,0.0,0.0,0.0
10.0,4.05130256512826,0.003520220756613,0.0035202207527498,0.999993804002634,0.999993804002634,49.41372874669892,0.0,49.976511058421686,0.0,45.59507019710053,0.0,45.3024933197873,0.0,0.0,0.0,0.0,0.0,0.0,0.0
10.0,4.05155257762888,0.0035202567567698,0.0035202567529086,0.999993803875905,0.999993803875904,49.41372873750577,0.0,49.97651080716965,0.0,45.595070194137904,0.0,45.302493266885314,0.0,0.0,0.0,0.0,0.0,0.0,0.0
10.0,4.05180259012951,0.0035202927587503,0.0035202927548909,0.9999938037491668,0.9999938037491668,49.41372872831188,0.0,49.97651055590789,0.0,45.59507019117509,0.0,45.30249321398009,0.0,0.0,0.0,0.0,0.0,0.0,0.0
10.0,4.05205260263013,0.0035203287625543,0.0035203287586968,0.999993803622422,0.999993803622422,49.41372871911725,0.0,49.976510304636406,0.0,45.5950701882121,0.0,45.302493161071645,0.0,0.0,0.0,0.0,0.0,0.0,0.0
10.0,4.05230261513076,0.0035203647681818,0.0035203647643262,0.999993803495669,0.999993803495669,49.41372870992188,0.0,49.97651005335521,0.0,45.59507018524892,0.0,45.30249310815996,0.0,0.0,0.0,0.0,0.0,0.0,0.0
10.0,4.05255262763138,0.0035204007756327,0.0035204007717789,0.9999938033689092,0.999993803368908,49.41372870072577,0.0,49.97650980206435,0.0,45.59507018228556,0.0,45.30249305524504,0.0,0.0,0.0,0.0,0.0,0.0,0.0
10.0,4.05280264013201,0.003520436784907,0.0035204367810551,0.99999380324214,0.9999938032421402,49.41372869152893,0.0,49.97650955076381,0.0,45.595070179322015,0.0,45.30249300232688,0.0,0.0,0.0,0.0,0.0,0.0,0.0
10.0,4.05305265263263,0.0035204727960046,0.0035204727921545,0.999993803115364,0.999993803115364,49.41372868233134,0.0,49.97650929945364,0.0,45.59507017635829,0.0,45.3024929494055,0.0,0.0,0.0,0.0,0.0,0.0,0.0
10.0,4.05330266513326,0.0035205088089254,0.0035205088050772,0.99999380298858,0.99999380298858,49.413728673133015,0.0,49.97650904813384,0.0,45.595070173394376,0.0,45.30249289648088,0.0,0.0,0.0,0.0,0.0,0.0,0.0
10.0,4.05355267763388,0.0035205448236693,0.003520544819823,0.999993802861789,0.9999938028617892,49.413728663933945,0.0,49.97650879680443,0.0,45.59507017043028,0.0,45.30249284355303,0.0,0.0,0.0,0.0,0.0,0.0,0.0
10.0,4.05380269013451,0.0035205808402364,0.003520580836392,0.999993802734989,0.999993802734989,49.41372865473414,0.0,49.97650854546544,0.0,45.595070167466,0.0,45.30249279062195,0.0,0.0,0.0,0.0,0.0,0.0,0.0
10.0,4.05405270263513,0.0035206168586266,0.003520616854784,0.999993802608182,0.999993802608182,49.4137286455336,0.0,49.9765082941169,0.0,45.595070164501536,0.0,45.30249273768763,0.0,0.0,0.0,0.0,0.0,0.0,0.0
10.0,4.05430271513576,0.0035206528788397,0.003520652874999,0.999993802481368,0.999993802481368,49.41372863633232,0.0,49.976508042758816,0.0,45.595070161536896,0.0,45.30249268475008,0.0,0.0,0.0,0.0,0.0,0.0,0.0
10.0,4.05455272763638,0.0035206889008758,0.0035206888970369,0.999993802354546,0.999993802354545,49.41372862713028,0.0,49.97650779139119,0.0,45.59507015857206,0.0,45.30249263180929,0.0,0.0,0.0,0.0,0.0,0.0,0.0
10.0,4.05480274013701,0.0035207249247347,0.0035207249208977,0.9999938022277162,0.999993802227715,49.413728617927525,0.0,49.97650754001409,0.0,45.595070155607054,0.0,45.30249257886528,0.0,0.0,0.0,0.0,0.0,0.0,0.0
10.0,4.05505275263763,0.0035207609504164,0.0035207609465813,0.999993802100878,0.999993802100877,49.41372860872402,0.0,49.976507288627495,0.0,45.59507015264186,0.0,45.302492525918026,0.0,0.0,0.0,0.0,0.0,0.0,0.0
10.0,4.05530276513826,0.0035207969779209,0.0035207969740877,0.999993801974032,0.999993801974032,49.41372859951978,0.0,49.97650703723144,0.0,45.59507014967648,0.0,45.302492472967536,0.0,0.0,0.0,0.0,0.0,0.0,0.0
10.0,4.05555277763888,0.003520833007248,0.0035208330034167,0.999993801847179,0.999993801847179,49.4137285903148,0.0,49.97650678582595,0.0,45.59507014671092,0.0,45.30249242001382,0.0,0.0,0.0,0.0,0.0,0.0,0.0
10.0,4.05580279013951,0.0035208690383978,0.0035208690345683,0.999993801720318,0.999993801720318,49.41372858110908,0.0,49.97650653441104,0.0,45.59507014374516,0.0,45.30249236705688,0.0,0.0,0.0,0.0,0.0,0.0,0.0
10.0,4.05605280264013,0.0035209050713702,0.0035209050675425,0.999993801593449,0.999993801593449,49.41372857190262,0.0,49.97650628298674,0.0,45.59507014077924,0.0,45.30249231409669,0.0,0.0,0.0,0.0,0.0,0.0,0.0
10.0,4.05630281514076,0.003520941106165,0.0035209411023392,0.999993801466573,0.999993801466573,49.41372856269541,0.0,49.97650603155305,0.0,45.59507013781312,0.0,45.30249226113328,0.0,0.0,0.0,0.0,0.0,0.0,0.0
10.0,4.05655282764138,0.0035209771427823,0.0035209771389583,0.999993801339689,0.9999938013396888,49.413728553487466,0.0,49.97650578011002,0.0,45.59507013484684,0.0,45.30249220816663,0.0,0.0,0.0,0.0,0.0,0.0,0.0
10.0,4.05680284014201,0.0035210131812219,0.0035210131773999,0.999993801212797,0.999993801212797,49.41372854427879,0.0,49.97650552865765,0.0,45.59507013188035,0.0,45.30249215519674,0.0,0.0,0.0,0.0,0.0,0.0,0.0
10.0,4.05705285264263,0.0035210492214839,0.0035210492176637,0.999993801085898,0.999993801085898,49.41372853506936,0.0,49.976505277195976,0.0,45.59507012891369,0.0,45.30249210222363,0.0,0.0,0.0,0.0,0.0,0.0,0.0
10.0,4.05730286514326,0.0035210852635681,0.0035210852597497,0.99999380095899,0.99999380095899,49.413728525859206,0.0,49.97650502572501,0.0,45.59507012594684,0.0,45.30249204924728,0.0,0.0,0.0,0.0,0.0,0.0,0.0
10.0,4.05755287764388,0.0035211213074745,0.003521121303658,0.999993800832075,0.999993800832075,49.41372851664831,0.0,49.97650477424477,0.0,45.595070122979806,0.0,45.3024919962677,0.0,0.0,0.0,0.0,0.0,0.0,0.0
10.0,4.05780289014451,0.0035211573532031,0.0035211573493884,0.9999938007051532,0.999993800705152,49.413728507436666,0.0,49.97650452275529,0.0,45.5950701200126,0.0,45.30249194328488,0.0,0.0,0.0,0.0,0.0,0.0,0.0
10.0,4.05805290264513,0.0035211934007537,0.0035211933969409,0.999993800578222,0.999993800578222,49.41372849822428,0.0,49.97650427125659,0.0,45.5950701170452,0.0,45.30249189029883,0.0,0.0,0.0,0.0,0.0,0.0,0.0
10.0,4.05830291514576,0.0035212294501263,0.0035212294463153,0.999993800451284,0.999993800451284,49.41372848901116,0.0,49.97650401974868,0.0,45.59507011407763,0.0,45.30249183730955,0.0,0.0,0.0,0.0,0.0,0.0,0.0
10.0,4.05855292764638,0.0035212655013208,0.0035212654975117,0.999993800324338,0.999993800324338,49.4137284797973,0.0,49.9765037682316,0.0,45.59507011110986,0.0,45.30249178431704,0.0,0.0,0.0,0.0,0.0,0.0,0.0
10.0,4.05880294014701,0.0035213015543373,0.00352130155053,0.999993800197385,0.999993800197385,49.413728470582704,0.0,49.97650351670536,0.0,45.59507010814191,0.0,45.3024917313213,0.0,0.0,0.0,0.0,0.0,0.0,0.0
10.0,4.05905295264763,0.0035213376091756,0.0035213376053701,0.999993800070424,0.9999938000704232,49.41372846136736,0.0,49.97650326516999,0.0,45.59507010517378,0.0,45.30249167832231,0.0,0.0,0.0,0.0,0.0,0.0,0.0
10.0,4.05930296514826,0.0035213736658356,0.003521373662032,0.999993799943455,0.999993799943454,49.41372845215128,0.0,49.9765030136255,0.0,45.59507010220548,0.0,45.3024916253201,0.0,0.0,0.0,0.0,0.0,0.0,0.0
10.0,4.05955297764888,0.0035214097243173,0.0035214097205156,0.999993799816478,0.999993799816478,49.413728442934456,0.0,49.97650276207193,0.0,45.59507009923698,0.0,45.30249157231465,0.0,0.0,0.0,0.0,0.0,0.0,0.0
10.0,4.05980299014951,0.0035214457846207,0.0035214457808208,0.999993799689494,0.9999937996894932,49.41372843371689,0.0,49.97650251050929,0.0,45.59507009626829,0.0,45.30249151930597,0.0,0.0,0.0,0.0,0.0,0.0,0.0
10.0,4.06005300265013,0.0035214818467456,0.0035214818429476,0.999993799562502,0.999993799562501,49.41372842449859,0.0,49.976502258937614,0.0,45.59507009329944,0.0,45.30249146629407,0.0,0.0,0.0,0.0,0.0,0.0,0.0
10.0,4.06030301515076,0.0035215179106921,0.0035215179068959,0.999993799435502,0.999993799435501,49.41372841527955,0.0,49.97650200735691,0.0,45.59507009033039,0.0,45.30249141327892,0.0,0.0,0.0,0.0,0.0,0.0,0.0
10.0,4.06055302765138,0.00352155397646,0.0035215539726656,0.999993799308494,0.999993799308494,49.41372840605977,0.0,49.97650175576722,0.0,45.59507008736116,0.0,45.30249136026055,0.0,0.0,0.0,0.0,0.0,0.0,0.0
10.0,4.06080304015201,0.0035215900440493,0.0035215900402568,0.999993799181479,0.999993799181479,49.41372839683924,0.0,49.97650150416854,0.0,45.595070084391736,0.0,45.30249130723894,0.0,0.0,0.0,0.0,0.0,0.0,0.0
10.0,4.06105305265263,0.0035216261134599,0.0035216261096692,0.9999937990544558,0.9999937990544558,49.41372838761799,0.0,49.97650125256092,0.0,45.59507008142214,0.0,45.30249125421408,0.0,0.0,0.0,0.0,0.0,0.0,0.0
10.0,4.06130306515326,0.0035216621846918,0.003521662180903,0.9999937989274248,0.999993798927425,49.41372837839598,0.0,49.97650100094438,0.0,45.595070078452366,0.0,45.302491201186015,0.0,0.0,0.0,0.0,0.0,0.0,0.0
10.0,4.06155307765388,0.0035216982577449,0.0035216982539579,0.999993798800387,0.9999937988003867,49.41372836917324,0.0,49.97650074931894,0.0,45.5950700754824,0.0,45.30249114815471,0.0,0.0,0.0,0.0,0.0,0.0,0.0
10.0,4.06180309015451,0.0035217343326192,0.003521734328834,0.999993798673341,0.999993798673341,49.41372835994976,0.0,49.97650049768461,0.0,45.59507007251225,0.0,45.30249109512015,0.0,0.0,0.0,0.0,0.0,0.0,0.0
10.0,4.06205310265513,0.0035217704093145,0.0035217704055312,0.999993798546287,0.999993798546287,49.413728350725535,0.0,49.97650024604143,0.0,45.59507006954192,0.0,45.30249104208238,0.0,0.0,0.0,0.0,0.0,0.0,0.0
10.0,4.06230311515576,0.0035218064878309,0.0035218064840494,0.999993798419225,0.9999937984192252,49.413728341500565,0.0,49.97649999438942,0.0,45.59507006657142,0.0,45.302490989041374,0.0,0.0,0.0,0.0,0.0,0.0,0.0
10.0,4.06255312765638,0.0035218425681682,0.0035218425643885,0.999993798292156,0.999993798292156,49.41372833227486,0.0,49.976499742728606,0.0,45.59507006360072,0.0,45.30249093599713,0.0,0.0,0.0,0.0,0.0,0.0,0.0
10.0,4.06280314015701,0.0035218786503264,0.0035218786465486,0.999993798165079,0.999993798165079,49.41372832304842,0.0,49.976499491059016,0.0,45.59507006062983,0.0,45.30249088294966,0.0,0.0,0.0,0.0,0.0,0.0,0.0
10.0,4.06305315265763,0.0035219147343055,0.0035219147305295,0.999993798037994,0.999993798037994,49.41372831382123,0.0,49.976499239380665,0.0,45.595070057658766,0.0,45.30249082989895,0.0,0.0,0.0,0.0,0.0,0.0,0.0
10.0,4.06330316515826,0.0035219508201053,0.0035219508163312,0.999993797910902,0.999993797910902,49.413728304593306,0.0,49.97649898769358,0.0,45.595070054687525,0.0,45.302490776845005,0.0,0.0,0.0,0.0,0.0,0.0,0.0
10.0,4.06355317765888,0.0035219869077259,0.0035219869039536,0.999993797783802,0.9999937977838012,49.41372829536464,0.0,49.9764987359978,0.0,45.59507005171609,0.0,45.30249072378784,0.0,0.0,0.0,0.0,0.0,0.0,0.0
10.0,4.06380319015951,0.0035220229971671,0.0035220229933966,0.999993797656694,0.9999937976566942,49.41372828613523,0.0,49.97649848429332,0.0,45.59507004874448,0.0,45.30249067072743,0.0,0.0,0.0,0.0,0.0,0.0,0.0
10.0,4.06405320266013,0.0035220590884289,0.0035220590846602,0.999993797529579,0.999993797529578,49.41372827690508,0.0,49.9764982325802,0.0,45.59507004577268,0.0,45.30249061766379,0.0,0.0,0.0,0.0,0.0,0.0,0.0
10.0,4.06430321516076,0.0035220951815112,0.0035220951777444,0.999993797402455,0.999993797402455,49.4137282676742,0.0,49.97649798085844,0.0,45.59507004280069,0.0,45.30249056459692,0.0,0.0,0.0,0.0,0.0,0.0,0.0
10.0,4.06455322766138,0.003522131276414,0.003522131272649,0.999993797275324,0.999993797275324,49.41372825844257,0.0,49.97649772912807,0.0,45.59507003982853,0.0,45.30249051152681,0.0,0.0,0.0,0.0,0.0,0.0,0.0
10.0,4.06480324016201,0.0035221673731372,0.0035221673693741,0.999993797148185,0.999993797148185,49.4137282492102,0.0,49.97649747738913,0.0,45.595070036856185,0.0,45.30249045845348,0.0,0.0,0.0,0.0,0.0,0.0,0.0
10.0,4.06505325266263,0.0035222034716808,0.0035222034679194,0.999993797021039,0.999993797021039,49.41372823997709,0.0,49.97649722564163,0.0,45.59507003388366,0.0,45.30249040537691,0.0,0.0,0.0,0.0,0.0,0.0,0.0
10.0,4.06530326516326,0.0035222395720446,0.0035222395682851,0.9999937968938848,0.999993796893885,49.413728230743246,0.0,49.9764969738856,0.0,45.59507003091094,0.0,45.30249035229711,0.0,0.0,0.0,0.0,0.0,0.0,0.0
10.0,4.06555327766388,0.0035222756742287,0.003522275670471,0.999993796766723,0.999993796766723,49.41372822150865,0.0,49.97649672212107,0.0,45.59507002793804,0.0,45.302490299214064,0.0,0.0,0.0,0.0,0.0,0.0,0.0
10.0,4.06580329016451,0.0035223117782329,0.0035223117744771,0.999993796639554,0.9999937966395532,49.41372821227332,0.0,49.97649647034805,0.0,45.59507002496496,0.0,45.30249024612779,0.0,0.0,0.0,0.0,0.0,0.0,0.0
10.0,4.06605330266513,0.0035223478840573,0.0035223478803032,0.999993796512376,0.999993796512376,49.413728203037245,0.0,49.9764962185666,0.0,45.595070021991695,0.0,45.302490193038295,0.0,0.0,0.0,0.0,0.0,0.0,0.0
10.0,4.06630331516576,0.0035223839917016,0.0035223839879494,0.999993796385191,0.999993796385191,49.41372819380042,0.0,49.97649596677671,0.0,45.59507001901825,0.0,45.302490139945554,0.0,0.0,0.0,0.0,0.0,0.0,0.0
10.0,4.06655332766638,0.003522420101166,0.0035224200974156,0.999993796257999,0.999993796257998,49.41372818456288,0.0,49.976495714978434,0.0,45.595070016044616,0.0,45.3024900868496,0.0,0.0,0.0,0.0,0.0,0.0,0.0
10.0,4.06680334016701,0.0035224562124503,0.0035224562087016,0.999993796130798,0.999993796130798,49.413728175324586,0.0,49.97649546317178,0.0,45.5950700130708,0.0,45.3024900337504,0.0,0.0,0.0,0.0,0.0,0.0,0.0
10.0,4.06705335266763,0.0035224923255544,0.0035224923218076,0.99999379600359,0.99999379600359,49.41372816608555,0.0,49.97649521135678,0.0,45.595070010096805,0.0,45.30248998064796,0.0,0.0,0.0,0.0,0.0,0.0,0.0
10.0,4.06730336516826,0.0035225284404783,0.0035225284367333,0.999993795876374,0.9999937958763742,49.41372815684577,0.0,49.97649495953347,0.0,45.595070007122615,0.0,45.30248992754229,0.0,0.0,0.0,0.0,0.0,0.0,0.0
10.0,4.06755337766888,0.0035225645572219,0.0035225645534788,0.99999379574915,0.99999379574915,49.413728147605255,0.0,49.97649470770187,0.0,45.595070004148255,0.0,45.30248987443339,0.0,0.0,0.0,0.0,0.0,0.0,0.0
10.0,4.06780339016951,0.0035226006757852,0.0035226006720439,0.999993795621919,0.999993795621919,49.41372813836399,0.0,49.976494455862,0.0,45.59507000117371,0.0,45.30248982132126,0.0,0.0,0.0,0.0,0.0,0.0,0.0
10.0,4.06805340267013,0.0035226367961682,0.0035226367924287,0.99999379549468,0.99999379549468,49.41372812912199,0.0,49.976494204013896,0.0,45.59506999819898,0.0,45.30248976820589,0.0,0.0,0.0,0.0,0.0,0.0,0.0
10.0,4.06830341517076,0.0035226729183706,0.0035226729146329,0.999993795367433,0.999993795367433,49.41372811987926,0.0,49.97649395215758,0.0,45.59506999522407,0.0,45.3024897150873,0.0,0.0,0.0,0.0,0.0,0.0,0.0
10.0,4.06855342767138,0.0035227090423926,0.0035227090386567,0.9999937952401788,0.999993795240179,49.413728110635766,0.0,49.9764937002931,0.0,45.59506999224897,0.0,45.30248966196547,0.0,0.0,0.0,0.0,0.0,0.0,0.0
10.0,4.06880344017201,0.003522745168234,0.0035227451644999,0.9999937951129168,0.999993795112917,49.41372810139155,0.0,49.976493448420456,0.0,45.59506998927368,0.0,45.3024896088404,0.0,0.0,0.0,0.0,0.0,0.0,0.0
10.0,4.06905345267263,0.0035227812958948,0.0035227812921625,0.999993794985647,0.999993794985647,49.41372809214658,0.0,49.976493196539685,0.0,45.59506998629821,0.0,45.30248955571211,0.0,0.0,0.0,0.0,0.0,0.0,0.0
10.0,4.06930346517326,0.0035228174253748,0.0035228174216443,0.999993794858369,0.999993794858369,49.41372808290088,0.0,49.97649294465083,0.0,45.59506998332257,0.0,45.30248950258058,0.0,0.0,0.0,0.0,0.0,0.0,0.0
10.0,4.06955347767388,0.0035228535566741,0.0035228535529454,0.999993794731084,0.999993794731084,49.41372807365443,0.0,49.97649269275391,0.0,45.595069980346736,0.0,45.302489449445815,0.0,0.0,0.0,0.0,0.0,0.0,0.0
10.0,4.06980349017451,0.0035228896897926,0.0035228896860657,0.999993794603791,0.999993794603791,49.41372806440725,0.0,49.97649244084894,0.0,45.59506997737072,0.0,45.30248939630782,0.0,0.0,0.0,0.0,0.0,0.0,0.0
10.0,4.07005350267513,0.0035229258247302,0.0035229258210051,0.99999379447649,0.99999379447649,49.41372805515932,0.0,49.97649218893596,0.0,45.59506997439452,0.0,45.30248934316659,0.0,0.0,0.0,0.0,0.0,0.0,0.0
10.0,4.07030351517576,0.0035229619614868,0.0035229619577635,0.999993794349182,0.999993794349182,49.41372804591065,0.0,49.976491937015,0.0,45.59506997141814,0.0,45.30248929002214,0.0,0.0,0.0,0.0,0.0,0.0,0.0
10.0,4.07055352767638,0.0035229981000624,0.003522998096341,0.999993794221866,0.999993794221865,49.41372803666123,0.0,49.97649168508609,0.0,45.59506996844158,0.0,45.30248923687444,0.0,0.0,0.0,0.0,0.0,0.0,0.0
10.0,4.07080354017701,0.003523034240457,0.0035230342367374,0.999993794094542,0.999993794094542,49.41372802741109,0.0,49.976491433149256,0.0,45.59506996546482,0.0,45.30248918372352,0.0,0.0,0.0,0.0,0.0,0.0,0.0
10.0,4.07105355267763,0.0035230703826704,0.0035230703789526,0.99999379396721,0.99999379396721,49.4137280181602,0.0,49.97649118120454,0.0,45.59506996248789,0.0,45.30248913056936,0.0,0.0,0.0,0.0,0.0,0.0,0.0
10.0,4.07130356517826,0.0035231065267027,0.0035231065229867,0.999993793839871,0.999993793839871,49.41372800890856,0.0,49.976490929251945,0.0,45.59506995951077,0.0,45.30248907741197,0.0,0.0,0.0,0.0,0.0,0.0,0.0
10.0,4.07155357767888,0.0035231426725537,0.0035231426688394,0.999993793712524,0.999993793712524,49.41372799965619,0.0,49.97649067729152,0.0,45.59506995653348,0.0,45.302489024251344,0.0,0.0,0.0,0.0,0.0,0.0,0.0
10.0,4.07180359017951,0.0035231788202234,0.0035231788165109,0.999993793585169,0.999993793585169,49.41372799040307,0.0,49.97649042532329,0.0,45.59506995355599,0.0,45.302488971087485,0.0,0.0,0.0,0.0,0.0,0.0,0.0
10.0,4.07205360268013,0.0035232149697117,0.003523214966001,0.999993793457807,0.9999937934578068,49.413727981149215,0.0,49.976490173347294,0.0,45.595069950578335,0.0,45.30248891792039,0.0,0.0,0.0,0.0,0.0,0.0,0.0
10.0,4.07230361518076,0.0035232511210186,0.0035232511173097,0.999993793330436,0.999993793330436,49.41372797189461,0.0,49.97648992136355,0.0,45.595069947600486,0.0,45.30248886475008,0.0,0.0,0.0,0.0,0.0,0.0,0.0
10.0,4.07255362768138,0.0035232872741439,0.0035232872704369,0.9999937932030591,0.999993793203058,49.41372796263927,0.0,49.976489669372086,0.0,45.595069944622445,0.0,45.30248881157652,0.0,0.0,0.0,0.0,0.0,0.0,0.0
10.0,4.07280364018201,0.0035233234290878,0.0035233234253825,0.9999937930756728,0.999993793075673,49.41372795338319,0.0,49.97648941737295,0.0,45.59506994164423,0.0,45.30248875839973,0.0,0.0,0.0,0.0,0.0,0.0,0.0
10.0,4.07305365268263,0.00352335958585,0.0035233595821465,0.99999379294828,0.99999379294828,49.41372794412637,0.0,49.97648916536616,0.0,45.59506993866583,0.0,45.30248870521972,0.0,0.0,0.0,0.0,0.0,0.0,0.0
10.0,4.07330366518326,0.0035233957444305,0.0035233957407288,0.999993792820879,0.999993792820879,49.4137279348688,0.0,49.976488913351744,0.0,45.595069935687256,0.0,45.30248865203646,0.0,0.0,0.0,0.0,0.0,0.0,0.0
10.0,4.07355367768388,0.0035234319048292,0.0035234319011294,0.99999379269347,0.99999379269347,49.413727925610495,0.0,49.97648866132973,0.0,45.59506993270848,0.0,45.30248859884997,0.0,0.0,0.0,0.0,0.0,0.0,0.0
10.0,4.07380369018451,0.0035234680670462,0.0035234680633481,0.999993792566054,0.999993792566053,49.41372791635144,0.0,49.97648840930017,0.0,45.59506992972954,0.0,45.30248854566026,0.0,0.0,0.0,0.0,0.0,0.0,0.0
10.0,4.07405370268513,0.0035235042310813,0.003523504227385,0.9999937924386292,0.999993792438629,49.41372790709166,0.0,49.97648815726308,0.0,45.59506992675041,0.0,45.302488492467305,0.0,0.0,0.0,0.0,0.0,0.0,0.0
10.0,4.07430371518576,0.0035235403969345,0.00352354039324,0.999993792311197,0.999993792311197,49.41372789783113,0.0,49.9764879052185,0.0,45.595069923771085,0.0,45.30248843927112,0.0,0.0,0.0,0.0,0.0,0.0,0.0
10.0,4.07455372768638,0.0035235765646057,0.0035235765609129,0.999993792183758,0.999993792183758,49.413727888569845,0.0,49.97648765316645,0.0,45.5950699207916,0.0,45.3024883860717,0.0,0.0,0.0,0.0,0.0,0.0,0.0
10.0,4.07480374018701,0.0035236127340948,0.0035236127304038,0.99999379205631,0.99999379205631,49.41372787930784,0.0,49.976487401106965,0.0,45.59506991781191,0.0,45.30248833286906,0.0,0.0,0.0,0.0,0.0,0.0,0.0
10.0,4.07505375268763,0.0035236489054018,0.0035236489017127,0.999993791928856,0.999993791928855,49.41372787004508,0.0,49.97648714904008,0.0,45.595069914832045,0.0,45.30248827966318,0.0,0.0,0.0,0.0,0.0,0.0,0.0
10.0,4.07530376518826,0.0035236850785266,0.0035236850748393,0.999993791801393,0.999993791801393,49.413727860781584,0.0,49.97648689696584,0.0,45.59506991185199,0.0,45.30248822645406,0.0,0.0,0.0,0.0,0.0,0.0,0.0
10.0,4.07555377768889,0.0035237212534692,0.0035237212497837,0.999993791673922,0.999993791673922,49.41372785151734,0.0,49.97648664488426,0.0,45.59506990887176,0.0,45.30248817324171,0.0,0.0,0.0,0.0,0.0,0.0,0.0
10.0,4.07580379018951,0.0035237574302296,0.0035237574265458,0.999993791546444,0.999993791546444,49.41372784225237,0.0,49.97648639279537,0.0,45.595069905891336,0.0,45.30248812002614,0.0,0.0,0.0,0.0,0.0,0.0,0.0
10.0,4.07605380269013,0.0035237936088075,0.0035237936051255,0.999993791418958,0.999993791418958,49.41372783298664,0.0,49.97648614069923,0.0,45.59506990291074,0.0,45.30248806680732,0.0,0.0,0.0,0.0,0.0,0.0,0.0
10.0,4.07630381519076,0.003523829789203,0.0035238297855228,0.9999937912914648,0.999993791291465,49.41372782372018,0.0,49.97648588859584,0.0,45.59506989992996,0.0,45.30248801358528,0.0,0.0,0.0,0.0,0.0,0.0,0.0
10.0,4.07655382769138,0.0035238659714161,0.0035238659677376,0.999993791163963,0.9999937911639633,49.413727814452976,0.0,49.97648563648525,0.0,45.595069896948985,0.0,45.30248796036,0.0,0.0,0.0,0.0,0.0,0.0,0.0
10.0,4.07680384019201,0.0035239021554466,0.0035239021517699,0.999993791036454,0.999993791036454,49.41372780518502,0.0,49.9764853843675,0.0,45.595069893967846,0.0,45.30248790713149,0.0,0.0,0.0,0.0,0.0,0.0,0.0
10.0,4.07705385269263,0.0035239383412945,0.0035239383376196,0.999993790908938,0.999993790908937,49.41372779591634,0.0,49.9764851322426,0.0,45.59506989098651,0.0,45.30248785389975,0.0,0.0,0.0,0.0,0.0,0.0,0.0
10.0,4.07730386519326,0.0035239745289597,0.0035239745252866,0.999993790781413,0.999993790781413,49.4137277866469,0.0,49.97648488011062,0.0,45.595069888005,0.0,45.30248780066478,0.0,0.0,0.0,0.0,0.0,0.0,0.0
10.0,4.07755387769388,0.0035240107184422,0.0035240107147709,0.999993790653881,0.999993790653881,49.41372777737673,0.0,49.97648462797156,0.0,45.59506988502329,0.0,45.302487747426575,0.0,0.0,0.0,0.0,0.0,0.0,0.0
10.0,4.07780389019451,0.0035240469097419,0.0035240469060724,0.999993790526341,0.999993790526341,49.4137277681058,0.0,49.97648437582546,0.0,45.59506988204141,0.0,45.30248769418513,0.0,0.0,0.0,0.0,0.0,0.0,0.0
10.0,4.07805390269513,0.0035240831028588,0.003524083099191,0.999993790398794,0.9999937903987932,49.41372775883416,0.0,49.97648412367238,0.0,45.59506987905934,0.0,45.302487640940456,0.0,0.0,0.0,0.0,0.0,0.0,0.0
10.0,4.07830391519576,0.0035241192977928,0.0035241192941267,0.999993790271238,0.999993790271238,49.41372774956175,0.0,49.976483871512336,0.0,45.59506987607709,0.0,45.30248758769255,0.0,0.0,0.0,0.0,0.0,0.0,0.0
10.0,4.07855392769638,0.0035241554945437,0.0035241554908795,0.999993790143675,0.999993790143675,49.41372774028861,0.0,49.97648361934535,0.0,45.59506987309466,0.0,45.30248753444141,0.0,0.0,0.0,0.0,0.0,0.0,0.0
10.0,4.07880394019701,0.0035241916931117,0.0035241916894492,0.999993790016104,0.999993790016104,49.41372773101473,0.0,49.97648336717149,0.0,45.59506987011204,0.0,45.30248748118704,0.0,0.0,0.0,0.0,0.0,0.0,0.0
10.0,4.07905395269763,0.0035242278934965,0.0035242278898358,0.999993789888526,0.999993789888526,49.4137277217401,0.0,49.97648311499077,0.0,45.59506986712925,0.0,45.30248742792944,0.0,0.0,0.0,0.0,0.0,0.0,0.0
10.0,4.07930396519826,0.0035242640956982,0.0035242640920393,0.99999378976094,0.99999378976094,49.413727712464734,0.0,49.97648286280321,0.0,45.59506986414626,0.0,45.3024873746686,0.0,0.0,0.0,0.0,0.0,0.0,0.0
10.0,4.07955397769889,0.0035243002997167,0.0035243002960595,0.999993789633346,0.999993789633346,49.41372770318863,0.0,49.97648261060888,0.0,45.59506986116309,0.0,45.30248732140454,0.0,0.0,0.0,0.0,0.0,0.0,0.0
10.0,4.07980399019951,0.0035243365055519,0.0035243365018965,0.999993789505744,0.999993789505744,49.41372769391178,0.0,49.9764823584078,0.0,45.59506985817974,0.0,45.302487268137234,0.0,0.0,0.0,0.0,0.0,0.0,0.0
10.0,4.08005400270013,0.0035243727132037,0.0035243727095501,0.999993789378135,0.9999937893781352,49.41372768463418,0.0,49.97648210620002,0.0,45.5950698551962,0.0,45.3024872148667,0.0,0.0,0.0,0.0,0.0,0.0,0.0
10.0,4.08030401520076,0.0035244089226722,0.0035244089190203,0.999993789250518,0.999993789250518,49.41372767535584,0.0,49.97648185398554,0.0,45.5950698522125,0.0,45.30248716159294,0.0,0.0,0.0,0.0,0.0,0.0,0.0
10.0,4.08055402770139,0.0035244451339571,0.003524445130307,0.999993789122893,0.999993789122893,49.41372766607677,0.0,49.976481601764426,0.0,45.59506984922859,0.0,45.30248710831594,0.0,0.0,0.0,0.0,0.0,0.0,0.0
10.0,4.08080404020201,0.0035244813470586,0.0035244813434103,0.9999937889952611,0.999993788995261,49.413727656796944,0.0,49.97648134953672,0.0,45.5950698462445,0.0,45.30248705503571,0.0,0.0,0.0,0.0,0.0,0.0,0.0
10.0,4.08105405270264,0.0035245175619764,0.0035245175583299,0.99999378886762,0.99999378886762,49.41372764751639,0.0,49.97648109730243,0.0,45.59506984326024,0.0,45.30248700175225,0.0,0.0,0.0,0.0,0.0,0.0,0.0
10.0,4.08130406520326,0.0035245537787106,0.0035245537750658,0.999993788739973,0.9999937887399728,49.41372763823508,0.0,49.97648084506163,0.0,45.59506984027578,0.0,45.30248694846556,0.0,0.0,0.0,0.0,0.0,0.0,0.0
10.0,4.08155407770388,0.0035245899972611,0.0035245899936181,0.999993788612317,0.999993788612317,49.41372762895303,0.0,49.97648059281434,0.0,45.59506983729115,0.0,45.302486895175626,0.0,0.0,0.0,0.0,0.0,0.0,0.0
10.0,4.08180409020451,0.0035246262176278,0.0035246262139866,0.999993788484654,0.999993788484653,49.41372761967025,0.0,49.97648034056059,0.0,45.59506983430634,0.0,45.30248684188246,0.0,0.0,0.0,0.0,0.0,0.0,0.0
10.0,4.08205410270514,0.0035246624398107,0.0035246624361712,0.9999937883569828,0.999993788356983,49.4137276103867,0.0,49.97648008830043,0.0,45.59506983132134,0.0,45.30248678858607,0.0,0.0,0.0,0.0,0.0,0.0,0.0
10.0,4.08230411520576,0.0035246986638097,0.003524698660172,0.999993788229304,0.999993788229304,49.41372760110244,0.0,49.97647983603388,0.0,45.59506982833616,0.0,45.30248673528644,0.0,0.0,0.0,0.0,0.0,0.0,0.0
10.0,4.08255412770639,0.0035247348896247,0.0035247348859888,0.999993788101618,0.999993788101617,49.41372759181742,0.0,49.976479583761005,0.0,45.595069825350784,0.0,45.30248668198359,0.0,0.0,0.0,0.0,0.0,0.0,0.0
10.0,4.08280414020701,0.0035247711172558,0.0035247711136215,0.999993787973923,0.999993787973923,49.41372758253165,0.0,49.97647933148183,0.0,45.59506982236524,0.0,45.3024866286775,0.0,0.0,0.0,0.0,0.0,0.0,0.0
10.0,4.08305415270764,0.0035248073467027,0.0035248073430702,0.999993787846221,0.999993787846221,49.41372757324516,0.0,49.9764790791964,0.0,45.595069819379496,0.0,45.30248657536818,0.0,0.0,0.0,0.0,0.0,0.0,0.0
10.0,4.08330416520826,0.0035248435779655,0.0035248435743347,0.999993787718512,0.999993787718512,49.41372756395791,0.0,49.97647882690474,0.0,45.59506981639358,0.0,45.30248652205562,0.0,0.0,0.0,0.0,0.0,0.0,0.0
10.0,4.08355417770889,0.0035248798110441,0.0035248798074151,0.999993787590794,0.999993787590794,49.413727554669926,0.0,49.9764785746069,0.0,45.59506981340748,0.0,45.30248646873983,0.0,0.0,0.0,0.0,0.0,0.0,0.0
10.0,4.08380419020951,0.0035249160459384,0.0035249160423111,0.999993787463069,0.999993787463069,49.4137275453812,0.0,49.97647832230293,0.0,45.5950698104212,0.0,45.30248641542081,0.0,0.0,0.0,0.0,0.0,0.0,0.0
10.0,4.08405420271014,0.0035249522826484,0.0035249522790229,0.999993787335337,0.999993787335337,49.41372753609173,0.0,49.97647806999285,0.0,45.595069807434726,0.0,45.30248636209856,0.0,0.0,0.0,0.0,0.0,0.0,0.0
10.0,4.08430421521076,0.003524988521174,0.0035249885175502,0.999993787207596,0.999993787207596,49.41372752680152,0.0,49.9764778176767,0.0,45.59506980444807,0.0,45.30248630877307,0.0,0.0,0.0,0.0,0.0,0.0,0.0
10.0,4.08455422771139,0.0035250247615151,0.0035250247578931,0.999993787079848,0.999993787079848,49.41372751751056,0.0,49.976477565354536,0.0,45.59506980146125,0.0,45.30248625544435,0.0,0.0,0.0,0.0,0.0,0.0,0.0
10.0,4.08480424021201,0.0035250610036717,0.0035250610000515,0.999993786952092,0.999993786952092,49.413727508218855,0.0,49.9764773130264,0.0,45.59506979847423,0.0,45.302486202112405,0.0,0.0,0.0,0.0,0.0,0.0,0.0
10.0,4.08505425271264,0.0035250972476438,0.0035250972440253,0.999993786824329,0.999993786824329,49.41372749892642,0.0,49.976477060692325,0.0,45.59506979548703,0.0,45.30248614877722,0.0,0.0,0.0,0.0,0.0,0.0,0.0
10.0,4.08530426521326,0.0035251334934312,0.0035251334898145,0.999993786696557,0.999993786696557,49.41372748963324,0.0,49.97647680835235,0.0,45.59506979249964,0.0,45.3024860954388,0.0,0.0,0.0,0.0,0.0,0.0,0.0
10.0,4.08555427771388,0.003525169741034,0.003525169737419,0.999993786568779,0.999993786568778,49.41372748033931,0.0,49.97647655600652,0.0,45.59506978951208,0.0,45.302486042097165,0.0,0.0,0.0,0.0,0.0,0.0,0.0
10.0,4.08580429021451,0.0035252059904519,0.0035252059868387,0.999993786440992,0.999993786440991,49.41372747104464,0.0,49.97647630365486,0.0,45.59506978652432,0.0,45.30248598875228,0.0,0.0,0.0,0.0,0.0,0.0,0.0
10.0,4.08605430271514,0.0035252422416851,0.0035252422380736,0.9999937863131972,0.999993786313197,49.413727461749225,0.0,49.97647605129745,0.0,45.59506978353639,0.0,45.30248593540417,0.0,0.0,0.0,0.0,0.0,0.0,0.0
10.0,4.08630431521576,0.0035252784947334,0.0035252784911236,0.999993786185395,0.9999937861853948,49.413727452453074,0.0,49.9764757989343,0.0,45.595069780548265,0.0,45.30248588205282,0.0,0.0,0.0,0.0,0.0,0.0,0.0
10.0,4.08655432771639,0.0035253147495967,0.0035253147459887,0.999993786057585,0.9999937860575848,49.413727443156176,0.0,49.97647554656546,0.0,45.59506977755997,0.0,45.302485828698245,0.0,0.0,0.0,0.0,0.0,0.0,0.0
10.0,4.08680434021701,0.003525351006275,0.0035253510026687,0.999993785929767,0.999993785929767,49.413727433858526,0.0,49.97647529419098,0.0,45.595069774571485,0.0,45.30248577534044,0.0,0.0,0.0,0.0,0.0,0.0,0.0
10.0,4.08705435271764,0.0035253872647683,0.0035253872611637,0.999993785801942,0.999993785801942,49.41372742456015,0.0,49.9764750418109,0.0,45.595069771582814,0.0,45.302485721979394,0.0,0.0,0.0,0.0,0.0,0.0,0.0
10.0,4.08730436521826,0.0035254235250764,0.0035254235214736,0.999993785674109,0.999993785674109,49.41372741526102,0.0,49.97647478942527,0.0,45.59506976859396,0.0,45.30248566861513,0.0,0.0,0.0,0.0,0.0,0.0,0.0
10.0,4.08755437771889,0.0035254597871993,0.0035254597835983,0.999993785546268,0.9999937855462682,49.413727405961154,0.0,49.97647453703412,0.0,45.595069765604926,0.0,45.30248561524761,0.0,0.0,0.0,0.0,0.0,0.0,0.0
10.0,4.08780439021951,0.003525496051137,0.0035254960475377,0.99999378541842,0.99999378541842,49.41372739666054,0.0,49.97647428463749,0.0,45.5950697626157,0.0,45.30248556187688,0.0,0.0,0.0,0.0,0.0,0.0,0.0
10.0,4.08805440272014,0.0035255323168894,0.0035255323132918,0.999993785290564,0.999993785290563,49.41372738735919,0.0,49.97647403223544,0.0,45.59506975962631,0.0,45.30248550850292,0.0,0.0,0.0,0.0,0.0,0.0,0.0
10.0,4.08830441522076,0.0035255685844564,0.0035255685808606,0.9999937851627,0.9999937851627,49.41372737805709,0.0,49.976473779828005,0.0,45.59506975663672,0.0,45.302485455125705,0.0,0.0,0.0,0.0,0.0,0.0,0.0
10.0,4.08855442772139,0.003525604853838,0.0035256048502439,0.999993785034828,0.999993785034828,49.413727368754245,0.0,49.97647352741524,0.0,45.59506975364695,0.0,45.30248540174527,0.0,0.0,0.0,0.0,0.0,0.0,0.0
10.0,4.08880444022201,0.0035256411250341,0.0035256411214417,0.9999937849069488,0.999993784906949,49.41372735945067,0.0,49.976473274997176,0.0,45.59506975065701,0.0,45.30248534836161,0.0,0.0,0.0,0.0,0.0,0.0,0.0
10.0,4.08905445272264,0.0035256773980446,0.0035256773944539,0.999993784779062,0.999993784779062,49.41372735014634,0.0,49.97647302257388,0.0,45.59506974766686,0.0,45.30248529497471,0.0,0.0,0.0,0.0,0.0,0.0,0.0
10.0,4.08930446522326,0.0035257136728695,0.0035257136692806,0.999993784651167,0.9999937846511672,49.41372734084127,0.0,49.97647277014537,0.0,45.59506974467655,0.0,45.30248524158457,0.0,0.0,0.0,0.0,0.0,0.0,0.0
10.0,4.08955447772389,0.0035257499495087,0.0035257499459215,0.999993784523265,0.9999937845232652,49.413727331535455,0.0,49.9764725177117,0.0,45.59506974168605,0.0,45.30248518819121,0.0,0.0,0.0,0.0,0.0,0.0,0.0
10.0,4.08980449022451,0.0035257862279622,0.0035257862243767,0.9999937843953548,0.999993784395354,49.4137273222289,0.0,49.97647226527293,0.0,45.59506973869536,0.0,45.302485134794615,0.0,0.0,0.0,0.0,0.0,0.0,0.0
10.0,4.09005450272514,0.0035258225082298,0.0035258225046461,0.999993784267437,0.9999937842674368,49.4137273129216,0.0,49.9764720128291,0.0,45.59506973570449,0.0,45.30248508139479,0.0,0.0,0.0,0.0,0.0,0.0,0.0
10.0,4.09030451522576,0.0035258587903116,0.0035258587867296,0.999993784139511,0.999993784139511,49.41372730361356,0.0,49.97647176038025,0.0,45.59506973271343,0.0,45.30248502799172,0.0,0.0,0.0,0.0,0.0,0.0,0.0
10.0,4.09055452772639,0.0035258950742075,0.0035258950706272,0.999993784011578,0.999993784011578,49.41372729430478,0.0,49.97647150792643,0.0,45.595069729722205,0.0,45.30248497458543,0.0,0.0,0.0,0.0,0.0,0.0,0.0
10.0,4.09080454022701,0.0035259313599174,0.0035259313563388,0.9999937838836368,0.9999937838836368,49.41372728499524,0.0,49.97647125546769,0.0,45.59506972673079,0.0,45.3024849211759,0.0,0.0,0.0,0.0,0.0,0.0,0.0
10.0,4.09105455272764,0.0035259676474412,0.0035259676438644,0.999993783755688,0.999993783755688,49.41372727568497,0.0,49.97647100300408,0.0,45.59506972373919,0.0,45.30248486776314,0.0,0.0,0.0,0.0,0.0,0.0,0.0
10.0,4.09130456522826,0.003526003936779,0.0035260039332039,0.999993783627732,0.999993783627732,49.41372726637396,0.0,49.97647075053565,0.0,45.5950697207474,0.0,45.30248481434715,0.0,0.0,0.0,0.0,0.0,0.0,0.0
10.0,4.09155457772889,0.0035260402279305,0.0035260402243571,0.999993783499768,0.9999937834997672,49.4137272570622,0.0,49.97647049806243,0.0,45.59506971775543,0.0,45.30248476092793,0.0,0.0,0.0,0.0,0.0,0.0,0.0
10.0,4.09180459022951,0.0035260765208958,0.0035260765173242,0.999993783371796,0.999993783371795,49.4137272477497,0.0,49.976470245584494,0.0,45.59506971476328,0.0,45.30248470750548,0.0,0.0,0.0,0.0,0.0,0.0,0.0
10.0,4.09205460273014,0.0035261128156748,0.0035261128121049,0.999993783243816,0.9999937832438162,49.41372723843646,0.0,49.976469993101865,0.0,45.59506971177094,0.0,45.30248465407979,0.0,0.0,0.0,0.0,0.0,0.0,0.0
10.0,4.09230461523076,0.0035261491122675,0.0035261491086993,0.999993783115829,0.999993783115829,49.41372722912247,0.0,49.97646974061462,0.0,45.59506970877842,0.0,45.302484600650864,0.0,0.0,0.0,0.0,0.0,0.0,0.0
10.0,4.09255462773139,0.0035261854106738,0.0035261854071072,0.999993782987834,0.999993782987834,49.41372721980773,0.0,49.97646948812279,0.0,45.59506970578572,0.0,45.30248454721871,0.0,0.0,0.0,0.0,0.0,0.0,0.0
10.0,4.09280464023201,0.0035262217108935,0.0035262217073287,0.999993782859831,0.999993782859831,49.41372721049226,0.0,49.976469235626425,0.0,45.59506970279283,0.0,45.30248449378333,0.0,0.0,0.0,0.0,0.0,0.0,0.0
10.0,4.09305465273264,0.0035262580129267,0.0035262580093637,0.999993782731821,0.999993782731821,49.41372720117605,0.0,49.97646898312559,0.0,45.595069699799765,0.0,45.30248444034471,0.0,0.0,0.0,0.0,0.0,0.0,0.0
10.0,4.09330466523326,0.0035262943167733,0.003526294313212,0.999993782603803,0.999993782603802,49.41372719185908,0.0,49.97646873062031,0.0,45.59506969680651,0.0,45.30248438690287,0.0,0.0,0.0,0.0,0.0,0.0,0.0
10.0,4.09355467773389,0.0035263306224333,0.0035263306188736,0.999993782475777,0.999993782475777,49.413727182541386,0.0,49.97646847811066,0.0,45.59506969381308,0.0,45.30248433345779,0.0,0.0,0.0,0.0,0.0,0.0,0.0
10.0,4.09380469023451,0.0035263669299065,0.0035263669263486,0.999993782347743,0.999993782347743,49.41372717322293,0.0,49.97646822559668,0.0,45.59506969081946,0.0,45.302484280009466,0.0,0.0,0.0,0.0,0.0,0.0,0.0
10.0,4.09405470273514,0.0035264032391929,0.0035264032356367,0.999993782219702,0.999993782219701,49.41372716390373,0.0,49.97646797307843,0.0,45.59506968782566,0.0,45.30248422655793,0.0,0.0,0.0,0.0,0.0,0.0,0.0
10.0,4.09430471523576,0.0035264395502925,0.003526439546738,0.9999937820916528,0.999993782091653,49.4137271545838,0.0,49.97646772055595,0.0,45.59506968483167,0.0,45.30248417310316,0.0,0.0,0.0,0.0,0.0,0.0,0.0
10.0,4.09455472773639,0.0035264758632052,0.0035264758596524,0.999993781963596,0.999993781963596,49.41372714526312,0.0,49.9764674680293,0.0,45.5950696818375,0.0,45.30248411964514,0.0,0.0,0.0,0.0,0.0,0.0,0.0
10.0,4.09480474023701,0.0035265121779309,0.0035265121743798,0.999993781835532,0.999993781835532,49.4137271359417,0.0,49.97646721549852,0.0,45.595069678843146,0.0,45.30248406618391,0.0,0.0,0.0,0.0,0.0,0.0,0.0
10.0,4.09505475273764,0.0035265484944695,0.0035265484909202,0.99999378170746,0.999993781707459,49.413727126619534,0.0,49.97646696296369,0.0,45.595069675848606,0.0,45.30248401271943,0.0,0.0,0.0,0.0,0.0,0.0,0.0
10.0,4.09530476523826,0.0035265848128211,0.0035265848092734,0.99999378157938,0.9999937815793792,49.41372711729663,0.0,49.976466710424845,0.0,45.595069672853896,0.0,45.30248395925173,0.0,0.0,0.0,0.0,0.0,0.0,0.0
10.0,4.09555477773889,0.0035266211329855,0.0035266211294395,0.999993781451292,0.999993781451292,49.413727107972974,0.0,49.976466457882026,0.0,45.59506966985899,0.0,45.30248390578079,0.0,0.0,0.0,0.0,0.0,0.0,0.0
10.0,4.09580479023951,0.0035266574549627,0.0035266574514184,0.999993781323197,0.999993781323197,49.41372709864857,0.0,49.97646620533532,0.0,45.5950696668639,0.0,45.30248385230662,0.0,0.0,0.0,0.0,0.0,0.0,0.0
10.0,4.09605480274014,0.0035266937787526,0.00352669377521,0.999993781195094,0.999993781195094,49.41372708932344,0.0,49.97646595278476,0.0,45.59506966386864,0.0,45.302483798829215,0.0,0.0,0.0,0.0,0.0,0.0,0.0
10.0,4.09630481524076,0.0035267301043551,0.0035267301008143,0.9999937810669828,0.9999937810669828,49.41372707999755,0.0,49.9764657002304,0.0,45.59506966087319,0.0,45.302483745348574,0.0,0.0,0.0,0.0,0.0,0.0,0.0
10.0,4.09655482774139,0.0035267664317703,0.0035267664282311,0.9999937809388652,0.9999937809388652,49.41372707067092,0.0,49.9764654476723,0.0,45.59506965787754,0.0,45.30248369186471,0.0,0.0,0.0,0.0,0.0,0.0,0.0
10.0,4.09680484024201,0.003526802760998,0.0035268027574605,0.999993780810738,0.999993780810738,49.41372706134356,0.0,49.97646519511051,0.0,45.595069654881726,0.0,45.302483638377616,0.0,0.0,0.0,0.0,0.0,0.0,0.0
10.0,4.09705485274264,0.0035268390920381,0.0035268390885024,0.999993780682605,0.999993780682605,49.41372705201543,0.0,49.97646494254509,0.0,45.59506965188572,0.0,45.30248358488728,0.0,0.0,0.0,0.0,0.0,0.0,0.0
10.0,4.09730486524326,0.0035268754248907,0.0035268754213567,0.999993780554463,0.999993780554463,49.413727042686574,0.0,49.976464689976105,0.0,45.595069648889535,0.0,45.30248353139372,0.0,0.0,0.0,0.0,0.0,0.0,0.0
10.0,4.09755487774389,0.0035269117595556,0.0035269117560233,0.999993780426314,0.999993780426314,49.41372703335698,0.0,49.97646443740359,0.0,45.59506964589316,0.0,45.302483477896935,0.0,0.0,0.0,0.0,0.0,0.0,0.0
10.0,4.09780489024451,0.0035269480960328,0.0035269480925022,0.999993780298157,0.9999937802981568,49.41372702402663,0.0,49.97646418482763,0.0,45.59506964289661,0.0,45.3024834243969,0.0,0.0,0.0,0.0,0.0,0.0,0.0
10.0,4.09805490274514,0.0035269844343223,0.0035269844307933,0.999993780169992,0.999993780169992,49.41372701469554,0.0,49.97646393224824,0.0,45.59506963989988,0.0,45.30248337089364,0.0,0.0,0.0,0.0,0.0,0.0,0.0
10.0,4.09830491524576,0.0035270207744239,0.0035270207708966,0.99999378004182,0.99999378004182,49.4137270053637,0.0,49.976463679665535,0.0,45.59506963690296,0.0,45.30248331738716,0.0,0.0,0.0,0.0,0.0,0.0,0.0
10.0,4.09855492774639,0.0035270571163376,0.003527057112812,0.99999377991364,0.9999937799136392,49.41372699603112,0.0,49.97646342707953,0.0,45.59506963390586,0.0,45.30248326387743,0.0,0.0,0.0,0.0,0.0,0.0,0.0
10.0,4.09880494024701,0.0035270934600633,0.0035270934565394,0.999993779785452,0.999993779785452,49.4137269866978,0.0,49.97646317449029,0.0,45.59506963090856,0.0,45.30248321036447,0.0,0.0,0.0,0.0,0.0,0.0,0.0
10.0,4.09905495274764,0.003527129805601,0.0035271298020789,0.999993779657256,0.999993779657256,49.41372697736372,0.0,49.9764629218979,0.0,45.5950696279111,0.0,45.30248315684828,0.0,0.0,0.0,0.0,0.0,0.0,0.0
10.0,4.09930496524826,0.0035271661529507,0.0035271661494302,0.9999937795290528,0.999993779529053,49.41372696802892,0.0,49.97646266930239,0.0,45.59506962491344,0.0,45.30248310332886,0.0,0.0,0.0,0.0,0.0,0.0,0.0
10.0,4.09955497774889,0.0035272025021122,0.0035272024985934,0.999993779400842,0.999993779400842,49.413726958693374,0.0,49.97646241670382,0.0,45.595069621915606,0.0,45.30248304980621,0.0,0.0,0.0,0.0,0.0,0.0,0.0
10.0,4.09980499024951,0.0035272388530855,0.0035272388495683,0.9999937792726232,0.999993779272623,49.41372694935707,0.0,49.97646216410227,0.0,45.595069618917584,0.0,45.30248299628033,0.0,0.0,0.0,0.0,0.0,0.0,0.0
10.0,4.10005500275014,0.0035272752058705,0.0035272752023551,0.999993779144397,0.9999937791443968,49.41372694002003,0.0,49.976461911497786,0.0,45.595069615919385,0.0,45.30248294275121,0.0,0.0,0.0,0.0,0.0,0.0,0.0
10.0,4.10030501525076,0.0035273115604672,0.0035273115569534,0.999993779016163,0.999993779016163,49.41372693068223,0.0,49.97646165889044,0.0,45.595069612920994,0.0,45.30248288921887,0.0,0.0,0.0,0.0,0.0,0.0,0.0
10.0,4.10055502775139,0.0035273479168755,0.0035273479133634,0.999993778887921,0.999993778887921,49.4137269213437,0.0,49.97646140628028,0.0,45.595069609922426,0.0,45.302482835683286,0.0,0.0,0.0,0.0,0.0,0.0,0.0
10.0,4.10080504025201,0.0035273842750953,0.003527384271585,0.999993778759671,0.999993778759671,49.41372691200443,0.0,49.97646115366737,0.0,45.59506960692368,0.0,45.30248278214447,0.0,0.0,0.0,0.0,0.0,0.0,0.0
10.0,4.10105505275264,0.0035274206351267,0.003527420631618,0.999993778631414,0.999993778631414,49.413726902664415,0.0,49.97646090105178,0.0,45.595069603924735,0.0,45.30248272860243,0.0,0.0,0.0,0.0,0.0,0.0,0.0
10.0,4.10130506525326,0.0035274569969695,0.0035274569934625,0.9999937785031487,0.999993778503149,49.41372689332365,0.0,49.97646064843358,0.0,45.59506960092561,0.0,45.30248267505716,0.0,0.0,0.0,0.0,0.0,0.0,0.0
10.0,4.10155507775389,0.0035274933606236,0.0035274933571183,0.999993778374877,0.999993778374876,49.41372688398214,0.0,49.97646039581281,0.0,45.59506959792631,0.0,45.302482621508645,0.0,0.0,0.0,0.0,0.0,0.0,0.0
10.0,4.10180509025451,0.003527529726089,0.0035275297225854,0.999993778246596,0.999993778246596,49.41372687463989,0.0,49.97646014318955,0.0,45.59506959492683,0.0,45.30248256795691,0.0,0.0,0.0,0.0,0.0,0.0,0.0
10.0,4.10205510275514,0.0035275660933657,0.0035275660898638,0.999993778118308,0.999993778118308,49.413726865296894,0.0,49.97645989056386,0.0,45.59506959192716,0.0,45.30248251440193,0.0,0.0,0.0,0.0,0.0,0.0,0.0
10.0,4.10230511525576,0.0035276024624536,0.0035276024589533,0.999993777990012,0.999993777990012,49.41372685595315,0.0,49.9764596379358,0.0,45.5950695889273,0.0,45.30248246084373,0.0,0.0,0.0,0.0,0.0,0.0,0.0
10.0,4.10255512775639,0.0035276388333525,0.0035276388298539,0.999993777861709,0.999993777861709,49.41372684660867,0.0,49.97645938530544,0.0,45.59506958592726,0.0,45.3024824072823,0.0,0.0,0.0,0.0,0.0,0.0,0.0
10.0,4.10280514025701,0.0035276752060626,0.0035276752025657,0.999993777733398,0.999993777733397,49.41372683726345,0.0,49.97645913267285,0.0,45.59506958292705,0.0,45.30248235371763,0.0,0.0,0.0,0.0,0.0,0.0,0.0
10.0,4.10305515275764,0.0035277115805836,0.0035277115770884,0.999993777605079,0.999993777605078,49.413726827917465,0.0,49.97645888003808,0.0,45.59506957992664,0.0,45.30248230014973,0.0,0.0,0.0,0.0,0.0,0.0,0.0
10.0,4.10330516525826,0.0035277479569155,0.003527747953422,0.999993777476752,0.999993777476752,49.41372681857074,0.0,49.976458627401215,0.0,45.59506957692605,0.0,45.3024822465786,0.0,0.0,0.0,0.0,0.0,0.0,0.0
10.0,4.10355517775889,0.0035277843350584,0.0035277843315665,0.999993777348417,0.999993777348417,49.41372680922328,0.0,49.97645837476231,0.0,45.59506957392529,0.0,45.30248219300424,0.0,0.0,0.0,0.0,0.0,0.0,0.0
10.0,4.10380519025951,0.003527820715012,0.0035278207115218,0.999993777220076,0.999993777220075,49.41372679987508,0.0,49.97645812212142,0.0,45.59506957092433,0.0,45.30248213942664,0.0,0.0,0.0,0.0,0.0,0.0,0.0
10.0,4.10405520276014,0.0035278570967764,0.0035278570932879,0.999993777091726,0.999993777091725,49.41372679052613,0.0,49.97645786947864,0.0,45.5950695679232,0.0,45.30248208584581,0.0,0.0,0.0,0.0,0.0,0.0,0.0
10.0,4.10430521526076,0.0035278934803515,0.0035278934768646,0.999993776963368,0.999993776963368,49.41372678117643,0.0,49.97645761683403,0.0,45.59506956492187,0.0,45.30248203226175,0.0,0.0,0.0,0.0,0.0,0.0,0.0
10.0,4.10455522776139,0.0035279298657372,0.003527929862252,0.999993776835003,0.999993776835003,49.41372677182599,0.0,49.97645736418765,0.0,45.59506956192037,0.0,45.30248197867446,0.0,0.0,0.0,0.0,0.0,0.0,0.0
10.0,4.10480524026201,0.0035279662529334,0.0035279662494499,0.99999377670663,0.99999377670663,49.413726762474816,0.0,49.97645711153958,0.0,45.59506955891868,0.0,45.30248192508394,0.0,0.0,0.0,0.0,0.0,0.0,0.0
10.0,4.10505525276264,0.0035280026419402,0.0035280026384583,0.999993776578249,0.999993776578249,49.41372675312288,0.0,49.97645685888987,0.0,45.59506955591681,0.0,45.30248187149018,0.0,0.0,0.0,0.0,0.0,0.0,0.0
10.0,4.10530526526326,0.0035280390327574,0.0035280390292772,0.999993776449861,0.9999937764498608,49.413726743770205,0.0,49.97645660623861,0.0,45.595069552914765,0.0,45.3024818178932,0.0,0.0,0.0,0.0,0.0,0.0,0.0
10.0,4.10555527776389,0.003528075425385,0.0035280754219065,0.999993776321465,0.999993776321465,49.413726734416784,0.0,49.97645635358586,0.0,45.59506954991252,0.0,45.30248176429298,0.0,0.0,0.0,0.0,0.0,0.0,0.0
10.0,4.10580529026451,0.0035281118198229,0.003528111816346,0.999993776193061,0.999993776193061,49.41372672506263,0.0,49.976456100931706,0.0,45.5950695469101,0.0,45.30248171068953,0.0,0.0,0.0,0.0,0.0,0.0,0.0
10.0,4.10605530276514,0.0035281482160711,0.0035281482125959,0.99999377606465,0.999993776064649,49.41372671570772,0.0,49.9764558482762,0.0,45.5950695439075,0.0,45.30248165708284,0.0,0.0,0.0,0.0,0.0,0.0,0.0
10.0,4.10630531526576,0.0035281846141294,0.0035281846106559,0.99999377593623,0.99999377593623,49.41372670635207,0.0,49.97645559561941,0.0,45.5950695409047,0.0,45.30248160347293,0.0,0.0,0.0,0.0,0.0,0.0,0.0
10.0,4.10655532776639,0.0035282210139979,0.003528221010526,0.999993775807804,0.999993775807803,49.41372669699567,0.0,49.97645534296144,0.0,45.595069537901736,0.0,45.30248154985978,0.0,0.0,0.0,0.0,0.0,0.0,0.0
10.0,4.10680534026701,0.0035282574156764,0.0035282574122062,0.999993775679369,0.9999937756793688,49.41372668763853,0.0,49.97645509030232,0.0,45.595069534898585,0.0,45.3024814962434,0.0,0.0,0.0,0.0,0.0,0.0,0.0
10.0,4.10705535276764,0.003528293819165,0.0035282938156965,0.999993775550926,0.999993775550926,49.41372667828064,0.0,49.97645483764217,0.0,45.59506953189524,0.0,45.302481442623794,0.0,0.0,0.0,0.0,0.0,0.0,0.0
10.0,4.10730536526826,0.0035283302244635,0.0035283302209966,0.999993775422476,0.999993775422476,49.41372666892201,0.0,49.97645458498103,0.0,45.59506952889173,0.0,45.30248138900095,0.0,0.0,0.0,0.0,0.0,0.0,0.0
10.0,4.10755537776889,0.0035283666315719,0.0035283666281067,0.999993775294019,0.999993775294018,49.41372665956263,0.0,49.97645433231899,0.0,45.59506952588802,0.0,45.30248133537488,0.0,0.0,0.0,0.0,0.0,0.0,0.0
10.0,4.10780539026951,0.0035284030404901,0.0035284030370266,0.9999937751655528,0.999993775165553,49.41372665020251,0.0,49.97645407965612,0.0,45.59506952288414,0.0,45.30248128174557,0.0,0.0,0.0,0.0,0.0,0.0,0.0
10.0,4.10805540277014,0.0035284394512181,0.0035284394477562,0.99999377503708,0.99999377503708,49.413726640841645,0.0,49.97645382699249,0.0,45.59506951988006,0.0,45.30248122811303,0.0,0.0,0.0,0.0,0.0,0.0,0.0
10.0,4.10830541527076,0.0035284758637558,0.0035284758602956,0.999993774908599,0.999993774908599,49.41372663148004,0.0,49.97645357432818,0.0,45.59506951687581,0.0,45.30248117447727,0.0,0.0,0.0,0.0,0.0,0.0,0.0
10.0,4.10855542777139,0.0035285122781031,0.0035285122746445,0.99999377478011,0.99999377478011,49.41372662211768,0.0,49.976453321663286,0.0,45.59506951387137,0.0,45.30248112083826,0.0,0.0,0.0,0.0,0.0,0.0,0.0
10.0,4.10880544027201,0.00352854869426,0.0035285486908031,0.999993774651614,0.999993774651614,49.41372661275458,0.0,49.976453068997856,0.0,45.59506951086675,0.0,45.302481067196034,0.0,0.0,0.0,0.0,0.0,0.0,0.0
10.0,4.10905545277264,0.0035285851122265,0.0035285851087712,0.99999377452311,0.99999377452311,49.41372660339074,0.0,49.97645281633199,0.0,45.59506950786195,0.0,45.30248101355057,0.0,0.0,0.0,0.0,0.0,0.0,0.0
10.0,4.10930546527326,0.0035286215320023,0.0035286215285487,0.999993774394598,0.999993774394598,49.413726594026144,0.0,49.97645256366575,0.0,45.59506950485696,0.0,45.30248095990186,0.0,0.0,0.0,0.0,0.0,0.0,0.0
10.0,4.10955547777389,0.0035286579535876,0.0035286579501356,0.9999937742660788,0.999993774266079,49.41372658466081,0.0,49.97645231099922,0.0,45.5950695018518,0.0,45.30248090624993,0.0,0.0,0.0,0.0,0.0,0.0,0.0
10.0,4.10980549027451,0.0035286943769822,0.0035286943735319,0.999993774137552,0.999993774137552,49.41372657529473,0.0,49.97645205833249,0.0,45.59506949884644,0.0,45.302480852594776,0.0,0.0,0.0,0.0,0.0,0.0,0.0
10.0,4.11005550277514,0.0035287308021861,0.0035287307987374,0.999993774009017,0.9999937740090172,49.4137265659279,0.0,49.976451805665626,0.0,45.595069495840896,0.0,45.30248079893639,0.0,0.0,0.0,0.0,0.0,0.0,0.0
10.0,4.11030551527576,0.0035287672291992,0.0035287672257521,0.999993773880474,0.999993773880474,49.41372655656034,0.0,49.976451552998725,0.0,45.59506949283518,0.0,45.30248074527476,0.0,0.0,0.0,0.0,0.0,0.0,0.0
10.0,4.11055552777639,0.0035288036580214,0.003528803654576,0.999993773751924,0.999993773751924,49.41372654719201,0.0,49.976451300331846,0.0,45.59506948982927,0.0,45.3024806916099,0.0,0.0,0.0,0.0,0.0,0.0,0.0
10.0,4.11080554027701,0.0035288400886527,0.003528840085209,0.999993773623366,0.999993773623366,49.41372653782296,0.0,49.9764510476651,0.0,45.59506948682319,0.0,45.30248063794181,0.0,0.0,0.0,0.0,0.0,0.0,0.0
10.0,4.11105555277764,0.003528876521093,0.003528876517651,0.9999937734948,0.9999937734948,49.413726528453154,0.0,49.97645079499854,0.0,45.595069483816914,0.0,45.3024805842705,0.0,0.0,0.0,0.0,0.0,0.0,0.0
10.0,4.11130556527826,0.0035289129553424,0.0035289129519019,0.999993773366227,0.999993773366226,49.413726519082616,0.0,49.97645054233226,0.0,45.59506948081046,0.0,45.30248053059594,0.0,0.0,0.0,0.0,0.0,0.0,0.0
10.0,4.11155557777889,0.0035289493914006,0.0035289493879617,0.999993773237645,0.999993773237645,49.41372650971131,0.0,49.97645028966636,0.0,45.59506947780383,0.0,45.30248047691816,0.0,0.0,0.0,0.0,0.0,0.0,0.0
10.0,4.11180559027951,0.0035289858292676,0.0035289858258304,0.999993773109056,0.999993773109056,49.41372650033927,0.0,49.97645003700091,0.0,45.595069474797,0.0,45.30248042323715,0.0,0.0,0.0,0.0,0.0,0.0,0.0
10.0,4.11205560278014,0.0035290222689434,0.0035290222655079,0.99999377298046,0.99999377298046,49.41372649096648,0.0,49.97644978433598,0.0,45.59506947179,0.0,45.3024803695529,0.0,0.0,0.0,0.0,0.0,0.0,0.0
10.0,4.11230561528076,0.003529058710428,0.0035290587069941,0.999993772851856,0.999993772851855,49.41372648159295,0.0,49.97644953167169,0.0,45.59506946878281,0.0,45.30248031586542,0.0,0.0,0.0,0.0,0.0,0.0,0.0
10.0,4.11255562778139,0.0035290951537211,0.0035290951502889,0.999993772723244,0.999993772723243,49.41372647221867,0.0,49.976449279008094,0.0,45.59506946577543,0.0,45.30248026217471,0.0,0.0,0.0,0.0,0.0,0.0,0.0
10.0,4.11280564028201,0.0035291315988229,0.0035291315953923,0.999993772594624,0.999993772594624,49.413726462843655,0.0,49.97644902634531,0.0,45.59506946276788,0.0,45.302480208480766,0.0,0.0,0.0,0.0,0.0,0.0,0.0
10.0,4.11305565278264,0.0035291680457332,0.0035291680423042,0.999993772465997,0.999993772465996,49.41372645346788,0.0,49.97644877368339,0.0,45.59506945976015,0.0,45.3024801547836,0.0,0.0,0.0,0.0,0.0,0.0,0.0
10.0,4.11330566528326,0.003529204494452,0.0035292044910247,0.9999937723373612,0.9999937723373612,49.413726444091374,0.0,49.976448521022455,0.0,45.59506945675223,0.0,45.30248010108319,0.0,0.0,0.0,0.0,0.0,0.0,0.0
10.0,4.11355567778389,0.0035292409449792,0.0035292409415535,0.999993772208718,0.999993772208718,49.413726434714114,0.0,49.976448268362574,0.0,45.59506945374412,0.0,45.302480047379554,0.0,0.0,0.0,0.0,0.0,0.0,0.0
10.0,4.11380569028451,0.0035292773973147,0.0035292773938907,0.999993772080068,0.999993772080068,49.41372642533611,0.0,49.97644801570384,0.0,45.59506945073583,0.0,45.30247999367269,0.0,0.0,0.0,0.0,0.0,0.0,0.0
10.0,4.11405570278514,0.0035293138514586,0.0035293138480361,0.99999377195141,0.9999937719514088,49.41372641595736,0.0,49.97644776304635,0.0,45.59506944772737,0.0,45.30247993996259,0.0,0.0,0.0,0.0,0.0,0.0,0.0
10.0,4.11430571528576,0.0035293503074106,0.0035293503039898,0.999993771822744,0.999993771822743,49.413726406577865,0.0,49.9764475103902,0.0,45.5950694447187,0.0,45.30247988624926,0.0,0.0,0.0,0.0,0.0,0.0,0.0
10.0,4.11455572778639,0.0035293867651708,0.0035293867617516,0.99999377169407,0.99999377169407,49.41372639719763,0.0,49.97644725773546,0.0,45.59506944170988,0.0,45.30247983253269,0.0,0.0,0.0,0.0,0.0,0.0,0.0
10.0,4.11480574028701,0.0035294232247391,0.0035294232213216,0.9999937715653882,0.9999937715653882,49.41372638781664,0.0,49.97644700508224,0.0,45.59506943870085,0.0,45.302479778812895,0.0,0.0,0.0,0.0,0.0,0.0,0.0
10.0,4.11505575278764,0.0035294596861155,0.0035294596826996,0.999993771436699,0.999993771436699,49.41372637843491,0.0,49.97644675243062,0.0,45.59506943569164,0.0,45.30247972508987,0.0,0.0,0.0,0.0,0.0,0.0,0.0
10.0,4.11530576528826,0.0035294961492998,0.0035294961458855,0.9999937713080022,0.999993771308002,49.41372636905243,0.0,49.97644649978072,0.0,45.59506943268226,0.0,45.302479671363606,0.0,0.0,0.0,0.0,0.0,0.0,0.0
10.0,4.11555577778889,0.003529532614292,0.0035295326108794,0.999993771179298,0.999993771179298,49.41372635966921,0.0,49.97644624713261,0.0,45.59506942967268,0.0,45.30247961763412,0.0,0.0,0.0,0.0,0.0,0.0,0.0
10.0,4.11580579028951,0.0035295690810921,0.0035295690776811,0.999993771050586,0.999993771050586,49.413726350285245,0.0,49.97644599448639,0.0,45.59506942666293,0.0,45.30247956390139,0.0,0.0,0.0,0.0,0.0,0.0,0.0
10.0,4.11605580279014,0.0035296055497,0.0035296055462906,0.999993770921866,0.999993770921866,49.41372634090053,0.0,49.97644574184215,0.0,45.59506942365299,0.0,45.30247951016545,0.0,0.0,0.0,0.0,0.0,0.0,0.0
10.0,4.11630581529077,0.0035296420201156,0.0035296420167078,0.999993770793138,0.999993770793138,49.41372633151507,0.0,49.9764454892,0.0,45.59506942064287,0.0,45.30247945642626,0.0,0.0,0.0,0.0,0.0,0.0,0.0
10.0,4.11655582779139,0.0035296784923389,0.0035296784889327,0.999993770664403,0.999993770664402,49.41372632212887,0.0,49.97644523656004,0.0,45.59506941763256,0.0,45.30247940268384,0.0,0.0,0.0,0.0,0.0,0.0,0.0
10.0,4.11680584029201,0.0035297149663698,0.0035297149629652,0.999993770535659,0.999993770535659,49.41372631274192,0.0,49.97644498392236,0.0,45.59506941462208,0.0,45.30247934893819,0.0,0.0,0.0,0.0,0.0,0.0,0.0
10.0,4.11705585279264,0.0035297514422082,0.0035297514388053,0.999993770406909,0.999993770406909,49.413726303354224,0.0,49.97644473128705,0.0,45.59506941161141,0.0,45.30247929518932,0.0,0.0,0.0,0.0,0.0,0.0,0.0
10.0,4.11730586529326,0.0035297879198541,0.0035297879164528,0.9999937702781498,0.99999377027815,49.41372629396578,0.0,49.97644447865422,0.0,45.595069408600544,0.0,45.3024792414372,0.0,0.0,0.0,0.0,0.0,0.0,0.0
10.0,4.11755587779389,0.0035298243993075,0.0035298243959078,0.999993770149384,0.999993770149384,49.4137262845766,0.0,49.97644422602397,0.0,45.59506940558951,0.0,45.30247918768186,0.0,0.0,0.0,0.0,0.0,0.0,0.0
10.0,4.11780589029451,0.0035298608805682,0.0035298608771701,0.99999377002061,0.99999377002061,49.41372627518666,0.0,49.976443973396414,0.0,45.59506940257829,0.0,45.302479133923285,0.0,0.0,0.0,0.0,0.0,0.0,0.0
10.0,4.11805590279514,0.0035298973636362,0.0035298973602397,0.999993769891828,0.999993769891828,49.41372626579598,0.0,49.97644372077163,0.0,45.59506939956688,0.0,45.30247908016148,0.0,0.0,0.0,0.0,0.0,0.0,0.0
10.0,4.11830591529576,0.0035299338485114,0.0035299338451166,0.999993769763039,0.999993769763039,49.413726256404566,0.0,49.97644346814973,0.0,45.595069396555296,0.0,45.30247902639643,0.0,0.0,0.0,0.0,0.0,0.0,0.0
10.0,4.11855592779639,0.0035299703351938,0.0035299703318006,0.999993769634242,0.999993769634242,49.4137262470124,0.0,49.97644321553083,0.0,45.59506939354353,0.0,45.302478972628165,0.0,0.0,0.0,0.0,0.0,0.0,0.0
10.0,4.11880594029701,0.0035300068236834,0.0035300068202918,0.999993769505437,0.9999937695054368,49.41372623761948,0.0,49.976442962915016,0.0,45.59506939053157,0.0,45.30247891885666,0.0,0.0,0.0,0.0,0.0,0.0,0.0
10.0,4.11905595279764,0.0035300433139799,0.00353004331059,0.999993769376625,0.999993769376624,49.41372622822582,0.0,49.97644271030239,0.0,45.59506938751943,0.0,45.30247886508194,0.0,0.0,0.0,0.0,0.0,0.0,0.0
10.0,4.11930596529827,0.0035300798060835,0.0035300798026951,0.999993769247804,0.999993769247804,49.41372621883141,0.0,49.97644245769309,0.0,45.59506938450711,0.0,45.30247881130396,0.0,0.0,0.0,0.0,0.0,0.0,0.0
10.0,4.11955597779889,0.003530116299994,0.0035301162966072,0.999993769118976,0.999993769118976,49.413726209436255,0.0,49.97644220508719,0.0,45.5950693814946,0.0,45.30247875752277,0.0,0.0,0.0,0.0,0.0,0.0,0.0
10.0,4.11980599029951,0.0035301527957114,0.0035301527923262,0.999993768990141,0.999993768990141,49.41372620004036,0.0,49.97644195248482,0.0,45.59506937848192,0.0,45.302478703738345,0.0,0.0,0.0,0.0,0.0,0.0,0.0
10.0,4.12005600280014,0.0035301892932356,0.003530189289852,0.999993768861298,0.999993768861297,49.41372619064371,0.0,49.97644169988608,0.0,45.59506937546905,0.0,45.302478649950686,0.0,0.0,0.0,0.0,0.0,0.0,0.0
10.0,4.12030601530077,0.0035302257925665,0.0035302257891845,0.999993768732446,0.999993768732446,49.41372618124632,0.0,49.97644144729106,0.0,45.595069372456,0.0,45.302478596159794,0.0,0.0,0.0,0.0,0.0,0.0,0.0
10.0,4.12055602780139,0.0035302622937041,0.0035302622903237,0.999993768603588,0.999993768603587,49.413726171848175,0.0,49.9764411946999,0.0,45.595069369442754,0.0,45.30247854236567,0.0,0.0,0.0,0.0,0.0,0.0,0.0
10.0,4.12080604030202,0.0035302987966483,0.0035302987932696,0.999993768474721,0.999993768474721,49.413726162449294,0.0,49.9764409421127,0.0,45.59506936642933,0.0,45.30247848856831,0.0,0.0,0.0,0.0,0.0,0.0,0.0
10.0,4.12105605280264,0.0035303353013991,0.003530335298022,0.999993768345847,0.999993768345847,49.41372615304966,0.0,49.976440689529575,0.0,45.59506936341573,0.0,45.302478434767735,0.0,0.0,0.0,0.0,0.0,0.0,0.0
10.0,4.12130606530326,0.0035303718079564,0.0035303718045809,0.999993768216965,0.999993768216965,49.41372614364929,0.0,49.97644043695063,0.0,45.595069360401936,0.0,45.30247838096392,0.0,0.0,0.0,0.0,0.0,0.0,0.0
10.0,4.12155607780389,0.0035304083163201,0.0035304083129462,0.9999937680880752,0.999993768088075,49.41372613424817,0.0,49.97644018437599,0.0,45.59506935738797,0.0,45.30247832715686,0.0,0.0,0.0,0.0,0.0,0.0,0.0
10.0,4.12180609030452,0.0035304448264902,0.0035304448231179,0.999993767959178,0.999993767959178,49.4137261248463,0.0,49.97643993180576,0.0,45.59506935437381,0.0,45.30247827334659,0.0,0.0,0.0,0.0,0.0,0.0,0.0
10.0,4.12205610280514,0.0035304813384666,0.0035304813350959,0.999993767830273,0.999993767830273,49.41372611544369,0.0,49.97643967924006,0.0,45.59506935135947,0.0,45.30247821953308,0.0,0.0,0.0,0.0,0.0,0.0,0.0
10.0,4.12230611530576,0.0035305178522493,0.0035305178488801,0.9999937677013598,0.99999376770136,49.41372610604033,0.0,49.976439426679,0.0,45.59506934834495,0.0,45.30247816571632,0.0,0.0,0.0,0.0,0.0,0.0,0.0
10.0,4.12255612780639,0.0035305543678381,0.0035305543644706,0.99999376757244,0.99999376757244,49.41372609663622,0.0,49.97643917412272,0.0,45.595069345330245,0.0,45.30247811189636,0.0,0.0,0.0,0.0,0.0,0.0,0.0
10.0,4.12280614030702,0.0035305908852331,0.0035305908818672,0.999993767443512,0.999993767443511,49.41372608723137,0.0,49.9764389215713,0.0,45.59506934231536,0.0,45.30247805807315,0.0,0.0,0.0,0.0,0.0,0.0,0.0
10.0,4.12305615280764,0.0035306274044341,0.0035306274010698,0.999993767314576,0.999993767314576,49.41372607782576,0.0,49.976438669024894,0.0,45.59506933930029,0.0,45.30247800424671,0.0,0.0,0.0,0.0,0.0,0.0,0.0
10.0,4.12330616530827,0.0035306639254412,0.0035306639220785,0.999993767185632,0.999993767185632,49.41372606841942,0.0,49.97643841648362,0.0,45.59506933628504,0.0,45.30247795041704,0.0,0.0,0.0,0.0,0.0,0.0,0.0
10.0,4.12355617780889,0.0035307004482542,0.003530700444893,0.999993767056681,0.999993767056681,49.41372605901233,0.0,49.97643816394758,0.0,45.59506933326959,0.0,45.30247789658415,0.0,0.0,0.0,0.0,0.0,0.0,0.0
10.0,4.12380619030952,0.0035307369728731,0.0035307369695135,0.999993766927722,0.999993766927721,49.41372604960449,0.0,49.9764379114169,0.0,45.59506933025397,0.0,45.30247784274801,0.0,0.0,0.0,0.0,0.0,0.0,0.0
10.0,4.12405620281014,0.0035307734992978,0.0035307734959398,0.999993766798755,0.999993766798755,49.41372604019591,0.0,49.97643765889172,0.0,45.59506932723817,0.0,45.30247778890865,0.0,0.0,0.0,0.0,0.0,0.0,0.0
10.0,4.12430621531077,0.0035308100275282,0.0035308100241719,0.999993766669781,0.99999376666978,49.41372603078658,0.0,49.97643740637216,0.0,45.59506932422217,0.0,45.30247773506605,0.0,0.0,0.0,0.0,0.0,0.0,0.0
10.0,4.12455622781139,0.0035308465575644,0.0035308465542096,0.999993766540798,0.999993766540798,49.4137260213765,0.0,49.97643715385832,0.0,45.595069321206005,0.0,45.30247768122023,0.0,0.0,0.0,0.0,0.0,0.0,0.0
10.0,4.12480624031202,0.0035308830894062,0.003530883086053,0.999993766411808,0.999993766411808,49.41372601196568,0.0,49.97643690135036,0.0,45.59506931818965,0.0,45.30247762737117,0.0,0.0,0.0,0.0,0.0,0.0,0.0
10.0,4.12505625281264,0.0035309196230535,0.0035309196197019,0.999993766282811,0.999993766282811,49.41372600255411,0.0,49.97643664884839,0.0,45.59506931517311,0.0,45.30247757351888,0.0,0.0,0.0,0.0,0.0,0.0,0.0
10.0,4.12530626531327,0.0035309561585064,0.0035309561551564,0.999993766153806,0.999993766153806,49.41372599314179,0.0,49.97643639635255,0.0,45.59506931215639,0.0,45.30247751966336,0.0,0.0,0.0,0.0,0.0,0.0,0.0
10.0,4.12555627781389,0.0035309926957647,0.0035309926924163,0.9999937660247932,0.999993766024792,49.413725983728725,0.0,49.97643614386296,0.0,45.59506930913948,0.0,45.30247746580461,0.0,0.0,0.0,0.0,0.0,0.0,0.0
10.0,4.12580629031452,0.0035310292348284,0.0035310292314816,0.999993765895772,0.999993765895772,49.41372597431492,0.0,49.97643589137975,0.0,45.59506930612239,0.0,45.30247741194263,0.0,0.0,0.0,0.0,0.0,0.0,0.0
10.0,4.12605630281514,0.0035310657756975,0.0035310657723522,0.999993765766743,0.9999937657667431,49.413725964900365,0.0,49.97643563890305,0.0,45.59506930310513,0.0,45.30247735807741,0.0,0.0,0.0,0.0,0.0,0.0,0.0
10.0,4.12630631531577,0.0035311023183718,0.0035311023150281,0.999993765637707,0.999993765637707,49.41372595548506,0.0,49.976435386433,0.0,45.59506930008767,0.0,45.30247730420896,0.0,0.0,0.0,0.0,0.0,0.0,0.0
10.0,4.12655632781639,0.0035311388628513,0.0035311388595092,0.999993765508664,0.999993765508663,49.413725946069,0.0,49.97643513396974,0.0,45.595069297070026,0.0,45.30247725033728,0.0,0.0,0.0,0.0,0.0,0.0,0.0
10.0,4.12680634031702,0.0035311754091359,0.0035311754057954,0.999993765379612,0.9999937653796122,49.41372593665221,0.0,49.97643488151338,0.0,45.5950692940522,0.0,45.30247719646238,0.0,0.0,0.0,0.0,0.0,0.0,0.0
10.0,4.12705635281764,0.0035312119572257,0.0035312119538868,0.999993765250553,0.9999937652505532,49.41372592723467,0.0,49.976434629064094,0.0,45.5950692910342,0.0,45.30247714258423,0.0,0.0,0.0,0.0,0.0,0.0,0.0
10.0,4.12730636531827,0.0035312485071204,0.0035312485037831,0.999993765121486,0.999993765121486,49.41372591781638,0.0,49.97643437662198,0.0,45.59506928801602,0.0,45.30247708870287,0.0,0.0,0.0,0.0,0.0,0.0,0.0
10.0,4.12755637781889,0.0035312850588201,0.0035312850554844,0.999993764992411,0.999993764992411,49.41372590839735,0.0,49.97643412418721,0.0,45.59506928499764,0.0,45.30247703481825,0.0,0.0,0.0,0.0,0.0,0.0,0.0
10.0,4.12780639031952,0.0035313216123248,0.0035313216089906,0.999993764863329,0.999993764863328,49.41372589897756,0.0,49.9764338717599,0.0,45.595069281979086,0.0,45.30247698093042,0.0,0.0,0.0,0.0,0.0,0.0,0.0
10.0,4.12805640282014,0.0035313581676342,0.0035313581643016,0.999993764734239,0.999993764734239,49.41372588955703,0.0,49.976433619340206,0.0,45.595069278960345,0.0,45.30247692703936,0.0,0.0,0.0,0.0,0.0,0.0,0.0
10.0,4.12830641532077,0.0035313947247484,0.0035313947214174,0.999993764605141,0.9999937646051408,49.413725880135765,0.0,49.976433366928255,0.0,45.59506927594143,0.0,45.30247687314506,0.0,0.0,0.0,0.0,0.0,0.0,0.0
10.0,4.12855642782139,0.0035314312836673,0.0035314312803379,0.999993764476035,0.999993764476035,49.41372587071374,0.0,49.976433114524205,0.0,45.59506927292232,0.0,45.30247681924753,0.0,0.0,0.0,0.0,0.0,0.0,0.0
10.0,4.12880644032202,0.0035314678443909,0.003531467841063,0.999993764346922,0.999993764346922,49.41372586129097,0.0,49.97643286212819,0.0,45.59506926990304,0.0,45.302476765346775,0.0,0.0,0.0,0.0,0.0,0.0,0.0
10.0,4.12905645282264,0.0035315044069191,0.0035315044035928,0.999993764217801,0.999993764217801,49.413725851867454,0.0,49.97643260974037,0.0,45.59506926688356,0.0,45.30247671144278,0.0,0.0,0.0,0.0,0.0,0.0,0.0
10.0,4.12930646532327,0.0035315409712518,0.003531540967927,0.999993764088672,0.999993764088672,49.41372584244319,0.0,49.97643235736088,0.0,45.59506926386391,0.0,45.30247665753556,0.0,0.0,0.0,0.0,0.0,0.0,0.0
10.0,4.12955647782389,0.0035315775373889,0.0035315775340657,0.999993763959536,0.999993763959536,49.41372583301818,0.0,49.97643210498986,0.0,45.59506926084406,0.0,45.30247660362511,0.0,0.0,0.0,0.0,0.0,0.0,0.0
10.0,4.12980649032452,0.0035316141053305,0.0035316141020089,0.999993763830392,0.999993763830392,49.41372582359242,0.0,49.97643185262748,0.0,45.59506925782404,0.0,45.30247654971142,0.0,0.0,0.0,0.0,0.0,0.0,0.0
10.0,4.13005650282514,0.0035316506750764,0.0035316506717563,0.99999376370124,0.99999376370124,49.41372581416592,0.0,49.97643160027388,0.0,45.59506925480384,0.0,45.3024764957945,0.0,0.0,0.0,0.0,0.0,0.0,0.0
10.0,4.13030651532577,0.0035316872466265,0.0035316872433081,0.999993763572081,0.99999376357208,49.41372580473867,0.0,49.9764313479292,0.0,45.59506925178345,0.0,45.302476441874354,0.0,0.0,0.0,0.0,0.0,0.0,0.0
10.0,4.13055652782639,0.0035317238199809,0.003531723816664,0.999993763442913,0.999993763442913,49.41372579531066,0.0,49.97643109559362,0.0,45.59506924876288,0.0,45.30247638795098,0.0,0.0,0.0,0.0,0.0,0.0,0.0
10.0,4.13080654032702,0.0035317603951395,0.0035317603918241,0.999993763313739,0.999993763313738,49.41372578588192,0.0,49.97643084326727,0.0,45.59506924574212,0.0,45.30247633402437,0.0,0.0,0.0,0.0,0.0,0.0,0.0
10.0,4.13105655282764,0.0035317969721021,0.0035317969687884,0.999993763184556,0.999993763184556,49.41372577645243,0.0,49.97643059095033,0.0,45.59506924272119,0.0,45.30247628009453,0.0,0.0,0.0,0.0,0.0,0.0,0.0
10.0,4.13130656532827,0.0035318335508688,0.0035318335475566,0.999993763055366,0.999993763055366,49.41372576702219,0.0,49.976430338642935,0.0,45.59506923970007,0.0,45.302476226161446,0.0,0.0,0.0,0.0,0.0,0.0,0.0
10.0,4.13155657782889,0.0035318701314395,0.0035318701281288,0.999993762926168,0.999993762926168,49.41372575759121,0.0,49.97643008634526,0.0,45.59506923667876,0.0,45.30247617222515,0.0,0.0,0.0,0.0,0.0,0.0,0.0
10.0,4.13180659032952,0.003531906713814,0.0035319067105049,0.999993762796962,0.999993762796962,49.41372574815948,0.0,49.97642983405745,0.0,45.59506923365726,0.0,45.30247611828561,0.0,0.0,0.0,0.0,0.0,0.0,0.0
10.0,4.13205660283014,0.0035319432979924,0.0035319432946849,0.999993762667748,0.999993762667748,49.413725738727,0.0,49.97642958177968,0.0,45.5950692306356,0.0,45.30247606434285,0.0,0.0,0.0,0.0,0.0,0.0,0.0
10.0,4.13230661533077,0.0035319798839746,0.0035319798806687,0.999993762538527,0.999993762538527,49.413725729293766,0.0,49.9764293295121,0.0,45.59506922761374,0.0,45.302476010396845,0.0,0.0,0.0,0.0,0.0,0.0,0.0
10.0,4.13255662783139,0.0035320164717606,0.0035320164684561,0.999993762409298,0.999993762409298,49.41372571985979,0.0,49.976429077254885,0.0,45.5950692245917,0.0,45.302475956447616,0.0,0.0,0.0,0.0,0.0,0.0,0.0
10.0,4.13280664033202,0.0035320530613501,0.0035320530580473,0.999993762280062,0.999993762280061,49.41372571042507,0.0,49.9764288250082,0.0,45.59506922156948,0.0,45.30247590249516,0.0,0.0,0.0,0.0,0.0,0.0,0.0
10.0,4.13305665283264,0.0035320896527433,0.003532089649442,0.999993762150817,0.999993762150817,49.4137257009896,0.0,49.97642857277221,0.0,45.595069218547074,0.0,45.302475848539466,0.0,0.0,0.0,0.0,0.0,0.0,0.0
10.0,4.13330666533327,0.00353212624594,0.0035321262426403,0.999993762021565,0.999993762021565,49.41372569155339,0.0,49.976428320547086,0.0,45.59506921552449,0.0,45.30247579458054,0.0,0.0,0.0,0.0,0.0,0.0,0.0
10.0,4.13355667783389,0.0035321628409403,0.0035321628376421,0.9999937618923062,0.9999937618923052,49.41372568211642,0.0,49.97642806833299,0.0,45.59506921250171,0.0,45.302475740618384,0.0,0.0,0.0,0.0,0.0,0.0,0.0
10.0,4.13380669033452,0.0035321994377439,0.0035321994344472,0.999993761763038,0.999993761763038,49.41372567267871,0.0,49.9764278161301,0.0,45.59506920947876,0.0,45.30247568665301,0.0,0.0,0.0,0.0,0.0,0.0,0.0
10.0,4.13405670283514,0.0035322360363508,0.0035322360330558,0.999993761633763,0.9999937616337632,49.41372566324026,0.0,49.9764275639386,0.0,45.59506920645562,0.0,45.302475632684384,0.0,0.0,0.0,0.0,0.0,0.0,0.0
10.0,4.13430671533577,0.0035322726367611,0.0035322726334676,0.99999376150448,0.99999376150448,49.41372565380105,0.0,49.97642731175864,0.0,45.595069203432296,0.0,45.30247557871254,0.0,0.0,0.0,0.0,0.0,0.0,0.0
10.0,4.13455672783639,0.0035323092389746,0.0035323092356826,0.99999376137519,0.999993761375189,49.4137256443611,0.0,49.97642705959041,0.0,45.5950692004088,0.0,45.30247552473746,0.0,0.0,0.0,0.0,0.0,0.0,0.0
10.0,4.13480674033702,0.0035323458429913,0.0035323458397008,0.999993761245891,0.999993761245891,49.4137256349204,0.0,49.97642680743409,0.0,45.5950691973851,0.0,45.30247547075915,0.0,0.0,0.0,0.0,0.0,0.0,0.0
10.0,4.13505675283764,0.0035323824488111,0.0035323824455222,0.9999937611165848,0.9999937611165848,49.41372562547895,0.0,49.97642655528985,0.0,45.59506919436123,0.0,45.3024754167776,0.0,0.0,0.0,0.0,0.0,0.0,0.0
10.0,4.13530676533827,0.0035324190564339,0.0035324190531465,0.999993760987272,0.9999937609872708,49.41372561603675,0.0,49.976426303157886,0.0,45.59506919133718,0.0,45.30247536279283,0.0,0.0,0.0,0.0,0.0,0.0,0.0
10.0,4.13555677783889,0.0035324556658597,0.0035324556625739,0.99999376085795,0.99999376085795,49.413725606593815,0.0,49.97642605103837,0.0,45.59506918831293,0.0,45.30247530880483,0.0,0.0,0.0,0.0,0.0,0.0,0.0
10.0,4.13580679033952,0.0035324922770884,0.0035324922738042,0.999993760728621,0.999993760728621,49.413725597150126,0.0,49.9764257989315,0.0,45.59506918528852,0.0,45.30247525481359,0.0,0.0,0.0,0.0,0.0,0.0,0.0
10.0,4.13605680284014,0.00353252889012,0.0035325288868373,0.999993760599284,0.999993760599284,49.41372558770569,0.0,49.97642554683744,0.0,45.59506918226391,0.0,45.30247520081912,0.0,0.0,0.0,0.0,0.0,0.0,0.0
10.0,4.13630681534077,0.0035325655049544,0.0035325655016733,0.99999376046994,0.9999937604699402,49.41372557826051,0.0,49.9764252947564,0.0,45.595069179239125,0.0,45.30247514682143,0.0,0.0,0.0,0.0,0.0,0.0,0.0
10.0,4.13655682784139,0.0035326021215916,0.0035326021183119,0.999993760340587,0.999993760340587,49.41372556881458,0.0,49.97642504268855,0.0,45.59506917621415,0.0,45.3024750928205,0.0,0.0,0.0,0.0,0.0,0.0,0.0
10.0,4.13680684034202,0.0035326387400314,0.0035326387367533,0.999993760211228,0.999993760211227,49.4137255593679,0.0,49.97642479063408,0.0,45.595069173189,0.0,45.30247503881634,0.0,0.0,0.0,0.0,0.0,0.0,0.0
10.0,4.13705685284264,0.0035326753602738,0.0035326753569973,0.99999376008186,0.99999376008186,49.413725549920464,0.0,49.97642453859319,0.0,45.59506917016365,0.0,45.30247498480895,0.0,0.0,0.0,0.0,0.0,0.0,0.0
10.0,4.13730686534327,0.0035327119823188,0.0035327119790438,0.999993759952484,0.999993759952484,49.4137255404723,0.0,49.97642428656609,0.0,45.595069167138135,0.0,45.302474930798326,0.0,0.0,0.0,0.0,0.0,0.0,0.0
10.0,4.13755687784389,0.0035327486061663,0.0035327486028928,0.9999937598231008,0.999993759823101,49.413725531023374,0.0,49.97642403455297,0.0,45.59506916411243,0.0,45.30247487678448,0.0,0.0,0.0,0.0,0.0,0.0,0.0
10.0,4.13780689034452,0.0035327852318162,0.0035327852285442,0.9999937596937112,0.99999375969371,49.413725521573696,0.0,49.976423782554015,0.0,45.59506916108654,0.0,45.302474822767394,0.0,0.0,0.0,0.0,0.0,0.0,0.0
10.0,4.13805690284514,0.0035328218592684,0.003532821855998,0.999993759564312,0.999993759564312,49.413725512123285,0.0,49.97642353056943,0.0,45.59506915806047,0.0,45.30247476874708,0.0,0.0,0.0,0.0,0.0,0.0,0.0
10.0,4.13830691534577,0.003532858488523,0.0035328584852541,0.999993759434906,0.999993759434906,49.41372550267212,0.0,49.97642327859941,0.0,45.59506915503421,0.0,45.30247471472352,0.0,0.0,0.0,0.0,0.0,0.0,0.0
10.0,4.13855692784639,0.0035328951195798,0.0035328951163125,0.999993759305492,0.999993759305492,49.413725493220205,0.0,49.97642302664417,0.0,45.595069152007774,0.0,45.30247466069676,0.0,0.0,0.0,0.0,0.0,0.0,0.0
10.0,4.13880694034702,0.0035329317524388,0.003532931749173,0.99999375917607,0.99999375917607,49.41372548376754,0.0,49.97642277470393,0.0,45.59506914898115,0.0,45.30247460666674,0.0,0.0,0.0,0.0,0.0,0.0,0.0
10.0,4.13905695284764,0.0035329683871,0.0035329683838357,0.999993759046641,0.999993759046641,49.41372547431413,0.0,49.97642252277885,0.0,45.59506914595434,0.0,45.30247455263351,0.0,0.0,0.0,0.0,0.0,0.0,0.0
10.0,4.13930696534827,0.0035330050235632,0.0035330050203004,0.999993758917204,0.999993758917204,49.41372546485998,0.0,49.9764222708692,0.0,45.595069142927365,0.0,45.30247449859704,0.0,0.0,0.0,0.0,0.0,0.0,0.0
10.0,4.13955697784889,0.0035330416618284,0.0035330416585671,0.999993758787759,0.9999937587877588,49.41372545540508,0.0,49.97642201897515,0.0,45.59506913990018,0.0,45.302474444557326,0.0,0.0,0.0,0.0,0.0,0.0,0.0
10.0,4.13980699034952,0.0035330783018955,0.0035330782986358,0.999993758658307,0.999993758658306,49.413725445949424,0.0,49.97642176709692,0.0,45.59506913687284,0.0,45.3024743905144,0.0,0.0,0.0,0.0,0.0,0.0,0.0
10.0,4.14005700285014,0.0035331149437645,0.0035331149405063,0.9999937585288472,0.999993758528846,49.413725436493024,0.0,49.97642151523473,0.0,45.59506913384529,0.0,45.30247433646823,0.0,0.0,0.0,0.0,0.0,0.0,0.0
10.0,4.14030701535077,0.0035331515874353,0.0035331515841787,0.9999937583993792,0.999993758399378,49.41372542703588,0.0,49.9764212633888,0.0,45.59506913081757,0.0,45.30247428241884,0.0,0.0,0.0,0.0,0.0,0.0,0.0
10.0,4.14055702785139,0.0035331882329079,0.0035331882296528,0.999993758269903,0.999993758269903,49.41372541757799,0.0,49.97642101155935,0.0,45.595069127789664,0.0,45.302474228366215,0.0,0.0,0.0,0.0,0.0,0.0,0.0
10.0,4.14080704035202,0.0035332248801821,0.0035332248769285,0.999993758140419,0.99999375814042,49.41372540811933,0.0,49.9764207597466,0.0,45.59506912476158,0.0,45.30247417431036,0.0,0.0,0.0,0.0,0.0,0.0,0.0
10.0,4.14105705285264,0.003533261529258,0.003533261526006,0.9999937580109292,0.9999937580109292,49.41372539865995,0.0,49.97642050795076,0.0,45.5950691217333,0.0,45.30247412025126,0.0,0.0,0.0,0.0,0.0,0.0,0.0
10.0,4.14130706535327,0.0035332981801355,0.0035332981768849,0.99999375788143,0.99999375788143,49.41372538919981,0.0,49.97642025617206,0.0,45.59506911870485,0.0,45.30247406618895,0.0,0.0,0.0,0.0,0.0,0.0,0.0
10.0,4.14155707785389,0.0035333348328144,0.0035333348295654,0.999993757751923,0.999993757751923,49.41372537973892,0.0,49.97642000441075,0.0,45.5950691156762,0.0,45.3024740121234,0.0,0.0,0.0,0.0,0.0,0.0,0.0
10.0,4.14180709035452,0.0035333714872948,0.0035333714840473,0.999993757622409,0.999993757622409,49.41372537027729,0.0,49.97641975266704,0.0,45.595069112647394,0.0,45.30247395805462,0.0,0.0,0.0,0.0,0.0,0.0,0.0
10.0,4.14205710285514,0.0035334081435766,0.0035334081403306,0.999993757492887,0.999993757492887,49.41372536081491,0.0,49.976419500941184,0.0,45.59506910961839,0.0,45.3024739039826,0.0,0.0,0.0,0.0,0.0,0.0,0.0
10.0,4.14230711535577,0.0035334448016597,0.0035334447984153,0.9999937573633582,0.999993757363358,49.41372535135177,0.0,49.97641924923338,0.0,45.5950691065892,0.0,45.30247384990736,0.0,0.0,0.0,0.0,0.0,0.0,0.0
10.0,4.14255712785639,0.0035334814615441,0.0035334814583011,0.999993757233821,0.999993757233821,49.41372534188789,0.0,49.976418997543895,0.0,45.59506910355983,0.0,45.30247379582888,0.0,0.0,0.0,0.0,0.0,0.0,0.0
10.0,4.14280714035702,0.0035335181232297,0.0035335181199882,0.999993757104276,0.999993757104276,49.41372533242327,0.0,49.97641874587295,0.0,45.59506910053027,0.0,45.30247374174719,0.0,0.0,0.0,0.0,0.0,0.0,0.0
10.0,4.14305715285764,0.0035335547867164,0.0035335547834764,0.999993756974723,0.9999937569747228,49.41372532295789,0.0,49.9764184942208,0.0,45.59506909750053,0.0,45.30247368766225,0.0,0.0,0.0,0.0,0.0,0.0,0.0
10.0,4.14330716535827,0.0035335914520041,0.0035335914487657,0.999993756845163,0.999993756845162,49.41372531349177,0.0,49.97641824258768,0.0,45.59506909447062,0.0,45.30247363357408,0.0,0.0,0.0,0.0,0.0,0.0,0.0
10.0,4.14355717785889,0.0035336281190929,0.003533628115856,0.999993756715594,0.999993756715594,49.413725304024894,0.0,49.97641799097383,0.0,45.5950690914405,0.0,45.30247357948268,0.0,0.0,0.0,0.0,0.0,0.0,0.0
10.0,4.14380719035952,0.0035336647879826,0.0035336647847473,0.9999937565860192,0.999993756586018,49.41372529455728,0.0,49.97641773937952,0.0,45.59506908841022,0.0,45.302473525388045,0.0,0.0,0.0,0.0,0.0,0.0,0.0
10.0,4.14405720286014,0.0035337014586733,0.0035337014554394,0.999993756456435,0.999993756456435,49.41372528508891,0.0,49.976417487804966,0.0,45.59506908537975,0.0,45.30247347129019,0.0,0.0,0.0,0.0,0.0,0.0,0.0
10.0,4.14430721536077,0.0035337381311647,0.0035337381279324,0.9999937563268438,0.9999937563268438,49.41372527561979,0.0,49.97641723625047,0.0,45.595069082349085,0.0,45.3024734171891,0.0,0.0,0.0,0.0,0.0,0.0,0.0
10.0,4.14455722786139,0.0035337748054569,0.0035337748022261,0.999993756197245,0.999993756197245,49.413725266149925,0.0,49.976416984716245,0.0,45.59506907931824,0.0,45.30247336308477,0.0,0.0,0.0,0.0,0.0,0.0,0.0
10.0,4.14480724036202,0.0035338114815499,0.0035338114783205,0.999993756067638,0.999993756067638,49.413725256679314,0.0,49.97641673320256,0.0,45.59506907628723,0.0,45.30247330897722,0.0,0.0,0.0,0.0,0.0,0.0,0.0
10.0,4.14505725286264,0.0035338481594434,0.0035338481562156,0.999993755938024,0.999993755938024,49.41372524720795,0.0,49.97641648170969,0.0,45.59506907325602,0.0,45.30247325486644,0.0,0.0,0.0,0.0,0.0,0.0,0.0
10.0,4.14530726536327,0.0035338848391376,0.0035338848359112,0.999993755808402,0.999993755808402,49.41372523773585,0.0,49.97641623023789,0.0,45.59506907022464,0.0,45.30247320075242,0.0,0.0,0.0,0.0,0.0,0.0,0.0
10.0,4.14555727786389,0.0035339215206322,0.0035339215174074,0.999993755678772,0.999993755678772,49.41372522826298,0.0,49.97641597878741,0.0,45.59506906719306,0.0,45.30247314663518,0.0,0.0,0.0,0.0,0.0,0.0,0.0
10.0,4.14580729036452,0.0035339582039273,0.003533958200704,0.999993755549134,0.999993755549134,49.41372521878938,0.0,49.97641572735854,0.0,45.59506906416131,0.0,45.302473092514695,0.0,0.0,0.0,0.0,0.0,0.0,0.0
10.0,4.14605730286514,0.0035339948890229,0.003533994885801,0.9999937554194892,0.999993755419489,49.41372520931503,0.0,49.97641547595155,0.0,45.595069061129365,0.0,45.302473038390985,0.0,0.0,0.0,0.0,0.0,0.0,0.0
10.0,4.14630731536577,0.0035340315759187,0.0035340315726984,0.999993755289836,0.999993755289836,49.41372519983992,0.0,49.9764152245667,0.0,45.595069058097245,0.0,45.30247298426405,0.0,0.0,0.0,0.0,0.0,0.0,0.0
10.0,4.14655732786639,0.0035340682646148,0.003534068261396,0.999993755160176,0.9999937551601747,49.41372519036407,0.0,49.97641497320427,0.0,45.59506905506494,0.0,45.30247293013389,0.0,0.0,0.0,0.0,0.0,0.0,0.0
10.0,4.14680734036702,0.0035341049551112,0.0035341049518938,0.9999937550305072,0.9999937550305072,49.41372518088748,0.0,49.97641472186454,0.0,45.59506905203245,0.0,45.30247287600048,0.0,0.0,0.0,0.0,0.0,0.0,0.0
10.0,4.14705735286764,0.0035341416474076,0.0035341416441918,0.999993754900831,0.999993754900831,49.413725171410114,0.0,49.9764144705478,0.0,45.59506904899978,0.0,45.30247282186385,0.0,0.0,0.0,0.0,0.0,0.0,0.0
10.0,4.14730736536827,0.0035341783415042,0.0035341783382899,0.999993754771147,0.9999937547711472,49.41372516193202,0.0,49.976414219254345,0.0,45.59506904596693,0.0,45.30247276772399,0.0,0.0,0.0,0.0,0.0,0.0,0.0
10.0,4.14755737786889,0.0035342150374008,0.0035342150341879,0.999993754641456,0.999993754641456,49.413725152453175,0.0,49.97641396798443,0.0,45.595069042933886,0.0,45.30247271358089,0.0,0.0,0.0,0.0,0.0,0.0,0.0
10.0,4.14780739036952,0.0035342517350973,0.003534251731886,0.999993754511757,0.999993754511757,49.41372514297358,0.0,49.97641371673837,0.0,45.595069039900665,0.0,45.30247265943457,0.0,0.0,0.0,0.0,0.0,0.0,0.0
10.0,4.14805740287014,0.0035342884345938,0.0035342884313839,0.99999375438205,0.99999375438205,49.41372513349325,0.0,49.97641346551645,0.0,45.59506903686727,0.0,45.30247260528502,0.0,0.0,0.0,0.0,0.0,0.0,0.0
10.0,4.14830741537077,0.0035343251358901,0.0035343251326817,0.9999937542523348,0.9999937542523348,49.41372512401215,0.0,49.976413214318974,0.0,45.59506903383368,0.0,45.30247255113223,0.0,0.0,0.0,0.0,0.0,0.0,0.0
10.0,4.14855742787139,0.0035343618389862,0.0035343618357793,0.999993754122613,0.999993754122613,49.41372511453031,0.0,49.976412963146224,0.0,45.59506903079991,0.0,45.302472496976215,0.0,0.0,0.0,0.0,0.0,0.0,0.0
10.0,4.14880744037202,0.003534398543882,0.0035343985406766,0.999993753992883,0.999993753992883,49.41372510504772,0.0,49.97641271199853,0.0,45.595069027765945,0.0,45.30247244281696,0.0,0.0,0.0,0.0,0.0,0.0,0.0
10.0,4.14905745287264,0.0035344352505774,0.0035344352473735,0.9999937538631452,0.9999937538631452,49.41372509556438,0.0,49.976412460876176,0.0,45.59506902473181,0.0,45.302472388654486,0.0,0.0,0.0,0.0,0.0,0.0,0.0
10.0,4.14930746537327,0.0035344719590725,0.0035344719558701,0.9999937537334002,0.9999937537334002,49.4137250860803,0.0,49.97641220977948,0.0,45.59506902169749,0.0,45.30247233448878,0.0,0.0,0.0,0.0,0.0,0.0,0.0
10.0,4.14955747787389,0.003534508669367,0.0035345086661661,0.999993753603647,0.999993753603647,49.41372507659546,0.0,49.97641195870875,0.0,45.59506901866298,0.0,45.30247228031984,0.0,0.0,0.0,0.0,0.0,0.0,0.0
10.0,4.14980749037452,0.0035345453814611,0.0035345453782617,0.999993753473886,0.999993753473886,49.41372506710988,0.0,49.97641170766431,0.0,45.59506901562829,0.0,45.30247222614767,0.0,0.0,0.0,0.0,0.0,0.0,0.0
10.0,4.15005750287514,0.0035345820953545,0.0035345820921566,0.999993753344117,0.999993753344117,49.413725057623545,0.0,49.97641145664646,0.0,45.59506901259343,0.0,45.30247217197227,0.0,0.0,0.0,0.0,0.0,0.0,0.0
10.0,4.15030751537577,0.0035346188110473,0.0035346188078509,0.999993753214341,0.999993753214341,49.41372504813647,0.0,49.97641120565554,0.0,45.595069009558365,0.0,45.302472117793634,0.0,0.0,0.0,0.0,0.0,0.0,0.0
10.0,4.15055752787639,0.0035346555285394,0.0035346555253445,0.999993753084557,0.999993753084557,49.41372503864864,0.0,49.976410954691865,0.0,45.59506900652313,0.0,45.30247206361177,0.0,0.0,0.0,0.0,0.0,0.0,0.0
10.0,4.15080754037702,0.0035346922478307,0.0035346922446373,0.999993752954765,0.9999937529547652,49.41372502916006,0.0,49.97641070375577,0.0,45.59506900348771,0.0,45.30247200942668,0.0,0.0,0.0,0.0,0.0,0.0,0.0
10.0,4.15105755287764,0.0035347289689212,0.0035347289657292,0.999993752824966,0.999993752824966,49.41372501967073,0.0,49.97641045284759,0.0,45.5950690004521,0.0,45.30247195523835,0.0,0.0,0.0,0.0,0.0,0.0,0.0
10.0,4.15130756537827,0.0035347656918108,0.0035347656886202,0.999993752695159,0.9999937526951588,49.413725010180656,0.0,49.97641020196764,0.0,45.59506899741631,0.0,45.3024719010468,0.0,0.0,0.0,0.0,0.0,0.0,0.0
10.0,4.15155757787889,0.0035348024164994,0.0035348024133103,0.999993752565344,0.9999937525653438,49.41372500068983,0.0,49.97640995111629,0.0,45.59506899438034,0.0,45.30247184685201,0.0,0.0,0.0,0.0,0.0,0.0,0.0
10.0,4.15180759037952,0.003534839142987,0.0035348391397994,0.999993752435522,0.999993752435521,49.41372499119825,0.0,49.97640970029386,0.0,45.595068991344185,0.0,45.30247179265399,0.0,0.0,0.0,0.0,0.0,0.0,0.0
10.0,4.15205760288014,0.0035348758712735,0.0035348758680874,0.999993752305691,0.999993752305691,49.41372498170593,0.0,49.9764094495007,0.0,45.59506898830785,0.0,45.302471738452745,0.0,0.0,0.0,0.0,0.0,0.0,0.0
10.0,4.15230761538077,0.0035349126013589,0.0035349125981742,0.999993752175853,0.999993752175853,49.41372497221286,0.0,49.976409198737166,0.0,45.59506898527133,0.0,45.30247168424827,0.0,0.0,0.0,0.0,0.0,0.0,0.0
10.0,4.15255762788139,0.003534949333243,0.0035349493300599,0.999993752046008,0.999993752046008,49.41372496271904,0.0,49.9764089480036,0.0,45.59506898223462,0.0,45.30247163004056,0.0,0.0,0.0,0.0,0.0,0.0,0.0
10.0,4.15280764038202,0.0035349860669259,0.0035349860637442,0.999993751916154,0.999993751916154,49.41372495322447,0.0,49.97640869730037,0.0,45.59506897919774,0.0,45.302471575829614,0.0,0.0,0.0,0.0,0.0,0.0,0.0
10.0,4.15305765288264,0.0035350228024074,0.0035350227992272,0.9999937517862928,0.999993751786293,49.41372494372915,0.0,49.97640844662784,0.0,45.59506897616066,0.0,45.30247152161544,0.0,0.0,0.0,0.0,0.0,0.0,0.0
10.0,4.15330766538327,0.0035350595396876,0.0035350595365088,0.999993751656425,0.999993751656425,49.41372493423308,0.0,49.976408195986366,0.0,45.59506897312342,0.0,45.30247146739804,0.0,0.0,0.0,0.0,0.0,0.0,0.0
10.0,4.15355767788389,0.0035350962787663,0.003535096275589,0.999993751526548,0.999993751526548,49.413724924736265,0.0,49.97640794537632,0.0,45.595068970085975,0.0,45.302471413177415,0.0,0.0,0.0,0.0,0.0,0.0,0.0
10.0,4.15380769038452,0.0035351330196435,0.0035351330164677,0.999993751396664,0.999993751396664,49.4137249152387,0.0,49.97640769479807,0.0,45.59506896704836,0.0,45.30247135895355,0.0,0.0,0.0,0.0,0.0,0.0,0.0
10.0,4.15405770288514,0.0035351697623191,0.0035351697591448,0.999993751266772,0.999993751266772,49.41372490574038,0.0,49.976407444252,0.0,45.595068964010544,0.0,45.30247130472645,0.0,0.0,0.0,0.0,0.0,0.0,0.0
10.0,4.15430771538577,0.003535206506793,0.0035352065036202,0.999993751136872,0.999993751136872,49.41372489624132,0.0,49.97640719373849,0.0,45.59506896097256,0.0,45.302471250496126,0.0,0.0,0.0,0.0,0.0,0.0,0.0
10.0,4.15455772788639,0.0035352432530653,0.0035352432498939,0.999993751006965,0.999993751006965,49.41372488674151,0.0,49.97640694325792,0.0,45.59506895793439,0.0,45.30247119626257,0.0,0.0,0.0,0.0,0.0,0.0,0.0
10.0,4.15480774038702,0.0035352800011358,0.0035352799979659,0.99999375087705,0.99999375087705,49.41372487724094,0.0,49.97640669281069,0.0,45.59506895489604,0.0,45.30247114202578,0.0,0.0,0.0,0.0,0.0,0.0,0.0
10.0,4.15505775288764,0.0035353167510045,0.003535316747836,0.999993750747127,0.999993750747127,49.41372486773963,0.0,49.97640644239717,0.0,45.59506895185749,0.0,45.30247108778577,0.0,0.0,0.0,0.0,0.0,0.0,0.0
10.0,4.15530776538827,0.0035353535026713,0.0035353534995043,0.999993750617197,0.9999937506171972,49.413724858237565,0.0,49.97640619201778,0.0,45.59506894881877,0.0,45.30247103354252,0.0,0.0,0.0,0.0,0.0,0.0,0.0
10.0,4.15555777788889,0.0035353902561361,0.0035353902529706,0.999993750487259,0.999993750487259,49.41372484873476,0.0,49.97640594167292,0.0,45.59506894577988,0.0,45.30247097929604,0.0,0.0,0.0,0.0,0.0,0.0,0.0
10.0,4.15580779038952,0.003535427011399,0.0035354270082349,0.999993750357313,0.9999937503573127,49.4137248392312,0.0,49.976405691363,0.0,45.59506894274078,0.0,45.302470925046336,0.0,0.0,0.0,0.0,0.0,0.0,0.0
10.0,4.15605780289014,0.0035354637684597,0.0035354637652971,0.999993750227359,0.999993750227359,49.41372482972689,0.0,49.9764054410884,0.0,45.59506893970152,0.0,45.30247087079339,0.0,0.0,0.0,0.0,0.0,0.0,0.0
10.0,4.15630781539077,0.0035355005273183,0.0035355005241572,0.999993750097398,0.999993750097398,49.41372482022183,0.0,49.976405190849576,0.0,45.59506893666205,0.0,45.30247081653722,0.0,0.0,0.0,0.0,0.0,0.0,0.0
10.0,4.15655782789139,0.0035355372879748,0.0035355372848151,0.999993749967429,0.9999937499674288,49.41372481071602,0.0,49.97640494064692,0.0,45.595068933622414,0.0,45.30247076227782,0.0,0.0,0.0,0.0,0.0,0.0,0.0
10.0,4.15680784039202,0.0035355740504289,0.0035355740472707,0.999993749837452,0.999993749837452,49.413724801209455,0.0,49.97640469048088,0.0,45.5950689305826,0.0,45.30247070801519,0.0,0.0,0.0,0.0,0.0,0.0,0.0
10.0,4.15705785289264,0.0035356108146808,0.003535610811524,0.999993749707468,0.999993749707468,49.41372479170216,0.0,49.97640444035186,0.0,45.5950689275426,0.0,45.30247065374933,0.0,0.0,0.0,0.0,0.0,0.0,0.0
10.0,4.15730786539327,0.0035356475807303,0.0035356475775749,0.999993749577476,0.999993749577476,49.413724782194095,0.0,49.97640419026031,0.0,45.5950689245024,0.0,45.30247059948024,0.0,0.0,0.0,0.0,0.0,0.0,0.0
10.0,4.1575578778939,0.0035356843485773,0.0035356843454234,0.999993749447476,0.999993749447476,49.41372477268529,0.0,49.976403940206666,0.0,45.59506892146204,0.0,45.30247054520792,0.0,0.0,0.0,0.0,0.0,0.0,0.0
10.0,4.15780789039452,0.0035357211182218,0.0035357211150694,0.999993749317469,0.999993749317469,49.413724763175736,0.0,49.976403690191376,0.0,45.59506891842148,0.0,45.302470490932365,0.0,0.0,0.0,0.0,0.0,0.0,0.0
10.0,4.15805790289514,0.0035357578896638,0.0035357578865128,0.9999937491874532,0.9999937491874532,49.41372475366544,0.0,49.97640344021488,0.0,45.59506891538074,0.0,45.30247043665357,0.0,0.0,0.0,0.0,0.0,0.0,0.0
10.0,4.15830791539577,0.0035357946629031,0.0035357946597536,0.999993749057431,0.999993749057431,49.41372474415438,0.0,49.97640319027763,0.0,45.59506891233983,0.0,45.30247038237156,0.0,0.0,0.0,0.0,0.0,0.0,0.0
10.0,4.15855792789639,0.0035358314379398,0.0035358314347917,0.9999937489274,0.9999937489274,49.41372473464257,0.0,49.9764029403801,0.0,45.59506890929872,0.0,45.30247032808632,0.0,0.0,0.0,0.0,0.0,0.0,0.0
10.0,4.15880794039702,0.0035358682147737,0.0035358682116271,0.999993748797362,0.9999937487973612,49.41372472513002,0.0,49.97640269052274,0.0,45.59506890625744,0.0,45.30247027379784,0.0,0.0,0.0,0.0,0.0,0.0,0.0
10.0,4.15905795289765,0.0035359049934048,0.0035359049902596,0.999993748667315,0.999993748667316,49.41372471561672,0.0,49.97640244070603,0.0,45.59506890321596,0.0,45.30247021950613,0.0,0.0,0.0,0.0,0.0,0.0,0.0
10.0,4.15930796539827,0.003535941773833,0.0035359417706893,0.999993748537262,0.999993748537262,49.41372470610267,0.0,49.97640219093044,0.0,45.595068900174304,0.0,45.3024701652112,0.0,0.0,0.0,0.0,0.0,0.0,0.0
10.0,4.1595579778989,0.0035359785560583,0.003535978552916,0.9999937484072,0.9999937484072,49.41372469658786,0.0,49.97640194119645,0.0,45.59506889713247,0.0,45.30247011091302,0.0,0.0,0.0,0.0,0.0,0.0,0.0
10.0,4.15980799039952,0.0035360153400806,0.0035360153369397,0.999993748277131,0.999993748277131,49.41372468707231,0.0,49.97640169150455,0.0,45.595068894090446,0.0,45.302470056611625,0.0,0.0,0.0,0.0,0.0,0.0,0.0
10.0,4.16005800290015,0.0035360521258998,0.0035360521227604,0.999993748147054,0.999993748147054,49.41372467755601,0.0,49.97640144185522,0.0,45.59506889104824,0.0,45.302470002307,0.0,0.0,0.0,0.0,0.0,0.0,0.0
10.0,4.16030801540077,0.0035360889135159,0.0035360889103779,0.9999937480169692,0.999993748016969,49.41372466803896,0.0,49.97640119224898,0.0,45.59506888800586,0.0,45.302469947999136,0.0,0.0,0.0,0.0,0.0,0.0,0.0
10.0,4.16055802790139,0.0035361257029288,0.0035361256997923,0.9999937478868768,0.9999937478868768,49.413724658521154,0.0,49.976400942686304,0.0,45.59506888496328,0.0,45.30246989368805,0.0,0.0,0.0,0.0,0.0,0.0,0.0
10.0,4.16080804040202,0.0035361624941385,0.0035361624910034,0.999993747756777,0.999993747756777,49.41372464900261,0.0,49.97640069316772,0.0,45.595068881920525,0.0,45.30246983937373,0.0,0.0,0.0,0.0,0.0,0.0,0.0
10.0,4.16105805290265,0.0035361992871448,0.0035361992840112,0.99999374762667,0.99999374762667,49.41372463948331,0.0,49.97640044369375,0.0,45.5950688788776,0.0,45.30246978505617,0.0,0.0,0.0,0.0,0.0,0.0,0.0
10.0,4.16130806540327,0.0035362360819478,0.0035362360788156,0.999993747496554,0.999993747496554,49.413724629963255,0.0,49.97640019426488,0.0,45.59506887583447,0.0,45.30246973073539,0.0,0.0,0.0,0.0,0.0,0.0,0.0
10.0,4.1615580779039,0.0035362728785474,0.0035362728754166,0.9999937473664312,0.999993747366431,49.41372462044246,0.0,49.976399944881685,0.0,45.59506887279117,0.0,45.30246967641138,0.0,0.0,0.0,0.0,0.0,0.0,0.0
10.0,4.16180809040452,0.0035363096769435,0.0035363096738142,0.9999937472363,0.9999937472363,49.41372461092091,0.0,49.97639969554466,0.0,45.595068869747685,0.0,45.30246962208413,0.0,0.0,0.0,0.0,0.0,0.0,0.0
10.0,4.16205810290514,0.003536346477136,0.0035363464740081,0.999993747106162,0.999993747106162,49.413724601398606,0.0,49.97639944625436,0.0,45.59506886670401,0.0,45.30246956775366,0.0,0.0,0.0,0.0,0.0,0.0,0.0
10.0,4.16230811540577,0.003536383279125,0.0035363832759985,0.999993746976015,0.999993746976015,49.41372459187556,0.0,49.976399197011325,0.0,45.59506886366016,0.0,45.30246951341995,0.0,0.0,0.0,0.0,0.0,0.0,0.0
10.0,4.16255812790639,0.0035364200829102,0.0035364200797852,0.999993746845862,0.9999937468458612,49.41372458235176,0.0,49.97639894781612,0.0,45.59506886061613,0.0,45.30246945908303,0.0,0.0,0.0,0.0,0.0,0.0,0.0
10.0,4.16280814040702,0.0035364568884917,0.0035364568853681,0.9999937467157,0.9999937467157,49.41372457282721,0.0,49.976398698669286,0.0,45.5950688575719,0.0,45.30246940474286,0.0,0.0,0.0,0.0,0.0,0.0,0.0
10.0,4.16305815290765,0.0035364936958694,0.0035364936927472,0.99999374658553,0.99999374658553,49.41372456330191,0.0,49.97639844957138,0.0,45.595068854527504,0.0,45.30246935039946,0.0,0.0,0.0,0.0,0.0,0.0,0.0
10.0,4.16330816540827,0.0035365305050432,0.0035365305019225,0.9999937464553532,0.999993746455353,49.41372455377586,0.0,49.976398200523015,0.0,45.595068851482914,0.0,45.30246929605284,0.0,0.0,0.0,0.0,0.0,0.0,0.0
10.0,4.1635581779089,0.0035365673160132,0.0035365673128938,0.999993746325169,0.999993746325168,49.41372454424906,0.0,49.97639795152473,0.0,45.59506884843814,0.0,45.30246924170297,0.0,0.0,0.0,0.0,0.0,0.0,0.0
10.0,4.16380819040952,0.0035366041287791,0.0035366041256612,0.999993746194976,0.999993746194976,49.41372453472152,0.0,49.97639770257714,0.0,45.59506884539319,0.0,45.30246918734989,0.0,0.0,0.0,0.0,0.0,0.0,0.0
10.0,4.16405820291015,0.003536640943341,0.0035366409402245,0.999993746064776,0.999993746064776,49.41372452519322,0.0,49.97639745368082,0.0,45.595068842348056,0.0,45.30246913299358,0.0,0.0,0.0,0.0,0.0,0.0,0.0
10.0,4.16430821541077,0.0035366777596988,0.0035366777565837,0.999993745934568,0.999993745934568,49.41372451566416,0.0,49.97639720483636,0.0,45.595068839302726,0.0,45.30246907863402,0.0,0.0,0.0,0.0,0.0,0.0,0.0
10.0,4.1645582279114,0.0035367145778524,0.0035367145747388,0.999993745804352,0.999993745804352,49.41372450613437,0.0,49.9763969560444,0.0,45.59506883625723,0.0,45.30246902427125,0.0,0.0,0.0,0.0,0.0,0.0,0.0
10.0,4.16480824041202,0.0035367513978018,0.0035367513946896,0.9999937456741292,0.9999937456741292,49.41372449660381,0.0,49.97639670730552,0.0,45.59506883321154,0.0,45.30246896990524,0.0,0.0,0.0,0.0,0.0,0.0,0.0
10.0,4.16505825291265,0.0035367882195469,0.0035367882164361,0.999993745543898,0.999993745543898,49.413724487072514,0.0,49.97639645862037,0.0,45.59506883016567,0.0,45.302468915536,0.0,0.0,0.0,0.0,0.0,0.0,0.0
10.0,4.16530826541327,0.0035368250430876,0.0035368250399782,0.999993745413659,0.999993745413659,49.41372447754047,0.0,49.97639620998956,0.0,45.59506882711962,0.0,45.302468861163526,0.0,0.0,0.0,0.0,0.0,0.0,0.0
10.0,4.1655582779139,0.0035368618684239,0.003536861865316,0.999993745283413,0.999993745283412,49.41372446800767,0.0,49.976395961413736,0.0,45.59506882407338,0.0,45.30246880678783,0.0,0.0,0.0,0.0,0.0,0.0,0.0
10.0,4.16580829041452,0.0035368986955557,0.0035368986924492,0.999993745153158,0.999993745153158,49.41372445847412,0.0,49.97639571289356,0.0,45.59506882102696,0.0,45.30246875240889,0.0,0.0,0.0,0.0,0.0,0.0,0.0
10.0,4.16605830291515,0.003536935524483,0.0035369355213779,0.999993745022897,0.999993745022896,49.41372444893982,0.0,49.97639546442966,0.0,45.59506881798036,0.0,45.302468698026736,0.0,0.0,0.0,0.0,0.0,0.0,0.0
10.0,4.16630831541577,0.0035369723552057,0.0035369723521021,0.999993744892627,0.999993744892627,49.41372443940476,0.0,49.976395216022695,0.0,45.59506881493357,0.0,45.30246864364134,0.0,0.0,0.0,0.0,0.0,0.0,0.0
10.0,4.1665583279164,0.0035370091877238,0.0035370091846215,0.99999374476235,0.99999374476235,49.41372442986896,0.0,49.976394967673365,0.0,45.595068811886605,0.0,45.30246858925272,0.0,0.0,0.0,0.0,0.0,0.0,0.0
10.0,4.16680834041702,0.0035370460220371,0.0035370460189362,0.999993744632064,0.999993744632065,49.413724420332414,0.0,49.97639471938232,0.0,45.59506880883944,0.0,45.30246853486087,0.0,0.0,0.0,0.0,0.0,0.0,0.0
10.0,4.16705835291765,0.0035370828581456,0.0035370828550462,0.999993744501772,0.999993744501772,49.41372441079511,0.0,49.97639447115026,0.0,45.59506880579211,0.0,45.30246848046578,0.0,0.0,0.0,0.0,0.0,0.0,0.0
10.0,4.16730836541827,0.0035371196960493,0.0035371196929513,0.999993744371472,0.999993744371471,49.413724401257056,0.0,49.976394222977866,0.0,45.59506880274459,0.0,45.30246842606746,0.0,0.0,0.0,0.0,0.0,0.0,0.0
10.0,4.1675583779189,0.0035371565357481,0.0035371565326514,0.999993744241163,0.999993744241163,49.413724391718254,0.0,49.97639397486587,0.0,45.59506879969689,0.0,45.30246837166592,0.0,0.0,0.0,0.0,0.0,0.0,0.0
10.0,4.16780839041952,0.0035371933772419,0.0035371933741466,0.999993744110848,0.999993744110847,49.4137243821787,0.0,49.97639372681496,0.0,45.595068796649,0.0,45.30246831726115,0.0,0.0,0.0,0.0,0.0,0.0,0.0
10.0,4.16805840292015,0.0035372302205306,0.0035372302174368,0.999993743980524,0.999993743980524,49.4137243726384,0.0,49.97639347882586,0.0,45.59506879360094,0.0,45.30246826285314,0.0,0.0,0.0,0.0,0.0,0.0,0.0
10.0,4.16830841542077,0.0035372670656143,0.0035372670625219,0.9999937438501928,0.999993743850193,49.413724363097344,0.0,49.97639323089932,0.0,45.59506879055268,0.0,45.30246820844191,0.0,0.0,0.0,0.0,0.0,0.0,0.0
10.0,4.1685584279214,0.0035373039124928,0.0035373039094018,0.999993743719854,0.999993743719854,49.41372435355554,0.0,49.976392983036064,0.0,45.59506878750424,0.0,45.30246815402744,0.0,0.0,0.0,0.0,0.0,0.0,0.0
10.0,4.16880844042202,0.0035373407611661,0.0035373407580765,0.999993743589507,0.9999937435895068,49.41372434401299,0.0,49.97639273523683,0.0,45.59506878445562,0.0,45.30246809960975,0.0,0.0,0.0,0.0,0.0,0.0,0.0
10.0,4.16905845292265,0.0035373776116341,0.0035373776085459,0.999993743459153,0.999993743459153,49.41372433446968,0.0,49.97639248750241,0.0,45.595068781406816,0.0,45.30246804518882,0.0,0.0,0.0,0.0,0.0,0.0,0.0
10.0,4.16930846542327,0.0035374144638967,0.00353741446081,0.999993743328791,0.999993743328791,49.41372432492562,0.0,49.97639223983354,0.0,45.59506877835784,0.0,45.30246799076467,0.0,0.0,0.0,0.0,0.0,0.0,0.0
10.0,4.1695584779239,0.003537451317954,0.0035374513148686,0.999993743198421,0.9999937431984212,49.41372431538082,0.0,49.97639199223104,0.0,45.59506877530867,0.0,45.30246793633728,0.0,0.0,0.0,0.0,0.0,0.0,0.0
10.0,4.16980849042452,0.0035374881738058,0.0035374881707218,0.999993743068044,0.999993743068043,49.41372430583527,0.0,49.97639174469565,0.0,45.59506877225931,0.0,45.30246788190667,0.0,0.0,0.0,0.0,0.0,0.0,0.0
10.0,4.17005850292515,0.0035375250314521,0.0035375250283695,0.999993742937658,0.999993742937658,49.41372429628896,0.0,49.97639149722821,0.0,45.59506876920978,0.0,45.30246782747282,0.0,0.0,0.0,0.0,0.0,0.0,0.0
10.0,4.17030851542577,0.0035375618908928,0.0035375618878116,0.9999937428072648,0.999993742807265,49.4137242867419,0.0,49.976391249829504,0.0,45.59506876616005,0.0,45.30246777303574,0.0,0.0,0.0,0.0,0.0,0.0,0.0
10.0,4.1705585279264,0.0035375987521278,0.003537598749048,0.9999937426768652,0.999993742676865,49.41372427719409,0.0,49.97639100250037,0.0,45.59506876311016,0.0,45.30246771859544,0.0,0.0,0.0,0.0,0.0,0.0,0.0
10.0,4.17080854042702,0.0035376356151571,0.0035376356120787,0.999993742546457,0.999993742546456,49.413724267645534,0.0,49.97639075524163,0.0,45.59506876006007,0.0,45.3024676641519,0.0,0.0,0.0,0.0,0.0,0.0,0.0
10.0,4.17105855292765,0.0035376724799807,0.0035376724769037,0.99999374241604,0.99999374241604,49.413724258096224,0.0,49.97639050805412,0.0,45.595068757009805,0.0,45.30246760970512,0.0,0.0,0.0,0.0,0.0,0.0,0.0
10.0,4.17130856542827,0.0035377093465984,0.0035377093435228,0.9999937422856168,0.999993742285617,49.41372424854617,0.0,49.97639026093872,0.0,45.59506875395935,0.0,45.30246755525513,0.0,0.0,0.0,0.0,0.0,0.0,0.0
10.0,4.1715585779289,0.0035377462150102,0.003537746211936,0.999993742155185,0.999993742155185,49.41372423899534,0.0,49.97639001389626,0.0,45.59506875090872,0.0,45.3024675008019,0.0,0.0,0.0,0.0,0.0,0.0,0.0
10.0,4.17180859042952,0.0035377830852161,0.0035377830821432,0.999993742024746,0.999993742024746,49.41372422944379,0.0,49.97638976692764,0.0,45.59506874785789,0.0,45.30246744634544,0.0,0.0,0.0,0.0,0.0,0.0,0.0
10.0,4.17205860293015,0.0035378199572159,0.0035378199541445,0.999993741894299,0.999993741894299,49.41372421989148,0.0,49.97638952003375,0.0,45.595068744806895,0.0,45.30246739188575,0.0,0.0,0.0,0.0,0.0,0.0,0.0
10.0,4.17230861543077,0.0035378568310096,0.0035378568279396,0.999993741763845,0.999993741763844,49.413724210338415,0.0,49.976389273215474,0.0,45.5950687417557,0.0,45.302467337422826,0.0,0.0,0.0,0.0,0.0,0.0,0.0
10.0,4.1725586279314,0.0035378937065972,0.0035378937035286,0.999993741633383,0.999993741633382,49.4137242007846,0.0,49.976389026473726,0.0,45.59506873870434,0.0,45.30246728295669,0.0,0.0,0.0,0.0,0.0,0.0,0.0
10.0,4.17280864043202,0.0035379305839786,0.0035379305809114,0.999993741502913,0.999993741502912,49.41372419123004,0.0,49.97638877980944,0.0,45.59506873565279,0.0,45.3024672284873,0.0,0.0,0.0,0.0,0.0,0.0,0.0
10.0,4.17305865293265,0.0035379674631538,0.0035379674600879,0.9999937413724348,0.9999937413724348,49.41372418167472,0.0,49.97638853322355,0.0,45.59506873260105,0.0,45.30246717401469,0.0,0.0,0.0,0.0,0.0,0.0,0.0
10.0,4.17330866543327,0.0035380043441226,0.0035380043410581,0.9999937412419488,0.999993741241949,49.41372417211865,0.0,49.976388286717,0.0,45.59506872954913,0.0,45.302467119538846,0.0,0.0,0.0,0.0,0.0,0.0,0.0
10.0,4.1735586779339,0.003538041226885,0.0035380412238219,0.999993741111456,0.999993741111456,49.41372416256184,0.0,49.97638804029075,0.0,45.59506872649703,0.0,45.30246706505977,0.0,0.0,0.0,0.0,0.0,0.0,0.0
10.0,4.17380869043452,0.0035380781114409,0.0035380781083792,0.9999937409809558,0.999993740980956,49.41372415300426,0.0,49.97638779394579,0.0,45.59506872344474,0.0,45.30246701057747,0.0,0.0,0.0,0.0,0.0,0.0,0.0
10.0,4.17405870293515,0.0035381149977904,0.00353811499473,0.999993740850447,0.9999937408504468,49.41372414344595,0.0,49.9763875476831,0.0,45.59506872039228,0.0,45.30246695609194,0.0,0.0,0.0,0.0,0.0,0.0,0.0
10.0,4.17430871543577,0.0035381518859333,0.0035381518828743,0.9999937407199307,0.999993740719931,49.41372413388688,0.0,49.976387301503685,0.0,45.59506871733963,0.0,45.30246690160318,0.0,0.0,0.0,0.0,0.0,0.0,0.0
10.0,4.1745587279364,0.0035381887758695,0.0035381887728119,0.999993740589407,0.999993740589407,49.41372412432706,0.0,49.97638705540856,0.0,45.59506871428679,0.0,45.3024668471112,0.0,0.0,0.0,0.0,0.0,0.0,0.0
10.0,4.17480874043702,0.003538225667599,0.0035382256645428,0.999993740458875,0.999993740458875,49.41372411476649,0.0,49.97638680939874,0.0,45.59506871123377,0.0,45.30246679261597,0.0,0.0,0.0,0.0,0.0,0.0,0.0
10.0,4.17505875293765,0.0035382625611218,0.003538262558067,0.999993740328336,0.999993740328336,49.41372410520516,0.0,49.9763865634753,0.0,45.59506870818057,0.0,45.30246673811752,0.0,0.0,0.0,0.0,0.0,0.0,0.0
10.0,4.17530876543827,0.0035382994564377,0.0035382994533843,0.999993740197789,0.999993740197789,49.41372409564308,0.0,49.97638631763928,0.0,45.59506870512718,0.0,45.30246668361583,0.0,0.0,0.0,0.0,0.0,0.0,0.0
10.0,4.1755587779389,0.0035383363535468,0.0035383363504947,0.9999937400672338,0.999993740067234,49.413724086080265,0.0,49.97638607189175,0.0,45.59506870207362,0.0,45.30246662911093,0.0,0.0,0.0,0.0,0.0,0.0,0.0
10.0,4.17580879043952,0.0035383732524489,0.0035383732493982,0.999993739936672,0.999993739936672,49.41372407651669,0.0,49.976385826233816,0.0,45.59506869901987,0.0,45.302466574602775,0.0,0.0,0.0,0.0,0.0,0.0,0.0
10.0,4.17605880294015,0.003538410153144,0.0035384101500947,0.999993739806102,0.999993739806101,49.41372406695236,0.0,49.97638558066657,0.0,45.595068695965935,0.0,45.3024665200914,0.0,0.0,0.0,0.0,0.0,0.0,0.0
10.0,4.17630881544077,0.003538447055632,0.0035384470525841,0.999993739675524,0.999993739675524,49.41372405738728,0.0,49.97638533519114,0.0,45.59506869291181,0.0,45.3024664655768,0.0,0.0,0.0,0.0,0.0,0.0,0.0
10.0,4.1765588279414,0.0035384839599129,0.0035384839568663,0.999993739544938,0.999993739544938,49.413724047821454,0.0,49.97638508980866,0.0,45.59506868985751,0.0,45.302466411058965,0.0,0.0,0.0,0.0,0.0,0.0,0.0
10.0,4.17680884044202,0.0035385208659866,0.0035385208629414,0.999993739414345,0.999993739414345,49.41372403825488,0.0,49.97638484452027,0.0,45.59506868680303,0.0,45.3024663565379,0.0,0.0,0.0,0.0,0.0,0.0,0.0
10.0,4.17705885294265,0.0035385577738531,0.0035385577708092,0.999993739283744,0.999993739283744,49.41372402868754,0.0,49.976384599327154,0.0,45.59506868374835,0.0,45.302466302013606,0.0,0.0,0.0,0.0,0.0,0.0,0.0
10.0,4.17730886544327,0.0035385946835122,0.0035385946804697,0.9999937391531348,0.999993739153135,49.413724019119456,0.0,49.97638435423049,0.0,45.59506868069351,0.0,45.30246624748609,0.0,0.0,0.0,0.0,0.0,0.0,0.0
10.0,4.1775588779439,0.003538631594964,0.0035386315919229,0.9999937390225192,0.999993739022519,49.41372400955062,0.0,49.97638410923149,0.0,45.59506867763847,0.0,45.30246619295533,0.0,0.0,0.0,0.0,0.0,0.0,0.0
10.0,4.17780889044452,0.0035386685082083,0.0035386685051686,0.999993738891895,0.9999937388918948,49.41372399998104,0.0,49.97638386433136,0.0,45.59506867458325,0.0,45.30246613842135,0.0,0.0,0.0,0.0,0.0,0.0,0.0
10.0,4.17805890294515,0.0035387054232451,0.0035387054202067,0.999993738761263,0.999993738761263,49.413723990410695,0.0,49.97638361953135,0.0,45.595068671527855,0.0,45.30246608388413,0.0,0.0,0.0,0.0,0.0,0.0,0.0
10.0,4.17830891544577,0.0035387423400743,0.0035387423370373,0.999993738630623,0.999993738630623,49.413723980839606,0.0,49.97638337483272,0.0,45.59506866847227,0.0,45.30246602934368,0.0,0.0,0.0,0.0,0.0,0.0,0.0
10.0,4.1785589279464,0.003538779258696,0.0035387792556603,0.999993738499976,0.999993738499976,49.41372397126777,0.0,49.97638313023671,0.0,45.5950686654165,0.0,45.302465974800015,0.0,0.0,0.0,0.0,0.0,0.0,0.0
10.0,4.17880894044702,0.0035388161791099,0.0035388161760756,0.999993738369321,0.999993738369321,49.413723961695176,0.0,49.976382885744655,0.0,45.59506866236055,0.0,45.30246592025311,0.0,0.0,0.0,0.0,0.0,0.0,0.0
10.0,4.17905895294765,0.0035388531013161,0.0035388530982832,0.999993738238659,0.999993738238658,49.41372395212184,0.0,49.97638264135784,0.0,45.59506865930441,0.0,45.30246586570297,0.0,0.0,0.0,0.0,0.0,0.0,0.0
10.0,4.17930896544827,0.0035388900253145,0.0035388900222829,0.999993738107988,0.999993738107988,49.41372394254774,0.0,49.976382397077614,0.0,45.5950686562481,0.0,45.3024658111496,0.0,0.0,0.0,0.0,0.0,0.0,0.0
10.0,4.1795589779489,0.003538926951105,0.0035389269480748,0.99999373797731,0.99999373797731,49.4137239329729,0.0,49.97638215290532,0.0,45.5950686531916,0.0,45.302465756593016,0.0,0.0,0.0,0.0,0.0,0.0,0.0
10.0,4.17980899044952,0.0035389638786875,0.0035389638756587,0.999993737846625,0.999993737846624,49.4137239233973,0.0,49.97638190884231,0.0,45.59506865013491,0.0,45.30246570203318,0.0,0.0,0.0,0.0,0.0,0.0,0.0
10.0,4.18005900295015,0.0035390008080621,0.0035390008050346,0.999993737715931,0.999993737715931,49.41372391382095,0.0,49.976381664890006,0.0,45.59506864707805,0.0,45.30246564747013,0.0,0.0,0.0,0.0,0.0,0.0,0.0
10.0,4.18030901545077,0.0035390377392286,0.0035390377362025,0.99999373758523,0.99999373758523,49.41372390424385,0.0,49.97638142104982,0.0,45.595068644021,0.0,45.30246559290384,0.0,0.0,0.0,0.0,0.0,0.0,0.0
10.0,4.1805590279514,0.003539074672187,0.0035390746691622,0.999993737454521,0.999993737454521,49.413723894666,0.0,49.97638117732316,0.0,45.59506864096376,0.0,45.30246553833433,0.0,0.0,0.0,0.0,0.0,0.0,0.0
10.0,4.18080904045202,0.0035391116069372,0.0035391116039138,0.999993737323804,0.999993737323804,49.41372388508739,0.0,49.976380933711496,0.0,45.59506863790635,0.0,45.30246548376159,0.0,0.0,0.0,0.0,0.0,0.0,0.0
10.0,4.18105905295265,0.0035391485434792,0.0035391485404571,0.99999373719308,0.99999373719308,49.41372387550804,0.0,49.9763806902163,0.0,45.59506863484874,0.0,45.30246542918561,0.0,0.0,0.0,0.0,0.0,0.0,0.0
10.0,4.18130906545327,0.0035391854818129,0.0035391854787921,0.999993737062348,0.999993737062348,49.413723865927935,0.0,49.97638044683908,0.0,45.59506863179096,0.0,45.30246537460641,0.0,0.0,0.0,0.0,0.0,0.0,0.0
10.0,4.1815590779539,0.0035392224219381,0.0035392224189188,0.999993736931608,0.999993736931608,49.41372385634708,0.0,49.97638020358136,0.0,45.595068628733,0.0,45.30246532002396,0.0,0.0,0.0,0.0,0.0,0.0,0.0
10.0,4.18180909045452,0.003539259363855,0.003539259360837,0.999993736800861,0.999993736800861,49.41372384676546,0.0,49.97637996044468,0.0,45.59506862567485,0.0,45.3024652654383,0.0,0.0,0.0,0.0,0.0,0.0,0.0
10.0,4.18205910295515,0.0035392963075634,0.0035392963045467,0.999993736670106,0.9999937366701052,49.41372383718311,0.0,49.9763797174306,0.0,45.59506862261651,0.0,45.302465210849405,0.0,0.0,0.0,0.0,0.0,0.0,0.0
10.0,4.18230911545577,0.0035393332530632,0.0035393332500479,0.999993736539343,0.999993736539343,49.4137238276,0.0,49.97637947454073,0.0,45.595068619558,0.0,45.30246515625728,0.0,0.0,0.0,0.0,0.0,0.0,0.0
10.0,4.1825591279564,0.0035393702003544,0.0035393701973404,0.999993736408572,0.999993736408572,49.41372381801613,0.0,49.97637923177668,0.0,45.5950686164993,0.0,45.30246510166192,0.0,0.0,0.0,0.0,0.0,0.0,0.0
10.0,4.18280914045702,0.003539407149437,0.0035394071464243,0.999993736277794,0.999993736277794,49.41372380843152,0.0,49.9763789891401,0.0,45.59506861344041,0.0,45.302465047063336,0.0,0.0,0.0,0.0,0.0,0.0,0.0
10.0,4.18305915295765,0.0035394441003108,0.0035394440972995,0.999993736147008,0.999993736147008,49.41372379884615,0.0,49.97637874663267,0.0,45.59506861038135,0.0,45.30246499246153,0.0,0.0,0.0,0.0,0.0,0.0,0.0
10.0,4.18330916545827,0.0035394810529758,0.0035394810499658,0.999993736016215,0.999993736016214,49.41372378926003,0.0,49.97637850425605,0.0,45.59506860732209,0.0,45.30246493785648,0.0,0.0,0.0,0.0,0.0,0.0,0.0
10.0,4.1835591779589,0.0035395180074319,0.0035395180044233,0.9999937358854128,0.9999937358854128,49.41372377967316,0.0,49.976378262012,0.0,45.59506860426266,0.0,45.302464883248206,0.0,0.0,0.0,0.0,0.0,0.0,0.0
10.0,4.18380919045952,0.0035395549636791,0.0035395549606718,0.999993735754604,0.999993735754604,49.41372377008554,0.0,49.97637801990225,0.0,45.595068601203046,0.0,45.3024648286367,0.0,0.0,0.0,0.0,0.0,0.0,0.0
10.0,4.18405920296015,0.0035395919217174,0.0035395919187114,0.999993735623787,0.999993735623787,49.41372376049716,0.0,49.97637777792859,0.0,45.59506859814324,0.0,45.30246477402196,0.0,0.0,0.0,0.0,0.0,0.0,0.0
10.0,4.18430921546077,0.0035396288815465,0.0035396288785419,0.999993735492963,0.999993735492963,49.413723750908034,0.0,49.97637753609281,0.0,45.59506859508326,0.0,45.30246471940399,0.0,0.0,0.0,0.0,0.0,0.0,0.0
10.0,4.1845592279614,0.0035396658431666,0.0035396658401633,0.999993735362131,0.999993735362131,49.41372374131815,0.0,49.97637729439676,0.0,45.5950685920231,0.0,45.3024646647828,0.0,0.0,0.0,0.0,0.0,0.0,0.0
10.0,4.18480924046202,0.0035397028065775,0.0035397028035756,0.999993735231291,0.9999937352312912,49.41372373172753,0.0,49.976377052842295,0.0,45.59506858896275,0.0,45.30246461015837,0.0,0.0,0.0,0.0,0.0,0.0,0.0
10.0,4.18505925296265,0.0035397397717792,0.0035397397687786,0.999993735100443,0.999993735100443,49.41372372213614,0.0,49.97637681143132,0.0,45.59506858590222,0.0,45.30246455553072,0.0,0.0,0.0,0.0,0.0,0.0,0.0
10.0,4.18530926546327,0.0035397767387716,0.0035397767357723,0.999993734969588,0.999993734969588,49.41372371254401,0.0,49.97637657016576,0.0,45.5950685828415,0.0,45.302464500899845,0.0,0.0,0.0,0.0,0.0,0.0,0.0
10.0,4.1855592779639,0.0035398137075546,0.0035398137045567,0.999993734838725,0.999993734838725,49.41372370295112,0.0,49.976376329047554,0.0,45.5950685797806,0.0,45.30246444626572,0.0,0.0,0.0,0.0,0.0,0.0,0.0
10.0,4.18580929046452,0.0035398506781283,0.0035398506751316,0.999993734707854,0.999993734707854,49.41372369335749,0.0,49.9763760880787,0.0,45.59506857671952,0.0,45.30246439162837,0.0,0.0,0.0,0.0,0.0,0.0,0.0
10.0,4.18605930296515,0.0035398876504924,0.0035398876474971,0.999993734576976,0.999993734576976,49.4137236837631,0.0,49.97637584726123,0.0,45.59506857365825,0.0,45.3024643369878,0.0,0.0,0.0,0.0,0.0,0.0,0.0
10.0,4.18630931546577,0.003539924624647,0.003539924621653,0.99999373444609,0.99999373444609,49.41372367416796,0.0,49.97637560659719,0.0,45.5950685705968,0.0,45.30246428234399,0.0,0.0,0.0,0.0,0.0,0.0,0.0
10.0,4.1865593279664,0.003539961600592,0.0035399615975993,0.999993734315196,0.999993734315196,49.41372366457206,0.0,49.97637536608867,0.0,45.595068567535165,0.0,45.30246422769696,0.0,0.0,0.0,0.0,0.0,0.0,0.0
10.0,4.18680934046702,0.0035399985783273,0.003539998575336,0.999993734184294,0.999993734184294,49.41372365497541,0.0,49.97637512573778,0.0,45.59506856447335,0.0,45.30246417304669,0.0,0.0,0.0,0.0,0.0,0.0,0.0
10.0,4.18705935296765,0.0035400355578529,0.0035400355548629,0.999993734053385,0.999993734053385,49.41372364537802,0.0,49.976374885546704,0.0,45.59506856141135,0.0,45.3024641183932,0.0,0.0,0.0,0.0,0.0,0.0,0.0
10.0,4.18730936546827,0.0035400725391687,0.0035400725361801,0.9999937339224682,0.9999937339224682,49.41372363577987,0.0,49.976374645517616,0.0,45.59506855834917,0.0,45.30246406373647,0.0,0.0,0.0,0.0,0.0,0.0,0.0
10.0,4.1875593779689,0.0035401095222747,0.0035401095192874,0.999993733791544,0.999993733791544,49.41372362618096,0.0,49.97637440565276,0.0,45.59506855528681,0.0,45.30246400907652,0.0,0.0,0.0,0.0,0.0,0.0,0.0
10.0,4.18780939046952,0.0035401465071708,0.0035401465041848,0.999993733660611,0.999993733660611,49.41372361658132,0.0,49.9763741659544,0.0,45.595068552224255,0.0,45.30246395441333,0.0,0.0,0.0,0.0,0.0,0.0,0.0
10.0,4.18805940297015,0.0035401834938569,0.0035401834908722,0.9999937335296712,0.999993733529671,49.4137236069809,0.0,49.97637392642485,0.0,45.59506854916152,0.0,45.30246389974692,0.0,0.0,0.0,0.0,0.0,0.0,0.0
10.0,4.18830941547077,0.0035402204823329,0.0035402204793495,0.999993733398723,0.999993733398723,49.413723597379736,0.0,49.97637368706644,0.0,45.59506854609861,0.0,45.30246384507727,0.0,0.0,0.0,0.0,0.0,0.0,0.0
10.0,4.1885594279714,0.0035402574725989,0.0035402574696168,0.999993733267768,0.999993733267768,49.41372358777783,0.0,49.97637344788159,0.0,45.59506854303551,0.0,45.30246379040441,0.0,0.0,0.0,0.0,0.0,0.0,0.0
10.0,4.18880944047202,0.0035402944646547,0.0035402944616739,0.9999937331368052,0.999993733136805,49.41372357817517,0.0,49.97637320887269,0.0,45.59506853997223,0.0,45.302463735728296,0.0,0.0,0.0,0.0,0.0,0.0,0.0
10.0,4.18905945297265,0.0035403314585003,0.0035403314555208,0.999993733005834,0.999993733005834,49.41372356857175,0.0,49.97637297004224,0.0,45.59506853690877,0.0,45.30246368104896,0.0,0.0,0.0,0.0,0.0,0.0,0.0
10.0,4.18930946547327,0.0035403684541356,0.0035403684511574,0.9999937328748552,0.999993732874855,49.41372355896758,0.0,49.97637273139273,0.0,45.59506853384512,0.0,45.3024636263664,0.0,0.0,0.0,0.0,0.0,0.0,0.0
10.0,4.1895594779739,0.0035404054515605,0.0035404054485837,0.999993732743869,0.9999937327438692,49.413723549362665,0.0,49.97637249292673,0.0,45.59506853078128,0.0,45.302463571680605,0.0,0.0,0.0,0.0,0.0,0.0,0.0
10.0,4.18980949047452,0.0035404424507751,0.0035404424477996,0.999993732612875,0.9999937326128748,49.413723539756994,0.0,49.97637225464685,0.0,45.59506852771727,0.0,45.30246351699159,0.0,0.0,0.0,0.0,0.0,0.0,0.0
10.0,4.19005950297515,0.0035404794517792,0.003540479448805,0.999993732481873,0.999993732481873,49.41372353015056,0.0,49.97637201655571,0.0,45.59506852465307,0.0,45.30246346229933,0.0,0.0,0.0,0.0,0.0,0.0,0.0
10.0,4.19030951547577,0.0035405164545727,0.0035405164515999,0.999993732350864,0.999993732350864,49.41372352054339,0.0,49.97637177865603,0.0,45.595068521588686,0.0,45.30246340760385,0.0,0.0,0.0,0.0,0.0,0.0,0.0
10.0,4.1905595279764,0.0035405534591557,0.0035405534561841,0.999993732219847,0.999993732219847,49.41372351093546,0.0,49.97637154095055,0.0,45.59506851852412,0.0,45.30246335290513,0.0,0.0,0.0,0.0,0.0,0.0,0.0
10.0,4.19080954047702,0.003540590465528,0.0035405904625578,0.999993732088822,0.999993732088822,49.41372350132678,0.0,49.97637130344204,0.0,45.595068515459374,0.0,45.30246329820319,0.0,0.0,0.0,0.0,0.0,0.0,0.0
10.0,4.19105955297765,0.0035406274736896,0.0035406274707207,0.999993731957789,0.999993731957789,49.41372349171734,0.0,49.97637106613336,0.0,45.59506851239444,0.0,45.30246324349802,0.0,0.0,0.0,0.0,0.0,0.0,0.0
10.0,4.19130956547827,0.0035406644836405,0.0035406644806728,0.999993731826749,0.999993731826749,49.41372348210715,0.0,49.9763708290274,0.0,45.59506850932934,0.0,45.30246318878962,0.0,0.0,0.0,0.0,0.0,0.0,0.0
10.0,4.1915595779789,0.0035407014953804,0.0035407014924141,0.999993731695701,0.999993731695701,49.41372347249622,0.0,49.9763705921271,0.0,45.59506850626404,0.0,45.30246313407799,0.0,0.0,0.0,0.0,0.0,0.0,0.0
10.0,4.19180959047952,0.0035407385089095,0.0035407385059445,0.999993731564646,0.999993731564646,49.413723462884526,0.0,49.97637035543544,0.0,45.59506850319855,0.0,45.30246307936313,0.0,0.0,0.0,0.0,0.0,0.0,0.0
10.0,4.19205960298015,0.0035407755242277,0.0035407755212639,0.999993731433582,0.9999937314335818,49.41372345327208,0.0,49.9763701189555,0.0,45.59506850013289,0.0,45.30246302464504,0.0,0.0,0.0,0.0,0.0,0.0,0.0
10.0,4.19230961548077,0.0035408125413348,0.0035408125383724,0.999993731302511,0.999993731302511,49.41372344365889,0.0,49.97636988269038,0.0,45.59506849706704,0.0,45.30246296992371,0.0,0.0,0.0,0.0,0.0,0.0,0.0
10.0,4.1925596279814,0.0035408495602308,0.0035408495572697,0.999993731171433,0.999993731171432,49.41372343404494,0.0,49.97636964664322,0.0,45.595068494001005,0.0,45.302462915199165,0.0,0.0,0.0,0.0,0.0,0.0,0.0
10.0,4.19280964048202,0.0035408865809157,0.0035408865779559,0.999993731040346,0.999993731040346,49.41372342443023,0.0,49.97636941081727,0.0,45.5950684909348,0.0,45.30246286047138,0.0,0.0,0.0,0.0,0.0,0.0,0.0
10.0,4.19305965298265,0.0035409236033894,0.0035409236004308,0.999993730909252,0.999993730909252,49.41372341481478,0.0,49.976369175215794,0.0,45.5950684878684,0.0,45.30246280574037,0.0,0.0,0.0,0.0,0.0,0.0,0.0
10.0,4.19330966548327,0.0035409606276518,0.0035409606246945,0.99999373077815,0.99999373077815,49.413723405198574,0.0,49.97636893984216,0.0,45.59506848480181,0.0,45.302462751006125,0.0,0.0,0.0,0.0,0.0,0.0,0.0
10.0,4.1935596779839,0.0035409976537029,0.0035409976507469,0.99999373064704,0.99999373064704,49.41372339558161,0.0,49.97636870469975,0.0,45.595068481735055,0.0,45.30246269626866,0.0,0.0,0.0,0.0,0.0,0.0,0.0
10.0,4.19380969048452,0.0035410346815425,0.0035410346785879,0.999993730515923,0.999993730515923,49.4137233859639,0.0,49.97636846979204,0.0,45.59506847866811,0.0,45.30246264152796,0.0,0.0,0.0,0.0,0.0,0.0,0.0
10.0,4.19405970298515,0.0035410717111708,0.0035410717082174,0.999993730384798,0.999993730384798,49.41372337634543,0.0,49.97636823512257,0.0,45.595068475600975,0.0,45.30246258678403,0.0,0.0,0.0,0.0,0.0,0.0,0.0
10.0,4.19430971548577,0.0035411087425875,0.0035411087396354,0.999993730253665,0.999993730253665,49.41372336672622,0.0,49.97636800069494,0.0,45.59506847253366,0.0,45.30246253203687,0.0,0.0,0.0,0.0,0.0,0.0,0.0
10.0,4.1945597279864,0.0035411457757926,0.0035411457728419,0.999993730122525,0.999993730122525,49.41372335710625,0.0,49.97636776651282,0.0,45.59506846946616,0.0,45.30246247728648,0.0,0.0,0.0,0.0,0.0,0.0,0.0
10.0,4.19480974048702,0.0035411828107861,0.0035411828078366,0.999993729991377,0.999993729991377,49.41372334748552,0.0,49.97636753257996,0.0,45.59506846639849,0.0,45.30246242253286,0.0,0.0,0.0,0.0,0.0,0.0,0.0
10.0,4.19505975298765,0.0035412198475679,0.0035412198446197,0.999993729860221,0.999993729860221,49.41372333786405,0.0,49.97636729890016,0.0,45.59506846333063,0.0,45.30246236777601,0.0,0.0,0.0,0.0,0.0,0.0,0.0
10.0,4.19530976548827,0.003541256886138,0.003541256883191,0.999993729729058,0.999993729729057,49.41372332824182,0.0,49.97636706547732,0.0,45.59506846026258,0.0,45.30246231301593,0.0,0.0,0.0,0.0,0.0,0.0,0.0
10.0,4.1955597779889,0.0035412939264962,0.0035412939235505,0.999993729597886,0.999993729597886,49.41372331861884,0.0,49.97636683231539,0.0,45.59506845719434,0.0,45.30246225825263,0.0,0.0,0.0,0.0,0.0,0.0,0.0
10.0,4.19580979048952,0.0035413309686425,0.0035413309656981,0.9999937294667068,0.999993729466708,49.4137233089951,0.0,49.97636659941841,0.0,45.59506845412593,0.0,45.302462203486094,0.0,0.0,0.0,0.0,0.0,0.0,0.0
10.0,4.19605980299015,0.0035413680125768,0.0035413680096338,0.999993729335521,0.9999937293355212,49.413723299370616,0.0,49.97636636679053,0.0,45.595068451057344,0.0,45.30246214871633,0.0,0.0,0.0,0.0,0.0,0.0,0.0
10.0,4.19630981549077,0.0035414050582992,0.0035414050553574,0.999993729204326,0.999993729204326,49.41372328974538,0.0,49.97636613443592,0.0,45.59506844798856,0.0,45.302462093943326,0.0,0.0,0.0,0.0,0.0,0.0,0.0
10.0,4.1965598279914,0.0035414421058095,0.003541442102869,0.999993729073124,0.999993729073124,49.413723280119385,0.0,49.97636590235886,0.0,45.5950684449196,0.0,45.302462039167104,0.0,0.0,0.0,0.0,0.0,0.0,0.0
10.0,4.19680984049202,0.0035414791551077,0.0035414791521684,0.9999937289419152,0.999993728941914,49.41372327049263,0.0,49.97636567056374,0.0,45.59506844185045,0.0,45.30246198438764,0.0,0.0,0.0,0.0,0.0,0.0,0.0
10.0,4.19705985299265,0.0035415162061936,0.0035415162032557,0.999993728810697,0.999993728810697,49.41372326086513,0.0,49.976365439055,0.0,45.59506843878111,0.0,45.30246192960496,0.0,0.0,0.0,0.0,0.0,0.0,0.0
10.0,4.19730986549328,0.0035415532590673,0.0035415532561307,0.999993728679472,0.999993728679472,49.41372325123689,0.0,49.976365207837205,0.0,45.59506843571161,0.0,45.302461874819045,0.0,0.0,0.0,0.0,0.0,0.0,0.0
10.0,4.1975598779939,0.0035415903137287,0.0035415903107933,0.999993728548239,0.999993728548239,49.41372324160788,0.0,49.97636497691498,0.0,45.59506843264191,0.0,45.3024618200299,0.0,0.0,0.0,0.0,0.0,0.0,0.0
10.0,4.19780989049452,0.0035416273701777,0.0035416273672436,0.999993728416999,0.999993728416999,49.413723231978125,0.0,49.976364746293065,0.0,45.59506842957203,0.0,45.30246176523752,0.0,0.0,0.0,0.0,0.0,0.0,0.0
10.0,4.19805990299515,0.0035416644284143,0.0035416644254814,0.99999372828575,0.99999372828575,49.413723222347606,0.0,49.976364515976286,0.0,45.595068426501975,0.0,45.30246171044192,0.0,0.0,0.0,0.0,0.0,0.0,0.0
10.0,4.19830991549577,0.0035417014884383,0.0035417014855068,0.999993728154494,0.999993728154494,49.41372321271634,0.0,49.97636428596956,0.0,45.59506842343173,0.0,45.302461655643086,0.0,0.0,0.0,0.0,0.0,0.0,0.0
10.0,4.1985599279964,0.0035417385502498,0.0035417385473195,0.999993728023231,0.99999372802323,49.41372320308433,0.0,49.97636405627793,0.0,45.59506842036129,0.0,45.30246160084102,0.0,0.0,0.0,0.0,0.0,0.0,0.0
10.0,4.19880994049702,0.0035417756138487,0.0035417756109197,0.9999937278919588,0.9999937278919588,49.41372319345157,0.0,49.97636382690654,0.0,45.59506841729068,0.0,45.30246154603573,0.0,0.0,0.0,0.0,0.0,0.0,0.0
10.0,4.19905995299765,0.0035418126792348,0.0035418126763071,0.99999372776068,0.99999372776068,49.41372318381803,0.0,49.97636359786063,0.0,45.59506841421989,0.0,45.302461491227206,0.0,0.0,0.0,0.0,0.0,0.0,0.0
10.0,4.19930996549827,0.0035418497464083,0.0035418497434818,0.999993727629394,0.999993727629393,49.41372317418376,0.0,49.97636336914552,0.0,45.59506841114891,0.0,45.302461436415456,0.0,0.0,0.0,0.0,0.0,0.0,0.0
10.0,4.1995599779989,0.0035418868153689,0.0035418868124437,0.9999937274980992,0.999993727498099,49.41372316454873,0.0,49.97636314076672,0.0,45.59506840807775,0.0,45.30246138160047,0.0,0.0,0.0,0.0,0.0,0.0,0.0
10.0,4.19980999049953,0.0035419238861166,0.0035419238831927,0.999993727366797,0.999993727366796,49.413723154912944,0.0,49.976362912729776,0.0,45.5950684050064,0.0,45.30246132678226,0.0,0.0,0.0,0.0,0.0,0.0,0.0
10.0,4.20006000300015,0.0035419609586514,0.0035419609557287,0.9999937272354869,0.999993727235487,49.413723145276414,0.0,49.9763626850404,0.0,45.59506840193488,0.0,45.30246127196082,0.0,0.0,0.0,0.0,0.0,0.0,0.0
10.0,4.20031001550078,0.0035419980329732,0.0035419980300518,0.999993727104169,0.999993727104169,49.41372313563912,0.0,49.97636245770441,0.0,45.59506839886316,0.0,45.30246121713615,0.0,0.0,0.0,0.0,0.0,0.0,0.0
10.0,4.2005600280014,0.0035420351090819,0.0035420351061618,0.999993726972844,0.999993726972844,49.413723126001074,0.0,49.97636223072776,0.0,45.59506839579127,0.0,45.302461162308255,0.0,0.0,0.0,0.0,0.0,0.0,0.0
10.0,4.20081004050203,0.0035420721869775,0.0035420721840586,0.999993726841511,0.999993726841511,49.41372311636229,0.0,49.97636200411652,0.0,45.59506839271919,0.0,45.30246110747712,0.0,0.0,0.0,0.0,0.0,0.0,0.0
10.0,4.20106005300265,0.00354210926666,0.0035421092637423,0.99999372671017,0.99999372671017,49.41372310672272,0.0,49.976361777876896,0.0,45.595068389646926,0.0,45.30246105264276,0.0,0.0,0.0,0.0,0.0,0.0,0.0
10.0,4.20131006550328,0.0035421463481291,0.0035421463452128,0.999993726578822,0.999993726578822,49.41372309708243,0.0,49.97636155201523,0.0,45.59506838657448,0.0,45.30246099780517,0.0,0.0,0.0,0.0,0.0,0.0,0.0
10.0,4.2015600780039,0.003542183431385,0.0035421834284699,0.999993726447465,0.999993726447465,49.413723087441376,0.0,49.976361326538,0.0,45.595068383501854,0.0,45.30246094296435,0.0,0.0,0.0,0.0,0.0,0.0,0.0
10.0,4.20181009050452,0.0035422205164275,0.0035422205135137,0.999993726316102,0.999993726316101,49.41372307779957,0.0,49.97636110145185,0.0,45.59506838042905,0.0,45.30246088812031,0.0,0.0,0.0,0.0,0.0,0.0,0.0
10.0,4.20206010300515,0.0035422576032566,0.003542257600344,0.99999372618473,0.99999372618473,49.413723068157005,0.0,49.97636087676354,0.0,45.59506837735605,0.0,45.302460833273024,0.0,0.0,0.0,0.0,0.0,0.0,0.0
10.0,4.20231011550578,0.0035422946918722,0.0035422946889608,0.999993726053351,0.999993726053351,49.41372305851369,0.0,49.97636065248,0.0,45.59506837428288,0.0,45.30246077842252,0.0,0.0,0.0,0.0,0.0,0.0,0.0
10.0,4.2025601280064,0.0035423317822742,0.0035423317793641,0.999993725921964,0.999993725921964,49.41372304886962,0.0,49.97636042860831,0.0,45.59506837120952,0.0,45.30246072356879,0.0,0.0,0.0,0.0,0.0,0.0,0.0
10.0,4.20281014050703,0.0035423688744626,0.0035423688715538,0.999993725790569,0.999993725790569,49.41372303922479,0.0,49.9763602051557,0.0,45.59506836813597,0.0,45.30246066871182,0.0,0.0,0.0,0.0,0.0,0.0,0.0
10.0,4.20306015300765,0.0035424059684374,0.0035424059655298,0.999993725659167,0.999993725659167,49.41372302957922,0.0,49.9763599821296,0.0,45.59506836506224,0.0,45.30246061385162,0.0,0.0,0.0,0.0,0.0,0.0,0.0
10.0,4.20331016550827,0.0035424430641984,0.003542443061292,0.999993725527757,0.9999937255277572,49.413723019932895,0.0,49.97635975953756,0.0,45.59506836198833,0.0,45.302460558988194,0.0,0.0,0.0,0.0,0.0,0.0,0.0
10.0,4.2035601780089,0.0035424801617455,0.0035424801588405,0.9999937253963392,0.9999937253963392,49.41372301028581,0.0,49.97635953738734,0.0,45.59506835891424,0.0,45.30246050412154,0.0,0.0,0.0,0.0,0.0,0.0,0.0
10.0,4.20381019050953,0.0035425172610789,0.003542517258175,0.999993725264913,0.999993725264913,49.413723000637965,0.0,49.97635931568687,0.0,45.59506835583996,0.0,45.30246044925166,0.0,0.0,0.0,0.0,0.0,0.0,0.0
10.0,4.20406020301015,0.0035425543621983,0.0035425543592957,0.99999372513348,0.99999372513348,49.41372299098938,0.0,49.97635909444427,0.0,45.5950683527655,0.0,45.30246039437854,0.0,0.0,0.0,0.0,0.0,0.0,0.0
10.0,4.20431021551078,0.0035425914651037,0.0035425914622024,0.999993725002039,0.999993725002039,49.41372298134004,0.0,49.97635887366783,0.0,45.595068349690855,0.0,45.30246033950221,0.0,0.0,0.0,0.0,0.0,0.0,0.0
10.0,4.2045602280114,0.003542628569795,0.003542628566895,0.999993724870591,0.999993724870591,49.413722971689936,0.0,49.976358653366056,0.0,45.59506834661603,0.0,45.30246028462263,0.0,0.0,0.0,0.0,0.0,0.0,0.0
10.0,4.20481024051203,0.0035426656762723,0.0035426656733735,0.999993724739134,0.9999937247391352,49.41372296203909,0.0,49.97635843354764,0.0,45.59506834354102,0.0,45.30246022973983,0.0,0.0,0.0,0.0,0.0,0.0,0.0
10.0,4.20506025301265,0.0035427027845354,0.0035427027816378,0.99999372460767,0.99999372460767,49.41372295238748,0.0,49.97635821422151,0.0,45.59506834046583,0.0,45.3024601748538,0.0,0.0,0.0,0.0,0.0,0.0,0.0
10.0,4.20531026551328,0.0035427398945842,0.0035427398916879,0.999993724476199,0.999993724476199,49.41372294273512,0.0,49.97635799539677,0.0,45.59506833739045,0.0,45.302460119964536,0.0,0.0,0.0,0.0,0.0,0.0,0.0
10.0,4.2055602780139,0.0035427770064188,0.0035427770035237,0.999993724344719,0.9999937243447192,49.41372293308201,0.0,49.97635777708276,0.0,45.595068334314895,0.0,45.30246006507205,0.0,0.0,0.0,0.0,0.0,0.0,0.0
10.0,4.20581029051453,0.003542814120039,0.0035428141171451,0.999993724213232,0.999993724213232,49.41372292342815,0.0,49.97635755928906,0.0,45.59506833123916,0.0,45.302460010176326,0.0,0.0,0.0,0.0,0.0,0.0,0.0
10.0,4.20606030301515,0.0035428512354448,0.0035428512325521,0.999993724081738,0.9999937240817371,49.41372291377352,0.0,49.976357342025466,0.0,45.595068328163215,0.0,45.30245995527738,0.0,0.0,0.0,0.0,0.0,0.0,0.0
10.0,4.20631031551578,0.0035428883526361,0.0035428883497447,0.9999937239502348,0.999993723950235,49.41372290411815,0.0,49.97635712530203,0.0,45.59506832508711,0.0,45.3024599003752,0.0,0.0,0.0,0.0,0.0,0.0,0.0
10.0,4.2065603280164,0.0035429254716128,0.0035429254687226,0.9999937238187252,0.999993723818725,49.413722894462026,0.0,49.976356909129024,0.0,45.595068322010825,0.0,45.30245984546979,0.0,0.0,0.0,0.0,0.0,0.0,0.0
10.0,4.20681034051703,0.003542962592375,0.003542962589486,0.999993723687207,0.999993723687207,49.413722884805146,0.0,49.97635669351702,0.0,45.595068318934345,0.0,45.30245979056116,0.0,0.0,0.0,0.0,0.0,0.0,0.0
10.0,4.20706035301765,0.0035429997149224,0.0035429997120347,0.999993723555681,0.999993723555681,49.41372287514751,0.0,49.97635647847679,0.0,45.59506831585768,0.0,45.30245973564929,0.0,0.0,0.0,0.0,0.0,0.0,0.0
10.0,4.20731036551828,0.0035430368392552,0.0035430368363687,0.999993723424147,0.999993723424148,49.41372286548912,0.0,49.97635626401946,0.0,45.595068312780846,0.0,45.3024596807342,0.0,0.0,0.0,0.0,0.0,0.0,0.0
10.0,4.2075603780189,0.0035430739653731,0.0035430739624879,0.999993723292607,0.999993723292607,49.41372285582998,0.0,49.97635605015636,0.0,45.59506830970382,0.0,45.30245962581586,0.0,0.0,0.0,0.0,0.0,0.0,0.0
10.0,4.20781039051953,0.0035431110932763,0.0035431110903922,0.999993723161058,0.999993723161058,49.41372284617008,0.0,49.97635583689918,0.0,45.59506830662661,0.0,45.30245957089431,0.0,0.0,0.0,0.0,0.0,0.0,0.0
10.0,4.20806040302015,0.0035431482229645,0.0035431482200817,0.999993723029502,0.999993723029502,49.41372283650944,0.0,49.97635562425983,0.0,45.59506830354922,0.0,45.30245951596953,0.0,0.0,0.0,0.0,0.0,0.0,0.0
10.0,4.20831041552078,0.0035431853544377,0.0035431853515561,0.999993722897938,0.999993722897937,49.41372282684803,0.0,49.97635541225061,0.0,45.59506830047164,0.0,45.30245946104151,0.0,0.0,0.0,0.0,0.0,0.0,0.0
10.0,4.2085604280214,0.0035432224876959,0.0035432224848155,0.999993722766366,0.999993722766365,49.41372281718587,0.0,49.97635520088408,0.0,45.59506829739388,0.0,45.302459406110266,0.0,0.0,0.0,0.0,0.0,0.0,0.0
10.0,4.20881044052203,0.0035432596227389,0.0035432596198598,0.999993722634786,0.999993722634786,49.413722807522966,0.0,49.97635499017316,0.0,45.59506829431594,0.0,45.302459351175806,0.0,0.0,0.0,0.0,0.0,0.0,0.0
10.0,4.20906045302265,0.0035432967595669,0.003543296756689,0.999993722503199,0.9999937225031992,49.41372279785929,0.0,49.97635478013108,0.0,45.59506829123782,0.0,45.3024592962381,0.0,0.0,0.0,0.0,0.0,0.0,0.0
10.0,4.20931046552328,0.0035433338981796,0.0035433338953029,0.999993722371604,0.999993722371604,49.41372278819488,0.0,49.97635457077147,0.0,45.59506828815951,0.0,45.30245924129717,0.0,0.0,0.0,0.0,0.0,0.0,0.0
10.0,4.2095604780239,0.003543371038577,0.0035433710357015,0.999993722240001,0.999993722240001,49.4137227785297,0.0,49.97635436210829,0.0,45.59506828508103,0.0,45.302459186353,0.0,0.0,0.0,0.0,0.0,0.0,0.0
10.0,4.20981049052453,0.003543408180759,0.0035434081778848,0.9999937221083912,0.99999372210839,49.41372276886378,0.0,49.97635415415586,0.0,45.595068282002345,0.0,45.30245913140561,0.0,0.0,0.0,0.0,0.0,0.0,0.0
10.0,4.21006050302515,0.0035434453247257,0.0035434453218527,0.9999937219767728,0.999993721976772,49.413722759197086,0.0,49.97635394692892,0.0,45.595068278923485,0.0,45.302459076454994,0.0,0.0,0.0,0.0,0.0,0.0,0.0
10.0,4.21031051552578,0.0035434824704769,0.0035434824676051,0.999993721845147,0.999993721845147,49.41372274952965,0.0,49.976353740442605,0.0,45.59506827584445,0.0,45.30245902150114,0.0,0.0,0.0,0.0,0.0,0.0,0.0
10.0,4.2105605280264,0.0035435196180126,0.003543519615142,0.999993721713513,0.999993721713513,49.41372273986146,0.0,49.976353534712445,0.0,45.59506827276522,0.0,45.30245896654407,0.0,0.0,0.0,0.0,0.0,0.0,0.0
10.0,4.21081054052703,0.0035435567673326,0.0035435567644633,0.999993721581872,0.999993721581872,49.413722730192525,0.0,49.97635332975444,0.0,45.59506826968581,0.0,45.30245891158376,0.0,0.0,0.0,0.0,0.0,0.0,0.0
10.0,4.21106055302765,0.003543593918437,0.0035435939155689,0.999993721450223,0.999993721450223,49.41372272052282,0.0,49.976353125584986,0.0,45.59506826660623,0.0,45.30245885662023,0.0,0.0,0.0,0.0,0.0,0.0,0.0
10.0,4.21131056552828,0.0035436310713257,0.0035436310684588,0.9999937213185668,0.999993721318566,49.41372271085237,0.0,49.97635292222096,0.0,45.59506826352645,0.0,45.30245880165346,0.0,0.0,0.0,0.0,0.0,0.0,0.0
10.0,4.2115605780289,0.0035436682259986,0.0035436682231329,0.999993721186902,0.999993721186902,49.413722701181165,0.0,49.97635271967973,0.0,45.59506826044649,0.0,45.30245874668346,0.0,0.0,0.0,0.0,0.0,0.0,0.0
10.0,4.21181059052953,0.0035437053824557,0.0035437053795912,0.99999372105523,0.99999372105523,49.41372269150921,0.0,49.97635251797913,0.0,45.59506825736636,0.0,45.30245869171024,0.0,0.0,0.0,0.0,0.0,0.0,0.0
10.0,4.21206060303015,0.0035437425406969,0.0035437425378336,0.99999372092355,0.99999372092355,49.41372268183649,0.0,49.97635231713753,0.0,45.59506825428603,0.0,45.30245863673379,0.0,0.0,0.0,0.0,0.0,0.0,0.0
10.0,4.21231061553078,0.0035437797007221,0.00354377969786,0.999993720791863,0.999993720791863,49.41372267216303,0.0,49.97635211717381,0.0,45.595068251205525,0.0,45.30245858175411,0.0,0.0,0.0,0.0,0.0,0.0,0.0
10.0,4.2125606280314,0.0035438168625313,0.0035438168596704,0.999993720660168,0.999993720660168,49.4137226624888,0.0,49.97635191810741,0.0,45.59506824812483,0.0,45.3024585267712,0.0,0.0,0.0,0.0,0.0,0.0,0.0
10.0,4.21281064053203,0.0035438540261243,0.0035438540232647,0.999993720528465,0.999993720528465,49.41372265281382,0.0,49.97635171995832,0.0,45.595068245043954,0.0,45.30245847178506,0.0,0.0,0.0,0.0,0.0,0.0,0.0
10.0,4.21306065303265,0.0035438911915013,0.0035438911886428,0.999993720396755,0.999993720396754,49.41372264313809,0.0,49.97635152274714,0.0,45.595068241962906,0.0,45.30245841679568,0.0,0.0,0.0,0.0,0.0,0.0,0.0
10.0,4.21331066553328,0.003543928358662,0.0035439283558047,0.999993720265036,0.999993720265036,49.4137226334616,0.0,49.97635132649509,0.0,45.59506823888166,0.0,45.30245836180308,0.0,0.0,0.0,0.0,0.0,0.0,0.0
10.0,4.2135606780339,0.0035439655276065,0.0035439655247504,0.999993720133311,0.99999372013331,49.41372262378436,0.0,49.97635113122399,0.0,45.59506823580024,0.0,45.302458306807246,0.0,0.0,0.0,0.0,0.0,0.0,0.0
10.0,4.21381069053453,0.0035440026983346,0.0035440026954797,0.999993720001577,0.999993720001577,49.41372261410636,0.0,49.97635093695632,0.0,45.59506823271864,0.0,45.30245825180819,0.0,0.0,0.0,0.0,0.0,0.0,0.0
10.0,4.21406070303515,0.0035440398708463,0.0035440398679926,0.9999937198698352,0.9999937198698352,49.41372260442762,0.0,49.97635074371529,0.0,45.59506822963685,0.0,45.30245819680591,0.0,0.0,0.0,0.0,0.0,0.0,0.0
10.0,4.21431071553578,0.0035440770451416,0.0035440770422891,0.999993719738086,0.999993719738086,49.41372259474811,0.0,49.97635055152475,0.0,45.59506822655487,0.0,45.30245814180039,0.0,0.0,0.0,0.0,0.0,0.0,0.0
10.0,4.2145607280364,0.0035441142212203,0.003544114218369,0.99999371960633,0.999993719606329,49.41372258506785,0.0,49.97635036040935,0.0,45.59506822347272,0.0,45.302458086791646,0.0,0.0,0.0,0.0,0.0,0.0,0.0
10.0,4.21481074053703,0.0035441513990825,0.0035441513962324,0.999993719474565,0.999993719474565,49.41372257538684,0.0,49.97635017039447,0.0,45.59506822039038,0.0,45.30245803177967,0.0,0.0,0.0,0.0,0.0,0.0,0.0
10.0,4.21506075303765,0.003544188578728,0.0035441885758791,0.9999937193427928,0.999993719342793,49.41372256570507,0.0,49.97634998150628,0.0,45.595068217307855,0.0,45.30245797676447,0.0,0.0,0.0,0.0,0.0,0.0,0.0
10.0,4.21531076553828,0.0035442257601568,0.0035442257573091,0.999993719211013,0.999993719211013,49.41372255602255,0.0,49.97634979377181,0.0,45.59506821422515,0.0,45.30245792174603,0.0,0.0,0.0,0.0,0.0,0.0,0.0
10.0,4.2155607780389,0.0035442629433689,0.0035442629405224,0.999993719079226,0.999993719079225,49.41372254633927,0.0,49.9763496072189,0.0,45.59506821114226,0.0,45.30245786672437,0.0,0.0,0.0,0.0,0.0,0.0,0.0
10.0,4.21581079053953,0.0035443001283641,0.0035443001255188,0.99999371894743,0.99999371894743,49.41372253665525,0.0,49.97634942187632,0.0,45.59506820805919,0.0,45.30245781169948,0.0,0.0,0.0,0.0,0.0,0.0,0.0
10.0,4.21606080304015,0.0035443373151424,0.0035443373122983,0.999993718815627,0.999993718815627,49.41372252697046,0.0,49.97634923777377,0.0,45.59506820497593,0.0,45.30245775667136,0.0,0.0,0.0,0.0,0.0,0.0,0.0
10.0,4.21631081554078,0.0035443745037038,0.0035443745008608,0.9999937186838171,0.999993718683817,49.41372251728492,0.0,49.97634905494187,0.0,45.595068201892495,0.0,45.30245770164001,0.0,0.0,0.0,0.0,0.0,0.0,0.0
10.0,4.2165608280414,0.0035444116940481,0.0035444116912064,0.999993718551998,0.999993718551998,49.41372250759862,0.0,49.97634887341231,0.0,45.59506819880888,0.0,45.30245764660543,0.0,0.0,0.0,0.0,0.0,0.0,0.0
10.0,4.21681084054203,0.0035444488861754,0.0035444488833348,0.999993718420172,0.999993718420172,49.41372249791157,0.0,49.976348693217794,0.0,45.59506819572508,0.0,45.30245759156762,0.0,0.0,0.0,0.0,0.0,0.0,0.0
10.0,4.21706085304265,0.0035444860800855,0.0035444860772462,0.999993718288338,0.999993718288338,49.41372248822377,0.0,49.976348514392114,0.0,45.59506819264108,0.0,45.30245753652659,0.0,0.0,0.0,0.0,0.0,0.0,0.0
10.0,4.21731086554328,0.0035445232757785,0.0035445232729403,0.999993718156497,0.999993718156497,49.413722478535206,0.0,49.97634833697022,0.0,45.595068189556905,0.0,45.30245748148232,0.0,0.0,0.0,0.0,0.0,0.0,0.0
10.0,4.2175608780439,0.0035445604732542,0.0035445604704172,0.999993718024648,0.999993718024647,49.4137224688459,0.0,49.97634816098824,0.0,45.59506818647255,0.0,45.30245742643481,0.0,0.0,0.0,0.0,0.0,0.0,0.0
10.0,4.21781089054453,0.0035445976725125,0.0035445976696767,0.999993717892791,0.999993717892791,49.41372245915582,0.0,49.97634798648352,0.0,45.59506818338802,0.0,45.302457371384094,0.0,0.0,0.0,0.0,0.0,0.0,0.0
10.0,4.21806090304515,0.0035446348735535,0.0035446348707188,0.999993717760926,0.999993717760926,49.41372244946501,0.0,49.97634781349472,0.0,45.5950681803033,0.0,45.30245731633014,0.0,0.0,0.0,0.0,0.0,0.0,0.0
10.0,4.21831091554578,0.003544672076377,0.0035446720735435,0.999993717629054,0.999993717629054,49.41372243977343,0.0,49.97634764206184,0.0,45.5950681772184,0.0,45.30245726127296,0.0,0.0,0.0,0.0,0.0,0.0,0.0
10.0,4.2185609280464,0.003544709280983,0.0035447092781507,0.999993717497174,0.999993717497174,49.41372243008109,0.0,49.97634747222629,0.0,45.59506817413331,0.0,45.30245720621255,0.0,0.0,0.0,0.0,0.0,0.0,0.0
10.0,4.21881094054703,0.0035447464873714,0.0035447464845403,0.999993717365286,0.999993717365286,49.413722420388005,0.0,49.97634730403095,0.0,45.59506817104804,0.0,45.30245715114891,0.0,0.0,0.0,0.0,0.0,0.0,0.0
10.0,4.21906095304765,0.0035447836955422,0.0035447836927123,0.999993717233391,0.999993717233391,49.41372241069416,0.0,49.9763471375202,0.0,45.59506816796258,0.0,45.30245709608203,0.0,0.0,0.0,0.0,0.0,0.0,0.0
10.0,4.21931096554828,0.0035448209054954,0.0035448209026666,0.999993717101488,0.9999937171014872,49.413722400999575,0.0,49.97634697274007,0.0,45.59506816487694,0.0,45.302457041011934,0.0,0.0,0.0,0.0,0.0,0.0,0.0
10.0,4.2195609780489,0.0035448581172307,0.0035448581144031,0.9999937169695772,0.999993716969577,49.41372239130422,0.0,49.976346809738246,0.0,45.595068161791126,0.0,45.30245698593861,0.0,0.0,0.0,0.0,0.0,0.0,0.0
10.0,4.21981099054953,0.0035448953307482,0.0035448953279218,0.999993716837658,0.999993716837658,49.41372238160811,0.0,49.97634664856415,0.0,45.595068158705125,0.0,45.30245693086205,0.0,0.0,0.0,0.0,0.0,0.0,0.0
10.0,4.22006100305015,0.0035449325460479,0.0035449325432227,0.999993716705732,0.999993716705732,49.41372237191125,0.0,49.97634648926908,0.0,45.59506815561893,0.0,45.30245687578226,0.0,0.0,0.0,0.0,0.0,0.0,0.0
10.0,4.22031101555078,0.0035449697631296,0.0035449697603055,0.999993716573798,0.999993716573798,49.41372236221363,0.0,49.97634633190621,0.0,45.59506815253256,0.0,45.30245682069924,0.0,0.0,0.0,0.0,0.0,0.0,0.0
10.0,4.2205610280514,0.0035450069819933,0.0035450069791704,0.999993716441856,0.999993716441856,49.41372235251527,0.0,49.976346176530754,0.0,45.595068149446014,0.0,45.302456765613,0.0,0.0,0.0,0.0,0.0,0.0,0.0
10.0,4.22081104055203,0.003545044202639,0.0035450441998172,0.9999937163099069,0.999993716309907,49.413722342816136,0.0,49.9763460232,0.0,45.59506814635928,0.0,45.30245671052352,0.0,0.0,0.0,0.0,0.0,0.0,0.0
10.0,4.22106105305265,0.0035450814250665,0.0035450814222459,0.99999371617795,0.99999371617795,49.413722333116255,0.0,49.97634587197349,0.0,45.59506814327236,0.0,45.30245665543082,0.0,0.0,0.0,0.0,0.0,0.0,0.0
10.0,4.22131106555328,0.0035451186492758,0.0035451186464564,0.999993716045985,0.999993716045985,49.41372232341562,0.0,49.97634572291306,0.0,45.595068140185255,0.0,45.30245660033489,0.0,0.0,0.0,0.0,0.0,0.0,0.0
10.0,4.2215610780539,0.0035451558752669,0.0035451558724486,0.999993715914013,0.999993715914013,49.41372231371423,0.0,49.97634557608296,0.0,45.595068137097975,0.0,45.30245654523573,0.0,0.0,0.0,0.0,0.0,0.0,0.0
10.0,4.22181109055453,0.0035451931030396,0.0035451931002226,0.999993715782033,0.999993715782033,49.41372230401208,0.0,49.976345431550016,0.0,45.5950681340105,0.0,45.30245649013335,0.0,0.0,0.0,0.0,0.0,0.0,0.0
10.0,4.22206110305515,0.003545230332594,0.0035452303297781,0.999993715650045,0.9999937156500448,49.41372229430919,0.0,49.976345289383694,0.0,45.59506813092285,0.0,45.30245643502772,0.0,0.0,0.0,0.0,0.0,0.0,0.0
10.0,4.22231111555578,0.00354526756393,0.0035452675611152,0.999993715518049,0.999993715518049,49.41372228460552,0.0,49.97634514965632,0.0,45.59506812783501,0.0,45.30245637991888,0.0,0.0,0.0,0.0,0.0,0.0,0.0
10.0,4.2225611280564,0.0035453047970474,0.0035453047942338,0.999993715386046,0.999993715386046,49.41372227490112,0.0,49.97634501244314,0.0,45.595068124746994,0.0,45.3024563248068,0.0,0.0,0.0,0.0,0.0,0.0,0.0
10.0,4.22281114055703,0.0035453420319463,0.0035453420291339,0.999993715254035,0.999993715254035,49.41372226519595,0.0,49.97634487782253,0.0,45.5950681216588,0.0,45.30245626969149,0.0,0.0,0.0,0.0,0.0,0.0,0.0
10.0,4.22306115305765,0.0035453792686266,0.0035453792658153,0.999993715122016,0.999993715122016,49.41372225549004,0.0,49.97634474587614,0.0,45.59506811857042,0.0,45.30245621457296,0.0,0.0,0.0,0.0,0.0,0.0,0.0
10.0,4.22331116555828,0.0035454165070882,0.003545416504278,0.99999371498999,0.99999371498999,49.41372224578335,0.0,49.97634461668903,0.0,45.59506811548184,0.0,45.3024561594512,0.0,0.0,0.0,0.0,0.0,0.0,0.0
10.0,4.2235611780589,0.003545453747331,0.003545453744522,0.999993714857956,0.999993714857956,49.41372223607592,0.0,49.97634449034994,0.0,45.595068112393086,0.0,45.3024561043262,0.0,0.0,0.0,0.0,0.0,0.0,0.0
10.0,4.22381119055953,0.003545490989355,0.0035454909865472,0.999993714725914,0.999993714725914,49.41372222636773,0.0,49.9763443669514,0.0,45.59506810930415,0.0,45.30245604919798,0.0,0.0,0.0,0.0,0.0,0.0,0.0
10.0,4.22406120306015,0.0035455282331602,0.0035455282303535,0.999993714593865,0.999993714593865,49.41372221665879,0.0,49.976344246589946,0.0,45.595068106215045,0.0,45.30245599406653,0.0,0.0,0.0,0.0,0.0,0.0,0.0
10.0,4.22431121556078,0.0035455654787464,0.0035455654759409,0.999993714461808,0.999993714461807,49.41372220694909,0.0,49.97634412936644,0.0,45.59506810312573,0.0,45.30245593893184,0.0,0.0,0.0,0.0,0.0,0.0,0.0
10.0,4.2245612280614,0.0035456027261137,0.0035456027233093,0.999993714329742,0.999993714329742,49.41372219723864,0.0,49.976344015386175,0.0,45.59506810003625,0.0,45.30245588379394,0.0,0.0,0.0,0.0,0.0,0.0,0.0
10.0,4.22481124056203,0.0035456399752619,0.0035456399724587,0.99999371419767,0.99999371419767,49.41372218752743,0.0,49.9763439047592,0.0,45.59506809694659,0.0,45.3024558286528,0.0,0.0,0.0,0.0,0.0,0.0,0.0
10.0,4.22506125306265,0.0035456772261909,0.0035456772233889,0.99999371406559,0.99999371406559,49.413722177815465,0.0,49.9763437976006,0.0,45.59506809385674,0.0,45.302455773508434,0.0,0.0,0.0,0.0,0.0,0.0,0.0
10.0,4.22531126556328,0.0035457144789008,0.0035457144760999,0.999993713933502,0.999993713933502,49.41372216810274,0.0,49.97634369403072,0.0,45.595068090766695,0.0,45.30245571836083,0.0,0.0,0.0,0.0,0.0,0.0,0.0
10.0,4.2255612780639,0.0035457517333915,0.0035457517305917,0.999993713801406,0.999993713801406,49.41372215838927,0.0,49.976343594175546,0.0,45.59506808767649,0.0,45.30245566321,0.0,0.0,0.0,0.0,0.0,0.0,0.0
10.0,4.22581129056453,0.0035457889896628,0.0035457889868642,0.999993713669303,0.999993713669303,49.41372214867504,0.0,49.97634349816701,0.0,45.59506808458608,0.0,45.30245560805596,0.0,0.0,0.0,0.0,0.0,0.0,0.0
10.0,4.22606130306515,0.0035458262477148,0.0035458262449173,0.999993713537191,0.999993713537191,49.41372213896006,0.0,49.97634340614331,0.0,45.5950680814955,0.0,45.30245555289868,0.0,0.0,0.0,0.0,0.0,0.0,0.0
10.0,4.22631131556578,0.0035458635075474,0.003545863504751,0.999993713405073,0.999993713405072,49.41372212924432,0.0,49.97634331824935,0.0,45.595068078404736,0.0,45.302455497738165,0.0,0.0,0.0,0.0,0.0,0.0,0.0
10.0,4.2265613280664,0.0035459007691604,0.0035459007663652,0.999993713272946,0.999993713272946,49.41372211952783,0.0,49.97634323463709,0.0,45.59506807531378,0.0,45.30245544257442,0.0,0.0,0.0,0.0,0.0,0.0,0.0
10.0,4.22681134056703,0.0035459380325539,0.0035459380297599,0.999993713140812,0.999993713140812,49.41372210981057,0.0,49.97634315546605,0.0,45.59506807222265,0.0,45.302455387407456,0.0,0.0,0.0,0.0,0.0,0.0,0.0
10.0,4.22706135306765,0.0035459752977279,0.0035459752949349,0.99999371300867,0.99999371300867,49.41372210009256,0.0,49.976343080903696,0.0,45.59506806913134,0.0,45.30245533223725,0.0,0.0,0.0,0.0,0.0,0.0,0.0
10.0,4.22731136556828,0.0035460125646821,0.0035460125618903,0.999993712876521,0.9999937128765212,49.4137220903738,0.0,49.97634301112603,0.0,45.59506806603984,0.0,45.30245527706383,0.0,0.0,0.0,0.0,0.0,0.0,0.0
10.0,4.2275613780689,0.0035460498334166,0.0035460498306259,0.999993712744363,0.9999937127443632,49.41372208065428,0.0,49.9763429463181,0.0,45.59506806294815,0.0,45.30245522188717,0.0,0.0,0.0,0.0,0.0,0.0,0.0
10.0,4.22781139056953,0.0035460871039313,0.0035460871011418,0.999993712612198,0.999993712612198,49.41372207093401,0.0,49.97634288667455,0.0,45.59506805985629,0.0,45.30245516670729,0.0,0.0,0.0,0.0,0.0,0.0,0.0
10.0,4.22806140307015,0.0035461243762261,0.0035461243734377,0.999993712480025,0.999993712480025,49.41372206121299,0.0,49.97634283240035,0.0,45.59506805676424,0.0,45.302455111524175,0.0,0.0,0.0,0.0,0.0,0.0,0.0
10.0,4.22831141557078,0.0035461616503011,0.0035461616475138,0.999993712347845,0.999993712347845,49.4137220514912,0.0,49.97634278371139,0.0,45.59506805367201,0.0,45.30245505633784,0.0,0.0,0.0,0.0,0.0,0.0,0.0
10.0,4.2285614280714,0.003546198926156,0.0035461989233699,0.999993712215657,0.999993712215657,49.41372204176865,0.0,49.97634274083527,0.0,45.59506805057959,0.0,45.30245500114826,0.0,0.0,0.0,0.0,0.0,0.0,0.0
10.0,4.22881144057203,0.0035462362037909,0.0035462362010059,0.9999937120834612,0.9999937120834612,49.41372203204536,0.0,49.97634270401208,0.0,45.59506804748699,0.0,45.30245494595546,0.0,0.0,0.0,0.0,0.0,0.0,0.0
10.0,4.22906145307265,0.0035462734832057,0.0035462734804218,0.999993711951258,0.999993711951257,49.41372202232131,0.0,49.97634267349532,0.0,45.59506804439421,0.0,45.30245489075943,0.0,0.0,0.0,0.0,0.0,0.0,0.0
10.0,4.22931146557328,0.0035463107644003,0.0035463107616176,0.9999937118190458,0.999993711819046,49.41372201259651,0.0,49.97634264955276,0.0,45.595068041301246,0.0,45.30245483556017,0.0,0.0,0.0,0.0,0.0,0.0,0.0
10.0,4.2295614780739,0.0035463480473747,0.0035463480445931,0.9999937116868272,0.9999937116868272,49.41372200287094,0.0,49.97634263246755,0.0,45.595068038208105,0.0,45.302454780357685,0.0,0.0,0.0,0.0,0.0,0.0,0.0
10.0,4.22981149057453,0.0035463853321288,0.0035463853293483,0.999993711554601,0.9999937115546,49.41372199314462,0.0,49.97634262253927,0.0,45.59506803511477,0.0,45.30245472515197,0.0,0.0,0.0,0.0,0.0,0.0,0.0
10.0,4.23006150307515,0.0035464226186626,0.0035464226158832,0.999993711422366,0.999993711422366,49.41372198341755,0.0,49.97634262008519,0.0,45.59506803202125,0.0,45.30245466994303,0.0,0.0,0.0,0.0,0.0,0.0,0.0
10.0,4.23031151557578,0.0035464599069759,0.0035464599041977,0.999993711290124,0.999993711290124,49.41372197368972,0.0,49.97634262544157,0.0,45.59506802892756,0.0,45.302454614730856,0.0,0.0,0.0,0.0,0.0,0.0,0.0
10.0,4.2305615280764,0.0035464971970688,0.0035464971942916,0.9999937111578748,0.999993711157874,49.41372196396113,0.0,49.9763426389651,0.0,45.59506802583368,0.0,45.30245455951545,0.0,0.0,0.0,0.0,0.0,0.0,0.0
10.0,4.23081154057703,0.0035465344889411,0.0035465344861651,0.999993711025617,0.999993711025617,49.4137219542318,0.0,49.97634266103449,0.0,45.59506802273962,0.0,45.30245450429682,0.0,0.0,0.0,0.0,0.0,0.0,0.0
10.0,4.23106155307765,0.0035465717825928,0.0035465717798179,0.999993710893352,0.999993710893352,49.413721944501695,0.0,49.97634269205216,0.0,45.59506801964537,0.0,45.30245444907496,0.0,0.0,0.0,0.0,0.0,0.0,0.0
10.0,4.23131156557828,0.0035466090780239,0.0035466090752501,0.999993710761079,0.999993710761079,49.41372193477084,0.0,49.97634273244621,0.0,45.59506801655094,0.0,45.30245439384986,0.0,0.0,0.0,0.0,0.0,0.0,0.0
10.0,4.2315615780789,0.0035466463752342,0.0035466463724616,0.999993710628799,0.999993710628799,49.41372192503924,0.0,49.9763427826724,0.0,45.59506801345633,0.0,45.30245433862156,0.0,0.0,0.0,0.0,0.0,0.0,0.0
10.0,4.23181159057953,0.0035466836742238,0.0035466836714522,0.99999371049651,0.99999371049651,49.41372191530687,0.0,49.97634284321646,0.0,45.59506801036153,0.0,45.302454283390006,0.0,0.0,0.0,0.0,0.0,0.0,0.0
10.0,4.23206160308015,0.0035467209749925,0.003546720972222,0.999993710364214,0.999993710364214,49.41372190557375,0.0,49.97634291459664,0.0,45.59506800726655,0.0,45.302454228155234,0.0,0.0,0.0,0.0,0.0,0.0,0.0
10.0,4.23231161558078,0.0035467582775403,0.0035467582747709,0.999993710231911,0.999993710231911,49.41372189583987,0.0,49.97634299736639,0.0,45.59506800417139,0.0,45.30245417291723,0.0,0.0,0.0,0.0,0.0,0.0,0.0
10.0,4.2325616280814,0.0035467955818671,0.0035467955790989,0.999993710099599,0.9999937100995988,49.41372188610524,0.0,49.97634309211748,0.0,45.59506800107604,0.0,45.30245411767599,0.0,0.0,0.0,0.0,0.0,0.0,0.0
10.0,4.23281164058203,0.0035468328879729,0.0035468328852058,0.99999370996728,0.99999370996728,49.413721876369856,0.0,49.97634319948337,0.0,45.59506799798051,0.0,45.302454062431536,0.0,0.0,0.0,0.0,0.0,0.0,0.0
10.0,4.23306165308265,0.0035468701958576,0.0035468701930916,0.999993709834954,0.999993709834954,49.41372186663371,0.0,49.97634332014282,0.0,45.5950679948848,0.0,45.30245400718385,0.0,0.0,0.0,0.0,0.0,0.0,0.0
10.0,4.23331166558328,0.0035469075055211,0.0035469075027562,0.999993709702619,0.999993709702619,49.4137218568968,0.0,49.97634345482422,0.0,45.5950679917889,0.0,45.302453951932925,0.0,0.0,0.0,0.0,0.0,0.0,0.0
10.0,4.2335616780839,0.0035469448169634,0.0035469448141996,0.9999937095702768,0.9999937095702768,49.41372184715915,0.0,49.97634360431004,0.0,45.595067988692826,0.0,45.302453896678784,0.0,0.0,0.0,0.0,0.0,0.0,0.0
10.0,4.23381169058453,0.0035469821301845,0.0035469821274218,0.999993709437927,0.999993709437927,49.41372183742074,0.0,49.97634376944205,0.0,45.59506798559656,0.0,45.3024538414214,0.0,0.0,0.0,0.0,0.0,0.0,0.0
10.0,4.23406170308515,0.0035470194451842,0.0035470194424226,0.999993709305569,0.999993709305569,49.41372182768156,0.0,49.97634395112697,0.0,45.59506798250012,0.0,45.3024537861608,0.0,0.0,0.0,0.0,0.0,0.0,0.0
10.0,4.23431171558578,0.0035470567619625,0.003547056759202,0.999993709173204,0.9999937091732038,49.41372181794165,0.0,49.9763441503429,0.0,45.59506797940349,0.0,45.30245373089697,0.0,0.0,0.0,0.0,0.0,0.0,0.0
10.0,4.2345617280864,0.0035470940805193,0.0035470940777599,0.999993709040831,0.999993709040831,49.41372180820097,0.0,49.9763443681465,0.0,45.59506797630667,0.0,45.3024536756299,0.0,0.0,0.0,0.0,0.0,0.0,0.0
10.0,4.23481174058703,0.0035471314008546,0.0035471313980963,0.999993708908451,0.99999370890845,49.41372179845953,0.0,49.97634460568096,0.0,45.59506797320968,0.0,45.302453620359614,0.0,0.0,0.0,0.0,0.0,0.0,0.0
10.0,4.23506175308765,0.0035471687229683,0.0035471687202111,0.999993708776062,0.999993708776062,49.41372178871733,0.0,49.97634486418514,0.0,45.5950679701125,0.0,45.30245356508609,0.0,0.0,0.0,0.0,0.0,0.0,0.0
10.0,4.23531176558828,0.0035472060468603,0.0035472060441042,0.999993708643666,0.999993708643666,49.41372177897439,0.0,49.976345145003776,0.0,45.59506796701514,0.0,45.30245350980934,0.0,0.0,0.0,0.0,0.0,0.0,0.0
10.0,4.2355617780889,0.0035472433725307,0.0035472433697757,0.999993708511262,0.999993708511262,49.41372176923068,0.0,49.97634544959894,0.0,45.59506796391759,0.0,45.30245345452937,0.0,0.0,0.0,0.0,0.0,0.0,0.0
10.0,4.23581179058953,0.0035472806999792,0.0035472806972253,0.999993708378851,0.999993708378851,49.41372175948622,0.0,49.97634577956324,0.0,45.59506796081987,0.0,45.30245339924616,0.0,0.0,0.0,0.0,0.0,0.0,0.0
10.0,4.23606180309015,0.003547318029206,0.0035473180264531,0.999993708246432,0.999993708246431,49.413721749741,0.0,49.97634613663466,0.0,45.59506795772196,0.0,45.30245334395973,0.0,0.0,0.0,0.0,0.0,0.0,0.0
10.0,4.23631181559078,0.0035473553602108,0.0035473553574591,0.9999937081140052,0.999993708114004,49.41372173999503,0.0,49.97634652271358,0.0,45.595067954623865,0.0,45.30245328867007,0.0,0.0,0.0,0.0,0.0,0.0,0.0
10.0,4.2365618280914,0.0035473926929937,0.003547392690243,0.99999370798157,0.99999370798157,49.4137217302483,0.0,49.976346939882106,0.0,45.59506795152559,0.0,45.30245323337717,0.0,0.0,0.0,0.0,0.0,0.0,0.0
10.0,4.23681184059203,0.0035474300275545,0.003547430024805,0.999993707849128,0.999993707849127,49.41372172050082,0.0,49.97634739042645,0.0,45.59506794842713,0.0,45.30245317808105,0.0,0.0,0.0,0.0,0.0,0.0,0.0
10.0,4.23706185309265,0.0035474673638933,0.0035474673611448,0.999993707716678,0.999993707716678,49.41372171075257,0.0,49.97634787686247,0.0,45.595067945328495,0.0,45.302453122781706,0.0,0.0,0.0,0.0,0.0,0.0,0.0
10.0,4.23731186559328,0.0035475047020099,0.0035475046992625,0.99999370758422,0.99999370758422,49.41372170100357,0.0,49.97634840196529,0.0,45.595067942229655,0.0,45.302453067479135,0.0,0.0,0.0,0.0,0.0,0.0,0.0
10.0,4.2375618780939,0.0035475420419043,0.003547542039158,0.9999937074517548,0.999993707451754,49.41372169125382,0.0,49.97634896880355,0.0,45.59506793913065,0.0,45.30245301217333,0.0,0.0,0.0,0.0,0.0,0.0,0.0
10.0,4.23781189059453,0.0035475793835765,0.0035475793808312,0.999993707319282,0.999993707319281,49.41372168150331,0.0,49.97634958077932,0.0,45.595067936031455,0.0,45.302452956864286,0.0,0.0,0.0,0.0,0.0,0.0,0.0
10.0,4.23806190309516,0.0035476167270263,0.0035476167242821,0.9999937071868,0.9999937071868,49.41372167175204,0.0,49.97635024167461,0.0,45.59506793293209,0.0,45.30245290155202,0.0,0.0,0.0,0.0,0.0,0.0,0.0
10.0,4.23831191559578,0.0035476540722537,0.0035476540695106,0.999993707054312,0.999993707054312,49.413721662000015,0.0,49.97635095570594,0.0,45.59506792983253,0.0,45.30245284623653,0.0,0.0,0.0,0.0,0.0,0.0,0.0
10.0,4.2385619280964,0.0035476914192586,0.0035476914165167,0.999993706921816,0.999993706921816,49.41372165224723,0.0,49.976351727588565,0.0,45.59506792673277,0.0,45.30245279091781,0.0,0.0,0.0,0.0,0.0,0.0,0.0
10.0,4.23881194059703,0.0035477287680411,0.0035477287653002,0.999993706789312,0.999993706789312,49.4137216424937,0.0,49.97635256261251,0.0,45.59506792363285,0.0,45.30245273559586,0.0,0.0,0.0,0.0,0.0,0.0,0.0
10.0,4.23906195309765,0.0035477661186009,0.0035477661158611,0.9999937066568,0.9999937066568,49.4137216327394,0.0,49.97635346673288,0.0,45.59506792053274,0.0,45.30245268027069,0.0,0.0,0.0,0.0,0.0,0.0,0.0
10.0,4.23931196559828,0.0035478034709382,0.0035478034681994,0.999993706524281,0.999993706524281,49.41372162298436,0.0,49.97635444667773,0.0,45.59506791743245,0.0,45.30245262494228,0.0,0.0,0.0,0.0,0.0,0.0,0.0
10.0,4.2395619780989,0.0035478408250527,0.003547840822315,0.999993706391754,0.999993706391754,49.41372161322855,0.0,49.97635551007773,0.0,45.59506791433199,0.0,45.30245256961064,0.0,0.0,0.0,0.0,0.0,0.0,0.0
10.0,4.23981199059953,0.0035478781809444,0.0035478781782078,0.999993706259219,0.999993706259219,49.41372160347199,0.0,49.97635666562278,0.0,45.595067911231325,0.0,45.30245251427578,0.0,0.0,0.0,0.0,0.0,0.0,0.0
10.0,4.24006200310015,0.0035479155386134,0.0035479155358778,0.999993706126677,0.999993706126677,49.41372159371467,0.0,49.97635792325238,0.0,45.59506790813048,0.0,45.30245245893769,0.0,0.0,0.0,0.0,0.0,0.0,0.0
10.0,4.24031201560078,0.0035479528980594,0.0035479528953249,0.9999937059941272,0.9999937059941272,49.41372158395659,0.0,49.97635929438864,0.0,45.59506790502946,0.0,45.30245240359637,0.0,0.0,0.0,0.0,0.0,0.0,0.0
10.0,4.24056202810141,0.0035479902592825,0.0035479902565491,0.999993705861569,0.999993705861569,49.41372157419776,0.0,49.976360792223424,0.0,45.595067901928246,0.0,45.30245234825181,0.0,0.0,0.0,0.0,0.0,0.0,0.0
10.0,4.24081204060203,0.0035480276222826,0.0035480276195502,0.999993705729003,0.999993705729003,49.41372156443816,0.0,49.976362432074914,0.0,45.595067898826855,0.0,45.30245229290404,0.0,0.0,0.0,0.0,0.0,0.0,0.0
10.0,4.24106205310266,0.0035480649870596,0.0035480649843283,0.99999370559643,0.99999370559643,49.41372155467782,0.0,49.976364231834026,0.0,45.595067895725286,0.0,45.30245223755304,0.0,0.0,0.0,0.0,0.0,0.0,0.0
10.0,4.24131206560328,0.0035481023536134,0.0035481023508832,0.999993705463849,0.9999937054638492,49.413721544916726,0.0,49.97636621252819,0.0,45.59506789262353,0.0,45.3024521821988,0.0,0.0,0.0,0.0,0.0,0.0,0.0
10.0,4.24156207810391,0.0035481397219441,0.003548139719215,0.9999937053312608,0.9999937053312608,49.413721535154856,0.0,49.97636839904021,0.0,45.59506788952159,0.0,45.30245212684134,0.0,0.0,0.0,0.0,0.0,0.0,0.0
10.0,4.24181209060453,0.0035481770920515,0.0035481770893234,0.9999937051986642,0.999993705198664,49.41372152539225,0.0,49.97637082103428,0.0,45.59506788641946,0.0,45.30245207148064,0.0,0.0,0.0,0.0,0.0,0.0,0.0
10.0,4.24206210310516,0.0035482144639356,0.0035482144612086,0.99999370506606,0.99999370506606,49.41372151562887,0.0,49.97637351416245,0.0,45.59506788331716,0.0,45.30245201611672,0.0,0.0,0.0,0.0,0.0,0.0,0.0
10.0,4.24231211560578,0.0035482518375963,0.0035482518348704,0.9999937049334487,0.999993704933448,49.41372150586474,0.0,49.976376521655766,0.0,45.59506788021466,0.0,45.30245196074958,0.0,0.0,0.0,0.0,0.0,0.0,0.0
10.0,4.2425621281064,0.0035482892130336,0.0035482892103087,0.999993704800829,0.999993704800829,49.41372149609986,0.0,49.97637989645121,0.0,45.595067877112,0.0,45.3024519053792,0.0,0.0,0.0,0.0,0.0,0.0,0.0
10.0,4.24281214060703,0.0035483265902473,0.0035483265875235,0.999993704668202,0.999993704668202,49.41372148633421,0.0,49.976383704077634,0.0,45.59506787400913,0.0,45.3024518500056,0.0,0.0,0.0,0.0,0.0,0.0,0.0
10.0,4.24306215310766,0.0035483639692375,0.0035483639665147,0.999993704535567,0.9999937045355668,49.413721476567815,0.0,49.97638802663637,0.0,45.59506787090611,0.0,45.30245179462876,0.0,0.0,0.0,0.0,0.0,0.0,0.0
10.0,4.24331216560828,0.0035484013500041,0.0035484013472823,0.999993704402924,0.999993704402925,49.41372146680066,0.0,49.976392968393945,0.0,45.59506786780288,0.0,45.3024517392487,0.0,0.0,0.0,0.0,0.0,0.0,0.0
10.0,4.24356217810891,0.0035484387325469,0.0035484387298263,0.999993704270274,0.999993704270274,49.41372145703274,0.0,49.97639866380345,0.0,45.595067864699466,0.0,45.3024516838654,0.0,0.0,0.0,0.0,0.0,0.0,0.0
10.0,4.24381219060953,0.003548476116866,0.0035484761141464,0.999993704137617,0.999993704137616,49.41372144726408,0.0,49.9764052892812,0.0,45.595067861595886,0.0,45.30245162847888,0.0,0.0,0.0,0.0,0.0,0.0,0.0
10.0,4.24406220311016,0.0035485135029613,0.0035485135002428,0.999993704004951,0.999993704004951,49.41372143749465,0.0,49.97641308096325,0.0,45.59506785849211,0.0,45.30245157308914,0.0,0.0,0.0,0.0,0.0,0.0,0.0
10.0,4.24431221561078,0.0035485508908327,0.0035485508881152,0.999993703872277,0.999993703872277,49.41372142772447,0.0,49.97642236231185,0.0,45.59506785538815,0.0,45.30245151769616,0.0,0.0,0.0,0.0,0.0,0.0,0.0
10.0,4.24456222811141,0.0035485882804802,0.0035485882777638,0.999993703739597,0.999993703739596,49.413721417953525,0.0,49.9764335885957,0.0,45.59506785228402,0.0,45.30245146229996,0.0,0.0,0.0,0.0,0.0,0.0,0.0
10.0,4.24481224061203,0.0035486256719037,0.0035486256691883,0.999993703606908,0.9999937036069068,49.41372140818183,0.0,49.97644742164172,0.0,45.5950678491797,0.0,45.30245140690052,0.0,0.0,0.0,0.0,0.0,0.0,0.0
10.0,4.24506225311266,0.0035486630651031,0.0035486630623887,0.999993703474211,0.999993703474211,49.41372139840937,0.0,49.97646486196842,0.0,45.5950678460752,0.0,45.30245135149786,0.0,0.0,0.0,0.0,0.0,0.0,0.0
10.0,4.24531226561328,0.0035487004600784,0.0035487004573651,0.999993703341507,0.999993703341507,49.41372138863616,0.0,49.976487497229,0.0,45.59506784297051,0.0,45.30245129609196,0.0,0.0,0.0,0.0,0.0,0.0,0.0
10.0,4.24556227811391,0.0035487378568295,0.0035487378541172,0.9999937032087948,0.9999937032087948,49.41372137886219,0.0,49.97651800694545,0.0,45.59506783986564,0.0,45.30245124068285,0.0,0.0,0.0,0.0,0.0,0.0,0.0
10.0,4.24581229061453,0.0035487752553563,0.0035487752526451,0.999993703076076,0.999993703076076,49.41372136908747,0.0,49.97656129602754,0.0,45.59506783676058,0.0,45.3024511852705,0.0,0.0,0.0,0.0,0.0,0.0,0.0
10.0,4.24606230311516,0.0035488126556588,0.0035488126529487,0.999993702943348,0.999993702943348,49.41372135931199,0.0,49.97662741042447,0.0,45.59506783365534,0.0,45.30245112985492,0.0,0.0,0.0,0.0,0.0,0.0,0.0
10.0,4.24631231561578,0.003548850057737,0.0035488500550279,0.9999937028106128,0.9999937028106128,49.41372134953575,0.0,49.97674066448754,0.0,45.59506783054992,0.0,45.30245107443612,0.0,0.0,0.0,0.0,0.0,0.0,0.0
10.0,4.24656232811641,0.0035488874615907,0.0035488874588826,0.999993702677871,0.999993702677871,49.41372133975875,0.0,49.97697892019045,0.0,45.595067827444325,0.0,45.302451019014086,0.0,0.0,0.0,0.0,0.0,0.0,0.0
10.0,4.24681234061703,0.00354892486722,0.0035489248645129,0.999993702545121,0.99999370254512,49.413721329980994,0.0,49.97780158554067,0.0,45.595067824338535,0.0,45.30245096358883,0.0,0.0,0.0,0.0,0.0,0.0,0.0
10.0,4.24706235311766,0.0035489622746246,0.0035489622719186,0.999993702412362,0.999993702412362,49.41372132020248,0.0,49.96966578849878,0.0,45.59506782123256,0.0,45.302450908160345,0.0,0.0,0.0,0.0,0.0,0.0,0.0
10.0,4.24731236561828,0.0035489996838047,0.0035489996810997,0.999993702279597,0.999993702279597,49.41372131042322,0.0,49.97527567980251,0.0,45.59506781812642,0.0,45.30245085272863,0.0,0.0,0.0,0.0,0.0,0.0,0.0
10.0,4.24756237811891,0.0035490370947601,0.0035490370920561,0.9999937021468228,0.9999937021468228,49.4137213006432,0.0,49.9757474097449,0.0,45.59506781502008,0.0,45.30245079729367,0.0,0.0,0.0,0.0,0.0,0.0,0.0
10.0,4.24781239061953,0.0035490745074907,0.0035490745047878,0.999993702014042,0.999993702014042,49.413721290862405,0.0,49.97592263452746,0.0,45.59506781191356,0.0,45.3024507418555,0.0,0.0,0.0,0.0,0.0,0.0,0.0
10.0,4.24806240312016,0.0035491119219965,0.0035491119192946,0.999993701881253,0.9999937018812532,49.41372128108088,0.0,49.97601396760314,0.0,45.59506780880685,0.0,45.3024506864141,0.0,0.0,0.0,0.0,0.0,0.0,0.0
10.0,4.24831241562078,0.0035491493382775,0.0035491493355766,0.999993701748456,0.999993701748457,49.41372127129858,0.0,49.97606996001481,0.0,45.595067805699976,0.0,45.302450630969474,0.0,0.0,0.0,0.0,0.0,0.0,0.0
10.0,4.24856242812141,0.0035491867563335,0.0035491867536337,0.999993701615652,0.999993701615652,49.413721261515526,0.0,49.97610775709322,0.0,45.5950678025929,0.0,45.30245057552161,0.0,0.0,0.0,0.0,0.0,0.0,0.0
10.0,4.24881244062203,0.0035492241761645,0.0035492241734657,0.99999370148284,0.99999370148284,49.41372125173172,0.0,49.97613495740081,0.0,45.59506779948565,0.0,45.30245052007052,0.0,0.0,0.0,0.0,0.0,0.0,0.0
10.0,4.24906245312266,0.0035492615977705,0.0035492615950727,0.9999937013500207,0.9999937013500207,49.41372124194715,0.0,49.976155445511154,0.0,45.59506779637822,0.0,45.30245046461621,0.0,0.0,0.0,0.0,0.0,0.0,0.0
10.0,4.24931246562328,0.0035492990211514,0.0035492990184546,0.999993701217193,0.999993701217193,49.41372123216183,0.0,49.97617141405905,0.0,45.5950677932706,0.0,45.30245040915866,0.0,0.0,0.0,0.0,0.0,0.0,0.0
10.0,4.24956247812391,0.0035493364463071,0.0035493364436113,0.999993701084358,0.999993701084358,49.41372122237574,0.0,49.97618419444803,0.0,45.5950677901628,0.0,45.302450353697886,0.0,0.0,0.0,0.0,0.0,0.0,0.0
10.0,4.24981249062453,0.0035493738732375,0.0035493738705428,0.999993700951516,0.999993700951515,49.4137212125889,0.0,49.97619464188824,0.0,45.59506778705481,0.0,45.302450298233886,0.0,0.0,0.0,0.0,0.0,0.0,0.0
10.0,4.25006250312516,0.0035494113019427,0.003549411299249,0.9999937008186652,0.999993700818665,49.413721202801305,0.0,49.9762033308184,0.0,45.595067783946654,0.0,45.30245024276666,0.0,0.0,0.0,0.0,0.0,0.0,0.0
10.0,4.25031251562578,0.0035494487324225,0.0035494487297298,0.9999937006858068,0.9999937006858068,49.41372119301295,0.0,49.97621066138998,0.0,45.5950677808383,0.0,45.3024501872962,0.0,0.0,0.0,0.0,0.0,0.0,0.0
10.0,4.25056252812641,0.0035494861646768,0.0035494861619852,0.9999937005529408,0.9999937005529408,49.41372118322384,0.0,49.97621692090635,0.0,45.59506777772976,0.0,45.30245013182251,0.0,0.0,0.0,0.0,0.0,0.0,0.0
10.0,4.25081254062703,0.0035495235987057,0.0035495235960151,0.9999937004200667,0.9999937004200667,49.41372117343396,0.0,49.97622232098365,0.0,45.59506777462104,0.0,45.30245007634559,0.0,0.0,0.0,0.0,0.0,0.0,0.0
10.0,4.25106255312766,0.003549561034509,0.0035495610318194,0.999993700287186,0.999993700287186,49.41372116364334,0.0,49.97622702093461,0.0,45.59506777151215,0.0,45.30245002086546,0.0,0.0,0.0,0.0,0.0,0.0,0.0
10.0,4.25131256562828,0.0035495984720868,0.0035495984693981,0.9999937001542972,0.999993700154297,49.41372115385197,0.0,49.97623114298735,0.0,45.595067768403055,0.0,45.30244996538209,0.0,0.0,0.0,0.0,0.0,0.0,0.0
10.0,4.25156257812891,0.0035496359114388,0.0035496359087512,0.999993700021401,0.9999937000214,49.41372114405981,0.0,49.97623478248261,0.0,45.5950677652938,0.0,45.302449909895486,0.0,0.0,0.0,0.0,0.0,0.0,0.0
10.0,4.25181259062953,0.0035496733525651,0.0035496733498785,0.999993699888496,0.999993699888496,49.41372113426692,0.0,49.97623801488168,0.0,45.59506776218435,0.0,45.30244985440566,0.0,0.0,0.0,0.0,0.0,0.0,0.0
10.0,4.25206260313016,0.0035497107954656,0.0035497107927801,0.999993699755584,0.999993699755584,49.413721124473255,0.0,49.9762409006909,0.0,45.59506775907472,0.0,45.3024497989126,0.0,0.0,0.0,0.0,0.0,0.0,0.0
10.0,4.25231261563078,0.0035497482401403,0.0035497482374557,0.999993699622664,0.999993699622664,49.41372111467884,0.0,49.97624348899159,0.0,45.595067755964905,0.0,45.302449743416325,0.0,0.0,0.0,0.0,0.0,0.0,0.0
10.0,4.25256262813141,0.003549785686589,0.0035497856839055,0.999993699489737,0.999993699489737,49.41372110488367,0.0,49.976245820015066,0.0,45.59506775285491,0.0,45.30244968791681,0.0,0.0,0.0,0.0,0.0,0.0,0.0
10.0,4.25281264063203,0.0035498231348118,0.0035498231321293,0.999993699356802,0.999993699356801,49.41372109508775,0.0,49.97624792705138,0.0,45.59506774974472,0.0,45.30244963241407,0.0,0.0,0.0,0.0,0.0,0.0,0.0
10.0,4.25306265313266,0.0035498605848085,0.003549860582127,0.9999936992238592,0.999993699223859,49.41372108529106,0.0,49.97624983788437,0.0,45.59506774663436,0.0,45.3024495769081,0.0,0.0,0.0,0.0,0.0,0.0,0.0
10.0,4.25331266563328,0.0035498980365791,0.0035498980338986,0.999993699090908,0.999993699090908,49.41372107549362,0.0,49.97625157588488,0.0,45.595067743523806,0.0,45.3024495213989,0.0,0.0,0.0,0.0,0.0,0.0,0.0
10.0,4.25356267813391,0.0035499354901236,0.003549935487444,0.99999369895795,0.99999369895795,49.41372106569541,0.0,49.97625316085349,0.0,45.59506774041308,0.0,45.30244946588648,0.0,0.0,0.0,0.0,0.0,0.0,0.0
10.0,4.25381269063453,0.0035499729454418,0.0035499729427633,0.999993698824984,0.999993698824984,49.41372105589645,0.0,49.97625460967717,0.0,45.595067737302166,0.0,45.302449410370826,0.0,0.0,0.0,0.0,0.0,0.0,0.0
10.0,4.25406270313516,0.0035500104025337,0.0035500103998562,0.9999936986920102,0.9999936986920102,49.41372104609674,0.0,49.976255936846194,0.0,45.59506773419106,0.0,45.30244935485194,0.0,0.0,0.0,0.0,0.0,0.0,0.0
10.0,4.25431271563578,0.0035500478613993,0.0035500478587228,0.999993698559029,0.999993698559029,49.41372103629626,0.0,49.976257154864776,0.0,45.595067731079794,0.0,45.30244929932984,0.0,0.0,0.0,0.0,0.0,0.0,0.0
10.0,4.25456272813641,0.0035500853220385,0.0035500853193629,0.99999369842604,0.99999369842604,49.41372102649503,0.0,49.976258274580026,0.0,45.59506772796832,0.0,45.302449243804496,0.0,0.0,0.0,0.0,0.0,0.0,0.0
10.0,4.25481274063703,0.0035501227844512,0.0035501227817766,0.999993698293043,0.999993698293043,49.41372101669304,0.0,49.97625930544768,0.0,45.59506772485668,0.0,45.30244918827593,0.0,0.0,0.0,0.0,0.0,0.0,0.0
10.0,4.25506275313766,0.0035501602486373,0.0035501602459637,0.999993698160039,0.999993698160038,49.41372100689029,0.0,49.97626025574827,0.0,45.59506772174485,0.0,45.30244913274414,0.0,0.0,0.0,0.0,0.0,0.0,0.0
10.0,4.25531276563828,0.0035501977145969,0.0035501977119243,0.999993698027026,0.999993698027026,49.413720997086784,0.0,49.97626113276417,0.0,45.59506771863283,0.0,45.30244907720912,0.0,0.0,0.0,0.0,0.0,0.0,0.0
10.0,4.25556277813891,0.0035502351823297,0.0035502351796582,0.999993697894006,0.999993697894006,49.41372098728253,0.0,49.9762619429256,0.0,45.59506771552064,0.0,45.30244902167087,0.0,0.0,0.0,0.0,0.0,0.0,0.0
10.0,4.25581279063953,0.0035502726518359,0.0035502726491653,0.999993697760979,0.999993697760979,49.4137209774775,0.0,49.97626269193176,0.0,45.59506771240826,0.0,45.30244896612939,0.0,0.0,0.0,0.0,0.0,0.0,0.0
10.0,4.25606280314016,0.0035503101231153,0.0035503101204457,0.999993697627944,0.999993697627943,49.41372096767172,0.0,49.9762633848518,0.0,45.5950677092957,0.0,45.30244891058467,0.0,0.0,0.0,0.0,0.0,0.0,0.0
10.0,4.25631281564078,0.0035503475961678,0.0035503475934992,0.999993697494901,0.999993697494901,49.4137209578652,0.0,49.97626402620956,0.0,45.59506770618295,0.0,45.30244885503674,0.0,0.0,0.0,0.0,0.0,0.0,0.0
10.0,4.25656282814141,0.0035503850709934,0.0035503850683258,0.9999936973618498,0.99999369736185,49.41372094805789,0.0,49.97626462005499,0.0,45.59506770307002,0.0,45.30244879948558,0.0,0.0,0.0,0.0,0.0,0.0,0.0
10.0,4.25681284064203,0.0035504225475921,0.0035504225449254,0.999993697228792,0.9999936972287908,49.41372093824984,0.0,49.97626517002463,0.0,45.59506769995691,0.0,45.30244874393119,0.0,0.0,0.0,0.0,0.0,0.0,0.0
10.0,4.25706285314266,0.0035504600259637,0.003550460023298,0.999993697095726,0.999993697095725,49.41372092844103,0.0,49.97626567939295,0.0,45.595067696843614,0.0,45.30244868837357,0.0,0.0,0.0,0.0,0.0,0.0,0.0
10.0,4.25731286564328,0.0035504975061082,0.0035504975034435,0.999993696962652,0.999993696962652,49.41372091863146,0.0,49.97626615111648,0.0,45.595067693730144,0.0,45.30244863281272,0.0,0.0,0.0,0.0,0.0,0.0,0.0
10.0,4.25756287814391,0.0035505349880256,0.0035505349853619,0.9999936968295698,0.99999369682957,49.41372090882113,0.0,49.97626658787135,0.0,45.59506769061648,0.0,45.30244857724865,0.0,0.0,0.0,0.0,0.0,0.0,0.0
10.0,4.25781289064453,0.0035505724717157,0.003550572469053,0.999993696696481,0.999993696696481,49.41372089901005,0.0,49.9762669920858,0.0,45.59506768750264,0.0,45.30244852168134,0.0,0.0,0.0,0.0,0.0,0.0,0.0
10.0,4.25806290314516,0.0035506099571786,0.0035506099545169,0.999993696563384,0.999993696563384,49.41372088919822,0.0,49.97626736596827,0.0,45.59506768438861,0.0,45.3024484661108,0.0,0.0,0.0,0.0,0.0,0.0,0.0
10.0,4.25831291564578,0.0035506474444141,0.0035506474417534,0.99999369643028,0.999993696430279,49.41372087938561,0.0,49.97626771153168,0.0,45.5950676812744,0.0,45.302448410537046,0.0,0.0,0.0,0.0,0.0,0.0,0.0
10.0,4.25856292814641,0.0035506849334223,0.0035506849307625,0.999993696297167,0.999993696297167,49.41372086957225,0.0,49.97626803061458,0.0,45.59506767816,0.0,45.302448354960056,0.0,0.0,0.0,0.0,0.0,0.0,0.0
10.0,4.25881294064703,0.0035507224242029,0.0035507224215441,0.9999936961640472,0.999993696164047,49.413720859758136,0.0,49.97626832489972,0.0,45.59506767504543,0.0,45.30244829937985,0.0,0.0,0.0,0.0,0.0,0.0,0.0
10.0,4.25906295314766,0.003550759916756,0.0035507599140982,0.99999369603092,0.999993696030919,49.41372084994327,0.0,49.97626859593009,0.0,45.59506767193067,0.0,45.3024482437964,0.0,0.0,0.0,0.0,0.0,0.0,0.0
10.0,4.25931296564828,0.0035507974110816,0.0035507974084247,0.999993695897784,0.999993695897784,49.41372084012763,0.0,49.97626884512324,0.0,45.59506766881572,0.0,45.30244818820972,0.0,0.0,0.0,0.0,0.0,0.0,0.0
10.0,4.25956297814891,0.0035508349071795,0.0035508349045236,0.9999936957646413,0.9999936957646413,49.41372083031125,0.0,49.976269073783705,0.0,45.5950676657006,0.0,45.30244813261983,0.0,0.0,0.0,0.0,0.0,0.0,0.0
10.0,4.25981299064953,0.0035508724050497,0.0035508724023947,0.999993695631491,0.99999369563149,49.41372082049409,0.0,49.976269283114085,0.0,45.59506766258529,0.0,45.3024480770267,0.0,0.0,0.0,0.0,0.0,0.0,0.0
10.0,4.26006300315016,0.003550909904692,0.0035509099020381,0.999993695498332,0.999993695498332,49.41372081067619,0.0,49.97626947422477,0.0,45.5950676594698,0.0,45.30244802143034,0.0,0.0,0.0,0.0,0.0,0.0,0.0
10.0,4.26031301565078,0.0035509474061066,0.0035509474034536,0.999993695365166,0.999993695365166,49.413720800857526,0.0,49.97626964814268,0.0,45.59506765635412,0.0,45.30244796583076,0.0,0.0,0.0,0.0,0.0,0.0,0.0
10.0,4.26056302815141,0.0035509849092933,0.0035509849066412,0.999993695231992,0.999993695231992,49.413720791038095,0.0,49.9762698058189,0.0,45.59506765323827,0.0,45.30244791022795,0.0,0.0,0.0,0.0,0.0,0.0,0.0
10.0,4.26081304065203,0.003551022414252,0.0035510224116009,0.99999369509881,0.99999369509881,49.41372078121792,0.0,49.97626994813557,0.0,45.59506765012223,0.0,45.30244785462191,0.0,0.0,0.0,0.0,0.0,0.0,0.0
10.0,4.26106305315266,0.0035510599209827,0.0035510599183325,0.999993694965621,0.999993694965621,49.41372077139698,0.0,49.97627007591204,0.0,45.595067647006,0.0,45.30244779901263,0.0,0.0,0.0,0.0,0.0,0.0,0.0
10.0,4.26131306565328,0.0035510974294853,0.0035510974268361,0.999993694832424,0.999993694832424,49.41372076157528,0.0,49.97627018991033,0.0,45.59506764388959,0.0,45.302447743400144,0.0,0.0,0.0,0.0,0.0,0.0,0.0
10.0,4.26156307815391,0.0035511349397597,0.0035511349371115,0.9999936946992192,0.9999936946992192,49.413720751752834,0.0,49.976270290840105,0.0,45.59506764077301,0.0,45.302447687784415,0.0,0.0,0.0,0.0,0.0,0.0,0.0
10.0,4.26181309065453,0.0035511724518059,0.0035511724491587,0.9999936945660068,0.999993694566007,49.413720741929616,0.0,49.97627037936302,0.0,45.59506763765623,0.0,45.30244763216547,0.0,0.0,0.0,0.0,0.0,0.0,0.0
10.0,4.26206310315516,0.0035512099656239,0.0035512099629776,0.999993694432787,0.999993694432787,49.413720732105645,0.0,49.9762704560968,0.0,45.59506763453927,0.0,45.30244757654328,0.0,0.0,0.0,0.0,0.0,0.0,0.0
10.0,4.26231311565578,0.0035512474812135,0.0035512474785682,0.999993694299559,0.999993694299559,49.413720722280914,0.0,49.97627052161874,0.0,45.59506763142214,0.0,45.30244752091787,0.0,0.0,0.0,0.0,0.0,0.0,0.0
10.0,4.26256312815641,0.0035512849985748,0.0035512849959304,0.999993694166323,0.999993694166324,49.41372071245542,0.0,49.97627057646905,0.0,45.59506762830481,0.0,45.302447465289234,0.0,0.0,0.0,0.0,0.0,0.0,0.0
10.0,4.26281314065703,0.0035513225177076,0.0035513225150642,0.99999369403308,0.99999369403308,49.41372070262918,0.0,49.9762706211537,0.0,45.595067625187305,0.0,45.30244740965737,0.0,0.0,0.0,0.0,0.0,0.0,0.0
10.0,4.26306315315766,0.0035513600386118,0.0035513600359694,0.99999369389983,0.99999369389983,49.41372069280218,0.0,49.97627065614715,0.0,45.595067622069614,0.0,45.30244735402228,0.0,0.0,0.0,0.0,0.0,0.0,0.0
10.0,4.26331316565828,0.0035513975612875,0.003551397558646,0.9999936937665708,0.999993693766571,49.41372068297441,0.0,49.976270681894725,0.0,45.59506761895174,0.0,45.30244729838396,0.0,0.0,0.0,0.0,0.0,0.0,0.0
10.0,4.26356317815891,0.0035514350857346,0.003551435083094,0.999993693633305,0.999993693633305,49.413720673145896,0.0,49.97627069881487,0.0,45.595067615833685,0.0,45.30244724274241,0.0,0.0,0.0,0.0,0.0,0.0,0.0
10.0,4.26381319065953,0.0035514726119529,0.0035514726093133,0.9999936935000308,0.9999936935000308,49.41372066331661,0.0,49.97627070730107,0.0,45.59506761271545,0.0,45.302447187097634,0.0,0.0,0.0,0.0,0.0,0.0,0.0
10.0,4.26406320316016,0.0035515101399425,0.0035515101373038,0.999993693366749,0.999993693366749,49.41372065348657,0.0,49.97627070772376,0.0,45.595067609597024,0.0,45.30244713144963,0.0,0.0,0.0,0.0,0.0,0.0,0.0
10.0,4.26431321566078,0.0035515476697033,0.0035515476670655,0.99999369323346,0.99999369323346,49.41372064365577,0.0,49.976270700431954,0.0,45.59506760647842,0.0,45.3024470757984,0.0,0.0,0.0,0.0,0.0,0.0,0.0
10.0,4.26456322816141,0.0035515852012351,0.0035515851985983,0.999993693100163,0.999993693100162,49.41372063382421,0.0,49.97627068575476,0.0,45.59506760335964,0.0,45.30244702014394,0.0,0.0,0.0,0.0,0.0,0.0,0.0
10.0,4.26481324066203,0.003551622734538,0.0035516227319022,0.999993692966858,0.999993692966858,49.4137206239919,0.0,49.9762706640028,0.0,45.59506760024066,0.0,45.30244696448625,0.0,0.0,0.0,0.0,0.0,0.0,0.0
10.0,4.26506325316266,0.0035516602696119,0.003551660266977,0.999993692833545,0.9999936928335452,49.413720614158834,0.0,49.9762706354695,0.0,45.59506759712151,0.0,45.30244690882533,0.0,0.0,0.0,0.0,0.0,0.0,0.0
10.0,4.26531326566328,0.0035516978064568,0.0035516978038228,0.999993692700225,0.999993692700225,49.413720604325,0.0,49.97627060043221,0.0,45.595067594002174,0.0,45.30244685316119,0.0,0.0,0.0,0.0,0.0,0.0,0.0
10.0,4.26556327816391,0.0035517353450725,0.0035517353424394,0.999993692566897,0.999993692566897,49.413720594490414,0.0,49.97627055915337,0.0,45.59506759088265,0.0,45.302446797493815,0.0,0.0,0.0,0.0,0.0,0.0,0.0
10.0,4.26581329066453,0.0035517728854589,0.0035517728828269,0.999993692433562,0.999993692433562,49.41372058465506,0.0,49.97627051188142,0.0,45.59506758776294,0.0,45.30244674182322,0.0,0.0,0.0,0.0,0.0,0.0,0.0
10.0,4.26606330316516,0.0035518104276162,0.003551810424985,0.999993692300218,0.999993692300218,49.41372057481895,0.0,49.976270458851765,0.0,45.59506758464306,0.0,45.30244668614939,0.0,0.0,0.0,0.0,0.0,0.0,0.0
10.0,4.26631331566578,0.0035518479715441,0.0035518479689139,0.999993692166868,0.999993692166868,49.413720564982086,0.0,49.97627040028764,0.0,45.59506758152299,0.0,45.30244663047233,0.0,0.0,0.0,0.0,0.0,0.0,0.0
10.0,4.26656332816641,0.0035518855172426,0.0035518855146133,0.9999936920335089,0.9999936920335089,49.41372055514447,0.0,49.976270336400816,0.0,45.59506757840274,0.0,45.30244657479204,0.0,0.0,0.0,0.0,0.0,0.0,0.0
10.0,4.26681334066703,0.0035519230647117,0.0035519230620833,0.9999936919001432,0.9999936919001432,49.41372054530608,0.0,49.97627026739238,0.0,45.5950675752823,0.0,45.302446519108535,0.0,0.0,0.0,0.0,0.0,0.0,0.0
10.0,4.26706335316766,0.0035519606139512,0.0035519606113238,0.999993691766768,0.999993691766768,49.41372053546694,0.0,49.976270193453416,0.0,45.59506757216168,0.0,45.3024464634218,0.0,0.0,0.0,0.0,0.0,0.0,0.0
10.0,4.26731336566828,0.0035519981649612,0.0035519981623347,0.999993691633386,0.999993691633387,49.41372052562704,0.0,49.97627011476555,0.0,45.595067569040886,0.0,45.30244640773183,0.0,0.0,0.0,0.0,0.0,0.0,0.0
10.0,4.26756337816891,0.0035520357177416,0.003552035715116,0.999993691499997,0.999993691499997,49.4137205157864,0.0,49.9762700315016,0.0,45.5950675659199,0.0,45.30244635203864,0.0,0.0,0.0,0.0,0.0,0.0,0.0
10.0,4.26781339066953,0.0035520732722923,0.0035520732696676,0.9999936913666,0.9999936913666,49.41372050594497,0.0,49.97626994382605,0.0,45.59506756279873,0.0,45.30244629634221,0.0,0.0,0.0,0.0,0.0,0.0,0.0
10.0,4.26806340317016,0.0035521108286132,0.0035521108259895,0.999993691233195,0.999993691233195,49.4137204961028,0.0,49.97626985189559,0.0,45.59506755967738,0.0,45.30244624064256,0.0,0.0,0.0,0.0,0.0,0.0,0.0
10.0,4.26831341567078,0.0035521483867043,0.0035521483840815,0.999993691099783,0.999993691099782,49.41372048625986,0.0,49.97626975585954,0.0,45.59506755655585,0.0,45.30244618493968,0.0,0.0,0.0,0.0,0.0,0.0,0.0
10.0,4.26856342817141,0.0035521859465655,0.0035521859439437,0.999993690966362,0.999993690966362,49.41372047641617,0.0,49.97626965586029,0.0,45.59506755343413,0.0,45.30244612923357,0.0,0.0,0.0,0.0,0.0,0.0,0.0
10.0,4.26881344067203,0.0035522235081968,0.0035522235055759,0.999993690832934,0.999993690832934,49.41372046657172,0.0,49.97626955203372,0.0,45.59506755031223,0.0,45.30244607352424,0.0,0.0,0.0,0.0,0.0,0.0,0.0
10.0,4.26906345317266,0.0035522610715981,0.0035522610689781,0.999993690699499,0.9999936906994992,49.41372045672651,0.0,49.97626944450949,0.0,45.59506754719014,0.0,45.30244601781168,0.0,0.0,0.0,0.0,0.0,0.0,0.0
10.0,4.26931346567328,0.0035522986367693,0.0035522986341502,0.999993690566055,0.999993690566055,49.41372044688054,0.0,49.9762693334115,0.0,45.59506754406788,0.0,45.30244596209589,0.0,0.0,0.0,0.0,0.0,0.0,0.0
10.0,4.26956347817391,0.0035523362037104,0.0035523362010922,0.999993690432604,0.999993690432604,49.4137204370338,0.0,49.976269218858135,0.0,45.59506754094543,0.0,45.30244590637687,0.0,0.0,0.0,0.0,0.0,0.0,0.0
10.0,4.26981349067453,0.0035523737724213,0.003552373769804,0.999993690299146,0.9999936902991452,49.41372042718632,0.0,49.97626910096258,0.0,45.5950675378228,0.0,45.30244585065462,0.0,0.0,0.0,0.0,0.0,0.0,0.0
10.0,4.27006350317516,0.0035524113429019,0.0035524113402856,0.999993690165679,0.999993690165679,49.41372041733807,0.0,49.97626897983314,0.0,45.59506753469999,0.0,45.30244579492916,0.0,0.0,0.0,0.0,0.0,0.0,0.0
10.0,4.27031351567578,0.0035524489151523,0.0035524489125368,0.999993690032205,0.999993690032205,49.413720407489066,0.0,49.976268855573416,0.0,45.59506753157698,0.0,45.30244573920045,0.0,0.0,0.0,0.0,0.0,0.0,0.0
10.0,4.27056352817641,0.0035524864891722,0.0035524864865577,0.9999936898987228,0.9999936898987228,49.4137203976393,0.0,49.976268728282655,0.0,45.59506752845381,0.0,45.30244568346852,0.0,0.0,0.0,0.0,0.0,0.0,0.0
10.0,4.27081354067703,0.0035525240649618,0.0035525240623481,0.999993689765233,0.999993689765233,49.41372038778879,0.0,49.97626859805591,0.0,45.59506752533044,0.0,45.30244562773337,0.0,0.0,0.0,0.0,0.0,0.0,0.0
10.0,4.27106355317766,0.0035525616425208,0.003552561639908,0.999993689631736,0.999993689631736,49.4137203779375,0.0,49.97626846498429,0.0,45.59506752220689,0.0,45.30244557199498,0.0,0.0,0.0,0.0,0.0,0.0,0.0
10.0,4.27131356567828,0.0035525992218492,0.0035525992192374,0.999993689498231,0.999993689498231,49.41372036808546,0.0,49.97626832915517,0.0,45.59506751908316,0.0,45.30244551625337,0.0,0.0,0.0,0.0,0.0,0.0,0.0
10.0,4.27156357817891,0.0035526368029471,0.0035526368003362,0.999993689364719,0.999993689364718,49.41372035823266,0.0,49.97626819065231,0.0,45.59506751595925,0.0,45.30244546050854,0.0,0.0,0.0,0.0,0.0,0.0,0.0
10.0,4.27181359067953,0.0035526743858143,0.0035526743832042,0.999993689231198,0.999993689231198,49.4137203483791,0.0,49.97626804955618,0.0,45.59506751283514,0.0,45.30244540476046,0.0,0.0,0.0,0.0,0.0,0.0,0.0
10.0,4.27206360318016,0.0035527119704507,0.0035527119678415,0.99999368909767,0.99999368909767,49.41372033852478,0.0,49.97626790594395,0.0,45.59506750971087,0.0,45.30244534900916,0.0,0.0,0.0,0.0,0.0,0.0,0.0
10.0,4.27231361568078,0.0035527495568563,0.0035527495542481,0.999993688964134,0.999993688964134,49.4137203286697,0.0,49.97626775988979,0.0,45.5950675065864,0.0,45.30244529325464,0.0,0.0,0.0,0.0,0.0,0.0,0.0
10.0,4.27256362818141,0.003552787145031,0.0035527871424237,0.999993688830591,0.999993688830591,49.41372031881387,0.0,49.97626761146495,0.0,45.59506750346176,0.0,45.30244523749689,0.0,0.0,0.0,0.0,0.0,0.0,0.0
10.0,4.27281364068203,0.0035528247349748,0.0035528247323684,0.99999368869704,0.99999368869704,49.41372030895728,0.0,49.97626746073792,0.0,45.59506750033693,0.0,45.30244518173591,0.0,0.0,0.0,0.0,0.0,0.0,0.0
10.0,4.27306365318266,0.0035528623266876,0.0035528623240821,0.999993688563481,0.999993688563481,49.41372029909992,0.0,49.97626730777456,0.0,45.59506749721191,0.0,45.3024451259717,0.0,0.0,0.0,0.0,0.0,0.0,0.0
10.0,4.27331366568328,0.0035528999201694,0.0035528999175648,0.999993688429914,0.999993688429914,49.4137202892418,0.0,49.97626715263824,0.0,45.59506749408671,0.0,45.30244507020427,0.0,0.0,0.0,0.0,0.0,0.0,0.0
10.0,4.27356367818391,0.00355293751542,0.0035529375128163,0.99999368829634,0.99999368829634,49.413720279382936,0.0,49.97626699538992,0.0,45.59506749096134,0.0,45.30244501443361,0.0,0.0,0.0,0.0,0.0,0.0,0.0
10.0,4.27381369068453,0.0035529751124395,0.0035529751098366,0.999993688162758,0.999993688162758,49.4137202695233,0.0,49.97626683608829,0.0,45.59506748783578,0.0,45.30244495865971,0.0,0.0,0.0,0.0,0.0,0.0,0.0
10.0,4.27406370318516,0.0035530127112277,0.0035530127086258,0.999993688029168,0.999993688029168,49.41372025966292,0.0,49.97626667478989,0.0,45.59506748471004,0.0,45.302444902882606,0.0,0.0,0.0,0.0,0.0,0.0,0.0
10.0,4.27431371568578,0.0035530503117847,0.0035530503091836,0.9999936878955707,0.9999936878955707,49.41372024980176,0.0,49.97626651154916,0.0,45.59506748158411,0.0,45.30244484710226,0.0,0.0,0.0,0.0,0.0,0.0,0.0
10.0,4.27456372818641,0.0035530879141102,0.00355308791151,0.999993687761966,0.999993687761966,49.41372023993985,0.0,49.97626634641858,0.0,45.595067478458,0.0,45.30244479131869,0.0,0.0,0.0,0.0,0.0,0.0,0.0
10.0,4.27481374068703,0.0035531255182043,0.003553125515605,0.999993687628353,0.999993687628353,49.41372023007718,0.0,49.976266179448736,0.0,45.5950674753317,0.0,45.302444735531886,0.0,0.0,0.0,0.0,0.0,0.0,0.0
10.0,4.27506375318766,0.003553163124067,0.0035531631214685,0.999993687494733,0.999993687494733,49.41372022021376,0.0,49.976266010688434,0.0,45.59506747220522,0.0,45.30244467974185,0.0,0.0,0.0,0.0,0.0,0.0,0.0
10.0,4.27531376568828,0.0035532007316981,0.0035532007291005,0.999993687361105,0.999993687361105,49.41372021034957,0.0,49.9762658401847,0.0,45.59506746907857,0.0,45.30244462394861,0.0,0.0,0.0,0.0,0.0,0.0,0.0
10.0,4.27556377818891,0.0035532383410975,0.0035532383385009,0.999993687227469,0.999993687227469,49.41372020048463,0.0,49.97626566798297,0.0,45.59506746595172,0.0,45.30244456815212,0.0,0.0,0.0,0.0,0.0,0.0,0.0
10.0,4.27581379068953,0.0035532759522653,0.0035532759496696,0.999993687093826,0.999993687093825,49.41372019061892,0.0,49.97626549412708,0.0,45.59506746282469,0.0,45.30244451235241,0.0,0.0,0.0,0.0,0.0,0.0,0.0
10.0,4.27606380319016,0.0035533135652014,0.0035533135626065,0.999993686960174,0.999993686960174,49.413720180752456,0.0,49.976265318659344,0.0,45.59506745969749,0.0,45.30244445654947,0.0,0.0,0.0,0.0,0.0,0.0,0.0
10.0,4.27631381569078,0.0035533511799057,0.0035533511773116,0.999993686826515,0.999993686826515,49.413720170885234,0.0,49.97626514162065,0.0,45.59506745657009,0.0,45.302444400743305,0.0,0.0,0.0,0.0,0.0,0.0,0.0
10.0,4.27656382819141,0.0035533887963781,0.0035533887937849,0.999993686692849,0.999993686692849,49.41372016101725,0.0,49.9762649630505,0.0,45.595067453442525,0.0,45.30244434493391,0.0,0.0,0.0,0.0,0.0,0.0,0.0
10.0,4.27681384069203,0.0035534264146186,0.0035534264120263,0.999993686559174,0.999993686559174,49.4137201511485,0.0,49.97626478298706,0.0,45.59506745031476,0.0,45.30244428912129,0.0,0.0,0.0,0.0,0.0,0.0,0.0
10.0,4.27706385319266,0.0035534640346271,0.0035534640320357,0.999993686425492,0.999993686425492,49.41372014127901,0.0,49.97626460146724,0.0,45.595067447186814,0.0,45.30244423330544,0.0,0.0,0.0,0.0,0.0,0.0,0.0
10.0,4.27731386569328,0.0035535016564035,0.003553501653813,0.999993686291802,0.999993686291802,49.41372013140874,0.0,49.97626441852671,0.0,45.59506744405869,0.0,45.302444177486365,0.0,0.0,0.0,0.0,0.0,0.0,0.0
10.0,4.27756387819391,0.0035535392799479,0.0035535392773582,0.9999936861581052,0.9999936861581052,49.41372012153772,0.0,49.9762642342,0.0,45.59506744093039,0.0,45.30244412166406,0.0,0.0,0.0,0.0,0.0,0.0,0.0
10.0,4.27781389069454,0.0035535769052601,0.0035535769026713,0.9999936860244,0.9999936860244,49.41372011166594,0.0,49.97626404852049,0.0,45.59506743780189,0.0,45.30244406583852,0.0,0.0,0.0,0.0,0.0,0.0,0.0
10.0,4.27806390319516,0.00355361453234,0.0035536145297521,0.9999936858906868,0.9999936858906868,49.4137201017934,0.0,49.97626386152052,0.0,45.595067434673226,0.0,45.302444010009765,0.0,0.0,0.0,0.0,0.0,0.0,0.0
10.0,4.27831391569578,0.0035536521611877,0.0035536521586006,0.999993685756966,0.999993685756966,49.4137200919201,0.0,49.97626367323135,0.0,45.595067431544365,0.0,45.30244395417778,0.0,0.0,0.0,0.0,0.0,0.0,0.0
10.0,4.27856392819641,0.003553689791803,0.0035536897892168,0.999993685623238,0.999993685623238,49.41372008204604,0.0,49.9762634836833,0.0,45.59506742841533,0.0,45.30244389834257,0.0,0.0,0.0,0.0,0.0,0.0,0.0
10.0,4.27881394069703,0.0035537274241859,0.0035537274216006,0.999993685489502,0.999993685489502,49.41372007217122,0.0,49.976263292905685,0.0,45.5950674252861,0.0,45.302443842504125,0.0,0.0,0.0,0.0,0.0,0.0,0.0
10.0,4.27906395319766,0.0035537650583363,0.0035537650557518,0.9999936853557592,0.9999936853557592,49.413720062295646,0.0,49.97626310092696,0.0,45.595067422156696,0.0,45.30244378666246,0.0,0.0,0.0,0.0,0.0,0.0,0.0
10.0,4.27931396569829,0.0035538026942542,0.0035538026916705,0.999993685222008,0.999993685222007,49.41372005241931,0.0,49.97626290777465,0.0,45.59506741902711,0.0,45.30244373081756,0.0,0.0,0.0,0.0,0.0,0.0,0.0
10.0,4.27956397819891,0.0035538403319394,0.0035538403293567,0.9999936850882488,0.9999936850882488,49.41372004254222,0.0,49.97626271347546,0.0,45.59506741589733,0.0,45.30244367496943,0.0,0.0,0.0,0.0,0.0,0.0,0.0
10.0,4.27981399069953,0.003553877971392,0.0035538779688101,0.999993684954482,0.999993684954482,49.41372003266436,0.0,49.97626251805528,0.0,45.595067412767385,0.0,45.30244361911808,0.0,0.0,0.0,0.0,0.0,0.0,0.0
10.0,4.28006400320016,0.0035539156126119,0.0035539156100309,0.999993684820707,0.999993684820707,49.41372002278574,0.0,49.97626232153921,0.0,45.595067409637245,0.0,45.302443563263495,0.0,0.0,0.0,0.0,0.0,0.0,0.0
10.0,4.28031401570078,0.003553953255599,0.0035539532530188,0.9999936846869252,0.9999936846869252,49.41372001290636,0.0,49.9762621239516,0.0,45.59506740650693,0.0,45.30244350740568,0.0,0.0,0.0,0.0,0.0,0.0,0.0
10.0,4.28056402820141,0.0035539909003532,0.0035539908977739,0.999993684553136,0.999993684553135,49.41372000302623,0.0,49.97626192531608,0.0,45.59506740337642,0.0,45.30244345154466,0.0,0.0,0.0,0.0,0.0,0.0,0.0
10.0,4.28081404070203,0.0035540285468745,0.0035540285442961,0.999993684419338,0.999993684419338,49.41371999314533,0.0,49.97626172565554,0.0,45.59506740024573,0.0,45.302443395680406,0.0,0.0,0.0,0.0,0.0,0.0,0.0
10.0,4.28106405320266,0.0035540661951629,0.0035540661925853,0.999993684285533,0.999993684285533,49.41371998326368,0.0,49.97626152499227,0.0,45.59506739711486,0.0,45.3024433398129,0.0,0.0,0.0,0.0,0.0,0.0,0.0
10.0,4.28131406570329,0.0035541038452182,0.0035541038426414,0.99999368415172,0.99999368415172,49.41371997338126,0.0,49.976261323347856,0.0,45.59506739398381,0.0,45.30244328394218,0.0,0.0,0.0,0.0,0.0,0.0,0.0
10.0,4.28156407820391,0.0035541414970404,0.0035541414944645,0.999993684017899,0.9999936840178992,49.41371996349809,0.0,49.97626112074327,0.0,45.59506739085257,0.0,45.30244322806824,0.0,0.0,0.0,0.0,0.0,0.0,0.0
10.0,4.28181409070454,0.0035541791506295,0.0035541791480544,0.999993683884071,0.999993683884071,49.41371995361416,0.0,49.97626091719888,0.0,45.59506738772115,0.0,45.30244317219107,0.0,0.0,0.0,0.0,0.0,0.0,0.0
10.0,4.28206410320516,0.0035542168059853,0.0035542168034111,0.999993683750235,0.999993683750235,49.413719943729454,0.0,49.97626071273449,0.0,45.59506738458955,0.0,45.30244311631067,0.0,0.0,0.0,0.0,0.0,0.0,0.0
10.0,4.28231411570578,0.0035542544631078,0.0035542544605345,0.9999936836163912,0.9999936836163912,49.413719933844,0.0,49.97626050736933,0.0,45.59506738145777,0.0,45.30244306042704,0.0,0.0,0.0,0.0,0.0,0.0,0.0
10.0,4.28256412820641,0.003554292121997,0.0035542921194245,0.99999368348254,0.99999368348254,49.413719923957785,0.0,49.976260301122096,0.0,45.5950673783258,0.0,45.30244300454019,0.0,0.0,0.0,0.0,0.0,0.0,0.0
10.0,4.28281414070704,0.0035543297826528,0.0035543297800811,0.9999936833486808,0.9999936833486808,49.41371991407081,0.0,49.97626009401095,0.0,45.59506737519364,0.0,45.3024429486501,0.0,0.0,0.0,0.0,0.0,0.0,0.0
10.0,4.28306415320766,0.0035543674450752,0.0035543674425043,0.999993683214814,0.999993683214814,49.41371990418308,0.0,49.97625988605354,0.0,45.59506737206131,0.0,45.3024428927568,0.0,0.0,0.0,0.0,0.0,0.0,0.0
10.0,4.28331416570829,0.003554405109264,0.0035544051066939,0.999993683080939,0.999993683080939,49.41371989429459,0.0,49.976259677267066,0.0,45.5950673689288,0.0,45.30244283686026,0.0,0.0,0.0,0.0,0.0,0.0,0.0
10.0,4.28356417820891,0.0035544427752192,0.00355444277265,0.9999936829470571,0.9999936829470571,49.41371988440534,0.0,49.97625946766821,0.0,45.59506736579609,0.0,45.3024427809605,0.0,0.0,0.0,0.0,0.0,0.0,0.0
10.0,4.28381419070954,0.0035544804429407,0.0035544804403724,0.999993682813168,0.999993682813167,49.41371987451533,0.0,49.97625925727327,0.0,45.59506736266321,0.0,45.302442725057496,0.0,0.0,0.0,0.0,0.0,0.0,0.0
10.0,4.28406420321016,0.0035545181124286,0.003554518109861,0.99999368267927,0.99999368267927,49.41371986462456,0.0,49.976259046098015,0.0,45.59506735953015,0.0,45.30244266915128,0.0,0.0,0.0,0.0,0.0,0.0,0.0
10.0,4.28431421571079,0.0035545557836826,0.0035545557811159,0.999993682545365,0.999993682545364,49.41371985473302,0.0,49.97625883415786,0.0,45.59506735639689,0.0,45.30244261324184,0.0,0.0,0.0,0.0,0.0,0.0,0.0
10.0,4.28456422821141,0.0035545934567028,0.003554593454137,0.999993682411452,0.999993682411452,49.41371984484072,0.0,49.97625862146778,0.0,45.59506735326346,0.0,45.30244255732916,0.0,0.0,0.0,0.0,0.0,0.0,0.0
10.0,4.28481424071204,0.0035546311314891,0.0035546311289241,0.999993682277531,0.999993682277531,49.41371983494767,0.0,49.97625840804235,0.0,45.595067350129845,0.0,45.30244250141325,0.0,0.0,0.0,0.0,0.0,0.0,0.0
10.0,4.28506425321266,0.0035546688080415,0.0035546688054773,0.999993682143602,0.999993682143602,49.41371982505386,0.0,49.97625819389578,0.0,45.595067346996046,0.0,45.30244244549413,0.0,0.0,0.0,0.0,0.0,0.0,0.0
10.0,4.28531426571329,0.0035547064863598,0.0035547064837964,0.999993682009666,0.999993682009666,49.41371981515929,0.0,49.976257979041904,0.0,45.59506734386207,0.0,45.30244238957177,0.0,0.0,0.0,0.0,0.0,0.0,0.0
10.0,4.28556427821391,0.003554744166444,0.0035547441638815,0.999993681875723,0.999993681875723,49.41371980526395,0.0,49.97625776349419,0.0,45.5950673407279,0.0,45.30244233364618,0.0,0.0,0.0,0.0,0.0,0.0,0.0
10.0,4.28581429071454,0.0035547818482941,0.0035547818457324,0.9999936817417712,0.9999936817417712,49.41371979536786,0.0,49.97625754726576,0.0,45.59506733759356,0.0,45.30244227771737,0.0,0.0,0.0,0.0,0.0,0.0,0.0
10.0,4.28606430321516,0.00355481953191,0.0035548195293491,0.999993681607812,0.999993681607812,49.413719785471,0.0,49.97625733036939,0.0,45.595067334459024,0.0,45.30244222178534,0.0,0.0,0.0,0.0,0.0,0.0,0.0
10.0,4.28631431571579,0.0035548572172916,0.0035548572147315,0.999993681473845,0.999993681473845,49.41371977557339,0.0,49.97625711281757,0.0,45.59506733132432,0.0,45.30244216585008,0.0,0.0,0.0,0.0,0.0,0.0,0.0
10.0,4.28656432821641,0.0035548949044388,0.0035548949018796,0.9999936813398712,0.9999936813398712,49.41371976567502,0.0,49.976256894622416,0.0,45.59506732818941,0.0,45.30244210991158,0.0,0.0,0.0,0.0,0.0,0.0,0.0
10.0,4.28681434071704,0.0035549325933517,0.0035549325907932,0.999993681205888,0.999993681205888,49.41371975577589,0.0,49.9762566757958,0.0,45.59506732505433,0.0,45.302442053969855,0.0,0.0,0.0,0.0,0.0,0.0,0.0
10.0,4.28706435321766,0.0035549702840301,0.0035549702814724,0.999993681071898,0.999993681071898,49.413719745876,0.0,49.97625645634925,0.0,45.59506732191908,0.0,45.3024419980249,0.0,0.0,0.0,0.0,0.0,0.0,0.0
10.0,4.28731436571829,0.003555007976474,0.0035550079739171,0.999993680937901,0.9999936809379012,49.41371973597534,0.0,49.976256236294034,0.0,45.59506731878362,0.0,45.30244194207674,0.0,0.0,0.0,0.0,0.0,0.0,0.0
10.0,4.28756437821891,0.0035550456706833,0.0035550456681273,0.9999936808038952,0.9999936808038952,49.41371972607393,0.0,49.97625601564113,0.0,45.595067315648,0.0,45.30244188612533,0.0,0.0,0.0,0.0,0.0,0.0,0.0
10.0,4.28781439071954,0.0035550833666579,0.0035550833641027,0.999993680669882,0.999993680669882,49.41371971617176,0.0,49.97625579440124,0.0,45.595067312512185,0.0,45.3024418301707,0.0,0.0,0.0,0.0,0.0,0.0,0.0
10.0,4.28806440322016,0.0035551210643979,0.0035551210618435,0.999993680535861,0.999993680535862,49.41371970626882,0.0,49.97625557258484,0.0,45.59506730937619,0.0,45.302441774212845,0.0,0.0,0.0,0.0,0.0,0.0,0.0
10.0,4.28831441572079,0.003555158763903,0.0035551587613495,0.999993680401833,0.999993680401833,49.41371969636513,0.0,49.97625535020212,0.0,45.59506730624001,0.0,45.30244171825176,0.0,0.0,0.0,0.0,0.0,0.0,0.0
10.0,4.28856442822141,0.0035551964651734,0.0035551964626206,0.999993680267797,0.999993680267797,49.413719686460674,0.0,49.976255127263016,0.0,45.59506730310365,0.0,45.30244166228744,0.0,0.0,0.0,0.0,0.0,0.0,0.0
10.0,4.28881444072204,0.0035552341682088,0.0035552341656569,0.999993680133753,0.999993680133753,49.41371967655546,0.0,49.97625490377728,0.0,45.59506729996711,0.0,45.3024416063199,0.0,0.0,0.0,0.0,0.0,0.0,0.0
10.0,4.28906445322266,0.0035552718730093,0.0035552718704581,0.999993679999702,0.999993679999702,49.413719666649484,0.0,49.97625467975435,0.0,45.59506729683038,0.0,45.30244155034914,0.0,0.0,0.0,0.0,0.0,0.0,0.0
10.0,4.28931446572329,0.0035553095795748,0.0035553095770244,0.999993679865642,0.999993679865642,49.41371965674274,0.0,49.9762544552035,0.0,45.59506729369348,0.0,45.30244149437514,0.0,0.0,0.0,0.0,0.0,0.0,0.0
10.0,4.28956447822391,0.0035553472879052,0.0035553472853556,0.999993679731575,0.999993679731575,49.41371964683525,0.0,49.97625423013381,0.0,45.59506729055637,0.0,45.30244143839792,0.0,0.0,0.0,0.0,0.0,0.0,0.0
10.0,4.28981449072454,0.0035553849980005,0.0035553849954517,0.999993679597501,0.999993679597501,49.41371963692699,0.0,49.97625400455407,0.0,45.59506728741911,0.0,45.30244138241748,0.0,0.0,0.0,0.0,0.0,0.0,0.0
10.0,4.29006450322516,0.0035554227098605,0.0035554227073125,0.9999936794634188,0.999993679463418,49.413719627017976,0.0,49.97625377847291,0.0,45.59506728428164,0.0,45.302441326433794,0.0,0.0,0.0,0.0,0.0,0.0,0.0
10.0,4.29031451572579,0.0035554604234853,0.0035554604209381,0.999993679329329,0.999993679329328,49.41371961710821,0.0,49.97625355189877,0.0,45.595067281144,0.0,45.30244127044689,0.0,0.0,0.0,0.0,0.0,0.0,0.0
10.0,4.29056452822641,0.0035554981388748,0.0035554981363284,0.999993679195231,0.999993679195231,49.41371960719767,0.0,49.97625332483989,0.0,45.59506727800618,0.0,45.30244121445676,0.0,0.0,0.0,0.0,0.0,0.0,0.0
10.0,4.29081454072704,0.0035555358560288,0.0035555358534832,0.999993679061125,0.999993679061125,49.41371959728637,0.0,49.97625309730429,0.0,45.59506727486816,0.0,45.30244115846341,0.0,0.0,0.0,0.0,0.0,0.0,0.0
10.0,4.29106455322766,0.0035555735749475,0.0035555735724027,0.999993678927012,0.999993678927012,49.41371958737431,0.0,49.976252869299856,0.0,45.59506727172998,0.0,45.302441102466815,0.0,0.0,0.0,0.0,0.0,0.0,0.0
10.0,4.29131456572829,0.0035556112956306,0.0035556112930866,0.999993678792891,0.999993678792891,49.41371957746149,0.0,49.976252640834254,0.0,45.5950672685916,0.0,45.30244104646701,0.0,0.0,0.0,0.0,0.0,0.0,0.0
10.0,4.29156457822891,0.0035556490180781,0.0035556490155349,0.999993678658763,0.999993678658763,49.41371956754792,0.0,49.976252411915,0.0,45.59506726545304,0.0,45.30244099046397,0.0,0.0,0.0,0.0,0.0,0.0,0.0
10.0,4.29181459072954,0.00355568674229,0.0035556867397476,0.9999936785246268,0.9999936785246268,49.41371955763358,0.0,49.97625218254946,0.0,45.5950672623143,0.0,45.3024409344577,0.0,0.0,0.0,0.0,0.0,0.0,0.0
10.0,4.29206460323016,0.0035557244682662,0.0035557244657246,0.999993678390483,0.999993678390483,49.41371954771848,0.0,49.97625195274478,0.0,45.59506725917538,0.0,45.30244087844821,0.0,0.0,0.0,0.0,0.0,0.0,0.0
10.0,4.29231461573079,0.0035557621960066,0.0035557621934658,0.999993678256331,0.999993678256331,49.41371953780261,0.0,49.97625172250801,0.0,45.59506725603627,0.0,45.302440822435486,0.0,0.0,0.0,0.0,0.0,0.0,0.0
10.0,4.29256462823141,0.0035557999255113,0.0035557999229712,0.999993678122172,0.999993678122172,49.41371952788599,0.0,49.97625149184602,0.0,45.59506725289699,0.0,45.30244076641953,0.0,0.0,0.0,0.0,0.0,0.0,0.0
10.0,4.29281464073204,0.00355583765678,0.0035558376542407,0.999993677988005,0.999993677988005,49.41371951796861,0.0,49.97625126076552,0.0,45.59506724975751,0.0,45.30244071040036,0.0,0.0,0.0,0.0,0.0,0.0,0.0
10.0,4.29306465323266,0.0035558753898128,0.0035558753872743,0.99999367785383,0.99999367785383,49.41371950805047,0.0,49.97625102927307,0.0,45.59506724661786,0.0,45.30244065437795,0.0,0.0,0.0,0.0,0.0,0.0,0.0
10.0,4.29331466573329,0.0035559131246096,0.0035559131220718,0.999993677719648,0.999993677719648,49.41371949813157,0.0,49.97625079737513,0.0,45.59506724347802,0.0,45.30244059835232,0.0,0.0,0.0,0.0,0.0,0.0,0.0
10.0,4.29356467823391,0.0035559508611703,0.0035559508586333,0.999993677585458,0.999993677585458,49.4137194882119,0.0,49.97625056507797,0.0,45.595067240338,0.0,45.30244054232347,0.0,0.0,0.0,0.0,0.0,0.0,0.0
10.0,4.29381469073454,0.0035559885994949,0.0035559885969587,0.99999367745126,0.99999367745126,49.41371947829148,0.0,49.97625033238775,0.0,45.5950672371978,0.0,45.30244048629138,0.0,0.0,0.0,0.0,0.0,0.0,0.0
10.0,4.29406470323516,0.0035560263395833,0.0035560263370478,0.999993677317055,0.999993677317054,49.413719468370296,0.0,49.976250099310505,0.0,45.59506723405741,0.0,45.30244043025607,0.0,0.0,0.0,0.0,0.0,0.0,0.0
10.0,4.29431471573579,0.0035560640814354,0.0035560640789008,0.999993677182841,0.9999936771828412,49.41371945844836,0.0,49.97624986585214,0.0,45.59506723091684,0.0,45.30244037421753,0.0,0.0,0.0,0.0,0.0,0.0,0.0
10.0,4.29456472823641,0.0035561018250512,0.0035561018225173,0.99999367704862,0.99999367704862,49.41371944852565,0.0,49.97624963201843,0.0,45.59506722777608,0.0,45.30244031817577,0.0,0.0,0.0,0.0,0.0,0.0,0.0
10.0,4.29481474073704,0.0035561395704306,0.0035561395678975,0.999993676914392,0.999993676914392,49.41371943860218,0.0,49.976249397815,0.0,45.59506722463516,0.0,45.30244026213077,0.0,0.0,0.0,0.0,0.0,0.0,0.0
10.0,4.29506475323766,0.0035561773175736,0.0035561773150413,0.999993676780155,0.999993676780155,49.41371942867795,0.0,49.97624916324743,0.0,45.59506722149404,0.0,45.30244020608255,0.0,0.0,0.0,0.0,0.0,0.0,0.0
10.0,4.29531476573829,0.0035562150664801,0.0035562150639486,0.999993676645911,0.999993676645911,49.41371941875296,0.0,49.97624892832112,0.0,45.59506721835274,0.0,45.3024401500311,0.0,0.0,0.0,0.0,0.0,0.0,0.0
10.0,4.29556477823891,0.00355625281715,0.0035562528146193,0.99999367651166,0.99999367651166,49.41371940882722,0.0,49.97624869304139,0.0,45.595067215211245,0.0,45.30244009397643,0.0,0.0,0.0,0.0,0.0,0.0,0.0
10.0,4.2958147907395405,0.0035562905695833,0.0035562905670533,0.999993676377401,0.9999936763774,49.41371939890071,0.0,49.97624845741343,0.0,45.59506721206959,0.0,45.30244003791853,0.0,0.0,0.0,0.0,0.0,0.0,0.0
10.0,4.29606480324016,0.0035563283237799,0.0035563283212507,0.999993676243133,0.999993676243133,49.41371938897344,0.0,49.976248221442354,0.0,45.59506720892773,0.0,45.3024399818574,0.0,0.0,0.0,0.0,0.0,0.0,0.0
10.0,4.29631481574079,0.0035563660797398,0.0035563660772113,0.9999936761088588,0.9999936761088588,49.41371937904541,0.0,49.976247985133135,0.0,45.595067205785696,0.0,45.302439925793045,0.0,0.0,0.0,0.0,0.0,0.0,0.0
10.0,4.29656482824141,0.0035564038374629,0.0035564038349351,0.999993675974576,0.999993675974576,49.41371936911662,0.0,49.976247748490685,0.0,45.59506720264348,0.0,45.30243986972546,0.0,0.0,0.0,0.0,0.0,0.0,0.0
10.0,4.29681484074204,0.003556441596949,0.003556441594422,0.999993675840286,0.999993675840286,49.413719359187056,0.0,49.97624751151978,0.0,45.59506719950108,0.0,45.30243981365465,0.0,0.0,0.0,0.0,0.0,0.0,0.0
10.0,4.29706485324266,0.0035564793581983,0.003556479355672,0.999993675705988,0.999993675705988,49.41371934925675,0.0,49.97624727422513,0.0,45.5950671963585,0.0,45.30243975758061,0.0,0.0,0.0,0.0,0.0,0.0,0.0
10.0,4.29731486574329,0.0035565171212105,0.003556517118685,0.999993675571683,0.999993675571683,49.41371933932568,0.0,49.976247036611326,0.0,45.59506719321573,0.0,45.30243970150335,0.0,0.0,0.0,0.0,0.0,0.0,0.0
10.0,4.29756487824391,0.0035565548859857,0.003556554883461,0.999993675437369,0.999993675437369,49.41371932939384,0.0,49.976246798682894,0.0,45.59506719007278,0.0,45.30243964542285,0.0,0.0,0.0,0.0,0.0,0.0,0.0
10.0,4.29781489074454,0.0035565926525237,0.0035565926499998,0.9999936753030492,0.999993675303048,49.41371931946125,0.0,49.97624656044426,0.0,45.59506718692965,0.0,45.30243958933914,0.0,0.0,0.0,0.0,0.0,0.0,0.0
10.0,4.29806490324516,0.0035566304208246,0.0035566304183014,0.99999367516872,0.99999367516872,49.413719309527885,0.0,49.97624632189975,0.0,45.59506718378634,0.0,45.30243953325219,0.0,0.0,0.0,0.0,0.0,0.0,0.0
10.0,4.29831491574579,0.0035566681908882,0.0035566681883658,0.999993675034384,0.9999936750343832,49.41371929959378,0.0,49.97624608305362,0.0,45.59506718064284,0.0,45.30243947716202,0.0,0.0,0.0,0.0,0.0,0.0,0.0
10.0,4.29856492824641,0.0035567059627146,0.0035567059601928,0.999993674900039,0.999993674900039,49.41371928965889,0.0,49.976245843910064,0.0,45.59506717749915,0.0,45.30243942106862,0.0,0.0,0.0,0.0,0.0,0.0,0.0
10.0,4.29881494074704,0.0035567437363035,0.0035567437337825,0.999993674765688,0.999993674765688,49.41371927972325,0.0,49.97624560447314,0.0,45.5950671743553,0.0,45.30243936497199,0.0,0.0,0.0,0.0,0.0,0.0,0.0
10.0,4.29906495324766,0.003556781511655,0.0035567815091348,0.999993674631328,0.999993674631328,49.413719269786846,0.0,49.97624536474688,0.0,45.59506717121125,0.0,45.30243930887214,0.0,0.0,0.0,0.0,0.0,0.0,0.0
10.0,4.29931496574829,0.003556819288769,0.0035568192862495,0.999993674496961,0.999993674496961,49.41371925984969,0.0,49.9762451247352,0.0,45.59506716806702,0.0,45.30243925276906,0.0,0.0,0.0,0.0,0.0,0.0,0.0
10.0,4.29956497824891,0.0035568570676455,0.0035568570651267,0.999993674362586,0.999993674362586,49.41371924991177,0.0,49.976244884441975,0.0,45.59506716492261,0.0,45.302439196662746,0.0,0.0,0.0,0.0,0.0,0.0,0.0
10.0,4.29981499074954,0.0035568948482843,0.0035568948457663,0.999993674228204,0.999993674228204,49.41371923997309,0.0,49.976244643871,0.0,45.59506716177801,0.0,45.30243914055322,0.0,0.0,0.0,0.0,0.0,0.0,0.0
10.0,4.30006500325016,0.0035569326306855,0.0035569326281682,0.999993674093814,0.999993674093814,49.41371923003364,0.0,49.97624440302597,0.0,45.59506715863324,0.0,45.30243908444045,0.0,0.0,0.0,0.0,0.0,0.0,0.0
10.0,4.30031501575079,0.0035569704148489,0.0035569704123324,0.999993673959416,0.999993673959416,49.41371922009343,0.0,49.97624416191055,0.0,45.595067155488266,0.0,45.30243902832446,0.0,0.0,0.0,0.0,0.0,0.0,0.0
10.0,4.30056502825141,0.0035570082007745,0.0035570081982587,0.99999367382501,0.99999367382501,49.41371921015247,0.0,49.97624392052829,0.0,45.59506715234313,0.0,45.30243897220525,0.0,0.0,0.0,0.0,0.0,0.0,0.0
10.0,4.30081504075204,0.0035570459884623,0.0035570459859472,0.999993673690597,0.999993673690597,49.413719200210735,0.0,49.976243678882746,0.0,45.5950671491978,0.0,45.30243891608281,0.0,0.0,0.0,0.0,0.0,0.0,0.0
10.0,4.30106505325266,0.0035570837779121,0.0035570837753978,0.999993673556176,0.999993673556176,49.413719190268246,0.0,49.97624343697732,0.0,45.59506714605229,0.0,45.30243885995714,0.0,0.0,0.0,0.0,0.0,0.0,0.0
10.0,4.301315065753291,0.003557121569124,0.0035571215666103,0.999993673421747,0.999993673421747,49.413719180325,0.0,49.97624319481541,0.0,45.5950671429066,0.0,45.30243880382824,0.0,0.0,0.0,0.0,0.0,0.0,0.0
10.0,4.30156507825391,0.0035571593620978,0.0035571593595849,0.999993673287311,0.999993673287311,49.413719170380986,0.0,49.97624295240036,0.0,45.59506713976072,0.0,45.30243874769612,0.0,0.0,0.0,0.0,0.0,0.0,0.0
10.0,4.30181509075454,0.0035571971568334,0.0035571971543213,0.999993673152867,0.999993673152866,49.41371916043621,0.0,49.97624270973539,0.0,45.59506713661467,0.0,45.302438691560766,0.0,0.0,0.0,0.0,0.0,0.0,0.0
10.0,4.30206510325516,0.0035572349533309,0.0035572349508195,0.999993673018415,0.999993673018415,49.41371915049068,0.0,49.97624246682373,0.0,45.59506713346842,0.0,45.302438635422185,0.0,0.0,0.0,0.0,0.0,0.0,0.0
10.0,4.30231511575579,0.0035572727515902,0.0035572727490795,0.999993672883955,0.999993672883955,49.41371914054438,0.0,49.97624222366851,0.0,45.59506713032199,0.0,45.30243857928038,0.0,0.0,0.0,0.0,0.0,0.0,0.0
10.0,4.30256512825641,0.0035573105516112,0.0035573105491012,0.999993672749488,0.999993672749488,49.41371913059732,0.0,49.976241980272825,0.0,45.59506712717539,0.0,45.30243852313536,0.0,0.0,0.0,0.0,0.0,0.0,0.0
10.0,4.30281514075704,0.0035573483533938,0.0035573483508845,0.999993672615013,0.999993672615013,49.41371912064951,0.0,49.97624173663969,0.0,45.5950671240286,0.0,45.30243846698709,0.0,0.0,0.0,0.0,0.0,0.0,0.0
10.0,4.30306515325766,0.0035573861569379,0.0035573861544294,0.999993672480531,0.999993672480531,49.41371911070093,0.0,49.9762414927721,0.0,45.59506712088162,0.0,45.3024384108356,0.0,0.0,0.0,0.0,0.0,0.0,0.0
10.0,4.30331516575829,0.0035574239622436,0.0035574239597358,0.999993672346041,0.999993672346041,49.41371910075159,0.0,49.97624124867298,0.0,45.59506711773447,0.0,45.30243835468089,0.0,0.0,0.0,0.0,0.0,0.0,0.0
10.0,4.303565178258911,0.0035574617693108,0.0035574617668036,0.999993672211543,0.999993672211542,49.413719090801486,0.0,49.9762410043452,0.0,45.59506711458713,0.0,45.30243829852295,0.0,0.0,0.0,0.0,0.0,0.0,0.0
10.0,4.30381519075954,0.0035574995781393,0.0035574995756329,0.999993672077037,0.999993672077037,49.41371908085063,0.0,49.976240759791565,0.0,45.5950671114396,0.0,45.3024382423618,0.0,0.0,0.0,0.0,0.0,0.0,0.0
10.0,4.30406520326016,0.0035575373887292,0.0035575373862235,0.9999936719425232,0.9999936719425232,49.413719070899,0.0,49.97624051501487,0.0,45.5950671082919,0.0,45.302438186197385,0.0,0.0,0.0,0.0,0.0,0.0,0.0
10.0,4.30431521576079,0.0035575752010803,0.0035575751985753,0.999993671808002,0.999993671808002,49.41371906094661,0.0,49.97624027001783,0.0,45.59506710514401,0.0,45.30243813002977,0.0,0.0,0.0,0.0,0.0,0.0,0.0
10.0,4.30456522826141,0.0035576130151927,0.0035576130126884,0.999993671673474,0.999993671673474,49.41371905099346,0.0,49.97624002480311,0.0,45.59506710199594,0.0,45.30243807385892,0.0,0.0,0.0,0.0,0.0,0.0,0.0
10.0,4.30481524076204,0.0035576508310661,0.0035576508285626,0.999993671538937,0.999993671538937,49.41371904103956,0.0,49.97623977937336,0.0,45.595067098847686,0.0,45.30243801768486,0.0,0.0,0.0,0.0,0.0,0.0,0.0
10.0,4.30506525326266,0.0035576886487007,0.0035576886461978,0.9999936714043928,0.9999936714043928,49.41371903108489,0.0,49.97623953373115,0.0,45.59506709569925,0.0,45.30243796150755,0.0,0.0,0.0,0.0,0.0,0.0,0.0
10.0,4.30531526576329,0.0035577264680963,0.0035577264655941,0.999993671269841,0.999993671269841,49.41371902112946,0.0,49.97623928787903,0.0,45.59506709255063,0.0,45.30243790532702,0.0,0.0,0.0,0.0,0.0,0.0,0.0
10.0,4.30556527826391,0.0035577642892528,0.0035577642867514,0.999993671135282,0.999993671135282,49.413719011173264,0.0,49.9762390418195,0.0,45.59506708940182,0.0,45.30243784914326,0.0,0.0,0.0,0.0,0.0,0.0,0.0
10.0,4.30581529076454,0.0035578021121703,0.0035578021096695,0.999993671000715,0.999993671000714,49.41371900121631,0.0,49.976238795555,0.0,45.59506708625283,0.0,45.30243779295628,0.0,0.0,0.0,0.0,0.0,0.0,0.0
10.0,4.30606530326516,0.0035578399368485,0.0035578399343485,0.99999367086614,0.99999367086614,49.41371899125859,0.0,49.97623854908796,0.0,45.59506708310367,0.0,45.30243773676607,0.0,0.0,0.0,0.0,0.0,0.0,0.0
10.0,4.30631531576579,0.0035578777632876,0.0035578777607882,0.999993670731557,0.999993670731557,49.413718981300114,0.0,49.976238302420754,0.0,45.59506707995432,0.0,45.30243768057264,0.0,0.0,0.0,0.0,0.0,0.0,0.0
10.0,4.30656532826641,0.0035579155914873,0.0035579155889887,0.999993670596967,0.999993670596967,49.41371897134088,0.0,49.9762380555557,0.0,45.59506707680478,0.0,45.30243762437598,0.0,0.0,0.0,0.0,0.0,0.0,0.0
10.0,4.306815340767039,0.0035579534214477,0.0035579534189498,0.9999936704623688,0.9999936704623688,49.41371896138087,0.0,49.97623780849508,0.0,45.595067073655066,0.0,45.30243756817609,0.0,0.0,0.0,0.0,0.0,0.0,0.0
10.0,4.30706535326766,0.0035579912531687,0.0035579912506714,0.999993670327763,0.999993670327763,49.41371895142011,0.0,49.976237561241184,0.0,45.595067070505166,0.0,45.302437511972975,0.0,0.0,0.0,0.0,0.0,0.0,0.0
10.0,4.30731536576829,0.0035580290866502,0.0035580290841537,0.99999367019315,0.99999367019315,49.41371894145859,0.0,49.97623731379621,0.0,45.59506706735508,0.0,45.30243745576662,0.0,0.0,0.0,0.0,0.0,0.0,0.0
10.0,4.30756537826891,0.0035580669218922,0.0035580669193963,0.999993670058528,0.999993670058528,49.41371893149631,0.0,49.97623706616235,0.0,45.59506706420481,0.0,45.30243739955706,0.0,0.0,0.0,0.0,0.0,0.0,0.0
10.0,4.30781539076954,0.0035581047588946,0.0035581047563994,0.9999936699239,0.9999936699238988,49.41371892153327,0.0,49.97623681834173,0.0,45.595067061054365,0.0,45.302437343344266,0.0,0.0,0.0,0.0,0.0,0.0,0.0
10.0,4.30806540327016,0.0035581425976573,0.0035581425951628,0.9999936697892632,0.9999936697892632,49.413718911569454,0.0,49.97623657033648,0.0,45.59506705790373,0.0,45.30243728712824,0.0,0.0,0.0,0.0,0.0,0.0,0.0
10.0,4.30831541577079,0.0035581804381803,0.0035581804356865,0.999993669654619,0.999993669654619,49.41371890160488,0.0,49.97623632214867,0.0,45.59506705475292,0.0,45.30243723090899,0.0,0.0,0.0,0.0,0.0,0.0,0.0
10.0,4.30856542827141,0.0035582182804635,0.0035582182779704,0.999993669519967,0.999993669519967,49.413718891639554,0.0,49.97623607378034,0.0,45.59506705160191,0.0,45.30243717468652,0.0,0.0,0.0,0.0,0.0,0.0,0.0
10.0,4.30881544077204,0.0035582561245069,0.0035582561220144,0.999993669385308,0.999993669385307,49.41371888167346,0.0,49.97623582523351,0.0,45.59506704845073,0.0,45.302437118460816,0.0,0.0,0.0,0.0,0.0,0.0,0.0
10.0,4.309065453272659,0.0035582939703103,0.0035582939678185,0.99999366925064,0.99999366925064,49.41371887170661,0.0,49.976235576510135,0.0,45.595067045299366,0.0,45.30243706223188,0.0,0.0,0.0,0.0,0.0,0.0,0.0
10.0,4.30931546577329,0.0035583318178738,0.0035583318153827,0.999993669115965,0.999993669115965,49.413718861738985,0.0,49.97623532761219,0.0,45.59506704214783,0.0,45.30243700599972,0.0,0.0,0.0,0.0,0.0,0.0,0.0
10.0,4.30956547827391,0.0035583696671972,0.0035583696647068,0.999993668981283,0.999993668981283,49.41371885177061,0.0,49.97623507854156,0.0,45.59506703899609,0.0,45.30243694976434,0.0,0.0,0.0,0.0,0.0,0.0,0.0
10.0,4.30981549077454,0.0035584075182806,0.0035584075157908,0.999993668846592,0.999993668846592,49.41371884180147,0.0,49.97623482930014,0.0,45.59506703584418,0.0,45.30243689352573,0.0,0.0,0.0,0.0,0.0,0.0,0.0
10.0,4.31006550327516,0.0035584453711238,0.0035584453686347,0.999993668711894,0.999993668711894,49.41371883183157,0.0,49.97623457988978,0.0,45.595067032692086,0.0,45.302436837283885,0.0,0.0,0.0,0.0,0.0,0.0,0.0
10.0,4.31031551577579,0.0035584832257267,0.0035584832232383,0.999993668577189,0.999993668577188,49.41371882186091,0.0,49.97623433031232,0.0,45.595067029539806,0.0,45.30243678103882,0.0,0.0,0.0,0.0,0.0,0.0,0.0
10.0,4.31056552827641,0.0035585210820894,0.0035585210796017,0.999993668442475,0.999993668442475,49.41371881188948,0.0,49.97623408056954,0.0,45.59506702638734,0.0,45.30243672479054,0.0,0.0,0.0,0.0,0.0,0.0,0.0
10.0,4.31081554077704,0.0035585589402118,0.0035585589377247,0.999993668307754,0.999993668307754,49.41371880191729,0.0,49.97623383066322,0.0,45.5950670232347,0.0,45.30243666853902,0.0,0.0,0.0,0.0,0.0,0.0,0.0
10.0,4.31106555327766,0.0035585968000937,0.0035585967976073,0.999993668173025,0.999993668173025,49.41371879194435,0.0,49.97623358059508,0.0,45.59506702008187,0.0,45.30243661228427,0.0,0.0,0.0,0.0,0.0,0.0,0.0
10.0,4.31131556577829,0.0035586346617352,0.0035586346592495,0.999993668038288,0.999993668038288,49.41371878197064,0.0,49.976233330366846,0.0,45.59506701692887,0.0,45.30243655602631,0.0,0.0,0.0,0.0,0.0,0.0,0.0
10.0,4.31156557827891,0.0035586725251361,0.0035586725226511,0.999993667903544,0.999993667903544,49.41371877199616,0.0,49.97623307998021,0.0,45.59506701377566,0.0,45.3024364997651,0.0,0.0,0.0,0.0,0.0,0.0,0.0
10.0,4.31181559077954,0.0035587103902965,0.0035587103878121,0.999993667768792,0.999993667768792,49.41371876202093,0.0,49.976232829436825,0.0,45.59506701062229,0.0,45.30243644350068,0.0,0.0,0.0,0.0,0.0,0.0,0.0
10.0,4.31206560328016,0.0035587482572162,0.0035587482547325,0.999993667634033,0.999993667634032,49.41371875204493,0.0,49.97623257873831,0.0,45.59506700746873,0.0,45.30243638723303,0.0,0.0,0.0,0.0,0.0,0.0,0.0
10.0,4.31231561578079,0.0035587861258952,0.0035587861234121,0.9999936674992652,0.999993667499265,49.41371874206818,0.0,49.97623232788631,0.0,45.59506700431498,0.0,45.30243633096215,0.0,0.0,0.0,0.0,0.0,0.0,0.0
10.0,4.31256562828141,0.0035588239963334,0.003558823993851,0.99999366736449,0.99999366736449,49.41371873209065,0.0,49.97623207688239,0.0,45.59506700116106,0.0,45.30243627468805,0.0,0.0,0.0,0.0,0.0,0.0,0.0
10.0,4.31281564078204,0.0035588618685308,0.003558861866049,0.999993667229708,0.999993667229707,49.41371872211237,0.0,49.97623182572811,0.0,45.59506699800695,0.0,45.30243621841071,0.0,0.0,0.0,0.0,0.0,0.0,0.0
10.0,4.31306565328266,0.0035588997424872,0.0035588997400061,0.999993667094917,0.999993667094917,49.41371871213332,0.0,49.97623157442501,0.0,45.595066994852665,0.0,45.30243616213016,0.0,0.0,0.0,0.0,0.0,0.0,0.0
10.0,4.31331566578329,0.0035589376182027,0.0035589376157223,0.999993666960119,0.999993666960119,49.41371870215352,0.0,49.9762313229746,0.0,45.59506699169819,0.0,45.302436105846375,0.0,0.0,0.0,0.0,0.0,0.0,0.0
10.0,4.31356567828391,0.0035589754956772,0.0035589754931974,0.999993666825313,0.999993666825313,49.41371869217295,0.0,49.97623107137837,0.0,45.59506698854353,0.0,45.30243604955936,0.0,0.0,0.0,0.0,0.0,0.0,0.0
10.0,4.31381569078454,0.0035590133749106,0.0035590133724315,0.9999936666905,0.9999936666905,49.41371868219162,0.0,49.976230819637806,0.0,45.5950669853887,0.0,45.30243599326912,0.0,0.0,0.0,0.0,0.0,0.0,0.0
10.0,4.31406570328516,0.0035590512559029,0.0035590512534244,0.9999936665556792,0.999993666555678,49.41371867220953,0.0,49.97623056775434,0.0,45.59506698223368,0.0,45.30243593697566,0.0,0.0,0.0,0.0,0.0,0.0,0.0
10.0,4.31431571578579,0.0035590891386539,0.0035590891361761,0.99999366642085,0.99999366642085,49.41371866222667,0.0,49.9762303157294,0.0,45.59506697907847,0.0,45.30243588067896,0.0,0.0,0.0,0.0,0.0,0.0,0.0
10.0,4.314565728286409,0.0035591270231637,0.0035591270206865,0.999993666286013,0.999993666286013,49.413718652243055,0.0,49.9762300635644,0.0,45.59506697592308,0.0,45.30243582437905,0.0,0.0,0.0,0.0,0.0,0.0,0.0
10.0,4.31481574078704,0.0035591649094321,0.0035591649069556,0.999993666151169,0.999993666151169,49.41371864225868,0.0,49.97622981126071,0.0,45.59506697276751,0.0,45.3024357680759,0.0,0.0,0.0,0.0,0.0,0.0,0.0
10.0,4.31506575328766,0.0035592027974592,0.0035592027949832,0.999993666016317,0.999993666016317,49.41371863227354,0.0,49.9762295588197,0.0,45.59506696961175,0.0,45.302435711769526,0.0,0.0,0.0,0.0,0.0,0.0,0.0
10.0,4.31531576578829,0.0035592406872447,0.0035592406847695,0.999993665881457,0.999993665881457,49.41371862228763,0.0,49.97622930624272,0.0,45.59506696645581,0.0,45.30243565545994,0.0,0.0,0.0,0.0,0.0,0.0,0.0
10.0,4.31556577828891,0.0035592785787888,0.0035592785763142,0.99999366574659,0.99999366574659,49.41371861230097,0.0,49.97622905353108,0.0,45.59506696329969,0.0,45.30243559914711,0.0,0.0,0.0,0.0,0.0,0.0,0.0
10.0,4.31581579078954,0.0035593164720913,0.0035593164696173,0.999993665611715,0.999993665611715,49.41371860231354,0.0,49.976228800686094,0.0,45.59506696014339,0.0,45.30243554283106,0.0,0.0,0.0,0.0,0.0,0.0,0.0
10.0,4.31606580329017,0.0035593543671521,0.0035593543646787,0.999993665476832,0.999993665476832,49.41371859232536,0.0,49.97622854770905,0.0,45.595066956986905,0.0,45.30243548651178,0.0,0.0,0.0,0.0,0.0,0.0,0.0
10.0,4.31631581579079,0.0035593922639712,0.0035593922614985,0.999993665341942,0.999993665341942,49.4137185823364,0.0,49.97622829460121,0.0,45.59506695383024,0.0,45.30243543018928,0.0,0.0,0.0,0.0,0.0,0.0,0.0
10.0,4.31656582829141,0.0035594301625486,0.0035594301600765,0.999993665207043,0.999993665207043,49.41371857234669,0.0,49.97622804136383,0.0,45.59506695067338,0.0,45.302435373863545,0.0,0.0,0.0,0.0,0.0,0.0,0.0
10.0,4.31681584079204,0.0035594680628841,0.0035594680604127,0.999993665072138,0.999993665072138,49.413718562356216,0.0,49.97622778799813,0.0,45.59506694751636,0.0,45.30243531753459,0.0,0.0,0.0,0.0,0.0,0.0,0.0
10.0,4.31706585329266,0.0035595059649778,0.0035595059625069,0.999993664937224,0.999993664937224,49.41371855236497,0.0,49.97622753450533,0.0,45.59506694435914,0.0,45.30243526120241,0.0,0.0,0.0,0.0,0.0,0.0,0.0
10.0,4.31731586579329,0.0035595438688294,0.0035595438663592,0.9999936648023032,0.9999936648023032,49.413718542372976,0.0,49.97622728088663,0.0,45.595066941201736,0.0,45.302435204867,0.0,0.0,0.0,0.0,0.0,0.0,0.0
10.0,4.31756587829392,0.0035595817744391,0.0035595817719695,0.999993664667374,0.999993664667374,49.413718532380216,0.0,49.9762270271432,0.0,45.59506693804416,0.0,45.30243514852836,0.0,0.0,0.0,0.0,0.0,0.0,0.0
10.0,4.31781589079454,0.0035596196818067,0.0035596196793377,0.999993664532437,0.999993664532437,49.41371852238669,0.0,49.9762267732762,0.0,45.59506693488639,0.0,45.302435092186485,0.0,0.0,0.0,0.0,0.0,0.0,0.0
10.0,4.31806590329516,0.0035596575909322,0.0035596575884638,0.999993664397493,0.999993664397493,49.4137185123924,0.0,49.9762265192868,0.0,45.59506693172844,0.0,45.302435035841405,0.0,0.0,0.0,0.0,0.0,0.0,0.0
10.0,4.31831591579579,0.0035596955018154,0.0035596954993477,0.999993664262541,0.999993664262541,49.41371850239735,0.0,49.97622626517612,0.0,45.595066928570304,0.0,45.302434979493086,0.0,0.0,0.0,0.0,0.0,0.0,0.0
10.0,4.31856592829642,0.0035597334144564,0.0035597334119893,0.999993664127581,0.999993664127581,49.41371849240154,0.0,49.97622601094525,0.0,45.595066925411984,0.0,45.30243492314154,0.0,0.0,0.0,0.0,0.0,0.0,0.0
10.0,4.31881594079704,0.0035597713288551,0.0035597713263886,0.999993663992614,0.999993663992614,49.41371848240497,0.0,49.976225756595326,0.0,45.59506692225349,0.0,45.302434866786776,0.0,0.0,0.0,0.0,0.0,0.0,0.0
10.0,4.31906595329766,0.0035598092450113,0.0035598092425455,0.999993663857638,0.999993663857638,49.41371847240762,0.0,49.976225502127406,0.0,45.59506691909481,0.0,45.30243481042879,0.0,0.0,0.0,0.0,0.0,0.0,0.0
10.0,4.319315965798291,0.0035598471629252,0.0035598471604599,0.999993663722656,0.999993663722656,49.41371846240953,0.0,49.976225247542565,0.0,45.59506691593595,0.0,45.30243475406755,0.0,0.0,0.0,0.0,0.0,0.0,0.0
10.0,4.31956597829891,0.0035598850825965,0.0035598850801318,0.9999936635876652,0.9999936635876652,49.41371845241066,0.0,49.97622499284186,0.0,45.59506691277691,0.0,45.30243469770311,0.0,0.0,0.0,0.0,0.0,0.0,0.0
10.0,4.31981599079954,0.0035599230040252,0.0035599230015612,0.9999936634526668,0.9999936634526668,49.41371844241104,0.0,49.97622473802634,0.0,45.59506690961767,0.0,45.30243464133543,0.0,0.0,0.0,0.0,0.0,0.0,0.0
10.0,4.32006600330017,0.0035599609272113,0.0035599609247479,0.9999936633176612,0.999993663317661,49.41371843241066,0.0,49.976224483097006,0.0,45.59506690645826,0.0,45.30243458496453,0.0,0.0,0.0,0.0,0.0,0.0,0.0
10.0,4.32031601580079,0.0035599988521547,0.0035599988496919,0.999993663182648,0.999993663182647,49.41371842240952,0.0,49.9762242280549,0.0,45.59506690329867,0.0,45.3024345285904,0.0,0.0,0.0,0.0,0.0,0.0,0.0
10.0,4.32056602830141,0.0035600367788554,0.0035600367763932,0.999993663047627,0.999993663047626,49.4137184124076,0.0,49.97622397290098,0.0,45.59506690013889,0.0,45.30243447221304,0.0,0.0,0.0,0.0,0.0,0.0,0.0
10.0,4.32081604080204,0.0035600747073132,0.0035600747048516,0.999993662912597,0.999993662912597,49.413718402404925,0.0,49.97622371763627,0.0,45.59506689697893,0.0,45.30243441583245,0.0,0.0,0.0,0.0,0.0,0.0,0.0
10.0,4.32106605330266,0.0035601126375281,0.0035601126350672,0.9999936627775609,0.9999936627775609,49.41371839240149,0.0,49.976223462261714,0.0,45.59506689381879,0.0,45.302434359448654,0.0,0.0,0.0,0.0,0.0,0.0,0.0
10.0,4.32131606580329,0.0035601505695001,0.0035601505670398,0.999993662642516,0.999993662642516,49.41371838239729,0.0,49.97622320677827,0.0,45.59506689065846,0.0,45.30243430306162,0.0,0.0,0.0,0.0,0.0,0.0,0.0
10.0,4.32156607830392,0.0035601885032291,0.0035601885007693,0.999993662507464,0.999993662507464,49.41371837239233,0.0,49.97622295118692,0.0,45.59506688749796,0.0,45.30243424667135,0.0,0.0,0.0,0.0,0.0,0.0,0.0
10.0,4.32181609080454,0.0035602264387151,0.0035602264362559,0.999993662372405,0.999993662372405,49.41371836238661,0.0,49.97622269548855,0.0,45.59506688433726,0.0,45.30243419027787,0.0,0.0,0.0,0.0,0.0,0.0,0.0
10.0,4.32206610330517,0.0035602643759578,0.0035602643734993,0.999993662237337,0.999993662237337,49.41371835238012,0.0,49.9762224396841,0.0,45.59506688117638,0.0,45.30243413388115,0.0,0.0,0.0,0.0,0.0,0.0,0.0
10.0,4.32231611580579,0.0035603023149575,0.0035603023124995,0.999993662102262,0.999993662102262,49.41371834237288,0.0,49.97622218377448,0.0,45.59506687801533,0.0,45.302434077481216,0.0,0.0,0.0,0.0,0.0,0.0,0.0
10.0,4.322566128306419,0.0035603402557138,0.0035603402532564,0.9999936619671788,0.9999936619671788,49.41371833236487,0.0,49.97622192776057,0.0,45.59506687485409,0.0,45.30243402107805,0.0,0.0,0.0,0.0,0.0,0.0,0.0
10.0,4.32281614080704,0.0035603781982268,0.00356037819577,0.9999936618320888,0.9999936618320888,49.41371832235609,0.0,49.97622167164327,0.0,45.595066871692666,0.0,45.30243396467166,0.0,0.0,0.0,0.0,0.0,0.0,0.0
10.0,4.32306615330767,0.0035604161424965,0.0035604161400403,0.999993661696991,0.999993661696991,49.41371831234655,0.0,49.97622141542345,0.0,45.595066868531056,0.0,45.30243390826203,0.0,0.0,0.0,0.0,0.0,0.0,0.0
10.0,4.32331616580829,0.0035604540885227,0.0035604540860671,0.999993661561885,0.999993661561885,49.41371830233626,0.0,49.97622115910197,0.0,45.59506686536927,0.0,45.30243385184918,0.0,0.0,0.0,0.0,0.0,0.0,0.0
10.0,4.32356617830891,0.0035604920363054,0.0035604920338503,0.999993661426771,0.999993661426771,49.41371829232519,0.0,49.976220902679664,0.0,45.5950668622073,0.0,45.30243379543311,0.0,0.0,0.0,0.0,0.0,0.0,0.0
10.0,4.32381619080954,0.0035605299858445,0.0035605299833901,0.99999366129165,0.99999366129165,49.41371828231337,0.0,49.976220646157394,0.0,45.59506685904514,0.0,45.30243373901381,0.0,0.0,0.0,0.0,0.0,0.0,0.0
10.0,4.32406620331017,0.0035605679371401,0.0035605679346862,0.999993661156521,0.999993661156521,49.413718272300784,0.0,49.976220389535975,0.0,45.595066855882806,0.0,45.30243368259128,0.0,0.0,0.0,0.0,0.0,0.0,0.0
10.0,4.32431621581079,0.0035606058901919,0.0035606058877386,0.999993661021384,0.999993661021384,49.41371826228743,0.0,49.97622013281623,0.0,45.59506685272029,0.0,45.30243362616553,0.0,0.0,0.0,0.0,0.0,0.0,0.0
10.0,4.32456622831142,0.003560643845,0.0035606438425472,0.99999366088624,0.99999366088624,49.41371825227332,0.0,49.97621987599895,0.0,45.59506684955758,0.0,45.30243356973656,0.0,0.0,0.0,0.0,0.0,0.0,0.0
10.0,4.324816240812041,0.0035606818015642,0.0035606817991121,0.999993660751088,0.999993660751087,49.41371824225844,0.0,49.97621961908495,0.0,45.5950668463947,0.0,45.30243351330435,0.0,0.0,0.0,0.0,0.0,0.0,0.0
10.0,4.32506625331267,0.0035607197598846,0.0035607197574331,0.999993660615928,0.999993660615928,49.4137182322428,0.0,49.976219362075,0.0,45.59506684323163,0.0,45.302433456868926,0.0,0.0,0.0,0.0,0.0,0.0,0.0
10.0,4.32531626581329,0.0035607577199611,0.0035607577175101,0.99999366048076,0.99999366048076,49.41371822222641,0.0,49.97621910496989,0.0,45.59506684006837,0.0,45.30243340043027,0.0,0.0,0.0,0.0,0.0,0.0,0.0
10.0,4.32556627831392,0.0035607956817935,0.0035607956793431,0.999993660345585,0.999993660345585,49.41371821220925,0.0,49.97621884777038,0.0,45.59506683690495,0.0,45.30243334398838,0.0,0.0,0.0,0.0,0.0,0.0,0.0
10.0,4.32581629081454,0.0035608336453819,0.0035608336429321,0.999993660210402,0.999993660210402,49.41371820219131,0.0,49.97621859047722,0.0,45.59506683374133,0.0,45.30243328754327,0.0,0.0,0.0,0.0,0.0,0.0,0.0
10.0,4.32606630331517,0.0035608716107262,0.0035608716082769,0.999993660075212,0.999993660075212,49.41371819217263,0.0,49.97621833309117,0.0,45.59506683057752,0.0,45.30243323109494,0.0,0.0,0.0,0.0,0.0,0.0,0.0
10.0,4.32631631581579,0.0035609095778263,0.0035609095753776,0.999993659940014,0.999993659940013,49.41371818215317,0.0,49.97621807561295,0.0,45.59506682741354,0.0,45.302433174643376,0.0,0.0,0.0,0.0,0.0,0.0,0.0
10.0,4.32656632831642,0.0035609475466821,0.003560947544234,0.999993659804808,0.999993659804808,49.41371817213296,0.0,49.976217818043295,0.0,45.59506682424937,0.0,45.30243311818858,0.0,0.0,0.0,0.0,0.0,0.0,0.0
10.0,4.32681634081704,0.0035609855172937,0.0035609855148461,0.999993659669594,0.999993659669594,49.413718162111984,0.0,49.97621756038293,0.0,45.59506682108502,0.0,45.30243306173057,0.0,0.0,0.0,0.0,0.0,0.0,0.0
10.0,4.32706635331767,0.0035610234896608,0.0035610234872138,0.9999936595343728,0.999993659534372,49.41371815209023,0.0,49.97621730263256,0.0,45.5950668179205,0.0,45.30243300526933,0.0,0.0,0.0,0.0,0.0,0.0,0.0
10.0,4.32731636581829,0.0035610614637836,0.0035610614613371,0.999993659399144,0.999993659399144,49.41371814206774,0.0,49.97621704479288,0.0,45.595066814755775,0.0,45.302432948804864,0.0,0.0,0.0,0.0,0.0,0.0,0.0
10.0,4.32756637831892,0.0035610994396618,0.0035610994372159,0.999993659263907,0.999993659263907,49.41371813204447,0.0,49.97621678686459,0.0,45.59506681159088,0.0,45.302432892337166,0.0,0.0,0.0,0.0,0.0,0.0,0.0
10.0,4.32781639081954,0.0035611374172955,0.0035611374148502,0.999993659128662,0.999993659128662,49.41371812202044,0.0,49.97621652884838,0.0,45.5950668084258,0.0,45.30243283586625,0.0,0.0,0.0,0.0,0.0,0.0,0.0
10.0,4.328066403320169,0.0035611753966846,0.0035611753942398,0.99999365899341,0.99999365899341,49.41371811199565,0.0,49.97621627074491,0.0,45.59506680526054,0.0,45.3024327793921,0.0,0.0,0.0,0.0,0.0,0.0,0.0
10.0,4.32831641582079,0.003561213377829,0.0035612133753847,0.99999365885815,0.99999365885815,49.4137181019701,0.0,49.97621601255485,0.0,45.59506680209509,0.0,45.30243272291472,0.0,0.0,0.0,0.0,0.0,0.0,0.0
10.0,4.32856642832142,0.0035612513607286,0.0035612513582849,0.999993658722883,0.999993658722883,49.41371809194378,0.0,49.97621575427887,0.0,45.595066798929466,0.0,45.30243266643412,0.0,0.0,0.0,0.0,0.0,0.0,0.0
10.0,4.32881644082204,0.0035612893453834,0.0035612893429403,0.999993658587608,0.999993658587608,49.4137180819167,0.0,49.97621549591761,0.0,45.59506679576365,0.0,45.3024326099503,0.0,0.0,0.0,0.0,0.0,0.0,0.0
10.0,4.32906645332267,0.0035613273317934,0.0035613273293508,0.9999936584523252,0.9999936584523252,49.41371807188884,0.0,49.976215237471706,0.0,45.595066792597656,0.0,45.30243255346324,0.0,0.0,0.0,0.0,0.0,0.0,0.0
10.0,4.32931646582329,0.0035613653199585,0.0035613653175164,0.999993658317034,0.999993658317034,49.41371806186024,0.0,49.97621497894181,0.0,45.595066789431485,0.0,45.30243249697297,0.0,0.0,0.0,0.0,0.0,0.0,0.0
10.0,4.32956647832392,0.0035614033098785,0.003561403307437,0.999993658181736,0.999993658181736,49.41371805183088,0.0,49.97621472032854,0.0,45.59506678626512,0.0,45.30243244047946,0.0,0.0,0.0,0.0,0.0,0.0,0.0
10.0,4.32981649082454,0.0035614413015535,0.0035614412991126,0.99999365804643,0.99999365804643,49.41371804180073,0.0,49.97621446163252,0.0,45.595066783098574,0.0,45.30243238398273,0.0,0.0,0.0,0.0,0.0,0.0,0.0
10.0,4.33006650332517,0.0035614792949834,0.003561479292543,0.999993657911116,0.999993657911116,49.41371803176985,0.0,49.976214202854365,0.0,45.59506677993185,0.0,45.30243232748277,0.0,0.0,0.0,0.0,0.0,0.0,0.0
10.0,4.330316515825789,0.0035615172901681,0.0035615172877283,0.999993657775795,0.999993657775795,49.41371802173818,0.0,49.976213943994665,0.0,45.59506677676495,0.0,45.3024322709796,0.0,0.0,0.0,0.0,0.0,0.0,0.0
10.0,4.33056652832642,0.0035615552871076,0.0035615552846683,0.999993657640466,0.999993657640466,49.41371801170576,0.0,49.97621368505403,0.0,45.59506677359785,0.0,45.30243221447318,0.0,0.0,0.0,0.0,0.0,0.0,0.0
10.0,4.33081654082704,0.0035615932858018,0.003561593283363,0.999993657505129,0.999993657505129,49.41371800167257,0.0,49.97621342603304,0.0,45.59506677043058,0.0,45.30243215796355,0.0,0.0,0.0,0.0,0.0,0.0,0.0
10.0,4.33106655332767,0.0035616312862506,0.0035616312838124,0.999993657369785,0.999993657369785,49.41371799163862,0.0,49.97621316693229,0.0,45.59506676726312,0.0,45.30243210145069,0.0,0.0,0.0,0.0,0.0,0.0,0.0
10.0,4.33131656582829,0.003561669288454,0.0035616692860163,0.999993657234433,0.999993657234433,49.4137179816039,0.0,49.97621290775236,0.0,45.595066764095485,0.0,45.3024320449346,0.0,0.0,0.0,0.0,0.0,0.0,0.0
10.0,4.33156657832892,0.0035617072924119,0.0035617072899747,0.9999936570990732,0.9999936570990732,49.41371797156843,0.0,49.97621264849379,0.0,45.59506676092766,0.0,45.302431988415286,0.0,0.0,0.0,0.0,0.0,0.0,0.0
10.0,4.33181659082954,0.0035617452981243,0.0035617452956876,0.9999936569637048,0.9999936569637048,49.41371796153219,0.0,49.97621238915719,0.0,45.59506675775965,0.0,45.30243193189275,0.0,0.0,0.0,0.0,0.0,0.0,0.0
10.0,4.33206660333017,0.003561783305591,0.0035617833031549,0.99999365682833,0.99999365682833,49.4137179514952,0.0,49.97621212974308,0.0,45.59506675459146,0.0,45.30243187536698,0.0,0.0,0.0,0.0,0.0,0.0,0.0
10.0,4.33231661583079,0.0035618213148121,0.0035618213123765,0.999993656692947,0.999993656692947,49.41371794145743,0.0,49.97621187025203,0.0,45.59506675142309,0.0,45.30243181883799,0.0,0.0,0.0,0.0,0.0,0.0,0.0
10.0,4.33256662833142,0.0035618593257875,0.0035618593233524,0.999993656557557,0.999993656557556,49.4137179314189,0.0,49.97621161068456,0.0,45.59506674825454,0.0,45.30243176230576,0.0,0.0,0.0,0.0,0.0,0.0,0.0
10.0,4.33281664083204,0.003561897338517,0.0035618973360825,0.999993656422158,0.999993656422158,49.4137179213796,0.0,49.97621135104123,0.0,45.5950667450858,0.0,45.30243170577032,0.0,0.0,0.0,0.0,0.0,0.0,0.0
10.0,4.33306665333267,0.0035619353530007,0.0035619353505667,0.999993656286752,0.999993656286752,49.41371791133955,0.0,49.97621109132256,0.0,45.59506674191688,0.0,45.30243164923164,0.0,0.0,0.0,0.0,0.0,0.0,0.0
10.0,4.33331666583329,0.0035619733692385,0.003561973366805,0.999993656151338,0.999993656151338,49.41371790129874,0.0,49.97621083152907,0.0,45.59506673874778,0.0,45.30243159268975,0.0,0.0,0.0,0.0,0.0,0.0,0.0
10.0,4.33356667833392,0.0035620113872303,0.0035620113847973,0.999993656015917,0.999993656015917,49.41371789125715,0.0,49.9762105716613,0.0,45.5950667355785,0.0,45.302431536144624,0.0,0.0,0.0,0.0,0.0,0.0,0.0
10.0,4.33381669083454,0.003562049406976,0.0035620494045436,0.999993655880488,0.999993655880488,49.41371788121481,0.0,49.97621031171974,0.0,45.59506673240904,0.0,45.30243147959628,0.0,0.0,0.0,0.0,0.0,0.0,0.0
10.0,4.33406670333517,0.0035620874284757,0.0035620874260437,0.9999936557450512,0.9999936557450512,49.41371787117169,0.0,49.9762100517049,0.0,45.59506672923938,0.0,45.3024314230447,0.0,0.0,0.0,0.0,0.0,0.0,0.0
10.0,4.33431671583579,0.0035621254517292,0.0035621254492977,0.999993655609607,0.999993655609607,49.41371786112783,0.0,49.976209791617286,0.0,45.59506672606955,0.0,45.30243136648991,0.0,0.0,0.0,0.0,0.0,0.0,0.0
10.0,4.33456672833642,0.0035621634767364,0.0035621634743055,0.999993655474155,0.999993655474155,49.4137178510832,0.0,49.9762095314574,0.0,45.59506672289952,0.0,45.30243130993188,0.0,0.0,0.0,0.0,0.0,0.0,0.0
10.0,4.33481674083704,0.0035622015034974,0.0035622015010669,0.999993655338695,0.999993655338695,49.413717841037794,0.0,49.97620927122572,0.0,45.59506671972933,0.0,45.30243125337062,0.0,0.0,0.0,0.0,0.0,0.0,0.0
10.0,4.33506675333767,0.003562239532012,0.0035622395295821,0.999993655203227,0.9999936552032268,49.41371783099164,0.0,49.97620901092273,0.0,45.59506671655895,0.0,45.30243119680614,0.0,0.0,0.0,0.0,0.0,0.0,0.0
10.0,4.33531676583829,0.0035622775622802,0.0035622775598508,0.999993655067752,0.999993655067752,49.413717820944704,0.0,49.97620875054892,0.0,45.595066713388384,0.0,45.30243114023843,0.0,0.0,0.0,0.0,0.0,0.0,0.0
10.0,4.33556677833892,0.0035623155943019,0.003562315591873,0.999993654932269,0.999993654932269,49.41371781089703,0.0,49.97620849010476,0.0,45.59506671021764,0.0,45.3024310836675,0.0,0.0,0.0,0.0,0.0,0.0,0.0
10.0,4.33581679083954,0.0035623536280771,0.0035623536256487,0.999993654796779,0.999993654796778,49.41371780084856,0.0,49.97620822959071,0.0,45.59506670704671,0.0,45.30243102709334,0.0,0.0,0.0,0.0,0.0,0.0,0.0
10.0,4.33606680334017,0.0035623916636057,0.0035623916611777,0.99999365466128,0.99999365466128,49.41371779079935,0.0,49.976207969007234,0.0,45.5950667038756,0.0,45.30243097051595,0.0,0.0,0.0,0.0,0.0,0.0,0.0
10.0,4.33631681584079,0.0035624297008876,0.0035624296984601,0.999993654525774,0.999993654525774,49.41371778074937,0.0,49.97620770835479,0.0,45.5950667007043,0.0,45.30243091393535,0.0,0.0,0.0,0.0,0.0,0.0,0.0
10.0,4.33656682834142,0.0035624677399228,0.0035624677374958,0.999993654390261,0.999993654390261,49.41371777069863,0.0,49.97620744763384,0.0,45.595066697532815,0.0,45.3024308573515,0.0,0.0,0.0,0.0,0.0,0.0,0.0
10.0,4.33681684084204,0.0035625057807112,0.0035625057782847,0.999993654254739,0.999993654254739,49.41371776064712,0.0,49.97620718684482,0.0,45.59506669436116,0.0,45.30243080076445,0.0,0.0,0.0,0.0,0.0,0.0,0.0
10.0,4.33706685334267,0.0035625438232527,0.0035625438208268,0.99999365411921,0.99999365411921,49.41371775059485,0.0,49.97620692598817,0.0,45.59506669118931,0.0,45.30243074417415,0.0,0.0,0.0,0.0,0.0,0.0,0.0
10.0,4.33731686584329,0.0035625818675474,0.0035625818651219,0.999993653983673,0.999993653983673,49.41371774054183,0.0,49.976206665064346,0.0,45.59506668801729,0.0,45.30243068758064,0.0,0.0,0.0,0.0,0.0,0.0,0.0
10.0,4.33756687834392,0.003562619913595,0.0035626199111701,0.999993653848129,0.999993653848129,49.41371773048802,0.0,49.97620640407375,0.0,45.59506668484508,0.0,45.30243063098391,0.0,0.0,0.0,0.0,0.0,0.0,0.0
10.0,4.33781689084454,0.0035626579613957,0.0035626579589712,0.999993653712576,0.999993653712576,49.41371772043347,0.0,49.97620614301683,0.0,45.59506668167269,0.0,45.30243057438393,0.0,0.0,0.0,0.0,0.0,0.0,0.0
10.0,4.33806690334517,0.0035626960109492,0.0035626960085252,0.999993653577017,0.999993653577017,49.41371771037814,0.0,49.97620588189402,0.0,45.5950666785001,0.0,45.30243051778074,0.0,0.0,0.0,0.0,0.0,0.0,0.0
10.0,4.33831691584579,0.0035627340622556,0.0035627340598321,0.999993653441449,0.999993653441449,49.41371770032205,0.0,49.97620562070571,0.0,45.59506667532735,0.0,45.30243046117432,0.0,0.0,0.0,0.0,0.0,0.0,0.0
10.0,4.33856692834642,0.0035627721153147,0.0035627721128917,0.999993653305874,0.999993653305874,49.4137176902652,0.0,49.97620535945234,0.0,45.59506667215441,0.0,45.30243040456468,0.0,0.0,0.0,0.0,0.0,0.0,0.0
10.0,4.33881694084704,0.0035628101701266,0.0035628101677041,0.999993653170291,0.999993653170291,49.41371768020758,0.0,49.9762050981343,0.0,45.59506666898128,0.0,45.30243034795181,0.0,0.0,0.0,0.0,0.0,0.0,0.0
10.0,4.33906695334767,0.0035628482266911,0.0035628482242691,0.9999936530347,0.9999936530347,49.4137176701492,0.0,49.97620483675201,0.0,45.595066665807984,0.0,45.3024302913357,0.0,0.0,0.0,0.0,0.0,0.0,0.0
10.0,4.33931696584829,0.0035628862850083,0.0035628862825867,0.999993652899102,0.999993652899102,49.413717660090064,0.0,49.97620457530585,0.0,45.59506666263449,0.0,45.30243023471638,0.0,0.0,0.0,0.0,0.0,0.0,0.0
10.0,4.33956697834892,0.0035629243450779,0.0035629243426568,0.999993652763496,0.999993652763496,49.41371765003016,0.0,49.97620431379624,0.0,45.59506665946082,0.0,45.30243017809384,0.0,0.0,0.0,0.0,0.0,0.0,0.0
10.0,4.33981699084954,0.0035629624069001,0.0035629624044794,0.999993652627882,0.999993652627882,49.41371763996949,0.0,49.97620405222356,0.0,45.59506665628697,0.0,45.30243012146806,0.0,0.0,0.0,0.0,0.0,0.0,0.0
10.0,4.34006700335017,0.0035630004704746,0.0035630004680544,0.999993652492261,0.999993652492261,49.41371762990806,0.0,49.976203790588194,0.0,45.59506665311293,0.0,45.30243006483906,0.0,0.0,0.0,0.0,0.0,0.0,0.0
10.0,4.34031701585079,0.0035630385358015,0.0035630385333818,0.999993652356632,0.999993652356632,49.413717619845855,0.0,49.97620352889054,0.0,45.59506664993871,0.0,45.302430008206834,0.0,0.0,0.0,0.0,0.0,0.0,0.0
10.0,4.340567028351421,0.0035630766028806,0.0035630766004614,0.999993652220995,0.999993652220995,49.4137176097829,0.0,49.97620326713096,0.0,45.5950666467643,0.0,45.302429951571376,0.0,0.0,0.0,0.0,0.0,0.0,0.0
10.0,4.34081704085204,0.003563114671712,0.0035631146692932,0.99999365208535,0.99999365208535,49.41371759971917,0.0,49.97620300530984,0.0,45.59506664358972,0.0,45.30242989493271,0.0,0.0,0.0,0.0,0.0,0.0,0.0
10.0,4.34106705335267,0.0035631527422956,0.0035631527398773,0.999993651949698,0.999993651949698,49.41371758965468,0.0,49.97620274342754,0.0,45.59506664041496,0.0,45.3024298382908,0.0,0.0,0.0,0.0,0.0,0.0,0.0
10.0,4.34131706585329,0.0035631908146312,0.0035631908122134,0.999993651814038,0.999993651814038,49.41371757958943,0.0,49.97620248148444,0.0,45.59506663724,0.0,45.302429781645664,0.0,0.0,0.0,0.0,0.0,0.0,0.0
10.0,4.34156707835392,0.0035632288887189,0.0035632288863015,0.9999936516783708,0.9999936516783708,49.41371756952342,0.0,49.97620221948091,0.0,45.59506663406487,0.0,45.3024297249973,0.0,0.0,0.0,0.0,0.0,0.0,0.0
10.0,4.34181709085454,0.0035632669645585,0.0035632669621416,0.9999936515426948,0.9999936515426948,49.41371755945664,0.0,49.976201957417295,0.0,45.59506663088955,0.0,45.30242966834573,0.0,0.0,0.0,0.0,0.0,0.0,0.0
10.0,4.34206710335517,0.0035633050421501,0.0035633050397336,0.999993651407012,0.999993651407012,49.41371754938909,0.0,49.97620169529395,0.0,45.59506662771405,0.0,45.30242961169092,0.0,0.0,0.0,0.0,0.0,0.0,0.0
10.0,4.34231711585579,0.0035633431214935,0.0035633431190775,0.999993651271322,0.999993651271322,49.41371753932079,0.0,49.97620143311124,0.0,45.59506662453837,0.0,45.30242955503288,0.0,0.0,0.0,0.0,0.0,0.0,0.0
10.0,4.34256712835642,0.0035633812025887,0.0035633812001732,0.999993651135623,0.999993651135623,49.41371752925171,0.0,49.9762011708695,0.0,45.595066621362506,0.0,45.30242949837162,0.0,0.0,0.0,0.0,0.0,0.0,0.0
10.0,4.342817140857041,0.0035634192854356,0.0035634192830205,0.999993650999917,0.999993650999917,49.41371751918187,0.0,49.97620090856909,0.0,45.59506661818646,0.0,45.30242944170714,0.0,0.0,0.0,0.0,0.0,0.0,0.0
10.0,4.34306715335767,0.0035634573700342,0.0035634573676196,0.9999936508642032,0.9999936508642032,49.41371750911128,0.0,49.97620064621033,0.0,45.59506661501023,0.0,45.302429385039424,0.0,0.0,0.0,0.0,0.0,0.0,0.0
10.0,4.34331716585829,0.0035634954563844,0.0035634954539702,0.999993650728482,0.999993650728482,49.41371749903992,0.0,49.97620038379358,0.0,45.595066611833815,0.0,45.30242932836848,0.0,0.0,0.0,0.0,0.0,0.0,0.0
10.0,4.34356717835892,0.0035635335444861,0.0035635335420724,0.999993650592753,0.999993650592753,49.41371748896779,0.0,49.97620012131916,0.0,45.59506660865721,0.0,45.30242927169432,0.0,0.0,0.0,0.0,0.0,0.0,0.0
10.0,4.34381719085954,0.0035635716343393,0.003563571631926,0.999993650457016,0.999993650457016,49.413717478894895,0.0,49.97619985878741,0.0,45.59506660548044,0.0,45.30242921501693,0.0,0.0,0.0,0.0,0.0,0.0,0.0
10.0,4.34406720336017,0.003563609725944,0.0035636097235311,0.999993650321272,0.999993650321272,49.41371746882124,0.0,49.97619959619865,0.0,45.59506660230348,0.0,45.30242915833632,0.0,0.0,0.0,0.0,0.0,0.0,0.0
10.0,4.34431721586079,0.0035636478193,0.0035636478168875,0.999993650185519,0.999993650185519,49.41371745874682,0.0,49.9761993335532,0.0,45.59506659912633,0.0,45.30242910165248,0.0,0.0,0.0,0.0,0.0,0.0,0.0
10.0,4.34456722836142,0.0035636859144072,0.0035636859119952,0.99999365004976,0.99999365004976,49.41371744867164,0.0,49.97619907085139,0.0,45.59506659594901,0.0,45.30242904496541,0.0,0.0,0.0,0.0,0.0,0.0,0.0
10.0,4.34481724086204,0.0035637240112657,0.0035637240088542,0.999993649913992,0.999993649913992,49.4137174385957,0.0,49.976198808093535,0.0,45.5950665927715,0.0,45.30242898827511,0.0,0.0,0.0,0.0,0.0,0.0,0.0
10.0,4.34506725336267,0.0035637621098754,0.0035637621074643,0.9999936497782168,0.999993649778217,49.413717428518986,0.0,49.97619854527996,0.0,45.5950665895938,0.0,45.3024289315816,0.0,0.0,0.0,0.0,0.0,0.0,0.0
10.0,4.34531726586329,0.0035638002102362,0.0035638002078255,0.999993649642434,0.999993649642434,49.41371741844151,0.0,49.97619828241095,0.0,45.59506658641593,0.0,45.302428874884846,0.0,0.0,0.0,0.0,0.0,0.0,0.0
10.0,4.34556727836392,0.003563838312348,0.0035638383099377,0.999993649506643,0.999993649506643,49.41371740836328,0.0,49.97619801948684,0.0,45.59506658323787,0.0,45.30242881818488,0.0,0.0,0.0,0.0,0.0,0.0,0.0
10.0,4.34581729086454,0.0035638764162108,0.003563876413801,0.999993649370845,0.9999936493708452,49.41371739828426,0.0,49.97619775650792,0.0,45.59506658005964,0.0,45.302428761481686,0.0,0.0,0.0,0.0,0.0,0.0,0.0
10.0,4.346067303365169,0.0035639145218245,0.0035639145194151,0.999993649235039,0.999993649235039,49.413717388204496,0.0,49.97619749347449,0.0,45.59506657688121,0.0,45.30242870477527,0.0,0.0,0.0,0.0,0.0,0.0,0.0
10.0,4.34631731586579,0.0035639526291891,0.0035639526267801,0.999993649099225,0.999993649099225,49.41371737812396,0.0,49.97619723038685,0.0,45.5950665737026,0.0,45.302428648065614,0.0,0.0,0.0,0.0,0.0,0.0,0.0
10.0,4.34656732836642,0.0035639907383045,0.0035639907358959,0.999993648963403,0.999993648963403,49.41371736804268,0.0,49.9761969672453,0.0,45.59506657052381,0.0,45.30242859135274,0.0,0.0,0.0,0.0,0.0,0.0,0.0
10.0,4.34681734086704,0.0035640288491706,0.0035640288467624,0.999993648827574,0.999993648827574,49.41371735796061,0.0,49.97619670405014,0.0,45.59506656734485,0.0,45.30242853463664,0.0,0.0,0.0,0.0,0.0,0.0,0.0
10.0,4.34706735336767,0.0035640669617874,0.0035640669593797,0.999993648691737,0.999993648691737,49.41371734787779,0.0,49.97619644080164,0.0,45.59506656416569,0.0,45.30242847791731,0.0,0.0,0.0,0.0,0.0,0.0,0.0
10.0,4.34731736586829,0.0035641050761548,0.0035641050737475,0.999993648555893,0.999993648555893,49.4137173377942,0.0,49.9761961775001,0.0,45.59506656098635,0.0,45.30242842119477,0.0,0.0,0.0,0.0,0.0,0.0,0.0
10.0,4.34756737836892,0.0035641431922727,0.0035641431898658,0.999993648420041,0.999993648420041,49.41371732770985,0.0,49.976195914145805,0.0,45.59506655780683,0.0,45.30242836446899,0.0,0.0,0.0,0.0,0.0,0.0,0.0
10.0,4.34781739086954,0.0035641813101411,0.0035641813077347,0.9999936482841808,0.9999936482841808,49.41371731762473,0.0,49.97619565073903,0.0,45.59506655462713,0.0,45.30242830773999,0.0,0.0,0.0,0.0,0.0,0.0,0.0
10.0,4.34806740337017,0.00356421942976,0.0035642194273539,0.999993648148313,0.999993648148313,49.41371730753886,0.0,49.97619538728007,0.0,45.59506655144725,0.0,45.30242825100776,0.0,0.0,0.0,0.0,0.0,0.0,0.0
10.0,4.348317415870791,0.0035642575511292,0.0035642575487235,0.999993648012438,0.999993648012438,49.41371729745221,0.0,49.97619512376916,0.0,45.595066548267184,0.0,45.3024281942723,0.0,0.0,0.0,0.0,0.0,0.0,0.0
10.0,4.34856742837142,0.0035642956742487,0.0035642956718435,0.9999936478765548,0.9999936478765548,49.4137172873648,0.0,49.97619486020662,0.0,45.59506654508693,0.0,45.30242813753362,0.0,0.0,0.0,0.0,0.0,0.0,0.0
10.0,4.34881744087204,0.0035643337991184,0.0035643337967136,0.999993647740664,0.999993647740664,49.41371727727663,0.0,49.97619459659269,0.0,45.5950665419065,0.0,45.30242808079172,0.0,0.0,0.0,0.0,0.0,0.0,0.0
10.0,4.34906745337267,0.0035643719257384,0.0035643719233339,0.999993647604766,0.9999936476047658,49.41371726718769,0.0,49.976194332927655,0.0,45.59506653872588,0.0,45.30242802404658,0.0,0.0,0.0,0.0,0.0,0.0,0.0
10.0,4.34931746587329,0.0035644100541084,0.0035644100517044,0.99999364746886,0.99999364746886,49.41371725709799,0.0,49.97619406921177,0.0,45.59506653554509,0.0,45.30242796729823,0.0,0.0,0.0,0.0,0.0,0.0,0.0
10.0,4.34956747837392,0.0035644481842285,0.0035644481818249,0.999993647332946,0.999993647332946,49.41371724700752,0.0,49.9761938054453,0.0,45.59506653236411,0.0,45.30242791054665,0.0,0.0,0.0,0.0,0.0,0.0,0.0
10.0,4.34981749087454,0.0035644863160986,0.0035644863136954,0.999993647197025,0.999993647197025,49.41371723691629,0.0,49.9761935416285,0.0,45.59506652918294,0.0,45.30242785379184,0.0,0.0,0.0,0.0,0.0,0.0,0.0
10.0,4.35006750337517,0.0035645244497186,0.0035645244473158,0.9999936470610958,0.9999936470610958,49.413717226824296,0.0,49.97619327776163,0.0,45.5950665260016,0.0,45.3024277970338,0.0,0.0,0.0,0.0,0.0,0.0,0.0
10.0,4.35031751587579,0.0035645625850885,0.0035645625826861,0.999993646925159,0.999993646925159,49.41371721673154,0.0,49.97619301384496,0.0,45.59506652282006,0.0,45.30242774027254,0.0,0.0,0.0,0.0,0.0,0.0,0.0
10.0,4.35056752837642,0.0035646007222081,0.0035646007198061,0.999993646789214,0.999993646789214,49.41371720663801,0.0,49.97619274987872,0.0,45.59506651963836,0.0,45.30242768350806,0.0,0.0,0.0,0.0,0.0,0.0,0.0
10.0,4.35081754087704,0.0035646388610776,0.0035646388586759,0.999993646653262,0.999993646653262,49.41371719654373,0.0,49.97619248586317,0.0,45.595066516456455,0.0,45.30242762674035,0.0,0.0,0.0,0.0,0.0,0.0,0.0
10.0,4.35106755337767,0.0035646770016967,0.0035646769992954,0.999993646517302,0.999993646517302,49.41371718644867,0.0,49.97619222179856,0.0,45.59506651327438,0.0,45.30242756996941,0.0,0.0,0.0,0.0,0.0,0.0,0.0
10.0,4.35131756587829,0.0035647151440654,0.0035647151416645,0.999993646381334,0.999993646381335,49.41371717635286,0.0,49.97619195768513,0.0,45.59506651009212,0.0,45.30242751319525,0.0,0.0,0.0,0.0,0.0,0.0,0.0
10.0,4.351567578378919,0.0035647532881837,0.0035647532857832,0.999993646245359,0.999993646245359,49.41371716625628,0.0,49.97619169352313,0.0,45.59506650690968,0.0,45.30242745641785,0.0,0.0,0.0,0.0,0.0,0.0,0.0
10.0,4.35181759087954,0.0035647914340515,0.0035647914316514,0.999993646109376,0.999993646109376,49.41371715615893,0.0,49.976191429312784,0.0,45.595066503727054,0.0,45.30242739963724,0.0,0.0,0.0,0.0,0.0,0.0,0.0
10.0,4.35206760338017,0.0035648295816687,0.003564829579269,0.999993645973386,0.999993645973385,49.41371714606082,0.0,49.976191165054345,0.0,45.59506650054425,0.0,45.3024273428534,0.0,0.0,0.0,0.0,0.0,0.0,0.0
10.0,4.35231761588079,0.0035648677310352,0.0035648677286359,0.999993645837387,0.999993645837387,49.413717135961946,0.0,49.97619090074805,0.0,45.59506649736125,0.0,45.30242728606634,0.0,0.0,0.0,0.0,0.0,0.0,0.0
10.0,4.35256762838142,0.0035649058821511,0.0035649058797522,0.999993645701381,0.999993645701381,49.41371712586231,0.0,49.97619063639412,0.0,45.59506649417808,0.0,45.30242722927604,0.0,0.0,0.0,0.0,0.0,0.0,0.0
10.0,4.35281764088204,0.0035649440350162,0.0035649440326177,0.999993645565367,0.999993645565367,49.4137171157619,0.0,49.9761903719928,0.0,45.59506649099472,0.0,45.30242717248253,0.0,0.0,0.0,0.0,0.0,0.0,0.0
10.0,4.35306765338267,0.0035649821896306,0.0035649821872324,0.999993645429346,0.999993645429346,49.41371710566074,0.0,49.97619010754431,0.0,45.59506648781119,0.0,45.30242711568579,0.0,0.0,0.0,0.0,0.0,0.0,0.0
10.0,4.35331766588329,0.003565020345994,0.0035650203435962,0.999993645293317,0.999993645293317,49.41371709555881,0.0,49.97618984304889,0.0,45.595066484627466,0.0,45.30242705888582,0.0,0.0,0.0,0.0,0.0,0.0,0.0
10.0,4.35356767838392,0.0035650585041065,0.003565058501709,0.99999364515728,0.99999364515728,49.413717085456106,0.0,49.97618957850676,0.0,45.59506648144357,0.0,45.30242700208262,0.0,0.0,0.0,0.0,0.0,0.0,0.0
10.0,4.353817690884539,0.003565096663968,0.0035650966615709,0.999993645021235,0.999993645021235,49.41371707535264,0.0,49.97618931391812,0.0,45.59506647825947,0.0,45.30242694527621,0.0,0.0,0.0,0.0,0.0,0.0,0.0
10.0,4.35406770338517,0.0035651348255784,0.0035651348231817,0.9999936448851832,0.9999936448851832,49.41371706524842,0.0,49.97618904928322,0.0,45.59506647507521,0.0,45.30242688846656,0.0,0.0,0.0,0.0,0.0,0.0,0.0
10.0,4.35431771588579,0.0035651729889377,0.0035651729865414,0.999993644749123,0.999993644749123,49.41371705514343,0.0,49.976188784602265,0.0,45.595066471890746,0.0,45.30242683165369,0.0,0.0,0.0,0.0,0.0,0.0,0.0
10.0,4.35456772838642,0.0035652111540458,0.0035652111516499,0.999993644613056,0.999993644613056,49.41371704503767,0.0,49.97618851987548,0.0,45.59506646870612,0.0,45.30242677483759,0.0,0.0,0.0,0.0,0.0,0.0,0.0
10.0,4.35481774088704,0.0035652493209027,0.0035652493185071,0.99999364447698,0.9999936444769808,49.41371703493116,0.0,49.97618825510307,0.0,45.5950664655213,0.0,45.30242671801828,0.0,0.0,0.0,0.0,0.0,0.0,0.0
10.0,4.35506775338767,0.0035652874895083,0.003565287487113,0.9999936443408968,0.9999936443408968,49.41371702482387,0.0,49.97618799028526,0.0,45.5950664623363,0.0,45.30242666119573,0.0,0.0,0.0,0.0,0.0,0.0,0.0
10.0,4.35531776588829,0.0035653256598625,0.0035653256574676,0.999993644204807,0.999993644204807,49.41371701471582,0.0,49.97618772542225,0.0,45.59506645915112,0.0,45.30242660436996,0.0,0.0,0.0,0.0,0.0,0.0,0.0
10.0,4.35556777838892,0.0035653638319652,0.0035653638295707,0.999993644068708,0.999993644068708,49.41371700460701,0.0,49.97618746051425,0.0,45.59506645596576,0.0,45.30242654754096,0.0,0.0,0.0,0.0,0.0,0.0,0.0
10.0,4.35581779088954,0.0035654020058165,0.0035654020034223,0.999993643932602,0.999993643932602,49.41371699449743,0.0,49.97618719556146,0.0,45.59506645278021,0.0,45.30242649070873,0.0,0.0,0.0,0.0,0.0,0.0,0.0
10.0,4.35606780339017,0.0035654401814161,0.0035654401790223,0.999993643796488,0.999993643796488,49.41371698438709,0.0,49.97618693056411,0.0,45.59506644959448,0.0,45.302426433873286,0.0,0.0,0.0,0.0,0.0,0.0,0.0
10.0,4.35631781589079,0.0035654783587642,0.0035654783563707,0.999993643660367,0.999993643660367,49.41371697427598,0.0,49.97618666552238,0.0,45.59506644640855,0.0,45.30242637703461,0.0,0.0,0.0,0.0,0.0,0.0,0.0
10.0,4.35656782839142,0.0035655165378606,0.0035655165354675,0.999993643524238,0.999993643524238,49.4137169641641,0.0,49.97618640043648,0.0,45.59506644322246,0.0,45.3024263201927,0.0,0.0,0.0,0.0,0.0,0.0,0.0
10.0,4.35681784089204,0.0035655547187052,0.0035655547163125,0.999993643388101,0.999993643388101,49.41371695405147,0.0,49.97618613530661,0.0,45.59506644003618,0.0,45.302426263347584,0.0,0.0,0.0,0.0,0.0,0.0,0.0
10.0,4.35706785339267,0.0035655929012981,0.0035655928989056,0.999993643251957,0.999993643251956,49.41371694393806,0.0,49.97618587013296,0.0,45.59506643684973,0.0,45.30242620649923,0.0,0.0,0.0,0.0,0.0,0.0,0.0
10.0,4.35731786589329,0.003565631085639,0.0035656310832469,0.999993643115804,0.999993643115804,49.4137169338239,0.0,49.97618560491574,0.0,45.59506643366308,0.0,45.30242614964765,0.0,0.0,0.0,0.0,0.0,0.0,0.0
10.0,4.35756787839392,0.0035656692717281,0.0035656692693363,0.999993642979645,0.999993642979645,49.41371692370897,0.0,49.97618533965513,0.0,45.59506643047625,0.0,45.30242609279285,0.0,0.0,0.0,0.0,0.0,0.0,0.0
10.0,4.35781789089454,0.0035657074595651,0.0035657074571737,0.999993642843477,0.999993642843477,49.41371691359326,0.0,49.976185074351335,0.0,45.59506642728925,0.0,45.302426035934815,0.0,0.0,0.0,0.0,0.0,0.0,0.0
10.0,4.35806790339517,0.0035657456491501,0.003565745646759,0.999993642707302,0.999993642707302,49.41371690347681,0.0,49.97618480900452,0.0,45.59506642410205,0.0,45.30242597907357,0.0,0.0,0.0,0.0,0.0,0.0,0.0
10.0,4.3583179158958,0.003565783840483,0.0035657838380922,0.9999936425711192,0.9999936425711192,49.41371689335959,0.0,49.97618454361491,0.0,45.59506642091468,0.0,45.302425922209096,0.0,0.0,0.0,0.0,0.0,0.0,0.0
10.0,4.35856792839642,0.0035658220335636,0.0035658220311732,0.999993642434928,0.999993642434928,49.4137168832416,0.0,49.97618427818267,0.0,45.59506641772712,0.0,45.30242586534138,0.0,0.0,0.0,0.0,0.0,0.0,0.0
10.0,4.35881794089704,0.0035658602283921,0.003565860226002,0.99999364229873,0.99999364229873,49.41371687312284,0.0,49.97618401270799,0.0,45.59506641453938,0.0,45.30242580847045,0.0,0.0,0.0,0.0,0.0,0.0,0.0
10.0,4.35906795339767,0.0035658984249682,0.0035658984225785,0.999993642162524,0.999993642162523,49.41371686300332,0.0,49.97618374719105,0.0,45.59506641135145,0.0,45.3024257515963,0.0,0.0,0.0,0.0,0.0,0.0,0.0
10.0,4.359317965898289,0.003565936623292,0.0035659366209026,0.99999364202631,0.99999364202631,49.41371685288304,0.0,49.97618348163204,0.0,45.59506640816336,0.0,45.30242569471892,0.0,0.0,0.0,0.0,0.0,0.0,0.0
10.0,4.35956797839892,0.0035659748233634,0.0035659748209742,0.999993641890088,0.999993641890088,49.41371684276199,0.0,49.97618321603114,0.0,45.59506640497506,0.0,45.30242563783831,0.0,0.0,0.0,0.0,0.0,0.0,0.0
10.0,4.35981799089955,0.0035660130251822,0.0035660130227934,0.999993641753859,0.999993641753859,49.41371683264016,0.0,49.97618295038853,0.0,45.5950664017866,0.0,45.30242558095448,0.0,0.0,0.0,0.0,0.0,0.0,0.0
10.0,4.36006800340017,0.0035660512287485,0.0035660512263601,0.999993641617622,0.999993641617622,49.41371682251759,0.0,49.97618268470437,0.0,45.595066398597936,0.0,45.30242552406743,0.0,0.0,0.0,0.0,0.0,0.0,0.0
10.0,4.36031801590079,0.0035660894340622,0.0035660894316741,0.999993641481378,0.999993641481378,49.41371681239424,0.0,49.97618241897885,0.0,45.59506639540911,0.0,45.30242546717714,0.0,0.0,0.0,0.0,0.0,0.0,0.0
10.0,4.36056802840142,0.0035661276411232,0.0035661276387354,0.999993641345126,0.999993641345126,49.41371680227013,0.0,49.97618215321216,0.0,45.59506639222008,0.0,45.30242541028363,0.0,0.0,0.0,0.0,0.0,0.0,0.0
10.0,4.36081804090205,0.0035661658499315,0.003566165847544,0.999993641208866,0.999993641208866,49.41371679214526,0.0,49.97618188740444,0.0,45.5950663890309,0.0,45.3024253533869,0.0,0.0,0.0,0.0,0.0,0.0,0.0
10.0,4.36106805340267,0.003566204060487,0.0035662040580998,0.999993641072598,0.999993641072598,49.41371678201961,0.0,49.97618162155588,0.0,45.59506638584151,0.0,45.30242529648695,0.0,0.0,0.0,0.0,0.0,0.0,0.0
10.0,4.3613180659033,0.0035662422727896,0.0035662422704027,0.999993640936323,0.999993640936323,49.41371677189321,0.0,49.97618135566665,0.0,45.595066382651936,0.0,45.30242523958376,0.0,0.0,0.0,0.0,0.0,0.0,0.0
10.0,4.36156807840392,0.0035662804868393,0.0035662804844527,0.99999364080004,0.99999364080004,49.41371676176604,0.0,49.97618108973691,0.0,45.59506637946218,0.0,45.30242518267734,0.0,0.0,0.0,0.0,0.0,0.0,0.0
10.0,4.36181809090454,0.003566318702636,0.0035663187002497,0.999993640663749,0.999993640663749,49.4137167516381,0.0,49.97618082376684,0.0,45.59506637627226,0.0,45.30242512576771,0.0,0.0,0.0,0.0,0.0,0.0,0.0
10.0,4.36206810340517,0.0035663569201797,0.0035663569177937,0.999993640527451,0.999993640527451,49.41371674150941,0.0,49.97618055775659,0.0,45.59506637308215,0.0,45.30242506885485,0.0,0.0,0.0,0.0,0.0,0.0,0.0
10.0,4.3623181159058,0.0035663951394702,0.0035663951370846,0.9999936403911448,0.999993640391145,49.41371673137994,0.0,49.97618029170634,0.0,45.59506636989185,0.0,45.302425011938766,0.0,0.0,0.0,0.0,0.0,0.0,0.0
10.0,4.36256812840642,0.0035664333605076,0.0035664333581223,0.999993640254831,0.999993640254831,49.413716721249706,0.0,49.97618002561624,0.0,45.59506636670137,0.0,45.302424955019454,0.0,0.0,0.0,0.0,0.0,0.0,0.0
10.0,4.36281814090705,0.0035664715832918,0.0035664715809067,0.99999364011851,0.99999364011851,49.41371671111872,0.0,49.97617975948645,0.0,45.5950663635107,0.0,45.30242489809692,0.0,0.0,0.0,0.0,0.0,0.0,0.0
10.0,4.36306815340767,0.0035665098078226,0.0035665098054379,0.9999936399821802,0.9999936399821812,49.41371670098695,0.0,49.97617949331715,0.0,45.59506636031986,0.0,45.30242484117116,0.0,0.0,0.0,0.0,0.0,0.0,0.0
10.0,4.3633181659083,0.0035665480341001,0.0035665480317156,0.999993639845844,0.999993639845844,49.41371669085443,0.0,49.97617922710846,0.0,45.59506635712884,0.0,45.30242478424217,0.0,0.0,0.0,0.0,0.0,0.0,0.0
10.0,4.36356817840892,0.0035665862621242,0.00356658625974,0.999993639709499,0.999993639709499,49.41371668072114,0.0,49.97617896086057,0.0,45.59506635393763,0.0,45.30242472730996,0.0,0.0,0.0,0.0,0.0,0.0,0.0
10.0,4.36381819090955,0.0035666244918948,0.0035666244895109,0.999993639573147,0.999993639573147,49.413716670587085,0.0,49.97617869457363,0.0,45.59506635074624,0.0,45.30242467037451,0.0,0.0,0.0,0.0,0.0,0.0,0.0
10.0,4.364068203410171,0.0035666627234118,0.0035666627210282,0.9999936394367872,0.9999936394367872,49.41371666045226,0.0,49.9761784282478,0.0,45.595066347554656,0.0,45.30242461343585,0.0,0.0,0.0,0.0,0.0,0.0,0.0
10.0,4.36431821591079,0.0035667009566753,0.003566700954292,0.9999936393004192,0.999993639300419,49.41371665031668,0.0,49.97617816188321,0.0,45.5950663443629,0.0,45.30242455649397,0.0,0.0,0.0,0.0,0.0,0.0,0.0
10.0,4.36456822841142,0.003566739191685,0.003566739189302,0.999993639164044,0.999993639164044,49.41371664018032,0.0,49.97617789548002,0.0,45.59506634117096,0.0,45.302424499548856,0.0,0.0,0.0,0.0,0.0,0.0,0.0
10.0,4.36481824091205,0.0035667774284411,0.0035667774260584,0.999993639027661,0.9999936390276613,49.41371663004321,0.0,49.9761776290384,0.0,45.59506633797884,0.0,45.30242444260051,0.0,0.0,0.0,0.0,0.0,0.0,0.0
10.0,4.36506825341267,0.0035668156669434,0.0035668156645609,0.999993638891271,0.99999363889127,49.41371661990533,0.0,49.97617736255848,0.0,45.59506633478654,0.0,45.30242438564896,0.0,0.0,0.0,0.0,0.0,0.0,0.0
10.0,4.3653182659133,0.0035668539071918,0.0035668539048096,0.999993638754872,0.999993638754872,49.41371660976668,0.0,49.9761770960404,0.0,45.59506633159405,0.0,45.30242432869416,0.0,0.0,0.0,0.0,0.0,0.0,0.0
10.0,4.36556827841392,0.0035668921491862,0.0035668921468044,0.999993638618466,0.999993638618466,49.41371659962727,0.0,49.97617682948432,0.0,45.59506632840138,0.0,45.30242427173615,0.0,0.0,0.0,0.0,0.0,0.0,0.0
10.0,4.36581829091455,0.0035669303929268,0.0035669303905451,0.9999936384820532,0.9999936384820532,49.41371658948709,0.0,49.9761765628904,0.0,45.59506632520852,0.0,45.3024242147749,0.0,0.0,0.0,0.0,0.0,0.0,0.0
10.0,4.36606830341517,0.0035669686384132,0.0035669686360319,0.999993638345631,0.999993638345631,49.41371657934614,0.0,49.97617629625876,0.0,45.59506632201549,0.0,45.30242415781044,0.0,0.0,0.0,0.0,0.0,0.0,0.0
10.0,4.3663183159158,0.0035670068856456,0.0035670068832645,0.999993638209202,0.999993638209202,49.41371656920444,0.0,49.97617602958954,0.0,45.59506631882228,0.0,45.30242410084274,0.0,0.0,0.0,0.0,0.0,0.0,0.0
10.0,4.36656832841642,0.0035670451346238,0.003567045132243,0.999993638072765,0.999993638072765,49.41371655906197,0.0,49.97617576288291,0.0,45.59506631562888,0.0,45.30242404387183,0.0,0.0,0.0,0.0,0.0,0.0,0.0
10.0,4.36681834091705,0.0035670833853478,0.0035670833829672,0.999993637936321,0.999993637936321,49.41371654891872,0.0,49.976175496138985,0.0,45.59506631243529,0.0,45.302423986897686,0.0,0.0,0.0,0.0,0.0,0.0,0.0
10.0,4.36706835341767,0.0035671216378175,0.0035671216354372,0.9999936377998682,0.9999936377998682,49.41371653877472,0.0,49.97617522935792,0.0,45.59506630924152,0.0,45.30242392992033,0.0,0.0,0.0,0.0,0.0,0.0,0.0
10.0,4.367318365918299,0.0035671598920328,0.0035671598896528,0.999993637663409,0.999993637663409,49.41371652862996,0.0,49.97617496253983,0.0,45.59506630604757,0.0,45.30242387293973,0.0,0.0,0.0,0.0,0.0,0.0,0.0
10.0,4.36756837841892,0.0035671981479938,0.003567198145614,0.999993637526941,0.999993637526941,49.41371651848442,0.0,49.97617469568488,0.0,45.595066302853446,0.0,45.30242381595591,0.0,0.0,0.0,0.0,0.0,0.0,0.0
10.0,4.36781839091955,0.0035672364057002,0.0035672364033207,0.999993637390466,0.999993637390466,49.41371650833812,0.0,49.9761744287932,0.0,45.59506629965913,0.0,45.30242375896887,0.0,0.0,0.0,0.0,0.0,0.0,0.0
10.0,4.36806840342017,0.0035672746651521,0.0035672746627729,0.999993637253983,0.999993637253983,49.41371649819106,0.0,49.97617416186491,0.0,45.59506629646464,0.0,45.3024237019786,0.0,0.0,0.0,0.0,0.0,0.0,0.0
10.0,4.3683184159208,0.0035673129263495,0.0035673129239705,0.999993637117492,0.999993637117492,49.41371648804322,0.0,49.97617389490016,0.0,45.59506629326995,0.0,45.30242364498511,0.0,0.0,0.0,0.0,0.0,0.0,0.0
10.0,4.36856842842142,0.0035673511892921,0.0035673511869134,0.999993636980994,0.999993636980994,49.41371647789463,0.0,49.976173627899065,0.0,45.595066290075096,0.0,45.30242358798839,0.0,0.0,0.0,0.0,0.0,0.0,0.0
10.0,4.36881844092205,0.0035673894539801,0.0035673894516016,0.999993636844488,0.999993636844488,49.41371646774528,0.0,49.97617336086178,0.0,45.595066286880055,0.0,45.30242353098844,0.0,0.0,0.0,0.0,0.0,0.0,0.0
10.0,4.36906845342267,0.0035674277204132,0.003567427718035,0.999993636707974,0.999993636707974,49.41371645759514,0.0,49.97617309378841,0.0,45.59506628368482,0.0,45.30242347398528,0.0,0.0,0.0,0.0,0.0,0.0,0.0
10.0,4.3693184659233,0.0035674659885915,0.0035674659862136,0.9999936365714528,0.999993636571453,49.41371644744425,0.0,49.9761728266791,0.0,45.59506628048941,0.0,45.30242341697889,0.0,0.0,0.0,0.0,0.0,0.0,0.0
10.0,4.369568478423921,0.003567504258515,0.0035675042561372,0.9999936364349228,0.9999936364349228,49.413716437292585,0.0,49.97617255953399,0.0,45.595066277293824,0.0,45.30242335996927,0.0,0.0,0.0,0.0,0.0,0.0,0.0
10.0,4.36981849092455,0.0035675425301834,0.0035675425278059,0.9999936362983868,0.9999936362983868,49.41371642714017,0.0,49.97617229235317,0.0,45.59506627409805,0.0,45.30242330295643,0.0,0.0,0.0,0.0,0.0,0.0,0.0
10.0,4.37006850342517,0.0035675808035968,0.0035675808012195,0.999993636161842,0.999993636161842,49.41371641698698,0.0,49.9761720251368,0.0,45.59506627090209,0.0,45.30242324594036,0.0,0.0,0.0,0.0,0.0,0.0,0.0
10.0,4.3703185159258,0.0035676190787551,0.0035676190763781,0.99999363602529,0.99999363602529,49.41371640683302,0.0,49.97617175788499,0.0,45.59506626770596,0.0,45.302423188921054,0.0,0.0,0.0,0.0,0.0,0.0,0.0
10.0,4.37056852842642,0.0035676573556583,0.0035676573532815,0.99999363588873,0.99999363588873,49.4137163966783,0.0,49.97617149059787,0.0,45.59506626450964,0.0,45.302423131898536,0.0,0.0,0.0,0.0,0.0,0.0,0.0
10.0,4.37081854092705,0.0035676956343062,0.0035676956319297,0.999993635752163,0.999993635752163,49.413716386522815,0.0,49.97617122327557,0.0,45.59506626131313,0.0,45.30242307487279,0.0,0.0,0.0,0.0,0.0,0.0,0.0
10.0,4.37106855342767,0.0035677339146989,0.0035677339123226,0.999993635615588,0.999993635615588,49.413716376366565,0.0,49.97617095591819,0.0,45.59506625811644,0.0,45.30242301784382,0.0,0.0,0.0,0.0,0.0,0.0,0.0
10.0,4.3713185659283,0.0035677721968362,0.0035677721944601,0.999993635479005,0.999993635479004,49.41371636620955,0.0,49.97617068852588,0.0,45.59506625491957,0.0,45.30242296081163,0.0,0.0,0.0,0.0,0.0,0.0,0.0
10.0,4.37156857842892,0.0035678104807181,0.0035678104783422,0.999993635342414,0.999993635342414,49.41371635605177,0.0,49.97617042109873,0.0,45.59506625172253,0.0,45.30242290377621,0.0,0.0,0.0,0.0,0.0,0.0,0.0
10.0,4.37181859092955,0.0035678487663445,0.0035678487639689,0.999993635205816,0.999993635205816,49.41371634589323,0.0,49.97617015363688,0.0,45.595066248525285,0.0,45.30242284673757,0.0,0.0,0.0,0.0,0.0,0.0,0.0
10.0,4.37206860343017,0.0035678870537155,0.0035678870513401,0.99999363506921,0.99999363506921,49.41371633573391,0.0,49.97616988614044,0.0,45.59506624532786,0.0,45.3024227896957,0.0,0.0,0.0,0.0,0.0,0.0,0.0
10.0,4.3723186159308,0.0035679253428308,0.0035679253404556,0.999993634932596,0.999993634932596,49.41371632557384,0.0,49.976169618609525,0.0,45.59506624213027,0.0,45.30242273265059,0.0,0.0,0.0,0.0,0.0,0.0,0.0
10.0,4.37256862843142,0.0035679636336905,0.0035679636313155,0.999993634795975,0.999993634795974,49.41371631541298,0.0,49.97616935104427,0.0,45.59506623893249,0.0,45.30242267560228,0.0,0.0,0.0,0.0,0.0,0.0,0.0
10.0,4.37281864093205,0.0035680019262944,0.0035680019239197,0.999993634659346,0.999993634659346,49.41371630525137,0.0,49.97616908344477,0.0,45.59506623573452,0.0,45.302422618550736,0.0,0.0,0.0,0.0,0.0,0.0,0.0
10.0,4.37306865343267,0.0035680402206426,0.0035680402182681,0.999993634522709,0.999993634522709,49.413716295089,0.0,49.97616881581116,0.0,45.59506623253638,0.0,45.30242256149596,0.0,0.0,0.0,0.0,0.0,0.0,0.0
10.0,4.3733186659333,0.003568078516735,0.0035680785143607,0.999993634386064,0.999993634386064,49.41371628492586,0.0,49.97616854814352,0.0,45.59506622933805,0.0,45.30242250443797,0.0,0.0,0.0,0.0,0.0,0.0,0.0
10.0,4.37356867843392,0.0035681168145714,0.0035681168121973,0.999993634249412,0.999993634249412,49.41371627476195,0.0,49.97616828044199,0.0,45.59506622613954,0.0,45.30242244737674,0.0,0.0,0.0,0.0,0.0,0.0,0.0
10.0,4.37381869093455,0.0035681551141519,0.003568155111778,0.999993634112752,0.999993634112752,49.41371626459728,0.0,49.97616801270667,0.0,45.59506622294084,0.0,45.30242239031229,0.0,0.0,0.0,0.0,0.0,0.0,0.0
10.0,4.37406870343517,0.0035681934154764,0.0035681934131027,0.999993633976085,0.999993633976085,49.41371625443184,0.0,49.9761677449377,0.0,45.595066219741966,0.0,45.30242233324462,0.0,0.0,0.0,0.0,0.0,0.0,0.0
10.0,4.3743187159358,0.0035682317185448,0.0035682317161713,0.99999363383941,0.99999363383941,49.41371624426564,0.0,49.97616747713514,0.0,45.5950662165429,0.0,45.30242227617373,0.0,0.0,0.0,0.0,0.0,0.0,0.0
10.0,4.37456872843642,0.003568270023357,0.0035682700209837,0.999993633702727,0.9999936337027268,49.413716234098665,0.0,49.976167209299135,0.0,45.595066213343664,0.0,45.30242221909961,0.0,0.0,0.0,0.0,0.0,0.0,0.0
10.0,4.37481874093705,0.003568308329913,0.00356830832754,0.999993633566036,0.999993633566036,49.413716223930926,0.0,49.97616694142979,0.0,45.59506621014424,0.0,45.30242216202227,0.0,0.0,0.0,0.0,0.0,0.0,0.0
10.0,4.375068753437669,0.0035683466382128,0.0035683466358399,0.999993633429338,0.999993633429338,49.41371621376243,0.0,49.9761666735272,0.0,45.59506620694463,0.0,45.30242210494169,0.0,0.0,0.0,0.0,0.0,0.0,0.0
10.0,4.3753187659383,0.0035683849482562,0.0035683849458835,0.999993633292632,0.999993633292632,49.41371620359317,0.0,49.976166405591485,0.0,45.59506620374484,0.0,45.302422047857895,0.0,0.0,0.0,0.0,0.0,0.0,0.0
10.0,4.37556877843892,0.0035684232600432,0.0035684232576707,0.999993633155918,0.999993633155918,49.413716193423134,0.0,49.976166137622734,0.0,45.59506620054486,0.0,45.30242199077087,0.0,0.0,0.0,0.0,0.0,0.0,0.0
10.0,4.37581879093955,0.0035684615735738,0.0035684615712015,0.999993633019197,0.999993633019197,49.413716183252326,0.0,49.97616586962106,0.0,45.59506619734472,0.0,45.30242193368063,0.0,0.0,0.0,0.0,0.0,0.0,0.0
10.0,4.37606880344017,0.0035684998888478,0.0035684998864757,0.999993632882468,0.999993632882468,49.413716173080765,0.0,49.97616560158659,0.0,45.59506619414438,0.0,45.302421876587154,0.0,0.0,0.0,0.0,0.0,0.0,0.0
10.0,4.3763188159408,0.0035685382058653,0.0035685382034934,0.9999936327457308,0.9999936327457308,49.41371616290844,0.0,49.9761653335194,0.0,45.59506619094386,0.0,45.302421819490455,0.0,0.0,0.0,0.0,0.0,0.0,0.0
10.0,4.37656882844142,0.0035685765246261,0.0035685765222544,0.9999936326089872,0.999993632608986,49.41371615273534,0.0,49.97616506541959,0.0,45.59506618774316,0.0,45.30242176239054,0.0,0.0,0.0,0.0,0.0,0.0,0.0
10.0,4.37681884094205,0.0035686148451302,0.0035686148427587,0.999993632472234,0.999993632472234,49.41371614256148,0.0,49.97616479728727,0.0,45.59506618454227,0.0,45.30242170528739,0.0,0.0,0.0,0.0,0.0,0.0,0.0
10.0,4.37706885344267,0.0035686531673776,0.0035686531650062,0.999993632335475,0.999993632335474,49.413716132386845,0.0,49.97616452912255,0.0,45.59506618134121,0.0,45.30242164818102,0.0,0.0,0.0,0.0,0.0,0.0,0.0
10.0,4.3773188659433,0.0035686914913681,0.0035686914889969,0.999993632198707,0.999993632198707,49.41371612221146,0.0,49.97616426092553,0.0,45.59506617813996,0.0,45.30242159107142,0.0,0.0,0.0,0.0,0.0,0.0,0.0
10.0,4.37756887844392,0.0035687298171017,0.0035687298147307,0.999993632061932,0.999993632061932,49.4137161120353,0.0,49.9761639926963,0.0,45.59506617493852,0.0,45.3024215339586,0.0,0.0,0.0,0.0,0.0,0.0,0.0
10.0,4.37781889094455,0.0035687681445784,0.0035687681422076,0.999993631925149,0.999993631925149,49.41371610185838,0.0,49.97616372443496,0.0,45.59506617173691,0.0,45.30242147684256,0.0,0.0,0.0,0.0,0.0,0.0,0.0
10.0,4.37806890344517,0.003568806473798,0.0035688064714274,0.999993631788358,0.999993631788358,49.41371609168068,0.0,49.976163456141606,0.0,45.59506616853511,0.0,45.30242141972329,0.0,0.0,0.0,0.0,0.0,0.0,0.0
10.0,4.3783189159458,0.0035688448047606,0.0035688448023901,0.99999363165156,0.99999363165156,49.41371608150223,0.0,49.97616318781634,0.0,45.59506616533313,0.0,45.30242136260079,0.0,0.0,0.0,0.0,0.0,0.0,0.0
10.0,4.37856892844642,0.003568883137466,0.0035688831350957,0.999993631514754,0.999993631514754,49.413716071323,0.0,49.97616291945926,0.0,45.595066162130976,0.0,45.302421305475065,0.0,0.0,0.0,0.0,0.0,0.0,0.0
10.0,4.37881894094705,0.0035689214719143,0.0035689214695441,0.999993631377941,0.9999936313779412,49.413716061143006,0.0,49.97616265107047,0.0,45.595066158928624,0.0,45.302421248346114,0.0,0.0,0.0,0.0,0.0,0.0,0.0
10.0,4.37906895344767,0.0035689598081052,0.0035689598057353,0.999993631241119,0.999993631241119,49.41371605096225,0.0,49.97616238265004,0.0,45.5950661557261,0.0,45.30242119121395,0.0,0.0,0.0,0.0,0.0,0.0,0.0
10.0,4.3793189659483,0.0035689981460389,0.0035689981436691,0.99999363110429,0.99999363110429,49.41371604078073,0.0,49.97616211419809,0.0,45.59506615252339,0.0,45.30242113407855,0.0,0.0,0.0,0.0,0.0,0.0,0.0
10.0,4.37956897844892,0.0035690364857151,0.0035690364833455,0.999993630967453,0.999993630967453,49.41371603059845,0.0,49.97616184571469,0.0,45.595066149320495,0.0,45.302421076939936,0.0,0.0,0.0,0.0,0.0,0.0,0.0
10.0,4.379818990949551,0.0035690748271339,0.0035690748247645,0.999993630830609,0.999993630830609,49.4137160204154,0.0,49.97616157719995,0.0,45.59506614611742,0.0,45.30242101979808,0.0,0.0,0.0,0.0,0.0,0.0,0.0
10.0,4.38006900345017,0.0035691131702952,0.0035691131679259,0.999993630693757,0.999993630693757,49.413716010231575,0.0,49.97616130865397,0.0,45.59506614291417,0.0,45.30242096265301,0.0,0.0,0.0,0.0,0.0,0.0,0.0
10.0,4.3803190159508,0.003569151515199,0.0035691515128298,0.999993630556897,0.999993630556897,49.41371600004699,0.0,49.976161040076825,0.0,45.59506613971072,0.0,45.30242090550472,0.0,0.0,0.0,0.0,0.0,0.0,0.0
10.0,4.38056902845142,0.003569189861845,0.003569189859476,0.99999363042003,0.99999363042003,49.41371598986164,0.0,49.9761607714686,0.0,45.59506613650711,0.0,45.3024208483532,0.0,0.0,0.0,0.0,0.0,0.0,0.0
10.0,4.38081904095205,0.0035692282102334,0.0035692282078646,0.9999936302831552,0.999993630283155,49.41371597967552,0.0,49.976160502829394,0.0,45.595066133303305,0.0,45.30242079119845,0.0,0.0,0.0,0.0,0.0,0.0,0.0
10.0,4.38106905345267,0.003569266560364,0.0035692665579953,0.999993630146272,0.999993630146272,49.41371596948863,0.0,49.97616023415931,0.0,45.59506613009931,0.0,45.30242073404049,0.0,0.0,0.0,0.0,0.0,0.0,0.0
10.0,4.3813190659533,0.0035693049122368,0.0035693049098683,0.999993630009381,0.999993630009381,49.41371595930099,0.0,49.97615996545843,0.0,45.59506612689515,0.0,45.302420676879294,0.0,0.0,0.0,0.0,0.0,0.0,0.0
10.0,4.38156907845392,0.0035693432658518,0.0035693432634833,0.999993629872483,0.999993629872483,49.41371594911257,0.0,49.97615969672682,0.0,45.5950661236908,0.0,45.30242061971486,0.0,0.0,0.0,0.0,0.0,0.0,0.0
10.0,4.38181909095455,0.0035693816212087,0.0035693816188404,0.999993629735577,0.9999936297355771,49.41371593892339,0.0,49.9761594279646,0.0,45.59506612048626,0.0,45.30242056254722,0.0,0.0,0.0,0.0,0.0,0.0,0.0
10.0,4.38206910345517,0.0035694199783077,0.0035694199759395,0.9999936295986632,0.999993629598663,49.41371592873344,0.0,49.97615915917184,0.0,45.59506611728155,0.0,45.302420505376354,0.0,0.0,0.0,0.0,0.0,0.0,0.0
10.0,4.3823191159558,0.0035694583371486,0.0035694583347806,0.999993629461742,0.999993629461742,49.41371591854273,0.0,49.97615889034861,0.0,45.59506611407664,0.0,45.30242044820226,0.0,0.0,0.0,0.0,0.0,0.0,0.0
10.0,4.38256912845642,0.0035694966977314,0.0035694966953635,0.999993629324813,0.999993629324813,49.41371590835125,0.0,49.97615862149504,0.0,45.59506611087157,0.0,45.30242039102494,0.0,0.0,0.0,0.0,0.0,0.0,0.0
10.0,4.38281914095705,0.0035695350600559,0.0035695350576882,0.999993629187876,0.999993629187876,49.413715898159,0.0,49.97615835261118,0.0,45.59506610766631,0.0,45.30242033384439,0.0,0.0,0.0,0.0,0.0,0.0,0.0
10.0,4.38306915345767,0.0035695734241222,0.0035695734217546,0.999993629050932,0.999993629050932,49.41371588796599,0.0,49.97615808369712,0.0,45.595066104460855,0.0,45.30242027666062,0.0,0.0,0.0,0.0,0.0,0.0,0.0
10.0,4.3833191659583,0.0035696117899302,0.0035696117875627,0.99999362891398,0.99999362891398,49.413715877772205,0.0,49.97615781475295,0.0,45.59506610125523,0.0,45.30242021947363,0.0,0.0,0.0,0.0,0.0,0.0,0.0
10.0,4.38356917845892,0.0035696501574798,0.0035696501551125,0.99999362877702,0.99999362877702,49.41371586757767,0.0,49.97615754577874,0.0,45.595066098049415,0.0,45.30242016228341,0.0,0.0,0.0,0.0,0.0,0.0,0.0
10.0,4.38381919095955,0.003569688526771,0.0035696885244038,0.999993628640053,0.999993628640053,49.41371585738235,0.0,49.97615727677459,0.0,45.59506609484342,0.0,45.30242010508997,0.0,0.0,0.0,0.0,0.0,0.0,0.0
10.0,4.38406920346017,0.0035697268978037,0.0035697268954366,0.999993628503077,0.999993628503077,49.41371584718628,0.0,49.97615700774057,0.0,45.59506609163724,0.0,45.3024200478933,0.0,0.0,0.0,0.0,0.0,0.0,0.0
10.0,4.3843192159608,0.0035697652705778,0.0035697652682108,0.999993628366095,0.999993628366095,49.41371583698943,0.0,49.97615673867678,0.0,45.59506608843089,0.0,45.30241999069341,0.0,0.0,0.0,0.0,0.0,0.0,0.0
10.0,4.38456922846142,0.0035698036450932,0.0035698036427264,0.999993628229104,0.999993628229104,49.41371582679182,0.0,49.97615646958327,0.0,45.59506608522435,0.0,45.30241993349029,0.0,0.0,0.0,0.0,0.0,0.0,0.0
10.0,4.38481924096205,0.00356984202135,0.0035698420189833,0.999993628092106,0.999993628092106,49.413715816593445,0.0,49.97615620046014,0.0,45.59506608201762,0.0,45.30241987628395,0.0,0.0,0.0,0.0,0.0,0.0,0.0
10.0,4.38506925346267,0.003569880399348,0.0035698803969814,0.9999936279551,0.9999936279551,49.4137158063943,0.0,49.976155931307474,0.0,45.59506607881072,0.0,45.30241981907438,0.0,0.0,0.0,0.0,0.0,0.0,0.0
10.0,4.385319265963301,0.0035699187790873,0.0035699187767207,0.9999936278180872,0.999993627818086,49.41371579619439,0.0,49.97615566212535,0.0,45.59506607560363,0.0,45.30241976186159,0.0,0.0,0.0,0.0,0.0,0.0,0.0
10.0,4.38556927846392,0.0035699571605676,0.0035699571582012,0.999993627681065,0.999993627681065,49.41371578599371,0.0,49.976155392913824,0.0,45.59506607239636,0.0,45.30241970464557,0.0,0.0,0.0,0.0,0.0,0.0,0.0
10.0,4.38581929096455,0.003569995543789,0.0035699955414227,0.999993627544036,0.999993627544036,49.41371577579227,0.0,49.976155123673,0.0,45.5950660691889,0.0,45.302419647426326,0.0,0.0,0.0,0.0,0.0,0.0,0.0
10.0,4.38606930346517,0.0035700339287514,0.0035700339263852,0.999993627406999,0.999993627406999,49.41371576559007,0.0,49.976154854402935,0.0,45.59506606598127,0.0,45.30241959020387,0.0,0.0,0.0,0.0,0.0,0.0,0.0
10.0,4.3863193159658,0.0035700723154547,0.0035700723130886,0.999993627269955,0.999993627269955,49.413715755387095,0.0,49.97615458510372,0.0,45.59506606277346,0.0,45.30241953297817,0.0,0.0,0.0,0.0,0.0,0.0,0.0
10.0,4.38656932846642,0.0035701107038989,0.0035701107015329,0.999993627132903,0.999993627132903,49.41371574518335,0.0,49.97615431577543,0.0,45.595066059565454,0.0,45.30241947574925,0.0,0.0,0.0,0.0,0.0,0.0,0.0
10.0,4.38681934096705,0.003570149094084,0.003570149091718,0.999993626995843,0.999993626995843,49.41371573497885,0.0,49.97615404641815,0.0,45.59506605635727,0.0,45.30241941851712,0.0,0.0,0.0,0.0,0.0,0.0,0.0
10.0,4.38706935346767,0.0035701874860097,0.0035701874836439,0.999993626858776,0.999993626858776,49.41371572477357,0.0,49.976153777031925,0.0,45.595066053148905,0.0,45.30241936128175,0.0,0.0,0.0,0.0,0.0,0.0,0.0
10.0,4.3873193659683,0.0035702258796762,0.0035702258773105,0.999993626721701,0.999993626721701,49.41371571456753,0.0,49.97615350761684,0.0,45.59506604994037,0.0,45.30241930404316,0.0,0.0,0.0,0.0,0.0,0.0,0.0
10.0,4.387569378468921,0.0035702642750833,0.0035702642727177,0.999993626584618,0.999993626584618,49.41371570436072,0.0,49.97615323817299,0.0,45.59506604673163,0.0,45.30241924680134,0.0,0.0,0.0,0.0,0.0,0.0,0.0
10.0,4.38781939096955,0.0035703026722309,0.0035703026698654,0.999993626447528,0.999993626447528,49.413715694153154,0.0,49.97615296870044,0.0,45.59506604352272,0.0,45.30241918955631,0.0,0.0,0.0,0.0,0.0,0.0,0.0
10.0,4.38806940347017,0.0035703410711191,0.0035703410687536,0.99999362631043,0.99999362631043,49.413715683944815,0.0,49.97615269919925,0.0,45.59506604031362,0.0,45.30241913230804,0.0,0.0,0.0,0.0,0.0,0.0,0.0
10.0,4.3883194159708,0.0035703794717477,0.0035703794693823,0.999993626173324,0.999993626173324,49.41371567373571,0.0,49.976152429669504,0.0,45.595066037104345,0.0,45.30241907505655,0.0,0.0,0.0,0.0,0.0,0.0,0.0
10.0,4.38856942847142,0.0035704178741167,0.0035704178717514,0.99999362603621,0.99999362603621,49.41371566352584,0.0,49.97615216011126,0.0,45.59506603389489,0.0,45.30241901780184,0.0,0.0,0.0,0.0,0.0,0.0,0.0
10.0,4.38881944097205,0.003570456278226,0.0035704562758608,0.999993625899089,0.999993625899089,49.4137156533152,0.0,49.97615189052461,0.0,45.595066030685246,0.0,45.302418960543896,0.0,0.0,0.0,0.0,0.0,0.0,0.0
10.0,4.38906945347267,0.0035704946840755,0.0035704946817104,0.99999362576196,0.99999362576196,49.41371564310379,0.0,49.97615162090962,0.0,45.59506602747543,0.0,45.302418903282735,0.0,0.0,0.0,0.0,0.0,0.0,0.0
10.0,4.3893194659733,0.0035705330916653,0.0035705330893002,0.999993625624823,0.999993625624823,49.413715632891616,0.0,49.976151351266346,0.0,45.59506602426542,0.0,45.30241884601835,0.0,0.0,0.0,0.0,0.0,0.0,0.0
10.0,4.38956947847392,0.0035705715009951,0.0035705714986302,0.9999936254876792,0.9999936254876792,49.41371562267869,0.0,49.976151081594864,0.0,45.59506602105522,0.0,45.302418788750735,0.0,0.0,0.0,0.0,0.0,0.0,0.0
10.0,4.38981949097455,0.0035706099120651,0.0035706099097002,0.999993625350527,0.999993625350527,49.413715612464976,0.0,49.97615081189526,0.0,45.59506601784485,0.0,45.3024187314799,0.0,0.0,0.0,0.0,0.0,0.0,0.0
10.0,4.39006950347517,0.0035706483248751,0.0035706483225102,0.999993625213367,0.999993625213367,49.413715602250505,0.0,49.97615054216758,0.0,45.5950660146343,0.0,45.30241867420584,0.0,0.0,0.0,0.0,0.0,0.0,0.0
10.0,4.3903195159758,0.003570686739425,0.0035706867370602,0.9999936250762,0.9999936250762,49.41371559203527,0.0,49.9761502724119,0.0,45.59506601142357,0.0,45.30241861692856,0.0,0.0,0.0,0.0,0.0,0.0,0.0
10.0,4.39056952847642,0.0035707251557147,0.00357072515335,0.999993624939025,0.999993624939025,49.41371558181927,0.0,49.9761500026283,0.0,45.59506600821265,0.0,45.30241855964804,0.0,0.0,0.0,0.0,0.0,0.0,0.0
10.0,4.390819540977049,0.0035707635737443,0.0035707635713797,0.999993624801842,0.999993624801842,49.41371557160249,0.0,49.97614973281683,0.0,45.59506600500154,0.0,45.302418502364304,0.0,0.0,0.0,0.0,0.0,0.0,0.0
10.0,4.39106955347767,0.0035708019935137,0.0035708019911491,0.999993624664652,0.999993624664652,49.41371556138496,0.0,49.97614946297757,0.0,45.595066001790265,0.0,45.30241844507735,0.0,0.0,0.0,0.0,0.0,0.0,0.0
10.0,4.3913195659783,0.0035708404150228,0.0035708404126582,0.999993624527453,0.999993624527453,49.41371555116664,0.0,49.97614919311058,0.0,45.5950659985788,0.0,45.30241838778717,0.0,0.0,0.0,0.0,0.0,0.0,0.0
10.0,4.39156957847892,0.0035708788382715,0.003570878835907,0.999993624390248,0.999993624390248,49.41371554094759,0.0,49.97614892321594,0.0,45.59506599536715,0.0,45.30241833049375,0.0,0.0,0.0,0.0,0.0,0.0,0.0
10.0,4.39181959097955,0.0035709172632597,0.0035709172608953,0.999993624253034,0.999993624253034,49.41371553072775,0.0,49.97614865329368,0.0,45.59506599215532,0.0,45.30241827319712,0.0,0.0,0.0,0.0,0.0,0.0,0.0
10.0,4.39206960348017,0.0035709556899875,0.0035709556876231,0.999993624115813,0.999993624115813,49.41371552050715,0.0,49.9761483833439,0.0,45.5950659889433,0.0,45.30241821589726,0.0,0.0,0.0,0.0,0.0,0.0,0.0
10.0,4.3923196159808,0.0035709941184547,0.0035709941160904,0.999993623978584,0.999993623978584,49.41371551028577,0.0,49.976148113366655,0.0,45.59506598573112,0.0,45.30241815859418,0.0,0.0,0.0,0.0,0.0,0.0,0.0
10.0,4.39256962848142,0.0035710325486613,0.003571032546297,0.9999936238413472,0.9999936238413472,49.41371550006362,0.0,49.97614784336201,0.0,45.59506598251873,0.0,45.30241810128787,0.0,0.0,0.0,0.0,0.0,0.0,0.0
10.0,4.39281964098205,0.0035710709806073,0.003571070978243,0.999993623704103,0.999993623704103,49.413715489840726,0.0,49.97614757333002,0.0,45.59506597930618,0.0,45.302418043978335,0.0,0.0,0.0,0.0,0.0,0.0,0.0
10.0,4.393069653482671,0.0035711094142925,0.0035711094119283,0.999993623566851,0.999993623566851,49.41371547961705,0.0,49.97614730327076,0.0,45.59506597609344,0.0,45.30241798666558,0.0,0.0,0.0,0.0,0.0,0.0,0.0
10.0,4.3933196659833,0.0035711478497169,0.0035711478473527,0.999993623429592,0.999993623429592,49.41371546939261,0.0,49.97614703318429,0.0,45.59506597288051,0.0,45.3024179293496,0.0,0.0,0.0,0.0,0.0,0.0,0.0
10.0,4.39356967848392,0.0035711862868804,0.0035711862845163,0.999993623292324,0.999993623292324,49.41371545916741,0.0,49.97614676307067,0.0,45.5950659696674,0.0,45.30241787203039,0.0,0.0,0.0,0.0,0.0,0.0,0.0
10.0,4.39381969098455,0.003571224725783,0.0035712247234189,0.999993623155049,0.9999936231550488,49.413715448941446,0.0,49.97614649292996,0.0,45.59506596645412,0.0,45.30241781470796,0.0,0.0,0.0,0.0,0.0,0.0,0.0
10.0,4.39406970348517,0.0035712631664247,0.0035712631640606,0.999993623017767,0.999993623017767,49.4137154387147,0.0,49.97614622276224,0.0,45.59506596324064,0.0,45.30241775738231,0.0,0.0,0.0,0.0,0.0,0.0,0.0
10.0,4.3943197159858,0.0035713016088052,0.0035713016064412,0.999993622880476,0.999993622880476,49.4137154284872,0.0,49.976145952567535,0.0,45.595065960026986,0.0,45.30241770005343,0.0,0.0,0.0,0.0,0.0,0.0,0.0
10.0,4.39456972848642,0.0035713400529247,0.0035713400505607,0.999993622743178,0.999993622743178,49.41371541825894,0.0,49.97614568234594,0.0,45.59506595681315,0.0,45.30241764272132,0.0,0.0,0.0,0.0,0.0,0.0,0.0
10.0,4.39481974098705,0.003571378498783,0.003571378496419,0.999993622605872,0.999993622605872,49.41371540802989,0.0,49.976145412097495,0.0,45.59506595359913,0.0,45.302417585386,0.0,0.0,0.0,0.0,0.0,0.0,0.0
10.0,4.39506975348767,0.0035714169463801,0.0035714169440161,0.999993622468559,0.999993622468559,49.41371539780009,0.0,49.97614514182228,0.0,45.595065950384935,0.0,45.30241752804744,0.0,0.0,0.0,0.0,0.0,0.0,0.0
10.0,4.3953197659883,0.0035714553957159,0.0035714553933519,0.999993622331238,0.999993622331238,49.41371538756952,0.0,49.976144871520326,0.0,45.59506594717055,0.0,45.30241747070567,0.0,0.0,0.0,0.0,0.0,0.0,0.0
10.0,4.39556977848892,0.0035714938467903,0.0035714938444264,0.999993622193909,0.999993622193909,49.41371537733818,0.0,49.97614460119171,0.0,45.59506594395599,0.0,45.302417413360665,0.0,0.0,0.0,0.0,0.0,0.0,0.0
10.0,4.39581979098955,0.0035715322996033,0.0035715322972394,0.999993622056572,0.999993622056572,49.41371536710608,0.0,49.97614433083651,0.0,45.59506594074124,0.0,45.302417356012434,0.0,0.0,0.0,0.0,0.0,0.0,0.0
10.0,4.39606980349017,0.0035715707541548,0.0035715707517909,0.999993621919228,0.999993621919228,49.4137153568732,0.0,49.97614406045475,0.0,45.59506593752632,0.0,45.30241729866098,0.0,0.0,0.0,0.0,0.0,0.0,0.0
10.0,4.3963198159908,0.0035716092104448,0.0035716092080809,0.999993621781876,0.999993621781876,49.41371534663956,0.0,49.976143790046514,0.0,45.5950659343112,0.0,45.30241724130632,0.0,0.0,0.0,0.0,0.0,0.0,0.0
10.0,4.39656982849142,0.0035716476684731,0.0035716476661093,0.999993621644516,0.999993621644516,49.413715336405154,0.0,49.97614351961183,0.0,45.59506593109591,0.0,45.302417183948414,0.0,0.0,0.0,0.0,0.0,0.0,0.0
10.0,4.39681984099205,0.0035716861282398,0.003571686125876,0.999993621507149,0.999993621507149,49.41371532616999,0.0,49.97614324915078,0.0,45.59506592788043,0.0,45.302417126587294,0.0,0.0,0.0,0.0,0.0,0.0,0.0
10.0,4.39706985349267,0.0035717245897448,0.0035717245873809,0.999993621369774,0.999993621369774,49.41371531593405,0.0,49.97614297866342,0.0,45.595065924664766,0.0,45.30241706922294,0.0,0.0,0.0,0.0,0.0,0.0,0.0
10.0,4.3973198659933,0.003571763052988,0.0035717630506241,0.999993621232392,0.999993621232392,49.41371530569735,0.0,49.9761427081498,0.0,45.59506592144893,0.0,45.30241701185537,0.0,0.0,0.0,0.0,0.0,0.0,0.0
10.0,4.39756987849393,0.0035718015179693,0.0035718015156054,0.999993621095001,0.999993621095001,49.41371529545987,0.0,49.97614243760998,0.0,45.595065918232905,0.0,45.30241695448456,0.0,0.0,0.0,0.0,0.0,0.0,0.0
10.0,4.39781989099455,0.0035718399846887,0.0035718399823248,0.9999936209576032,0.999993620957603,49.41371528522163,0.0,49.976142167044,0.0,45.5950659150167,0.0,45.30241689711055,0.0,0.0,0.0,0.0,0.0,0.0,0.0
10.0,4.39806990349517,0.0035718784531461,0.0035718784507823,0.999993620820197,0.999993620820197,49.41371527498261,0.0,49.97614189645194,0.0,45.59506591180031,0.0,45.3024168397333,0.0,0.0,0.0,0.0,0.0,0.0,0.0
10.0,4.3983199159958,0.0035719169233415,0.0035719169209777,0.999993620682784,0.999993620682784,49.41371526474285,0.0,49.97614162583385,0.0,45.59506590858374,0.0,45.30241678235282,0.0,0.0,0.0,0.0,0.0,0.0,0.0
10.0,4.39856992849642,0.0035719553952748,0.0035719553929109,0.999993620545363,0.999993620545363,49.4137152545023,0.0,49.97614135518977,0.0,45.59506590536699,0.0,45.302416724969135,0.0,0.0,0.0,0.0,0.0,0.0,0.0
10.0,4.39881994099705,0.0035719938689459,0.003571993866582,0.999993620407934,0.999993620407934,49.41371524426099,0.0,49.97614108451977,0.0,45.59506590215005,0.0,45.30241666758222,0.0,0.0,0.0,0.0,0.0,0.0,0.0
10.0,4.39906995349768,0.0035720323443548,0.0035720323419909,0.999993620270498,0.999993620270498,49.41371523401892,0.0,49.97614081382389,0.0,45.59506589893294,0.0,45.30241661019207,0.0,0.0,0.0,0.0,0.0,0.0,0.0
10.0,4.3993199659983,0.0035720708215014,0.0035720708191375,0.9999936201330528,0.9999936201330528,49.41371522377608,0.0,49.97614054310219,0.0,45.59506589571563,0.0,45.30241655279871,0.0,0.0,0.0,0.0,0.0,0.0,0.0
10.0,4.39956997849893,0.0035721093003857,0.0035721092980218,0.9999936199956008,0.999993619995601,49.41371521353247,0.0,49.97614027235472,0.0,45.59506589249816,0.0,45.30241649540211,0.0,0.0,0.0,0.0,0.0,0.0,0.0
10.0,4.39981999099955,0.0035721477810075,0.0035721477786436,0.999993619858142,0.999993619858142,49.41371520328809,0.0,49.976140001581534,0.0,45.5950658892805,0.0,45.3024164380023,0.0,0.0,0.0,0.0,0.0,0.0,0.0
10.0,4.40007000350018,0.0035721862633669,0.0035721862610029,0.999993619720675,0.999993619720675,49.41371519304296,0.0,49.97613973078271,0.0,45.59506588606265,0.0,45.30241638059925,0.0,0.0,0.0,0.0,0.0,0.0,0.0
10.0,4.4003200160008,0.0035722247474638,0.0035722247450997,0.9999936195832,0.9999936195832,49.41371518279704,0.0,49.976139459958254,0.0,45.595065882844615,0.0,45.302416323192986,0.0,0.0,0.0,0.0,0.0,0.0,0.0
10.0,4.40057002850142,0.003572263233298,0.0035722632309339,0.999993619445717,0.999993619445717,49.41371517255036,0.0,49.97613918910826,0.0,45.5950658796264,0.0,45.3024162657835,0.0,0.0,0.0,0.0,0.0,0.0,0.0
10.0,4.40082004100205,0.0035723017208696,0.0035723017185055,0.999993619308227,0.999993619308227,49.41371516230292,0.0,49.97613891823275,0.0,45.595065876408015,0.0,45.30241620837079,0.0,0.0,0.0,0.0,0.0,0.0,0.0
10.0,4.40107005350267,0.0035723402101784,0.0035723402078143,0.9999936191707288,0.999993619170729,49.41371515205471,0.0,49.97613864733179,0.0,45.59506587318944,0.0,45.30241615095484,0.0,0.0,0.0,0.0,0.0,0.0,0.0
10.0,4.4013200660033,0.0035723787012245,0.0035723786988604,0.999993619033223,0.9999936190332228,49.41371514180573,0.0,49.97613837640543,0.0,45.59506586997068,0.0,45.30241609353568,0.0,0.0,0.0,0.0,0.0,0.0,0.0
10.0,4.40157007850393,0.0035724171940077,0.0035724171916436,0.99999361889571,0.99999361889571,49.41371513155598,0.0,49.97613810545371,0.0,45.59506586675174,0.0,45.30241603611329,0.0,0.0,0.0,0.0,0.0,0.0,0.0
10.0,4.40182009100455,0.003572455688528,0.0035724556861638,0.999993618758189,0.9999936187581888,49.41371512130547,0.0,49.97613783447669,0.0,45.59506586353262,0.0,45.30241597868768,0.0,0.0,0.0,0.0,0.0,0.0,0.0
10.0,4.40207010350517,0.0035724941847854,0.0035724941824211,0.9999936186206602,0.9999936186206602,49.4137151110542,0.0,49.97613756347443,0.0,45.59506586031331,0.0,45.302415921258834,0.0,0.0,0.0,0.0,0.0,0.0,0.0
10.0,4.4023201160058,0.0035725326827797,0.0035725326804154,0.9999936184831238,0.999993618483124,49.41371510080215,0.0,49.97613729244696,0.0,45.59506585709382,0.0,45.30241586382678,0.0,0.0,0.0,0.0,0.0,0.0,0.0
10.0,4.40257012850643,0.0035725711825109,0.0035725711801466,0.999993618345579,0.9999936183455792,49.41371509054934,0.0,49.97613702139434,0.0,45.59506585387416,0.0,45.30241580639149,0.0,0.0,0.0,0.0,0.0,0.0,0.0
10.0,4.40282014100705,0.003572609683979,0.0035726096816146,0.999993618208028,0.999993618208028,49.41371508029576,0.0,49.9761367503166,0.0,45.5950658506543,0.0,45.30241574895299,0.0,0.0,0.0,0.0,0.0,0.0,0.0
10.0,4.40307015350768,0.0035726481871838,0.0035726481848194,0.999993618070468,0.999993618070468,49.4137150700414,0.0,49.97613647921383,0.0,45.59506584743428,0.0,45.30241569151126,0.0,0.0,0.0,0.0,0.0,0.0,0.0
10.0,4.4033201660083,0.0035726866921254,0.0035726866897609,0.999993617932901,0.999993617932901,49.41371505978629,0.0,49.97613620808604,0.0,45.595065844214055,0.0,45.30241563406629,0.0,0.0,0.0,0.0,0.0,0.0,0.0
10.0,4.40357017850893,0.0035727251988036,0.0035727251964391,0.999993617795326,0.999993617795326,49.4137150495304,0.0,49.97613593693329,0.0,45.59506584099366,0.0,45.30241557661812,0.0,0.0,0.0,0.0,0.0,0.0,0.0
10.0,4.40382019100955,0.0035727637072184,0.0035727637048538,0.999993617657744,0.999993617657744,49.41371503927376,0.0,49.97613566575564,0.0,45.59506583777308,0.0,45.30241551916671,0.0,0.0,0.0,0.0,0.0,0.0,0.0
10.0,4.40407020351018,0.0035728022173698,0.0035728022150051,0.999993617520153,0.999993617520153,49.41371502901634,0.0,49.97613539455311,0.0,45.59506583455232,0.0,45.30241546171208,0.0,0.0,0.0,0.0,0.0,0.0,0.0
10.0,4.4043202160108,0.0035728407292576,0.0035728407268929,0.999993617382556,0.999993617382556,49.41371501875815,0.0,49.97613512332577,0.0,45.59506583133137,0.0,45.30241540425423,0.0,0.0,0.0,0.0,0.0,0.0,0.0
10.0,4.40457022851143,0.0035728792428818,0.003572879240517,0.9999936172449498,0.99999361724495,49.4137150084992,0.0,49.97613485207367,0.0,45.59506582811025,0.0,45.30241534679315,0.0,0.0,0.0,0.0,0.0,0.0,0.0
10.0,4.40482024101205,0.0035729177582424,0.0035729177558775,0.999993617107336,0.999993617107337,49.413714998239485,0.0,49.97613458079684,0.0,45.59506582488893,0.0,45.30241528932884,0.0,0.0,0.0,0.0,0.0,0.0,0.0
10.0,4.405070253512679,0.0035729562753393,0.0035729562729743,0.999993616969716,0.999993616969716,49.413714987979,0.0,49.976134309495336,0.0,45.59506582166745,0.0,45.30241523186132,0.0,0.0,0.0,0.0,0.0,0.0,0.0
10.0,4.4053202660133,0.0035729947941724,0.0035729947918074,0.999993616832087,0.999993616832087,49.41371497771775,0.0,49.97613403816919,0.0,45.595065818445775,0.0,45.30241517439057,0.0,0.0,0.0,0.0,0.0,0.0,0.0
10.0,4.40557027851393,0.0035730333147416,0.0035730333123765,0.99999361669445,0.99999361669445,49.413714967455725,0.0,49.97613376681848,0.0,45.59506581522392,0.0,45.302415116916585,0.0,0.0,0.0,0.0,0.0,0.0,0.0
10.0,4.40582029101455,0.003573071837047,0.0035730718346818,0.999993616556806,0.999993616556806,49.41371495719294,0.0,49.97613349544321,0.0,45.59506581200188,0.0,45.30241505943939,0.0,0.0,0.0,0.0,0.0,0.0,0.0
10.0,4.40607030351518,0.0035731103610884,0.0035731103587231,0.999993616419155,0.999993616419155,49.413714946929375,0.0,49.97613322404346,0.0,45.59506580877966,0.0,45.30241500195896,0.0,0.0,0.0,0.0,0.0,0.0,0.0
10.0,4.4063203160158,0.0035731488868657,0.0035731488845004,0.999993616281495,0.999993616281495,49.41371493666506,0.0,49.97613295261925,0.0,45.59506580555726,0.0,45.30241494447532,0.0,0.0,0.0,0.0,0.0,0.0,0.0
10.0,4.406570328516431,0.003573187414379,0.0035731874120136,0.999993616143828,0.999993616143828,49.41371492639996,0.0,49.97613268117064,0.0,45.59506580233467,0.0,45.30241488698844,0.0,0.0,0.0,0.0,0.0,0.0,0.0
10.0,4.40682034101705,0.0035732259436281,0.0035732259412626,0.9999936160061528,0.999993616006153,49.41371491613411,0.0,49.97613240969767,0.0,45.59506579911192,0.0,45.302414829498346,0.0,0.0,0.0,0.0,0.0,0.0,0.0
10.0,4.40707035351768,0.003573264474613,0.0035732644722474,0.999993615868471,0.999993615868471,49.41371490586749,0.0,49.97613213820038,0.0,45.59506579588896,0.0,45.30241477200502,0.0,0.0,0.0,0.0,0.0,0.0,0.0
10.0,4.407320366018299,0.0035733030073337,0.003573303004968,0.99999361573078,0.99999361573078,49.413714895600094,0.0,49.97613186667883,0.0,45.59506579266583,0.0,45.30241471450847,0.0,0.0,0.0,0.0,0.0,0.0,0.0
10.0,4.40757037851893,0.00357334154179,0.0035733415394242,0.999993615593083,0.999993615593083,49.413714885331935,0.0,49.97613159513303,0.0,45.59506578944252,0.0,45.302414657008704,0.0,0.0,0.0,0.0,0.0,0.0,0.0
10.0,4.40782039101955,0.0035733800779819,0.003573380075616,0.999993615455377,0.999993615455377,49.413714875063,0.0,49.97613132356305,0.0,45.59506578621902,0.0,45.30241459950572,0.0,0.0,0.0,0.0,0.0,0.0,0.0
10.0,4.40807040352018,0.0035734186159093,0.0035734186135433,0.999993615317664,0.999993615317664,49.41371486479331,0.0,49.97613105196893,0.0,45.59506578299534,0.0,45.3024145419995,0.0,0.0,0.0,0.0,0.0,0.0,0.0
10.0,4.4083204160208,0.0035734571555723,0.0035734571532062,0.9999936151799432,0.999993615179943,49.41371485452285,0.0,49.97613078035071,0.0,45.59506577977148,0.0,45.30241448449006,0.0,0.0,0.0,0.0,0.0,0.0,0.0
10.0,4.40857042852143,0.0035734956969706,0.0035734956946044,0.999993615042214,0.999993615042214,49.41371484425162,0.0,49.97613050870843,0.0,45.59506577654744,0.0,45.302414426977386,0.0,0.0,0.0,0.0,0.0,0.0,0.0
10.0,4.408820441022051,0.0035735342401043,0.003573534237738,0.999993614904478,0.999993614904478,49.413714833979625,0.0,49.976130237042135,0.0,45.59506577332321,0.0,45.302414369461495,0.0,0.0,0.0,0.0,0.0,0.0,0.0
10.0,4.40907045352268,0.0035735727849733,0.0035735727826068,0.999993614766734,0.999993614766734,49.41371482370686,0.0,49.97612996535186,0.0,45.595065770098806,0.0,45.30241431194239,0.0,0.0,0.0,0.0,0.0,0.0,0.0
10.0,4.4093204660233,0.0035736113315775,0.003573611329211,0.999993614628982,0.999993614628982,49.41371481343332,0.0,49.97612969363765,0.0,45.59506576687423,0.0,45.30241425442004,0.0,0.0,0.0,0.0,0.0,0.0,0.0
10.0,4.40957047852393,0.0035736498799169,0.0035736498775502,0.999993614491223,0.999993614491223,49.413714803159024,0.0,49.97612942189955,0.0,45.59506576364944,0.0,45.30241419689449,0.0,0.0,0.0,0.0,0.0,0.0,0.0
10.0,4.40982049102455,0.0035736884299914,0.0035736884276246,0.9999936143534552,0.999993614353456,49.41371479288396,0.0,49.9761291501376,0.0,45.5950657604245,0.0,45.3024141393657,0.0,0.0,0.0,0.0,0.0,0.0,0.0
10.0,4.41007050352518,0.0035737269818009,0.003573726979434,0.999993614215681,0.999993614215681,49.413714782608125,0.0,49.97612887835184,0.0,45.59506575719936,0.0,45.30241408183369,0.0,0.0,0.0,0.0,0.0,0.0,0.0
10.0,4.4103205160258,0.0035737655353455,0.0035737655329784,0.999993614077898,0.999993614077899,49.41371477233152,0.0,49.97612860654232,0.0,45.59506575397405,0.0,45.30241402429845,0.0,0.0,0.0,0.0,0.0,0.0,0.0
10.0,4.41057052852643,0.0035738040906249,0.0035738040882578,0.999993613940108,0.999993613940108,49.41371476205416,0.0,49.97612833470906,0.0,45.59506575074855,0.0,45.30241396676,0.0,0.0,0.0,0.0,0.0,0.0,0.0
10.0,4.41082054102705,0.0035738426476392,0.0035738426452719,0.99999361380231,0.99999361380231,49.41371475177602,0.0,49.97612806285212,0.0,45.59506574752287,0.0,45.30241390921831,0.0,0.0,0.0,0.0,0.0,0.0,0.0
10.0,4.41107055352768,0.0035738812063883,0.0035738812040209,0.999993613664505,0.999993613664505,49.41371474149711,0.0,49.97612779097152,0.0,45.59506574429701,0.0,45.30241385167341,0.0,0.0,0.0,0.0,0.0,0.0,0.0
10.0,4.4113205660283,0.0035739197668721,0.0035739197645046,0.999993613526692,0.999993613526692,49.41371473121744,0.0,49.97612751906732,0.0,45.59506574107096,0.0,45.30241379412527,0.0,0.0,0.0,0.0,0.0,0.0,0.0
10.0,4.41157057852893,0.0035739583290906,0.003573958326723,0.9999936133888708,0.9999936133888708,49.413714720937,0.0,49.97612724713954,0.0,45.595065737844735,0.0,45.30241373657392,0.0,0.0,0.0,0.0,0.0,0.0,0.0
10.0,4.41182059102955,0.0035739968930438,0.0035739968906759,0.999993613251042,0.999993613251042,49.4137147106558,0.0,49.97612697518824,0.0,45.59506573461832,0.0,45.30241367901935,0.0,0.0,0.0,0.0,0.0,0.0,0.0
10.0,4.41207060353018,0.0035740354587314,0.0035740354563635,0.999993613113206,0.999993613113206,49.41371470037383,0.0,49.976126703213446,0.0,45.595065731391735,0.0,45.30241362146154,0.0,0.0,0.0,0.0,0.0,0.0,0.0
10.0,4.4123206160308,0.0035740740261536,0.0035740740237855,0.999993612975362,0.999993612975362,49.41371469009108,0.0,49.97612643121519,0.0,45.59506572816496,0.0,45.30241356390051,0.0,0.0,0.0,0.0,0.0,0.0,0.0
10.0,4.41257062853143,0.0035741125953101,0.0035741125929419,0.999993612837511,0.999993612837511,49.413714679807576,0.0,49.97612615919353,0.0,45.595065724938,0.0,45.30241350633626,0.0,0.0,0.0,0.0,0.0,0.0,0.0
10.0,4.412820641032049,0.0035741511662011,0.0035741511638327,0.999993612699651,0.999993612699651,49.4137146695233,0.0,49.97612588714848,0.0,45.59506572171086,0.0,45.30241344876879,0.0,0.0,0.0,0.0,0.0,0.0,0.0
10.0,4.41307065353268,0.0035741897388263,0.0035741897364578,0.999993612561784,0.999993612561784,49.41371465923825,0.0,49.9761256150801,0.0,45.595065718483546,0.0,45.30241339119809,0.0,0.0,0.0,0.0,0.0,0.0,0.0
10.0,4.4133206660333,0.0035742283131858,0.0035742283108171,0.999993612423909,0.999993612423909,49.41371464895244,0.0,49.97612534298842,0.0,45.59506571525604,0.0,45.30241333362416,0.0,0.0,0.0,0.0,0.0,0.0,0.0
10.0,4.41357067853393,0.0035742668892794,0.0035742668869106,0.999993612286027,0.9999936122860272,49.41371463866586,0.0,49.976125070873465,0.0,45.59506571202835,0.0,45.30241327604701,0.0,0.0,0.0,0.0,0.0,0.0,0.0
10.0,4.41382069103455,0.0035743054671072,0.0035743054647382,0.999993612148137,0.999993612148137,49.413714628378514,0.0,49.9761247987353,0.0,45.59506570880048,0.0,45.30241321846663,0.0,0.0,0.0,0.0,0.0,0.0,0.0
10.0,4.41407070353518,0.003574344046669,0.0035743440442998,0.999993612010239,0.999993612010239,49.4137146180904,0.0,49.97612452657393,0.0,45.59506570557244,0.0,45.30241316088305,0.0,0.0,0.0,0.0,0.0,0.0,0.0
10.0,4.4143207160358,0.0035743826279648,0.0035743826255955,0.999993611872334,0.999993611872334,49.41371460780151,0.0,49.97612425438941,0.0,45.59506570234421,0.0,45.30241310329623,0.0,0.0,0.0,0.0,0.0,0.0,0.0
10.0,4.41457072853643,0.0035744212109945,0.003574421208625,0.999993611734421,0.999993611734421,49.41371459751186,0.0,49.97612398218178,0.0,45.59506569911579,0.0,45.30241304570618,0.0,0.0,0.0,0.0,0.0,0.0,0.0
10.0,4.41482074103705,0.0035744597957581,0.0035744597933885,0.9999936115965,0.9999936115965,49.41371458722144,0.0,49.97612370995107,0.0,45.59506569588721,0.0,45.30241298811292,0.0,0.0,0.0,0.0,0.0,0.0,0.0
10.0,4.41507075353768,0.0035744983822555,0.0035744983798857,0.999993611458571,0.999993611458571,49.41371457693025,0.0,49.97612343769732,0.0,45.59506569265842,0.0,45.302412930516425,0.0,0.0,0.0,0.0,0.0,0.0,0.0
10.0,4.4153207660383,0.0035745369704867,0.0035745369681167,0.999993611320635,0.999993611320635,49.4137145666383,0.0,49.97612316542055,0.0,45.59506568942947,0.0,45.30241287291671,0.0,0.0,0.0,0.0,0.0,0.0,0.0
10.0,4.41557077853893,0.0035745755604515,0.0035745755580813,0.999993611182691,0.999993611182691,49.41371455634558,0.0,49.97612289312082,0.0,45.59506568620032,0.0,45.30241281531377,0.0,0.0,0.0,0.0,0.0,0.0,0.0
10.0,4.41582079103955,0.0035746141521499,0.0035746141497796,0.9999936110447402,0.9999936110447402,49.41371454605209,0.0,49.97612262079815,0.0,45.595065682971,0.0,45.30241275770761,0.0,0.0,0.0,0.0,0.0,0.0,0.0
10.0,4.41607080354018,0.0035746527455819,0.0035746527432114,0.99999361090678,0.99999361090678,49.41371453575783,0.0,49.97612234845257,0.0,45.595065679741495,0.0,45.30241270009823,0.0,0.0,0.0,0.0,0.0,0.0,0.0
10.0,4.4163208160408,0.0035746913407474,0.0035746913383767,0.999993610768813,0.999993610768813,49.413714525462815,0.0,49.97612207608413,0.0,45.5950656765118,0.0,45.302412642485606,0.0,0.0,0.0,0.0,0.0,0.0,0.0
10.0,4.41657082854143,0.0035747299376463,0.0035747299352754,0.9999936106308392,0.999993610630839,49.413714515167015,0.0,49.97612180369287,0.0,45.59506567328194,0.0,45.30241258486977,0.0,0.0,0.0,0.0,0.0,0.0,0.0
10.0,4.41682084104205,0.0035747685362786,0.0035747685339075,0.999993610492856,0.999993610492857,49.41371450487046,0.0,49.9761215312788,0.0,45.59506567005189,0.0,45.30241252725071,0.0,0.0,0.0,0.0,0.0,0.0,0.0
10.0,4.41707085354268,0.0035748071366442,0.0035748071342729,0.999993610354866,0.999993610354866,49.41371449457313,0.0,49.97612125884198,0.0,45.59506566682165,0.0,45.30241246962844,0.0,0.0,0.0,0.0,0.0,0.0,0.0
10.0,4.4173208660433,0.0035748457387431,0.0035748457363716,0.999993610216869,0.999993610216869,49.41371448427503,0.0,49.97612098638242,0.0,45.59506566359124,0.0,45.30241241200292,0.0,0.0,0.0,0.0,0.0,0.0,0.0
10.0,4.4175708785439305,0.0035748843425751,0.0035748843402034,0.999993610078863,0.999993610078863,49.41371447397617,0.0,49.976120713900166,0.0,45.59506566036063,0.0,45.30241235437419,0.0,0.0,0.0,0.0,0.0,0.0,0.0
10.0,4.41782089104455,0.0035749229481402,0.0035749229457683,0.9999936099408498,0.9999936099408498,49.41371446367653,0.0,49.97612044139527,0.0,45.59506565712986,0.0,45.30241229674224,0.0,0.0,0.0,0.0,0.0,0.0,0.0
10.0,4.41807090354518,0.0035749615554384,0.0035749615530664,0.999993609802829,0.999993609802829,49.41371445337614,0.0,49.97612016886773,0.0,45.59506565389889,0.0,45.30241223910706,0.0,0.0,0.0,0.0,0.0,0.0,0.0
10.0,4.4183209160458,0.0035750001644697,0.0035750001620973,0.999993609664801,0.999993609664801,49.413714443074966,0.0,49.97611989631761,0.0,45.59506565066775,0.0,45.30241218146866,0.0,0.0,0.0,0.0,0.0,0.0,0.0
10.0,4.41857092854643,0.0035750387752338,0.0035750387728613,0.999993609526765,0.999993609526765,49.41371443277304,0.0,49.97611962374492,0.0,45.59506564743643,0.0,45.30241212382704,0.0,0.0,0.0,0.0,0.0,0.0,0.0
10.0,4.41882094104705,0.0035750773877308,0.0035750773853581,0.999993609388721,0.9999936093887212,49.41371442247034,0.0,49.97611935114971,0.0,45.59506564420492,0.0,45.30241206618218,0.0,0.0,0.0,0.0,0.0,0.0,0.0
10.0,4.41907095354768,0.0035751160019606,0.0035751159995877,0.999993609250669,0.9999936092506692,49.41371441216686,0.0,49.97611907853201,0.0,45.595065640973225,0.0,45.30241200853411,0.0,0.0,0.0,0.0,0.0,0.0,0.0
10.0,4.4193209660483,0.0035751546179232,0.00357515461555,0.99999360911261,0.99999360911261,49.41371440186263,0.0,49.97611880589184,0.0,45.59506563774136,0.0,45.302411950882814,0.0,0.0,0.0,0.0,0.0,0.0,0.0
10.0,4.41957097854893,0.0035751932356184,0.0035751932332451,0.9999936089745428,0.9999936089745428,49.41371439155762,0.0,49.97611853322925,0.0,45.5950656345093,0.0,45.302411893228296,0.0,0.0,0.0,0.0,0.0,0.0,0.0
10.0,4.41982099104955,0.0035752318550463,0.0035752318526727,0.999993608836469,0.999993608836469,49.41371438125184,0.0,49.97611826054427,0.0,45.59506563127706,0.0,45.30241183557055,0.0,0.0,0.0,0.0,0.0,0.0,0.0
10.0,4.42007100355018,0.0035752704762068,0.003575270473833,0.999993608698386,0.9999936086983872,49.41371437094529,0.0,49.97611798783691,0.0,45.59506562804464,0.0,45.302411777909576,0.0,0.0,0.0,0.0,0.0,0.0,0.0
10.0,4.4203210160508,0.0035753090990997,0.0035753090967257,0.999993608560297,0.999993608560297,49.41371436063799,0.0,49.97611771510724,0.0,45.59506562481205,0.0,45.30241172024539,0.0,0.0,0.0,0.0,0.0,0.0,0.0
10.0,4.42057102855143,0.0035753477237251,0.0035753477213508,0.9999936084221988,0.999993608422199,49.413714350329904,0.0,49.97611744235525,0.0,45.59506562157926,0.0,45.30241166257797,0.0,0.0,0.0,0.0,0.0,0.0,0.0
10.0,4.42082104105205,0.0035753863500829,0.0035753863477084,0.999993608284094,0.999993608284094,49.413714340021066,0.0,49.97611716958101,0.0,45.595065618346304,0.0,45.30241160490733,0.0,0.0,0.0,0.0,0.0,0.0,0.0
10.0,4.42107105355268,0.0035754249781729,0.0035754249757982,0.9999936081459811,0.9999936081459811,49.41371432971145,0.0,49.97611689678452,0.0,45.59506561511315,0.0,45.30241154723347,0.0,0.0,0.0,0.0,0.0,0.0,0.0
10.0,4.4213210660533,0.0035754636079953,0.0035754636056203,0.99999360800786,0.99999360800786,49.413714319401066,0.0,49.97611662396583,0.0,45.59506561187982,0.0,45.30241148955638,0.0,0.0,0.0,0.0,0.0,0.0,0.0
10.0,4.42157107855393,0.0035755022395498,0.0035755022371746,0.999993607869732,0.999993607869732,49.41371430908991,0.0,49.976116351124965,0.0,45.59506560864632,0.0,45.30241143187607,0.0,0.0,0.0,0.0,0.0,0.0,0.0
10.0,4.42182109105455,0.0035755408728364,0.003575540870461,0.999993607731596,0.999993607731596,49.413714298778,0.0,49.97611607826195,0.0,45.59506560541262,0.0,45.30241137419253,0.0,0.0,0.0,0.0,0.0,0.0,0.0
10.0,4.42207110355518,0.0035755795078551,0.0035755795054794,0.999993607593452,0.999993607593452,49.41371428846531,0.0,49.97611580537684,0.0,45.59506560217875,0.0,45.30241131650577,0.0,0.0,0.0,0.0,0.0,0.0,0.0
10.0,4.4223211160558,0.0035756181446058,0.0035756181422299,0.9999936074553,0.999993607455301,49.41371427815186,0.0,49.97611553246963,0.0,45.59506559894469,0.0,45.30241125881578,0.0,0.0,0.0,0.0,0.0,0.0,0.0
10.0,4.42257112855643,0.0035756567830885,0.0035756567807123,0.999993607317142,0.999993607317142,49.41371426783764,0.0,49.97611525954039,0.0,45.59506559571045,0.0,45.30241120112258,0.0,0.0,0.0,0.0,0.0,0.0,0.0
10.0,4.42282114105705,0.003575695423303,0.0035756954209266,0.999993607178975,0.999993607178975,49.41371425752264,0.0,49.9761149865891,0.0,45.59506559247603,0.0,45.30241114342615,0.0,0.0,0.0,0.0,0.0,0.0,0.0
10.0,4.4230711535576805,0.0035757340652494,0.0035757340628727,0.9999936070408,0.9999936070408,49.41371424720689,0.0,49.97611471361584,0.0,45.59506558924142,0.0,45.3024110857265,0.0,0.0,0.0,0.0,0.0,0.0,0.0
10.0,4.4233211660583,0.0035757727089275,0.0035757727065506,0.9999936069026178,0.999993606902618,49.41371423689035,0.0,49.976114440620606,0.0,45.59506558600665,0.0,45.30241102802361,0.0,0.0,0.0,0.0,0.0,0.0,0.0
10.0,4.42357117855893,0.0035758113543373,0.0035758113519601,0.999993606764428,0.999993606764428,49.413714226573056,0.0,49.97611416760345,0.0,45.59506558277168,0.0,45.30241097031752,0.0,0.0,0.0,0.0,0.0,0.0,0.0
10.0,4.42382119105955,0.0035758500014787,0.0035758499991013,0.999993606626231,0.999993606626231,49.413714216255,0.0,49.97611389456439,0.0,45.59506557953653,0.0,45.30241091260819,0.0,0.0,0.0,0.0,0.0,0.0,0.0
10.0,4.42407120356018,0.0035758886503518,0.003575888647974,0.999993606488025,0.999993606488025,49.413714205936174,0.0,49.97611362150345,0.0,45.5950655763012,0.0,45.30241085489564,0.0,0.0,0.0,0.0,0.0,0.0,0.0
10.0,4.4243212160608,0.0035759273009563,0.0035759272985783,0.999993606349812,0.999993606349812,49.41371419561658,0.0,49.97611334842067,0.0,45.59506557306568,0.0,45.302410797179874,0.0,0.0,0.0,0.0,0.0,0.0,0.0
10.0,4.42457122856143,0.0035759659532922,0.003575965950914,0.9999936062115918,0.999993606211592,49.4137141852962,0.0,49.97611307531608,0.0,45.59506556983,0.0,45.30241073946087,0.0,0.0,0.0,0.0,0.0,0.0,0.0
10.0,4.42482124106205,0.0035760046073596,0.003576004604981,0.9999936060733632,0.9999936060733632,49.41371417497506,0.0,49.97611280218969,0.0,45.59506556659412,0.0,45.30241068173865,0.0,0.0,0.0,0.0,0.0,0.0,0.0
10.0,4.42507125356268,0.0035760432631582,0.0035760432607794,0.9999936059351272,0.999993605935128,49.41371416465316,0.0,49.97611252904156,0.0,45.595065563358055,0.0,45.3024106240132,0.0,0.0,0.0,0.0,0.0,0.0,0.0
10.0,4.425321266063301,0.0035760819206882,0.0035760819183091,0.999993605796884,0.999993605796884,49.41371415433049,0.0,49.97611225587168,0.0,45.59506556012182,0.0,45.30241056628454,0.0,0.0,0.0,0.0,0.0,0.0,0.0
10.0,4.42557127856393,0.0035761205799493,0.0035761205775699,0.999993605658632,0.999993605658632,49.41371414400705,0.0,49.97611198268012,0.0,45.5950655568854,0.0,45.30241050855265,0.0,0.0,0.0,0.0,0.0,0.0,0.0
10.0,4.42582129106455,0.0035761592409415,0.0035761592385619,0.9999936055203728,0.999993605520373,49.413714133682845,0.0,49.97611170946688,0.0,45.5950655536488,0.0,45.30241045081753,0.0,0.0,0.0,0.0,0.0,0.0,0.0
10.0,4.42607130356518,0.0035761979036649,0.0035761979012849,0.999993605382107,0.999993605382107,49.41371412335787,0.0,49.976111436232,0.0,45.59506555041201,0.0,45.30241039307919,0.0,0.0,0.0,0.0,0.0,0.0,0.0
10.0,4.4263213160658,0.0035762365681192,0.003576236565739,0.999993605243832,0.999993605243832,49.41371411303212,0.0,49.97611116297549,0.0,45.59506554717504,0.0,45.302410335337626,0.0,0.0,0.0,0.0,0.0,0.0,0.0
10.0,4.42657132856643,0.0035762752343045,0.003576275231924,0.99999360510555,0.99999360510555,49.41371410270561,0.0,49.97611088969741,0.0,45.595065543937885,0.0,45.30241027759284,0.0,0.0,0.0,0.0,0.0,0.0,0.0
10.0,4.42682134106705,0.0035763139022207,0.0035763138998399,0.999993604967261,0.99999360496726,49.41371409237833,0.0,49.97611061639776,0.0,45.59506554070056,0.0,45.30241021984484,0.0,0.0,0.0,0.0,0.0,0.0,0.0
10.0,4.42707135356768,0.0035763525718677,0.0035763525694866,0.999993604828963,0.999993604828963,49.41371408205029,0.0,49.97611034307658,0.0,45.59506553746304,0.0,45.3024101620936,0.0,0.0,0.0,0.0,0.0,0.0,0.0
10.0,4.4273213660683,0.0035763912432455,0.0035763912408641,0.999993604690658,0.999993604690658,49.413714071721465,0.0,49.97611006973388,0.0,45.59506553422535,0.0,45.30241010433914,0.0,0.0,0.0,0.0,0.0,0.0,0.0
10.0,4.42757137856893,0.0035764299163539,0.0035764299139722,0.9999936045523452,0.9999936045523452,49.413714061391886,0.0,49.976109796369705,0.0,45.59506553098747,0.0,45.30241004658146,0.0,0.0,0.0,0.0,0.0,0.0,0.0
10.0,4.42782139106955,0.0035764685911931,0.003576468588811,0.999993604414024,0.999993604414024,49.413714051061525,0.0,49.97610952298409,0.0,45.59506552774941,0.0,45.30240998882056,0.0,0.0,0.0,0.0,0.0,0.0,0.0
10.0,4.42807140357018,0.0035765072677627,0.0035765072653804,0.999993604275696,0.999993604275696,49.4137140407304,0.0,49.97610924957704,0.0,45.59506552451118,0.0,45.30240993105643,0.0,0.0,0.0,0.0,0.0,0.0,0.0
10.0,4.4283214160708,0.0035765459460629,0.0035765459436803,0.99999360413736,0.99999360413736,49.41371403039852,0.0,49.9761089761486,0.0,45.59506552127275,0.0,45.30240987328908,0.0,0.0,0.0,0.0,0.0,0.0,0.0
10.0,4.428571428571429,0.0035765846260936,0.0035765846237106,0.999993603999017,0.999993603999017,49.41371402006586,0.0,49.97610870269878,0.0,45.59506551803414,0.0,45.30240981551851,0.0,0.0,0.0,0.0,0.0,0.0,0.0
10.0,4.42882144107205,0.0035766233078547,0.0035766233054714,0.999993603860665,0.9999936038606652,49.41371400973243,0.0,49.976108429227615,0.0,45.59506551479536,0.0,45.30240975774471,0.0,0.0,0.0,0.0,0.0,0.0,0.0
10.0,4.42907145357268,0.003576661991346,0.0035766619889624,0.999993603722307,0.999993603722306,49.41371399939823,0.0,49.97610815573513,0.0,45.59506551155639,0.0,45.30240969996769,0.0,0.0,0.0,0.0,0.0,0.0,0.0
10.0,4.4293214660733,0.0035767006765677,0.0035767006741837,0.99999360358394,0.99999360358394,49.41371398906327,0.0,49.97610788222136,0.0,45.595065508317234,0.0,45.30240964218744,0.0,0.0,0.0,0.0,0.0,0.0,0.0
10.0,4.42957147857393,0.0035767393635195,0.0035767393611353,0.999993603445566,0.999993603445566,49.413713978727536,0.0,49.97610760868631,0.0,45.59506550507791,0.0,45.30240958440397,0.0,0.0,0.0,0.0,0.0,0.0,0.0
10.0,4.42982149107455,0.0035767780522015,0.0035767780498169,0.999993603307184,0.999993603307184,49.41371396839104,0.0,49.97610733513003,0.0,45.59506550183839,0.0,45.30240952661728,0.0,0.0,0.0,0.0,0.0,0.0,0.0
10.0,4.43007150357518,0.0035768167426136,0.0035768167402287,0.999993603168794,0.999993603168794,49.413713958053776,0.0,49.976107061552526,0.0,45.59506549859869,0.0,45.30240946882736,0.0,0.0,0.0,0.0,0.0,0.0,0.0
10.0,4.4303215160758,0.0035768554347557,0.0035768554323704,0.999993603030396,0.999993603030396,49.413713947715735,0.0,49.97610678795383,0.0,45.59506549535881,0.0,45.30240941103422,0.0,0.0,0.0,0.0,0.0,0.0,0.0
10.0,4.43057152857643,0.0035768941286277,0.0035768941262421,0.999993602891991,0.9999936028919908,49.41371393737693,0.0,49.97610651433399,0.0,45.59506549211876,0.0,45.30240935323786,0.0,0.0,0.0,0.0,0.0,0.0,0.0
10.0,4.430821541077049,0.0035769328242296,0.0035769328218437,0.999993602753579,0.999993602753578,49.41371392703736,0.0,49.97610624069298,0.0,45.59506548887851,0.0,45.30240929543827,0.0,0.0,0.0,0.0,0.0,0.0,0.0
10.0,4.43107155357768,0.0035769715215614,0.0035769715191752,0.999993602615158,0.999993602615158,49.41371391669701,0.0,49.97610596703088,0.0,45.59506548563809,0.0,45.30240923763546,0.0,0.0,0.0,0.0,0.0,0.0,0.0
10.0,4.4313215660783,0.003577010220623,0.0035770102182364,0.99999360247673,0.99999360247673,49.41371390635591,0.0,49.97610569334767,0.0,45.59506548239749,0.0,45.30240917982943,0.0,0.0,0.0,0.0,0.0,0.0,0.0
10.0,4.43157157857893,0.0035770489214142,0.0035770489190272,0.999993602338294,0.999993602338294,49.41371389601403,0.0,49.9761054196434,0.0,45.595065479156695,0.0,45.30240912202017,0.0,0.0,0.0,0.0,0.0,0.0,0.0
10.0,4.43182159107955,0.0035770876239351,0.0035770876215478,0.999993602199851,0.999993602199851,49.41371388567138,0.0,49.9761051459181,0.0,45.595065475915725,0.0,45.30240906420768,0.0,0.0,0.0,0.0,0.0,0.0,0.0
10.0,4.43207160358018,0.0035771263281856,0.0035771263257979,0.999993602061399,0.9999936020613988,49.41371387532797,0.0,49.976104872171774,0.0,45.59506547267457,0.0,45.30240900639198,0.0,0.0,0.0,0.0,0.0,0.0,0.0
10.0,4.4323216160808,0.0035771650341656,0.0035771650317776,0.99999360192294,0.99999360192294,49.41371386498378,0.0,49.97610459840446,0.0,45.59506546943324,0.0,45.302408948573046,0.0,0.0,0.0,0.0,0.0,0.0,0.0
10.0,4.43257162858143,0.0035772037418751,0.0035772037394867,0.999993601784474,0.9999936017844742,49.41371385463882,0.0,49.97610432461619,0.0,45.59506546619173,0.0,45.3024088907509,0.0,0.0,0.0,0.0,0.0,0.0,0.0
10.0,4.43282164108205,0.0035772424513139,0.0035772424489252,0.999993601646,0.999993601646,49.41371384429311,0.0,49.97610405080696,0.0,45.59506546295003,0.0,45.30240883292553,0.0,0.0,0.0,0.0,0.0,0.0,0.0
10.0,4.43307165358268,0.0035772811624821,0.003577281160093,0.999993601507518,0.999993601507518,49.41371383394662,0.0,49.97610377697683,0.0,45.59506545970815,0.0,45.30240877509693,0.0,0.0,0.0,0.0,0.0,0.0,0.0
10.0,4.4333216660833,0.0035773198753796,0.0035773198729901,0.999993601369028,0.999993601369028,49.413713823599366,0.0,49.976103503125785,0.0,45.59506545646608,0.0,45.3024087172651,0.0,0.0,0.0,0.0,0.0,0.0,0.0
10.0,4.43357167858393,0.0035773585900063,0.0035773585876164,0.9999936012305308,0.999993601230531,49.41371381325134,0.0,49.97610322925389,0.0,45.595065453223846,0.0,45.302408659430064,0.0,0.0,0.0,0.0,0.0,0.0,0.0
10.0,4.43382169108455,0.0035773973063621,0.0035773973039719,0.999993601092026,0.999993601092026,49.41371380290254,0.0,49.976102955361135,0.0,45.59506544998143,0.0,45.30240860159179,0.0,0.0,0.0,0.0,0.0,0.0,0.0
10.0,4.43407170358518,0.003577436024447,0.0035774360220564,0.999993600953513,0.999993600953513,49.41371379255298,0.0,49.97610268144756,0.0,45.59506544673882,0.0,45.3024085437503,0.0,0.0,0.0,0.0,0.0,0.0,0.0
10.0,4.4343217160858,0.003577474744261,0.00357747474187,0.999993600814993,0.999993600814993,49.41371378220265,0.0,49.97610240751317,0.0,45.595065443496026,0.0,45.30240848590558,0.0,0.0,0.0,0.0,0.0,0.0,0.0
10.0,4.43457172858643,0.0035775134658039,0.0035775134634125,0.999993600676465,0.999993600676465,49.41371377185156,0.0,49.97610213355802,0.0,45.59506544025306,0.0,45.302408428057646,0.0,0.0,0.0,0.0,0.0,0.0,0.0
10.0,4.43482174108705,0.0035775521890757,0.003577552186684,0.999993600537929,0.9999936005379289,49.41371376149968,0.0,49.97610185958212,0.0,45.5950654370099,0.0,45.30240837020648,0.0,0.0,0.0,0.0,0.0,0.0,0.0
10.0,4.43507175358768,0.0035775909140763,0.0035775909116842,0.9999936003993852,0.999993600399386,49.41371375114705,0.0,49.97610158558548,0.0,45.59506543376657,0.0,45.3024083123521,0.0,0.0,0.0,0.0,0.0,0.0,0.0
10.0,4.4353217660883,0.0035776296408058,0.0035776296384133,0.999993600260834,0.9999936002608338,49.41371374079364,0.0,49.97610131156813,0.0,45.59506543052306,0.0,45.30240825449449,0.0,0.0,0.0,0.0,0.0,0.0,0.0
10.0,4.43557177858893,0.0035776683692639,0.003577668366871,0.999993600122276,0.999993600122276,49.41371373043947,0.0,49.9761010375301,0.0,45.59506542727936,0.0,45.30240819663366,0.0,0.0,0.0,0.0,0.0,0.0,0.0
10.0,4.43582179108955,0.0035777070994507,0.0035777070970574,0.9999935999837088,0.999993599983709,49.41371372008452,0.0,49.9761007634714,0.0,45.59506542403548,0.0,45.30240813876959,0.0,0.0,0.0,0.0,0.0,0.0,0.0
10.0,4.43607180359018,0.0035777458313661,0.0035777458289724,0.999993599845135,0.999993599845135,49.41371370972881,0.0,49.97610048939208,0.0,45.59506542079142,0.0,45.30240808090232,0.0,0.0,0.0,0.0,0.0,0.0,0.0
10.0,4.43632181609081,0.00357778456501,0.0035777845626159,0.999993599706553,0.999993599706553,49.41371369937234,0.0,49.97610021529212,0.0,45.59506541754718,0.0,45.302408023031816,0.0,0.0,0.0,0.0,0.0,0.0,0.0
10.0,4.43657182859143,0.0035778233003824,0.0035778232979879,0.999993599567964,0.999993599567964,49.41371368901509,0.0,49.97609994117158,0.0,45.59506541430275,0.0,45.30240796515809,0.0,0.0,0.0,0.0,0.0,0.0,0.0
10.0,4.43682184109205,0.0035778620374832,0.0035778620350883,0.999993599429366,0.999993599429366,49.41371367865707,0.0,49.97609966703046,0.0,45.595065411058144,0.0,45.302407907281136,0.0,0.0,0.0,0.0,0.0,0.0,0.0
10.0,4.43707185359268,0.0035779007763123,0.003577900773917,0.999993599290762,0.999993599290762,49.41371366829828,0.0,49.9760993928688,0.0,45.595065407813365,0.0,45.30240784940096,0.0,0.0,0.0,0.0,0.0,0.0,0.0
10.0,4.4373218660933,0.0035779395168697,0.003577939514474,0.999993599152149,0.9999935991521492,49.41371365793873,0.0,49.97609911868659,0.0,45.59506540456839,0.0,45.30240779151756,0.0,0.0,0.0,0.0,0.0,0.0,0.0
10.0,4.43757187859393,0.0035779782591554,0.0035779782567593,0.999993599013529,0.9999935990135288,49.413713647578405,0.0,49.97609884448389,0.0,45.59506540132324,0.0,45.30240773363094,0.0,0.0,0.0,0.0,0.0,0.0,0.0
10.0,4.43782189109456,0.0035780170031692,0.0035780170007726,0.999993598874901,0.999993598874901,49.41371363721731,0.0,49.9760985702607,0.0,45.59506539807792,0.0,45.30240767574111,0.0,0.0,0.0,0.0,0.0,0.0,0.0
10.0,4.43807190359518,0.0035780557489111,0.0035780557465141,0.999993598736265,0.999993598736265,49.41371362685546,0.0,49.97609829601705,0.0,45.5950653948324,0.0,45.30240761784804,0.0,0.0,0.0,0.0,0.0,0.0,0.0
10.0,4.4383219160958,0.003578094496381,0.0035780944939836,0.999993598597622,0.999993598597622,49.41371361649283,0.0,49.97609802175296,0.0,45.5950653915867,0.0,45.30240755995175,0.0,0.0,0.0,0.0,0.0,0.0,0.0
10.0,4.43857192859643,0.0035781332455789,0.003578133243181,0.9999935984589712,0.999993598458971,49.41371360612943,0.0,49.97609774746844,0.0,45.595065388340814,0.0,45.30240750205223,0.0,0.0,0.0,0.0,0.0,0.0,0.0
10.0,4.43882194109705,0.0035781719965047,0.0035781719941064,0.999993598320312,0.999993598320312,49.41371359576527,0.0,49.97609747316352,0.0,45.59506538509476,0.0,45.3024074441495,0.0,0.0,0.0,0.0,0.0,0.0,0.0
10.0,4.43907195359768,0.0035782107491583,0.0035782107467596,0.999993598181645,0.999993598181646,49.41371358540033,0.0,49.97609719883823,0.0,45.59506538184851,0.0,45.30240738624354,0.0,0.0,0.0,0.0,0.0,0.0,0.0
10.0,4.4393219660983,0.0035782495035397,0.0035782495011406,0.999993598042972,0.999993598042971,49.41371357503463,0.0,49.97609692449258,0.0,45.595065378602094,0.0,45.302407328334354,0.0,0.0,0.0,0.0,0.0,0.0,0.0
10.0,4.43957197859893,0.0035782882596489,0.0035782882572493,0.99999359790429,0.99999359790429,49.41371356466816,0.0,49.97609665012659,0.0,45.59506537535548,0.0,45.30240727042195,0.0,0.0,0.0,0.0,0.0,0.0,0.0
10.0,4.43982199109955,0.0035783270174857,0.0035783270150857,0.9999935977656002,0.9999935977656002,49.41371355430091,0.0,49.97609637574029,0.0,45.5950653721087,0.0,45.30240721250632,0.0,0.0,0.0,0.0,0.0,0.0,0.0
10.0,4.44007200360018,0.0035783657770501,0.0035783657746497,0.999993597626903,0.9999935976269028,49.41371354393291,0.0,49.976096101333695,0.0,45.59506536886174,0.0,45.30240715458746,0.0,0.0,0.0,0.0,0.0,0.0,0.0
10.0,4.44032201610081,0.003578404538342,0.0035784045359412,0.999993597488198,0.999993597488198,49.41371353356413,0.0,49.97609582690683,0.0,45.59506536561458,0.0,45.30240709666539,0.0,0.0,0.0,0.0,0.0,0.0,0.0
10.0,4.44057202860143,0.0035784433013615,0.0035784432989601,0.999993597349486,0.999993597349486,49.41371352319458,0.0,49.97609555245971,0.0,45.59506536236725,0.0,45.30240703874009,0.0,0.0,0.0,0.0,0.0,0.0,0.0
10.0,4.44082204110205,0.0035784820661083,0.0035784820637065,0.999993597210766,0.999993597210766,49.413713512824266,0.0,49.97609527799236,0.0,45.59506535911974,0.0,45.30240698081157,0.0,0.0,0.0,0.0,0.0,0.0,0.0
10.0,4.441072053602681,0.0035785208325825,0.0035785208301803,0.999993597072038,0.999993597072038,49.413713502453184,0.0,49.97609500350478,0.0,45.59506535587203,0.0,45.30240692287983,0.0,0.0,0.0,0.0,0.0,0.0,0.0
10.0,4.4413220661033,0.003578559600784,0.0035785595983813,0.999993596933302,0.999993596933302,49.41371349208133,0.0,49.97609472899703,0.0,45.59506535262416,0.0,45.30240686494486,0.0,0.0,0.0,0.0,0.0,0.0,0.0
10.0,4.44157207860393,0.0035785983707127,0.0035785983683095,0.999993596794559,0.999993596794559,49.413713481708704,0.0,49.97609445446909,0.0,45.5950653493761,0.0,45.302406807006655,0.0,0.0,0.0,0.0,0.0,0.0,0.0
10.0,4.44182209110456,0.0035786371423685,0.0035786371399649,0.999993596655808,0.999993596655808,49.41371347133533,0.0,49.97609417992101,0.0,45.59506534612786,0.0,45.30240674906525,0.0,0.0,0.0,0.0,0.0,0.0,0.0
10.0,4.44207210360518,0.0035786759157515,0.0035786759133474,0.999993596517049,0.99999359651705,49.41371346096116,0.0,49.97609390535279,0.0,45.59506534287944,0.0,45.30240669112061,0.0,0.0,0.0,0.0,0.0,0.0,0.0
10.0,4.44232211610581,0.0035787146908615,0.0035787146884569,0.9999935963782832,0.999993596378283,49.41371345058623,0.0,49.97609363076446,0.0,45.59506533963084,0.0,45.30240663317275,0.0,0.0,0.0,0.0,0.0,0.0,0.0
10.0,4.44257212860643,0.0035787534676985,0.0035787534652934,0.9999935962395092,0.9999935962395092,49.413713440210536,0.0,49.97609335615604,0.0,45.595065336382056,0.0,45.30240657522166,0.0,0.0,0.0,0.0,0.0,0.0,0.0
10.0,4.44282214110706,0.0035787922462624,0.0035787922438569,0.999993596100728,0.9999935961007272,49.41371342983407,0.0,49.97609308152754,0.0,45.59506533313308,0.0,45.30240651726735,0.0,0.0,0.0,0.0,0.0,0.0,0.0
10.0,4.44307215360768,0.0035788310265531,0.0035788310241471,0.999993595961938,0.9999935959619382,49.413713419456826,0.0,49.976092806879,0.0,45.59506532988394,0.0,45.30240645930982,0.0,0.0,0.0,0.0,0.0,0.0,0.0
10.0,4.44332216610831,0.0035788698085706,0.0035788698061642,0.9999935958231412,0.999993595823141,49.41371340907883,0.0,49.97609253221042,0.0,45.59506532663461,0.0,45.30240640134906,0.0,0.0,0.0,0.0,0.0,0.0,0.0
10.0,4.44357217860893,0.0035789085923149,0.003578908589908,0.999993595684337,0.999993595684337,49.41371339870005,0.0,49.976092257521806,0.0,45.59506532338509,0.0,45.30240634338509,0.0,0.0,0.0,0.0,0.0,0.0,0.0
10.0,4.44382219110956,0.0035789473777859,0.0035789473753784,0.999993595545524,0.999993595545524,49.41371338832052,0.0,49.97609198281322,0.0,45.5950653201354,0.0,45.30240628541789,0.0,0.0,0.0,0.0,0.0,0.0,0.0
10.0,4.44407220361018,0.0035789861649834,0.0035789861625755,0.999993595406704,0.999993595406704,49.41371337794021,0.0,49.97609170808465,0.0,45.59506531688552,0.0,45.302406227447456,0.0,0.0,0.0,0.0,0.0,0.0,0.0
10.0,4.444322216110809,0.0035790249539075,0.0035790249514991,0.999993595267876,0.999993595267876,49.413713367559126,0.0,49.97609143333612,0.0,45.595065313635466,0.0,45.302406169473805,0.0,0.0,0.0,0.0,0.0,0.0,0.0
10.0,4.44457222861143,0.0035790637445581,0.0035790637421491,0.999993595129041,0.999993595129041,49.413713357177286,0.0,49.976091158567655,0.0,45.59506531038523,0.0,45.30240611149694,0.0,0.0,0.0,0.0,0.0,0.0,0.0
10.0,4.44482224111206,0.003579102536935,0.0035791025345256,0.999993594990198,0.999993594990198,49.413713346794665,0.0,49.976090883779264,0.0,45.59506530713481,0.0,45.30240605351685,0.0,0.0,0.0,0.0,0.0,0.0,0.0
10.0,4.44507225361268,0.0035791413310384,0.0035791413286285,0.999993594851347,0.999993594851347,49.41371333641128,0.0,49.97609060897098,0.0,45.595065303884205,0.0,45.30240599553353,0.0,0.0,0.0,0.0,0.0,0.0,0.0
10.0,4.44532226611331,0.003579180126868,0.0035791801244576,0.999993594712488,0.999993594712488,49.41371332602713,0.0,49.97609033414281,0.0,45.59506530063342,0.0,45.30240593754699,0.0,0.0,0.0,0.0,0.0,0.0,0.0
10.0,4.44557227861393,0.0035792189244239,0.003579218922013,0.999993594573622,0.999993594573622,49.413713315642205,0.0,49.976090059294776,0.0,45.595065297382455,0.0,45.302405879557234,0.0,0.0,0.0,0.0,0.0,0.0,0.0
10.0,4.44582229111456,0.0035792577237059,0.0035792577212945,0.999993594434748,0.999993594434748,49.41371330525652,0.0,49.9760897844269,0.0,45.59506529413131,0.0,45.30240582156424,0.0,0.0,0.0,0.0,0.0,0.0,0.0
10.0,4.44607230361518,0.0035792965247141,0.0035792965223021,0.999993594295867,0.999993594295867,49.41371329487006,0.0,49.97608950953919,0.0,45.59506529087998,0.0,45.30240576356803,0.0,0.0,0.0,0.0,0.0,0.0,0.0
10.0,4.44632231611581,0.0035793353274483,0.0035793353250358,0.999993594156977,0.999993594156977,49.41371328448283,0.0,49.97608923463167,0.0,45.59506528762847,0.0,45.3024057055686,0.0,0.0,0.0,0.0,0.0,0.0,0.0
10.0,4.446572328616431,0.0035793741319085,0.0035793741294955,0.99999359401808,0.99999359401808,49.41371327409482,0.0,49.97608895970436,0.0,45.59506528437677,0.0,45.30240564756594,0.0,0.0,0.0,0.0,0.0,0.0,0.0
10.0,4.44682234111706,0.0035794129380946,0.0035794129356811,0.999993593879176,0.999993593879176,49.41371326370606,0.0,49.97608868475728,0.0,45.5950652811249,0.0,45.30240558956006,0.0,0.0,0.0,0.0,0.0,0.0,0.0
10.0,4.44707235361768,0.0035794517460066,0.0035794517435925,0.9999935937402628,0.999993593740264,49.41371325331652,0.0,49.97608840979045,0.0,45.59506527787284,0.0,45.30240553155096,0.0,0.0,0.0,0.0,0.0,0.0,0.0
10.0,4.44732236611831,0.0035794905556443,0.0035794905532297,0.9999935936013432,0.999993593601344,49.41371324292621,0.0,49.976088134803874,0.0,45.59506527462061,0.0,45.30240547353864,0.0,0.0,0.0,0.0,0.0,0.0,0.0
10.0,4.44757237861893,0.0035795293670078,0.0035795293645927,0.999993593462416,0.999993593462416,49.41371323253514,0.0,49.97608785979759,0.0,45.59506527136819,0.0,45.30240541552309,0.0,0.0,0.0,0.0,0.0,0.0,0.0
10.0,4.44782239111956,0.003579568180097,0.0035795681776814,0.99999359332348,0.99999359332348,49.4137132221433,0.0,49.9760875847716,0.0,45.59506526811559,0.0,45.30240535750431,0.0,0.0,0.0,0.0,0.0,0.0,0.0
10.0,4.44807240362018,0.0035796069949118,0.0035796069924956,0.999993593184537,0.999993593184537,49.41371321175068,0.0,49.97608730972592,0.0,45.59506526486281,0.0,45.30240529948233,0.0,0.0,0.0,0.0,0.0,0.0,0.0
10.0,4.44832241612081,0.0035796458114521,0.0035796458090354,0.999993593045587,0.999993593045587,49.4137132013573,0.0,49.97608703466057,0.0,45.59506526160984,0.0,45.30240524145711,0.0,0.0,0.0,0.0,0.0,0.0,0.0
10.0,4.44857242862143,0.003579684629718,0.0035796846273007,0.999993592906628,0.999993592906628,49.41371319096316,0.0,49.97608675957559,0.0,45.59506525835671,0.0,45.30240518342866,0.0,0.0,0.0,0.0,0.0,0.0,0.0
10.0,4.44882244112206,0.0035797234497092,0.0035797234472914,0.999993592767662,0.999993592767662,49.41371318056824,0.0,49.97608648447096,0.0,45.59506525510337,0.0,45.302405125397,0.0,0.0,0.0,0.0,0.0,0.0,0.0
10.0,4.44907245362268,0.0035797622714258,0.0035797622690075,0.999993592628688,0.999993592628688,49.41371317017255,0.0,49.976086209346725,0.0,45.59506525184987,0.0,45.30240506736212,0.0,0.0,0.0,0.0,0.0,0.0,0.0
10.0,4.44932246612331,0.0035798010948677,0.0035798010924488,0.999993592489707,0.9999935924897072,49.41371315977609,0.0,49.9760859342029,0.0,45.59506524859617,0.0,45.302405009324005,0.0,0.0,0.0,0.0,0.0,0.0,0.0
10.0,4.44957247862393,0.0035798399200349,0.0035798399176154,0.9999935923507182,0.999993592350718,49.413713149378864,0.0,49.97608565903949,0.0,45.59506524534231,0.0,45.30240495128268,0.0,0.0,0.0,0.0,0.0,0.0,0.0
10.0,4.449822491124559,0.0035798787469272,0.0035798787445072,0.9999935922117208,0.9999935922117208,49.41371313898087,0.0,49.97608538385651,0.0,45.59506524208825,0.0,45.30240489323812,0.0,0.0,0.0,0.0,0.0,0.0,0.0
10.0,4.45007250362518,0.0035799175755447,0.0035799175731241,0.999993592072716,0.999993592072716,49.4137131285821,0.0,49.97608510865398,0.0,45.59506523883402,0.0,45.302404835190345,0.0,0.0,0.0,0.0,0.0,0.0,0.0
10.0,4.45032251612581,0.0035799564058872,0.003579956403466,0.999993591933704,0.999993591933704,49.41371311818257,0.0,49.97608483343194,0.0,45.5950652355796,0.0,45.30240477713934,0.0,0.0,0.0,0.0,0.0,0.0,0.0
10.0,4.45057252862643,0.0035799952379547,0.003579995235533,0.9999935917946838,0.999993591794684,49.41371310778227,0.0,49.97608455819037,0.0,45.595065232325005,0.0,45.30240471908512,0.0,0.0,0.0,0.0,0.0,0.0,0.0
10.0,4.45082254112706,0.0035800340717471,0.0035800340693248,0.999993591655657,0.999993591655657,49.4137130973812,0.0,49.976084282929314,0.0,45.59506522907023,0.0,45.30240466102767,0.0,0.0,0.0,0.0,0.0,0.0,0.0
10.0,4.45107255362768,0.0035800729072644,0.0035800729048415,0.999993591516622,0.999993591516621,49.41371308697936,0.0,49.97608400764878,0.0,45.59506522581527,0.0,45.302404602967,0.0,0.0,0.0,0.0,0.0,0.0,0.0
10.0,4.45132256612831,0.0035801117445065,0.0035801117420831,0.999993591377579,0.999993591377578,49.41371307657674,0.0,49.97608373234878,0.0,45.59506522256013,0.0,45.30240454490311,0.0,0.0,0.0,0.0,0.0,0.0,0.0
10.0,4.45157257862893,0.0035801505834734,0.0035801505810493,0.999993591238528,0.999993591238528,49.413713066173365,0.0,49.97608345702933,0.0,45.5950652193048,0.0,45.30240448683599,0.0,0.0,0.0,0.0,0.0,0.0,0.0
10.0,4.45182259112956,0.0035801894241649,0.0035801894217403,0.99999359109947,0.99999359109947,49.41371305576922,0.0,49.97608318169046,0.0,45.5950652160493,0.0,45.30240442876565,0.0,0.0,0.0,0.0,0.0,0.0,0.0
10.0,4.452072603630179,0.0035802282665811,0.0035802282641558,0.999993590960404,0.999993590960404,49.4137130453643,0.0,49.976082906332174,0.0,45.595065212793614,0.0,45.30240437069209,0.0,0.0,0.0,0.0,0.0,0.0,0.0
10.0,4.45232261613081,0.0035802671107218,0.003580267108296,0.99999359082133,0.99999359082133,49.41371303495861,0.0,49.976082630954494,0.0,45.595065209537744,0.0,45.3024043126153,0.0,0.0,0.0,0.0,0.0,0.0,0.0
10.0,4.45257262863143,0.003580305956587,0.0035803059541606,0.999993590682249,0.999993590682249,49.413713024552166,0.0,49.97608235555743,0.0,45.595065206281696,0.0,45.3024042545353,0.0,0.0,0.0,0.0,0.0,0.0,0.0
10.0,4.45282264113206,0.0035803448041766,0.0035803448017496,0.99999359054316,0.999993590543159,49.41371301414494,0.0,49.97608208014099,0.0,45.595065203025456,0.0,45.30240419645206,0.0,0.0,0.0,0.0,0.0,0.0,0.0
10.0,4.45307265363268,0.0035803836534906,0.003580383651063,0.999993590404063,0.999993590404063,49.41371300373695,0.0,49.97608180470522,0.0,45.59506519976905,0.0,45.3024041383656,0.0,0.0,0.0,0.0,0.0,0.0,0.0
10.0,4.45332266613331,0.0035804225045289,0.0035804225021007,0.999993590264958,0.999993590264958,49.41371299332818,0.0,49.97608152925011,0.0,45.59506519651246,0.0,45.302404080275934,0.0,0.0,0.0,0.0,0.0,0.0,0.0
10.0,4.45357267863393,0.0035804613572915,0.0035804613548627,0.999993590125846,0.999993590125846,49.413712982918646,0.0,49.97608125377568,0.0,45.59506519325568,0.0,45.30240402218303,0.0,0.0,0.0,0.0,0.0,0.0,0.0
10.0,4.45382269113456,0.0035805002117782,0.0035805002093488,0.999993589986727,0.999993589986726,49.41371297250834,0.0,49.97608097828194,0.0,45.59506518999873,0.0,45.302403964086906,0.0,0.0,0.0,0.0,0.0,0.0,0.0
10.0,4.45407270363518,0.0035805390679891,0.003580539065559,0.999993589847599,0.999993589847599,49.41371296209728,0.0,49.97608070276893,0.0,45.59506518674159,0.0,45.30240390598756,0.0,0.0,0.0,0.0,0.0,0.0,0.0
10.0,4.45432271613581,0.003580577925924,0.0035805779234934,0.999993589708464,0.999993589708464,49.41371295168544,0.0,49.976080427236646,0.0,45.595065183484266,0.0,45.302403847885,0.0,0.0,0.0,0.0,0.0,0.0,0.0
10.0,4.45457272863643,0.0035806167855829,0.0035806167831517,0.9999935895693212,0.999993589569321,49.41371294127283,0.0,49.97608015168511,0.0,45.59506518022677,0.0,45.302403789779206,0.0,0.0,0.0,0.0,0.0,0.0,0.0
10.0,4.45482274113706,0.0035806556469658,0.0035806556445339,0.99999358943017,0.99999358943017,49.413712930859454,0.0,49.97607987611433,0.0,45.59506517696908,0.0,45.30240373167018,0.0,0.0,0.0,0.0,0.0,0.0,0.0
10.0,4.45507275363768,0.0035806945100725,0.00358069450764,0.999993589291012,0.999993589291012,49.413712920445306,0.0,49.97607960052433,0.0,45.59506517371122,0.0,45.30240367355795,0.0,0.0,0.0,0.0,0.0,0.0,0.0
10.0,4.45532276613831,0.0035807333749031,0.0035807333724699,0.999993589151847,0.9999935891518472,49.41371291003039,0.0,49.97607932491512,0.0,45.595065170453175,0.0,45.302403615442486,0.0,0.0,0.0,0.0,0.0,0.0,0.0
10.0,4.45557277863893,0.0035807722414574,0.0035807722390236,0.999993589012673,0.999993589012673,49.41371289961471,0.0,49.97607904928671,0.0,45.59506516719495,0.0,45.30240355732381,0.0,0.0,0.0,0.0,0.0,0.0,0.0
10.0,4.45582279113956,0.0035808111097354,0.003580811107301,0.999993588873492,0.999993588873492,49.41371288919824,0.0,49.97607877363913,0.0,45.59506516393655,0.0,45.3024034992019,0.0,0.0,0.0,0.0,0.0,0.0,0.0
10.0,4.45607280364018,0.003580849979737,0.0035808499773019,0.999993588734303,0.999993588734303,49.41371287878103,0.0,49.97607849797239,0.0,45.59506516067795,0.0,45.30240344107677,0.0,0.0,0.0,0.0,0.0,0.0,0.0
10.0,4.45632281614081,0.0035808888514622,0.0035808888490265,0.999993588595106,0.999993588595106,49.41371286836303,0.0,49.976078222286496,0.0,45.59506515741918,0.0,45.30240338294843,0.0,0.0,0.0,0.0,0.0,0.0,0.0
10.0,4.45657282864143,0.0035809277249109,0.0035809277224745,0.999993588455902,0.999993588455902,49.41371285794428,0.0,49.97607794658146,0.0,45.595065154160224,0.0,45.30240332481685,0.0,0.0,0.0,0.0,0.0,0.0,0.0
10.0,4.45682284114206,0.003580966600083,0.003580966597646,0.99999358831669,0.99999358831669,49.413712847524735,0.0,49.97607767085732,0.0,45.595065150901085,0.0,45.30240326668205,0.0,0.0,0.0,0.0,0.0,0.0,0.0
10.0,4.45707285364268,0.0035810054769785,0.0035810054745408,0.99999358817747,0.99999358817747,49.41371283710444,0.0,49.97607739511408,0.0,45.59506514764177,0.0,45.30240320854404,0.0,0.0,0.0,0.0,0.0,0.0,0.0
10.0,4.45732286614331,0.0035810443555973,0.003581044353159,0.999993588038243,0.999993588038243,49.41371282668337,0.0,49.976077119351736,0.0,45.59506514438228,0.0,45.3024031504028,0.0,0.0,0.0,0.0,0.0,0.0,0.0
10.0,4.457572878643929,0.0035810832359394,0.0035810832335004,0.999993587899008,0.999993587899008,49.41371281626153,0.0,49.976076843570326,0.0,45.5950651411226,0.0,45.30240309225832,0.0,0.0,0.0,0.0,0.0,0.0,0.0
10.0,4.45782289114456,0.0035811221180046,0.003581122115565,0.999993587759765,0.999993587759765,49.41371280583892,0.0,49.97607656776986,0.0,45.59506513786274,0.0,45.30240303411064,0.0,0.0,0.0,0.0,0.0,0.0,0.0
10.0,4.45807290364518,0.003581161001793,0.0035811609993527,0.999993587620515,0.999993587620514,49.41371279541554,0.0,49.97607629195034,0.0,45.59506513460271,0.0,45.30240297595973,0.0,0.0,0.0,0.0,0.0,0.0,0.0
10.0,4.45832291614581,0.0035811998873045,0.0035811998848635,0.9999935874812568,0.999993587481257,49.4137127849914,0.0,49.97607601611181,0.0,45.59506513134248,0.0,45.30240291780559,0.0,0.0,0.0,0.0,0.0,0.0,0.0
10.0,4.45857292864643,0.0035812387745389,0.0035812387720973,0.9999935873419912,0.999993587341991,49.41371277456648,0.0,49.97607574025423,0.0,45.59506512808208,0.0,45.30240285964824,0.0,0.0,0.0,0.0,0.0,0.0,0.0
10.0,4.45882294114706,0.0035812776634963,0.0035812776610541,0.999993587202717,0.999993587202717,49.4137127641408,0.0,49.97607546437767,0.0,45.59506512482149,0.0,45.30240280148765,0.0,0.0,0.0,0.0,0.0,0.0,0.0
10.0,4.45907295364768,0.0035813165541766,0.0035813165517337,0.999993587063436,0.999993587063436,49.413712753714336,0.0,49.97607518848213,0.0,45.59506512156072,0.0,45.30240274332385,0.0,0.0,0.0,0.0,0.0,0.0,0.0
10.0,4.45932296614831,0.0035813554465797,0.0035813554441361,0.9999935869241472,0.9999935869241472,49.41371274328712,0.0,49.9760749125676,0.0,45.59506511829977,0.0,45.30240268515683,0.0,0.0,0.0,0.0,0.0,0.0,0.0
10.0,4.45957297864893,0.0035813943407056,0.0035813943382613,0.999993586784851,0.999993586784851,49.41371273285912,0.0,49.97607463663412,0.0,45.59506511503864,0.0,45.30240262698658,0.0,0.0,0.0,0.0,0.0,0.0,0.0
10.0,4.45982299114956,0.0035814332365542,0.0035814332341092,0.9999935866455468,0.999993586645546,49.41371272243036,0.0,49.976074360681686,0.0,45.59506511177733,0.0,45.30240256881312,0.0,0.0,0.0,0.0,0.0,0.0,0.0
10.0,4.46007300365018,0.0035814721341254,0.0035814721316797,0.999993586506235,0.999993586506235,49.41371271200083,0.0,49.97607408471033,0.0,45.59506510851584,0.0,45.30240251063642,0.0,0.0,0.0,0.0,0.0,0.0,0.0
10.0,4.46032301615081,0.0035815110334191,0.0035815110309727,0.999993586366915,0.999993586366915,49.413712701570525,0.0,49.97607380872005,0.0,45.59506510525416,0.0,45.302402452456505,0.0,0.0,0.0,0.0,0.0,0.0,0.0
10.0,4.46057302865143,0.0035815499344354,0.0035815499319883,0.9999935862275882,0.999993586227588,49.41371269113945,0.0,49.97607353271087,0.0,45.59506510199232,0.0,45.302402394273365,0.0,0.0,0.0,0.0,0.0,0.0,0.0
10.0,4.46082304115206,0.0035815888371741,0.0035815888347263,0.999993586088253,0.999993586088253,49.41371268070761,0.0,49.97607325668281,0.0,45.595065098730274,0.0,45.302402336087,0.0,0.0,0.0,0.0,0.0,0.0,0.0
10.0,4.46107305365268,0.0035816277416352,0.0035816277391867,0.999993585948911,0.9999935859489112,49.41371267027501,0.0,49.976072980635855,0.0,45.59506509546807,0.0,45.30240227789742,0.0,0.0,0.0,0.0,0.0,0.0,0.0
10.0,4.46132306615331,0.0035816666478187,0.0035816666453695,0.99999358580956,0.99999358580956,49.41371265984162,0.0,49.97607270457006,0.0,45.59506509220566,0.0,45.30240221970461,0.0,0.0,0.0,0.0,0.0,0.0,0.0
10.0,4.46157307865393,0.0035817055557243,0.0035817055532744,0.999993585670202,0.999993585670202,49.41371264940748,0.0,49.9760724284854,0.0,45.59506508894308,0.0,45.30240216150858,0.0,0.0,0.0,0.0,0.0,0.0,0.0
10.0,4.46182309115456,0.0035817444653522,0.0035817444629016,0.999993585530836,0.9999935855308368,49.41371263897256,0.0,49.97607215238191,0.0,45.59506508568032,0.0,45.30240210330933,0.0,0.0,0.0,0.0,0.0,0.0,0.0
10.0,4.46207310365518,0.0035817833767023,0.0035817833742509,0.999993585391463,0.999993585391463,49.41371262853688,0.0,49.9760718762596,0.0,45.59506508241738,0.0,45.30240204510685,0.0,0.0,0.0,0.0,0.0,0.0,0.0
10.0,4.462323116155811,0.0035818222897744,0.0035818222873223,0.999993585252082,0.999993585252082,49.413712618100405,0.0,49.97607160011847,0.0,45.59506507915425,0.0,45.30240198690117,0.0,0.0,0.0,0.0,0.0,0.0,0.0
10.0,4.46257312865643,0.0035818612045685,0.0035818612021157,0.999993585112693,0.999993585112693,49.41371260766319,0.0,49.97607132395856,0.0,45.595065075890936,0.0,45.30240192869224,0.0,0.0,0.0,0.0,0.0,0.0,0.0
10.0,4.46282314115706,0.0035819001210845,0.003581900118631,0.999993584973297,0.999993584973297,49.41371259722519,0.0,49.976071047779854,0.0,45.59506507262746,0.0,45.3024018704801,0.0,0.0,0.0,0.0,0.0,0.0,0.0
10.0,4.46307315365768,0.0035819390393225,0.0035819390368683,0.999993584833893,0.999993584833893,49.41371258678643,0.0,49.97607077158239,0.0,45.59506506936379,0.0,45.30240181226473,0.0,0.0,0.0,0.0,0.0,0.0,0.0
10.0,4.46332316615831,0.0035819779592823,0.0035819779568273,0.999993584694481,0.999993584694481,49.41371257634689,0.0,49.97607049536617,0.0,45.59506506609994,0.0,45.302401754046144,0.0,0.0,0.0,0.0,0.0,0.0,0.0
10.0,4.46357317865893,0.0035820168809638,0.0035820168785081,0.999993584555062,0.999993584555062,49.41371256590659,0.0,49.97607021913121,0.0,45.59506506283592,0.0,45.30240169582434,0.0,0.0,0.0,0.0,0.0,0.0,0.0
10.0,4.46382319115956,0.003582055804367,0.0035820558019106,0.999993584415635,0.9999935844156348,49.41371255546551,0.0,49.97606994287752,0.0,45.5950650595717,0.0,45.3024016375993,0.0,0.0,0.0,0.0,0.0,0.0,0.0
10.0,4.46407320366018,0.0035820947294919,0.0035820947270348,0.9999935842762,0.9999935842762,49.41371254502367,0.0,49.9760696666051,0.0,45.595065056307305,0.0,45.30240157937104,0.0,0.0,0.0,0.0,0.0,0.0,0.0
10.0,4.46432321616081,0.0035821336563384,0.0035821336538805,0.999993584136757,0.9999935841367572,49.41371253458106,0.0,49.97606939031399,0.0,45.59506505304274,0.0,45.302401521139565,0.0,0.0,0.0,0.0,0.0,0.0,0.0
10.0,4.46457322866143,0.0035821725849064,0.0035821725824477,0.999993583997307,0.999993583997307,49.41371252413768,0.0,49.97606911400418,0.0,45.59506504977797,0.0,45.30240146290486,0.0,0.0,0.0,0.0,0.0,0.0,0.0
10.0,4.46482324116206,0.0035822115151958,0.0035822115127364,0.999993583857849,0.999993583857849,49.41371251369352,0.0,49.976068837675705,0.0,45.59506504651304,0.0,45.30240140466695,0.0,0.0,0.0,0.0,0.0,0.0,0.0
10.0,4.46507325366268,0.0035822504472066,0.0035822504447464,0.999993583718384,0.999993583718384,49.41371250324861,0.0,49.97606856132856,0.0,45.59506504324792,0.0,45.3024013464258,0.0,0.0,0.0,0.0,0.0,0.0,0.0
10.0,4.46532326616331,0.0035822893809388,0.0035822893784778,0.999993583578911,0.999993583578911,49.41371249280292,0.0,49.97606828496276,0.0,45.59506503998262,0.0,45.30240128818143,0.0,0.0,0.0,0.0,0.0,0.0,0.0
10.0,4.46557327866393,0.0035823283163922,0.0035823283139305,0.99999358343943,0.99999358343943,49.41371248235645,0.0,49.97606800857832,0.0,45.595065036717145,0.0,45.30240122993384,0.0,0.0,0.0,0.0,0.0,0.0,0.0
10.0,4.46582329116456,0.0035823672535668,0.0035823672511044,0.999993583299941,0.999993583299941,49.41371247190922,0.0,49.97606773217525,0.0,45.59506503345149,0.0,45.30240117168303,0.0,0.0,0.0,0.0,0.0,0.0,0.0
10.0,4.46607330366518,0.0035824061924626,0.0035824061899994,0.999993583160445,0.999993583160445,49.41371246146122,0.0,49.97606745575358,0.0,45.59506503018565,0.0,45.30240111342899,0.0,0.0,0.0,0.0,0.0,0.0,0.0
10.0,4.46632331616581,0.0035824451330794,0.0035824451306154,0.999993583020941,0.999993583020941,49.41371245101246,0.0,49.9760671793133,0.0,45.59506502691962,0.0,45.30240105517173,0.0,0.0,0.0,0.0,0.0,0.0,0.0
10.0,4.46657332866643,0.0035824840754173,0.0035824840729525,0.999993582881429,0.9999935828814293,49.413712440562925,0.0,49.97606690285443,0.0,45.59506502365341,0.0,45.30240099691125,0.0,0.0,0.0,0.0,0.0,0.0,0.0
10.0,4.46682334116706,0.0035825230194761,0.0035825230170106,0.99999358274191,0.99999358274191,49.41371243011261,0.0,49.97606662637698,0.0,45.59506502038702,0.0,45.30240093864754,0.0,0.0,0.0,0.0,0.0,0.0,0.0
10.0,4.46707335366768,0.0035825619652558,0.0035825619627895,0.9999935826023828,0.9999935826023828,49.41371241966153,0.0,49.976066349880966,0.0,45.59506501712045,0.0,45.30240088038061,0.0,0.0,0.0,0.0,0.0,0.0,0.0
10.0,4.46732336616831,0.0035826009127564,0.0035826009102893,0.999993582462848,0.999993582462848,49.41371240920969,0.0,49.9760660733664,0.0,45.595065013853706,0.0,45.302400822110464,0.0,0.0,0.0,0.0,0.0,0.0,0.0
10.0,4.46757337866893,0.0035826398619777,0.0035826398595098,0.999993582323306,0.999993582323306,49.41371239875708,0.0,49.97606579683329,0.0,45.59506501058678,0.0,45.30240076383709,0.0,0.0,0.0,0.0,0.0,0.0,0.0
10.0,4.467823391169559,0.0035826788129198,0.0035826788104511,0.999993582183756,0.999993582183756,49.413712388303686,0.0,49.97606552028166,0.0,45.59506500731966,0.0,45.302400705560494,0.0,0.0,0.0,0.0,0.0,0.0,0.0
10.0,4.46807340367018,0.0035827177655824,0.0035827177631129,0.999993582044198,0.999993582044198,49.413712377849535,0.0,49.9760652437115,0.0,45.59506500405237,0.0,45.302400647280685,0.0,0.0,0.0,0.0,0.0,0.0,0.0
10.0,4.46832341617081,0.0035827567199657,0.0035827567174954,0.999993581904633,0.999993581904633,49.4137123673946,0.0,49.976064967122845,0.0,45.595065000784906,0.0,45.30240058899764,0.0,0.0,0.0,0.0,0.0,0.0,0.0
10.0,4.46857342867143,0.0035827956760695,0.0035827956735984,0.999993581765059,0.999993581765059,49.41371235693891,0.0,49.9760646905157,0.0,45.59506499751724,0.0,45.30240053071138,0.0,0.0,0.0,0.0,0.0,0.0,0.0
10.0,4.46882344117206,0.0035828346338937,0.0035828346314218,0.999993581625479,0.999993581625479,49.413712346482455,0.0,49.97606441389007,0.0,45.59506499424941,0.0,45.3024004724219,0.0,0.0,0.0,0.0,0.0,0.0,0.0
10.0,4.46907345367268,0.0035828735934384,0.0035828735909657,0.99999358148589,0.99999358148589,49.41371233602522,0.0,49.97606413724597,0.0,45.59506499098139,0.0,45.30240041412919,0.0,0.0,0.0,0.0,0.0,0.0,0.0
10.0,4.46932346617331,0.0035829125547034,0.0035829125522298,0.999993581346294,0.999993581346294,49.41371232556721,0.0,49.976063860583416,0.0,45.5950649877132,0.0,45.302400355833264,0.0,0.0,0.0,0.0,0.0,0.0,0.0
10.0,4.46957347867393,0.0035829515176886,0.0035829515152143,0.99999358120669,0.99999358120669,49.41371231510844,0.0,49.976063583902416,0.0,45.59506498444481,0.0,45.30240029753411,0.0,0.0,0.0,0.0,0.0,0.0,0.0
10.0,4.46982349117456,0.0035829904823941,0.003582990479919,0.999993581067079,0.999993581067079,49.4137123046489,0.0,49.97606330720298,0.0,45.59506498117625,0.0,45.30240023923174,0.0,0.0,0.0,0.0,0.0,0.0,0.0
10.0,4.470073503675181,0.0035830294488197,0.0035830294463438,0.9999935809274588,0.999993580927459,49.413712294188585,0.0,49.97606303048512,0.0,45.59506497790751,0.0,45.30240018092614,0.0,0.0,0.0,0.0,0.0,0.0,0.0
10.0,4.47032351617581,0.0035830684169654,0.0035830684144886,0.999993580787833,0.999993580787833,49.41371228372751,0.0,49.97606275374886,0.0,45.59506497463859,0.0,45.30240012261733,0.0,0.0,0.0,0.0,0.0,0.0,0.0
10.0,4.47057352867643,0.0035831073868312,0.0035831073843535,0.999993580648198,0.999993580648198,49.413712273265645,0.0,49.97606247699419,0.0,45.59506497136948,0.0,45.30240006430528,0.0,0.0,0.0,0.0,0.0,0.0,0.0
10.0,4.47082354117706,0.0035831463584169,0.0035831463559384,0.999993580508556,0.999993580508556,49.41371226280303,0.0,49.976062200221136,0.0,45.5950649681002,0.0,45.30240000599002,0.0,0.0,0.0,0.0,0.0,0.0,0.0
10.0,4.47107355367768,0.0035831853317225,0.0035831853292432,0.999993580368906,0.999993580368906,49.41371225233964,0.0,49.97606192342971,0.0,45.59506496483074,0.0,45.30239994767153,0.0,0.0,0.0,0.0,0.0,0.0,0.0
10.0,4.47132356617831,0.0035832243067479,0.0035832243042678,0.999993580229248,0.999993580229248,49.41371224187549,0.0,49.97606164661992,0.0,45.595064961561086,0.0,45.30239988934983,0.0,0.0,0.0,0.0,0.0,0.0,0.0
10.0,4.47157357867893,0.0035832632834931,0.0035832632810122,0.999993580089583,0.999993580089583,49.41371223141055,0.0,49.97606136979177,0.0,45.59506495829126,0.0,45.30239983102489,0.0,0.0,0.0,0.0,0.0,0.0,0.0
10.0,4.47182359117956,0.0035833022619581,0.0035833022594762,0.99999357994991,0.99999357994991,49.41371222094485,0.0,49.97606109294528,0.0,45.59506495502125,0.0,45.30239977269674,0.0,0.0,0.0,0.0,0.0,0.0,0.0
10.0,4.47207360368018,0.0035833412421427,0.00358334123966,0.999993579810229,0.999993579810229,49.41371221047838,0.0,49.97606081608046,0.0,45.595064951751056,0.0,45.302399714365365,0.0,0.0,0.0,0.0,0.0,0.0,0.0
10.0,4.47232361618081,0.0035833802240468,0.0035833802215633,0.999993579670541,0.999993579670541,49.41371220001114,0.0,49.97606053919732,0.0,45.59506494848069,0.0,45.302399656030765,0.0,0.0,0.0,0.0,0.0,0.0,0.0
10.0,4.47257362868143,0.0035834192076705,0.0035834192051862,0.9999935795308448,0.9999935795308448,49.41371218954314,0.0,49.976060262295874,0.0,45.59506494521013,0.0,45.30239959769295,0.0,0.0,0.0,0.0,0.0,0.0,0.0
10.0,4.47282364118206,0.0035834581930137,0.0035834581905285,0.999993579391141,0.9999935793911412,49.41371217907436,0.0,49.97605998537613,0.0,45.5950649419394,0.0,45.3023995393519,0.0,0.0,0.0,0.0,0.0,0.0,0.0
10.0,4.47307365368268,0.0035834971800763,0.0035834971775902,0.99999357925143,0.99999357925143,49.4137121686048,0.0,49.9760597084381,0.0,45.595064938668486,0.0,45.30239948100764,0.0,0.0,0.0,0.0,0.0,0.0,0.0
10.0,4.473323666183309,0.0035835361688582,0.0035835361663712,0.9999935791117108,0.999993579111711,49.413712158134494,0.0,49.97605943148179,0.0,45.59506493539739,0.0,45.30239942266015,0.0,0.0,0.0,0.0,0.0,0.0,0.0
10.0,4.47357367868393,0.0035835751593594,0.0035835751568716,0.999993578971984,0.999993578971984,49.41371214766341,0.0,49.976059154507226,0.0,45.595064932126114,0.0,45.30239936430944,0.0,0.0,0.0,0.0,0.0,0.0,0.0
10.0,4.47382369118456,0.0035836141515799,0.0035836141490911,0.99999357883225,0.99999357883225,49.413712137191546,0.0,49.97605887751439,0.0,45.59506492885466,0.0,45.30239930595551,0.0,0.0,0.0,0.0,0.0,0.0,0.0
10.0,4.47407370368518,0.0035836531455194,0.0035836531430298,0.999993578692507,0.999993578692507,49.41371212671892,0.0,49.97605860050333,0.0,45.59506492558302,0.0,45.30239924759835,0.0,0.0,0.0,0.0,0.0,0.0,0.0
10.0,4.47432371618581,0.0035836921411781,0.0035836921386876,0.999993578552758,0.999993578552758,49.41371211624552,0.0,49.97605832347403,0.0,45.5950649223112,0.0,45.30239918923797,0.0,0.0,0.0,0.0,0.0,0.0,0.0
10.0,4.47457372868643,0.0035837311385558,0.0035837311360645,0.999993578413,0.999993578413,49.41371210577136,0.0,49.97605804642651,0.0,45.5950649190392,0.0,45.30239913087438,0.0,0.0,0.0,0.0,0.0,0.0,0.0
10.0,4.47482374118706,0.0035837701376525,0.0035837701351603,0.999993578273235,0.999993578273235,49.413712095296425,0.0,49.97605776936078,0.0,45.59506491576701,0.0,45.30239907250756,0.0,0.0,0.0,0.0,0.0,0.0,0.0
10.0,4.47507375368768,0.0035838091384681,0.003583809135975,0.999993578133462,0.999993578133462,49.41371208482072,0.0,49.97605749227685,0.0,45.59506491249466,0.0,45.30239901413752,0.0,0.0,0.0,0.0,0.0,0.0,0.0
10.0,4.47532376618831,0.0035838481410025,0.0035838481385085,0.999993577993681,0.999993577993682,49.41371207434423,0.0,49.97605721517473,0.0,45.59506490922211,0.0,45.30239895576425,0.0,0.0,0.0,0.0,0.0,0.0,0.0
10.0,4.475573778688929,0.0035838871452558,0.0035838871427608,0.999993577853894,0.9999935778538932,49.413712063867,0.0,49.976056938054434,0.0,45.59506490594938,0.0,45.30239889738776,0.0,0.0,0.0,0.0,0.0,0.0,0.0
10.0,4.47582379118956,0.0035839261512277,0.0035839261487319,0.999993577714098,0.999993577714098,49.41371205338898,0.0,49.976056660915965,0.0,45.59506490267648,0.0,45.30239883900805,0.0,0.0,0.0,0.0,0.0,0.0,0.0
10.0,4.47607380369018,0.0035839651589183,0.0035839651564216,0.999993577574294,0.999993577574294,49.4137120429102,0.0,49.976056383759335,0.0,45.59506489940339,0.0,45.30239878062511,0.0,0.0,0.0,0.0,0.0,0.0,0.0
10.0,4.47632381619081,0.0035840041683275,0.0035840041658299,0.999993577434483,0.999993577434483,49.41371203243064,0.0,49.97605610658456,0.0,45.595064896130125,0.0,45.30239872223896,0.0,0.0,0.0,0.0,0.0,0.0,0.0
10.0,4.47657382869143,0.0035840431794552,0.0035840431769567,0.999993577294664,0.999993577294664,49.41371202195032,0.0,49.97605582939165,0.0,45.59506489285667,0.0,45.30239866384957,0.0,0.0,0.0,0.0,0.0,0.0,0.0
10.0,4.47682384119206,0.0035840821923015,0.003584082189802,0.999993577154837,0.999993577154837,49.41371201146922,0.0,49.97605555218061,0.0,45.59506488958305,0.0,45.30239860545698,0.0,0.0,0.0,0.0,0.0,0.0,0.0
10.0,4.47707385369268,0.0035841212068661,0.0035841212043657,0.999993577015003,0.999993577015003,49.41371200098736,0.0,49.97605527495146,0.0,45.59506488630923,0.0,45.30239854706116,0.0,0.0,0.0,0.0,0.0,0.0,0.0
10.0,4.47732386619331,0.0035841602231491,0.0035841602206477,0.999993576875161,0.999993576875161,49.41371199050473,0.0,49.9760549977042,0.0,45.59506488303525,0.0,45.302398488662114,0.0,0.0,0.0,0.0,0.0,0.0,0.0
10.0,4.47757387869393,0.0035841992411503,0.0035841992386481,0.999993576735311,0.999993576735311,49.41371198002132,0.0,49.97605472043885,0.0,45.59506487976107,0.0,45.30239843025985,0.0,0.0,0.0,0.0,0.0,0.0,0.0
10.0,4.47782389119456,0.0035842382608698,0.0035842382583666,0.999993576595454,0.999993576595454,49.41371196953715,0.0,49.976054443155405,0.0,45.59506487648672,0.0,45.30239837185436,0.0,0.0,0.0,0.0,0.0,0.0,0.0
10.0,4.47807390369518,0.0035842772823075,0.0035842772798033,0.999993576455589,0.999993576455589,49.41371195905221,0.0,49.976054165853895,0.0,45.59506487321218,0.0,45.30239831344565,0.0,0.0,0.0,0.0,0.0,0.0,0.0
10.0,4.47832391619581,0.0035843163054632,0.0035843163029582,0.999993576315716,0.999993576315716,49.413711948566494,0.0,49.97605388853431,0.0,45.59506486993746,0.0,45.30239825503371,0.0,0.0,0.0,0.0,0.0,0.0,0.0
10.0,4.47857392869644,0.003584355330337,0.003584355327831,0.999993576175836,0.9999935761758358,49.413711938080006,0.0,49.97605361119668,0.0,45.59506486666257,0.0,45.30239819661856,0.0,0.0,0.0,0.0,0.0,0.0,0.0
10.0,4.47882394119706,0.0035843943569288,0.0035843943544218,0.999993576035948,0.999993576035948,49.41371192759276,0.0,49.976053333840994,0.0,45.59506486338749,0.0,45.30239813820018,0.0,0.0,0.0,0.0,0.0,0.0,0.0
10.0,4.47907395369768,0.0035844333852385,0.0035844333827306,0.999993575896052,0.999993575896052,49.41371191710473,0.0,49.97605305646727,0.0,45.59506486011223,0.0,45.30239807977858,0.0,0.0,0.0,0.0,0.0,0.0,0.0
10.0,4.47932396619831,0.003584472415266,0.0035844724127572,0.999993575756148,0.999993575756148,49.41371190661595,0.0,49.97605277907553,0.0,45.59506485683679,0.0,45.30239802135375,0.0,0.0,0.0,0.0,0.0,0.0,0.0
10.0,4.47957397869893,0.0035845114470113,0.0035845114445015,0.999993575616237,0.999993575616237,49.41371189612639,0.0,49.97605250166577,0.0,45.595064853561176,0.0,45.30239796292571,0.0,0.0,0.0,0.0,0.0,0.0,0.0
10.0,4.47982399119956,0.0035845504804744,0.0035845504779636,0.999993575476318,0.999993575476319,49.41371188563605,0.0,49.976052224238,0.0,45.595064850285375,0.0,45.30239790449445,0.0,0.0,0.0,0.0,0.0,0.0,0.0
10.0,4.48007400370019,0.0035845895156551,0.0035845895131434,0.999993575336392,0.999993575336392,49.41371187514495,0.0,49.97605194679224,0.0,45.5950648470094,0.0,45.302397846059954,0.0,0.0,0.0,0.0,0.0,0.0,0.0
10.0,4.48032401620081,0.0035846285525535,0.0035846285500408,0.999993575196458,0.999993575196458,49.413711864653074,0.0,49.97605166932848,0.0,45.595064843733226,0.0,45.30239778762224,0.0,0.0,0.0,0.0,0.0,0.0,0.0
10.0,4.48057402870143,0.0035846675911694,0.0035846675886557,0.999993575056516,0.999993575056516,49.41371185416043,0.0,49.97605139184676,0.0,45.595064840456885,0.0,45.30239772918131,0.0,0.0,0.0,0.0,0.0,0.0,0.0
10.0,4.48082404120206,0.0035847066315027,0.0035847066289881,0.999993574916566,0.999993574916566,49.41371184366703,0.0,49.97605111434707,0.0,45.59506483718037,0.0,45.30239767073716,0.0,0.0,0.0,0.0,0.0,0.0,0.0
10.0,4.48107405370269,0.0035847456735535,0.0035847456710379,0.999993574776609,0.999993574776609,49.41371183317284,0.0,49.976050836829415,0.0,45.595064833903656,0.0,45.30239761228978,0.0,0.0,0.0,0.0,0.0,0.0,0.0
10.0,4.48132406620331,0.0035847847173216,0.003584784714805,0.999993574636644,0.999993574636644,49.41371182267788,0.0,49.97605055929382,0.0,45.595064830626775,0.0,45.30239755383918,0.0,0.0,0.0,0.0,0.0,0.0,0.0
10.0,4.48157407870394,0.003584823762807,0.0035848237602895,0.999993574496672,0.999993574496672,49.41371181218217,0.0,49.97605028174028,0.0,45.5950648273497,0.0,45.30239749538536,0.0,0.0,0.0,0.0,0.0,0.0,0.0
10.0,4.48182409120456,0.0035848628100097,0.0035848628074911,0.999993574356691,0.999993574356692,49.41371180168568,0.0,49.976050004168805,0.0,45.59506482407246,0.0,45.30239743692832,0.0,0.0,0.0,0.0,0.0,0.0,0.0
10.0,4.48207410370518,0.0035849018589295,0.00358490185641,0.999993574216703,0.999993574216704,49.41371179118842,0.0,49.97604972657942,0.0,45.59506482079503,0.0,45.30239737846806,0.0,0.0,0.0,0.0,0.0,0.0,0.0
10.0,4.48232411620581,0.0035849409095665,0.0035849409070459,0.999993574076708,0.999993574076708,49.41371178069039,0.0,49.97604944897212,0.0,45.59506481751743,0.0,45.30239732000456,0.0,0.0,0.0,0.0,0.0,0.0,0.0
10.0,4.48257412870644,0.0035849799619205,0.0035849799593989,0.9999935739367052,0.999993573936705,49.41371177019159,0.0,49.97604917134692,0.0,45.59506481423962,0.0,45.302397261537855,0.0,0.0,0.0,0.0,0.0,0.0,0.0
10.0,4.48282414120706,0.0035850190159914,0.0035850190134689,0.999993573796694,0.999993573796694,49.41371175969202,0.0,49.97604889370383,0.0,45.59506481096166,0.0,45.302397203067926,0.0,0.0,0.0,0.0,0.0,0.0,0.0
10.0,4.48307415370769,0.0035850580717793,0.0035850580692558,0.999993573656675,0.9999935736566752,49.41371174919168,0.0,49.97604861604286,0.0,45.59506480768352,0.0,45.30239714459477,0.0,0.0,0.0,0.0,0.0,0.0,0.0
10.0,4.48332416620831,0.0035850971292841,0.0035850971267595,0.999993573516649,0.999993573516649,49.413711738690566,0.0,49.976048338364,0.0,45.59506480440517,0.0,45.30239708611839,0.0,0.0,0.0,0.0,0.0,0.0,0.0
10.0,4.483574178708941,0.0035851361885056,0.00358513618598,0.999993573376615,0.9999935733766148,49.41371172818869,0.0,49.9760480606673,0.0,45.59506480112666,0.0,45.30239702763879,0.0,0.0,0.0,0.0,0.0,0.0,0.0
10.0,4.48382419120956,0.0035851752494439,0.0035851752469173,0.999993573236573,0.999993573236573,49.413711717686034,0.0,49.97604778295273,0.0,45.59506479784797,0.0,45.30239696915597,0.0,0.0,0.0,0.0,0.0,0.0,0.0
10.0,4.48407420371019,0.0035852143120989,0.0035852143095712,0.999993573096524,0.999993573096523,49.41371170718261,0.0,49.97604750522032,0.0,45.5950647945691,0.0,45.30239691066992,0.0,0.0,0.0,0.0,0.0,0.0,0.0
10.0,4.48432421621081,0.0035852533764705,0.0035852533739418,0.999993572956467,0.999993572956466,49.41371169667843,0.0,49.97604722747007,0.0,45.59506479129004,0.0,45.30239685218066,0.0,0.0,0.0,0.0,0.0,0.0,0.0
10.0,4.48457422871143,0.0035852924425586,0.0035852924400289,0.999993572816402,0.999993572816402,49.41371168617346,0.0,49.97604694970199,0.0,45.5950647880108,0.0,45.302396793688175,0.0,0.0,0.0,0.0,0.0,0.0,0.0
10.0,4.48482424121206,0.0035853315103632,0.0035853315078325,0.999993572676329,0.999993572676329,49.41371167566773,0.0,49.976046671916095,0.0,45.595064784731385,0.0,45.30239673519247,0.0,0.0,0.0,0.0,0.0,0.0,0.0
10.0,4.48507425371269,0.0035853705798842,0.0035853705773525,0.999993572536249,0.9999935725362492,49.41371166516124,0.0,49.9760463941124,0.0,45.59506478145178,0.0,45.30239667669353,0.0,0.0,0.0,0.0,0.0,0.0,0.0
10.0,4.48532426621331,0.0035854096511216,0.0035854096485888,0.999993572396161,0.9999935723961608,49.413711654653966,0.0,49.97604611629089,0.0,45.59506477817201,0.0,45.30239661819138,0.0,0.0,0.0,0.0,0.0,0.0,0.0
10.0,4.48557427871394,0.0035854487240753,0.0035854487215415,0.999993572256066,0.999993572256066,49.41371164414593,0.0,49.97604583845159,0.0,45.595064774892045,0.0,45.30239655968601,0.0,0.0,0.0,0.0,0.0,0.0,0.0
10.0,4.485824291214561,0.0035854877987453,0.0035854877962104,0.9999935721159628,0.999993572115963,49.41371163363712,0.0,49.97604556059451,0.0,45.5950647716119,0.0,45.30239650117742,0.0,0.0,0.0,0.0,0.0,0.0,0.0
10.0,4.48607430371518,0.0035855268751314,0.0035855268725954,0.999993571975852,0.999993571975852,49.41371162312754,0.0,49.97604528271965,0.0,45.59506476833159,0.0,45.3023964426656,0.0,0.0,0.0,0.0,0.0,0.0,0.0
10.0,4.48632431621581,0.0035855659532336,0.0035855659506966,0.999993571835733,0.999993571835733,49.41371161261719,0.0,49.97604500482704,0.0,45.59506476505109,0.0,45.30239638415055,0.0,0.0,0.0,0.0,0.0,0.0,0.0
10.0,4.48657432871644,0.0035856050330519,0.0035856050305138,0.999993571695607,0.999993571695607,49.41371160210606,0.0,49.976044726916655,0.0,45.5950647617704,0.0,45.30239632563229,0.0,0.0,0.0,0.0,0.0,0.0,0.0
10.0,4.48682434121706,0.0035856441145862,0.003585644112047,0.999993571555473,0.999993571555473,49.41371159159418,0.0,49.97604444898853,0.0,45.59506475848954,0.0,45.30239626711081,0.0,0.0,0.0,0.0,0.0,0.0,0.0
10.0,4.48707435371769,0.0035856831978364,0.0035856831952962,0.999993571415332,0.999993571415332,49.41371158108152,0.0,49.976044171042666,0.0,45.5950647552085,0.0,45.302396208586096,0.0,0.0,0.0,0.0,0.0,0.0,0.0
10.0,4.48732436621831,0.0035857222828025,0.0035857222802612,0.999993571275182,0.999993571275182,49.41371157056808,0.0,49.97604389307907,0.0,45.59506475192728,0.0,45.302396150058165,0.0,0.0,0.0,0.0,0.0,0.0,0.0
10.0,4.48757437871894,0.0035857613694843,0.003585761366942,0.999993571135026,0.9999935711350258,49.41371156005389,0.0,49.97604361509775,0.0,45.59506474864587,0.0,45.30239609152702,0.0,0.0,0.0,0.0,0.0,0.0,0.0
10.0,4.48782439121956,0.0035858004578819,0.0035858004553385,0.999993570994861,0.999993570994861,49.41371154953892,0.0,49.97604333709873,0.0,45.59506474536428,0.0,45.30239603299265,0.0,0.0,0.0,0.0,0.0,0.0,0.0
10.0,4.48807440372019,0.0035858395479952,0.0035858395454507,0.999993570854688,0.999993570854689,49.413711539023176,0.0,49.97604305908199,0.0,45.59506474208252,0.0,45.30239597445505,0.0,0.0,0.0,0.0,0.0,0.0,0.0
10.0,4.48832441622081,0.0035858786398242,0.0035858786372786,0.999993570714508,0.999993570714508,49.41371152850667,0.0,49.97604278104755,0.0,45.59506473880057,0.0,45.30239591591423,0.0,0.0,0.0,0.0,0.0,0.0,0.0
10.0,4.48857442872144,0.0035859177333686,0.003585917730822,0.9999935705743208,0.999993570574321,49.41371151798939,0.0,49.97604250299543,0.0,45.59506473551844,0.0,45.3023958573702,0.0,0.0,0.0,0.0,0.0,0.0,0.0
10.0,4.48882444122206,0.0035859568286286,0.0035859568260808,0.999993570434126,0.999993570434125,49.41371150747134,0.0,49.97604222492564,0.0,45.59506473223613,0.0,45.30239579882293,0.0,0.0,0.0,0.0,0.0,0.0,0.0
10.0,4.489074453722689,0.003585995925604,0.0035859959230551,0.9999935702939228,0.999993570293923,49.41371149695252,0.0,49.976041946838166,0.0,45.595064728953645,0.0,45.30239574027245,0.0,0.0,0.0,0.0,0.0,0.0,0.0
10.0,4.48932446622331,0.0035860350242948,0.0035860350217448,0.999993570153712,0.999993570153712,49.41371148643293,0.0,49.97604166873303,0.0,45.59506472567097,0.0,45.30239568171875,0.0,0.0,0.0,0.0,0.0,0.0,0.0
10.0,4.48957447872394,0.0035860741247009,0.0035860741221498,0.999993570013494,0.999993570013494,49.41371147591257,0.0,49.97604139061024,0.0,45.59506472238813,0.0,45.30239562316182,0.0,0.0,0.0,0.0,0.0,0.0,0.0
10.0,4.48982449122456,0.0035861132268222,0.00358611322427,0.999993569873267,0.999993569873267,49.41371146539144,0.0,49.9760411124698,0.0,45.595064719105096,0.0,45.30239556460168,0.0,0.0,0.0,0.0,0.0,0.0,0.0
10.0,4.49007450372519,0.0035861523306587,0.0035861523281054,0.999993569733034,0.999993569733034,49.413711454869535,0.0,49.97604083431173,0.0,45.59506471582189,0.0,45.30239550603831,0.0,0.0,0.0,0.0,0.0,0.0,0.0
10.0,4.49032451622581,0.0035861914362103,0.0035861914336559,0.999993569592792,0.999993569592792,49.41371144434687,0.0,49.97604055613603,0.0,45.595064712538495,0.0,45.30239544747172,0.0,0.0,0.0,0.0,0.0,0.0,0.0
10.0,4.49057452872644,0.003586230543477,0.0035862305409215,0.999993569452543,0.9999935694525428,49.41371143382342,0.0,49.97604027794271,0.0,45.59506470925492,0.0,45.3023953889019,0.0,0.0,0.0,0.0,0.0,0.0,0.0
10.0,4.49082454122706,0.0035862696524587,0.0035862696499021,0.999993569312286,0.999993569312286,49.41371142329922,0.0,49.97603999973176,0.0,45.59506470597117,0.0,45.302395330328864,0.0,0.0,0.0,0.0,0.0,0.0,0.0
10.0,4.49107455372769,0.0035863087631553,0.0035863087605976,0.999993569172022,0.999993569172022,49.41371141277424,0.0,49.97603972150322,0.0,45.59506470268724,0.0,45.3023952717526,0.0,0.0,0.0,0.0,0.0,0.0,0.0
10.0,4.491324566228311,0.0035863478755668,0.0035863478730079,0.99999356903175,0.99999356903175,49.41371140224849,0.0,49.97603944325708,0.0,45.595064699403125,0.0,45.30239521317313,0.0,0.0,0.0,0.0,0.0,0.0,0.0
10.0,4.49157457872894,0.0035863869896932,0.0035863869871331,0.99999356889147,0.9999935688914698,49.41371139172197,0.0,49.97603916499335,0.0,45.59506469611883,0.0,45.30239515459043,0.0,0.0,0.0,0.0,0.0,0.0,0.0
10.0,4.49182459122956,0.0035864261055342,0.003586426102973,0.9999935687511818,0.999993568751183,49.41371138119467,0.0,49.97603888671204,0.0,45.59506469283436,0.0,45.3023950960045,0.0,0.0,0.0,0.0,0.0,0.0,0.0
10.0,4.49207460373019,0.00358646522309,0.0035864652205276,0.999993568610887,0.999993568610887,49.41371137066662,0.0,49.97603860841316,0.0,45.595064689549694,0.0,45.30239503741535,0.0,0.0,0.0,0.0,0.0,0.0,0.0
10.0,4.49232461623081,0.0035865043423603,0.0035865043397969,0.999993568470584,0.999993568470584,49.41371136013778,0.0,49.97603833009671,0.0,45.59506468626486,0.0,45.30239497882299,0.0,0.0,0.0,0.0,0.0,0.0,0.0
10.0,4.49257462873144,0.0035865434633453,0.0035865434607806,0.999993568330274,0.999993568330274,49.41371134960818,0.0,49.9760380517627,0.0,45.59506468297984,0.0,45.3023949202274,0.0,0.0,0.0,0.0,0.0,0.0,0.0
10.0,4.49282464123206,0.0035865825860447,0.0035865825834789,0.999993568189956,0.999993568189955,49.41371133907781,0.0,49.97603777341114,0.0,45.59506467969464,0.0,45.30239486162859,0.0,0.0,0.0,0.0,0.0,0.0,0.0
10.0,4.49307465373269,0.0035866217104586,0.0035866217078916,0.99999356804963,0.999993568049629,49.41371132854668,0.0,49.97603749504205,0.0,45.59506467640927,0.0,45.302394803026566,0.0,0.0,0.0,0.0,0.0,0.0,0.0
10.0,4.49332466623331,0.0035866608365868,0.0035866608340187,0.999993567909296,0.999993567909296,49.41371131801476,0.0,49.97603721665541,0.0,45.59506467312372,0.0,45.302394744421306,0.0,0.0,0.0,0.0,0.0,0.0,0.0
10.0,4.49357467873394,0.0035866999644294,0.0035866999618601,0.999993567768955,0.9999935677689552,49.41371130748208,0.0,49.976036938251255,0.0,45.59506466983797,0.0,45.30239468581283,0.0,0.0,0.0,0.0,0.0,0.0,0.0
10.0,4.49382469123456,0.0035867390939862,0.0035867390914158,0.999993567628606,0.999993567628606,49.41371129694864,0.0,49.97603665982958,0.0,45.59506466655206,0.0,45.30239462720113,0.0,0.0,0.0,0.0,0.0,0.0,0.0
10.0,4.49407470373519,0.0035867782252572,0.0035867782226856,0.999993567488249,0.999993567488249,49.41371128641441,0.0,49.97603638139039,0.0,45.59506466326596,0.0,45.302394568586216,0.0,0.0,0.0,0.0,0.0,0.0,0.0
10.0,4.49432471623581,0.0035868173582424,0.0035868173556696,0.999993567347885,0.999993567347885,49.41371127587942,0.0,49.9760361029337,0.0,45.59506465997968,0.0,45.30239450996808,0.0,0.0,0.0,0.0,0.0,0.0,0.0
10.0,4.494574728736439,0.0035868564929416,0.0035868564903676,0.999993567207513,0.999993567207513,49.41371126534366,0.0,49.97603582445952,0.0,45.59506465669322,0.0,45.30239445134672,0.0,0.0,0.0,0.0,0.0,0.0,0.0
10.0,4.49482474123706,0.0035868956293548,0.0035868956267796,0.999993567067133,0.999993567067133,49.41371125480712,0.0,49.976035545967854,0.0,45.595064653406574,0.0,45.30239439272212,0.0,0.0,0.0,0.0,0.0,0.0,0.0
10.0,4.49507475373769,0.0035869347674819,0.0035869347649056,0.999993566926746,0.999993566926746,49.41371124426983,0.0,49.9760352674587,0.0,45.59506465011976,0.0,45.30239433409432,0.0,0.0,0.0,0.0,0.0,0.0,0.0
10.0,4.49532476623831,0.003586973907323,0.0035869739047454,0.999993566786351,0.9999935667863512,49.41371123373175,0.0,49.976034988932064,0.0,45.59506464683275,0.0,45.30239427546329,0.0,0.0,0.0,0.0,0.0,0.0,0.0
10.0,4.49557477873894,0.0035870130488778,0.0035870130462991,0.999993566645948,0.999993566645948,49.413711223192905,0.0,49.97603471038798,0.0,45.59506464354557,0.0,45.30239421682904,0.0,0.0,0.0,0.0,0.0,0.0,0.0
10.0,4.49582479123956,0.0035870521921464,0.0035870521895665,0.999993566505538,0.999993566505538,49.4137112126533,0.0,49.976034431826434,0.0,45.59506464025821,0.0,45.302394158191575,0.0,0.0,0.0,0.0,0.0,0.0,0.0
10.0,4.49607480374019,0.0035870913371287,0.0035870913345476,0.999993566365119,0.999993566365119,49.413711202112914,0.0,49.97603415324743,0.0,45.59506463697067,0.0,45.30239409955088,0.0,0.0,0.0,0.0,0.0,0.0,0.0
10.0,4.49632481624081,0.0035871304838247,0.0035871304812423,0.999993566224694,0.999993566224693,49.41371119157176,0.0,49.976033874651,0.0,45.59506463368294,0.0,45.30239404090696,0.0,0.0,0.0,0.0,0.0,0.0,0.0
10.0,4.49657482874144,0.0035871696322342,0.0035871696296506,0.99999356608426,0.99999356608426,49.41371118102984,0.0,49.97603359603712,0.0,45.59506463039504,0.0,45.30239398225982,0.0,0.0,0.0,0.0,0.0,0.0,0.0
10.0,4.496824841242059,0.0035872087823572,0.0035872087797724,0.999993565943819,0.9999935659438188,49.41371117048714,0.0,49.97603331740582,0.0,45.59506462710696,0.0,45.30239392360947,0.0,0.0,0.0,0.0,0.0,0.0,0.0
10.0,4.49707485374269,0.0035872479341936,0.0035872479316076,0.99999356580337,0.99999356580337,49.41371115994368,0.0,49.976033038757095,0.0,45.59506462381869,0.0,45.30239386495589,0.0,0.0,0.0,0.0,0.0,0.0,0.0
10.0,4.49732486624331,0.0035872870877435,0.0035872870851562,0.999993565662914,0.999993565662914,49.41371114939945,0.0,49.976032760090966,0.0,45.59506462053025,0.0,45.30239380629909,0.0,0.0,0.0,0.0,0.0,0.0,0.0
10.0,4.49757487874394,0.0035873262430066,0.0035873262404182,0.99999356552245,0.99999356552245,49.41371113885445,0.0,49.97603248140742,0.0,45.59506461724162,0.0,45.302393747639066,0.0,0.0,0.0,0.0,0.0,0.0,0.0
10.0,4.49782489124456,0.003587365399983,0.0035873653973933,0.999993565381978,0.999993565381978,49.41371112830868,0.0,49.97603220270649,0.0,45.595064613952815,0.0,45.30239368897582,0.0,0.0,0.0,0.0,0.0,0.0,0.0
10.0,4.49807490374519,0.0035874045586727,0.0035874045560817,0.999993565241498,0.999993565241498,49.41371111776212,0.0,49.97603192398816,0.0,45.59506461066383,0.0,45.30239363030935,0.0,0.0,0.0,0.0,0.0,0.0,0.0
10.0,4.49832491624581,0.0035874437190754,0.0035874437164832,0.999993565101011,0.999993565101011,49.41371110721481,0.0,49.97603164525245,0.0,45.59506460737467,0.0,45.30239357163966,0.0,0.0,0.0,0.0,0.0,0.0,0.0
10.0,4.49857492874644,0.0035874828811912,0.0035874828785978,0.999993564960516,0.999993564960516,49.41371109666673,0.0,49.97603136649936,0.0,45.59506460408532,0.0,45.30239351296675,0.0,0.0,0.0,0.0,0.0,0.0,0.0
10.0,4.49882494124706,0.0035875220450201,0.0035875220424254,0.999993564820014,0.999993564820014,49.41371108611788,0.0,49.97603108772889,0.0,45.595064600795794,0.0,45.30239345429061,0.0,0.0,0.0,0.0,0.0,0.0,0.0
10.0,4.49907495374769,0.0035875612105619,0.0035875612079659,0.999993564679503,0.999993564679504,49.41371107556825,0.0,49.97603080894108,0.0,45.59506459750608,0.0,45.30239339561126,0.0,0.0,0.0,0.0,0.0,0.0,0.0
10.0,4.49932496624831,0.0035876003778165,0.0035876003752193,0.999993564538986,0.999993564538985,49.41371106501785,0.0,49.9760305301359,0.0,45.5950645942162,0.0,45.30239333692869,0.0,0.0,0.0,0.0,0.0,0.0,0.0
10.0,4.49957497874894,0.003587639546784,0.0035876395441856,0.99999356439846,0.99999356439846,49.41371105446669,0.0,49.976030251313375,0.0,45.59506459092613,0.0,45.30239327824289,0.0,0.0,0.0,0.0,0.0,0.0,0.0
10.0,4.49982499124956,0.0035876787174643,0.0035876787148646,0.999993564257926,0.999993564257926,49.41371104391476,0.0,49.97602997247351,0.0,45.59506458763588,0.0,45.30239321955388,0.0,0.0,0.0,0.0,0.0,0.0,0.0
10.0,4.50007500375019,0.0035877178898573,0.0035877178872563,0.999993564117386,0.999993564117386,49.41371103336205,0.0,49.97602969361631,0.0,45.59506458434544,0.0,45.302393160861634,0.0,0.0,0.0,0.0,0.0,0.0,0.0
10.0,4.50032501625081,0.0035877570639629,0.0035877570613606,0.999993563976837,0.999993563976837,49.41371102280858,0.0,49.97602941474179,0.0,45.59506458105484,0.0,45.30239310216618,0.0,0.0,0.0,0.0,0.0,0.0,0.0
10.0,4.50057502875144,0.003587796239781,0.0035877962371775,0.99999356383628,0.99999356383628,49.413711012254325,0.0,49.976029135849934,0.0,45.595064577764056,0.0,45.30239304346749,0.0,0.0,0.0,0.0,0.0,0.0,0.0
10.0,4.50082504125206,0.0035878354173117,0.0035878354147069,0.9999935636957172,0.999993563695717,49.41371100169931,0.0,49.97602885694078,0.0,45.595064574473085,0.0,45.30239298476558,0.0,0.0,0.0,0.0,0.0,0.0,0.0
10.0,4.50107505375269,0.0035878745965549,0.0035878745939487,0.999993563555145,0.999993563555145,49.413710991143525,0.0,49.97602857801432,0.0,45.59506457118194,0.0,45.302392926060456,0.0,0.0,0.0,0.0,0.0,0.0,0.0
10.0,4.50132506625331,0.0035879137775104,0.003587913774903,0.999993563414566,0.999993563414565,49.41371098058697,0.0,49.97602829907055,0.0,45.59506456789061,0.0,45.30239286735211,0.0,0.0,0.0,0.0,0.0,0.0,0.0
10.0,4.50157507875394,0.0035879529601783,0.0035879529575696,0.999993563273978,0.999993563273979,49.41371097002964,0.0,49.97602802010949,0.0,45.5950645645991,0.0,45.30239280864054,0.0,0.0,0.0,0.0,0.0,0.0,0.0
10.0,4.50182509125456,0.0035879921445584,0.0035879921419484,0.999993563133384,0.9999935631333838,49.41371095947154,0.0,49.97602774113116,0.0,45.59506456130741,0.0,45.30239274992575,0.0,0.0,0.0,0.0,0.0,0.0,0.0
10.0,4.50207510375519,0.0035880313306507,0.0035880313280394,0.999993562992781,0.999993562992781,49.41371094891267,0.0,49.97602746213553,0.0,45.59506455801554,0.0,45.302392691207736,0.0,0.0,0.0,0.0,0.0,0.0,0.0
10.0,4.50232511625581,0.0035880705184552,0.0035880705158426,0.999993562852171,0.999993562852171,49.41371093835304,0.0,49.97602718312263,0.0,45.59506455472349,0.0,45.3023926324865,0.0,0.0,0.0,0.0,0.0,0.0,0.0
10.0,4.50257512875644,0.0035881097079717,0.0035881097053578,0.999993562711554,0.999993562711553,49.41371092779264,0.0,49.97602690409247,0.0,45.59506455143126,0.0,45.30239257376205,0.0,0.0,0.0,0.0,0.0,0.0,0.0
10.0,4.50282514125706,0.0035881488992003,0.0035881488965851,0.999993562570928,0.999993562570928,49.413710917231455,0.0,49.97602662504506,0.0,45.59506454813885,0.0,45.30239251503437,0.0,0.0,0.0,0.0,0.0,0.0,0.0
10.0,4.50307515375769,0.0035881880921408,0.0035881880895243,0.9999935624302952,0.999993562430295,49.41371090666952,0.0,49.97602634598039,0.0,45.59506454484625,0.0,45.30239245630347,0.0,0.0,0.0,0.0,0.0,0.0,0.0
10.0,4.50332516625831,0.0035882272867932,0.0035882272841754,0.999993562289654,0.999993562289654,49.41371089610679,0.0,49.97602606689846,0.0,45.59506454155349,0.0,45.30239239756935,0.0,0.0,0.0,0.0,0.0,0.0,0.0
10.0,4.50357517875894,0.0035882664831575,0.0035882664805383,0.999993562149006,0.999993562149006,49.4137108855433,0.0,49.97602578779932,0.0,45.59506453826053,0.0,45.30239233883201,0.0,0.0,0.0,0.0,0.0,0.0,0.0
10.0,4.50382519125956,0.0035883056812335,0.003588305678613,0.99999356200835,0.999993562008349,49.41371087497904,0.0,49.97602550868293,0.0,45.5950645349674,0.0,45.302392280091446,0.0,0.0,0.0,0.0,0.0,0.0,0.0
10.0,4.50407520376019,0.0035883448810212,0.0035883448783994,0.999993561867686,0.999993561867686,49.413710864414014,0.0,49.97602522954932,0.0,45.59506453167409,0.0,45.30239222134766,0.0,0.0,0.0,0.0,0.0,0.0,0.0
10.0,4.50432521626081,0.0035883840825206,0.0035883840798974,0.999993561727014,0.999993561727014,49.413710853848215,0.0,49.97602495039848,0.0,45.59506452838061,0.0,45.302392162600654,0.0,0.0,0.0,0.0,0.0,0.0,0.0
10.0,4.50457522876144,0.0035884232857316,0.003588423283107,0.999993561586335,0.9999935615863348,49.41371084328164,0.0,49.97602467123044,0.0,45.595064525086926,0.0,45.30239210385042,0.0,0.0,0.0,0.0,0.0,0.0,0.0
10.0,4.50482524126206,0.0035884624906541,0.0035884624880281,0.999993561445648,0.999993561445648,49.4137108327143,0.0,49.9760243920452,0.0,45.59506452179308,0.0,45.30239204509697,0.0,0.0,0.0,0.0,0.0,0.0,0.0
10.0,4.50507525376269,0.003588501697288,0.0035885016946607,0.999993561304954,0.999993561304953,49.41371082214619,0.0,49.97602411284275,0.0,45.59506451849904,0.0,45.302391986340304,0.0,0.0,0.0,0.0,0.0,0.0,0.0
10.0,4.50532526626331,0.0035885409056333,0.0035885409030047,0.999993561164251,0.999993561164251,49.41371081157731,0.0,49.97602383362311,0.0,45.59506451520484,0.0,45.302391927580416,0.0,0.0,0.0,0.0,0.0,0.0,0.0
10.0,4.50557527876394,0.00358858011569,0.00358858011306,0.999993561023541,0.9999935610235408,49.41371080100766,0.0,49.97602355438629,0.0,45.59506451191045,0.0,45.3023918688173,0.0,0.0,0.0,0.0,0.0,0.0,0.0
10.0,4.50582529126456,0.0035886193274579,0.0035886193248266,0.9999935608828232,0.999993560882824,49.41371079043724,0.0,49.97602327513228,0.0,45.59506450861587,0.0,45.30239181005096,0.0,0.0,0.0,0.0,0.0,0.0,0.0
10.0,4.50607530376519,0.0035886585409371,0.0035886585383044,0.999993560742098,0.999993560742098,49.41371077986605,0.0,49.97602299586109,0.0,45.59506450532112,0.0,45.302391751281405,0.0,0.0,0.0,0.0,0.0,0.0,0.0
10.0,4.50632531626581,0.0035886977561274,0.0035886977534933,0.999993560601365,0.999993560601366,49.41371076929409,0.0,49.97602271657275,0.0,45.59506450202618,0.0,45.30239169250863,0.0,0.0,0.0,0.0,0.0,0.0,0.0
10.0,4.50657532876644,0.0035887369730288,0.0035887369703933,0.999993560460625,0.9999935604606252,49.41371075872136,0.0,49.97602243726724,0.0,45.59506449873108,0.0,45.30239163373263,0.0,0.0,0.0,0.0,0.0,0.0,0.0
10.0,4.50682534126706,0.0035887761916412,0.0035887761890043,0.999993560319877,0.999993560319876,49.41371074814786,0.0,49.97602215794458,0.0,45.59506449543578,0.0,45.30239157495341,0.0,0.0,0.0,0.0,0.0,0.0,0.0
10.0,4.507075353767691,0.0035888154119645,0.0035888154093263,0.99999356017912,0.99999356017912,49.41371073757358,0.0,49.97602187860477,0.0,45.59506449214031,0.0,45.30239151617096,0.0,0.0,0.0,0.0,0.0,0.0,0.0
10.0,4.50732536626831,0.0035888546339988,0.0035888546313592,0.9999935600383572,0.999993560038357,49.41371072699854,0.0,49.97602159924782,0.0,45.595064488844656,0.0,45.302391457385305,0.0,0.0,0.0,0.0,0.0,0.0,0.0
10.0,4.50757537876894,0.0035888938577439,0.0035888938551029,0.999993559897585,0.999993559897586,49.41371071642273,0.0,49.97602131987373,0.0,45.595064485548825,0.0,45.30239139859642,0.0,0.0,0.0,0.0,0.0,0.0,0.0
10.0,4.50782539126956,0.0035889330831998,0.0035889330805574,0.999993559756806,0.999993559756806,49.41371070584614,0.0,49.97602104048251,0.0,45.59506448225281,0.0,45.30239133980431,0.0,0.0,0.0,0.0,0.0,0.0,0.0
10.0,4.50807540377019,0.0035889723103664,0.0035889723077226,0.99999355961602,0.99999355961602,49.41371069526879,0.0,49.97602076107418,0.0,45.59506447895662,0.0,45.30239128100899,0.0,0.0,0.0,0.0,0.0,0.0,0.0
10.0,4.50832541627081,0.0035890115392437,0.0035890115365984,0.999993559475225,0.9999935594752248,49.41371068469066,0.0,49.97602048164872,0.0,45.59506447566024,0.0,45.30239122221043,0.0,0.0,0.0,0.0,0.0,0.0,0.0
10.0,4.50857542877144,0.0035890507698315,0.0035890507671849,0.999993559334423,0.999993559334423,49.41371067411177,0.0,49.97602020220614,0.0,45.595064472363696,0.0,45.30239116340866,0.0,0.0,0.0,0.0,0.0,0.0,0.0
10.0,4.50882544127206,0.0035890900021299,0.0035890899994818,0.9999935591936128,0.999993559193613,49.41371066353211,0.0,49.97601992274648,0.0,45.59506446906696,0.0,45.302391104603664,0.0,0.0,0.0,0.0,0.0,0.0,0.0
10.0,4.50907545377269,0.0035891292361387,0.0035891292334892,0.999993559052796,0.999993559052796,49.41371065295167,0.0,49.9760196432697,0.0,45.59506446577005,0.0,45.30239104579547,0.0,0.0,0.0,0.0,0.0,0.0,0.0
10.0,4.509325466273311,0.0035891684718579,0.003589168469207,0.999993558911971,0.999993558911971,49.41371064237046,0.0,49.97601936377583,0.0,45.59506446247296,0.0,45.30239098698402,0.0,0.0,0.0,0.0,0.0,0.0,0.0
10.0,4.50957547877394,0.0035892077092875,0.0035892077066352,0.999993558771138,0.999993558771138,49.41371063178849,0.0,49.97601908426489,0.0,45.595064459175696,0.0,45.302390928169366,0.0,0.0,0.0,0.0,0.0,0.0,0.0
10.0,4.50982549127456,0.0035892469484274,0.0035892469457736,0.9999935586302982,0.999993558630297,49.41371062120575,0.0,49.97601880473685,0.0,45.59506445587824,0.0,45.30239086935149,0.0,0.0,0.0,0.0,0.0,0.0,0.0
10.0,4.51007550377519,0.0035892861892774,0.0035892861866223,0.999993558489449,0.999993558489449,49.41371061062224,0.0,49.97601852519176,0.0,45.59506445258061,0.0,45.30239081053039,0.0,0.0,0.0,0.0,0.0,0.0,0.0
10.0,4.51032551627581,0.0035893254318377,0.003589325429181,0.999993558348594,0.999993558348593,49.413710600037945,0.0,49.97601824562958,0.0,45.5950644492828,0.0,45.30239075170607,0.0,0.0,0.0,0.0,0.0,0.0,0.0
10.0,4.51057552877644,0.003589364676108,0.0035893646734499,0.99999355820773,0.99999355820773,49.41371058945288,0.0,49.97601796605034,0.0,45.5950644459848,0.0,45.302390692878525,0.0,0.0,0.0,0.0,0.0,0.0,0.0
10.0,4.51082554127706,0.0035894039220883,0.0035894039194288,0.9999935580668592,0.999993558066859,49.41371057886706,0.0,49.97601768645405,0.0,45.59506444268664,0.0,45.30239063404777,0.0,0.0,0.0,0.0,0.0,0.0,0.0
10.0,4.51107555377769,0.0035894431697787,0.0035894431671177,0.99999355792598,0.99999355792598,49.413710568280464,0.0,49.976017406840704,0.0,45.59506443938828,0.0,45.302390575213785,0.0,0.0,0.0,0.0,0.0,0.0,0.0
10.0,4.51132556627831,0.0035894824191789,0.0035894824165165,0.999993557785093,0.9999935577850928,49.41371055769309,0.0,49.97601712721031,0.0,45.59506443608975,0.0,45.302390516376576,0.0,0.0,0.0,0.0,0.0,0.0,0.0
10.0,4.51157557877894,0.003589521670289,0.0035895216676251,0.999993557644199,0.9999935576441988,49.41371054710496,0.0,49.976016847562896,0.0,45.59506443279104,0.0,45.30239045753615,0.0,0.0,0.0,0.0,0.0,0.0,0.0
10.0,4.51182559127956,0.0035895609231088,0.0035895609204435,0.9999935575032968,0.999993557503297,49.41371053651604,0.0,49.97601656789843,0.0,45.59506442949214,0.0,45.3023903986925,0.0,0.0,0.0,0.0,0.0,0.0,0.0
10.0,4.51207560378019,0.0035896001776384,0.0035896001749716,0.999993557362387,0.9999935573623872,49.41371052592636,0.0,49.97601628821695,0.0,45.59506442619308,0.0,45.30239033984563,0.0,0.0,0.0,0.0,0.0,0.0,0.0
10.0,4.51232561628081,0.0035896394338776,0.0035896394312093,0.99999355722147,0.99999355722147,49.41371051533592,0.0,49.97601600851844,0.0,45.59506442289383,0.0,45.30239028099554,0.0,0.0,0.0,0.0,0.0,0.0,0.0
10.0,4.512575628781439,0.0035896786918265,0.0035896786891567,0.9999935570805448,0.999993557080545,49.41371050474469,0.0,49.97601572880292,0.0,45.5950644195944,0.0,45.30239022214223,0.0,0.0,0.0,0.0,0.0,0.0,0.0
10.0,4.51282564128206,0.0035897179514848,0.0035897179488136,0.999993556939613,0.999993556939613,49.4137104941527,0.0,49.97601544907038,0.0,45.59506441629479,0.0,45.3023901632857,0.0,0.0,0.0,0.0,0.0,0.0,0.0
10.0,4.51307565378269,0.0035897572128527,0.0035897572101799,0.999993556798672,0.999993556798672,49.41371048355995,0.0,49.976015169320846,0.0,45.595064412994994,0.0,45.302390104425946,0.0,0.0,0.0,0.0,0.0,0.0,0.0
10.0,4.51332566628331,0.0035897964759299,0.0035897964732557,0.999993556657724,0.999993556657724,49.413710472966414,0.0,49.97601488955431,0.0,45.59506440969503,0.0,45.302390045562966,0.0,0.0,0.0,0.0,0.0,0.0,0.0
10.0,4.51357567878394,0.0035898357407165,0.0035898357380408,0.999993556516769,0.999993556516769,49.41371046237212,0.0,49.97601460977077,0.0,45.59506440639488,0.0,45.30238998669677,0.0,0.0,0.0,0.0,0.0,0.0,0.0
10.0,4.51382569128456,0.0035898750072124,0.0035898750045351,0.999993556375805,0.9999935563758048,49.41371045177704,0.0,49.97601432997026,0.0,45.59506440309455,0.0,45.30238992782736,0.0,0.0,0.0,0.0,0.0,0.0,0.0
10.0,4.51407570378519,0.0035899142754175,0.0035899142727387,0.9999935562348348,0.999993556234834,49.41371044118121,0.0,49.97601405015276,0.0,45.59506439979404,0.0,45.30238986895472,0.0,0.0,0.0,0.0,0.0,0.0,0.0
10.0,4.51432571628581,0.0035899535453318,0.0035899535426515,0.999993556093856,0.999993556093856,49.413710430584594,0.0,49.976013770318296,0.0,45.59506439649335,0.0,45.30238981007886,0.0,0.0,0.0,0.0,0.0,0.0,0.0
10.0,4.51457572878644,0.0035899928169551,0.0035899928142733,0.999993555952869,0.999993555952869,49.4137104199872,0.0,49.976013490466855,0.0,45.59506439319249,0.0,45.302389751199776,0.0,0.0,0.0,0.0,0.0,0.0,0.0
10.0,4.514825741287061,0.0035900320902875,0.0035900320876042,0.999993555811875,0.9999935558118752,49.413710409389054,0.0,49.976013210598445,0.0,45.59506438989144,0.0,45.30238969231748,0.0,0.0,0.0,0.0,0.0,0.0,0.0
10.0,4.51507575378769,0.0035900713653289,0.0035900713626441,0.9999935556708728,0.999993555670874,49.41371039879014,0.0,49.97601293071308,0.0,45.59506438659021,0.0,45.30238963343195,0.0,0.0,0.0,0.0,0.0,0.0,0.0
10.0,4.51532576628831,0.0035901106420792,0.0035901106393928,0.999993555529864,0.999993555529864,49.41371038819044,0.0,49.97601265081076,0.0,45.59506438328881,0.0,45.302389574543206,0.0,0.0,0.0,0.0,0.0,0.0,0.0
10.0,4.51557577878894,0.0035901499205384,0.0035901499178505,0.999993555388847,0.999993555388847,49.41371037758997,0.0,49.976012370891496,0.0,45.59506437998722,0.0,45.30238951565124,0.0,0.0,0.0,0.0,0.0,0.0,0.0
10.0,4.51582579128956,0.0035901892007063,0.0035901891980168,0.999993555247822,0.999993555247822,49.413710366988745,0.0,49.976012090955294,0.0,45.59506437668545,0.0,45.302389456756046,0.0,0.0,0.0,0.0,0.0,0.0,0.0
10.0,4.51607580379019,0.003590228482583,0.003590228479892,0.99999355510679,0.99999355510679,49.41371035638674,0.0,49.97601181100214,0.0,45.59506437338351,0.0,45.302389397857645,0.0,0.0,0.0,0.0,0.0,0.0,0.0
10.0,4.51632581629081,0.0035902677661683,0.0035902677634758,0.999993554965749,0.999993554965749,49.41371034578396,0.0,49.976011531032064,0.0,45.59506437008138,0.0,45.30238933895601,0.0,0.0,0.0,0.0,0.0,0.0,0.0
10.0,4.51657582879144,0.0035903070514622,0.0035903070487681,0.999993554824702,0.999993554824702,49.41371033518041,0.0,49.976011251045065,0.0,45.59506436677908,0.0,45.302389280051166,0.0,0.0,0.0,0.0,0.0,0.0,0.0
10.0,4.51682584129206,0.0035903463384647,0.003590346335769,0.999993554683646,0.999993554683646,49.4137103245761,0.0,49.97601097104115,0.0,45.59506436347659,0.0,45.30238922114309,0.0,0.0,0.0,0.0,0.0,0.0,0.0
10.0,4.51707585379269,0.0035903856271756,0.0035903856244784,0.9999935545425832,0.9999935545425832,49.41371031397101,0.0,49.97601069102031,0.0,45.59506436017393,0.0,45.30238916223179,0.0,0.0,0.0,0.0,0.0,0.0,0.0
10.0,4.51732586629331,0.003590424917595,0.0035904249148962,0.999993554401512,0.999993554401512,49.41371030336516,0.0,49.97601041098256,0.0,45.59506435687108,0.0,45.30238910331728,0.0,0.0,0.0,0.0,0.0,0.0,0.0
10.0,4.51757587879394,0.0035904642097227,0.0035904642070224,0.999993554260434,0.999993554260434,49.41371029275853,0.0,49.97601013092791,0.0,45.595064353568056,0.0,45.30238904439955,0.0,0.0,0.0,0.0,0.0,0.0,0.0
10.0,4.51782589129457,0.0035905035035587,0.0035905035008568,0.999993554119347,0.999993554119347,49.413710282151136,0.0,49.97600985085637,0.0,45.59506435026485,0.0,45.302388985478586,0.0,0.0,0.0,0.0,0.0,0.0,0.0
10.0,4.518075903795189,0.003590542799103,0.0035905427963995,0.999993553978254,0.999993553978253,49.41371027154297,0.0,49.97600957076792,0.0,45.595064346961465,0.0,45.30238892655441,0.0,0.0,0.0,0.0,0.0,0.0,0.0
10.0,4.51832591629581,0.0035905820963554,0.0035905820936503,0.999993553837152,0.999993553837152,49.41371026093403,0.0,49.97600929066259,0.0,45.59506434365791,0.0,45.30238886762701,0.0,0.0,0.0,0.0,0.0,0.0,0.0
10.0,4.51857592879644,0.0035906213953159,0.0035906213926092,0.999993553696043,0.9999935536960431,49.41371025032432,0.0,49.97600901054037,0.0,45.59506434035416,0.0,45.30238880869639,0.0,0.0,0.0,0.0,0.0,0.0,0.0
10.0,4.51882594129706,0.0035906606959845,0.0035906606932762,0.999993553554926,0.999993553554926,49.41371023971384,0.0,49.97600873040128,0.0,45.595064337050246,0.0,45.30238874976256,0.0,0.0,0.0,0.0,0.0,0.0,0.0
10.0,4.51907595379769,0.003590699998361,0.0035906999956512,0.999993553413801,0.999993553413801,49.41371022910258,0.0,49.97600845024532,0.0,45.59506433374614,0.0,45.30238869082549,0.0,0.0,0.0,0.0,0.0,0.0,0.0
10.0,4.51932596629832,0.0035907393024455,0.003590739299734,0.999993553272669,0.999993553272669,49.41371021849058,0.0,49.9760081700725,0.0,45.59506433044185,0.0,45.30238863188521,0.0,0.0,0.0,0.0,0.0,0.0,0.0
10.0,4.51957597879894,0.0035907786082378,0.0035907786055247,0.999993553131529,0.999993553131529,49.41371020787778,0.0,49.9760078898828,0.0,45.5950643271374,0.0,45.3023885729417,0.0,0.0,0.0,0.0,0.0,0.0,0.0
10.0,4.51982599129956,0.0035908179157379,0.0035908179130232,0.999993552990381,0.999993552990381,49.41371019726422,0.0,49.97600760967625,0.0,45.59506432383276,0.0,45.30238851399498,0.0,0.0,0.0,0.0,0.0,0.0,0.0
10.0,4.52007600380019,0.0035908572249457,0.0035908572222295,0.999993552849226,0.999993552849226,49.41371018664989,0.0,49.97600732945285,0.0,45.595064320527946,0.0,45.30238845504503,0.0,0.0,0.0,0.0,0.0,0.0,0.0
10.0,4.52032601630082,0.0035908965358613,0.0035908965331434,0.999993552708063,0.9999935527080628,49.41371017603479,0.0,49.9760070492126,0.0,45.59506431722294,0.0,45.30238839609186,0.0,0.0,0.0,0.0,0.0,0.0,0.0
10.0,4.52057602880144,0.0035909358484844,0.0035909358457649,0.999993552566892,0.999993552566892,49.41371016541892,0.0,49.97600676895552,0.0,45.59506431391777,0.0,45.30238833713548,0.0,0.0,0.0,0.0,0.0,0.0,0.0
10.0,4.52082604130207,0.0035909751628151,0.0035909751600939,0.999993552425714,0.999993552425714,49.413710154802274,0.0,49.9760064886816,0.0,45.59506431061241,0.0,45.30238827817586,0.0,0.0,0.0,0.0,0.0,0.0,0.0
10.0,4.52107605380269,0.0035910144788532,0.0035910144761305,0.999993552284528,0.999993552284528,49.41371014418486,0.0,49.97600620839084,0.0,45.59506430730687,0.0,45.30238821921304,0.0,0.0,0.0,0.0,0.0,0.0,0.0
10.0,4.52132606630332,0.0035910537965988,0.0035910537938744,0.999993552143334,0.999993552143334,49.41371013356668,0.0,49.97600592808325,0.0,45.59506430400116,0.0,45.30238816024698,0.0,0.0,0.0,0.0,0.0,0.0,0.0
10.0,4.52157607880394,0.0035910931160518,0.0035910931133257,0.999993552002133,0.9999935520021328,49.41371012294773,0.0,49.97600564775885,0.0,45.59506430069526,0.0,45.302388101277714,0.0,0.0,0.0,0.0,0.0,0.0,0.0
10.0,4.52182609130457,0.003591132437212,0.0035911324344843,0.999993551860924,0.999993551860924,49.413710112328005,0.0,49.97600536741764,0.0,45.59506429738919,0.0,45.30238804230522,0.0,0.0,0.0,0.0,0.0,0.0,0.0
10.0,4.52207610380519,0.0035911717600795,0.0035911717573501,0.999993551719707,0.9999935517197068,49.41371010170751,0.0,49.97600508705962,0.0,45.59506429408293,0.0,45.3023879833295,0.0,0.0,0.0,0.0,0.0,0.0,0.0
10.0,4.52232611630581,0.0035912110846541,0.0035912110819231,0.999993551578483,0.9999935515784832,49.41371009108625,0.0,49.976004806684784,0.0,45.5950642907765,0.0,45.30238792435057,0.0,0.0,0.0,0.0,0.0,0.0,0.0
10.0,4.52257612880644,0.0035912504109359,0.0035912504082033,0.99999355143725,0.99999355143725,49.413710080464206,0.0,49.97600452629315,0.0,45.59506428746988,0.0,45.30238786536841,0.0,0.0,0.0,0.0,0.0,0.0,0.0
10.0,4.52282614130706,0.0035912897389247,0.0035912897361904,0.999993551296011,0.9999935512960108,49.41371006984141,0.0,49.97600424588472,0.0,45.59506428416309,0.0,45.30238780638303,0.0,0.0,0.0,0.0,0.0,0.0,0.0
10.0,4.52307615380769,0.0035913290686205,0.0035913290658845,0.999993551154763,0.999993551154763,49.41371005921783,0.0,49.9760039654595,0.0,45.59506428085612,0.0,45.30238774739444,0.0,0.0,0.0,0.0,0.0,0.0,0.0
10.0,4.52332616630832,0.0035913684000233,0.0035913683972856,0.999993551013508,0.999993551013508,49.41371004859349,0.0,49.976003685017496,0.0,45.59506427754897,0.0,45.30238768840262,0.0,0.0,0.0,0.0,0.0,0.0,0.0
10.0,4.52357617880894,0.0035914077331329,0.0035914077303935,0.999993550872245,0.999993550872245,49.413710037968364,0.0,49.9760034045587,0.0,45.59506427424164,0.0,45.302387629407576,0.0,0.0,0.0,0.0,0.0,0.0,0.0
10.0,4.52382619130957,0.0035914470679493,0.0035914470652083,0.999993550730975,0.9999935507309752,49.41371002734248,0.0,49.97600312408315,0.0,45.59506427093413,0.0,45.30238757040932,0.0,0.0,0.0,0.0,0.0,0.0,0.0
10.0,4.52407620381019,0.0035914864044724,0.0035914864017297,0.9999935505896972,0.999993550589697,49.41371001671583,0.0,49.97600284359082,0.0,45.595064267626434,0.0,45.30238751140783,0.0,0.0,0.0,0.0,0.0,0.0,0.0
10.0,4.52432621631082,0.0035915257427023,0.0035915257399578,0.999993550448411,0.999993550448411,49.4137100060884,0.0,49.976002563081714,0.0,45.595064264318566,0.0,45.30238745240313,0.0,0.0,0.0,0.0,0.0,0.0,0.0
10.0,4.52457622881144,0.0035915650826387,0.0035915650798926,0.999993550307117,0.999993550307117,49.4137099954602,0.0,49.976002282555854,0.0,45.59506426101052,0.0,45.30238739339521,0.0,0.0,0.0,0.0,0.0,0.0,0.0
10.0,4.52482624131207,0.0035916044242817,0.0035916044215339,0.999993550165816,0.999993550165816,49.41370998483123,0.0,49.976002002013246,0.0,45.5950642577023,0.0,45.30238733438406,0.0,0.0,0.0,0.0,0.0,0.0,0.0
10.0,4.52507625381269,0.0035916437676312,0.0035916437648816,0.9999935500245072,0.999993550024507,49.41370997420149,0.0,49.97600172145387,0.0,45.59506425439388,0.0,45.302387275369696,0.0,0.0,0.0,0.0,0.0,0.0,0.0
10.0,4.52532626631332,0.0035916831126871,0.0035916831099358,0.999993549883191,0.999993549883191,49.41370996357098,0.0,49.97600144087775,0.0,45.59506425108529,0.0,45.30238721635211,0.0,0.0,0.0,0.0,0.0,0.0,0.0
10.0,4.52557627881394,0.0035917224594494,0.0035917224566964,0.999993549741866,0.999993549741866,49.4137099529397,0.0,49.9760011602849,0.0,45.59506424777653,0.0,45.302387157331296,0.0,0.0,0.0,0.0,0.0,0.0,0.0
10.0,4.52582629131457,0.0035917618079179,0.0035917618051633,0.999993549600534,0.999993549600534,49.41370994230765,0.0,49.97600087967531,0.0,45.59506424446759,0.0,45.30238709830727,0.0,0.0,0.0,0.0,0.0,0.0,0.0
10.0,4.52607630381519,0.0035918011580928,0.0035918011553364,0.999993549459195,0.9999935494591948,49.41370993167483,0.0,49.97600059904897,0.0,45.59506424115847,0.0,45.30238703928002,0.0,0.0,0.0,0.0,0.0,0.0,0.0
10.0,4.52632631631582,0.0035918405099738,0.0035918405072157,0.9999935493178472,0.999993549317847,49.41370992104124,0.0,49.97600031840592,0.0,45.59506423784917,0.0,45.30238698024955,0.0,0.0,0.0,0.0,0.0,0.0,0.0
10.0,4.52657632881644,0.0035918798635609,0.0035918798608011,0.999993549176493,0.999993549176493,49.41370991040688,0.0,49.97600003774615,0.0,45.59506423453969,0.0,45.302386921215856,0.0,0.0,0.0,0.0,0.0,0.0,0.0
10.0,4.52682634131707,0.0035919192188541,0.0035919192160925,0.9999935490351302,0.99999354903513,49.41370989977174,0.0,49.97599975706965,0.0,45.59506423123003,0.0,45.30238686217894,0.0,0.0,0.0,0.0,0.0,0.0,0.0
10.0,4.52707635381769,0.0035919585758533,0.0035919585730899,0.99999354889376,0.99999354889376,49.413709889135845,0.0,49.97599947637645,0.0,45.59506422792018,0.0,45.302386803138816,0.0,0.0,0.0,0.0,0.0,0.0,0.0
10.0,4.52732636631832,0.0035919979345584,0.0035919979317933,0.999993548752382,0.999993548752382,49.413709878499176,0.0,49.975999195666525,0.0,45.59506422461016,0.0,45.302386744095465,0.0,0.0,0.0,0.0,0.0,0.0,0.0
10.0,4.52757637881894,0.0035920372949694,0.0035920372922025,0.999993548610996,0.999993548610996,49.413709867861726,0.0,49.97599891493989,0.0,45.59506422129997,0.0,45.30238668504889,0.0,0.0,0.0,0.0,0.0,0.0,0.0
10.0,4.52782639131957,0.0035920766570862,0.0035920766543176,0.999993548469602,0.999993548469603,49.41370985722352,0.0,49.97599863419658,0.0,45.5950642179896,0.0,45.3023866259991,0.0,0.0,0.0,0.0,0.0,0.0,0.0
10.0,4.52807640382019,0.0035921160209087,0.0035921160181384,0.999993548328202,0.999993548328202,49.41370984658453,0.0,49.97599835343656,0.0,45.59506421467904,0.0,45.30238656694608,0.0,0.0,0.0,0.0,0.0,0.0,0.0
10.0,4.528326416320821,0.0035921553864369,0.0035921553836648,0.999993548186793,0.9999935481867928,49.41370983594477,0.0,49.975998072659856,0.0,45.5950642113683,0.0,45.30238650788984,0.0,0.0,0.0,0.0,0.0,0.0,0.0
10.0,4.52857642882144,0.0035921947536708,0.0035921947508969,0.999993548045376,0.999993548045376,49.41370982530425,0.0,49.97599779186646,0.0,45.59506420805739,0.0,45.30238644883038,0.0,0.0,0.0,0.0,0.0,0.0,0.0
10.0,4.52882644132207,0.0035922341226102,0.0035922341198345,0.999993547903952,0.999993547903952,49.41370981466295,0.0,49.97599751105638,0.0,45.59506420474629,0.0,45.302386389767705,0.0,0.0,0.0,0.0,0.0,0.0,0.0
10.0,4.52907645382269,0.0035922734932551,0.0035922734904776,0.99999354776252,0.999993547762521,49.4137098040209,0.0,49.97599723022964,0.0,45.595064201435015,0.0,45.30238633070181,0.0,0.0,0.0,0.0,0.0,0.0,0.0
10.0,4.52932646632332,0.0035923128656055,0.0035923128628262,0.999993547621081,0.999993547621081,49.41370979337806,0.0,49.97599694938621,0.0,45.595064198123566,0.0,45.302386271632685,0.0,0.0,0.0,0.0,0.0,0.0,0.0
10.0,4.52957647882394,0.0035923522396612,0.0035923522368801,0.999993547479634,0.999993547479634,49.41370978273445,0.0,49.97599666852612,0.0,45.59506419481193,0.0,45.30238621256035,0.0,0.0,0.0,0.0,0.0,0.0,0.0
10.0,4.52982649132457,0.0035923916154222,0.0035923916126394,0.999993547338179,0.999993547338179,49.41370977209007,0.0,49.97599638764936,0.0,45.59506419150013,0.0,45.30238615348478,0.0,0.0,0.0,0.0,0.0,0.0,0.0
10.0,4.53007650382519,0.0035924309928885,0.0035924309901038,0.9999935471967172,0.999993547196717,49.41370976144492,0.0,49.97599610675595,0.0,45.59506418818813,0.0,45.302386094406,0.0,0.0,0.0,0.0,0.0,0.0,0.0
10.0,4.53032651632582,0.0035924703720599,0.0035924703692735,0.999993547055247,0.9999935470552468,49.41370975079901,0.0,49.97599582584588,0.0,45.59506418487597,0.0,45.30238603532399,0.0,0.0,0.0,0.0,0.0,0.0,0.0
10.0,4.530576528826441,0.0035925097529365,0.0035925097501483,0.9999935469137692,0.999993546913769,49.41370974015232,0.0,49.975995544919165,0.0,45.59506418156362,0.0,45.30238597623877,0.0,0.0,0.0,0.0,0.0,0.0,0.0
10.0,4.53082654132707,0.0035925491355182,0.0035925491327281,0.999993546772284,0.999993546772284,49.41370972950486,0.0,49.9759952639758,0.0,45.5950641782511,0.0,45.302385917150325,0.0,0.0,0.0,0.0,0.0,0.0,0.0
10.0,4.53107655382769,0.0035925885198049,0.003592588517013,0.999993546630791,0.9999935466307912,49.41370971885662,0.0,49.9759949830158,0.0,45.59506417493839,0.0,45.30238585805866,0.0,0.0,0.0,0.0,0.0,0.0,0.0
10.0,4.53132656632832,0.0035926279057965,0.0035926279030027,0.999993546489289,0.99999354648929,49.413709708207634,0.0,49.97599470203916,0.0,45.5950641716255,0.0,45.302385798963776,0.0,0.0,0.0,0.0,0.0,0.0,0.0
10.0,4.53157657882894,0.0035926672934929,0.0035926672906974,0.999993546347781,0.999993546347781,49.41370969755786,0.0,49.97599442104589,0.0,45.59506416831245,0.0,45.30238573986566,0.0,0.0,0.0,0.0,0.0,0.0,0.0
10.0,4.53182659132957,0.0035927066828942,0.0035927066800968,0.999993546206265,0.999993546206265,49.41370968690732,0.0,49.97599414003599,0.0,45.59506416499921,0.0,45.302385680764345,0.0,0.0,0.0,0.0,0.0,0.0,0.0
10.0,4.53207660383019,0.0035927460740003,0.003592746071201,0.999993546064741,0.999993546064741,49.413709676256005,0.0,49.97599385900946,0.0,45.59506416168578,0.0,45.3023856216598,0.0,0.0,0.0,0.0,0.0,0.0,0.0
10.0,4.53232661633082,0.003592785466811,0.0035927854640099,0.999993545923209,0.999993545923209,49.413709665603925,0.0,49.97599357796632,0.0,45.59506415837218,0.0,45.302385562552026,0.0,0.0,0.0,0.0,0.0,0.0,0.0
10.0,4.53257662883144,0.0035928248613264,0.0035928248585235,0.99999354578167,0.99999354578167,49.41370965495107,0.0,49.975993296906566,0.0,45.59506415505841,0.0,45.30238550344103,0.0,0.0,0.0,0.0,0.0,0.0,0.0
10.0,4.53282664133207,0.0035928642575463,0.0035928642547415,0.999993545640123,0.999993545640123,49.413709644297455,0.0,49.975993015830205,0.0,45.59506415174445,0.0,45.30238544432682,0.0,0.0,0.0,0.0,0.0,0.0,0.0
10.0,4.53307665383269,0.0035929036554707,0.0035929036526641,0.999993545498569,0.999993545498569,49.41370963364306,0.0,49.975992734737225,0.0,45.59506414843032,0.0,45.30238538520939,0.0,0.0,0.0,0.0,0.0,0.0,0.0
10.0,4.53332666633332,0.0035929430550996,0.0035929430522911,0.999993545357006,0.999993545357006,49.413709622987895,0.0,49.97599245362765,0.0,45.595064145116005,0.0,45.302385326088746,0.0,0.0,0.0,0.0,0.0,0.0,0.0
10.0,4.53357667883394,0.0035929824564329,0.0035929824536225,0.9999935452154362,0.999993545215437,49.41370961233197,0.0,49.975992172501485,0.0,45.59506414180151,0.0,45.30238526696487,0.0,0.0,0.0,0.0,0.0,0.0,0.0
10.0,4.5338266913345695,0.0035930218594705,0.0035930218566582,0.999993545073859,0.9999935450738588,49.41370960167526,0.0,49.97599189135871,0.0,45.59506413848684,0.0,45.30238520783777,0.0,0.0,0.0,0.0,0.0,0.0,0.0
10.0,4.53407670383519,0.0035930612642123,0.0035930612613982,0.999993544932274,0.999993544932274,49.41370959101779,0.0,49.97599161019936,0.0,45.595064135172,0.0,45.302385148707465,0.0,0.0,0.0,0.0,0.0,0.0,0.0
10.0,4.53432671633582,0.0035931006706583,0.0035931006678423,0.999993544790681,0.9999935447906813,49.41370958035954,0.0,49.975991329023415,0.0,45.59506413185696,0.0,45.30238508957392,0.0,0.0,0.0,0.0,0.0,0.0,0.0
10.0,4.534576728836439,0.0035931400788085,0.0035931400759906,0.99999354464908,0.99999354464908,49.41370956970053,0.0,49.975991047830895,0.0,45.59506412854175,0.0,45.30238503043718,0.0,0.0,0.0,0.0,0.0,0.0,0.0
10.0,4.53482674133707,0.0035931794886627,0.0035931794858429,0.999993544507472,0.999993544507472,49.41370955904074,0.0,49.975990766621806,0.0,45.59506412522636,0.0,45.3023849712972,0.0,0.0,0.0,0.0,0.0,0.0,0.0
10.0,4.53507675383769,0.003593218900221,0.0035932188973993,0.999993544365856,0.999993544365856,49.41370954838018,0.0,49.97599048539614,0.0,45.5950641219108,0.0,45.302384912154,0.0,0.0,0.0,0.0,0.0,0.0,0.0
10.0,4.53532676633832,0.0035932583134832,0.0035932583106596,0.999993544224232,0.999993544224232,49.41370953771886,0.0,49.9759902041539,0.0,45.595064118595054,0.0,45.30238485300758,0.0,0.0,0.0,0.0,0.0,0.0,0.0
10.0,4.53557677883894,0.0035932977284492,0.0035932977256237,0.9999935440826012,0.999993544082601,49.41370952705677,0.0,49.9759899228951,0.0,45.59506411527913,0.0,45.30238479385794,0.0,0.0,0.0,0.0,0.0,0.0,0.0
10.0,4.53582679133957,0.0035933371451191,0.0035933371422917,0.999993543940962,0.999993543940962,49.41370951639389,0.0,49.97598964161975,0.0,45.59506411196303,0.0,45.302384734705086,0.0,0.0,0.0,0.0,0.0,0.0,0.0
10.0,4.5360768038401895,0.0035933765634928,0.0035933765606634,0.999993543799315,0.999993543799315,49.41370950573026,0.0,49.97598936032783,0.0,45.595064108646746,0.0,45.30238467554901,0.0,0.0,0.0,0.0,0.0,0.0,0.0
10.0,4.53632681634082,0.0035934159835701,0.0035934159807388,0.999993543657661,0.999993543657661,49.41370949506585,0.0,49.97598907901936,0.0,45.59506410533029,0.0,45.30238461638971,0.0,0.0,0.0,0.0,0.0,0.0,0.0
10.0,4.53657682884144,0.0035934554053511,0.0035934554025179,0.999993543515998,0.9999935435159988,49.41370948440068,0.0,49.97598879769435,0.0,45.59506410201365,0.0,45.30238455722719,0.0,0.0,0.0,0.0,0.0,0.0,0.0
10.0,4.53682684134207,0.0035934948288357,0.0035934948260005,0.9999935433743288,0.999993543374329,49.41370947373473,0.0,49.9759885163528,0.0,45.59506409869683,0.0,45.30238449806145,0.0,0.0,0.0,0.0,0.0,0.0,0.0
10.0,4.53707685384269,0.0035935342540238,0.0035935342511867,0.999993543232651,0.999993543232651,49.413709463068,0.0,49.975988234994695,0.0,45.59506409537984,0.0,45.30238443889248,0.0,0.0,0.0,0.0,0.0,0.0,0.0
10.0,4.53732686634332,0.0035935736809153,0.0035935736780763,0.999993543090966,0.999993543090966,49.413709452400525,0.0,49.97598795362007,0.0,45.59506409206266,0.0,45.30238437972031,0.0,0.0,0.0,0.0,0.0,0.0,0.0
10.0,4.53757687884394,0.0035936131095102,0.0035936131066692,0.999993542949273,0.999993542949274,49.41370944173226,0.0,49.97598767222891,0.0,45.59506408874531,0.0,45.3023843205449,0.0,0.0,0.0,0.0,0.0,0.0,0.0
10.0,4.53782689134457,0.0035936525398084,0.0035936525369655,0.9999935428075732,0.999993542807573,49.41370943106323,0.0,49.97598739082122,0.0,45.59506408542778,0.0,45.30238426136628,0.0,0.0,0.0,0.0,0.0,0.0,0.0
10.0,4.53807690384519,0.0035936919718099,0.003593691968965,0.999993542665865,0.9999935426658652,49.41370942039342,0.0,49.97598710939701,0.0,45.59506408211007,0.0,45.30238420218444,0.0,0.0,0.0,0.0,0.0,0.0,0.0
10.0,4.53832691634582,0.0035937314055146,0.0035937314026677,0.999993542524149,0.9999935425241492,49.41370940972285,0.0,49.97598682795628,0.0,45.59506407879218,0.0,45.30238414299937,0.0,0.0,0.0,0.0,0.0,0.0,0.0
10.0,4.53857692884644,0.0035937708409224,0.0035937708380736,0.999993542382426,0.999993542382426,49.41370939905151,0.0,49.97598654649904,0.0,45.59506407547412,0.0,45.30238408381109,0.0,0.0,0.0,0.0,0.0,0.0,0.0
10.0,4.53882694134707,0.0035938102780334,0.0035938102751826,0.999993542240694,0.999993542240694,49.4137093883794,0.0,49.97598626502528,0.0,45.59506407215587,0.0,45.30238402461959,0.0,0.0,0.0,0.0,0.0,0.0,0.0
10.0,4.53907695384769,0.0035938497168473,0.0035938497139945,0.999993542098956,0.999993542098956,49.413709377706525,0.0,49.97598598353502,0.0,45.59506406883745,0.0,45.30238396542487,0.0,0.0,0.0,0.0,0.0,0.0,0.0
10.0,4.53932696634832,0.0035938891573642,0.0035938891545094,0.999993541957209,0.999993541957209,49.41370936703287,0.0,49.97598570202825,0.0,45.59506406551885,0.0,45.30238390622692,0.0,0.0,0.0,0.0,0.0,0.0,0.0
10.0,4.53957697884894,0.0035939285995839,0.0035939285967272,0.999993541815455,0.999993541815455,49.413709356358446,0.0,49.975985420504976,0.0,45.59506406220007,0.0,45.30238384702575,0.0,0.0,0.0,0.0,0.0,0.0,0.0
10.0,4.53982699134957,0.0035939680435065,0.0035939680406478,0.999993541673693,0.999993541673693,49.41370934568325,0.0,49.97598513896522,0.0,45.59506405888111,0.0,45.30238378782136,0.0,0.0,0.0,0.0,0.0,0.0,0.0
10.0,4.54007700385019,0.0035940074891319,0.0035940074862712,0.999993541531924,0.999993541531924,49.41370933500728,0.0,49.975984857408974,0.0,45.59506405556197,0.0,45.30238372861376,0.0,0.0,0.0,0.0,0.0,0.0,0.0
10.0,4.54032701635082,0.00359404693646,0.0035940469335972,0.9999935413901458,0.999993541390146,49.41370932433055,0.0,49.97598457583623,0.0,45.59506405224265,0.0,45.30238366940292,0.0,0.0,0.0,0.0,0.0,0.0,0.0
10.0,4.54057702885144,0.0035940863854907,0.0035940863826259,0.999993541248361,0.999993541248361,49.41370931365304,0.0,49.97598429424701,0.0,45.59506404892316,0.0,45.30238361018888,0.0,0.0,0.0,0.0,0.0,0.0,0.0
10.0,4.54082704135207,0.003594125836224,0.0035941258333572,0.999993541106569,0.9999935411065692,49.41370930297477,0.0,49.975984012641305,0.0,45.595064045603486,0.0,45.30238355097161,0.0,0.0,0.0,0.0,0.0,0.0,0.0
10.0,4.54107705385269,0.0035941652886598,0.003594165285791,0.999993540964768,0.999993540964769,49.41370929229572,0.0,49.97598373101913,0.0,45.59506404228363,0.0,45.30238349175112,0.0,0.0,0.0,0.0,0.0,0.0,0.0
10.0,4.54132706635332,0.0035942047427981,0.0035942047399272,0.999993540822961,0.9999935408229608,49.41370928161591,0.0,49.97598344938048,0.0,45.595064038963606,0.0,45.30238343252741,0.0,0.0,0.0,0.0,0.0,0.0,0.0
10.0,4.54157707885394,0.0035942441986387,0.0035942441957659,0.9999935406811448,0.999993540681145,49.41370927093532,0.0,49.97598316772536,0.0,45.59506403564341,0.0,45.30238337330048,0.0,0.0,0.0,0.0,0.0,0.0,0.0
10.0,4.54182709135457,0.0035942836561817,0.0035942836533068,0.999993540539322,0.999993540539322,49.41370926025396,0.0,49.97598288605378,0.0,45.595064032323016,0.0,45.30238331407033,0.0,0.0,0.0,0.0,0.0,0.0,0.0
10.0,4.54207710385519,0.003594323115427,0.00359432311255,0.999993540397491,0.999993540397491,49.41370924957184,0.0,49.97598260436574,0.0,45.59506402900245,0.0,45.30238325483696,0.0,0.0,0.0,0.0,0.0,0.0,0.0
10.0,4.54232711635582,0.0035943625763744,0.0035943625734955,0.999993540255652,0.999993540255652,49.41370923888893,0.0,49.97598232266124,0.0,45.59506402568171,0.0,45.30238319560037,0.0,0.0,0.0,0.0,0.0,0.0,0.0
10.0,4.54257712885644,0.0035944020390241,0.003594402036143,0.999993540113806,0.999993540113806,49.41370922820527,0.0,49.97598204094029,0.0,45.59506402236079,0.0,45.30238313636056,0.0,0.0,0.0,0.0,0.0,0.0,0.0
10.0,4.54282714135707,0.0035944415033758,0.0035944415004927,0.999993539971952,0.999993539971952,49.41370921752083,0.0,49.97598175920288,0.0,45.59506401903968,0.0,45.302383077117526,0.0,0.0,0.0,0.0,0.0,0.0,0.0
10.0,4.54307715385769,0.0035944809694295,0.0035944809665443,0.99999353983009,0.999993539830091,49.41370920683562,0.0,49.97598147744903,0.0,45.59506401571841,0.0,45.30238301787128,0.0,0.0,0.0,0.0,0.0,0.0,0.0
10.0,4.54332716635832,0.0035945204371852,0.0035945204342979,0.999993539688221,0.9999935396882212,49.41370919614964,0.0,49.97598119567875,0.0,45.59506401239696,0.0,45.3023829586218,0.0,0.0,0.0,0.0,0.0,0.0,0.0
10.0,4.54357717885894,0.0035945599066427,0.0035945599037534,0.999993539546344,0.999993539546344,49.41370918546289,0.0,49.97598091389202,0.0,45.59506400907532,0.0,45.30238289936911,0.0,0.0,0.0,0.0,0.0,0.0,0.0
10.0,4.54382719135957,0.0035945993778022,0.0035945993749108,0.9999935394044588,0.999993539404459,49.41370917477538,0.0,49.97598063208887,0.0,45.59506400575352,0.0,45.30238284011319,0.0,0.0,0.0,0.0,0.0,0.0,0.0
10.0,4.54407720386019,0.0035946388506633,0.0035946388477699,0.999993539262567,0.999993539262567,49.41370916408708,0.0,49.97598035026928,0.0,45.59506400243152,0.0,45.30238278085405,0.0,0.0,0.0,0.0,0.0,0.0,0.0
10.0,4.54432721636082,0.0035946783252262,0.0035946783223307,0.999993539120667,0.999993539120667,49.41370915339802,0.0,49.97598006843326,0.0,45.59506399910936,0.0,45.3023827215917,0.0,0.0,0.0,0.0,0.0,0.0,0.0
10.0,4.54457722886144,0.0035947178014908,0.0035947177985931,0.999993538978759,0.999993538978759,49.41370914270819,0.0,49.97597978658081,0.0,45.59506399578701,0.0,45.30238266232613,0.0,0.0,0.0,0.0,0.0,0.0,0.0
10.0,4.544827241362071,0.0035947572794569,0.0035947572765572,0.999993538836844,0.999993538836844,49.4137091320176,0.0,49.97597950471195,0.0,45.59506399246448,0.0,45.30238260305734,0.0,0.0,0.0,0.0,0.0,0.0,0.0
10.0,4.54507725386269,0.0035947967591246,0.0035947967562227,0.999993538694921,0.9999935386949208,49.41370912132621,0.0,49.97597922282668,0.0,45.595063989141785,0.0,45.30238254378532,0.0,0.0,0.0,0.0,0.0,0.0,0.0
10.0,4.54532726636332,0.0035948362404937,0.0035948362375897,0.99999353855299,0.99999353855299,49.41370911063407,0.0,49.97597894092499,0.0,45.5950639858189,0.0,45.30238248451008,0.0,0.0,0.0,0.0,0.0,0.0,0.0
10.0,4.54557727886394,0.0035948757235642,0.0035948757206581,0.9999935384110512,0.999993538411052,49.41370909994116,0.0,49.9759786590069,0.0,45.59506398249584,0.0,45.30238242523163,0.0,0.0,0.0,0.0,0.0,0.0,0.0
10.0,4.54582729136457,0.003594915208336,0.0035949152054279,0.999993538269105,0.9999935382691048,49.41370908924748,0.0,49.9759783770724,0.0,45.5950639791726,0.0,45.30238236594995,0.0,0.0,0.0,0.0,0.0,0.0,0.0
10.0,4.54607730386519,0.0035949546948092,0.0035949546918989,0.999993538127152,0.999993538127152,49.41370907855303,0.0,49.97597809512149,0.0,45.59506397584919,0.0,45.30238230666505,0.0,0.0,0.0,0.0,0.0,0.0,0.0
10.0,4.546327316365821,0.0035949941829835,0.0035949941800711,0.99999353798519,0.99999353798519,49.4137090678578,0.0,49.97597781315419,0.0,45.59506397252559,0.0,45.30238224737694,0.0,0.0,0.0,0.0,0.0,0.0,0.0
10.0,4.54657732886644,0.003595033672859,0.0035950336699444,0.999993537843221,0.999993537843221,49.41370905716181,0.0,49.9759775311705,0.0,45.595063969201824,0.0,45.3023821880856,0.0,0.0,0.0,0.0,0.0,0.0,0.0
10.0,4.54682734136707,0.0035950731644356,0.0035950731615189,0.999993537701244,0.999993537701244,49.41370904646504,0.0,49.97597724917041,0.0,45.59506396587788,0.0,45.302382128791045,0.0,0.0,0.0,0.0,0.0,0.0,0.0
10.0,4.5470773538676905,0.0035951126577132,0.0035951126547943,0.99999353755926,0.99999353755926,49.41370903576751,0.0,49.97597696715394,0.0,45.59506396255375,0.0,45.30238206949327,0.0,0.0,0.0,0.0,0.0,0.0,0.0
10.0,4.54732736636832,0.0035951521526918,0.0035951521497708,0.9999935374172668,0.999993537417267,49.4137090250692,0.0,49.97597668512109,0.0,45.59506395922944,0.0,45.30238201019227,0.0,0.0,0.0,0.0,0.0,0.0,0.0
10.0,4.54757737886894,0.0035951916493713,0.0035951916464481,0.999993537275268,0.999993537275268,49.41370901437013,0.0,49.975976403071854,0.0,45.59506395590496,0.0,45.30238195088805,0.0,0.0,0.0,0.0,0.0,0.0,0.0
10.0,4.54782739136957,0.0035952311477516,0.0035952311448263,0.99999353713326,0.99999353713326,49.41370900367028,0.0,49.97597612100624,0.0,45.5950639525803,0.0,45.30238189158061,0.0,0.0,0.0,0.0,0.0,0.0,0.0
10.0,4.54807740387019,0.0035952706478327,0.0035952706449052,0.9999935369912452,0.999993536991245,49.41370899296967,0.0,49.97597583892425,0.0,45.59506394925546,0.0,45.30238183226995,0.0,0.0,0.0,0.0,0.0,0.0,0.0
10.0,4.54832741637082,0.0035953101496146,0.0035953101466849,0.999993536849222,0.999993536849222,49.41370898226828,0.0,49.97597555682591,0.0,45.59506394593044,0.0,45.30238177295607,0.0,0.0,0.0,0.0,0.0,0.0,0.0
10.0,4.54857742887144,0.003595349653097,0.0035953496501652,0.999993536707192,0.999993536707192,49.41370897156612,0.0,49.97597527471118,0.0,45.59506394260524,0.0,45.30238171363897,0.0,0.0,0.0,0.0,0.0,0.0,0.0
10.0,4.54882744137207,0.0035953891582801,0.003595389155346,0.999993536565153,0.9999935365651528,49.4137089608632,0.0,49.9759749925801,0.0,45.59506393927988,0.0,45.30238165431865,0.0,0.0,0.0,0.0,0.0,0.0,0.0
10.0,4.54907745387269,0.0035954286651637,0.0035954286622275,0.999993536423107,0.999993536423108,49.413708950159496,0.0,49.975974710432666,0.0,45.59506393595432,0.0,45.30238159499511,0.0,0.0,0.0,0.0,0.0,0.0,0.0
10.0,4.54932746637332,0.0035954681737478,0.0035954681708093,0.999993536281054,0.999993536281054,49.41370893945503,0.0,49.97597442826887,0.0,45.59506393262859,0.0,45.30238153566835,0.0,0.0,0.0,0.0,0.0,0.0,0.0
10.0,4.54957747887394,0.0035955076840323,0.0035955076810916,0.999993536138993,0.9999935361389928,49.41370892874979,0.0,49.97597414608872,0.0,45.59506392930269,0.0,45.30238147633837,0.0,0.0,0.0,0.0,0.0,0.0,0.0
10.0,4.54982749137457,0.0035955471960171,0.0035955471930742,0.999993535996924,0.999993535996924,49.41370891804378,0.0,49.97597386389223,0.0,45.5950639259766,0.0,45.30238141700518,0.0,0.0,0.0,0.0,0.0,0.0,0.0
10.0,4.55007750387519,0.0035955867097022,0.0035955867067571,0.9999935358548468,0.999993535854847,49.413708907337,0.0,49.97597358167938,0.0,45.59506392265034,0.0,45.30238135766875,0.0,0.0,0.0,0.0,0.0,0.0,0.0
10.0,4.550327516375819,0.0035956262250875,0.0035956262221402,0.999993535712763,0.999993535712763,49.41370889662945,0.0,49.9759732994502,0.0,45.59506391932391,0.0,45.30238129832911,0.0,0.0,0.0,0.0,0.0,0.0,0.0
10.0,4.55057752887644,0.003595665742173,0.0035956657392235,0.999993535570671,0.999993535570671,49.41370888592114,0.0,49.97597301720468,0.0,45.59506391599729,0.0,45.30238123898624,0.0,0.0,0.0,0.0,0.0,0.0,0.0
10.0,4.55082754137707,0.0035957052609586,0.0035957052580068,0.999993535428571,0.999993535428571,49.413708875212045,0.0,49.97597273494282,0.0,45.59506391267049,0.0,45.302381179640165,0.0,0.0,0.0,0.0,0.0,0.0,0.0
10.0,4.55107755387769,0.0035957447814442,0.0035957447784902,0.999993535286464,0.999993535286464,49.41370886450219,0.0,49.97597245266463,0.0,45.59506390934352,0.0,45.30238112029086,0.0,0.0,0.0,0.0,0.0,0.0,0.0
10.0,4.55132756637832,0.0035957843036298,0.0035957843006736,0.999993535144349,0.9999935351443492,49.41370885379156,0.0,49.97597217037012,0.0,45.59506390601637,0.0,45.302381060938345,0.0,0.0,0.0,0.0,0.0,0.0,0.0
10.0,4.55157757887894,0.0035958238275153,0.0035958238245568,0.999993535002226,0.999993535002226,49.41370884308016,0.0,49.97597188805928,0.0,45.59506390268904,0.0,45.3023810015826,0.0,0.0,0.0,0.0,0.0,0.0,0.0
10.0,4.55182759137957,0.0035958633531006,0.0035958633501399,0.999993534860096,0.999993534860096,49.41370883236798,0.0,49.97597160573212,0.0,45.595063899361534,0.0,45.30238094222364,0.0,0.0,0.0,0.0,0.0,0.0,0.0
10.0,4.55207760388019,0.0035959028803858,0.0035959028774228,0.999993534717958,0.999993534717958,49.41370882165504,0.0,49.97597132338864,0.0,45.59506389603385,0.0,45.302380882861456,0.0,0.0,0.0,0.0,0.0,0.0,0.0
10.0,4.55232761638082,0.0035959424093706,0.0035959424064054,0.999993534575812,0.999993534575812,49.41370881094132,0.0,49.97597104102884,0.0,45.59506389270599,0.0,45.30238082349606,0.0,0.0,0.0,0.0,0.0,0.0,0.0
10.0,4.552577628881441,0.0035959819400551,0.0035959819370876,0.999993534433659,0.999993534433659,49.41370880022685,0.0,49.975970758652736,0.0,45.59506388937795,0.0,45.30238076412744,0.0,0.0,0.0,0.0,0.0,0.0,0.0
10.0,4.55282764138207,0.0035960214724393,0.0035960214694695,0.9999935342914978,0.999993534291498,49.4137087895116,0.0,49.97597047626032,0.0,45.595063886049736,0.0,45.30238070475559,0.0,0.0,0.0,0.0,0.0,0.0,0.0
10.0,4.55307765388269,0.0035960610065229,0.0035960610035509,0.999993534149329,0.999993534149329,49.413708778795566,0.0,49.9759701938516,0.0,45.59506388272134,0.0,45.30238064538053,0.0,0.0,0.0,0.0,0.0,0.0,0.0
10.0,4.55332766638332,0.003596100542306,0.0035961005393317,0.999993534007153,0.999993534007153,49.41370876807877,0.0,49.975969911426574,0.0,45.59506387939277,0.0,45.30238058600224,0.0,0.0,0.0,0.0,0.0,0.0,0.0
10.0,4.55357767888394,0.0035961400797886,0.003596140076812,0.999993533864969,0.9999935338649693,49.41370875736121,0.0,49.97596962898526,0.0,45.59506387606401,0.0,45.302380526620745,0.0,0.0,0.0,0.0,0.0,0.0,0.0
10.0,4.55382769138457,0.0035961796189705,0.0035961796159916,0.999993533722777,0.999993533722777,49.41370874664288,0.0,49.97596934652765,0.0,45.59506387273509,0.0,45.30238046723602,0.0,0.0,0.0,0.0,0.0,0.0,0.0
10.0,4.55407770388519,0.0035962191598517,0.0035962191568705,0.999993533580577,0.999993533580578,49.41370873592377,0.0,49.975969064053736,0.0,45.59506386940599,0.0,45.30238040784808,0.0,0.0,0.0,0.0,0.0,0.0,0.0
10.0,4.55432771638582,0.0035962587024321,0.0035962586994486,0.99999353343837,0.999993533438371,49.413708725203904,0.0,49.97596878156354,0.0,45.59506386607671,0.0,45.302380348456914,0.0,0.0,0.0,0.0,0.0,0.0,0.0
10.0,4.55457772888644,0.0035962982467116,0.0035962982437258,0.999993533296156,0.999993533296156,49.413708714483256,0.0,49.97596849905706,0.0,45.595063862747246,0.0,45.30238028906253,0.0,0.0,0.0,0.0,0.0,0.0,0.0
10.0,4.55482774138707,0.0035963377926903,0.0035963377897022,0.999993533153933,0.999993533153933,49.41370870376184,0.0,49.9759682165343,0.0,45.59506385941761,0.0,45.30238022966493,0.0,0.0,0.0,0.0,0.0,0.0,0.0
10.0,4.55507775388769,0.0035963773403681,0.0035963773373776,0.999993533011703,0.9999935330117032,49.41370869303965,0.0,49.975967933995264,0.0,45.59506385608779,0.0,45.30238017026411,0.0,0.0,0.0,0.0,0.0,0.0,0.0
10.0,4.55532776638832,0.0035964168897447,0.003596416886752,0.999993532869465,0.999993532869465,49.413708682316695,0.0,49.97596765143994,0.0,45.59506385275781,0.0,45.302380110860064,0.0,0.0,0.0,0.0,0.0,0.0,0.0
10.0,4.55557777888894,0.0035964564408204,0.0035964564378253,0.99999353272722,0.99999353272722,49.41370867159297,0.0,49.97596736886835,0.0,45.59506384942763,0.0,45.3023800514528,0.0,0.0,0.0,0.0,0.0,0.0,0.0
10.0,4.55582779138957,0.0035964959935948,0.0035964959905974,0.9999935325849671,0.999993532584967,49.41370866086848,0.0,49.97596708628049,0.0,45.59506384609728,0.0,45.30237999204232,0.0,0.0,0.0,0.0,0.0,0.0,0.0
10.0,4.55607780389019,0.0035965355480681,0.0035965355450683,0.999993532442706,0.999993532442706,49.413708650143214,0.0,49.97596680367637,0.0,45.59506384276676,0.0,45.30237993262862,0.0,0.0,0.0,0.0,0.0,0.0,0.0
10.0,4.55632781639082,0.0035965751042401,0.003596575101238,0.999993532300437,0.999993532300437,49.41370863941717,0.0,49.97596652105598,0.0,45.59506383943607,0.0,45.30237987321169,0.0,0.0,0.0,0.0,0.0,0.0,0.0
10.0,4.55657782889144,0.0035966146621108,0.0035966146591063,0.999993532158161,0.999993532158161,49.413708628690365,0.0,49.975966238419325,0.0,45.59506383610518,0.0,45.302379813791546,0.0,0.0,0.0,0.0,0.0,0.0,0.0
10.0,4.55682784139207,0.00359665422168,0.0035966542186732,0.999993532015877,0.999993532015877,49.41370861796279,0.0,49.97596595576642,0.0,45.59506383277414,0.0,45.30237975436818,0.0,0.0,0.0,0.0,0.0,0.0,0.0
10.0,4.55707785389269,0.0035966937829478,0.0035966937799386,0.999993531873586,0.999993531873586,49.41370860723444,0.0,49.975965673097264,0.0,45.5950638294429,0.0,45.3023796949416,0.0,0.0,0.0,0.0,0.0,0.0,0.0
10.0,4.55732786639332,0.0035967333459141,0.0035967333429025,0.999993531731287,0.999993531731287,49.41370859650532,0.0,49.97596539041186,0.0,45.595063826111485,0.0,45.3023796355118,0.0,0.0,0.0,0.0,0.0,0.0,0.0
10.0,4.55757787889394,0.0035967729105788,0.0035967729075649,0.99999353158898,0.99999353158898,49.41370858577543,0.0,49.9759651077102,0.0,45.5950638227799,0.0,45.30237957607878,0.0,0.0,0.0,0.0,0.0,0.0,0.0
10.0,4.55782789139457,0.0035968124769419,0.0035968124739256,0.9999935314466648,0.9999935314466648,49.41370857504478,0.0,49.975964824992296,0.0,45.595063819448136,0.0,45.30237951664253,0.0,0.0,0.0,0.0,0.0,0.0,0.0
10.0,4.5580779038952,0.0035968520450033,0.0035968520419845,0.9999935313043428,0.999993531304343,49.41370856431335,0.0,49.97596454225816,0.0,45.5950638161162,0.0,45.30237945720307,0.0,0.0,0.0,0.0,0.0,0.0,0.0
10.0,4.55832791639582,0.0035968916147629,0.0035968916117417,0.999993531162013,0.999993531162013,49.41370855358115,0.0,49.97596425950777,0.0,45.59506381278408,0.0,45.30237939776039,0.0,0.0,0.0,0.0,0.0,0.0,0.0
10.0,4.55857792889644,0.0035969311862207,0.0035969311831971,0.9999935310196748,0.999993531019675,49.41370854284818,0.0,49.97596397674116,0.0,45.59506380945178,0.0,45.30237933831448,0.0,0.0,0.0,0.0,0.0,0.0,0.0
10.0,4.55882794139707,0.0035969707593765,0.0035969707563506,0.99999353087733,0.99999353087733,49.41370853211444,0.0,49.97596369395831,0.0,45.595063806119306,0.0,45.30237927886536,0.0,0.0,0.0,0.0,0.0,0.0,0.0
10.0,4.55907795389769,0.0035970103342305,0.0035970103312021,0.999993530734977,0.9999935307349768,49.41370852137993,0.0,49.97596341115923,0.0,45.595063802786655,0.0,45.30237921941301,0.0,0.0,0.0,0.0,0.0,0.0,0.0
10.0,4.55932796639832,0.0035970499107824,0.0035970499077516,0.999993530592617,0.9999935305926168,49.413708510644646,0.0,49.97596312834393,0.0,45.59506379945383,0.0,45.302379159957454,0.0,0.0,0.0,0.0,0.0,0.0,0.0
10.0,4.55957797889895,0.0035970894890322,0.003597089485999,0.999993530450248,0.999993530450248,49.4137084999086,0.0,49.975962845512406,0.0,45.595063796120826,0.0,45.30237910049868,0.0,0.0,0.0,0.0,0.0,0.0,0.0
10.0,4.55982799139957,0.0035971290689799,0.0035971290659443,0.9999935303078732,0.999993530307873,49.41370848917179,0.0,49.97596256266466,0.0,45.59506379278764,0.0,45.302379041036666,0.0,0.0,0.0,0.0,0.0,0.0,0.0
10.0,4.56007800390019,0.0035971686506254,0.0035971686475874,0.999993530165489,0.999993530165489,49.41370847843419,0.0,49.9759622798007,0.0,45.59506378945428,0.0,45.30237898157144,0.0,0.0,0.0,0.0,0.0,0.0,0.0
10.0,4.56032801640082,0.0035972082339687,0.0035972082309281,0.999993530023097,0.999993530023098,49.41370846769584,0.0,49.975961996920525,0.0,45.595063786120754,0.0,45.302378922103,0.0,0.0,0.0,0.0,0.0,0.0,0.0
10.0,4.560578028901451,0.0035972478190096,0.0035972478159666,0.999993529880698,0.999993529880698,49.4137084569567,0.0,49.97596171402414,0.0,45.59506378278704,0.0,45.302378862631336,0.0,0.0,0.0,0.0,0.0,0.0,0.0
10.0,4.56082804140207,0.0035972874057481,0.0035972874027027,0.999993529738292,0.999993529738292,49.4137084462168,0.0,49.975961431111536,0.0,45.59506377945316,0.0,45.30237880315645,0.0,0.0,0.0,0.0,0.0,0.0,0.0
10.0,4.56107805390269,0.0035973269941842,0.0035973269911363,0.999993529595878,0.999993529595878,49.41370843547613,0.0,49.97596114818273,0.0,45.59506377611908,0.0,45.302378743678354,0.0,0.0,0.0,0.0,0.0,0.0,0.0
10.0,4.56132806640332,0.0035973665843177,0.0035973665812674,0.999993529453455,0.999993529453456,49.41370842473469,0.0,49.97596086523774,0.0,45.59506377278484,0.0,45.30237868419702,0.0,0.0,0.0,0.0,0.0,0.0,0.0
10.0,4.56157807890394,0.0035974061761487,0.0035974061730959,0.999993529311026,0.999993529311026,49.41370841399248,0.0,49.975960582276535,0.0,45.59506376945042,0.0,45.30237862471249,0.0,0.0,0.0,0.0,0.0,0.0,0.0
10.0,4.56182809140457,0.0035974457696771,0.0035974457666218,0.999993529168589,0.999993529168589,49.41370840324949,0.0,49.97596029929914,0.0,45.59506376611583,0.0,45.30237856522473,0.0,0.0,0.0,0.0,0.0,0.0,0.0
10.0,4.5620781039052,0.0035974853649027,0.003597485361845,0.999993529026143,0.999993529026143,49.41370839250573,0.0,49.97596001630554,0.0,45.59506376278105,0.0,45.30237850573375,0.0,0.0,0.0,0.0,0.0,0.0,0.0
10.0,4.56232811640582,0.0035975249618256,0.0035975249587654,0.9999935288836908,0.999993528883691,49.41370838176122,0.0,49.97595973329577,0.0,45.5950637594461,0.0,45.30237844623955,0.0,0.0,0.0,0.0,0.0,0.0,0.0
10.0,4.56257812890645,0.0035975645604457,0.003597564557383,0.9999935287412302,0.99999352874123,49.41370837101593,0.0,49.9759594502698,0.0,45.59506375611097,0.0,45.30237838674213,0.0,0.0,0.0,0.0,0.0,0.0,0.0
10.0,4.562828141407071,0.0035976041607629,0.0035976041576976,0.999993528598762,0.999993528598762,49.41370836026986,0.0,49.97595916722764,0.0,45.59506375277567,0.0,45.302378327241485,0.0,0.0,0.0,0.0,0.0,0.0,0.0
10.0,4.5630781539077,0.0035976437627771,0.0035976437597094,0.999993528456287,0.9999935284562872,49.41370834952303,0.0,49.97595888416932,0.0,45.59506374944019,0.0,45.30237826773762,0.0,0.0,0.0,0.0,0.0,0.0,0.0
10.0,4.56332816640832,0.0035976833664884,0.0035976833634181,0.999993528313803,0.999993528313803,49.41370833877543,0.0,49.9759586010948,0.0,45.59506374610453,0.0,45.30237820823054,0.0,0.0,0.0,0.0,0.0,0.0,0.0
10.0,4.56357817890895,0.0035977229718965,0.0035977229688238,0.999993528171312,0.999993528171312,49.413708328027056,0.0,49.9759583180041,0.0,45.59506374276869,0.0,45.30237814872024,0.0,0.0,0.0,0.0,0.0,0.0,0.0
10.0,4.56382819140957,0.0035977625790016,0.0035977625759263,0.9999935280288132,0.999993528028813,49.41370831727792,0.0,49.975958034897246,0.0,45.59506373943268,0.0,45.30237808920672,0.0,0.0,0.0,0.0,0.0,0.0,0.0
10.0,4.5640782039102,0.0035978021878034,0.0035978021847256,0.999993527886307,0.999993527886307,49.413708306528,0.0,49.97595775177422,0.0,45.5950637360965,0.0,45.30237802968998,0.0,0.0,0.0,0.0,0.0,0.0,0.0
10.0,4.56432821641082,0.003597841798302,0.0035978417952216,0.999993527743793,0.999993527743793,49.41370829577731,0.0,49.975957468635016,0.0,45.59506373276013,0.0,45.30237797017002,0.0,0.0,0.0,0.0,0.0,0.0,0.0
10.0,4.56457822891145,0.0035978814104972,0.0035978814074143,0.999993527601271,0.9999935276012708,49.41370828502586,0.0,49.97595718547966,0.0,45.59506372942359,0.0,45.30237791064684,0.0,0.0,0.0,0.0,0.0,0.0,0.0
10.0,4.56482824141207,0.0035979210243891,0.0035979210213037,0.9999935274587408,0.999993527458741,49.41370827427364,0.0,49.97595690230813,0.0,45.59506372608687,0.0,45.30237785112044,0.0,0.0,0.0,0.0,0.0,0.0,0.0
10.0,4.5650782539127,0.0035979606399776,0.0035979606368896,0.999993527316204,0.999993527316204,49.41370826352064,0.0,49.975956619120446,0.0,45.59506372274997,0.0,45.30237779159083,0.0,0.0,0.0,0.0,0.0,0.0,0.0
10.0,4.56532826641332,0.0035980002572625,0.0035980002541719,0.99999352717366,0.99999352717366,49.41370825276688,0.0,49.97595633591661,0.0,45.595063719412906,0.0,45.302377732057984,0.0,0.0,0.0,0.0,0.0,0.0,0.0
10.0,4.56557827891395,0.0035980398762439,0.0035980398731507,0.999993527031107,0.999993527031107,49.41370824201235,0.0,49.97595605269661,0.0,45.59506371607566,0.0,45.30237767252193,0.0,0.0,0.0,0.0,0.0,0.0,0.0
10.0,4.56582829141457,0.0035980794969216,0.0035980794938259,0.9999935268885471,0.999993526888547,49.41370823125705,0.0,49.97595576946047,0.0,45.59506371273823,0.0,45.30237761298264,0.0,0.0,0.0,0.0,0.0,0.0,0.0
10.0,4.566078303915199,0.0035981191192957,0.0035981191161974,0.999993526745979,0.9999935267459787,49.413708220500965,0.0,49.97595548620818,0.0,45.59506370940064,0.0,45.30237755344015,0.0,0.0,0.0,0.0,0.0,0.0,0.0
10.0,4.56632831641582,0.003598158743366,0.0035981587402651,0.999993526603403,0.999993526603404,49.41370820974412,0.0,49.97595520293975,0.0,45.59506370606286,0.0,45.30237749389443,0.0,0.0,0.0,0.0,0.0,0.0,0.0
10.0,4.56657832891645,0.0035981983691324,0.003598198366029,0.999993526460821,0.99999352646082,49.4137081989865,0.0,49.975954919655166,0.0,45.5950637027249,0.0,45.302377434345495,0.0,0.0,0.0,0.0,0.0,0.0,0.0
10.0,4.56682834141707,0.003598237996595,0.003598237993489,0.99999352631823,0.99999352631823,49.41370818822812,0.0,49.97595463635445,0.0,45.59506369938677,0.0,45.30237737479333,0.0,0.0,0.0,0.0,0.0,0.0,0.0
10.0,4.5670783539177,0.0035982776257537,0.0035982776226451,0.999993526175631,0.999993526175631,49.41370817746897,0.0,49.9759543530376,0.0,45.59506369604847,0.0,45.30237731523796,0.0,0.0,0.0,0.0,0.0,0.0,0.0
10.0,4.56732836641832,0.0035983172566084,0.0035983172534971,0.999993526033025,0.999993526033025,49.41370816670904,0.0,49.97595406970461,0.0,45.59506369270999,0.0,45.30237725567936,0.0,0.0,0.0,0.0,0.0,0.0,0.0
10.0,4.56757837891895,0.003598356889159,0.0035983568860451,0.999993525890411,0.9999935258904108,49.41370815594835,0.0,49.975953786355504,0.0,45.59506368937132,0.0,45.30237719611755,0.0,0.0,0.0,0.0,0.0,0.0,0.0
10.0,4.56782839141957,0.0035983965234054,0.003598396520289,0.9999935257477892,0.999993525747789,49.41370814518688,0.0,49.97595350299026,0.0,45.59506368603249,0.0,45.3023771365525,0.0,0.0,0.0,0.0,0.0,0.0,0.0
10.0,4.5680784039202,0.0035984361593477,0.0035984361562286,0.99999352560516,0.99999352560516,49.41370813442465,0.0,49.97595321960889,0.0,45.59506368269348,0.0,45.30237707698425,0.0,0.0,0.0,0.0,0.0,0.0,0.0
10.0,4.568328416420821,0.0035984757969857,0.003598475793864,0.999993525462524,0.999993525462523,49.41370812366164,0.0,49.97595293621139,0.0,45.59506367935428,0.0,45.30237701741277,0.0,0.0,0.0,0.0,0.0,0.0,0.0
10.0,4.56857842892145,0.0035985154363195,0.0035985154331951,0.9999935253198788,0.999993525319879,49.41370811289787,0.0,49.97595265279778,0.0,45.59506367601493,0.0,45.30237695783808,0.0,0.0,0.0,0.0,0.0,0.0,0.0
10.0,4.56882844142207,0.0035985550773488,0.0035985550742218,0.9999935251772258,0.999993525177226,49.41370810213332,0.0,49.975952369368045,0.0,45.59506367267539,0.0,45.30237689826016,0.0,0.0,0.0,0.0,0.0,0.0,0.0
10.0,4.5690784539227,0.0035985947200737,0.0035985947169441,0.999993525034567,0.999993525034567,49.413708091368,0.0,49.9759520859222,0.0,45.59506366933567,0.0,45.30237683867903,0.0,0.0,0.0,0.0,0.0,0.0,0.0
10.0,4.56932846642332,0.0035986343644941,0.0035986343613618,0.9999935248918992,0.999993524891899,49.41370808060192,0.0,49.97595180246025,0.0,45.595063665995774,0.0,45.30237677909468,0.0,0.0,0.0,0.0,0.0,0.0,0.0
10.0,4.56957847892395,0.00359867401061,0.003598674007475,0.999993524749224,0.999993524749224,49.41370806983506,0.0,49.97595151898218,0.0,45.5950636626557,0.0,45.302376719507095,0.0,0.0,0.0,0.0,0.0,0.0,0.0
10.0,4.56982849142457,0.0035987136584212,0.0035987136552836,0.999993524606541,0.9999935246065412,49.41370805906743,0.0,49.975951235488,0.0,45.59506365931546,0.0,45.30237665991631,0.0,0.0,0.0,0.0,0.0,0.0,0.0
10.0,4.5700785039252,0.0035987533079278,0.0035987533047875,0.99999352446385,0.99999352446385,49.41370804829904,0.0,49.97595095197773,0.0,45.59506365597503,0.0,45.3023766003223,0.0,0.0,0.0,0.0,0.0,0.0,0.0
10.0,4.57032851642582,0.0035987929591296,0.0035987929559866,0.999993524321152,0.999993524321152,49.41370803752987,0.0,49.97595066845135,0.0,45.59506365263444,0.0,45.30237654072506,0.0,0.0,0.0,0.0,0.0,0.0,0.0
10.0,4.57057852892645,0.0035988326120265,0.0035988326088809,0.999993524178446,0.999993524178446,49.41370802675994,0.0,49.97595038490887,0.0,45.59506364929366,0.0,45.30237648112461,0.0,0.0,0.0,0.0,0.0,0.0,0.0
10.0,4.57082854142707,0.0035988722666187,0.0035988722634703,0.999993524035732,0.9999935240357322,49.41370801598923,0.0,49.97595010135031,0.0,45.59506364595271,0.0,45.30237642152094,0.0,0.0,0.0,0.0,0.0,0.0,0.0
10.0,4.5710785539277,0.0035989119229058,0.0035989119197548,0.999993523893011,0.9999935238930108,49.41370800521776,0.0,49.97594981777564,0.0,45.59506364261159,0.0,45.30237636191405,0.0,0.0,0.0,0.0,0.0,0.0,0.0
10.0,4.57132856642832,0.003598951580888,0.0035989515777343,0.999993523750282,0.999993523750282,49.41370799444551,0.0,49.97594953418488,0.0,45.595063639270286,0.0,45.30237630230394,0.0,0.0,0.0,0.0,0.0,0.0,0.0
10.0,4.571578578928949,0.0035989912405652,0.0035989912374087,0.9999935236075448,0.999993523607545,49.413707983672495,0.0,49.97594925057803,0.0,45.59506363592881,0.0,45.302376242690606,0.0,0.0,0.0,0.0,0.0,0.0,0.0
10.0,4.57182859142957,0.0035990309019372,0.003599030898778,0.999993523464801,0.9999935234648007,49.41370797289871,0.0,49.9759489669551,0.0,45.59506363258715,0.0,45.30237618307405,0.0,0.0,0.0,0.0,0.0,0.0,0.0
10.0,4.5720786039302,0.003599070565004,0.0035990705618421,0.999993523322049,0.9999935233220492,49.41370796212416,0.0,49.97594868331608,0.0,45.59506362924532,0.0,45.30237612345428,0.0,0.0,0.0,0.0,0.0,0.0,0.0
10.0,4.57232861643082,0.0035991102297656,0.003599110226601,0.9999935231792888,0.999993523179289,49.413707951348826,0.0,49.97594839966099,0.0,45.59506362590332,0.0,45.3023760638313,0.0,0.0,0.0,0.0,0.0,0.0,0.0
10.0,4.57257862893145,0.0035991498962219,0.0035991498930545,0.999993523036522,0.999993523036522,49.413707940572735,0.0,49.97594811598982,0.0,45.595063622561135,0.0,45.30237600420509,0.0,0.0,0.0,0.0,0.0,0.0,0.0
10.0,4.57282864143207,0.0035991895643728,0.0035991895612027,0.999993522893747,0.999993522893747,49.413707929795855,0.0,49.97594783230257,0.0,45.59506361921877,0.0,45.30237594457566,0.0,0.0,0.0,0.0,0.0,0.0,0.0
10.0,4.5730786539327,0.0035992292342183,0.0035992292310454,0.999993522750964,0.999993522750964,49.41370791901822,0.0,49.97594754859925,0.0,45.59506361587624,0.0,45.30237588494301,0.0,0.0,0.0,0.0,0.0,0.0,0.0
10.0,4.57332866643332,0.0035992689057583,0.0035992689025827,0.999993522608173,0.999993522608174,49.413707908239815,0.0,49.97594726487986,0.0,45.59506361253353,0.0,45.302375825307145,0.0,0.0,0.0,0.0,0.0,0.0,0.0
10.0,4.57357867893395,0.0035993085789927,0.0035993085758144,0.999993522465376,0.999993522465376,49.41370789746065,0.0,49.9759469811444,0.0,45.595063609190646,0.0,45.30237576566805,0.0,0.0,0.0,0.0,0.0,0.0,0.0
10.0,4.573828691434569,0.0035993482539215,0.0035993482507404,0.99999352232257,0.99999352232257,49.4137078866807,0.0,49.97594669739288,0.0,45.59506360584759,0.0,45.30237570602575,0.0,0.0,0.0,0.0,0.0,0.0,0.0
10.0,4.5740787039352,0.0035993879305447,0.0035993879273608,0.999993522179756,0.999993522179756,49.41370787589998,0.0,49.9759464136253,0.0,45.59506360250435,0.0,45.30237564638023,0.0,0.0,0.0,0.0,0.0,0.0,0.0
10.0,4.57432871643582,0.0035994276088621,0.0035994276056754,0.999993522036935,0.9999935220369348,49.413707865118496,0.0,49.975946129841645,0.0,45.59506359916094,0.0,45.30237558673148,0.0,0.0,0.0,0.0,0.0,0.0,0.0
10.0,4.57457872893645,0.0035994672888737,0.0035994672856842,0.999993521894106,0.9999935218941072,49.413707854336245,0.0,49.97594584604195,0.0,45.59506359581735,0.0,45.30237552707951,0.0,0.0,0.0,0.0,0.0,0.0,0.0
10.0,4.57482874143707,0.0035995069705794,0.0035995069673872,0.99999352175127,0.99999352175127,49.413707843553226,0.0,49.97594556222619,0.0,45.59506359247359,0.0,45.30237546742433,0.0,0.0,0.0,0.0,0.0,0.0,0.0
10.0,4.5750787539377,0.0035995466539792,0.0035995466507842,0.999993521608426,0.999993521608426,49.41370783276942,0.0,49.97594527839438,0.0,45.59506358912965,0.0,45.30237540776592,0.0,0.0,0.0,0.0,0.0,0.0,0.0
10.0,4.57532876643832,0.0035995863390731,0.0035995863358752,0.999993521465574,0.999993521465574,49.41370782198486,0.0,49.97594499454652,0.0,45.59506358578553,0.0,45.3023753481043,0.0,0.0,0.0,0.0,0.0,0.0,0.0
10.0,4.57557877893895,0.0035996260258608,0.0035996260226602,0.9999935213227148,0.999993521322715,49.41370781119952,0.0,49.975944710682604,0.0,45.59506358244124,0.0,45.30237528843946,0.0,0.0,0.0,0.0,0.0,0.0,0.0
10.0,4.57582879143957,0.0035996657143425,0.003599665711139,0.999993521179848,0.999993521179848,49.41370780041341,0.0,49.975944426802656,0.0,45.59506357909677,0.0,45.3023752287714,0.0,0.0,0.0,0.0,0.0,0.0,0.0
10.0,4.5760788039402,0.003599705404518,0.0035997054013117,0.9999935210369728,0.9999935210369728,49.41370778962654,0.0,49.975944142906656,0.0,45.59506357575213,0.0,45.30237516910011,0.0,0.0,0.0,0.0,0.0,0.0,0.0
10.0,4.57632881644082,0.0035997450963872,0.0035997450931781,0.99999352089409,0.99999352089409,49.4137077788389,0.0,49.97594385899463,0.0,45.59506357240731,0.0,45.30237510942561,0.0,0.0,0.0,0.0,0.0,0.0,0.0
10.0,4.57657882894145,0.0035997847899502,0.0035997847867382,0.9999935207512,0.9999935207512,49.41370776805048,0.0,49.97594357506656,0.0,45.59506356906232,0.0,45.30237504974789,0.0,0.0,0.0,0.0,0.0,0.0,0.0
10.0,4.57682884144207,0.0035998244852068,0.003599824481992,0.999993520608302,0.9999935206083022,49.4137077572613,0.0,49.97594329112244,0.0,45.59506356571715,0.0,45.302374990066944,0.0,0.0,0.0,0.0,0.0,0.0,0.0
10.0,4.5770788539427,0.0035998641821569,0.0035998641789393,0.999993520465397,0.9999935204653972,49.41370774647134,0.0,49.9759430071623,0.0,45.595063562371806,0.0,45.30237493038279,0.0,0.0,0.0,0.0,0.0,0.0,0.0
10.0,4.57732886644332,0.0035999038808006,0.0035999038775801,0.999993520322484,0.999993520322484,49.41370773568061,0.0,49.97594272318613,0.0,45.595063559026286,0.0,45.30237487069541,0.0,0.0,0.0,0.0,0.0,0.0,0.0
10.0,4.57757887894395,0.0035999435811378,0.0035999435779144,0.999993520179563,0.9999935201795628,49.41370772488912,0.0,49.97594243919393,0.0,45.5950635556806,0.0,45.30237481100482,0.0,0.0,0.0,0.0,0.0,0.0,0.0
10.0,4.57782889144457,0.0035999832831683,0.003599983279942,0.999993520036634,0.999993520036634,49.41370771409685,0.0,49.9759421551857,0.0,45.59506355233472,0.0,45.30237475131099,0.0,0.0,0.0,0.0,0.0,0.0,0.0
10.0,4.5780789039452,0.0036000229868921,0.003600022983663,0.999993519893698,0.999993519893698,49.41370770330381,0.0,49.97594187116145,0.0,45.59506354898868,0.0,45.30237469161396,0.0,0.0,0.0,0.0,0.0,0.0,0.0
10.0,4.57832891644582,0.0036000626923093,0.0036000626890773,0.999993519750754,0.999993519750754,49.41370769251001,0.0,49.975941587121184,0.0,45.59506354564245,0.0,45.30237463191371,0.0,0.0,0.0,0.0,0.0,0.0,0.0
10.0,4.57857892894645,0.0036001023994196,0.0036001023961847,0.999993519607802,0.999993519607803,49.41370768171544,0.0,49.9759413030649,0.0,45.59506354229606,0.0,45.30237457221023,0.0,0.0,0.0,0.0,0.0,0.0,0.0
10.0,4.57882894144707,0.003600142108223,0.0036001421049853,0.9999935194648428,0.9999935194648428,49.41370767092009,0.0,49.9759410189926,0.0,45.595063538949496,0.0,45.302374512503526,0.0,0.0,0.0,0.0,0.0,0.0,0.0
10.0,4.5790789539477,0.0036001818187196,0.0036001818154789,0.999993519321876,0.999993519321876,49.413707660123976,0.0,49.97594073490428,0.0,45.59506353560275,0.0,45.302374452793615,0.0,0.0,0.0,0.0,0.0,0.0,0.0
10.0,4.579328966448319,0.0036002215309091,0.0036002215276656,0.999993519178902,0.999993519178902,49.41370764932709,0.0,49.97594045079995,0.0,45.59506353225583,0.0,45.30237439308048,0.0,0.0,0.0,0.0,0.0,0.0,0.0
10.0,4.57957897894895,0.0036002612447917,0.0036002612415452,0.99999351903592,0.99999351903592,49.413707638529445,0.0,49.975940166679614,0.0,45.59506352890873,0.0,45.30237433336413,0.0,0.0,0.0,0.0,0.0,0.0,0.0
10.0,4.57982899144957,0.0036003009603671,0.0036003009571177,0.99999351889293,0.99999351889293,49.41370762773102,0.0,49.97593988254327,0.0,45.59506352556145,0.0,45.30237427364456,0.0,0.0,0.0,0.0,0.0,0.0,0.0
10.0,4.5800790039502,0.0036003406776353,0.003600340674383,0.999993518749932,0.999993518749932,49.41370761693182,0.0,49.97593959839092,0.0,45.59506352221401,0.0,45.302374213921766,0.0,0.0,0.0,0.0,0.0,0.0,0.0
10.0,4.58032901645082,0.0036003803965963,0.0036003803933411,0.9999935186069272,0.999993518606927,49.413707606131865,0.0,49.97593931422257,0.0,45.59506351886638,0.0,45.30237415419575,0.0,0.0,0.0,0.0,0.0,0.0,0.0
10.0,4.58057902895145,0.0036004201172501,0.0036004201139919,0.999993518463914,0.999993518463914,49.41370759533113,0.0,49.97593903003823,0.0,45.59506351551859,0.0,45.30237409446652,0.0,0.0,0.0,0.0,0.0,0.0,0.0
10.0,4.58082904145207,0.0036004598395964,0.0036004598363353,0.999993518320893,0.999993518320893,49.413707584529625,0.0,49.97593874583789,0.0,45.59506351217062,0.0,45.30237403473408,0.0,0.0,0.0,0.0,0.0,0.0,0.0
10.0,4.5810790539527,0.0036004995636354,0.0036004995603713,0.9999935181778647,0.999993518177865,49.41370757372736,0.0,49.97593846162154,0.0,45.59506350882247,0.0,45.3023739749984,0.0,0.0,0.0,0.0,0.0,0.0,0.0
10.0,4.58132906645332,0.0036005392893668,0.0036005392860998,0.999993518034829,0.999993518034829,49.41370756292431,0.0,49.97593817738921,0.0,45.59506350547415,0.0,45.30237391525952,0.0,0.0,0.0,0.0,0.0,0.0,0.0
10.0,4.58157907895395,0.0036005790167908,0.0036005790135208,0.999993517891785,0.999993517891785,49.41370755212049,0.0,49.97593789314089,0.0,45.595063502125655,0.0,45.3023738555174,0.0,0.0,0.0,0.0,0.0,0.0,0.0
10.0,4.58182909145457,0.0036006187459071,0.0036006187426341,0.999993517748734,0.999993517748734,49.41370754131592,0.0,49.97593760887657,0.0,45.59506349877698,0.0,45.30237379577208,0.0,0.0,0.0,0.0,0.0,0.0,0.0
10.0,4.5820791039552,0.0036006584767158,0.0036006584734398,0.999993517605675,0.9999935176056752,49.41370753051056,0.0,49.97593732459628,0.0,45.595063495428136,0.0,45.30237373602353,0.0,0.0,0.0,0.0,0.0,0.0,0.0
10.0,4.58232911645582,0.0036006982092167,0.0036006982059378,0.999993517462608,0.999993517462608,49.413707519704445,0.0,49.9759370403,0.0,45.59506349207911,0.0,45.30237367627176,0.0,0.0,0.0,0.0,0.0,0.0,0.0
10.0,4.58257912895645,0.0036007379434099,0.0036007379401279,0.999993517319534,0.999993517319534,49.413707508897545,0.0,49.97593675598774,0.0,45.59506348872992,0.0,45.302373616516775,0.0,0.0,0.0,0.0,0.0,0.0,0.0
10.0,4.58282914145707,0.0036007776792952,0.0036007776760102,0.999993517176452,0.999993517176452,49.413707498089884,0.0,49.97593647165951,0.0,45.59506348538055,0.0,45.302373556758575,0.0,0.0,0.0,0.0,0.0,0.0,0.0
10.0,4.5830791539577,0.0036008174168725,0.0036008174135846,0.999993517033362,0.999993517033362,49.41370748728146,0.0,49.97593618731528,0.0,45.595063482031,0.0,45.30237349699715,0.0,0.0,0.0,0.0,0.0,0.0,0.0
10.0,4.58332916645832,0.0036008571561419,0.003600857152851,0.999993516890265,0.999993516890265,49.41370747647226,0.0,49.9759359029551,0.0,45.59506347868128,0.0,45.3023734372325,0.0,0.0,0.0,0.0,0.0,0.0,0.0
10.0,4.58357917895895,0.0036008968971033,0.0036008968938094,0.99999351674716,0.99999351674716,49.41370746566229,0.0,49.97593561857894,0.0,45.595063475331386,0.0,45.30237337746465,0.0,0.0,0.0,0.0,0.0,0.0,0.0
10.0,4.58382919145957,0.0036009366397566,0.0036009366364596,0.999993516604047,0.9999935166040468,49.41370745485155,0.0,49.97593533418681,0.0,45.59506347198132,0.0,45.302373317693565,0.0,0.0,0.0,0.0,0.0,0.0,0.0
10.0,4.584079203960201,0.0036009763841017,0.0036009763808017,0.999993516460927,0.999993516460927,49.41370744404004,0.0,49.97593504977871,0.0,45.59506346863107,0.0,45.30237325791928,0.0,0.0,0.0,0.0,0.0,0.0,0.0
10.0,4.58432921646082,0.0036010161301386,0.0036010161268355,0.999993516317799,0.999993516317799,49.41370743322776,0.0,49.97593476535464,0.0,45.59506346528065,0.0,45.30237319814175,0.0,0.0,0.0,0.0,0.0,0.0,0.0
10.0,4.58457922896145,0.0036010558778672,0.0036010558745611,0.999993516174663,0.9999935161746633,49.41370742241472,0.0,49.975934480914624,0.0,45.59506346193005,0.0,45.302373138361006,0.0,0.0,0.0,0.0,0.0,0.0,0.0
10.0,4.58482924146207,0.0036010956272874,0.0036010956239783,0.99999351603152,0.99999351603152,49.41370741160089,0.0,49.975934196458645,0.0,45.59506345857928,0.0,45.30237307857705,0.0,0.0,0.0,0.0,0.0,0.0,0.0
10.0,4.5850792539627,0.0036011353783993,0.0036011353750871,0.9999935158883692,0.999993515888369,49.4137074007863,0.0,49.97593391198669,0.0,45.59506345522834,0.0,45.30237301878988,0.0,0.0,0.0,0.0,0.0,0.0,0.0
10.0,4.58532926646332,0.0036011751312026,0.0036011751278874,0.99999351574521,0.99999351574521,49.41370738997095,0.0,49.97593362749879,0.0,45.59506345187722,0.0,45.30237295899949,0.0,0.0,0.0,0.0,0.0,0.0,0.0
10.0,4.58557927896395,0.0036012148856975,0.0036012148823791,0.999993515602044,0.999993515602044,49.41370737915482,0.0,49.97593334299494,0.0,45.59506344852594,0.0,45.30237289920586,0.0,0.0,0.0,0.0,0.0,0.0,0.0
10.0,4.58582929146457,0.0036012546418837,0.0036012546385623,0.999993515458869,0.9999935154588692,49.41370736833792,0.0,49.97593305847513,0.0,45.59506344517448,0.0,45.302372839409024,0.0,0.0,0.0,0.0,0.0,0.0,0.0
10.0,4.5860793039652,0.0036012943997613,0.0036012943964368,0.999993515315688,0.999993515315688,49.41370735752025,0.0,49.97593277393938,0.0,45.59506344182283,0.0,45.302372779608966,0.0,0.0,0.0,0.0,0.0,0.0,0.0
10.0,4.58632931646582,0.0036013341593301,0.0036013341560026,0.999993515172498,0.999993515172498,49.41370734670182,0.0,49.97593248938768,0.0,45.595063438471016,0.0,45.3023727198057,0.0,0.0,0.0,0.0,0.0,0.0,0.0
10.0,4.58657932896645,0.0036013739205902,0.0036013739172595,0.999993515029301,0.9999935150293008,49.413707335882606,0.0,49.975932204820026,0.0,45.59506343511902,0.0,45.302372659999214,0.0,0.0,0.0,0.0,0.0,0.0,0.0
10.0,4.58682934146707,0.0036014136835414,0.0036014136802077,0.999993514886096,0.999993514886096,49.41370732506263,0.0,49.975931920236434,0.0,45.59506343176686,0.0,45.3023726001895,0.0,0.0,0.0,0.0,0.0,0.0,0.0
10.0,4.5870793539677,0.0036014534481838,0.0036014534448469,0.999993514742884,0.999993514742884,49.41370731424189,0.0,49.9759316356369,0.0,45.59506342841453,0.0,45.30237254037657,0.0,0.0,0.0,0.0,0.0,0.0,0.0
10.0,4.58732936646832,0.0036014932145171,0.0036014932111771,0.999993514599664,0.999993514599664,49.41370730342037,0.0,49.97593135102143,0.0,45.595063425062015,0.0,45.302372480560415,0.0,0.0,0.0,0.0,0.0,0.0,0.0
10.0,4.58757937896895,0.0036015329825415,0.0036015329791983,0.999993514456436,0.999993514456436,49.41370729259808,0.0,49.975931066390025,0.0,45.59506342170933,0.0,45.30237242074105,0.0,0.0,0.0,0.0,0.0,0.0,0.0
10.0,4.58782939146957,0.0036015727522567,0.0036015727489104,0.9999935143132,0.9999935143132,49.41370728177503,0.0,49.97593078174268,0.0,45.59506341835646,0.0,45.30237236091846,0.0,0.0,0.0,0.0,0.0,0.0,0.0
10.0,4.5880794039702,0.0036016125236628,0.0036016125203134,0.999993514169957,0.999993514169958,49.413707270951214,0.0,49.97593049707941,0.0,45.59506341500344,0.0,45.30237230109266,0.0,0.0,0.0,0.0,0.0,0.0,0.0
10.0,4.58832941647082,0.0036016522967596,0.0036016522934071,0.999993514026706,0.9999935140267072,49.41370726012661,0.0,49.97593021240021,0.0,45.59506341165023,0.0,45.30237224126363,0.0,0.0,0.0,0.0,0.0,0.0,0.0
10.0,4.58857942897145,0.0036016920715472,0.0036016920681915,0.999993513883448,0.999993513883448,49.41370724930125,0.0,49.97592992770507,0.0,45.595063408296845,0.0,45.30237218143138,0.0,0.0,0.0,0.0,0.0,0.0,0.0
10.0,4.58882944147207,0.0036017318480254,0.0036017318446666,0.999993513740182,0.999993513740182,49.41370723847512,0.0,49.97592964299401,0.0,45.59506340494329,0.0,45.30237212159592,0.0,0.0,0.0,0.0,0.0,0.0,0.0
10.0,4.5890794539727,0.0036017716261943,0.0036017716228323,0.999993513596908,0.999993513596908,49.41370722764822,0.0,49.97592935826703,0.0,45.59506340158956,0.0,45.30237206175723,0.0,0.0,0.0,0.0,0.0,0.0,0.0
10.0,4.58932946647332,0.0036018114060536,0.0036018114026885,0.999993513453627,0.999993513453627,49.41370721682054,0.0,49.97592907352412,0.0,45.59506339823565,0.0,45.30237200191533,0.0,0.0,0.0,0.0,0.0,0.0,0.0
10.0,4.589579478973951,0.0036018511876035,0.0036018511842351,0.999993513310337,0.999993513310338,49.41370720599211,0.0,49.97592878876531,0.0,45.59506339488158,0.0,45.30237194207022,0.0,0.0,0.0,0.0,0.0,0.0,0.0
10.0,4.58982949147457,0.0036018909708437,0.0036018909674722,0.9999935131670408,0.999993513167041,49.41370719516289,0.0,49.975928503990566,0.0,45.595063391527326,0.0,45.30237188222188,0.0,0.0,0.0,0.0,0.0,0.0,0.0
10.0,4.5900795039752,0.0036019307557743,0.0036019307523996,0.999993513023736,0.999993513023736,49.413707184332914,0.0,49.97592821919991,0.0,45.595063388172896,0.0,45.30237182237032,0.0,0.0,0.0,0.0,0.0,0.0,0.0
10.0,4.59032951647582,0.0036019705423952,0.0036019705390173,0.999993512880424,0.999993512880424,49.41370717350216,0.0,49.97592793439334,0.0,45.595063384818296,0.0,45.302371762515534,0.0,0.0,0.0,0.0,0.0,0.0,0.0
10.0,4.59057952897645,0.0036020103307063,0.0036020103273252,0.999993512737104,0.999993512737104,49.41370716267065,0.0,49.97592764957086,0.0,45.595063381463525,0.0,45.30237170265754,0.0,0.0,0.0,0.0,0.0,0.0,0.0
10.0,4.59082954147707,0.0036020501207076,0.0036020501173233,0.999993512593776,0.999993512593777,49.41370715183835,0.0,49.97592736473247,0.0,45.59506337810858,0.0,45.30237164279632,0.0,0.0,0.0,0.0,0.0,0.0,0.0
10.0,4.5910795539777,0.003602089912399,0.0036020899090114,0.999993512450441,0.999993512450441,49.4137071410053,0.0,49.97592707987817,0.0,45.59506337475346,0.0,45.30237158293189,0.0,0.0,0.0,0.0,0.0,0.0,0.0
10.0,4.59132956647832,0.0036021297057804,0.0036021297023896,0.999993512307098,0.999993512307098,49.41370713017147,0.0,49.97592679500797,0.0,45.59506337139816,0.0,45.30237152306423,0.0,0.0,0.0,0.0,0.0,0.0,0.0
10.0,4.59157957897895,0.0036021695008518,0.0036021694974578,0.999993512163748,0.999993512163748,49.41370711933686,0.0,49.97592651012187,0.0,45.5950633680427,0.0,45.30237146319336,0.0,0.0,0.0,0.0,0.0,0.0,0.0
10.0,4.591829591479571,0.0036022092976131,0.0036022092942158,0.99999351202039,0.99999351202039,49.41370710850151,0.0,49.975926225219865,0.0,45.59506336468706,0.0,45.30237140331927,0.0,0.0,0.0,0.0,0.0,0.0,0.0
10.0,4.5920796039802,0.0036022490960642,0.0036022490926637,0.999993511877024,0.999993511877024,49.41370709766536,0.0,49.97592594030197,0.0,45.59506336133124,0.0,45.30237134344195,0.0,0.0,0.0,0.0,0.0,0.0,0.0
10.0,4.59232961648082,0.0036022888962052,0.0036022888928014,0.99999351173365,0.99999351173365,49.41370708682846,0.0,49.975925655368165,0.0,45.59506335797525,0.0,45.30237128356142,0.0,0.0,0.0,0.0,0.0,0.0,0.0
10.0,4.59257962898145,0.0036023286980358,0.0036023286946288,0.999993511590269,0.9999935115902688,49.41370707599078,0.0,49.97592537041847,0.0,45.595063354619086,0.0,45.30237122367768,0.0,0.0,0.0,0.0,0.0,0.0,0.0
10.0,4.59282964148207,0.0036023685015562,0.0036023684981459,0.99999351144688,0.99999351144688,49.41370706515234,0.0,49.975925085452886,0.0,45.59506335126275,0.0,45.3023711637907,0.0,0.0,0.0,0.0,0.0,0.0,0.0
10.0,4.5930796539827,0.0036024083067661,0.0036024083033526,0.999993511303483,0.999993511303483,49.41370705431312,0.0,49.97592480047141,0.0,45.59506334790625,0.0,45.30237110390052,0.0,0.0,0.0,0.0,0.0,0.0,0.0
10.0,4.59332966648332,0.0036024481136656,0.0036024481102487,0.999993511160079,0.999993511160079,49.41370704347314,0.0,49.975924515474034,0.0,45.59506334454956,0.0,45.30237104400711,0.0,0.0,0.0,0.0,0.0,0.0,0.0
10.0,4.59357967898395,0.0036024879222545,0.0036024879188344,0.999993511016667,0.999993511016667,49.41370703263239,0.0,49.97592423046079,0.0,45.59506334119271,0.0,45.30237098411048,0.0,0.0,0.0,0.0,0.0,0.0,0.0
10.0,4.59382969148457,0.0036025277325329,0.0036025277291095,0.999993510873248,0.999993510873248,49.413707021790856,0.0,49.97592394543165,0.0,45.59506333783568,0.0,45.30237092421064,0.0,0.0,0.0,0.0,0.0,0.0,0.0
10.0,4.5940797039852,0.0036025675445006,0.0036025675410739,0.99999351072982,0.99999351072982,49.41370701094857,0.0,49.97592366038663,0.0,45.59506333447848,0.0,45.302370864307576,0.0,0.0,0.0,0.0,0.0,0.0,0.0
10.0,4.59432971648582,0.0036026073581577,0.0036026073547276,0.999993510586385,0.999993510586385,49.413707000105504,0.0,49.97592337532573,0.0,45.59506333112109,0.0,45.3023708044013,0.0,0.0,0.0,0.0,0.0,0.0,0.0
10.0,4.59457972898645,0.0036026471735039,0.0036026471700706,0.999993510442942,0.999993510442943,49.41370698926168,0.0,49.97592309024895,0.0,45.59506332776354,0.0,45.3023707444918,0.0,0.0,0.0,0.0,0.0,0.0,0.0
10.0,4.59482974148707,0.0036026869905393,0.0036026869871027,0.999993510299492,0.999993510299492,49.41370697841707,0.0,49.97592280515629,0.0,45.59506332440582,0.0,45.302370684579074,0.0,0.0,0.0,0.0,0.0,0.0,0.0
10.0,4.595079753987699,0.0036027268092639,0.0036027268058238,0.999993510156034,0.999993510156034,49.413706967571706,0.0,49.97592252004776,0.0,45.59506332104792,0.0,45.30237062466313,0.0,0.0,0.0,0.0,0.0,0.0,0.0
10.0,4.59532976648832,0.0036027666296774,0.0036027666262341,0.999993510012569,0.999993510012569,49.41370695672557,0.0,49.97592223492336,0.0,45.59506331768986,0.0,45.30237056474398,0.0,0.0,0.0,0.0,0.0,0.0,0.0
10.0,4.59557977898895,0.00360280645178,0.0036028064483333,0.999993509869095,0.999993509869095,49.41370694587866,0.0,49.97592194978308,0.0,45.59506331433161,0.0,45.3023705048216,0.0,0.0,0.0,0.0,0.0,0.0,0.0
10.0,4.59582979148957,0.0036028462755715,0.0036028462721214,0.9999935097256138,0.999993509725614,49.41370693503098,0.0,49.97592166462695,0.0,45.5950633109732,0.0,45.302370444896006,0.0,0.0,0.0,0.0,0.0,0.0,0.0
10.0,4.5960798039902,0.0036028861010518,0.0036028860975984,0.999993509582126,0.999993509582126,49.41370692418253,0.0,49.97592137945493,0.0,45.595063307614616,0.0,45.3023703849672,0.0,0.0,0.0,0.0,0.0,0.0,0.0
10.0,4.59632981649083,0.0036029259282209,0.0036029259247641,0.999993509438629,0.999993509438629,49.413706913333314,0.0,49.97592109426706,0.0,45.59506330425585,0.0,45.30237032503516,0.0,0.0,0.0,0.0,0.0,0.0,0.0
10.0,4.59657982899145,0.0036029657570788,0.0036029657536186,0.999993509295125,0.999993509295125,49.41370690248333,0.0,49.97592080906332,0.0,45.59506330089692,0.0,45.30237026509991,0.0,0.0,0.0,0.0,0.0,0.0,0.0
10.0,4.59682984149207,0.0036030055876253,0.0036030055841618,0.999993509151613,0.9999935091516132,49.41370689163257,0.0,49.97592052384372,0.0,45.59506329753781,0.0,45.30237020516144,0.0,0.0,0.0,0.0,0.0,0.0,0.0
10.0,4.5970798539927,0.0036030454198605,0.0036030454163935,0.999993509008094,0.999993509008094,49.413706880781056,0.0,49.97592023860827,0.0,45.59506329417853,0.0,45.30237014521975,0.0,0.0,0.0,0.0,0.0,0.0,0.0
10.0,4.597329866493319,0.0036030852537841,0.0036030852503138,0.999993508864567,0.999993508864567,49.41370686992876,0.0,49.97591995335695,0.0,45.59506329081909,0.0,45.30237008527484,0.0,0.0,0.0,0.0,0.0,0.0,0.0
10.0,4.59757987899395,0.0036031250893963,0.0036031250859226,0.999993508721032,0.999993508721032,49.41370685907569,0.0,49.97591966808979,0.0,45.59506328745946,0.0,45.30237002532672,0.0,0.0,0.0,0.0,0.0,0.0,0.0
10.0,4.59782989149457,0.0036031649266969,0.0036031649232198,0.99999350857749,0.99999350857749,49.41370684822186,0.0,49.97591938280676,0.0,45.59506328409967,0.0,45.30236996537537,0.0,0.0,0.0,0.0,0.0,0.0,0.0
10.0,4.5980799039952,0.0036032047656859,0.0036032047622053,0.99999350843394,0.99999350843394,49.41370683736726,0.0,49.97591909750789,0.0,45.59506328073969,0.0,45.3023699054208,0.0,0.0,0.0,0.0,0.0,0.0,0.0
10.0,4.59832991649582,0.0036032446063631,0.0036032446028792,0.999993508290382,0.999993508290382,49.41370682651189,0.0,49.97591881219316,0.0,45.59506327737955,0.0,45.30236984546302,0.0,0.0,0.0,0.0,0.0,0.0,0.0
10.0,4.59857992899645,0.0036032844487286,0.0036032844452412,0.999993508146817,0.999993508146817,49.41370681565575,0.0,49.97591852686259,0.0,45.59506327401923,0.0,45.302369785502016,0.0,0.0,0.0,0.0,0.0,0.0,0.0
10.0,4.59882994149708,0.0036033242927823,0.0036033242892915,0.999993508003244,0.999993508003244,49.41370680479884,0.0,49.975918241516176,0.0,45.595063270658734,0.0,45.302369725537794,0.0,0.0,0.0,0.0,0.0,0.0,0.0
10.0,4.5990799539977,0.0036033641385241,0.0036033641350298,0.999993507859663,0.999993507859663,49.41370679394116,0.0,49.97591795615392,0.0,45.59506326729808,0.0,45.30236966557036,0.0,0.0,0.0,0.0,0.0,0.0,0.0
10.0,4.59932996649832,0.0036034039859539,0.0036034039824562,0.999993507716075,0.9999935077160748,49.41370678308271,0.0,49.97591767077581,0.0,45.59506326393725,0.0,45.3023696055997,0.0,0.0,0.0,0.0,0.0,0.0,0.0
10.0,4.59957997899895,0.0036034438350718,0.0036034438315706,0.9999935075724788,0.999993507572479,49.4137067722235,0.0,49.97591738538187,0.0,45.59506326057625,0.0,45.302369545625815,0.0,0.0,0.0,0.0,0.0,0.0,0.0
10.0,4.59982999149957,0.0036034836858775,0.0036034836823729,0.999993507428875,0.999993507428875,49.41370676136351,0.0,49.97591709997209,0.0,45.59506325721507,0.0,45.302369485648725,0.0,0.0,0.0,0.0,0.0,0.0,0.0
10.0,4.6000800040002,0.0036035235383711,0.003603523534863,0.999993507285263,0.999993507285263,49.41370675050275,0.0,49.97591681454647,0.0,45.59506325385372,0.0,45.30236942566841,0.0,0.0,0.0,0.0,0.0,0.0,0.0
10.0,4.60033001650083,0.0036035633925525,0.0036035633890409,0.999993507141644,0.999993507141644,49.41370673964123,0.0,49.97591652910502,0.0,45.5950632504922,0.0,45.30236936568488,0.0,0.0,0.0,0.0,0.0,0.0,0.0
10.0,4.60058002900145,0.0036036032484217,0.0036036032449066,0.999993506998017,0.999993506998017,49.41370672877893,0.0,49.97591624364774,0.0,45.5950632471305,0.0,45.30236930569812,0.0,0.0,0.0,0.0,0.0,0.0,0.0
10.0,4.60083004150207,0.0036036431059785,0.0036036431024599,0.9999935068543832,0.999993506854383,49.41370671791587,0.0,49.97591595817463,0.0,45.59506324376864,0.0,45.30236924570815,0.0,0.0,0.0,0.0,0.0,0.0,0.0
10.0,4.6010800540027,0.003603682965223,0.0036036829617009,0.999993506710741,0.999993506710741,49.41370670705204,0.0,49.97591567268569,0.0,45.5950632404066,0.0,45.302369185714966,0.0,0.0,0.0,0.0,0.0,0.0,0.0
10.0,4.60133006650333,0.003603722826155,0.0036037228226294,0.999993506567091,0.9999935065670912,49.41370669618744,0.0,49.97591538718091,0.0,45.59506323704439,0.0,45.30236912571855,0.0,0.0,0.0,0.0,0.0,0.0,0.0
10.0,4.60158007900395,0.0036037626887745,0.0036037626852454,0.999993506423434,0.999993506423434,49.41370668532207,0.0,49.97591510166032,0.0,45.59506323368199,0.0,45.30236906571892,0.0,0.0,0.0,0.0,0.0,0.0,0.0
10.0,4.60183009150458,0.0036038025530814,0.0036038025495488,0.999993506279768,0.999993506279768,49.41370667445592,0.0,49.975914816123904,0.0,45.59506323031944,0.0,45.30236900571608,0.0,0.0,0.0,0.0,0.0,0.0,0.0
10.0,4.6020801040052,0.0036038424190757,0.0036038424155395,0.9999935061360962,0.999993506136096,49.41370666358902,0.0,49.97591453057167,0.0,45.59506322695671,0.0,45.302368945710015,0.0,0.0,0.0,0.0,0.0,0.0,0.0
10.0,4.60233011650582,0.0036038822867573,0.0036038822832176,0.999993505992415,0.999993505992415,49.41370665272135,0.0,49.97591424500361,0.0,45.59506322359381,0.0,45.30236888570073,0.0,0.0,0.0,0.0,0.0,0.0,0.0
10.0,4.60258012900645,0.0036039221561262,0.0036039221525829,0.9999935058487268,0.999993505848727,49.4137066418529,0.0,49.975913959419735,0.0,45.59506322023074,0.0,45.30236882568823,0.0,0.0,0.0,0.0,0.0,0.0,0.0
10.0,4.60283014150708,0.0036039620271822,0.0036039620236354,0.999993505705031,0.999993505705031,49.41370663098368,0.0,49.97591367382004,0.0,45.5950632168675,0.0,45.3023687656725,0.0,0.0,0.0,0.0,0.0,0.0,0.0
10.0,4.6030801540077,0.0036040018999254,0.003604001896375,0.999993505561328,0.999993505561328,49.41370662011369,0.0,49.97591338820453,0.0,45.59506321350408,0.0,45.30236870565357,0.0,0.0,0.0,0.0,0.0,0.0,0.0
10.0,4.60333016650833,0.0036040417743556,0.0036040417708016,0.999993505417617,0.999993505417616,49.413706609242944,0.0,49.97591310257321,0.0,45.595063210140495,0.0,45.30236864563141,0.0,0.0,0.0,0.0,0.0,0.0,0.0
10.0,4.60358017900895,0.0036040816504728,0.0036040816469152,0.999993505273898,0.999993505273898,49.41370659837142,0.0,49.97591281692608,0.0,45.595063206776736,0.0,45.30236858560603,0.0,0.0,0.0,0.0,0.0,0.0,0.0
10.0,4.60383019150957,0.0036041215282769,0.0036041215247158,0.9999935051301708,0.999993505130171,49.41370658749912,0.0,49.97591253126315,0.0,45.595063203412806,0.0,45.30236852557744,0.0,0.0,0.0,0.0,0.0,0.0,0.0
10.0,4.6040802040102,0.0036041614077679,0.0036041614042032,0.999993504986437,0.9999935049864372,49.41370657662606,0.0,49.9759122455844,0.0,45.5950632000487,0.0,45.30236846554562,0.0,0.0,0.0,0.0,0.0,0.0,0.0
10.0,4.60433021651083,0.0036042012889458,0.0036042012853774,0.999993504842695,0.999993504842695,49.41370656575222,0.0,49.97591195988985,0.0,45.59506319668444,0.0,45.30236840551059,0.0,0.0,0.0,0.0,0.0,0.0,0.0
10.0,4.60458022901145,0.0036042411718103,0.0036042411682384,0.999993504698946,0.999993504698946,49.41370655487764,0.0,49.9759116741795,0.0,45.59506319331999,0.0,45.30236834547234,0.0,0.0,0.0,0.0,0.0,0.0,0.0
10.0,4.60483024151207,0.0036042810563616,0.003604281052786,0.999993504555188,0.999993504555189,49.41370654400226,0.0,49.97591138845334,0.0,45.59506318995537,0.0,45.30236828543087,0.0,0.0,0.0,0.0,0.0,0.0,0.0
10.0,4.6050802540127,0.0036043209425994,0.0036043209390203,0.999993504411423,0.999993504411424,49.41370653312613,0.0,49.97591110271139,0.0,45.595063186590586,0.0,45.30236822538618,0.0,0.0,0.0,0.0,0.0,0.0,0.0
10.0,4.605330266513331,0.0036043608305239,0.0036043608269411,0.999993504267651,0.999993504267651,49.413706522249214,0.0,49.97591081695364,0.0,45.59506318322562,0.0,45.30236816533827,0.0,0.0,0.0,0.0,0.0,0.0,0.0
10.0,4.60558027901395,0.0036044007201348,0.0036044007165484,0.999993504123871,0.9999935041238712,49.41370651137154,0.0,49.97591053118009,0.0,45.595063179860496,0.0,45.30236810528715,0.0,0.0,0.0,0.0,0.0,0.0,0.0
10.0,4.60583029151458,0.0036044406114322,0.0036044406078421,0.999993503980083,0.999993503980083,49.41370650049311,0.0,49.97591024539074,0.0,45.5950631764952,0.0,45.3023680452328,0.0,0.0,0.0,0.0,0.0,0.0,0.0
10.0,4.6060803040152,0.0036044805044159,0.0036044805008222,0.999993503836287,0.999993503836287,49.41370648961389,0.0,49.97590995958561,0.0,45.59506317312972,0.0,45.30236798517524,0.0,0.0,0.0,0.0,0.0,0.0,0.0
10.0,4.60633031651582,0.003604520399086,0.0036045203954886,0.999993503692484,0.999993503692484,49.41370647873391,0.0,49.97590967376468,0.0,45.59506316976408,0.0,45.30236792511445,0.0,0.0,0.0,0.0,0.0,0.0,0.0
10.0,4.60658032901645,0.0036045602954423,0.0036045602918412,0.9999935035486732,0.999993503548673,49.41370646785315,0.0,49.97590938792796,0.0,45.595063166398255,0.0,45.302367865050456,0.0,0.0,0.0,0.0,0.0,0.0,0.0
10.0,4.60683034151708,0.0036046001934848,0.00360460018988,0.9999935034048552,0.999993503404855,49.41370645697164,0.0,49.975909102075455,0.0,45.595063163032265,0.0,45.30236780498324,0.0,0.0,0.0,0.0,0.0,0.0,0.0
10.0,4.6070803540177,0.0036046400932134,0.003604640089605,0.999993503261028,0.999993503261029,49.41370644608934,0.0,49.97590881620717,0.0,45.59506315966611,0.0,45.3023677449128,0.0,0.0,0.0,0.0,0.0,0.0,0.0
10.0,4.60733036651833,0.0036046799946281,0.003604679991016,0.999993503117195,0.999993503117195,49.41370643520629,0.0,49.97590853032309,0.0,45.59506315629978,0.0,45.30236768483915,0.0,0.0,0.0,0.0,0.0,0.0,0.0
10.0,4.607580379018951,0.0036047198977288,0.003604719894113,0.999993502973353,0.9999935029733532,49.41370642432246,0.0,49.97590824442324,0.0,45.59506315293328,0.0,45.30236762476228,0.0,0.0,0.0,0.0,0.0,0.0,0.0
10.0,4.60783039151958,0.0036047598025154,0.0036047597988959,0.999993502829504,0.999993502829504,49.41370641343787,0.0,49.9759079585076,0.0,45.5950631495666,0.0,45.30236756468218,0.0,0.0,0.0,0.0,0.0,0.0,0.0
10.0,4.6080804040202,0.0036047997089879,0.0036047997053647,0.9999935026856468,0.999993502685647,49.413706402552506,0.0,49.97590767257618,0.0,45.59506314619976,0.0,45.30236750459887,0.0,0.0,0.0,0.0,0.0,0.0,0.0
10.0,4.60833041652083,0.0036048396171462,0.0036048396135193,0.999993502541782,0.999993502541782,49.413706391666366,0.0,49.97590738662899,0.0,45.59506314283275,0.0,45.302367444512335,0.0,0.0,0.0,0.0,0.0,0.0,0.0
10.0,4.60858042902145,0.0036048795269903,0.0036048795233596,0.99999350239791,0.99999350239791,49.413706380779466,0.0,49.97590710066602,0.0,45.595063139465566,0.0,45.30236738442259,0.0,0.0,0.0,0.0,0.0,0.0,0.0
10.0,4.60883044152208,0.0036049194385201,0.0036049194348857,0.99999350225403,0.99999350225403,49.41370636989179,0.0,49.97590681468727,0.0,45.59506313609821,0.0,45.30236732432962,0.0,0.0,0.0,0.0,0.0,0.0,0.0
10.0,4.6090804540227,0.0036049593517355,0.0036049593480973,0.999993502110142,0.999993502110142,49.41370635900335,0.0,49.97590652869276,0.0,45.59506313273069,0.0,45.30236726423344,0.0,0.0,0.0,0.0,0.0,0.0,0.0
10.0,4.60933046652333,0.0036049992666364,0.0036049992629945,0.999993501966247,0.999993501966247,49.41370634811415,0.0,49.97590624268247,0.0,45.59506312936298,0.0,45.30236720413403,0.0,0.0,0.0,0.0,0.0,0.0,0.0
10.0,4.60958047902395,0.0036050391832229,0.0036050391795772,0.999993501822344,0.999993501822344,49.41370633722417,0.0,49.97590595665642,0.0,45.59506312599512,0.0,45.302367144031415,0.0,0.0,0.0,0.0,0.0,0.0,0.0
10.0,4.60983049152458,0.0036050791014948,0.0036050790978454,0.999993501678434,0.999993501678433,49.41370632633343,0.0,49.975905670614594,0.0,45.595063122627074,0.0,45.30236708392557,0.0,0.0,0.0,0.0,0.0,0.0,0.0
10.0,4.6100805040252,0.0036051190214521,0.0036051190177989,0.9999935015345152,0.999993501534515,49.4137063154419,0.0,49.97590538455701,0.0,45.59506311925888,0.0,45.30236702381651,0.0,0.0,0.0,0.0,0.0,0.0,0.0
10.0,4.61033051652583,0.0036051589430947,0.0036051589394377,0.999993501390589,0.999993501390589,49.41370630454962,0.0,49.97590509848367,0.0,45.5950631158905,0.0,45.30236696370423,0.0,0.0,0.0,0.0,0.0,0.0,0.0
10.0,4.61058052902645,0.0036051988664226,0.0036051988627618,0.999993501246656,0.999993501246656,49.413706293656574,0.0,49.97590481239455,0.0,45.59506311252194,0.0,45.302366903588734,0.0,0.0,0.0,0.0,0.0,0.0,0.0
10.0,4.610830541527079,0.0036052387914357,0.0036052387877711,0.999993501102714,0.999993501102714,49.413706282762746,0.0,49.97590452628968,0.0,45.59506310915323,0.0,45.302366843470026,0.0,0.0,0.0,0.0,0.0,0.0,0.0
10.0,4.6110805540277,0.0036052787181339,0.0036052787144655,0.9999935009587648,0.999993500958765,49.41370627186816,0.0,49.97590424016905,0.0,45.595063105784334,0.0,45.30236678334809,0.0,0.0,0.0,0.0,0.0,0.0,0.0
10.0,4.61133056652833,0.0036053186465172,0.0036053186428449,0.999993500814809,0.999993500814809,49.4137062609728,0.0,49.97590395403266,0.0,45.59506310241528,0.0,45.30236672322294,0.0,0.0,0.0,0.0,0.0,0.0,0.0
10.0,4.61158057902895,0.0036053585765854,0.0036053585729094,0.999993500670844,0.999993500670844,49.41370625007667,0.0,49.97590366788051,0.0,45.59506309904605,0.0,45.30236666309457,0.0,0.0,0.0,0.0,0.0,0.0,0.0
10.0,4.61183059152958,0.0036053985083387,0.0036053985046588,0.999993500526872,0.999993500526872,49.413706239179774,0.0,49.97590338171262,0.0,45.59506309567664,0.0,45.30236660296298,0.0,0.0,0.0,0.0,0.0,0.0,0.0
10.0,4.6120806040302,0.0036054384417768,0.0036054384380931,0.9999935003828933,0.999993500382892,49.41370622828211,0.0,49.97590309552897,0.0,45.59506309230707,0.0,45.302366542828175,0.0,0.0,0.0,0.0,0.0,0.0,0.0
10.0,4.61233061653083,0.0036054783768997,0.0036054783732122,0.999993500238905,0.999993500238905,49.41370621738368,0.0,49.97590280932957,0.0,45.59506308893732,0.0,45.30236648269016,0.0,0.0,0.0,0.0,0.0,0.0,0.0
10.0,4.61258062903145,0.0036055183137074,0.003605518310016,0.99999350009491,0.99999350009491,49.41370620648447,0.0,49.975902523114414,0.0,45.59506308556743,0.0,45.30236642254891,0.0,0.0,0.0,0.0,0.0,0.0,0.0
10.0,4.61283064153208,0.0036055582521998,0.0036055582485045,0.999993499950907,0.999993499950908,49.4137061955845,0.0,49.97590223688352,0.0,45.595063082197335,0.0,45.30236636240445,0.0,0.0,0.0,0.0,0.0,0.0,0.0
10.0,4.613080654032701,0.0036055981923768,0.0036055981886777,0.999993499806897,0.999993499806897,49.41370618468376,0.0,49.97590195063688,0.0,45.59506307882709,0.0,45.30236630225677,0.0,0.0,0.0,0.0,0.0,0.0,0.0
10.0,4.61333066653333,0.0036056381342384,0.0036056381305354,0.9999934996628788,0.999993499662879,49.41370617378225,0.0,49.97590166437449,0.0,45.59506307545666,0.0,45.30236624210587,0.0,0.0,0.0,0.0,0.0,0.0,0.0
10.0,4.61358067903395,0.0036056780777845,0.0036056780740777,0.999993499518854,0.999993499518853,49.413706162879976,0.0,49.97590137809636,0.0,45.59506307208607,0.0,45.30236618195175,0.0,0.0,0.0,0.0,0.0,0.0,0.0
10.0,4.61383069153458,0.0036057180230151,0.0036057180193043,0.99999349937482,0.99999349937482,49.413706151976925,0.0,49.97590109180249,0.0,45.59506306871531,0.0,45.30236612179442,0.0,0.0,0.0,0.0,0.0,0.0,0.0
10.0,4.6140807040352,0.0036057579699301,0.0036057579662154,0.999993499230779,0.9999934992307792,49.41370614107311,0.0,49.97590080549288,0.0,45.595063065344384,0.0,45.30236606163386,0.0,0.0,0.0,0.0,0.0,0.0,0.0
10.0,4.61433071653583,0.0036057979185293,0.0036057979148108,0.99999349908673,0.99999349908673,49.413706130168535,0.0,49.97590051916754,0.0,45.59506306197328,0.0,45.30236600147009,0.0,0.0,0.0,0.0,0.0,0.0,0.0
10.0,4.61458072903645,0.0036058378688129,0.0036058378650904,0.999993498942674,0.999993498942674,49.41370611926318,0.0,49.97590023282645,0.0,45.59506305860201,0.0,45.3023659413031,0.0,0.0,0.0,0.0,0.0,0.0,0.0
10.0,4.61483074153708,0.0036058778207806,0.0036058778170542,0.99999349879861,0.99999349879861,49.41370610835706,0.0,49.975899946469646,0.0,45.59506305523057,0.0,45.30236588113289,0.0,0.0,0.0,0.0,0.0,0.0,0.0
10.0,4.6150807540377,0.0036059177744325,0.0036059177707022,0.999993498654538,0.999993498654538,49.413706097450174,0.0,49.97589966009709,0.0,45.595063051858965,0.0,45.302365820959466,0.0,0.0,0.0,0.0,0.0,0.0,0.0
10.0,4.61533076653833,0.0036059577297685,0.0036059577260342,0.999993498510459,0.999993498510459,49.41370608654251,0.0,49.975899373708806,0.0,45.59506304848719,0.0,45.30236576078282,0.0,0.0,0.0,0.0,0.0,0.0,0.0
10.0,4.61558077903895,0.0036059976867885,0.0036059976830502,0.999993498366372,0.999993498366372,49.413706075634096,0.0,49.9758990873048,0.0,45.59506304511524,0.0,45.30236570060296,0.0,0.0,0.0,0.0,0.0,0.0,0.0
10.0,4.61583079153958,0.0036060376454924,0.0036060376417502,0.999993498222277,0.999993498222277,49.41370606472489,0.0,49.97589880088506,0.0,45.59506304174312,0.0,45.30236564041988,0.0,0.0,0.0,0.0,0.0,0.0,0.0
10.0,4.6160808040402,0.0036060776058802,0.0036060776021341,0.9999934980781752,0.999993498078174,49.41370605381493,0.0,49.97589851444959,0.0,45.59506303837084,0.0,45.30236558023357,0.0,0.0,0.0,0.0,0.0,0.0,0.0
10.0,4.616330816540829,0.0036061175679519,0.0036061175642017,0.999993497934064,0.999993497934064,49.4137060429042,0.0,49.9758982279984,0.0,45.595063034998375,0.0,45.302365520044056,0.0,0.0,0.0,0.0,0.0,0.0,0.0
10.0,4.61658082904145,0.0036061575317073,0.0036061575279532,0.999993497789947,0.9999934977899468,49.4137060319927,0.0,49.97589794153149,0.0,45.59506303162576,0.0,45.30236545985132,0.0,0.0,0.0,0.0,0.0,0.0,0.0
10.0,4.61683084154208,0.0036061974971464,0.0036061974933883,0.999993497645821,0.9999934976458208,49.41370602108044,0.0,49.97589765504886,0.0,45.595063028252966,0.0,45.30236539965537,0.0,0.0,0.0,0.0,0.0,0.0,0.0
10.0,4.6170808540427,0.0036062374642692,0.0036062374605071,0.999993497501688,0.999993497501688,49.4137060101674,0.0,49.975897368550505,0.0,45.59506302488,0.0,45.30236533945619,0.0,0.0,0.0,0.0,0.0,0.0,0.0
10.0,4.61733086654333,0.0036062774330755,0.0036062774293094,0.999993497357547,0.9999934973575472,49.41370599925359,0.0,49.975897082036425,0.0,45.59506302150687,0.0,45.302365279253806,0.0,0.0,0.0,0.0,0.0,0.0,0.0
10.0,4.61758087904395,0.0036063174035654,0.0036063173997953,0.999993497213399,0.999993497213399,49.41370598833902,0.0,49.97589679550664,0.0,45.59506301813357,0.0,45.3023652190482,0.0,0.0,0.0,0.0,0.0,0.0,0.0
10.0,4.61783089154458,0.0036063573757387,0.0036063573719646,0.999993497069243,0.999993497069243,49.41370597742368,0.0,49.975896508961135,0.0,45.59506301476009,0.0,45.30236515883937,0.0,0.0,0.0,0.0,0.0,0.0,0.0
10.0,4.6180809040452,0.0036063973495954,0.0036063973458173,0.999993496925079,0.999993496925079,49.41370596650757,0.0,49.97589622239991,0.0,45.59506301138646,0.0,45.30236509862732,0.0,0.0,0.0,0.0,0.0,0.0,0.0
10.0,4.61833091654583,0.0036064373251355,0.0036064373213533,0.9999934967809068,0.9999934967809068,49.413705955590686,0.0,49.975895935822976,0.0,45.59506300801265,0.0,45.30236503841205,0.0,0.0,0.0,0.0,0.0,0.0,0.0
10.0,4.618580929046449,0.0036064773023588,0.0036064772985726,0.999993496636728,0.999993496636728,49.41370594467304,0.0,49.97589564923033,0.0,45.59506300463867,0.0,45.30236497819357,0.0,0.0,0.0,0.0,0.0,0.0,0.0
10.0,4.61883094154708,0.0036065172812653,0.003606517277475,0.999993496492542,0.999993496492542,49.41370593375462,0.0,49.97589536262198,0.0,45.59506300126453,0.0,45.30236491797187,0.0,0.0,0.0,0.0,0.0,0.0,0.0
10.0,4.6190809540477,0.003606557261855,0.0036065572580607,0.999993496348347,0.999993496348347,49.41370592283544,0.0,49.97589507599792,0.0,45.59506299789022,0.0,45.30236485774696,0.0,0.0,0.0,0.0,0.0,0.0,0.0
10.0,4.61933096654833,0.0036065972441278,0.0036065972403294,0.9999934962041448,0.999993496204145,49.413705911915486,0.0,49.97589478935815,0.0,45.595062994515736,0.0,45.30236479751881,0.0,0.0,0.0,0.0,0.0,0.0,0.0
10.0,4.61958097904895,0.0036066372280836,0.0036066372242811,0.999993496059935,0.999993496059935,49.41370590099477,0.0,49.97589450270268,0.0,45.59506299114109,0.0,45.30236473728746,0.0,0.0,0.0,0.0,0.0,0.0,0.0
10.0,4.61983099154958,0.0036066772137223,0.0036066772099157,0.999993495915718,0.999993495915718,49.41370589007328,0.0,49.9758942160315,0.0,45.59506298776627,0.0,45.302364677052886,0.0,0.0,0.0,0.0,0.0,0.0,0.0
10.0,4.6200810040502,0.003606717201044,0.0036067171972333,0.999993495771493,0.999993495771493,49.41370587915102,0.0,49.97589392934462,0.0,45.59506298439128,0.0,45.3023646168151,0.0,0.0,0.0,0.0,0.0,0.0,0.0
10.0,4.62033101655083,0.0036067571900484,0.0036067571862337,0.99999349562726,0.99999349562726,49.413705868228,0.0,49.97589364264204,0.0,45.59506298101613,0.0,45.30236455657408,0.0,0.0,0.0,0.0,0.0,0.0,0.0
10.0,4.62058102905145,0.0036067971807357,0.0036067971769168,0.999993495483019,0.999993495483019,49.4137058573042,0.0,49.975893355923766,0.0,45.59506297764081,0.0,45.30236449632986,0.0,0.0,0.0,0.0,0.0,0.0,0.0
10.0,4.62083104155208,0.0036068371731056,0.0036068371692827,0.999993495338771,0.999993495338771,49.41370584637964,0.0,49.975893069189794,0.0,45.59506297426531,0.0,45.30236443608241,0.0,0.0,0.0,0.0,0.0,0.0,0.0
10.0,4.6210810540527,0.0036068771671583,0.0036068771633311,0.999993495194515,0.9999934951945147,49.41370583545432,0.0,49.97589278244013,0.0,45.59506297088965,0.0,45.30236437583175,0.0,0.0,0.0,0.0,0.0,0.0,0.0
10.0,4.62133106655333,0.0036069171628935,0.0036069171590622,0.999993495050252,0.999993495050252,49.413705824528215,0.0,49.97589249567476,0.0,45.59506296751382,0.0,45.30236431557786,0.0,0.0,0.0,0.0,0.0,0.0,0.0
10.0,4.62158107905395,0.0036069571603112,0.0036069571564758,0.999993494905981,0.9999934949059808,49.41370581360135,0.0,49.9758922088937,0.0,45.59506296413783,0.0,45.30236425532077,0.0,0.0,0.0,0.0,0.0,0.0,0.0
10.0,4.62183109155458,0.0036069971594114,0.0036069971555718,0.999993494761702,0.999993494761702,49.41370580267371,0.0,49.97589192209696,0.0,45.59506296076166,0.0,45.30236419506045,0.0,0.0,0.0,0.0,0.0,0.0,0.0
10.0,4.6220811040552,0.003607037160194,0.0036070371563503,0.999993494617415,0.999993494617415,49.41370579174531,0.0,49.97589163528451,0.0,45.59506295738534,0.0,45.30236413479691,0.0,0.0,0.0,0.0,0.0,0.0,0.0
10.0,4.62233111655583,0.0036070771626589,0.003607077158811,0.999993494473121,0.999993494473121,49.41370578081613,0.0,49.97589134845639,0.0,45.59506295400884,0.0,45.30236407453016,0.0,0.0,0.0,0.0,0.0,0.0,0.0
10.0,4.62258112905645,0.0036071171668061,0.0036071171629541,0.999993494328819,0.9999934943288192,49.41370576988619,0.0,49.97589106161258,0.0,45.59506295063216,0.0,45.302364014260185,0.0,0.0,0.0,0.0,0.0,0.0,0.0
10.0,4.62283114155708,0.0036071571726355,0.0036071571687793,0.99999349418451,0.99999349418451,49.41370575895549,0.0,49.97589077475308,0.0,45.595062947255336,0.0,45.302363953987,0.0,0.0,0.0,0.0,0.0,0.0,0.0
10.0,4.6230811540577,0.0036071971801471,0.0036071971762867,0.999993494040193,0.999993494040193,49.413705748024014,0.0,49.97589048787789,0.0,45.595062943878325,0.0,45.30236389371059,0.0,0.0,0.0,0.0,0.0,0.0,0.0
10.0,4.62333116655833,0.0036072371893408,0.0036072371854762,0.9999934938958672,0.999993493895868,49.41370573709176,0.0,49.975890200987024,0.0,45.595062940501165,0.0,45.30236383343096,0.0,0.0,0.0,0.0,0.0,0.0,0.0
10.0,4.62358117905895,0.0036072772002165,0.0036072771963477,0.9999934937515352,0.999993493751535,49.413705726158746,0.0,49.97588991408048,0.0,45.59506293712383,0.0,45.30236377314812,0.0,0.0,0.0,0.0,0.0,0.0,0.0
10.0,4.62383119155958,0.0036073172127741,0.0036073172089011,0.999993493607195,0.9999934936071952,49.41370571522497,0.0,49.97588962715825,0.0,45.59506293374632,0.0,45.302363712862046,0.0,0.0,0.0,0.0,0.0,0.0,0.0
10.0,4.6240812040602,0.0036073572270137,0.0036073572231364,0.999993493462847,0.999993493462847,49.41370570429043,0.0,49.97588934022034,0.0,45.59506293036865,0.0,45.30236365257277,0.0,0.0,0.0,0.0,0.0,0.0,0.0
10.0,4.62433121656083,0.0036073972429351,0.0036073972390536,0.999993493318491,0.999993493318492,49.41370569335511,0.0,49.97588905326676,0.0,45.595062926990806,0.0,45.30236359228027,0.0,0.0,0.0,0.0,0.0,0.0,0.0
10.0,4.62458122906145,0.0036074372605383,0.0036074372566526,0.999993493174128,0.999993493174129,49.41370568241902,0.0,49.9758887662975,0.0,45.59506292361281,0.0,45.30236353198456,0.0,0.0,0.0,0.0,0.0,0.0,0.0
10.0,4.62483124156208,0.0036074772798232,0.0036074772759332,0.999993493029757,0.999993493029758,49.41370567148217,0.0,49.975888479312566,0.0,45.59506292023463,0.0,45.30236347168562,0.0,0.0,0.0,0.0,0.0,0.0,0.0
10.0,4.6250812540627,0.0036075173007898,0.0036075172968955,0.999993492885379,0.999993492885379,49.41370566054455,0.0,49.97588819231196,0.0,45.595062916856286,0.0,45.30236341138347,0.0,0.0,0.0,0.0,0.0,0.0,0.0
10.0,4.62533126656333,0.003607557323438,0.0036075573195394,0.999993492740993,0.999993492740993,49.41370564960616,0.0,49.97588790529569,0.0,45.59506291347778,0.0,45.30236335107809,0.0,0.0,0.0,0.0,0.0,0.0,0.0
10.0,4.62558127906395,0.0036075973477676,0.0036075973438649,0.999993492596599,0.999993492596599,49.41370563866701,0.0,49.97588761826374,0.0,45.59506291009911,0.0,45.30236329076951,0.0,0.0,0.0,0.0,0.0,0.0,0.0
10.0,4.62583129156458,0.0036076373737788,0.0036076373698717,0.999993492452197,0.999993492452197,49.41370562772708,0.0,49.97588733121613,0.0,45.595062906720266,0.0,45.3023632304577,0.0,0.0,0.0,0.0,0.0,0.0,0.0
10.0,4.6260813040652,0.0036076774014714,0.00360767739756,0.999993492307788,0.999993492307788,49.41370561678639,0.0,49.97588704415285,0.0,45.59506290334126,0.0,45.30236317014268,0.0,0.0,0.0,0.0,0.0,0.0,0.0
10.0,4.62633131656583,0.0036077174308453,0.0036077174269296,0.9999934921633707,0.999993492163371,49.413705605844925,0.0,49.97588675707391,0.0,45.59506289996209,0.0,45.302363109824434,0.0,0.0,0.0,0.0,0.0,0.0,0.0
10.0,4.62658132906645,0.0036077574619005,0.0036077574579805,0.999993492018946,0.999993492018946,49.41370559490269,0.0,49.975886469979294,0.0,45.595062896582746,0.0,45.302363049502965,0.0,0.0,0.0,0.0,0.0,0.0,0.0
10.0,4.62683134156708,0.0036077974946369,0.0036077974907126,0.999993491874514,0.999993491874514,49.4137055839597,0.0,49.97588618286903,0.0,45.595062893203234,0.0,45.30236298917829,0.0,0.0,0.0,0.0,0.0,0.0,0.0
10.0,4.6270813540677,0.0036078375290545,0.0036078375251259,0.999993491730074,0.999993491730074,49.41370557301594,0.0,49.9758858957431,0.0,45.59506288982356,0.0,45.30236292885039,0.0,0.0,0.0,0.0,0.0,0.0,0.0
10.0,4.62733136656833,0.0036078775651532,0.0036078775612202,0.999993491585627,0.999993491585627,49.4137055620714,0.0,49.97588560860151,0.0,45.59506288644372,0.0,45.30236286851928,0.0,0.0,0.0,0.0,0.0,0.0,0.0
10.0,4.62758137906895,0.0036079176029329,0.0036079175989956,0.999993491441171,0.999993491441171,49.4137055511261,0.0,49.975885321444245,0.0,45.59506288306371,0.0,45.30236280818495,0.0,0.0,0.0,0.0,0.0,0.0,0.0
10.0,4.62783139156958,0.0036079576423936,0.003607957638452,0.999993491296708,0.999993491296709,49.41370554018003,0.0,49.97588503427134,0.0,45.59506287968353,0.0,45.3023627478474,0.0,0.0,0.0,0.0,0.0,0.0,0.0
10.0,4.6280814040702,0.0036079976835352,0.0036079976795892,0.999993491152238,0.999993491152238,49.41370552923319,0.0,49.97588474708278,0.0,45.5950628763032,0.0,45.30236268750662,0.0,0.0,0.0,0.0,0.0,0.0,0.0
10.0,4.62833141657083,0.0036080377263577,0.0036080377224073,0.99999349100776,0.99999349100776,49.4137055182856,0.0,49.97588445987856,0.0,45.59506287292269,0.0,45.30236262716264,0.0,0.0,0.0,0.0,0.0,0.0,0.0
10.0,4.62858142907145,0.0036080777708609,0.0036080777669062,0.999993490863274,0.999993490863274,49.41370550733722,0.0,49.97588417265869,0.0,45.59506286954202,0.0,45.30236256681543,0.0,0.0,0.0,0.0,0.0,0.0,0.0
10.0,4.628831441572081,0.0036081178170449,0.0036081178130857,0.99999349071878,0.99999349071878,49.41370549638808,0.0,49.975883885423166,0.0,45.59506286616119,0.0,45.30236250646501,0.0,0.0,0.0,0.0,0.0,0.0,0.0
10.0,4.6290814540727,0.0036081578649095,0.003608157860946,0.999993490574279,0.999993490574279,49.41370548543817,0.0,49.975883598172,0.0,45.595062862780175,0.0,45.302362446111374,0.0,0.0,0.0,0.0,0.0,0.0,0.0
10.0,4.62933146657333,0.0036081979144547,0.0036081979104868,0.99999349042977,0.99999349042977,49.41370547448749,0.0,49.97588331090517,0.0,45.59506285939901,0.0,45.30236238575451,0.0,0.0,0.0,0.0,0.0,0.0,0.0
10.0,4.62958147907395,0.0036082379656805,0.0036082379617082,0.9999934902852532,0.999993490285253,49.41370546353605,0.0,49.9758830236227,0.0,45.59506285601768,0.0,45.302362325394434,0.0,0.0,0.0,0.0,0.0,0.0,0.0
10.0,4.62983149157458,0.0036082780185868,0.00360827801461,0.999993490140729,0.999993490140729,49.41370545258384,0.0,49.97588273632459,0.0,45.595062852636175,0.0,45.30236226503114,0.0,0.0,0.0,0.0,0.0,0.0,0.0
10.0,4.6300815040752,0.0036083180731734,0.0036083180691922,0.999993489996197,0.999993489996197,49.41370544163086,0.0,49.975882449010825,0.0,45.59506284925451,0.0,45.30236220466463,0.0,0.0,0.0,0.0,0.0,0.0,0.0
10.0,4.63033151657583,0.0036083581294404,0.0036083581254548,0.999993489851657,0.999993489851658,49.41370543067711,0.0,49.97588216168143,0.0,45.59506284587268,0.0,45.3023621442949,0.0,0.0,0.0,0.0,0.0,0.0,0.0
10.0,4.63058152907645,0.0036083981873877,0.0036083981833976,0.99999348970711,0.99999348970711,49.4137054197226,0.0,49.97588187433638,0.0,45.59506284249068,0.0,45.30236208392196,0.0,0.0,0.0,0.0,0.0,0.0,0.0
10.0,4.63083154157708,0.0036084382470153,0.0036084382430207,0.999993489562555,0.999993489562555,49.41370540876731,0.0,49.975881586975696,0.0,45.59506283910851,0.0,45.30236202354579,0.0,0.0,0.0,0.0,0.0,0.0,0.0
10.0,4.631081554077701,0.003608478308323,0.003608478304324,0.999993489417993,0.999993489417993,49.41370539781126,0.0,49.97588129959937,0.0,45.59506283572618,0.0,45.302361963166405,0.0,0.0,0.0,0.0,0.0,0.0,0.0
10.0,4.63133156657833,0.0036085183713108,0.0036085183673073,0.999993489273422,0.999993489273422,49.41370538685445,0.0,49.97588101220741,0.0,45.595062832343686,0.0,45.30236190278381,0.0,0.0,0.0,0.0,0.0,0.0,0.0
10.0,4.63158157907895,0.0036085584359786,0.0036085584319707,0.999993489128844,0.999993489128844,49.41370537589687,0.0,49.97588072479981,0.0,45.59506282896104,0.0,45.30236184239798,0.0,0.0,0.0,0.0,0.0,0.0,0.0
10.0,4.63183159157958,0.0036085985023265,0.003608598498314,0.999993488984258,0.999993488984259,49.41370536493852,0.0,49.97588043737658,0.0,45.59506282557821,0.0,45.30236178200895,0.0,0.0,0.0,0.0,0.0,0.0,0.0
10.0,4.6320816040802,0.0036086385703542,0.0036086385663373,0.999993488839665,0.9999934888396648,49.41370535397939,0.0,49.97588014993772,0.0,45.59506282219522,0.0,45.30236172161669,0.0,0.0,0.0,0.0,0.0,0.0,0.0
10.0,4.63233161658083,0.0036086786400618,0.0036086786360403,0.999993488695064,0.999993488695065,49.4137053430195,0.0,49.97587986248321,0.0,45.59506281881207,0.0,45.30236166122122,0.0,0.0,0.0,0.0,0.0,0.0,0.0
10.0,4.63258162908145,0.0036087187114492,0.0036087187074232,0.9999934885504548,0.999993488550456,49.413705332058846,0.0,49.97587957501308,0.0,45.59506281542875,0.0,45.30236160082253,0.0,0.0,0.0,0.0,0.0,0.0,0.0
10.0,4.63283164158208,0.0036087587845163,0.0036087587804858,0.999993488405839,0.999993488405839,49.413705321097424,0.0,49.97587928752733,0.0,45.59506281204527,0.0,45.30236154042062,0.0,0.0,0.0,0.0,0.0,0.0,0.0
10.0,4.6330816540827,0.0036087988592632,0.0036087988552281,0.9999934882612148,0.999993488261215,49.41370531013524,0.0,49.97587900002593,0.0,45.595062808661616,0.0,45.3023614800155,0.0,0.0,0.0,0.0,0.0,0.0,0.0
10.0,4.63333166658333,0.0036088389356896,0.00360883893165,0.999993488116584,0.999993488116584,49.41370529917227,0.0,49.97587871250892,0.0,45.595062805277806,0.0,45.30236141960715,0.0,0.0,0.0,0.0,0.0,0.0,0.0
10.0,4.63358167908395,0.0036088790137955,0.0036088790097514,0.999993487971944,0.999993487971944,49.41370528820855,0.0,49.975878424976266,0.0,45.59506280189383,0.0,45.3023613591956,0.0,0.0,0.0,0.0,0.0,0.0,0.0
10.0,4.63383169158458,0.003608919093581,0.0036089190895322,0.9999934878272968,0.999993487827297,49.41370527724405,0.0,49.975878137428005,0.0,45.59506279850968,0.0,45.302361298780816,0.0,0.0,0.0,0.0,0.0,0.0,0.0
10.0,4.6340817040852,0.0036089591750458,0.0036089591709925,0.999993487682643,0.999993487682643,49.41370526627878,0.0,49.97587784986411,0.0,45.59506279512537,0.0,45.30236123836281,0.0,0.0,0.0,0.0,0.0,0.0,0.0
10.0,4.634331716585829,0.00360899925819,0.0036089992541322,0.99999348753798,0.99999348753798,49.41370525531276,0.0,49.9758775622846,0.0,45.5950627917409,0.0,45.302361177941606,0.0,0.0,0.0,0.0,0.0,0.0,0.0
10.0,4.63458172908645,0.0036090393430135,0.0036090393389511,0.99999348739331,0.99999348739331,49.41370524434596,0.0,49.97587727468946,0.0,45.595062788356266,0.0,45.30236111751717,0.0,0.0,0.0,0.0,0.0,0.0,0.0
10.0,4.63483174158708,0.0036090794295163,0.0036090794254493,0.999993487248633,0.999993487248633,49.4137052333784,0.0,49.97587698707871,0.0,45.59506278497148,0.0,45.30236105708951,0.0,0.0,0.0,0.0,0.0,0.0,0.0
10.0,4.6350817540877,0.0036091195176982,0.0036091195136266,0.9999934871039468,0.999993487103947,49.41370522241007,0.0,49.97587669945234,0.0,45.595062781586506,0.0,45.30236099665865,0.0,0.0,0.0,0.0,0.0,0.0,0.0
10.0,4.63533176658833,0.0036091596075593,0.003609159603483,0.999993486959254,0.999993486959254,49.41370521144097,0.0,49.97587641181035,0.0,45.59506277820138,0.0,45.30236093622457,0.0,0.0,0.0,0.0,0.0,0.0,0.0
10.0,4.63558177908896,0.0036091996990994,0.0036091996950185,0.999993486814554,0.999993486814554,49.4137052004711,0.0,49.97587612415275,0.0,45.59506277481609,0.0,45.30236087578727,0.0,0.0,0.0,0.0,0.0,0.0,0.0
10.0,4.63583179158958,0.0036092397923184,0.0036092397882329,0.999993486669845,0.999993486669845,49.41370518950047,0.0,49.97587583647952,0.0,45.59506277143064,0.0,45.302360815346745,0.0,0.0,0.0,0.0,0.0,0.0,0.0
10.0,4.6360818040902,0.0036092798872164,0.0036092798831263,0.999993486525129,0.999993486525129,49.41370517852906,0.0,49.9758755487907,0.0,45.59506276804501,0.0,45.302360754903006,0.0,0.0,0.0,0.0,0.0,0.0,0.0
10.0,4.63633181659083,0.0036093199837933,0.0036093199796985,0.999993486380405,0.9999934863804052,49.4137051675569,0.0,49.97587526108626,0.0,45.59506276465923,0.0,45.30236069445605,0.0,0.0,0.0,0.0,0.0,0.0,0.0
10.0,4.636581829091451,0.0036093600820489,0.0036093600779495,0.999993486235674,0.999993486235674,49.41370515658397,0.0,49.9758749733662,0.0,45.59506276127329,0.0,45.30236063400588,0.0,0.0,0.0,0.0,0.0,0.0,0.0
10.0,4.63683184159208,0.0036094001819834,0.0036094001778792,0.999993486090935,0.999993486090935,49.41370514561026,0.0,49.975874685630544,0.0,45.59506275788719,0.0,45.30236057355248,0.0,0.0,0.0,0.0,0.0,0.0,0.0
10.0,4.6370818540927,0.0036094402835964,0.0036094402794876,0.999993485946188,0.9999934859461892,49.41370513463579,0.0,49.97587439787928,0.0,45.59506275450092,0.0,45.30236051309588,0.0,0.0,0.0,0.0,0.0,0.0,0.0
10.0,4.63733186659333,0.0036094803868881,0.0036094803827746,0.999993485801434,0.999993485801434,49.41370512366055,0.0,49.97587411011239,0.0,45.59506275111448,0.0,45.30236045263605,0.0,0.0,0.0,0.0,0.0,0.0,0.0
10.0,4.63758187909395,0.0036095204918584,0.0036095204877402,0.999993485656672,0.999993485656672,49.41370511268454,0.0,49.97587382232991,0.0,45.59506274772788,0.0,45.30236039217301,0.0,0.0,0.0,0.0,0.0,0.0,0.0
10.0,4.63783189159458,0.0036095605985071,0.0036095605943842,0.999993485511902,0.999993485511902,49.41370510170777,0.0,49.97587353453183,0.0,45.59506274434112,0.0,45.30236033170674,0.0,0.0,0.0,0.0,0.0,0.0,0.0
10.0,4.6380819040952,0.0036096007068343,0.0036096007027067,0.999993485367125,0.999993485367125,49.41370509073023,0.0,49.97587324671814,0.0,45.59506274095419,0.0,45.30236027123726,0.0,0.0,0.0,0.0,0.0,0.0,0.0
10.0,4.63833191659583,0.0036096408168398,0.0036096408127075,0.99999348522234,0.99999348522234,49.41370507975192,0.0,49.97587295888884,0.0,45.59506273756711,0.0,45.30236021076456,0.0,0.0,0.0,0.0,0.0,0.0,0.0
10.0,4.63858192909645,0.0036096809285237,0.0036096809243866,0.999993485077547,0.999993485077547,49.41370506877285,0.0,49.97587267104396,0.0,45.595062734179855,0.0,45.30236015028864,0.0,0.0,0.0,0.0,0.0,0.0,0.0
10.0,4.63883194159708,0.0036097210418857,0.0036097210377439,0.9999934849327472,0.999993484932747,49.413705057793,0.0,49.97587238318347,0.0,45.59506273079244,0.0,45.30236008980951,0.0,0.0,0.0,0.0,0.0,0.0,0.0
10.0,4.6390819540977,0.003609761156926,0.0036097611527795,0.999993484787938,0.999993484787939,49.4137050468124,0.0,49.97587209530738,0.0,45.59506272740487,0.0,45.30236002932717,0.0,0.0,0.0,0.0,0.0,0.0,0.0
10.0,4.63933196659833,0.0036098012736444,0.0036098012694931,0.999993484643123,0.999993484643123,49.41370503583102,0.0,49.97587180741569,0.0,45.595062724017126,0.0,45.3023599688416,0.0,0.0,0.0,0.0,0.0,0.0,0.0
10.0,4.63958197909896,0.0036098413920408,0.0036098413878848,0.9999934844982988,0.9999934844983,49.41370502484888,0.0,49.975871519508416,0.0,45.59506272062923,0.0,45.302359908352805,0.0,0.0,0.0,0.0,0.0,0.0,0.0
10.0,4.639831991599579,0.0036098815121153,0.0036098815079544,0.999993484353468,0.999993484353468,49.41370501386597,0.0,49.97587123158554,0.0,45.59506271724116,0.0,45.30235984786081,0.0,0.0,0.0,0.0,0.0,0.0,0.0
10.0,4.6400820041002,0.0036099216338676,0.003609921629702,0.999993484208629,0.99999348420863,49.41370500288229,0.0,49.975870943647074,0.0,45.59506271385294,0.0,45.30235978736559,0.0,0.0,0.0,0.0,0.0,0.0,0.0
10.0,4.64033201660083,0.0036099617572978,0.0036099617531274,0.9999934840637832,0.999993484063783,49.413704991897845,0.0,49.975870655693015,0.0,45.59506271046455,0.0,45.30235972686715,0.0,0.0,0.0,0.0,0.0,0.0,0.0
10.0,4.64058202910145,0.0036100018824059,0.0036100018782307,0.9999934839189288,0.999993483918929,49.41370498091264,0.0,49.97587036772337,0.0,45.595062707076,0.0,45.3023596663655,0.0,0.0,0.0,0.0,0.0,0.0,0.0
10.0,4.64083204160208,0.0036100420091917,0.0036100420050116,0.999993483774067,0.999993483774067,49.413704969926656,0.0,49.97587007973813,0.0,45.5950627036873,0.0,45.30235960586062,0.0,0.0,0.0,0.0,0.0,0.0,0.0
10.0,4.64108205410271,0.0036100821376551,0.0036100821334703,0.999993483629198,0.999993483629198,49.41370495893991,0.0,49.975869791737296,0.0,45.59506270029841,0.0,45.30235954535253,0.0,0.0,0.0,0.0,0.0,0.0,0.0
10.0,4.64133206660333,0.0036101222677962,0.0036101222636065,0.999993483484321,0.999993483484321,49.41370494795239,0.0,49.97586950372089,0.0,45.59506269690938,0.0,45.30235948484122,0.0,0.0,0.0,0.0,0.0,0.0,0.0
10.0,4.64158207910396,0.0036101623996149,0.0036101623954203,0.999993483339436,0.999993483339436,49.41370493696412,0.0,49.97586921568889,0.0,45.59506269352018,0.0,45.302359424326696,0.0,0.0,0.0,0.0,0.0,0.0,0.0
10.0,4.64183209160458,0.003610202533111,0.0036102025289116,0.999993483194544,0.999993483194544,49.41370492597507,0.0,49.97586892764131,0.0,45.59506269013083,0.0,45.30235936380896,0.0,0.0,0.0,0.0,0.0,0.0,0.0
10.0,4.64208210410521,0.0036102426682846,0.0036102426640804,0.999993483049644,0.999993483049644,49.41370491498526,0.0,49.97586863957814,0.0,45.59506268674131,0.0,45.302359303288,0.0,0.0,0.0,0.0,0.0,0.0,0.0
10.0,4.64233211660583,0.0036102828051356,0.0036102828009265,0.999993482904736,0.999993482904736,49.41370490399467,0.0,49.97586835149939,0.0,45.59506268335164,0.0,45.30235924276381,0.0,0.0,0.0,0.0,0.0,0.0,0.0
10.0,4.64258212910646,0.0036103229436638,0.0036103229394498,0.99999348275982,0.999993482759821,49.41370489300333,0.0,49.975868063405066,0.0,45.59506267996179,0.0,45.302359182236415,0.0,0.0,0.0,0.0,0.0,0.0,0.0
10.0,4.64283214160708,0.0036103630838694,0.0036103630796505,0.999993482614897,0.999993482614897,49.4137048820112,0.0,49.97586777529517,0.0,45.595062676571786,0.0,45.3023591217058,0.0,0.0,0.0,0.0,0.0,0.0,0.0
10.0,4.6430821541077,0.0036104032257521,0.0036104032215283,0.999993482469966,0.999993482469967,49.41370487101832,0.0,49.97586748716967,0.0,45.595062673181616,0.0,45.30235906117198,0.0,0.0,0.0,0.0,0.0,0.0,0.0
10.0,4.64333216660833,0.0036104433693119,0.0036104433650832,0.999993482325028,0.999993482325028,49.41370486002467,0.0,49.975867199028606,0.0,45.5950626697913,0.0,45.30235900063492,0.0,0.0,0.0,0.0,0.0,0.0,0.0
10.0,4.64358217910896,0.0036104835145488,0.0036104835103152,0.999993482180082,0.999993482180082,49.41370484903026,0.0,49.97586691087197,0.0,45.595062666400814,0.0,45.302358940094656,0.0,0.0,0.0,0.0,0.0,0.0,0.0
10.0,4.64383219160958,0.0036105236614627,0.0036105236572242,0.999993482035128,0.999993482035128,49.41370483803508,0.0,49.97586662269975,0.0,45.59506266301017,0.0,45.30235887955117,0.0,0.0,0.0,0.0,0.0,0.0,0.0
10.0,4.64408220411021,0.0036105638100535,0.0036105638058101,0.999993481890167,0.9999934818901668,49.413704827039126,0.0,49.97586633451196,0.0,45.59506265961936,0.0,45.30235881900447,0.0,0.0,0.0,0.0,0.0,0.0,0.0
10.0,4.64433221661083,0.0036106039603212,0.0036106039560728,0.999993481745198,0.999993481745198,49.41370481604241,0.0,49.9758660463086,0.0,45.59506265622839,0.0,45.30235875845455,0.0,0.0,0.0,0.0,0.0,0.0,0.0
10.0,4.644582229111461,0.0036106441122658,0.0036106441080124,0.9999934816002212,0.999993481600221,49.41370480504492,0.0,49.97586575808967,0.0,45.59506265283726,0.0,45.30235869790142,0.0,0.0,0.0,0.0,0.0,0.0,0.0
10.0,4.64483224161208,0.003610684265887,0.0036106842616287,0.999993481455237,0.999993481455237,49.41370479404667,0.0,49.975865469855165,0.0,45.59506264944597,0.0,45.302358637345066,0.0,0.0,0.0,0.0,0.0,0.0,0.0
10.0,4.64508225411271,0.003610724421185,0.0036107244169217,0.999993481310244,0.999993481310244,49.41370478304765,0.0,49.97586518160509,0.0,45.59506264605452,0.0,45.30235857678549,0.0,0.0,0.0,0.0,0.0,0.0,0.0
10.0,4.64533226661333,0.0036107645781596,0.0036107645738913,0.9999934811652448,0.999993481165245,49.41370477204788,0.0,49.975864893339455,0.0,45.59506264266291,0.0,45.30235851622271,0.0,0.0,0.0,0.0,0.0,0.0,0.0
10.0,4.64558227911396,0.0036108047368108,0.0036108047325375,0.999993481020237,0.999993481020237,49.41370476104732,0.0,49.97586460505825,0.0,45.59506263927114,0.0,45.3023584556567,0.0,0.0,0.0,0.0,0.0,0.0,0.0
10.0,4.64583229161458,0.0036108448971384,0.0036108448928602,0.999993480875222,0.999993480875222,49.413704750046,0.0,49.97586431676148,0.0,45.595062635879216,0.0,45.30235839508748,0.0,0.0,0.0,0.0,0.0,0.0,0.0
10.0,4.64608230411521,0.0036108850591426,0.0036108850548593,0.999993480730199,0.9999934807301992,49.41370473904392,0.0,49.97586402844914,0.0,45.59506263248712,0.0,45.30235833451504,0.0,0.0,0.0,0.0,0.0,0.0,0.0
10.0,4.64633231661583,0.003610925222823,0.0036109252185348,0.999993480585169,0.999993480585169,49.41370472804106,0.0,49.97586374012125,0.0,45.59506262909488,0.0,45.30235827393938,0.0,0.0,0.0,0.0,0.0,0.0,0.0
10.0,4.64658232911646,0.0036109653881798,0.0036109653838865,0.99999348044013,0.9999934804401308,49.41370471703745,0.0,49.97586345177778,0.0,45.59506262570247,0.0,45.302358213360506,0.0,0.0,0.0,0.0,0.0,0.0,0.0
10.0,4.64683234161708,0.0036110055552129,0.0036110055509146,0.999993480295085,0.999993480295085,49.413704706033066,0.0,49.975863163418765,0.0,45.595062622309904,0.0,45.30235815277842,0.0,0.0,0.0,0.0,0.0,0.0,0.0
10.0,4.64708235411771,0.0036110457239222,0.0036110457196188,0.999993480150031,0.9999934801500312,49.41370469502791,0.0,49.975862875044186,0.0,45.595062618917176,0.0,45.3023580921931,0.0,0.0,0.0,0.0,0.0,0.0,0.0
10.0,4.64733236661833,0.0036110858943076,0.0036110858899991,0.99999348000497,0.99999348000497,49.413704684022,0.0,49.975862586654046,0.0,45.59506261552429,0.0,45.30235803160458,0.0,0.0,0.0,0.0,0.0,0.0,0.0
10.0,4.64758237911896,0.003611126066369,0.0036111260620555,0.999993479859901,0.999993479859901,49.41370467301531,0.0,49.97586229824835,0.0,45.59506261213124,0.0,45.30235797101284,0.0,0.0,0.0,0.0,0.0,0.0,0.0
10.0,4.64783239161958,0.0036111662401065,0.0036111662357879,0.999993479714825,0.999993479714825,49.41370466200786,0.0,49.9758620098271,0.0,45.59506260873804,0.0,45.30235791041788,0.0,0.0,0.0,0.0,0.0,0.0,0.0
10.0,4.64808240412021,0.0036112064155199,0.0036112064111962,0.9999934795697412,0.999993479569741,49.41370465099964,0.0,49.97586172139029,0.0,45.59506260534467,0.0,45.30235784981969,0.0,0.0,0.0,0.0,0.0,0.0,0.0
10.0,4.64833241662083,0.0036112465926092,0.0036112465882804,0.999993479424649,0.999993479424649,49.413704639990655,0.0,49.975861432937926,0.0,45.59506260195116,0.0,45.30235778921829,0.0,0.0,0.0,0.0,0.0,0.0,0.0
10.0,4.64858242912146,0.0036112867713744,0.0036112867670405,0.999993479279549,0.999993479279549,49.413704628980895,0.0,49.97586114447002,0.0,45.59506259855748,0.0,45.302357728613686,0.0,0.0,0.0,0.0,0.0,0.0,0.0
10.0,4.64883244162208,0.0036113269518152,0.0036113269474762,0.999993479134442,0.999993479134442,49.41370461797038,0.0,49.97586085598654,0.0,45.59506259516364,0.0,45.302357668005854,0.0,0.0,0.0,0.0,0.0,0.0,0.0
10.0,4.64908245412271,0.0036113671339318,0.0036113671295877,0.9999934789893268,0.999993478989327,49.41370460695909,0.0,49.97586056748752,0.0,45.59506259176963,0.0,45.3023576073948,0.0,0.0,0.0,0.0,0.0,0.0,0.0
10.0,4.64933246662333,0.003611407317724,0.0036114073133748,0.999993478844205,0.999993478844205,49.41370459594705,0.0,49.97586027897296,0.0,45.59506258837548,0.0,45.30235754678053,0.0,0.0,0.0,0.0,0.0,0.0,0.0
10.0,4.64958247912396,0.0036114475031918,0.0036114474988374,0.9999934786990748,0.999993478699075,49.41370458493423,0.0,49.97585999044285,0.0,45.59506258498117,0.0,45.302357486163054,0.0,0.0,0.0,0.0,0.0,0.0,0.0
10.0,4.64983249162458,0.0036114876903351,0.0036114876859756,0.999993478553937,0.999993478553937,49.41370457392064,0.0,49.97585970189719,0.0,45.595062581586696,0.0,45.30235742554235,0.0,0.0,0.0,0.0,0.0,0.0,0.0
10.0,4.650082504125211,0.0036115278791539,0.0036115278747891,0.9999934784087912,0.999993478408791,49.4137045629063,0.0,49.975859413335975,0.0,45.59506257819206,0.0,45.30235736491844,0.0,0.0,0.0,0.0,0.0,0.0,0.0
10.0,4.65033251662583,0.003611568069648,0.0036115680652781,0.999993478263638,0.999993478263638,49.41370455189118,0.0,49.975859124759225,0.0,45.59506257479728,0.0,45.3023573042913,0.0,0.0,0.0,0.0,0.0,0.0,0.0
10.0,4.65058252912646,0.0036116082618175,0.0036116082574424,0.999993478118477,0.999993478118478,49.413704540875294,0.0,49.97585883616693,0.0,45.59506257140233,0.0,45.30235724366095,0.0,0.0,0.0,0.0,0.0,0.0,0.0
10.0,4.65083254162708,0.0036116484556622,0.0036116484512819,0.999993477973309,0.999993477973309,49.41370452985865,0.0,49.975858547559085,0.0,45.59506256800723,0.0,45.30235718302738,0.0,0.0,0.0,0.0,0.0,0.0,0.0
10.0,4.65108255412771,0.0036116886511821,0.0036116886467966,0.999993477828133,0.999993477828133,49.41370451884123,0.0,49.97585825893571,0.0,45.59506256461196,0.0,45.3023571223906,0.0,0.0,0.0,0.0,0.0,0.0,0.0
10.0,4.65133256662833,0.0036117288483772,0.0036117288439865,0.9999934776829488,0.999993477682949,49.41370450782305,0.0,49.97585797029679,0.0,45.59506256121655,0.0,45.30235706175059,0.0,0.0,0.0,0.0,0.0,0.0,0.0
10.0,4.65158257912896,0.0036117690472473,0.0036117690428514,0.999993477537757,0.999993477537757,49.413704496804094,0.0,49.97585768164232,0.0,45.59506255782097,0.0,45.30235700110737,0.0,0.0,0.0,0.0,0.0,0.0,0.0
10.0,4.65183259162958,0.0036118092477925,0.0036118092433913,0.999993477392558,0.999993477392558,49.41370448578439,0.0,49.97585739297233,0.0,45.59506255442523,0.0,45.30235694046093,0.0,0.0,0.0,0.0,0.0,0.0,0.0
10.0,4.65208260413021,0.0036118494500126,0.0036118494456062,0.999993477247351,0.999993477247351,49.413704474763904,0.0,49.97585710428679,0.0,45.59506255102935,0.0,45.30235687981128,0.0,0.0,0.0,0.0,0.0,0.0,0.0
10.0,4.652332616630831,0.0036118896539076,0.003611889649496,0.999993477102137,0.999993477102137,49.413704463742654,0.0,49.97585681558572,0.0,45.5950625476333,0.0,45.302356819158405,0.0,0.0,0.0,0.0,0.0,0.0,0.0
10.0,4.65258262913146,0.0036119298594774,0.0036119298550605,0.9999934769569152,0.9999934769569152,49.41370445272064,0.0,49.97585652686911,0.0,45.5950625442371,0.0,45.30235675850231,0.0,0.0,0.0,0.0,0.0,0.0,0.0
10.0,4.65283264163208,0.003611970066722,0.0036119700622999,0.999993476811685,0.999993476811685,49.41370444169786,0.0,49.97585623813697,0.0,45.59506254084074,0.0,45.30235669784301,0.0,0.0,0.0,0.0,0.0,0.0,0.0
10.0,4.65308265413271,0.0036120102756413,0.0036120102712139,0.999993476666447,0.999993476666447,49.41370443067432,0.0,49.9758559493893,0.0,45.59506253744423,0.0,45.30235663718049,0.0,0.0,0.0,0.0,0.0,0.0,0.0
10.0,4.65333266663333,0.0036120504862353,0.0036120504818025,0.999993476521202,0.999993476521202,49.41370441965,0.0,49.97585566062609,0.0,45.59506253404755,0.0,45.30235657651474,0.0,0.0,0.0,0.0,0.0,0.0,0.0
10.0,4.65358267913396,0.0036120906985038,0.0036120906940658,0.999993476375949,0.999993476375949,49.41370440862492,0.0,49.97585537184736,0.0,45.59506253065073,0.0,45.30235651584579,0.0,0.0,0.0,0.0,0.0,0.0,0.0
10.0,4.65383269163458,0.0036121309124468,0.0036121309080035,0.999993476230689,0.999993476230689,49.41370439759908,0.0,49.97585508305309,0.0,45.59506252725374,0.0,45.30235645517361,0.0,0.0,0.0,0.0,0.0,0.0,0.0
10.0,4.65408270413521,0.0036121711280643,0.0036121711236157,0.99999347608542,0.999993476085421,49.41370438657246,0.0,49.97585479424329,0.0,45.5950625238566,0.0,45.30235639449821,0.0,0.0,0.0,0.0,0.0,0.0,0.0
10.0,4.65433271663583,0.0036122113453562,0.0036122113409022,0.999993475940145,0.999993475940145,49.41370437554508,0.0,49.97585450541797,0.0,45.5950625204593,0.0,45.3023563338196,0.0,0.0,0.0,0.0,0.0,0.0,0.0
10.0,4.65458272913646,0.0036122515643225,0.0036122515598631,0.999993475794861,0.999993475794861,49.41370436451694,0.0,49.97585421657712,0.0,45.59506251706185,0.0,45.302356273137775,0.0,0.0,0.0,0.0,0.0,0.0,0.0
10.0,4.65483274163708,0.0036122917849629,0.0036122917804983,0.99999347564957,0.99999347564957,49.41370435348803,0.0,49.97585392772074,0.0,45.59506251366424,0.0,45.302356212452736,0.0,0.0,0.0,0.0,0.0,0.0,0.0
10.0,4.65508275413771,0.0036123320072776,0.0036123320028076,0.999993475504271,0.999993475504271,49.41370434245836,0.0,49.97585363884885,0.0,45.59506251026648,0.0,45.30235615176448,0.0,0.0,0.0,0.0,0.0,0.0,0.0
10.0,4.65533276663833,0.0036123722312665,0.0036123722267911,0.999993475358965,0.999993475358965,49.41370433142791,0.0,49.97585334996142,0.0,45.59506250686856,0.0,45.302356091072994,0.0,0.0,0.0,0.0,0.0,0.0,0.0
10.0,4.65558277913896,0.0036124124569294,0.0036124124524487,0.99999347521365,0.99999347521365,49.413704320396704,0.0,49.97585306105849,0.0,45.59506250347049,0.0,45.3023560303783,0.0,0.0,0.0,0.0,0.0,0.0,0.0
10.0,4.65583279163958,0.0036124526842664,0.0036124526797802,0.999993475068328,0.999993475068328,49.413704309364725,0.0,49.97585277214002,0.0,45.59506250007226,0.0,45.30235596968038,0.0,0.0,0.0,0.0,0.0,0.0,0.0
10.0,4.65608280414021,0.0036124929132773,0.0036124929087857,0.9999934749229992,0.999993474922999,49.41370429833199,0.0,49.975852483206026,0.0,45.59506249667387,0.0,45.30235590897925,0.0,0.0,0.0,0.0,0.0,0.0,0.0
10.0,4.65633281664083,0.0036125331439621,0.0036125331394651,0.999993474777662,0.999993474777662,49.41370428729848,0.0,49.975852194256525,0.0,45.595062493275336,0.0,45.30235584827491,0.0,0.0,0.0,0.0,0.0,0.0,0.0
10.0,4.65658282914146,0.0036125733763208,0.0036125733718184,0.999993474632317,0.999993474632317,49.413704276264205,0.0,49.97585190529151,0.0,45.595062489876646,0.0,45.30235578756734,0.0,0.0,0.0,0.0,0.0,0.0,0.0
10.0,4.65683284164208,0.0036126136103532,0.0036126136058454,0.999993474486964,0.999993474486965,49.41370426522917,0.0,49.97585161631097,0.0,45.5950624864778,0.0,45.30235572685656,0.0,0.0,0.0,0.0,0.0,0.0,0.0
10.0,4.65708285414271,0.0036126538460593,0.0036126538415461,0.999993474341604,0.999993474341604,49.41370425419338,0.0,49.97585132731491,0.0,45.5950624830788,0.0,45.30235566614257,0.0,0.0,0.0,0.0,0.0,0.0,0.0
10.0,4.65733286664333,0.0036126940834391,0.0036126940789204,0.999993474196236,0.999993474196236,49.4137042431568,0.0,49.97585103830334,0.0,45.59506247967964,0.0,45.30235560542536,0.0,0.0,0.0,0.0,0.0,0.0,0.0
10.0,4.65758287914396,0.0036127343224925,0.0036127343179683,0.999993474050861,0.999993474050861,49.41370423211946,0.0,49.97585074927627,0.0,45.595062476280326,0.0,45.30235554470492,0.0,0.0,0.0,0.0,0.0,0.0,0.0
10.0,4.657832891644581,0.0036127745632194,0.0036127745586897,0.999993473905478,0.999993473905478,49.41370422108136,0.0,49.97585046023367,0.0,45.59506247288087,0.0,45.30235548398127,0.0,0.0,0.0,0.0,0.0,0.0,0.0
10.0,4.65808290414521,0.0036128148056197,0.0036128148010846,0.999993473760087,0.999993473760087,49.41370421004249,0.0,49.975850171175566,0.0,45.595062469481256,0.0,45.3023554232544,0.0,0.0,0.0,0.0,0.0,0.0,0.0
10.0,4.65833291664583,0.0036128550496935,0.0036128550451529,0.999993473614688,0.999993473614688,49.41370419900286,0.0,49.97584988210194,0.0,45.59506246608148,0.0,45.30235536252432,0.0,0.0,0.0,0.0,0.0,0.0,0.0
10.0,4.65858292914646,0.0036128952954406,0.0036128952908945,0.999993473469282,0.999993473469282,49.41370418796246,0.0,49.97584959301282,0.0,45.59506246268156,0.0,45.30235530179102,0.0,0.0,0.0,0.0,0.0,0.0,0.0
10.0,4.65883294164708,0.003612935542861,0.0036129355383094,0.999993473323868,0.999993473323868,49.4137041769213,0.0,49.97584930390818,0.0,45.59506245928148,0.0,45.30235524105451,0.0,0.0,0.0,0.0,0.0,0.0,0.0
10.0,4.65908295414771,0.0036129757919546,0.0036129757873974,0.999993473178446,0.999993473178446,49.413704165879366,0.0,49.97584901478803,0.0,45.595062455881255,0.0,45.30235518031477,0.0,0.0,0.0,0.0,0.0,0.0,0.0
10.0,4.65933296664833,0.0036130160427213,0.0036130160381586,0.999993473033017,0.9999934730330172,49.413704154836665,0.0,49.975848725652384,0.0,45.59506245248087,0.0,45.30235511957181,0.0,0.0,0.0,0.0,0.0,0.0,0.0
10.0,4.65958297914896,0.0036130562951611,0.0036130562905929,0.99999347288758,0.99999347288758,49.41370414379321,0.0,49.97584843650123,0.0,45.59506244908033,0.0,45.30235505882565,0.0,0.0,0.0,0.0,0.0,0.0,0.0
10.0,4.65983299164958,0.003613096549274,0.0036130965447003,0.999993472742136,0.999993472742136,49.413704132748975,0.0,49.97584814733457,0.0,45.595062445679645,0.0,45.30235499807626,0.0,0.0,0.0,0.0,0.0,0.0,0.0
10.0,4.66008300415021,0.0036131368050598,0.0036131368004805,0.999993472596683,0.999993472596684,49.41370412170398,0.0,49.97584785815241,0.0,45.5950624422788,0.0,45.302354937323656,0.0,0.0,0.0,0.0,0.0,0.0,0.0
10.0,4.66033301665083,0.0036131770625186,0.0036131770579337,0.999993472451223,0.999993472451224,49.41370411065822,0.0,49.97584756895475,0.0,45.59506243887782,0.0,45.30235487656784,0.0,0.0,0.0,0.0,0.0,0.0,0.0
10.0,4.66058302915146,0.0036132173216502,0.0036132173170597,0.999993472305756,0.999993472305756,49.4137040996117,0.0,49.97584727974157,0.0,45.59506243547667,0.0,45.302354815808805,0.0,0.0,0.0,0.0,0.0,0.0,0.0
10.0,4.66083304165208,0.0036132575824545,0.0036132575778585,0.9999934721602808,0.999993472160281,49.41370408856441,0.0,49.9758469905129,0.0,45.59506243207537,0.0,45.30235475504655,0.0,0.0,0.0,0.0,0.0,0.0,0.0
10.0,4.66108305415271,0.0036132978449316,0.00361329784033,0.999993472014798,0.999993472014798,49.41370407751635,0.0,49.975846701268736,0.0,45.59506242867392,0.0,45.302354694281085,0.0,0.0,0.0,0.0,0.0,0.0,0.0
10.0,4.66133306665333,0.0036133381090813,0.0036133381044741,0.999993471869307,0.9999934718693072,49.41370406646753,0.0,49.97584641200908,0.0,45.59506242527232,0.0,45.3023546335124,0.0,0.0,0.0,0.0,0.0,0.0,0.0
10.0,4.66158307915396,0.0036133783749037,0.0036133783702908,0.999993471723809,0.999993471723809,49.41370405541793,0.0,49.97584612273391,0.0,45.595062421870566,0.0,45.30235457274049,0.0,0.0,0.0,0.0,0.0,0.0,0.0
10.0,4.66183309165458,0.0036134186423985,0.00361341863778,0.999993471578303,0.999993471578303,49.413704044367584,0.0,49.97584583344325,0.0,45.595062418468665,0.0,45.30235451196536,0.0,0.0,0.0,0.0,0.0,0.0,0.0
10.0,4.66208310415521,0.0036134589115659,0.0036134589069417,0.9999934714327902,0.99999347143279,49.41370403331647,0.0,49.97584554413709,0.0,45.59506241506661,0.0,45.30235445118703,0.0,0.0,0.0,0.0,0.0,0.0,0.0
10.0,4.66233311665583,0.0036134991824056,0.0036134991777758,0.9999934712872692,0.999993471287269,49.41370402226458,0.0,49.97584525481544,0.0,45.5950624116644,0.0,45.30235439040547,0.0,0.0,0.0,0.0,0.0,0.0,0.0
10.0,4.66258312915646,0.0036135394549177,0.0036135394502822,0.999993471141739,0.99999347114174,49.413704011211934,0.0,49.9758449654783,0.0,45.595062408262045,0.0,45.3023543296207,0.0,0.0,0.0,0.0,0.0,0.0,0.0
10.0,4.66283314165708,0.0036135797291021,0.0036135797244609,0.999993470996203,0.9999934709962032,49.41370400015852,0.0,49.97584467612567,0.0,45.59506240485954,0.0,45.30235426883272,0.0,0.0,0.0,0.0,0.0,0.0,0.0
10.0,4.66308315415771,0.0036136200049587,0.0036136200003118,0.9999934708506588,0.999993470850659,49.413703989104334,0.0,49.97584438675754,0.0,45.59506240145688,0.0,45.30235420804151,0.0,0.0,0.0,0.0,0.0,0.0,0.0
10.0,4.6633331666583295,0.0036136602824874,0.0036136602778349,0.999993470705107,0.999993470705107,49.41370397804939,0.0,49.97584409737392,0.0,45.59506239805407,0.0,45.30235414724709,0.0,0.0,0.0,0.0,0.0,0.0,0.0
10.0,4.66358317915896,0.0036137005616883,0.00361370055703,0.9999934705595468,0.999993470559547,49.41370396699368,0.0,49.97584380797482,0.0,45.59506239465112,0.0,45.30235408644944,0.0,0.0,0.0,0.0,0.0,0.0,0.0
10.0,4.66383319165958,0.0036137408425612,0.0036137408378972,0.99999347041398,0.99999347041398,49.4137039559372,0.0,49.97584351856022,0.0,45.595062391248,0.0,45.30235402564859,0.0,0.0,0.0,0.0,0.0,0.0,0.0
10.0,4.66408320416021,0.003613781125106,0.0036137811204363,0.999993470268405,0.9999934702684048,49.41370394487996,0.0,49.97584322913014,0.0,45.59506238784474,0.0,45.302353964844514,0.0,0.0,0.0,0.0,0.0,0.0,0.0
10.0,4.66433321666083,0.0036138214093228,0.0036138214046474,0.999993470122822,0.999993470122823,49.41370393382194,0.0,49.975842939684576,0.0,45.59506238444133,0.0,45.30235390403723,0.0,0.0,0.0,0.0,0.0,0.0,0.0
10.0,4.66458322916146,0.0036138616952114,0.0036138616905303,0.999993469977232,0.999993469977232,49.413703922763176,0.0,49.97584265022352,0.0,45.59506238103778,0.0,45.30235384322672,0.0,0.0,0.0,0.0,0.0,0.0,0.0
10.0,4.66483324166208,0.0036139019827718,0.0036139019780849,0.999993469831634,0.999993469831634,49.41370391170364,0.0,49.97584236074697,0.0,45.59506237763407,0.0,45.30235378241299,0.0,0.0,0.0,0.0,0.0,0.0,0.0
10.0,4.66508325416271,0.003613942272004,0.0036139422673113,0.999993469686029,0.9999934696860292,49.41370390064333,0.0,49.97584207125495,0.0,45.59506237423022,0.0,45.302353721596056,0.0,0.0,0.0,0.0,0.0,0.0,0.0
10.0,4.66533326666333,0.0036139825629078,0.0036139825582093,0.999993469540415,0.999993469540416,49.41370388958226,0.0,49.97584178174744,0.0,45.59506237082621,0.0,45.3023536607759,0.0,0.0,0.0,0.0,0.0,0.0,0.0
10.0,4.66558327916396,0.0036140228554832,0.0036140228507789,0.9999934693947948,0.999993469394795,49.41370387852043,0.0,49.97584149222446,0.0,45.59506236742206,0.0,45.302353599952525,0.0,0.0,0.0,0.0,0.0,0.0,0.0
10.0,4.66583329166458,0.0036140631497301,0.0036140631450201,0.999993469249166,0.999993469249166,49.41370386745783,0.0,49.97584120268599,0.0,45.59506236401776,0.0,45.30235353912594,0.0,0.0,0.0,0.0,0.0,0.0,0.0
10.0,4.66608330416521,0.0036141034456485,0.0036141034409327,0.99999346910353,0.99999346910353,49.41370385639446,0.0,49.97584091313204,0.0,45.595062360613305,0.0,45.302353478296126,0.0,0.0,0.0,0.0,0.0,0.0,0.0
10.0,4.66633331666583,0.0036141437432384,0.0036141437385167,0.999993468957886,0.999993468957886,49.41370384533034,0.0,49.97584062356262,0.0,45.595062357208704,0.0,45.3023534174631,0.0,0.0,0.0,0.0,0.0,0.0,0.0
10.0,4.6665833291664605,0.0036141840424996,0.0036141840377721,0.999993468812234,0.999993468812235,49.41370383426544,0.0,49.97584033397772,0.0,45.595062353803954,0.0,45.30235335662686,0.0,0.0,0.0,0.0,0.0,0.0,0.0
10.0,4.66683334166708,0.0036142243434321,0.0036142243386987,0.999993468666575,0.999993468666575,49.413703823199775,0.0,49.97584004437733,0.0,45.59506235039906,0.0,45.3023532957874,0.0,0.0,0.0,0.0,0.0,0.0,0.0
10.0,4.66708335416771,0.0036142646460358,0.0036142646412966,0.999993468520908,0.999993468520908,49.41370381213336,0.0,49.975839754761466,0.0,45.59506234699402,0.0,45.30235323494473,0.0,0.0,0.0,0.0,0.0,0.0,0.0
10.0,4.66733336666833,0.0036143049503106,0.0036143049455656,0.999993468375234,0.999993468375234,49.41370380106616,0.0,49.97583946513014,0.0,45.59506234358884,0.0,45.30235317409884,0.0,0.0,0.0,0.0,0.0,0.0,0.0
10.0,4.66758337916896,0.0036143452562566,0.0036143452515057,0.999993468229551,0.999993468229551,49.41370378999821,0.0,49.97583917548334,0.0,45.59506234018349,0.0,45.30235311324973,0.0,0.0,0.0,0.0,0.0,0.0,0.0
10.0,4.66783339166958,0.0036143855638737,0.0036143855591168,0.9999934680838608,0.999993468083862,49.41370377892949,0.0,49.975838885821055,0.0,45.59506233677801,0.0,45.30235305239741,0.0,0.0,0.0,0.0,0.0,0.0,0.0
10.0,4.668083404170211,0.0036144258731617,0.0036144258683989,0.999993467938164,0.999993467938164,49.41370376785999,0.0,49.975838596143305,0.0,45.595062333372375,0.0,45.30235299154186,0.0,0.0,0.0,0.0,0.0,0.0,0.0
10.0,4.66833341667083,0.0036144661841206,0.003614466179352,0.999993467792459,0.9999934677924588,49.41370375678975,0.0,49.97583830645008,0.0,45.5950623299666,0.0,45.3023529306831,0.0,0.0,0.0,0.0,0.0,0.0,0.0
10.0,4.66858342917146,0.0036145064967504,0.0036145064919758,0.999993467646746,0.999993467646746,49.41370374571873,0.0,49.975838016741385,0.0,45.59506232656068,0.0,45.30235286982113,0.0,0.0,0.0,0.0,0.0,0.0,0.0
10.0,4.6688334416720805,0.0036145468110509,0.0036145468062705,0.999993467501025,0.999993467501025,49.41370373464695,0.0,49.97583772701722,0.0,45.5950623231546,0.0,45.30235280895594,0.0,0.0,0.0,0.0,0.0,0.0,0.0
10.0,4.66908345417271,0.0036145871270223,0.0036145871222358,0.999993467355297,0.9999934673552971,49.41370372357441,0.0,49.97583743727759,0.0,45.59506231974838,0.0,45.30235274808753,0.0,0.0,0.0,0.0,0.0,0.0,0.0
10.0,4.66933346667333,0.0036146274446642,0.0036146274398719,0.9999934672095612,0.999993467209561,49.413703712501096,0.0,49.9758371475225,0.0,45.595062316342016,0.0,45.3023526872159,0.0,0.0,0.0,0.0,0.0,0.0,0.0
10.0,4.66958347917396,0.0036146677639768,0.0036146677591785,0.999993467063817,0.999993467063818,49.41370370142702,0.0,49.97583685775193,0.0,45.59506231293551,0.0,45.30235262634106,0.0,0.0,0.0,0.0,0.0,0.0,0.0
10.0,4.66983349167458,0.00361470808496,0.0036147080801557,0.999993466918066,0.999993466918066,49.41370369035217,0.0,49.97583656796591,0.0,45.595062309528856,0.0,45.302352565463,0.0,0.0,0.0,0.0,0.0,0.0,0.0
10.0,4.67008350417521,0.0036147484076136,0.0036147484028033,0.999993466772307,0.9999934667723072,49.41370367927658,0.0,49.97583627816441,0.0,45.59506230612205,0.0,45.30235250458172,0.0,0.0,0.0,0.0,0.0,0.0,0.0
10.0,4.67033351667583,0.0036147887319376,0.0036147887271214,0.99999346662654,0.9999934666265412,49.413703668200206,0.0,49.97583598834744,0.0,45.59506230271512,0.0,45.30235244369723,0.0,0.0,0.0,0.0,0.0,0.0,0.0
10.0,4.67058352917646,0.003614829057932,0.0036148290531098,0.999993466480766,0.999993466480766,49.413703657123065,0.0,49.97583569851503,0.0,45.59506229930802,0.0,45.30235238280952,0.0,0.0,0.0,0.0,0.0,0.0,0.0
10.0,4.67083354167708,0.0036148693855967,0.0036148693807685,0.999993466334984,0.999993466334984,49.41370364604518,0.0,49.975835408667145,0.0,45.59506229590078,0.0,45.302352321918605,0.0,0.0,0.0,0.0,0.0,0.0,0.0
10.0,4.67108355417771,0.0036149097149317,0.0036149097100974,0.999993466189195,0.9999934661891952,49.4137036349665,0.0,49.9758351188038,0.0,45.5950622924934,0.0,45.30235226102446,0.0,0.0,0.0,0.0,0.0,0.0,0.0
10.0,4.67133356667833,0.0036149500459368,0.0036149500410965,0.999993466043397,0.999993466043398,49.41370362388708,0.0,49.975834828925,0.0,45.59506228908588,0.0,45.302352200127096,0.0,0.0,0.0,0.0,0.0,0.0,0.0
10.0,4.67158357917896,0.003614990378612,0.0036149903737656,0.9999934658975932,0.999993465897593,49.41370361280688,0.0,49.975834539030735,0.0,45.59506228567821,0.0,45.30235213922653,0.0,0.0,0.0,0.0,0.0,0.0,0.0
10.0,4.67183359167958,0.0036150307129573,0.0036150307081049,0.99999346575178,0.9999934657517802,49.41370360172592,0.0,49.97583424912101,0.0,45.5950622822704,0.0,45.302352078322734,0.0,0.0,0.0,0.0,0.0,0.0,0.0
10.0,4.672083604180209,0.0036150710489726,0.0036150710441141,0.99999346560596,0.99999346560596,49.4137035906442,0.0,49.97583395919583,0.0,45.59506227886245,0.0,45.30235201741573,0.0,0.0,0.0,0.0,0.0,0.0,0.0
10.0,4.67233361668083,0.0036151113866577,0.0036151113817932,0.999993465460132,0.999993465460132,49.413703579561705,0.0,49.9758336692552,0.0,45.595062275454346,0.0,45.3023519565055,0.0,0.0,0.0,0.0,0.0,0.0,0.0
10.0,4.67258362918146,0.0036151517260128,0.0036151517211421,0.999993465314296,0.999993465314296,49.41370356847846,0.0,49.975833379299104,0.0,45.595062272046114,0.0,45.30235189559206,0.0,0.0,0.0,0.0,0.0,0.0,0.0
10.0,4.67283364168208,0.0036151920670377,0.0036151920621609,0.999993465168453,0.999993465168453,49.41370355739444,0.0,49.97583308932756,0.0,45.59506226863772,0.0,45.302351834675406,0.0,0.0,0.0,0.0,0.0,0.0,0.0
10.0,4.67308365418271,0.0036152324097323,0.0036152324048494,0.999993465022602,0.999993465022602,49.413703546309655,0.0,49.975832799340566,0.0,45.5950622652292,0.0,45.302351773755525,0.0,0.0,0.0,0.0,0.0,0.0,0.0
10.0,4.67333366668333,0.0036152727540965,0.0036152727492075,0.9999934648767432,0.999993464876744,49.41370353522412,0.0,49.97583250933811,0.0,45.59506226182053,0.0,45.30235171283243,0.0,0.0,0.0,0.0,0.0,0.0,0.0
10.0,4.67358367918396,0.0036153131001304,0.0036153130952353,0.999993464730877,0.999993464730877,49.4137035241378,0.0,49.9758322193202,0.0,45.59506225841171,0.0,45.30235165190613,0.0,0.0,0.0,0.0,0.0,0.0,0.0
10.0,4.67383369168458,0.0036153534478339,0.0036153534429326,0.9999934645850028,0.999993464585003,49.41370351305073,0.0,49.975831929286855,0.0,45.59506225500275,0.0,45.302351590976606,0.0,0.0,0.0,0.0,0.0,0.0,0.0
10.0,4.67408370418521,0.0036153937972068,0.0036153937922994,0.999993464439122,0.999993464439122,49.413703501962885,0.0,49.97583163923805,0.0,45.59506225159366,0.0,45.30235153004386,0.0,0.0,0.0,0.0,0.0,0.0,0.0
10.0,4.674333716685831,0.0036154341482492,0.0036154341433356,0.999993464293232,0.999993464293232,49.41370349087428,0.0,49.97583134917379,0.0,45.59506224818442,0.0,45.3023514691079,0.0,0.0,0.0,0.0,0.0,0.0,0.0
10.0,4.67458372918646,0.0036154745009609,0.0036154744960411,0.9999934641473348,0.999993464147335,49.41370347978491,0.0,49.97583105909409,0.0,45.59506224477504,0.0,45.302351408168725,0.0,0.0,0.0,0.0,0.0,0.0,0.0
10.0,4.67483374168708,0.0036155148553419,0.003615514850416,0.999993464001431,0.9999934640014309,49.41370346869478,0.0,49.97583076899893,0.0,45.595062241365525,0.0,45.30235134722634,0.0,0.0,0.0,0.0,0.0,0.0,0.0
10.0,4.67508375418771,0.0036155552113922,0.0036155552064601,0.999993463855518,0.999993463855518,49.41370345760389,0.0,49.97583047888835,0.0,45.59506223795586,0.0,45.302351286280725,0.0,0.0,0.0,0.0,0.0,0.0,0.0
10.0,4.67533376668833,0.0036155955691117,0.0036155955641733,0.999993463709598,0.999993463709599,49.413703446512216,0.0,49.9758301887623,0.0,45.595062234546056,0.0,45.30235122533191,0.0,0.0,0.0,0.0,0.0,0.0,0.0
10.0,4.67558377918896,0.0036156359285003,0.0036156359235557,0.999993463563671,0.999993463563671,49.41370343541979,0.0,49.975829898620816,0.0,45.59506223113611,0.0,45.30235116437986,0.0,0.0,0.0,0.0,0.0,0.0,0.0
10.0,4.67583379168958,0.0036156762895579,0.0036156762846071,0.999993463417736,0.999993463417736,49.4137034243266,0.0,49.97582960846389,0.0,45.59506222772603,0.0,45.302351103424606,0.0,0.0,0.0,0.0,0.0,0.0,0.0
10.0,4.67608380419021,0.0036157166522846,0.0036157166473275,0.999993463271793,0.999993463271793,49.413703413232646,0.0,49.97582931829151,0.0,45.59506222431581,0.0,45.302351042466135,0.0,0.0,0.0,0.0,0.0,0.0,0.0
10.0,4.67633381669083,0.0036157570166801,0.0036157570117168,0.999993463125842,0.999993463125842,49.413703402137926,0.0,49.975829028103696,0.0,45.59506222090545,0.0,45.302350981504446,0.0,0.0,0.0,0.0,0.0,0.0,0.0
10.0,4.67658382919146,0.0036157973827446,0.003615797377775,0.999993462979884,0.999993462979884,49.413703391042446,0.0,49.97582873790044,0.0,45.59506221749494,0.0,45.30235092053954,0.0,0.0,0.0,0.0,0.0,0.0,0.0
10.0,4.67683384169208,0.0036158377504778,0.003615837745502,0.999993462833918,0.999993462833918,49.41370337994619,0.0,49.975828447681735,0.0,45.5950622140843,0.0,45.30235085957142,0.0,0.0,0.0,0.0,0.0,0.0,0.0
10.0,4.67708385419271,0.0036158781198798,0.0036158781148977,0.999993462687944,0.999993462687944,49.413703368849184,0.0,49.9758281574476,0.0,45.595062210673525,0.0,45.30235079860008,0.0,0.0,0.0,0.0,0.0,0.0,0.0
10.0,4.67733386669333,0.0036159184909505,0.0036159184859621,0.999993462541963,0.999993462541963,49.4137033577514,0.0,49.97582786719803,0.0,45.59506220726261,0.0,45.30235073762552,0.0,0.0,0.0,0.0,0.0,0.0,0.0
10.0,4.677583879193959,0.0036159588636898,0.0036159588586951,0.999993462395974,0.999993462395974,49.41370334665287,0.0,49.97582757693302,0.0,45.59506220385155,0.0,45.30235067664775,0.0,0.0,0.0,0.0,0.0,0.0,0.0
10.0,4.67783389169458,0.0036159992380977,0.0036159992330966,0.999993462249978,0.999993462249978,49.41370333555356,0.0,49.97582728665256,0.0,45.595062200440346,0.0,45.30235061566676,0.0,0.0,0.0,0.0,0.0,0.0,0.0
10.0,4.67808390419521,0.003616039614174,0.0036160396091666,0.999993462103973,0.999993462103973,49.41370332445349,0.0,49.97582699635668,0.0,45.595062197029016,0.0,45.30235055468256,0.0,0.0,0.0,0.0,0.0,0.0,0.0
10.0,4.67833391669584,0.0036160799919188,0.0036160799869051,0.999993461957962,0.999993461957961,49.413703313352656,0.0,49.97582670604535,0.0,45.59506219361754,0.0,45.30235049369514,0.0,0.0,0.0,0.0,0.0,0.0,0.0
10.0,4.67858392919646,0.003616120371332,0.0036161203663119,0.9999934618119422,0.999993461811942,49.413703302251065,0.0,49.97582641571861,0.0,45.59506219020593,0.0,45.30235043270449,0.0,0.0,0.0,0.0,0.0,0.0,0.0
10.0,4.67883394169708,0.0036161607524135,0.0036161607473871,0.9999934616659149,0.999993461665915,49.41370329114871,0.0,49.97582612537641,0.0,45.59506218679418,0.0,45.302350371710645,0.0,0.0,0.0,0.0,0.0,0.0,0.0
10.0,4.67908395419771,0.0036162011351633,0.0036162011301304,0.999993461519879,0.99999346151988,49.41370328004558,0.0,49.97582583501879,0.0,45.5950621833823,0.0,45.30235031071357,0.0,0.0,0.0,0.0,0.0,0.0,0.0
10.0,4.67933396669833,0.0036162415195812,0.003616241514542,0.999993461373837,0.999993461373837,49.413703268941696,0.0,49.97582554464573,0.0,45.59506217997028,0.0,45.302350249713285,0.0,0.0,0.0,0.0,0.0,0.0,0.0
10.0,4.67958397919896,0.0036162819056672,0.0036162819006216,0.9999934612277868,0.9999934612277868,49.41370325783704,0.0,49.97582525425725,0.0,45.59506217655812,0.0,45.30235018870978,0.0,0.0,0.0,0.0,0.0,0.0,0.0
10.0,4.67983399169959,0.0036163222934214,0.0036163222883693,0.9999934610817288,0.999993461081729,49.413703246731615,0.0,49.97582496385334,0.0,45.59506217314584,0.0,45.302350127703065,0.0,0.0,0.0,0.0,0.0,0.0,0.0
10.0,4.68008400420021,0.0036163626828435,0.003616362677785,0.999993460935663,0.999993460935663,49.41370323562544,0.0,49.97582467343399,0.0,45.5950621697334,0.0,45.30235006669312,0.0,0.0,0.0,0.0,0.0,0.0,0.0
10.0,4.68033401670084,0.0036164030739336,0.0036164030688687,0.99999346078959,0.99999346078959,49.41370322451849,0.0,49.97582438299922,0.0,45.59506216632085,0.0,45.302350005679976,0.0,0.0,0.0,0.0,0.0,0.0,0.0
10.0,4.68058402920146,0.0036164434666915,0.0036164434616202,0.999993460643509,0.999993460643509,49.413703213410784,0.0,49.97582409254903,0.0,45.595062162908135,0.0,45.3023499446636,0.0,0.0,0.0,0.0,0.0,0.0,0.0
10.0,4.68083404170209,0.0036164838611173,0.0036164838560395,0.99999346049742,0.99999346049742,49.41370320230232,0.0,49.97582380208339,0.0,45.595062159495306,0.0,45.30234988364402,0.0,0.0,0.0,0.0,0.0,0.0,0.0
10.0,4.68108405420271,0.0036165242572108,0.0036165242521265,0.999993460351324,0.999993460351324,49.41370319119308,0.0,49.97582351160234,0.0,45.595062156082335,0.0,45.30234982262121,0.0,0.0,0.0,0.0,0.0,0.0,0.0
10.0,4.68133406670333,0.003616564654972,0.0036165646498813,0.99999346020522,0.99999346020522,49.41370318008308,0.0,49.97582322110587,0.0,45.59506215266923,0.0,45.3023497615952,0.0,0.0,0.0,0.0,0.0,0.0,0.0
10.0,4.68158407920396,0.0036166050544008,0.0036166050493036,0.999993460059108,0.999993460059109,49.41370316897231,0.0,49.97582293059397,0.0,45.595062149256,0.0,45.30234970056596,0.0,0.0,0.0,0.0,0.0,0.0,0.0
10.0,4.68183409170458,0.0036166454554972,0.0036166454503935,0.9999934599129888,0.9999934599129888,49.41370315786079,0.0,49.975822640066646,0.0,45.59506214584263,0.0,45.30234963953351,0.0,0.0,0.0,0.0,0.0,0.0,0.0
10.0,4.68208410420521,0.0036166858582612,0.0036166858531509,0.9999934597668622,0.999993459766862,49.413703146748496,0.0,49.975822349523895,0.0,45.59506214242912,0.0,45.30234957849785,0.0,0.0,0.0,0.0,0.0,0.0,0.0
10.0,4.6823341167058405,0.0036167262626925,0.0036167262575757,0.999993459620728,0.999993459620728,49.41370313563544,0.0,49.975822058965726,0.0,45.59506213901548,0.0,45.30234951745896,0.0,0.0,0.0,0.0,0.0,0.0,0.0
10.0,4.68258412920646,0.0036167666687913,0.0036167666636679,0.999993459474585,0.999993459474586,49.41370312452161,0.0,49.97582176839214,0.0,45.59506213560171,0.0,45.30234945641686,0.0,0.0,0.0,0.0,0.0,0.0,0.0
10.0,4.68283414170709,0.0036168070765573,0.0036168070714275,0.999993459328436,0.999993459328436,49.41370311340703,0.0,49.97582147780314,0.0,45.5950621321878,0.0,45.30234939537154,0.0,0.0,0.0,0.0,0.0,0.0,0.0
10.0,4.68308415420771,0.0036168474859906,0.0036168474808542,0.999993459182278,0.999993459182278,49.41370310229169,0.0,49.975821187198704,0.0,45.59506212877377,0.0,45.30234933432302,0.0,0.0,0.0,0.0,0.0,0.0,0.0
10.0,4.68333416670834,0.0036168878970912,0.0036168878919482,0.999993459036113,0.9999934590361133,49.41370309117557,0.0,49.97582089657885,0.0,45.5950621253596,0.0,45.30234927327126,0.0,0.0,0.0,0.0,0.0,0.0,0.0
10.0,4.68358417920896,0.0036169283098588,0.0036169283047092,0.99999345888994,0.99999345888994,49.41370308005871,0.0,49.97582060594359,0.0,45.5950621219453,0.0,45.3023492122163,0.0,0.0,0.0,0.0,0.0,0.0,0.0
10.0,4.68383419170959,0.0036169687242935,0.0036169687191374,0.9999934587437588,0.999993458743759,49.41370306894107,0.0,49.975820315292914,0.0,45.59506211853086,0.0,45.30234915115812,0.0,0.0,0.0,0.0,0.0,0.0,0.0
10.0,4.68408420421021,0.0036170091403952,0.0036170091352325,0.9999934585975708,0.999993458597571,49.41370305782267,0.0,49.97582002462681,0.0,45.59506211511631,0.0,45.30234909009672,0.0,0.0,0.0,0.0,0.0,0.0,0.0
10.0,4.68433421671084,0.0036170495581639,0.0036170495529945,0.9999934584513752,0.999993458451375,49.4137030467035,0.0,49.9758197339453,0.0,45.5950621117016,0.0,45.30234902903212,0.0,0.0,0.0,0.0,0.0,0.0,0.0
10.0,4.68458422921146,0.0036170899775995,0.0036170899724235,0.999993458305171,0.999993458305172,49.41370303558358,0.0,49.975819443248376,0.0,45.59506210828678,0.0,45.30234896796428,0.0,0.0,0.0,0.0,0.0,0.0,0.0
10.0,4.68483424171209,0.0036171303987019,0.0036171303935192,0.99999345815896,0.99999345815896,49.41370302446288,0.0,49.97581915253603,0.0,45.59506210487182,0.0,45.30234890689324,0.0,0.0,0.0,0.0,0.0,0.0,0.0
10.0,4.68508425421271,0.003617170821471,0.0036171708162817,0.999993458012741,0.9999934580127412,49.41370301334143,0.0,49.97581886180828,0.0,45.59506210145674,0.0,45.302348845818976,0.0,0.0,0.0,0.0,0.0,0.0,0.0
10.0,4.68533426671334,0.0036172112459069,0.0036172112407109,0.999993457866515,0.9999934578665148,49.41370300221921,0.0,49.97581857106512,0.0,45.59506209804152,0.0,45.30234878474149,0.0,0.0,0.0,0.0,0.0,0.0,0.0
10.0,4.68558427921396,0.0036172516720094,0.0036172516668067,0.99999345772028,0.99999345772028,49.41370299109623,0.0,49.97581828030654,0.0,45.59506209462618,0.0,45.3023487236608,0.0,0.0,0.0,0.0,0.0,0.0,0.0
10.0,4.68583429171459,0.0036172920997784,0.0036172920945691,0.999993457574038,0.999993457574038,49.41370297997249,0.0,49.97581798953256,0.0,45.59506209121071,0.0,45.30234866257688,0.0,0.0,0.0,0.0,0.0,0.0,0.0
10.0,4.68608430421521,0.003617332529214,0.003617332523998,0.9999934574277888,0.999993457427789,49.41370296884797,0.0,49.97581769874317,0.0,45.5950620877951,0.0,45.30234860148975,0.0,0.0,0.0,0.0,0.0,0.0,0.0
10.0,4.68633431671584,0.003617372960316,0.0036173729550933,0.999993457281532,0.999993457281532,49.41370295772272,0.0,49.97581740793837,0.0,45.59506208437938,0.0,45.30234854039941,0.0,0.0,0.0,0.0,0.0,0.0,0.0
10.0,4.68658432921646,0.0036174133930845,0.003617413387855,0.999993457135267,0.999993457135267,49.41370294659668,0.0,49.97581711711816,0.0,45.59506208096351,0.0,45.302348479305856,0.0,0.0,0.0,0.0,0.0,0.0,0.0
10.0,4.68683434171709,0.0036174538275192,0.003617453822283,0.999993456988994,0.999993456988994,49.413702935469885,0.0,49.97581682628253,0.0,45.59506207754752,0.0,45.30234841820908,0.0,0.0,0.0,0.0,0.0,0.0,0.0
10.0,4.68708435421771,0.0036174942636202,0.0036174942583773,0.999993456842714,0.999993456842714,49.41370292434231,0.0,49.97581653543152,0.0,45.59506207413141,0.0,45.30234835710909,0.0,0.0,0.0,0.0,0.0,0.0,0.0
10.0,4.68733436671834,0.0036175347013874,0.0036175346961377,0.999993456696426,0.999993456696426,49.413702913214,0.0,49.97581624456509,0.0,45.59506207071517,0.0,45.30234829600588,0.0,0.0,0.0,0.0,0.0,0.0,0.0
10.0,4.68758437921896,0.0036175751408208,0.0036175751355643,0.99999345655013,0.99999345655013,49.41370290208491,0.0,49.97581595368325,0.0,45.595062067298805,0.0,45.30234823489946,0.0,0.0,0.0,0.0,0.0,0.0,0.0
10.0,4.687834391719591,0.0036176155819202,0.003617615576657,0.999993456403827,0.9999934564038268,49.41370289095505,0.0,49.97581566278601,0.0,45.59506206388232,0.0,45.30234817378982,0.0,0.0,0.0,0.0,0.0,0.0,0.0
10.0,4.68808440422021,0.0036176560246857,0.0036176560194156,0.999993456257516,0.999993456257516,49.41370287982444,0.0,49.97581537187338,0.0,45.5950620604657,0.0,45.30234811267696,0.0,0.0,0.0,0.0,0.0,0.0,0.0
10.0,4.68833441672084,0.0036176964691171,0.0036176964638402,0.999993456111197,0.999993456111198,49.413702868693065,0.0,49.97581508094533,0.0,45.59506205704896,0.0,45.30234805156089,0.0,0.0,0.0,0.0,0.0,0.0,0.0
10.0,4.68858442922146,0.0036177369152144,0.0036177369099307,0.999993455964871,0.999993455964871,49.41370285756093,0.0,49.97581479000189,0.0,45.59506205363208,0.0,45.3023479904416,0.0,0.0,0.0,0.0,0.0,0.0,0.0
10.0,4.68883444172209,0.0036177773629775,0.003617777357687,0.999993455818537,0.999993455818537,49.41370284642802,0.0,49.97581449904305,0.0,45.59506205021509,0.0,45.30234792931909,0.0,0.0,0.0,0.0,0.0,0.0,0.0
10.0,4.68908445422271,0.0036178178124064,0.0036178178071091,0.999993455672196,0.999993455672196,49.41370283529435,0.0,49.975814208068805,0.0,45.59506204679797,0.0,45.30234786819337,0.0,0.0,0.0,0.0,0.0,0.0,0.0
10.0,4.68933446672334,0.003617858263501,0.0036178582581968,0.999993455525847,0.999993455525847,49.41370282415993,0.0,49.97581391707916,0.0,45.59506204338072,0.0,45.30234780706444,0.0,0.0,0.0,0.0,0.0,0.0,0.0
10.0,4.68958447922396,0.0036178987162613,0.0036178987109502,0.99999345537949,0.99999345537949,49.41370281302474,0.0,49.975813626074114,0.0,45.59506203996335,0.0,45.30234774593229,0.0,0.0,0.0,0.0,0.0,0.0,0.0
10.0,4.68983449172459,0.0036179391706871,0.0036179391653692,0.9999934552331252,0.999993455233125,49.41370280188878,0.0,49.97581333505368,0.0,45.59506203654587,0.0,45.30234768479691,0.0,0.0,0.0,0.0,0.0,0.0,0.0
10.0,4.690084504225211,0.0036179796267785,0.0036179796214537,0.999993455086753,0.999993455086753,49.41370279075206,0.0,49.97581304401784,0.0,45.59506203312825,0.0,45.30234762365832,0.0,0.0,0.0,0.0,0.0,0.0,0.0
10.0,4.69033451672584,0.0036180200845353,0.0036180200792036,0.999993454940373,0.999993454940373,49.4137027796146,0.0,49.97581275296661,0.0,45.59506202971052,0.0,45.30234756251653,0.0,0.0,0.0,0.0,0.0,0.0,0.0
10.0,4.69058452922646,0.0036180605439575,0.0036180605386189,0.999993454793985,0.999993454793985,49.41370276847634,0.0,49.975812461899984,0.0,45.59506202629265,0.0,45.30234750137151,0.0,0.0,0.0,0.0,0.0,0.0,0.0
10.0,4.69083454172709,0.003618101005045,0.0036181009996995,0.99999345464759,0.99999345464759,49.41370275733733,0.0,49.97581217081796,0.0,45.595062022874686,0.0,45.30234744022327,0.0,0.0,0.0,0.0,0.0,0.0,0.0
10.0,4.69108455422771,0.0036181414677979,0.0036181414624454,0.999993454501187,0.999993454501187,49.41370274619757,0.0,49.97581187972055,0.0,45.59506201945658,0.0,45.30234737907183,0.0,0.0,0.0,0.0,0.0,0.0,0.0
10.0,4.69133456672834,0.0036181819322159,0.0036181819268565,0.999993454354776,0.9999934543547768,49.41370273505704,0.0,49.97581158860774,0.0,45.59506201603835,0.0,45.30234731791716,0.0,0.0,0.0,0.0,0.0,0.0,0.0
10.0,4.69158457922896,0.0036182223982991,0.0036182223929327,0.999993454208358,0.999993454208358,49.41370272391574,0.0,49.97581129747954,0.0,45.595062012620005,0.0,45.30234725675928,0.0,0.0,0.0,0.0,0.0,0.0,0.0
10.0,4.69183459172959,0.0036182628660473,0.003618262860674,0.999993454061932,0.999993454061932,49.41370271277369,0.0,49.975811006335945,0.0,45.59506200920155,0.0,45.30234719559818,0.0,0.0,0.0,0.0,0.0,0.0,0.0
10.0,4.69208460423021,0.0036183033354606,0.0036183033300803,0.999993453915499,0.999993453915499,49.41370270163087,0.0,49.97581071517697,0.0,45.59506200578296,0.0,45.302347134433866,0.0,0.0,0.0,0.0,0.0,0.0,0.0
10.0,4.69233461673084,0.0036183438065389,0.0036183438011516,0.999993453769057,0.999993453769058,49.41370269048728,0.0,49.9758104240026,0.0,45.59506200236426,0.0,45.30234707326633,0.0,0.0,0.0,0.0,0.0,0.0,0.0
10.0,4.69258462923146,0.0036183842792821,0.0036183842738877,0.9999934536226082,0.999993453622609,49.41370267934294,0.0,49.97581013281284,0.0,45.59506199894543,0.0,45.3023470120956,0.0,0.0,0.0,0.0,0.0,0.0,0.0
10.0,4.69283464173209,0.00361842475369,0.0036184247482887,0.999993453476152,0.999993453476152,49.41370266819783,0.0,49.975809841607685,0.0,45.59506199552649,0.0,45.30234695092163,0.0,0.0,0.0,0.0,0.0,0.0,0.0
10.0,4.69308465423271,0.0036184652297628,0.0036184652243544,0.999993453329688,0.999993453329688,49.41370265705197,0.0,49.975809550387154,0.0,45.59506199210743,0.0,45.302346889744456,0.0,0.0,0.0,0.0,0.0,0.0,0.0
10.0,4.693334666733339,0.0036185057075003,0.0036185057020849,0.999993453183216,0.999993453183216,49.413702645905325,0.0,49.97580925915123,0.0,45.59506198868826,0.0,45.30234682856406,0.0,0.0,0.0,0.0,0.0,0.0,0.0
10.0,4.69358467923396,0.0036185461869024,0.00361854618148,0.999993453036736,0.999993453036736,49.41370263475793,0.0,49.97580896789992,0.0,45.59506198526896,0.0,45.302346767380456,0.0,0.0,0.0,0.0,0.0,0.0,0.0
10.0,4.69383469173459,0.0036185866679692,0.0036185866625396,0.999993452890249,0.9999934528902492,49.41370262360978,0.0,49.97580867663323,0.0,45.595061981849554,0.0,45.30234670619363,0.0,0.0,0.0,0.0,0.0,0.0,0.0
10.0,4.69408470423521,0.0036186271507004,0.0036186271452638,0.999993452743754,0.999993452743754,49.41370261246085,0.0,49.97580838535115,0.0,45.59506197843003,0.0,45.30234664500358,0.0,0.0,0.0,0.0,0.0,0.0,0.0
10.0,4.69433471673584,0.0036186676350962,0.0036186676296524,0.999993452597251,0.999993452597252,49.41370260131118,0.0,49.97580809405369,0.0,45.59506197501037,0.0,45.302346583810326,0.0,0.0,0.0,0.0,0.0,0.0,0.0
10.0,4.69458472923646,0.0036187081211563,0.0036187081157055,0.9999934524507408,0.999993452450741,49.41370259016073,0.0,49.97580780274084,0.0,45.59506197159062,0.0,45.30234652261385,0.0,0.0,0.0,0.0,0.0,0.0,0.0
10.0,4.69483474173709,0.0036187486088807,0.0036187486034228,0.999993452304223,0.999993452304224,49.41370257900952,0.0,49.97580751141262,0.0,45.59506196817074,0.0,45.30234646141417,0.0,0.0,0.0,0.0,0.0,0.0,0.0
10.0,4.69508475423771,0.0036187890982695,0.0036187890928044,0.999993452157698,0.999993452157698,49.41370256785756,0.0,49.97580722006901,0.0,45.59506196475075,0.0,45.30234640021126,0.0,0.0,0.0,0.0,0.0,0.0,0.0
10.0,4.69533476673834,0.0036188295893225,0.0036188295838503,0.999993452011165,0.999993452011165,49.41370255670483,0.0,49.97580692871002,0.0,45.59506196133064,0.0,45.30234633900514,0.0,0.0,0.0,0.0,0.0,0.0,0.0
10.0,4.695584779238959,0.0036188700820396,0.0036188700765602,0.999993451864623,0.999993451864624,49.41370254555133,0.0,49.97580663733565,0.0,45.59506195791043,0.0,45.3023462777958,0.0,0.0,0.0,0.0,0.0,0.0,0.0
10.0,4.69583479173959,0.0036189105764208,0.0036189105709343,0.999993451718075,0.999993451718075,49.41370253439707,0.0,49.9758063459459,0.0,45.59506195449009,0.0,45.302346216583246,0.0,0.0,0.0,0.0,0.0,0.0,0.0
10.0,4.69608480424021,0.0036189510724661,0.0036189510669724,0.999993451571519,0.999993451571519,49.41370252324205,0.0,49.975806054540776,0.0,45.59506195106965,0.0,45.30234615536748,0.0,0.0,0.0,0.0,0.0,0.0,0.0
10.0,4.69633481674084,0.0036189915701753,0.0036189915646744,0.999993451424955,0.9999934514249548,49.41370251208627,0.0,49.97580576312027,0.0,45.59506194764909,0.0,45.3023460941485,0.0,0.0,0.0,0.0,0.0,0.0,0.0
10.0,4.69658482924146,0.0036190320695484,0.0036190320640403,0.999993451278383,0.999993451278384,49.41370250092973,0.0,49.97580547168439,0.0,45.59506194422842,0.0,45.302346032926295,0.0,0.0,0.0,0.0,0.0,0.0,0.0
10.0,4.69683484174209,0.0036190725705854,0.0036190725650701,0.999993451131804,0.999993451131804,49.41370248977242,0.0,49.97580518023313,0.0,45.59506194080764,0.0,45.30234597170088,0.0,0.0,0.0,0.0,0.0,0.0,0.0
10.0,4.69708485424271,0.0036191130732861,0.0036191130677636,0.999993450985217,0.999993450985217,49.41370247861435,0.0,49.9758048887665,0.0,45.595061937386745,0.0,45.30234591047225,0.0,0.0,0.0,0.0,0.0,0.0,0.0
10.0,4.69733486674334,0.0036191535776506,0.0036191535721209,0.999993450838623,0.9999934508386232,49.41370246745552,0.0,49.97580459728449,0.0,45.59506193396574,0.0,45.3023458492404,0.0,0.0,0.0,0.0,0.0,0.0,0.0
10.0,4.69758487924396,0.0036191940836788,0.0036191940781418,0.999993450692021,0.999993450692021,49.41370245629593,0.0,49.97580430578711,0.0,45.59506193054463,0.0,45.30234578800533,0.0,0.0,0.0,0.0,0.0,0.0,0.0
10.0,4.69783489174459,0.0036192345913705,0.0036192345858262,0.99999345054541,0.999993450545411,49.41370244513558,0.0,49.97580401427435,0.0,45.5950619271234,0.0,45.30234572676705,0.0,0.0,0.0,0.0,0.0,0.0,0.0
10.0,4.69808490424521,0.0036192751007258,0.0036192750951742,0.9999934503987928,0.9999934503987928,49.413702433974464,0.0,49.97580372274623,0.0,45.59506192370208,0.0,45.30234566552557,0.0,0.0,0.0,0.0,0.0,0.0,0.0
10.0,4.69833491674584,0.0036193156117445,0.0036193156061857,0.999993450252168,0.999993450252168,49.41370242281258,0.0,49.97580343120272,0.0,45.59506192028063,0.0,45.30234560428085,0.0,0.0,0.0,0.0,0.0,0.0,0.0
10.0,4.69858492924646,0.0036193561244267,0.0036193561188606,0.999993450105535,0.9999934501055348,49.41370241164994,0.0,49.97580313964385,0.0,45.59506191685908,0.0,45.30234554303292,0.0,0.0,0.0,0.0,0.0,0.0,0.0
10.0,4.69883494174709,0.0036193966387722,0.0036193966331988,0.999993449958894,0.999993449958894,49.41370240048654,0.0,49.9758028480696,0.0,45.59506191343742,0.0,45.30234548178178,0.0,0.0,0.0,0.0,0.0,0.0,0.0
10.0,4.69908495424771,0.003619437154781,0.0036194371492002,0.999993449812246,0.999993449812246,49.41370238932238,0.0,49.975802556480005,0.0,45.59506191001566,0.0,45.302345420527416,0.0,0.0,0.0,0.0,0.0,0.0,0.0
10.0,4.69933496674834,0.003619477672453,0.0036194776668649,0.99999344966559,0.99999344966559,49.41370237815745,0.0,49.97580226487502,0.0,45.59506190659378,0.0,45.30234535926984,0.0,0.0,0.0,0.0,0.0,0.0,0.0
10.0,4.69958497924896,0.0036195181917882,0.0036195181861928,0.999993449518927,0.999993449518927,49.41370236699177,0.0,49.97580197325467,0.0,45.5950619031718,0.0,45.30234529800906,0.0,0.0,0.0,0.0,0.0,0.0,0.0
10.0,4.69983499174959,0.0036195587127865,0.0036195587071837,0.9999934493722548,0.999993449372256,49.41370235582532,0.0,49.97580168161896,0.0,45.59506189974972,0.0,45.30234523674505,0.0,0.0,0.0,0.0,0.0,0.0,0.0
10.0,4.70008500425021,0.0036195992354478,0.0036195992298376,0.999993449225577,0.9999934492255768,49.413702344658105,0.0,49.97580138996787,0.0,45.59506189632753,0.0,45.30234517547783,0.0,0.0,0.0,0.0,0.0,0.0,0.0
10.0,4.70033501675084,0.0036196397597721,0.0036196397541546,0.99999344907889,0.99999344907889,49.413702333490136,0.0,49.97580109830142,0.0,45.59506189290524,0.0,45.30234511420738,0.0,0.0,0.0,0.0,0.0,0.0,0.0
10.0,4.70058502925146,0.0036196802857594,0.0036196802801344,0.999993448932196,0.999993448932196,49.4137023223214,0.0,49.97580080661961,0.0,45.59506188948284,0.0,45.30234505293373,0.0,0.0,0.0,0.0,0.0,0.0,0.0
10.0,4.70083504175209,0.0036197208134094,0.003619720807777,0.999993448785494,0.999993448785494,49.41370231115191,0.0,49.975800514922426,0.0,45.59506188606034,0.0,45.30234499165687,0.0,0.0,0.0,0.0,0.0,0.0,0.0
10.0,4.701085054252709,0.0036197613427223,0.0036197613370825,0.999993448638784,0.999993448638784,49.41370229998165,0.0,49.97580022320989,0.0,45.59506188263774,0.0,45.302344930376776,0.0,0.0,0.0,0.0,0.0,0.0,0.0
10.0,4.70133506675334,0.0036198018736979,0.0036198018680506,0.9999934484920668,0.9999934484920668,49.41370228881063,0.0,49.97579993148198,0.0,45.595061879215024,0.0,45.30234486909348,0.0,0.0,0.0,0.0,0.0,0.0,0.0
10.0,4.70158507925396,0.0036198424063362,0.0036198424006815,0.999993448345342,0.999993448345342,49.41370227763885,0.0,49.9757996397387,0.0,45.59506187579221,0.0,45.30234480780696,0.0,0.0,0.0,0.0,0.0,0.0,0.0
10.0,4.70183509175459,0.003619882940637,0.0036198829349749,0.99999344819861,0.99999344819861,49.4137022664663,0.0,49.97579934798008,0.0,45.5950618723693,0.0,45.30234474651723,0.0,0.0,0.0,0.0,0.0,0.0,0.0
10.0,4.70208510425521,0.0036199234766005,0.0036199234709308,0.999993448051869,0.99999344805187,49.413702255293,0.0,49.975799056206085,0.0,45.595061868946296,0.0,45.30234468522429,0.0,0.0,0.0,0.0,0.0,0.0,0.0
10.0,4.70233511675584,0.0036199640142264,0.0036199640085492,0.999993447905122,0.999993447905122,49.41370224411894,0.0,49.97579876441673,0.0,45.59506186552319,0.0,45.30234462392812,0.0,0.0,0.0,0.0,0.0,0.0,0.0
10.0,4.70258512925646,0.0036200045535147,0.00362000454783,0.999993447758366,0.999993447758366,49.4137022329441,0.0,49.97579847261202,0.0,45.595061862099975,0.0,45.30234456262873,0.0,0.0,0.0,0.0,0.0,0.0,0.0
10.0,4.70283514175709,0.0036200450944653,0.0036200450887732,0.999993447611603,0.999993447611603,49.41370222176851,0.0,49.97579818079195,0.0,45.59506185867666,0.0,45.30234450132614,0.0,0.0,0.0,0.0,0.0,0.0,0.0
10.0,4.70308515425771,0.0036200856370783,0.0036200856313786,0.999993447464832,0.999993447464832,49.41370221059217,0.0,49.975797888956514,0.0,45.595061855253256,0.0,45.302344440020335,0.0,0.0,0.0,0.0,0.0,0.0,0.0
10.0,4.70333516675834,0.0036201261813535,0.0036201261756463,0.999993447318053,0.999993447318054,49.413702199415056,0.0,49.97579759710573,0.0,45.59506185182975,0.0,45.3023443787113,0.0,0.0,0.0,0.0,0.0,0.0,0.0
10.0,4.70358517925896,0.0036201667272909,0.0036201667215761,0.999993447171267,0.999993447171267,49.41370218823718,0.0,49.97579730523958,0.0,45.59506184840615,0.0,45.30234431739906,0.0,0.0,0.0,0.0,0.0,0.0,0.0
10.0,4.70383519175959,0.0036202072748904,0.003620207269168,0.999993447024474,0.999993447024474,49.41370217705855,0.0,49.97579701335809,0.0,45.595061844982446,0.0,45.30234425608361,0.0,0.0,0.0,0.0,0.0,0.0,0.0
10.0,4.70408520426021,0.0036202478241519,0.003620247818422,0.999993446877672,0.999993446877672,49.41370216587915,0.0,49.97579672146123,0.0,45.595061841558646,0.0,45.302344194764935,0.0,0.0,0.0,0.0,0.0,0.0,0.0
10.0,4.70433521676084,0.0036202883750754,0.0036202883693379,0.9999934467308632,0.999993446730863,49.413702154699,0.0,49.97579642954902,0.0,45.59506183813476,0.0,45.30234413344304,0.0,0.0,0.0,0.0,0.0,0.0,0.0
10.0,4.70458522926146,0.0036203289276608,0.0036203289219157,0.999993446584046,0.999993446584046,49.41370214351808,0.0,49.97579613762145,0.0,45.59506183471077,0.0,45.30234407211794,0.0,0.0,0.0,0.0,0.0,0.0,0.0
10.0,4.70483524176209,0.0036203694819081,0.0036203694761554,0.999993446437221,0.999993446437221,49.4137021323364,0.0,49.97579584567853,0.0,45.595061831286685,0.0,45.30234401078962,0.0,0.0,0.0,0.0,0.0,0.0,0.0
10.0,4.70508525426271,0.0036204100378172,0.0036204100320569,0.9999934462903892,0.999993446290389,49.41370212115396,0.0,49.97579555372025,0.0,45.59506182786252,0.0,45.30234394945808,0.0,0.0,0.0,0.0,0.0,0.0,0.0
10.0,4.70533526676334,0.0036204505953881,0.0036204505896201,0.9999934461435488,0.999993446143549,49.41370210997076,0.0,49.97579526174663,0.0,45.59506182443825,0.0,45.30234388812334,0.0,0.0,0.0,0.0,0.0,0.0,0.0
10.0,4.70558527926396,0.0036204911546206,0.003620491148845,0.999993445996702,0.999993445996702,49.41370209878679,0.0,49.97579496975767,0.0,45.595061821013886,0.0,45.30234382678537,0.0,0.0,0.0,0.0,0.0,0.0,0.0
10.0,4.705835291764591,0.0036205317155147,0.0036205317097314,0.999993445849847,0.999993445849847,49.41370208760207,0.0,49.975794677753335,0.0,45.59506181758943,0.0,45.302343765444185,0.0,0.0,0.0,0.0,0.0,0.0,0.0
10.0,4.70608530426521,0.0036205722780704,0.0036205722722794,0.999993445702984,0.999993445702984,49.41370207641659,0.0,49.97579438573366,0.0,45.595061814164886,0.0,45.30234370409979,0.0,0.0,0.0,0.0,0.0,0.0,0.0
10.0,4.70633531676584,0.0036206128422875,0.0036206128364889,0.999993445556113,0.999993445556113,49.41370206523034,0.0,49.975794093698624,0.0,45.595061810740255,0.0,45.30234364275217,0.0,0.0,0.0,0.0,0.0,0.0,0.0
10.0,4.70658532926646,0.0036206534081661,0.0036206534023598,0.999993445409235,0.9999934454092352,49.41370205404333,0.0,49.97579380164826,0.0,45.59506180731554,0.0,45.30234358140135,0.0,0.0,0.0,0.0,0.0,0.0,0.0
10.0,4.70683534176709,0.0036206939757061,0.003620693969892,0.999993445262349,0.999993445262349,49.41370204285556,0.0,49.97579350958253,0.0,45.59506180389072,0.0,45.302343520047295,0.0,0.0,0.0,0.0,0.0,0.0,0.0
10.0,4.70708535426771,0.0036207345449073,0.0036207345390855,0.999993445115456,0.999993445115456,49.41370203166704,0.0,49.97579321750146,0.0,45.59506180046583,0.0,45.30234345869004,0.0,0.0,0.0,0.0,0.0,0.0,0.0
10.0,4.70733536676834,0.0036207751157698,0.0036207751099403,0.999993444968554,0.999993444968555,49.41370202047774,0.0,49.97579292540505,0.0,45.59506179704084,0.0,45.30234339732956,0.0,0.0,0.0,0.0,0.0,0.0,0.0
10.0,4.70758537926896,0.0036208156882935,0.0036208156824562,0.999993444821646,0.999993444821646,49.4137020092877,0.0,49.97579263329329,0.0,45.59506179361576,0.0,45.302343335965865,0.0,0.0,0.0,0.0,0.0,0.0,0.0
10.0,4.70783539176959,0.0036208562624783,0.0036208562566332,0.999993444674729,0.9999934446747292,49.41370199809689,0.0,49.97579234116618,0.0,45.59506179019059,0.0,45.30234327459896,0.0,0.0,0.0,0.0,0.0,0.0,0.0
10.0,4.70808540427021,0.0036208968383242,0.0036208968324713,0.999993444527805,0.9999934445278053,49.41370198690532,0.0,49.97579204902373,0.0,45.59506178676536,0.0,45.30234321322884,0.0,0.0,0.0,0.0,0.0,0.0,0.0
10.0,4.70833541677084,0.003620937415831,0.0036209374099703,0.999993444380873,0.999993444380873,49.41370197571298,0.0,49.97579175686593,0.0,45.59506178334002,0.0,45.3023431518555,0.0,0.0,0.0,0.0,0.0,0.0,0.0
10.0,4.70858542927146,0.0036209779949988,0.0036209779891303,0.9999934442339332,0.999993444233934,49.41370196451989,0.0,49.97579146469279,0.0,45.59506177991461,0.0,45.30234309047895,0.0,0.0,0.0,0.0,0.0,0.0,0.0
10.0,4.70883544177209,0.0036210185758274,0.0036210185699511,0.999993444086987,0.9999934440869872,49.41370195332603,0.0,49.97579117250431,0.0,45.59506177648911,0.0,45.30234302909918,0.0,0.0,0.0,0.0,0.0,0.0,0.0
10.0,4.70908545427271,0.0036210591583169,0.0036210591524327,0.999993443940032,0.999993443940032,49.41370194213142,0.0,49.97579088030048,0.0,45.59506177306353,0.0,45.302342967716186,0.0,0.0,0.0,0.0,0.0,0.0,0.0
10.0,4.70933546677334,0.0036210997424671,0.0036210997365751,0.999993443793069,0.999993443793069,49.41370193093604,0.0,49.97579058808132,0.0,45.595061769637866,0.0,45.30234290632999,0.0,0.0,0.0,0.0,0.0,0.0,0.0
10.0,4.70958547927396,0.0036211403282779,0.0036211403223781,0.999993443646099,0.999993443646099,49.41370191973991,0.0,49.975790295846814,0.0,45.59506176621212,0.0,45.302342844940576,0.0,0.0,0.0,0.0,0.0,0.0,0.0
10.0,4.70983549177459,0.0036211809157494,0.0036211809098417,0.999993443499121,0.999993443499121,49.41370190854301,0.0,49.97579000359696,0.0,45.59506176278629,0.0,45.30234278354794,0.0,0.0,0.0,0.0,0.0,0.0,0.0
10.0,4.71008550427521,0.0036212215048815,0.0036212214989659,0.999993443352136,0.999993443352136,49.41370189734535,0.0,49.97578971133178,0.0,45.59506175936039,0.0,45.3023427221521,0.0,0.0,0.0,0.0,0.0,0.0,0.0
10.0,4.71033551677584,0.003621262095674,0.0036212620897506,0.999993443205142,0.999993443205143,49.41370188614693,0.0,49.97578941905125,0.0,45.59506175593441,0.0,45.30234266075304,0.0,0.0,0.0,0.0,0.0,0.0,0.0
10.0,4.71058552927646,0.003621302688127,0.0036213026821956,0.999993443058142,0.999993443058142,49.41370187494776,0.0,49.975789126755394,0.0,45.59506175250835,0.0,45.30234259935076,0.0,0.0,0.0,0.0,0.0,0.0,0.0
10.0,4.71083554177709,0.0036213432822404,0.0036213432763011,0.999993442911133,0.999993442911133,49.41370186374782,0.0,49.97578883444419,0.0,45.595061749082205,0.0,45.30234253794527,0.0,0.0,0.0,0.0,0.0,0.0,0.0
10.0,4.71108555427771,0.0036213838780141,0.0036213838720668,0.999993442764117,0.9999934427641168,49.41370185254711,0.0,49.97578854211765,0.0,45.595061745656,0.0,45.30234247653656,0.0,0.0,0.0,0.0,0.0,0.0,0.0
10.0,4.711335566778341,0.003621424475448,0.0036214244694928,0.999993442617093,0.999993442617093,49.41370184134565,0.0,49.975788249775775,0.0,45.595061742229696,0.0,45.30234241512463,0.0,0.0,0.0,0.0,0.0,0.0,0.0
10.0,4.71158557927896,0.0036214650745421,0.0036214650685789,0.9999934424700622,0.9999934424700622,49.41370183014343,0.0,49.975787957418575,0.0,45.59506173880333,0.0,45.3023423537095,0.0,0.0,0.0,0.0,0.0,0.0,0.0
10.0,4.71183559177959,0.0036215056752963,0.0036215056693252,0.999993442323023,0.9999934423230228,49.41370181894045,0.0,49.97578766504602,0.0,45.595061735376895,0.0,45.30234229229114,0.0,0.0,0.0,0.0,0.0,0.0,0.0
10.0,4.71208560428021,0.0036215462777106,0.0036215462717315,0.999993442175976,0.999993442175976,49.41370180773671,0.0,49.97578737265815,0.0,45.59506173195039,0.0,45.30234223086957,0.0,0.0,0.0,0.0,0.0,0.0,0.0
10.0,4.71233561678084,0.0036215868817849,0.0036215868757978,0.999993442028921,0.999993442028921,49.41370179653221,0.0,49.97578708025493,0.0,45.5950617285238,0.0,45.30234216944479,0.0,0.0,0.0,0.0,0.0,0.0,0.0
10.0,4.71258562928146,0.0036216274875191,0.003621627481524,0.999993441881859,0.9999934418818592,49.41370178532695,0.0,49.97578678783639,0.0,45.59506172509714,0.0,45.30234210801678,0.0,0.0,0.0,0.0,0.0,0.0,0.0
10.0,4.71283564178209,0.0036216680949132,0.00362166808891,0.999993441734789,0.99999344173479,49.41370177412093,0.0,49.97578649540253,0.0,45.59506172167041,0.0,45.302342046585565,0.0,0.0,0.0,0.0,0.0,0.0,0.0
10.0,4.71308565428271,0.0036217087039672,0.0036217086979559,0.999993441587712,0.999993441587712,49.413701762914144,0.0,49.97578620295331,0.0,45.59506171824361,0.0,45.30234198515114,0.0,0.0,0.0,0.0,0.0,0.0,0.0
10.0,4.71333566678334,0.0036217493146808,0.0036217493086615,0.999993441440627,0.999993441440627,49.41370175170661,0.0,49.97578591048878,0.0,45.59506171481675,0.0,45.302341923713485,0.0,0.0,0.0,0.0,0.0,0.0,0.0
10.0,4.713585679283961,0.0036217899270542,0.0036217899210268,0.999993441293534,0.999993441293534,49.4137017404983,0.0,49.975785618008906,0.0,45.59506171138981,0.0,45.30234186227262,0.0,0.0,0.0,0.0,0.0,0.0,0.0
10.0,4.71383569178459,0.0036218305410872,0.0036218305350518,0.999993441146434,0.9999934411464338,49.41370172928924,0.0,49.975785325513705,0.0,45.595061707962806,0.0,45.30234180082855,0.0,0.0,0.0,0.0,0.0,0.0,0.0
10.0,4.71408570428521,0.0036218711567798,0.0036218711507362,0.999993440999325,0.999993440999326,49.413701718079416,0.0,49.97578503300318,0.0,45.59506170453575,0.0,45.302341739381255,0.0,0.0,0.0,0.0,0.0,0.0,0.0
10.0,4.71433571678584,0.0036219117741318,0.0036219117680802,0.99999344085221,0.99999344085221,49.41370170686884,0.0,49.97578474047732,0.0,45.595061701108605,0.0,45.30234167793074,0.0,0.0,0.0,0.0,0.0,0.0,0.0
10.0,4.71458572928646,0.0036219523931433,0.0036219523870836,0.999993440705086,0.999993440705086,49.41370169565749,0.0,49.97578444793614,0.0,45.59506169768141,0.0,45.30234161647702,0.0,0.0,0.0,0.0,0.0,0.0,0.0
10.0,4.71483574178709,0.0036219930138142,0.0036219930077463,0.999993440557955,0.999993440557955,49.413701684445385,0.0,49.97578415537963,0.0,45.59506169425415,0.0,45.30234155502008,0.0,0.0,0.0,0.0,0.0,0.0,0.0
10.0,4.71508575428771,0.0036220336361444,0.0036220336300684,0.999993440410816,0.999993440410816,49.41370167323253,0.0,49.9757838628078,0.0,45.59506169082682,0.0,45.30234149355993,0.0,0.0,0.0,0.0,0.0,0.0,0.0
10.0,4.71533576678834,0.0036220742601339,0.0036220742540497,0.99999344026367,0.99999344026367,49.41370166201891,0.0,49.97578357022063,0.0,45.59506168739944,0.0,45.30234143209656,0.0,0.0,0.0,0.0,0.0,0.0,0.0
10.0,4.71558577928896,0.0036221148857825,0.0036221148796901,0.999993440116516,0.999993440116516,49.41370165080452,0.0,49.97578327761815,0.0,45.59506168397199,0.0,45.302341370629975,0.0,0.0,0.0,0.0,0.0,0.0,0.0
10.0,4.71583579178959,0.0036221555130903,0.0036221555069897,0.999993439969354,0.999993439969354,49.41370163958938,0.0,49.97578298500033,0.0,45.59506168054448,0.0,45.30234130916018,0.0,0.0,0.0,0.0,0.0,0.0,0.0
10.0,4.71608580429021,0.0036221961420572,0.0036221961359484,0.999993439822184,0.999993439822184,49.413701628373474,0.0,49.97578269236719,0.0,45.59506167711693,0.0,45.30234124768716,0.0,0.0,0.0,0.0,0.0,0.0,0.0
10.0,4.71633581679084,0.0036222367726831,0.003622236766566,0.999993439675007,0.999993439675008,49.41370161715681,0.0,49.975782399718746,0.0,45.595061673689294,0.0,45.30234118621093,0.0,0.0,0.0,0.0,0.0,0.0,0.0
10.0,4.71658582929147,0.0036222774049679,0.0036222773988426,0.999993439527822,0.999993439527823,49.413701605939394,0.0,49.97578210705495,0.0,45.595061670261614,0.0,45.30234112473149,0.0,0.0,0.0,0.0,0.0,0.0,0.0
10.0,4.716835841792089,0.0036223180389116,0.0036223180327781,0.99999343938063,0.99999343938063,49.41370159472122,0.0,49.97578181437585,0.0,45.59506166683388,0.0,45.30234106324882,0.0,0.0,0.0,0.0,0.0,0.0,0.0
10.0,4.71708585429271,0.0036223586745141,0.0036223586683724,0.99999343923343,0.99999343923343,49.413701583502274,0.0,49.97578152168143,0.0,45.59506166340609,0.0,45.30234100176294,0.0,0.0,0.0,0.0,0.0,0.0,0.0
10.0,4.71733586679334,0.0036223993117754,0.0036223993056254,0.999993439086222,0.9999934390862218,49.41370157228258,0.0,49.97578122897168,0.0,45.59506165997825,0.0,45.30234094027385,0.0,0.0,0.0,0.0,0.0,0.0,0.0
10.0,4.71758587929396,0.0036224399506953,0.003622439944537,0.999993438939007,0.999993438939007,49.413701561062105,0.0,49.97578093624661,0.0,45.59506165655034,0.0,45.30234087878154,0.0,0.0,0.0,0.0,0.0,0.0,0.0
10.0,4.71783589179459,0.003622480591274,0.0036224805851074,0.999993438791784,0.999993438791784,49.413701549840894,0.0,49.97578064350623,0.0,45.5950616531224,0.0,45.302340817286016,0.0,0.0,0.0,0.0,0.0,0.0,0.0
10.0,4.71808590429522,0.0036225212335112,0.0036225212273363,0.9999934386445528,0.999993438644553,49.41370153861892,0.0,49.975780350750526,0.0,45.5950616496944,0.0,45.30234075578728,0.0,0.0,0.0,0.0,0.0,0.0,0.0
10.0,4.71833591679584,0.0036225618774069,0.0036225618712236,0.999993438497314,0.999993438497315,49.41370152739618,0.0,49.9757800579795,0.0,45.59506164626635,0.0,45.30234069428533,0.0,0.0,0.0,0.0,0.0,0.0,0.0
10.0,4.71858592929646,0.003622602522961,0.0036226025167694,0.9999934383500682,0.9999934383500688,49.41370151617268,0.0,49.97577976519316,0.0,45.59506164283825,0.0,45.30234063278016,0.0,0.0,0.0,0.0,0.0,0.0,0.0
10.0,4.71883594179709,0.0036226431701735,0.0036226431639736,0.999993438202814,0.999993438202815,49.41370150494842,0.0,49.9757794723915,0.0,45.59506163941011,0.0,45.302340571271785,0.0,0.0,0.0,0.0,0.0,0.0,0.0
10.0,4.71908595429772,0.0036226838190444,0.0036226838128361,0.999993438055553,0.999993438055553,49.41370149372341,0.0,49.97577917957452,0.0,45.59506163598192,0.0,45.30234050976018,0.0,0.0,0.0,0.0,0.0,0.0,0.0
10.0,4.71933596679834,0.0036227244695735,0.0036227244633569,0.999993437908284,0.999993437908284,49.41370148249763,0.0,49.97577888674223,0.0,45.59506163255368,0.0,45.30234044824537,0.0,0.0,0.0,0.0,0.0,0.0,0.0
10.0,4.71958597929897,0.0036227651217609,0.0036227651155358,0.999993437761007,0.999993437761008,49.4137014712711,0.0,49.97577859389464,0.0,45.5950616291254,0.0,45.30234038672734,0.0,0.0,0.0,0.0,0.0,0.0,0.0
10.0,4.71983599179959,0.0036228057756063,0.0036228057693729,0.999993437613723,0.999993437613723,49.4137014600438,0.0,49.97577830103172,0.0,45.59506162569708,0.0,45.30234032520609,0.0,0.0,0.0,0.0,0.0,0.0,0.0
10.0,4.72008600430021,0.0036228464311099,0.003622846424868,0.999993437466431,0.9999934374664308,49.41370144881574,0.0,49.97577800815348,0.0,45.59506162226871,0.0,45.30234026368164,0.0,0.0,0.0,0.0,0.0,0.0,0.0
10.0,4.72033601680084,0.0036228870882715,0.0036228870820212,0.9999934373191308,0.999993437319131,49.41370143758693,0.0,49.97577771525993,0.0,45.59506161884031,0.0,45.30234020215397,0.0,0.0,0.0,0.0,0.0,0.0,0.0
10.0,4.72058602930147,0.003622927747091,0.0036229277408322,0.999993437171824,0.999993437171824,49.41370142635736,0.0,49.97577742235107,0.0,45.595061615411865,0.0,45.30234014062307,0.0,0.0,0.0,0.0,0.0,0.0,0.0
10.0,4.72083604180209,0.0036229684075684,0.0036229684013012,0.999993437024509,0.999993437024509,49.41370141512703,0.0,49.9757771294269,0.0,45.595061611983375,0.0,45.30234007908896,0.0,0.0,0.0,0.0,0.0,0.0,0.0
10.0,4.72108605430271,0.0036230090697036,0.003623009063428,0.999993436877186,0.999993436877186,49.413701403895935,0.0,49.97577683648741,0.0,45.59506160855486,0.0,45.30234001755164,0.0,0.0,0.0,0.0,0.0,0.0,0.0
10.0,4.72133606680334,0.0036230497334966,0.0036230497272125,0.999993436729856,0.999993436729856,49.413701392664095,0.0,49.97577654353262,0.0,45.595061605126304,0.0,45.3023399560111,0.0,0.0,0.0,0.0,0.0,0.0,0.0
10.0,4.72158607930396,0.0036230903989474,0.0036230903926547,0.999993436582517,0.999993436582517,49.41370138143149,0.0,49.97577625056252,0.0,45.59506160169771,0.0,45.302339894467366,0.0,0.0,0.0,0.0,0.0,0.0,0.0
10.0,4.72183609180459,0.0036231310660557,0.0036231310597545,0.999993436435172,0.999993436435172,49.41370137019811,0.0,49.9757759575771,0.0,45.59506159826909,0.0,45.30233983292039,0.0,0.0,0.0,0.0,0.0,0.0,0.0
10.0,4.72208610430522,0.0036231717348217,0.0036231717285119,0.999993436287818,0.999993436287818,49.41370135896399,0.0,49.975775664576375,0.0,45.59506159484043,0.0,45.30233977137021,0.0,0.0,0.0,0.0,0.0,0.0,0.0
10.0,4.72233611680584,0.0036232124052451,0.0036232123989269,0.999993436140457,0.9999934361404572,49.4137013477291,0.0,49.975775371560346,0.0,45.59506159141175,0.0,45.30233970981682,0.0,0.0,0.0,0.0,0.0,0.0,0.0
10.0,4.72258612930646,0.0036232530773261,0.0036232530709992,0.999993435993089,0.999993435993089,49.41370133649345,0.0,49.97577507852901,0.0,45.59506158798303,0.0,45.302339648260215,0.0,0.0,0.0,0.0,0.0,0.0,0.0
10.0,4.72283614180709,0.0036232937510644,0.003623293744729,0.999993435845712,0.999993435845712,49.41370132525705,0.0,49.97577478548235,0.0,45.59506158455428,0.0,45.302339586700384,0.0,0.0,0.0,0.0,0.0,0.0,0.0
10.0,4.72308615430772,0.00362333442646,0.0036233344201161,0.999993435698328,0.999993435698328,49.41370131401989,0.0,49.975774492420406,0.0,45.59506158112552,0.0,45.30233952513735,0.0,0.0,0.0,0.0,0.0,0.0,0.0
10.0,4.72333616680834,0.0036233751035129,0.0036233750971604,0.999993435550936,0.999993435550936,49.41370130278197,0.0,49.97577419934314,0.0,45.59506157769672,0.0,45.30233946357109,0.0,0.0,0.0,0.0,0.0,0.0,0.0
10.0,4.72358617930897,0.0036234157822231,0.0036234157758619,0.999993435403537,0.9999934354035372,49.41370129154329,0.0,49.97577390625057,0.0,45.595061574267895,0.0,45.30233940200162,0.0,0.0,0.0,0.0,0.0,0.0,0.0
10.0,4.72383619180959,0.0036234564625904,0.0036234564562206,0.99999343525613,0.99999343525613,49.413701280303854,0.0,49.97577361314271,0.0,45.59506157083905,0.0,45.30233934042893,0.0,0.0,0.0,0.0,0.0,0.0,0.0
10.0,4.72408620431021,0.0036234971446147,0.0036234971382363,0.999993435108715,0.9999934351087147,49.41370126906367,0.0,49.975773320019535,0.0,45.59506156741018,0.0,45.30233927885303,0.0,0.0,0.0,0.0,0.0,0.0,0.0
10.0,4.72433621681084,0.0036235378282961,0.003623537821909,0.9999934349612932,0.999993434961293,49.4137012578227,0.0,49.97577302688105,0.0,45.5950615639813,0.0,45.30233921727392,0.0,0.0,0.0,0.0,0.0,0.0,0.0
10.0,4.72458622931147,0.0036235785136345,0.0036235785072387,0.999993434813863,0.999993434813863,49.413701246580985,0.0,49.97577273372727,0.0,45.5950615605524,0.0,45.30233915569159,0.0,0.0,0.0,0.0,0.0,0.0,0.0
10.0,4.72483624181209,0.0036236192006297,0.0036236191942253,0.999993434666425,0.9999934346664252,49.41370123533852,0.0,49.97577244055819,0.0,45.59506155712348,0.0,45.302339094106046,0.0,0.0,0.0,0.0,0.0,0.0,0.0
10.0,4.72508625431272,0.0036236598892818,0.0036236598828687,0.99999343451898,0.99999343451898,49.41370122409528,0.0,49.9757721473738,0.0,45.59506155369454,0.0,45.30233903251728,0.0,0.0,0.0,0.0,0.0,0.0,0.0
10.0,4.72533626681334,0.0036237005795907,0.0036237005731688,0.999993434371526,0.999993434371527,49.413701212851294,0.0,49.975771854174106,0.0,45.59506155026559,0.0,45.302338970925305,0.0,0.0,0.0,0.0,0.0,0.0,0.0
10.0,4.72558627931397,0.0036237412715563,0.0036237412651257,0.999993434224066,0.999993434224066,49.41370120160654,0.0,49.97577156095912,0.0,45.59506154683663,0.0,45.30233890933011,0.0,0.0,0.0,0.0,0.0,0.0,0.0
10.0,4.72583629181459,0.0036237819651785,0.0036237819587392,0.9999934340765972,0.999993434076598,49.41370119036104,0.0,49.97577126772882,0.0,45.59506154340765,0.0,45.3023388477317,0.0,0.0,0.0,0.0,0.0,0.0,0.0
10.0,4.72608630431522,0.0036238226604573,0.0036238226540093,0.999993433929122,0.999993433929122,49.41370117911477,0.0,49.97577097448324,0.0,45.595061539978666,0.0,45.302338786130086,0.0,0.0,0.0,0.0,0.0,0.0,0.0
10.0,4.72633631681584,0.0036238633573927,0.0036238633509359,0.999993433781638,0.999993433781638,49.41370116786775,0.0,49.97577068122235,0.0,45.59506153654967,0.0,45.30233872452525,0.0,0.0,0.0,0.0,0.0,0.0,0.0
10.0,4.72658632931646,0.0036239040559845,0.0036239040495189,0.9999934336341468,0.9999934336341468,49.413701156619965,0.0,49.97577038794616,0.0,45.59506153312067,0.0,45.3023386629172,0.0,0.0,0.0,0.0,0.0,0.0,0.0
10.0,4.72683634181709,0.0036239447562327,0.0036239447497583,0.999993433486647,0.999993433486647,49.41370114537143,0.0,49.97577009465468,0.0,45.59506152969167,0.0,45.302338601305934,0.0,0.0,0.0,0.0,0.0,0.0,0.0
10.0,4.727086354317721,0.0036239854581373,0.0036239854516541,0.999993433339141,0.999993433339141,49.41370113412213,0.0,49.97576980134789,0.0,45.59506152626266,0.0,45.302338539691455,0.0,0.0,0.0,0.0,0.0,0.0,0.0
10.0,4.72733636681834,0.0036240261616981,0.0036240261552061,0.999993433191626,0.999993433191626,49.41370112287207,0.0,49.97576950802582,0.0,45.59506152283365,0.0,45.30233847807376,0.0,0.0,0.0,0.0,0.0,0.0,0.0
10.0,4.72758637931897,0.0036240668669152,0.0036240668604143,0.999993433044104,0.999993433044104,49.41370111162126,0.0,49.975769214688434,0.0,45.59506151940464,0.0,45.30233841645285,0.0,0.0,0.0,0.0,0.0,0.0,0.0
10.0,4.72783639181959,0.0036241075737884,0.0036241075672787,0.999993432896575,0.999993432896575,49.413701100369686,0.0,49.97576892133577,0.0,45.59506151597563,0.0,45.30233835482872,0.0,0.0,0.0,0.0,0.0,0.0,0.0
10.0,4.72808640432022,0.0036241482823177,0.0036241482757992,0.999993432749037,0.999993432749038,49.41370108911735,0.0,49.9757686279678,0.0,45.59506151254663,0.0,45.30233829320138,0.0,0.0,0.0,0.0,0.0,0.0,0.0
10.0,4.72833641682084,0.003624188992503,0.0036241889859756,0.999993432601492,0.999993432601493,49.41370107786426,0.0,49.975768334584544,0.0,45.59506150911762,0.0,45.30233823157082,0.0,0.0,0.0,0.0,0.0,0.0,0.0
10.0,4.72858642932147,0.0036242297043443,0.003624229697808,0.99999343245394,0.99999343245394,49.413701066610415,0.0,49.975768041186,0.0,45.59506150568863,0.0,45.30233816993706,0.0,0.0,0.0,0.0,0.0,0.0,0.0
10.0,4.72883644182209,0.0036242704178416,0.0036242704112964,0.999993432306379,0.99999343230638,49.41370105535581,0.0,49.97576774777214,0.0,45.59506150225964,0.0,45.30233810830007,0.0,0.0,0.0,0.0,0.0,0.0,0.0
10.0,4.72908645432272,0.0036243111329946,0.0036243111264405,0.999993432158812,0.999993432158812,49.41370104410044,0.0,49.975767454343,0.0,45.59506149883066,0.0,45.30233804665987,0.0,0.0,0.0,0.0,0.0,0.0,0.0
10.0,4.729336466823341,0.0036243518498035,0.0036243518432404,0.999993432011235,0.999993432011236,49.41370103284433,0.0,49.97576716089856,0.0,45.59506149540169,0.0,45.302337985016464,0.0,0.0,0.0,0.0,0.0,0.0,0.0
10.0,4.72958647932397,0.0036243925682681,0.0036243925616961,0.999993431863652,0.999993431863652,49.41370102158745,0.0,49.97576686743884,0.0,45.595061491972736,0.0,45.30233792336983,0.0,0.0,0.0,0.0,0.0,0.0,0.0
10.0,4.72983649182459,0.0036244332883883,0.0036244332818073,0.999993431716061,0.9999934317160608,49.41370101032982,0.0,49.97576657396383,0.0,45.595061488543806,0.0,45.302337861719984,0.0,0.0,0.0,0.0,0.0,0.0,0.0
10.0,4.73008650432522,0.0036244740101641,0.0036244740035742,0.999993431568463,0.999993431568463,49.413700999071416,0.0,49.97576628047352,0.0,45.59506148511489,0.0,45.30233780006692,0.0,0.0,0.0,0.0,0.0,0.0,0.0
10.0,4.73033651682584,0.0036245147335955,0.0036245147269966,0.999993431420856,0.9999934314208568,49.41370098781226,0.0,49.97576598696792,0.0,45.59506148168598,0.0,45.30233773841065,0.0,0.0,0.0,0.0,0.0,0.0,0.0
10.0,4.73058652932647,0.0036245554586823,0.0036245554520744,0.999993431273242,0.999993431273242,49.41370097655235,0.0,49.97576569344704,0.0,45.5950614782571,0.0,45.30233767675116,0.0,0.0,0.0,0.0,0.0,0.0,0.0
10.0,4.73083654182709,0.0036245961854246,0.0036245961788076,0.999993431125621,0.999993431125621,49.41370096529168,0.0,49.97576539991086,0.0,45.59506147482824,0.0,45.30233761508845,0.0,0.0,0.0,0.0,0.0,0.0,0.0
10.0,4.73108655432772,0.0036246369138222,0.0036246369071962,0.999993430977991,0.999993430977991,49.413700954030254,0.0,49.9757651063594,0.0,45.59506147139941,0.0,45.30233755342254,0.0,0.0,0.0,0.0,0.0,0.0,0.0
10.0,4.73133656682834,0.0036246776438751,0.00362467763724,0.999993430830354,0.999993430830354,49.41370094276807,0.0,49.97576481279265,0.0,45.5950614679706,0.0,45.302337491753406,0.0,0.0,0.0,0.0,0.0,0.0,0.0
10.0,4.73158657932897,0.0036247183755832,0.0036247183689391,0.99999343068271,0.9999934306827098,49.41370093150514,0.0,49.97576451921061,0.0,45.59506146454183,0.0,45.30233743008106,0.0,0.0,0.0,0.0,0.0,0.0,0.0
10.0,4.73183659182959,0.0036247591089465,0.0036247591022933,0.999993430535057,0.999993430535057,49.41370092024143,0.0,49.97576422561329,0.0,45.59506146111307,0.0,45.30233736840549,0.0,0.0,0.0,0.0,0.0,0.0,0.0
10.0,4.73208660433022,0.0036247998439648,0.0036247998373026,0.999993430387397,0.999993430387398,49.413700908976985,0.0,49.97576393200068,0.0,45.59506145768435,0.0,45.30233730672671,0.0,0.0,0.0,0.0,0.0,0.0,0.0
10.0,4.73233661683084,0.0036248405806383,0.0036248405739669,0.99999343023973,0.99999343023973,49.41370089771176,0.0,49.975763638372776,0.0,45.595061454255664,0.0,45.30233724504472,0.0,0.0,0.0,0.0,0.0,0.0,0.0
10.0,4.732586629331469,0.0036248813189667,0.0036248813122862,0.999993430092054,0.999993430092055,49.4137008864458,0.0,49.97576334472961,0.0,45.59506145082703,0.0,45.30233718335951,0.0,0.0,0.0,0.0,0.0,0.0,0.0
10.0,4.73283664183209,0.00362492205895,0.0036249220522604,0.999993429944372,0.999993429944372,49.41370087517907,0.0,49.975763051071134,0.0,45.59506144739842,0.0,45.30233712167109,0.0,0.0,0.0,0.0,0.0,0.0,0.0
10.0,4.73308665433272,0.0036249628005881,0.0036249627938894,0.999993429796681,0.999993429796681,49.41370086391158,0.0,49.97576275739738,0.0,45.595061443969854,0.0,45.30233705997945,0.0,0.0,0.0,0.0,0.0,0.0,0.0
10.0,4.73333666683334,0.0036250035438811,0.0036250035371732,0.999993429648983,0.999993429648983,49.41370085264334,0.0,49.97576246370836,0.0,45.59506144054132,0.0,45.3023369982846,0.0,0.0,0.0,0.0,0.0,0.0,0.0
10.0,4.73358667933397,0.0036250442888288,0.0036250442821117,0.999993429501276,0.999993429501277,49.413700841374336,0.0,49.975762170004046,0.0,45.59506143711285,0.0,45.30233693658654,0.0,0.0,0.0,0.0,0.0,0.0,0.0
10.0,4.73383669183459,0.0036250850354312,0.0036250850287049,0.9999934293535632,0.9999934293535632,49.41370083010458,0.0,49.97576187628445,0.0,45.59506143368442,0.0,45.30233687488525,0.0,0.0,0.0,0.0,0.0,0.0,0.0
10.0,4.73408670433522,0.0036251257836881,0.0036251257769527,0.999993429205842,0.999993429205842,49.41370081883407,0.0,49.97576158254957,0.0,45.59506143025604,0.0,45.30233681318076,0.0,0.0,0.0,0.0,0.0,0.0,0.0
10.0,4.73433671683584,0.0036251665335996,0.003625166526855,0.999993429058113,0.999993429058113,49.41370080756279,0.0,49.97576128879941,0.0,45.59506142682771,0.0,45.30233675147305,0.0,0.0,0.0,0.0,0.0,0.0,0.0
10.0,4.73458672933647,0.0036252072851656,0.0036252072784117,0.999993428910376,0.999993428910376,49.41370079629077,0.0,49.975760995033966,0.0,45.59506142339943,0.0,45.30233668976212,0.0,0.0,0.0,0.0,0.0,0.0,0.0
10.0,4.734836741837091,0.003625248038386,0.0036252480316229,0.999993428762632,0.999993428762632,49.41370078501798,0.0,49.97576070125325,0.0,45.59506141997121,0.0,45.30233662804798,0.0,0.0,0.0,0.0,0.0,0.0,0.0
10.0,4.73508675433772,0.0036252887932608,0.0036252887864884,0.99999342861488,0.99999342861488,49.41370077374444,0.0,49.97576040745725,0.0,45.595061416543054,0.0,45.302336566330624,0.0,0.0,0.0,0.0,0.0,0.0,0.0
10.0,4.73533676683834,0.0036253295497899,0.0036253295430082,0.99999342846712,0.99999342846712,49.413700762470135,0.0,49.97576011364597,0.0,45.59506141311496,0.0,45.30233650461006,0.0,0.0,0.0,0.0,0.0,0.0,0.0
10.0,4.73558677933897,0.0036253703079732,0.0036253703011822,0.999993428319353,0.9999934283193528,49.41370075119508,0.0,49.975759819819416,0.0,45.59506140968692,0.0,45.30233644288628,0.0,0.0,0.0,0.0,0.0,0.0,0.0
10.0,4.73583679183959,0.0036254110678106,0.0036254110610104,0.999993428171578,0.999993428171578,49.41370073991927,0.0,49.97575952597757,0.0,45.59506140625895,0.0,45.30233638115927,0.0,0.0,0.0,0.0,0.0,0.0,0.0
10.0,4.73608680434022,0.0036254518293022,0.0036254518224926,0.999993428023795,0.999993428023796,49.41370072864268,0.0,49.97575923212046,0.0,45.59506140283105,0.0,45.30233631942906,0.0,0.0,0.0,0.0,0.0,0.0,0.0
10.0,4.73633681684084,0.0036254925924479,0.0036254925856289,0.9999934278760052,0.999993427876005,49.41370071736536,0.0,49.97575893824808,0.0,45.595061399403214,0.0,45.30233625769563,0.0,0.0,0.0,0.0,0.0,0.0,0.0
10.0,4.73658682934147,0.0036255333572475,0.0036255333504192,0.999993427728207,0.999993427728208,49.41370070608728,0.0,49.97575864436041,0.0,45.59506139597546,0.0,45.302336195958986,0.0,0.0,0.0,0.0,0.0,0.0,0.0
10.0,4.73683684184209,0.003625574123701,0.0036255741168634,0.999993427580402,0.999993427580402,49.41370069480844,0.0,49.97575835045748,0.0,45.59506139254778,0.0,45.30233613421913,0.0,0.0,0.0,0.0,0.0,0.0,0.0
10.0,4.73708685434272,0.0036256148918084,0.0036256148849614,0.999993427432588,0.999993427432589,49.41370068352883,0.0,49.97575805653926,0.0,45.595061389120175,0.0,45.30233607247606,0.0,0.0,0.0,0.0,0.0,0.0,0.0
10.0,4.73733686684334,0.0036256556615696,0.0036256556547132,0.999993427284768,0.999993427284768,49.41370067224848,0.0,49.97575776260577,0.0,45.59506138569267,0.0,45.302336010729775,0.0,0.0,0.0,0.0,0.0,0.0,0.0
10.0,4.73758687934397,0.0036256964329845,0.0036256964261187,0.999993427136939,0.999993427136939,49.41370066096737,0.0,49.97575746865701,0.0,45.59506138226522,0.0,45.30233594898027,0.0,0.0,0.0,0.0,0.0,0.0,0.0
10.0,4.73783689184459,0.0036257372060532,0.003625737199178,0.999993426989103,0.9999934269891028,49.4137006496855,0.0,49.975757174692966,0.0,45.59506137883786,0.0,45.30233588722755,0.0,0.0,0.0,0.0,0.0,0.0,0.0
10.0,4.738086904345219,0.0036257779807754,0.0036257779738908,0.999993426841259,0.9999934268412592,49.41370063840287,0.0,49.97575688071365,0.0,45.59506137541061,0.0,45.30233582547162,0.0,0.0,0.0,0.0,0.0,0.0,0.0
10.0,4.73833691684584,0.0036258187571512,0.0036258187502571,0.999993426693407,0.999993426693408,49.413700627119496,0.0,49.97575658671908,0.0,45.59506137198345,0.0,45.302335763712485,0.0,0.0,0.0,0.0,0.0,0.0,0.0
10.0,4.73858692934647,0.0036258595351805,0.0036258595282769,0.999993426545548,0.999993426545548,49.41370061583537,0.0,49.975756292709214,0.0,45.59506136855637,0.0,45.30233570195013,0.0,0.0,0.0,0.0,0.0,0.0,0.0
10.0,4.73883694184709,0.0036259003148632,0.0036259003079501,0.999993426397681,0.999993426397681,49.41370060455046,0.0,49.97575599868409,0.0,45.5950613651294,0.0,45.30233564018455,0.0,0.0,0.0,0.0,0.0,0.0,0.0
10.0,4.73908695434772,0.0036259410961992,0.0036259410892767,0.999993426249807,0.9999934262498068,49.41370059326482,0.0,49.975755704643696,0.0,45.59506136170253,0.0,45.30233557841575,0.0,0.0,0.0,0.0,0.0,0.0,0.0
10.0,4.73933696684834,0.0036259818791886,0.0036259818722566,0.999993426101924,0.9999934261019252,49.4137005819784,0.0,49.97575541058802,0.0,45.59506135827575,0.0,45.30233551664375,0.0,0.0,0.0,0.0,0.0,0.0,0.0
10.0,4.73958697934897,0.0036260226638312,0.0036260226568897,0.999993425954035,0.9999934259540348,49.41370057069124,0.0,49.97575511651709,0.0,45.595061354849086,0.0,45.30233545486853,0.0,0.0,0.0,0.0,0.0,0.0,0.0
10.0,4.73983699184959,0.003626063450127,0.0036260634431759,0.9999934258061368,0.9999934258061368,49.41370055940332,0.0,49.975754822430886,0.0,45.59506135142254,0.0,45.3023353930901,0.0,0.0,0.0,0.0,0.0,0.0,0.0
10.0,4.74008700435022,0.0036261042380759,0.0036261042311153,0.999993425658232,0.999993425658232,49.41370054811464,0.0,49.97575452832941,0.0,45.595061347996094,0.0,45.302335331308456,0.0,0.0,0.0,0.0,0.0,0.0,0.0
10.0,4.740337016850839,0.0036261450276779,0.0036261450207077,0.9999934255103192,0.999993425510319,49.41370053682521,0.0,49.975754234212665,0.0,45.59506134456977,0.0,45.30233526952359,0.0,0.0,0.0,0.0,0.0,0.0,0.0
10.0,4.74058702935147,0.0036261858189328,0.0036261858119531,0.999993425362398,0.999993425362398,49.41370052553503,0.0,49.97575394008065,0.0,45.59506134114357,0.0,45.30233520773552,0.0,0.0,0.0,0.0,0.0,0.0,0.0
10.0,4.74083704185209,0.0036262266118407,0.0036262266048514,0.99999342521447,0.99999342521447,49.41370051424408,0.0,49.97575364593338,0.0,45.59506133771748,0.0,45.30233514594422,0.0,0.0,0.0,0.0,0.0,0.0,0.0
10.0,4.74108705435272,0.0036262674064015,0.0036262673994025,0.999993425066534,0.999993425066534,49.41370050295238,0.0,49.97575335177083,0.0,45.59506133429153,0.0,45.30233508414972,0.0,0.0,0.0,0.0,0.0,0.0,0.0
10.0,4.74133706685334,0.0036263082026151,0.0036263081956065,0.999993424918591,0.9999934249185912,49.41370049165992,0.0,49.97575305759302,0.0,45.5950613308657,0.0,45.302335022352,0.0,0.0,0.0,0.0,0.0,0.0,0.0
10.0,4.74158707935397,0.0036263490004814,0.0036263489934631,0.999993424770639,0.99999342477064,49.41370048036672,0.0,49.97575276339994,0.0,45.59506132744001,0.0,45.302334960551065,0.0,0.0,0.0,0.0,0.0,0.0,0.0
10.0,4.74183709185459,0.0036263898000004,0.0036263897929725,0.99999342462268,0.9999934246226808,49.41370046907274,0.0,49.97575246919159,0.0,45.595061324014445,0.0,45.30233489874691,0.0,0.0,0.0,0.0,0.0,0.0,0.0
10.0,4.74208710435522,0.003626430601172,0.0036264305941345,0.999993424474714,0.999993424474714,49.413700457778006,0.0,49.97575217496799,0.0,45.59506132058903,0.0,45.30233483693955,0.0,0.0,0.0,0.0,0.0,0.0,0.0
10.0,4.74233711685584,0.0036264714039962,0.003626471396949,0.99999342432674,0.99999342432674,49.41370044648253,0.0,49.97575188072912,0.0,45.59506131716374,0.0,45.30233477512897,0.0,0.0,0.0,0.0,0.0,0.0,0.0
10.0,4.74258712935647,0.0036265122084729,0.0036265122014159,0.999993424178758,0.999993424178758,49.4137004351863,0.0,49.975751586474985,0.0,45.59506131373862,0.0,45.30233471331518,0.0,0.0,0.0,0.0,0.0,0.0,0.0
10.0,4.74283714185709,0.003626553014602,0.0036265530075354,0.999993424030768,0.999993424030769,49.4137004238893,0.0,49.97575129220559,0.0,45.59506131031363,0.0,45.30233465149817,0.0,0.0,0.0,0.0,0.0,0.0,0.0
10.0,4.74308715435772,0.0036265938223835,0.0036265938153071,0.9999934238827708,0.999993423882771,49.41370041259155,0.0,49.975750997920926,0.0,45.59506130688881,0.0,45.30233458967795,0.0,0.0,0.0,0.0,0.0,0.0,0.0
10.0,4.74333716685834,0.0036266346318173,0.0036266346247312,0.999993423734766,0.999993423734766,49.413700401293056,0.0,49.97575070362101,0.0,45.595061303464135,0.0,45.30233452785452,0.0,0.0,0.0,0.0,0.0,0.0,0.0
10.0,4.74358717935897,0.0036266754429034,0.0036266754358075,0.999993423586754,0.999993423586754,49.413700389993785,0.0,49.975750409305824,0.0,45.595061300039625,0.0,45.302334466027865,0.0,0.0,0.0,0.0,0.0,0.0,0.0
10.0,4.74383719185959,0.0036267162556416,0.003626716248536,0.999993423438734,0.999993423438734,49.413700378693775,0.0,49.97575011497538,0.0,45.59506129661528,0.0,45.302334404198,0.0,0.0,0.0,0.0,0.0,0.0,0.0
10.0,4.74408720436022,0.003626757070032,0.0036267570629166,0.9999934232907058,0.999993423290706,49.413700367393,0.0,49.97574982062967,0.0,45.59506129319109,0.0,45.30233434236492,0.0,0.0,0.0,0.0,0.0,0.0,0.0
10.0,4.74433721686084,0.0036267978860744,0.0036267978789492,0.99999342314267,0.99999342314267,49.41370035609148,0.0,49.97574952626871,0.0,45.5950612897671,0.0,45.30233428052863,0.0,0.0,0.0,0.0,0.0,0.0,0.0
10.0,4.74458722936147,0.0036268387037689,0.0036268386966338,0.9999934229946268,0.999993422994627,49.4137003447892,0.0,49.97574923189248,0.0,45.59506128634327,0.0,45.302334218689126,0.0,0.0,0.0,0.0,0.0,0.0,0.0
10.0,4.74483724186209,0.0036268795231153,0.0036268795159704,0.999993422846576,0.999993422846576,49.41370033348616,0.0,49.97574893750101,0.0,45.595061282919616,0.0,45.3023341568464,0.0,0.0,0.0,0.0,0.0,0.0,0.0
10.0,4.74508725436272,0.0036269203441135,0.0036269203369588,0.999993422698518,0.999993422698518,49.413700322182365,0.0,49.975748643094256,0.0,45.59506127949616,0.0,45.30233409500046,0.0,0.0,0.0,0.0,0.0,0.0,0.0
10.0,4.74533726686334,0.0036269611667636,0.003626961159599,0.999993422550452,0.999993422550452,49.413700310877815,0.0,49.97574834867226,0.0,45.59506127607288,0.0,45.30233403315131,0.0,0.0,0.0,0.0,0.0,0.0,0.0
10.0,4.74558727936397,0.0036270019910654,0.003627001983891,0.999993422402378,0.999993422402378,49.4137002995725,0.0,49.975748054235005,0.0,45.5950612726498,0.0,45.30233397129894,0.0,0.0,0.0,0.0,0.0,0.0,0.0
10.0,4.74583729186459,0.003627042817019,0.0036270428098346,0.999993422254296,0.999993422254296,49.41370028826645,0.0,49.97574775978249,0.0,45.59506126922692,0.0,45.30233390944337,0.0,0.0,0.0,0.0,0.0,0.0,0.0
10.0,4.74608730436522,0.0036270836446241,0.0036270836374298,0.999993422106207,0.999993422106207,49.41370027695963,0.0,49.97574746531472,0.0,45.59506126580424,0.0,45.30233384758457,0.0,0.0,0.0,0.0,0.0,0.0,0.0
10.0,4.74633731686584,0.0036271244738808,0.0036271244666766,0.99999342195811,0.99999342195811,49.41370026565207,0.0,49.97574717083169,0.0,45.59506126238176,0.0,45.30233378572257,0.0,0.0,0.0,0.0,0.0,0.0,0.0
10.0,4.74658732936647,0.0036271653047891,0.0036271652975749,0.999993421810006,0.999993421810006,49.41370025434375,0.0,49.97574687633342,0.0,45.5950612589595,0.0,45.30233372385734,0.0,0.0,0.0,0.0,0.0,0.0,0.0
10.0,4.74683734186709,0.0036272061373487,0.0036272061301247,0.999993421661894,0.999993421661894,49.413700243034654,0.0,49.97574658181988,0.0,45.595061255537445,0.0,45.3023336619889,0.0,0.0,0.0,0.0,0.0,0.0,0.0
10.0,4.74708735436772,0.0036272469715598,0.0036272469643258,0.999993421513774,0.999993421513774,49.413700231724825,0.0,49.97574628729108,0.0,45.59506125211561,0.0,45.30233360011726,0.0,0.0,0.0,0.0,0.0,0.0,0.0
10.0,4.74733736686834,0.0036272878074222,0.0036272878001782,0.999993421365646,0.999993421365647,49.41370022041423,0.0,49.97574599274704,0.0,45.595061248694,0.0,45.30233353824239,0.0,0.0,0.0,0.0,0.0,0.0,0.0
10.0,4.74758737936897,0.0036273286449358,0.0036273286376818,0.999993421217511,0.999993421217511,49.41370020910289,0.0,49.97574569818774,0.0,45.59506124527263,0.0,45.3023334763643,0.0,0.0,0.0,0.0,0.0,0.0,0.0
10.0,4.74783739186959,0.0036273694841006,0.0036273694768366,0.999993421069368,0.999993421069369,49.41370019779079,0.0,49.97574540361319,0.0,45.59506124185149,0.0,45.30233341448302,0.0,0.0,0.0,0.0,0.0,0.0,0.0
10.0,4.74808740437022,0.0036274103249166,0.0036274103176426,0.999993420921218,0.999993420921218,49.41370018647793,0.0,49.975745109023386,0.0,45.59506123843058,0.0,45.3023333525985,0.0,0.0,0.0,0.0,0.0,0.0,0.0
10.0,4.74833741687084,0.0036274511673836,0.0036274511600996,0.99999342077306,0.99999342077306,49.41370017516432,0.0,49.97574481441832,0.0,45.59506123500992,0.0,45.302333290710784,0.0,0.0,0.0,0.0,0.0,0.0,0.0
10.0,4.74858742937147,0.0036274920115017,0.0036274920042076,0.999993420624894,0.999993420624894,49.41370016384995,0.0,49.97574451979803,0.0,45.595061231589504,0.0,45.30233322881985,0.0,0.0,0.0,0.0,0.0,0.0,0.0
10.0,4.74883744187209,0.0036275328572707,0.0036275328499665,0.999993420476721,0.999993420476721,49.41370015253484,0.0,49.97574422516246,0.0,45.59506122816935,0.0,45.30233316692569,0.0,0.0,0.0,0.0,0.0,0.0,0.0
10.0,4.74908745437272,0.0036275737046906,0.0036275736973763,0.99999342032854,0.99999342032854,49.41370014121896,0.0,49.975743930511655,0.0,45.59506122474946,0.0,45.302333105028325,0.0,0.0,0.0,0.0,0.0,0.0,0.0
10.0,4.74933746687334,0.0036276145537613,0.0036276145464369,0.999993420180351,0.9999934201803508,49.41370012990232,0.0,49.9757436358456,0.0,45.59506122132982,0.0,45.30233304312775,0.0,0.0,0.0,0.0,0.0,0.0,0.0
10.0,4.74958747937397,0.0036276554044828,0.0036276553971483,0.999993420032154,0.999993420032154,49.41370011858494,0.0,49.97574334116429,0.0,45.595061217910455,0.0,45.30233298122396,0.0,0.0,0.0,0.0,0.0,0.0,0.0
10.0,4.74983749187459,0.0036276962568549,0.0036276962495103,0.99999341988395,0.99999341988395,49.413700107266806,0.0,49.97574304646773,0.0,45.595061214491366,0.0,45.30233291931695,0.0,0.0,0.0,0.0,0.0,0.0,0.0
10.0,4.75008750437522,0.0036277371108778,0.003627737103523,0.999993419735738,0.999993419735738,49.41370009594791,0.0,49.97574275175592,0.0,45.59506121107257,0.0,45.30233285740672,0.0,0.0,0.0,0.0,0.0,0.0,0.0
10.0,4.75033751687584,0.0036277779665511,0.0036277779591862,0.999993419587519,0.999993419587519,49.41370008462827,0.0,49.97574245702887,0.0,45.59506120765405,0.0,45.302332795493285,0.0,0.0,0.0,0.0,0.0,0.0,0.0
10.0,4.750587529376471,0.0036278188238751,0.0036278188164999,0.999993419439292,0.999993419439292,49.413700073307865,0.0,49.975742162286565,0.0,45.59506120423582,0.0,45.30233273357664,0.0,0.0,0.0,0.0,0.0,0.0,0.0
10.0,4.75083754187709,0.0036278596828494,0.0036278596754641,0.999993419291057,0.999993419291057,49.413700061986695,0.0,49.975741867529024,0.0,45.595061200817895,0.0,45.30233267165677,0.0,0.0,0.0,0.0,0.0,0.0,0.0
10.0,4.75108755437772,0.0036279005434742,0.0036279005360787,0.999993419142815,0.999993419142815,49.41370005066479,0.0,49.97574157275623,0.0,45.59506119740027,0.0,45.30233260973369,0.0,0.0,0.0,0.0,0.0,0.0,0.0
10.0,4.75133756687834,0.0036279414057492,0.0036279413983435,0.999993418994564,0.999993418994564,49.413700039342125,0.0,49.97574127796819,0.0,45.59506119398296,0.0,45.3023325478074,0.0,0.0,0.0,0.0,0.0,0.0,0.0
10.0,4.75158757937897,0.0036279822696746,0.0036279822622586,0.999993418846307,0.999993418846307,49.41370002801871,0.0,49.9757409831649,0.0,45.59506119056597,0.0,45.30233248587788,0.0,0.0,0.0,0.0,0.0,0.0,0.0
10.0,4.75183759187959,0.0036280231352501,0.0036280231278239,0.999993418698041,0.999993418698041,49.41370001669453,0.0,49.97574068834636,0.0,45.59506118714928,0.0,45.30233242394516,0.0,0.0,0.0,0.0,0.0,0.0,0.0
10.0,4.75208760438022,0.0036280640024758,0.0036280639950394,0.999993418549768,0.999993418549768,49.4137000053696,0.0,49.97574039351259,0.0,45.59506118373295,0.0,45.30233236200923,0.0,0.0,0.0,0.0,0.0,0.0,0.0
10.0,4.75233761688084,0.0036281048713516,0.0036281048639049,0.999993418401487,0.999993418401487,49.41369999404392,0.0,49.975740098663564,0.0,45.59506118031694,0.0,45.30233230007008,0.0,0.0,0.0,0.0,0.0,0.0,0.0
10.0,4.75258762938147,0.0036281457418774,0.0036281457344204,0.999993418253199,0.999993418253199,49.41369998271748,0.0,49.9757398037993,0.0,45.59506117690127,0.0,45.30233223812771,0.0,0.0,0.0,0.0,0.0,0.0,0.0
10.0,4.75283764188209,0.0036281866140532,0.0036281866065858,0.999993418104903,0.999993418104903,49.41369997139029,0.0,49.975739508919794,0.0,45.59506117348595,0.0,45.30233217618213,0.0,0.0,0.0,0.0,0.0,0.0,0.0
10.0,4.75308765438272,0.0036282274878788,0.0036282274804011,0.999993417956599,0.9999934179565992,49.41369996006234,0.0,49.97573921402504,0.0,45.59506117007099,0.0,45.30233211423334,0.0,0.0,0.0,0.0,0.0,0.0,0.0
10.0,4.75333766688334,0.0036282683633543,0.0036282683558663,0.999993417808288,0.999993417808288,49.41369994873364,0.0,49.975738919115045,0.0,45.5950611666564,0.0,45.302332052281336,0.0,0.0,0.0,0.0,0.0,0.0,0.0
10.0,4.75358767938397,0.0036283092404796,0.0036283092329812,0.9999934176599689,0.9999934176599689,49.41369993740419,0.0,49.975738624189816,0.0,45.59506116324217,0.0,45.30233199032611,0.0,0.0,0.0,0.0,0.0,0.0,0.0
10.0,4.75383769188459,0.0036283501192545,0.0036283501117457,0.999993417511642,0.999993417511642,49.41369992607398,0.0,49.97573832924934,0.0,45.59506115982832,0.0,45.30233192836767,0.0,0.0,0.0,0.0,0.0,0.0,0.0
10.0,4.75408770438522,0.0036283909996791,0.00362839099216,0.999993417363308,0.999993417363308,49.41369991474301,0.0,49.97573803429362,0.0,45.59506115641485,0.0,45.30233186640603,0.0,0.0,0.0,0.0,0.0,0.0,0.0
10.0,4.75433771688584,0.0036284318817533,0.0036284318742238,0.999993417214966,0.999993417214966,49.4136999034113,0.0,49.97573773932267,0.0,45.59506115300178,0.0,45.30233180444117,0.0,0.0,0.0,0.0,0.0,0.0,0.0
10.0,4.75458772938647,0.003628472765477,0.0036284727579371,0.999993417066616,0.999993417066616,49.41369989207883,0.0,49.97573744433647,0.0,45.59506114958911,0.0,45.302331742473086,0.0,0.0,0.0,0.0,0.0,0.0,0.0
10.0,4.75483774188709,0.0036285136508502,0.0036285136432998,0.999993416918258,0.999993416918258,49.41369988074561,0.0,49.97573714933503,0.0,45.595061146176846,0.0,45.30233168050179,0.0,0.0,0.0,0.0,0.0,0.0,0.0
10.0,4.75508775438772,0.0036285545378728,0.0036285545303119,0.999993416769893,0.9999934167698932,49.41369986941162,0.0,49.97573685431836,0.0,45.59506114276499,0.0,45.30233161852728,0.0,0.0,0.0,0.0,0.0,0.0,0.0
10.0,4.75533776688834,0.0036285954265447,0.0036285954189734,0.999993416621521,0.999993416621521,49.413699858076896,0.0,49.975736559286446,0.0,45.595061139353554,0.0,45.30233155654957,0.0,0.0,0.0,0.0,0.0,0.0,0.0
10.0,4.75558777938897,0.0036286363168659,0.0036286363092841,0.99999341647314,0.99999341647314,49.413699846741416,0.0,49.975736264239295,0.0,45.59506113594256,0.0,45.30233149456864,0.0,0.0,0.0,0.0,0.0,0.0,0.0
10.0,4.75583779188959,0.0036286772088363,0.003628677201244,0.999993416324752,0.999993416324752,49.41369983540518,0.0,49.9757359691769,0.0,45.595061132532,0.0,45.30233143258449,0.0,0.0,0.0,0.0,0.0,0.0,0.0
10.0,4.756087804390219,0.0036287181024559,0.0036287180948531,0.999993416176357,0.999993416176357,49.41369982406819,0.0,49.97573567409928,0.0,45.59506112912189,0.0,45.30233137059712,0.0,0.0,0.0,0.0,0.0,0.0,0.0
10.0,4.75633781689084,0.0036287589977245,0.0036287589901112,0.999993416027953,0.999993416027953,49.41369981273044,0.0,49.975735379006416,0.0,45.59506112571224,0.0,45.30233130860655,0.0,0.0,0.0,0.0,0.0,0.0,0.0
10.0,4.75658782939147,0.0036287998946422,0.0036287998870183,0.999993415879542,0.999993415879542,49.41369980139195,0.0,49.97573508389832,0.0,45.59506112230304,0.0,45.302331246612745,0.0,0.0,0.0,0.0,0.0,0.0,0.0
10.0,4.75683784189209,0.0036288407932089,0.0036288407855744,0.999993415731123,0.9999934157311228,49.413699790052696,0.0,49.97573478877498,0.0,45.59506111889433,0.0,45.30233118461575,0.0,0.0,0.0,0.0,0.0,0.0,0.0
10.0,4.75708785439272,0.0036288816934244,0.0036288816857794,0.999993415582697,0.9999934155826968,49.41369977871269,0.0,49.975734493636416,0.0,45.59506111548609,0.0,45.30233112261553,0.0,0.0,0.0,0.0,0.0,0.0,0.0
10.0,4.75733786689335,0.0036289225952888,0.0036289225876332,0.999993415434263,0.999993415434263,49.41369976737192,0.0,49.975734198482606,0.0,45.59506111207835,0.0,45.3023310606121,0.0,0.0,0.0,0.0,0.0,0.0,0.0
10.0,4.75758787939397,0.003628963498802,0.0036289634911357,0.999993415285821,0.9999934152858208,49.41369975603042,0.0,49.97573390331357,0.0,45.59506110867111,0.0,45.30233099860545,0.0,0.0,0.0,0.0,0.0,0.0,0.0
10.0,4.75783789189459,0.0036290044039638,0.003629004396287,0.999993415137372,0.999993415137372,49.41369974468815,0.0,49.975733608129296,0.0,45.59506110526438,0.0,45.3023309365956,0.0,0.0,0.0,0.0,0.0,0.0,0.0
10.0,4.75808790439522,0.0036290453107744,0.0036290453030869,0.999993414988915,0.9999934149889148,49.413699733345126,0.0,49.97573331292978,0.0,45.59506110185817,0.0,45.30233087458252,0.0,0.0,0.0,0.0,0.0,0.0,0.0
10.0,4.758337916895841,0.0036290862192335,0.0036290862115354,0.99999341484045,0.99999341484045,49.41369972200136,0.0,49.97573301771504,0.0,45.59506109845249,0.0,45.30233081256623,0.0,0.0,0.0,0.0,0.0,0.0,0.0
10.0,4.75858792939647,0.0036291271293412,0.0036291271216324,0.999993414691978,0.999993414691978,49.41369971065684,0.0,49.97573272248507,0.0,45.59506109504735,0.0,45.30233075054672,0.0,0.0,0.0,0.0,0.0,0.0,0.0
10.0,4.75883794189709,0.0036291680410973,0.0036291680333779,0.999993414543498,0.999993414543498,49.41369969931156,0.0,49.97573242723987,0.0,45.59506109164276,0.0,45.30233068852401,0.0,0.0,0.0,0.0,0.0,0.0,0.0
10.0,4.75908795439772,0.0036292089545019,0.0036292089467717,0.99999341439501,0.99999341439501,49.413699687965526,0.0,49.97573213197944,0.0,45.59506108823873,0.0,45.30233062649808,0.0,0.0,0.0,0.0,0.0,0.0,0.0
10.0,4.75933796689834,0.0036292498695548,0.0036292498618139,0.999993414246515,0.9999934142465148,49.41369967661875,0.0,49.97573183670377,0.0,45.59506108483528,0.0,45.30233056446893,0.0,0.0,0.0,0.0,0.0,0.0,0.0
10.0,4.75958797939897,0.0036292907862559,0.0036292907785044,0.999993414098012,0.999993414098012,49.41369966527121,0.0,49.97573154141288,0.0,45.595061081432405,0.0,45.302330502436575,0.0,0.0,0.0,0.0,0.0,0.0,0.0
10.0,4.7598379918996,0.0036293317046053,0.003629331696843,0.999993413949501,0.9999934139495008,49.41369965392292,0.0,49.97573124610675,0.0,45.59506107803012,0.0,45.302330440401,0.0,0.0,0.0,0.0,0.0,0.0,0.0
10.0,4.76008800440022,0.0036293726246029,0.0036293726168298,0.999993413800983,0.999993413800983,49.41369964257388,0.0,49.97573095078539,0.0,45.59506107462845,0.0,45.30233037836222,0.0,0.0,0.0,0.0,0.0,0.0,0.0
10.0,4.76033801690084,0.0036294135462485,0.0036294135384647,0.999993413652457,0.999993413652457,49.41369963122408,0.0,49.97573065544881,0.0,45.59506107122739,0.0,45.30233031632022,0.0,0.0,0.0,0.0,0.0,0.0,0.0
10.0,4.76058802940147,0.0036294544695422,0.0036294544617476,0.9999934135039232,0.999993413503923,49.41369961987353,0.0,49.975730360097,0.0,45.59506106782697,0.0,45.302330254275006,0.0,0.0,0.0,0.0,0.0,0.0,0.0
10.0,4.76083804190209,0.0036294953944839,0.0036294953866785,0.999993413355382,0.999993413355382,49.41369960852223,0.0,49.97573006472995,0.0,45.59506106442717,0.0,45.30233019222658,0.0,0.0,0.0,0.0,0.0,0.0,0.0
10.0,4.76108805440272,0.0036295363210735,0.0036295363132572,0.999993413206833,0.999993413206833,49.41369959717018,0.0,49.97572976934768,0.0,45.595061061028034,0.0,45.30233013017494,0.0,0.0,0.0,0.0,0.0,0.0,0.0
10.0,4.76133806690335,0.0036295772493109,0.0036295772414838,0.999993413058276,0.999993413058276,49.41369958581737,0.0,49.97572947395019,0.0,45.59506105762956,0.0,45.30233006812008,0.0,0.0,0.0,0.0,0.0,0.0,0.0
10.0,4.761588079403969,0.0036296181791961,0.0036296181713582,0.999993412909712,0.999993412909712,49.41369957446381,0.0,49.975729178537456,0.0,45.59506105423176,0.0,45.302330006062,0.0,0.0,0.0,0.0,0.0,0.0,0.0
10.0,4.7618380919046,0.0036296591107291,0.0036296591028803,0.99999341276114,0.99999341276114,49.4136995631095,0.0,49.975728883109504,0.0,45.595061050834666,0.0,45.30232994400072,0.0,0.0,0.0,0.0,0.0,0.0,0.0
10.0,4.76208810440522,0.0036297000439097,0.00362970003605,0.99999341261256,0.99999341261256,49.41369955175444,0.0,49.97572858766633,0.0,45.59506104743826,0.0,45.302329881936224,0.0,0.0,0.0,0.0,0.0,0.0,0.0
10.0,4.76233811690585,0.0036297409787379,0.0036297409708673,0.999993412463973,0.999993412463973,49.41369954039863,0.0,49.97572829220793,0.0,45.59506104404258,0.0,45.30232981986852,0.0,0.0,0.0,0.0,0.0,0.0,0.0
10.0,4.76258812940647,0.0036297819152137,0.0036297819073322,0.999993412315378,0.999993412315378,49.413699529042056,0.0,49.97572799673429,0.0,45.59506104064763,0.0,45.30232975779759,0.0,0.0,0.0,0.0,0.0,0.0,0.0
10.0,4.7628381419071,0.0036298228533369,0.0036298228454445,0.9999934121667748,0.999993412166775,49.413699517684734,0.0,49.97572770124544,0.0,45.59506103725342,0.0,45.30232969572345,0.0,0.0,0.0,0.0,0.0,0.0,0.0
10.0,4.76308815440772,0.0036298637931075,0.0036298637852042,0.9999934120181652,0.9999934120181652,49.41369950632667,0.0,49.97572740574137,0.0,45.59506103385998,0.0,45.302329633646096,0.0,0.0,0.0,0.0,0.0,0.0,0.0
10.0,4.76333816690834,0.0036299047345255,0.0036299047266112,0.999993411869547,0.999993411869547,49.41369949496784,0.0,49.97572711022207,0.0,45.5950610304673,0.0,45.30232957156554,0.0,0.0,0.0,0.0,0.0,0.0,0.0
10.0,4.76358817940897,0.0036299456775908,0.0036299456696655,0.999993411720921,0.999993411720921,49.41369948360826,0.0,49.97572681468754,0.0,45.59506102707541,0.0,45.30232950948175,0.0,0.0,0.0,0.0,0.0,0.0,0.0
10.0,4.7638381919096,0.0036299866223034,0.0036299866143671,0.9999934115722882,0.999993411572288,49.413699472247934,0.0,49.975726519137794,0.0,45.59506102368432,0.0,45.302329447394754,0.0,0.0,0.0,0.0,0.0,0.0,0.0
10.0,4.76408820441022,0.0036300275686631,0.0036300275607158,0.999993411423647,0.999993411423647,49.41369946088685,0.0,49.97572622357283,0.0,45.59506102029406,0.0,45.30232938530455,0.0,0.0,0.0,0.0,0.0,0.0,0.0
10.0,4.76433821691085,0.0036300685166699,0.0036300685087115,0.999993411274998,0.999993411274999,49.41369944952502,0.0,49.97572592799263,0.0,45.59506101690464,0.0,45.302329323211126,0.0,0.0,0.0,0.0,0.0,0.0,0.0
10.0,4.76458822941147,0.0036301094663237,0.0036301094583544,0.999993411126342,0.999993411126343,49.41369943816244,0.0,49.97572563239722,0.0,45.59506101351607,0.0,45.302329261114494,0.0,0.0,0.0,0.0,0.0,0.0,0.0
10.0,4.7648382419121,0.0036301504176246,0.0036301504096441,0.999993410977678,0.999993410977678,49.41369942679909,0.0,49.97572533678659,0.0,45.595061010128354,0.0,45.30232919901464,0.0,0.0,0.0,0.0,0.0,0.0,0.0
10.0,4.76508825441272,0.0036301913705723,0.0036301913625808,0.999993410829007,0.999993410829007,49.413699415435005,0.0,49.97572504116073,0.0,45.59506100674153,0.0,45.30232913691158,0.0,0.0,0.0,0.0,0.0,0.0,0.0
10.0,4.76533826691335,0.0036302323251669,0.0036302323171644,0.999993410680327,0.999993410680328,49.41369940407017,0.0,49.97572474551965,0.0,45.59506100335561,0.0,45.3023290748053,0.0,0.0,0.0,0.0,0.0,0.0,0.0
10.0,4.76558827941397,0.0036302732814083,0.0036302732733947,0.999993410531641,0.999993410531641,49.41369939270457,0.0,49.97572444986335,0.0,45.595060999970606,0.0,45.30232901269581,0.0,0.0,0.0,0.0,0.0,0.0,0.0
10.0,4.7658382919146,0.0036303142392965,0.0036303142312717,0.999993410382946,0.999993410382946,49.41369938133823,0.0,49.975724154191845,0.0,45.59506099658654,0.0,45.30232895058311,0.0,0.0,0.0,0.0,0.0,0.0,0.0
10.0,4.76608830441522,0.0036303551988313,0.0036303551907954,0.999993410234243,0.999993410234244,49.413699369971134,0.0,49.97572385850511,0.0,45.59506099320344,0.0,45.30232888846719,0.0,0.0,0.0,0.0,0.0,0.0,0.0
10.0,4.766338316915851,0.0036303961600127,0.0036303961519657,0.999993410085534,0.999993410085534,49.41369935860329,0.0,49.97572356280316,0.0,45.595060989821306,0.0,45.30232882634805,0.0,0.0,0.0,0.0,0.0,0.0,0.0
10.0,4.76658832941647,0.0036304371228407,0.0036304371147825,0.999993409936816,0.999993409936816,49.41369934723469,0.0,49.97572326708598,0.0,45.59506098644016,0.0,45.30232876422571,0.0,0.0,0.0,0.0,0.0,0.0,0.0
10.0,4.7668383419171,0.0036304780873152,0.0036304780792458,0.999993409788091,0.999993409788091,49.41369933586534,0.0,49.9757229713536,0.0,45.59506098306005,0.0,45.30232870210016,0.0,0.0,0.0,0.0,0.0,0.0,0.0
10.0,4.76708835441772,0.003630519053436,0.0036305190453555,0.999993409639358,0.999993409639358,49.413699324495234,0.0,49.97572267560598,0.0,45.59506097968095,0.0,45.302328639971385,0.0,0.0,0.0,0.0,0.0,0.0,0.0
10.0,4.76733836691835,0.0036305600212033,0.0036305600131115,0.999993409490617,0.9999934094906168,49.41369931312438,0.0,49.97572237984317,0.0,45.59506097630292,0.0,45.3023285778394,0.0,0.0,0.0,0.0,0.0,0.0,0.0
10.0,4.76758837941897,0.0036306009906169,0.0036306009825138,0.999993409341869,0.999993409341869,49.41369930175277,0.0,49.975722084065126,0.0,45.59506097292596,0.0,45.30232851570419,0.0,0.0,0.0,0.0,0.0,0.0,0.0
10.0,4.7678383919196,0.0036306419616767,0.0036306419535624,0.999993409193113,0.999993409193113,49.41369929038042,0.0,49.97572178827187,0.0,45.5950609695501,0.0,45.302328453565785,0.0,0.0,0.0,0.0,0.0,0.0,0.0
10.0,4.76808840442022,0.0036306829343826,0.0036306829262571,0.999993409044349,0.999993409044349,49.41369927900731,0.0,49.97572149246341,0.0,45.59506096617535,0.0,45.30232839142416,0.0,0.0,0.0,0.0,0.0,0.0,0.0
10.0,4.76833841692085,0.0036307239087347,0.0036307239005979,0.999993408895578,0.999993408895579,49.41369926763345,0.0,49.97572119663972,0.0,45.59506096280174,0.0,45.30232832927932,0.0,0.0,0.0,0.0,0.0,0.0,0.0
10.0,4.76858842942147,0.0036307648847329,0.0036307648765848,0.9999934087467988,0.9999934087468,49.413699256258845,0.0,49.975720900800816,0.0,45.5950609594293,0.0,45.30232826713125,0.0,0.0,0.0,0.0,0.0,0.0,0.0
10.0,4.7688384419221,0.003630805862377,0.0036308058542176,0.999993408598013,0.999993408598013,49.41369924488348,0.0,49.9757206049467,0.0,45.595060956058056,0.0,45.30232820497999,0.0,0.0,0.0,0.0,0.0,0.0,0.0
10.0,4.76908845442272,0.0036308468416671,0.0036308468334964,0.999993408449219,0.999993408449219,49.413699233507366,0.0,49.975720309077374,0.0,45.595060952688016,0.0,45.3023281428255,0.0,0.0,0.0,0.0,0.0,0.0,0.0
10.0,4.76933846692335,0.003630887822603,0.003630887814421,0.999993408300417,0.999993408300417,49.41369922213051,0.0,49.975720013192834,0.0,45.59506094931922,0.0,45.302328080667806,0.0,0.0,0.0,0.0,0.0,0.0,0.0
10.0,4.76958847942397,0.0036309288051847,0.0036309287969914,0.999993408151607,0.9999934081516068,49.41369921075289,0.0,49.975719717293074,0.0,45.59506094595168,0.0,45.3023280185069,0.0,0.0,0.0,0.0,0.0,0.0,0.0
10.0,4.7698384919246,0.0036309697894122,0.0036309697812075,0.99999340800279,0.99999340800279,49.41369919937452,0.0,49.97571942137811,0.0,45.59506094258543,0.0,45.30232795634277,0.0,0.0,0.0,0.0,0.0,0.0,0.0
10.0,4.77008850442522,0.0036310107752854,0.0036310107670693,0.999993407853965,0.999993407853965,49.413699187995405,0.0,49.97571912544794,0.0,45.59506093922049,0.0,45.30232789417544,0.0,0.0,0.0,0.0,0.0,0.0,0.0
10.0,4.77033851692585,0.0036310517628042,0.0036310517545766,0.999993407705132,0.9999934077051332,49.41369917661554,0.0,49.97571882950253,0.0,45.59506093585689,0.0,45.302327832004885,0.0,0.0,0.0,0.0,0.0,0.0,0.0
10.0,4.77058852942647,0.0036310927519685,0.0036310927437296,0.999993407556292,0.999993407556292,49.41369916523492,0.0,49.97571853354194,0.0,45.59506093249468,0.0,45.30232776983112,0.0,0.0,0.0,0.0,0.0,0.0,0.0
10.0,4.7708385419271,0.0036311337427783,0.003631133734528,0.999993407407444,0.999993407407444,49.41369915385355,0.0,49.97571823756613,0.0,45.59506092913384,0.0,45.30232770765414,0.0,0.0,0.0,0.0,0.0,0.0,0.0
10.0,4.77108855442772,0.0036311747352336,0.0036311747269718,0.999993407258589,0.999993407258589,49.41369914247144,0.0,49.9757179415751,0.0,45.59506092577444,0.0,45.30232764547395,0.0,0.0,0.0,0.0,0.0,0.0,0.0
10.0,4.77133856692835,0.0036312157293343,0.003631215721061,0.9999934071097258,0.9999934071097258,49.41369913108856,0.0,49.97571764556887,0.0,45.595060922416494,0.0,45.30232758329055,0.0,0.0,0.0,0.0,0.0,0.0,0.0
10.0,4.77158857942897,0.0036312567250802,0.0036312567167955,0.999993406960854,0.9999934069608548,49.41369911970494,0.0,49.97571734954743,0.0,45.595060919060046,0.0,45.30232752110393,0.0,0.0,0.0,0.0,0.0,0.0,0.0
10.0,4.771838591929601,0.0036312977224714,0.0036312977141752,0.999993406811976,0.999993406811976,49.41369910832056,0.0,49.97571705351078,0.0,45.59506091570511,0.0,45.30232745891411,0.0,0.0,0.0,0.0,0.0,0.0,0.0
10.0,4.77208860443022,0.0036313387215078,0.0036313387132001,0.99999340666309,0.99999340666309,49.413699096935446,0.0,49.97571675745892,0.0,45.59506091235171,0.0,45.302327396721054,0.0,0.0,0.0,0.0,0.0,0.0,0.0
10.0,4.77233861693085,0.0036313797221893,0.0036313797138701,0.999993406514196,0.999993406514196,49.41369908554957,0.0,49.97571646139185,0.0,45.59506090899992,0.0,45.3023273345248,0.0,0.0,0.0,0.0,0.0,0.0,0.0
10.0,4.77258862943147,0.0036314207245159,0.0036314207161851,0.999993406365295,0.999993406365295,49.41369907416296,0.0,49.97571616530957,0.0,45.59506090564973,0.0,45.30232727232532,0.0,0.0,0.0,0.0,0.0,0.0,0.0
10.0,4.7728386419321,0.0036314617284875,0.0036314617201451,0.999993406216385,0.999993406216385,49.41369906277558,0.0,49.97571586921209,0.0,45.5950609023012,0.0,45.30232721012264,0.0,0.0,0.0,0.0,0.0,0.0,0.0
10.0,4.77308865443272,0.003631502734104,0.0036315027257501,0.999993406067468,0.9999934060674692,49.41369905138745,0.0,49.975715573099386,0.0,45.59506089895436,0.0,45.302327147916735,0.0,0.0,0.0,0.0,0.0,0.0,0.0
10.0,4.77333866693335,0.0036315437413654,0.0036315437329999,0.999993405918544,0.999993405918544,49.41369903999858,0.0,49.97571527697149,0.0,45.59506089560924,0.0,45.30232708570762,0.0,0.0,0.0,0.0,0.0,0.0,0.0
10.0,4.77358867943397,0.0036315847502716,0.0036315847418945,0.9999934057696122,0.999993405769612,49.41369902860895,0.0,49.97571498082839,0.0,45.59506089226588,0.0,45.302327023495295,0.0,0.0,0.0,0.0,0.0,0.0,0.0
10.0,4.7738386919346,0.0036316257608226,0.0036316257524338,0.999993405620672,0.999993405620672,49.41369901721858,0.0,49.97571468467007,0.0,45.59506088892433,0.0,45.30232696127976,0.0,0.0,0.0,0.0,0.0,0.0,0.0
10.0,4.774088704435221,0.0036316667730182,0.0036316667646178,0.999993405471724,0.999993405471724,49.41369900582745,0.0,49.97571438849657,0.0,45.5950608855846,0.0,45.302326899061,0.0,0.0,0.0,0.0,0.0,0.0,0.0
10.0,4.77433871693585,0.0036317077868585,0.0036317077784465,0.999993405322769,0.999993405322769,49.41369899443558,0.0,49.97571409230785,0.0,45.59506088224676,0.0,45.30232683683904,0.0,0.0,0.0,0.0,0.0,0.0,0.0
10.0,4.77458872943647,0.0036317488023434,0.0036317487939196,0.999993405173807,0.999993405173807,49.41369898304296,0.0,49.97571379610392,0.0,45.59506087891085,0.0,45.30232677461386,0.0,0.0,0.0,0.0,0.0,0.0,0.0
10.0,4.7748387419371,0.0036317898194727,0.0036317898110373,0.999993405024836,0.999993405024836,49.41369897164958,0.0,49.97571349988479,0.0,45.59506087557691,0.0,45.30232671238546,0.0,0.0,0.0,0.0,0.0,0.0,0.0
10.0,4.77508875443772,0.0036318308382465,0.0036318308297994,0.999993404875858,0.999993404875858,49.41369896025546,0.0,49.97571320365046,0.0,45.59506087224496,0.0,45.30232665015386,0.0,0.0,0.0,0.0,0.0,0.0,0.0
10.0,4.77533876693835,0.0036318718586647,0.0036318718502059,0.999993404726872,0.999993404726872,49.413698948860585,0.0,49.97571290740092,0.0,45.59506086891508,0.0,45.30232658791903,0.0,0.0,0.0,0.0,0.0,0.0,0.0
10.0,4.77558877943897,0.0036319128807272,0.0036319128722567,0.999993404577878,0.999993404577878,49.41369893746496,0.0,49.97571261113618,0.0,45.595060865587286,0.0,45.302326525681,0.0,0.0,0.0,0.0,0.0,0.0,0.0
10.0,4.7758387919396,0.0036319539044339,0.0036319538959517,0.999993404428877,0.999993404428877,49.41369892606858,0.0,49.975712314856246,0.0,45.59506086226165,0.0,45.30232646343976,0.0,0.0,0.0,0.0,0.0,0.0,0.0
10.0,4.77608880444022,0.0036319949297849,0.0036319949212909,0.999993404279868,0.9999934042798692,49.41369891467146,0.0,49.9757120185611,0.0,45.59506085893821,0.0,45.30232640119529,0.0,0.0,0.0,0.0,0.0,0.0,0.0
10.0,4.77633881694085,0.00363203595678,0.0036320359482742,0.999993404130852,0.999993404130852,49.41369890327359,0.0,49.97571172225075,0.0,45.59506085561701,0.0,45.302326338947616,0.0,0.0,0.0,0.0,0.0,0.0,0.0
10.0,4.77658882944147,0.0036320769854191,0.0036320769769015,0.999993403981828,0.999993403981828,49.41369889187497,0.0,49.975711425925205,0.0,45.59506085229812,0.0,45.302326276696725,0.0,0.0,0.0,0.0,0.0,0.0,0.0
10.0,4.7768388419421,0.0036321180157023,0.0036321180071729,0.999993403832796,0.999993403832796,49.41369888047559,0.0,49.97571112958446,0.0,45.595060848981575,0.0,45.30232621444262,0.0,0.0,0.0,0.0,0.0,0.0,0.0
10.0,4.77708885444272,0.0036321590476294,0.0036321590390882,0.999993403683756,0.999993403683757,49.41369886907548,0.0,49.97571083322851,0.0,45.59506084566743,0.0,45.30232615218531,0.0,0.0,0.0,0.0,0.0,0.0,0.0
10.0,4.777338866943349,0.0036322000812004,0.0036322000726473,0.999993403534709,0.999993403534709,49.4136988576746,0.0,49.97571053685736,0.0,45.59506084235576,0.0,45.30232608992478,0.0,0.0,0.0,0.0,0.0,0.0,0.0
10.0,4.77758887944397,0.0036322411164153,0.0036322411078503,0.999993403385654,0.999993403385655,49.413698846272986,0.0,49.97571024047102,0.0,45.59506083904662,0.0,45.30232602766104,0.0,0.0,0.0,0.0,0.0,0.0,0.0
10.0,4.7778388919446,0.0036322821532738,0.003632282144697,0.999993403236592,0.999993403236592,49.413698834870615,0.0,49.97570994406947,0.0,45.59506083574005,0.0,45.30232596539408,0.0,0.0,0.0,0.0,0.0,0.0,0.0
10.0,4.77808890444522,0.0036323231917761,0.0036323231831874,0.999993403087522,0.999993403087522,49.4136988234675,0.0,49.97570964765272,0.0,45.59506083243612,0.0,45.30232590312392,0.0,0.0,0.0,0.0,0.0,0.0,0.0
10.0,4.77833891694585,0.003632364231922,0.0036323642233214,0.999993402938444,0.999993402938444,49.41369881206362,0.0,49.97570935122078,0.0,45.5950608291349,0.0,45.302325840850536,0.0,0.0,0.0,0.0,0.0,0.0,0.0
10.0,4.77858892944647,0.0036324052737115,0.003632405265099,0.999993402789359,0.999993402789359,49.41369880065901,0.0,49.97570905477363,0.0,45.59506082583645,0.0,45.30232577857394,0.0,0.0,0.0,0.0,0.0,0.0,0.0
10.0,4.7788389419471,0.0036324463171446,0.0036324463085201,0.999993402640265,0.999993402640265,49.41369878925365,0.0,49.97570875831129,0.0,45.59506082254083,0.0,45.30232571629412,0.0,0.0,0.0,0.0,0.0,0.0,0.0
10.0,4.77908895444772,0.003632487362221,0.0036324873535846,0.999993402491165,0.999993402491165,49.41369877784753,0.0,49.97570846183376,0.0,45.59506081924813,0.0,45.30232565401111,0.0,0.0,0.0,0.0,0.0,0.0,0.0
10.0,4.77933896694835,0.0036325284089409,0.0036325284002925,0.999993402342056,0.999993402342056,49.41369876644066,0.0,49.97570816534102,0.0,45.59506081595842,0.0,45.30232559172487,0.0,0.0,0.0,0.0,0.0,0.0,0.0
10.0,4.779588979448971,0.0036325694573041,0.0036325694486437,0.99999340219294,0.99999340219294,49.413698755033046,0.0,49.9757078688331,0.0,45.59506081267175,0.0,45.30232552943542,0.0,0.0,0.0,0.0,0.0,0.0,0.0
10.0,4.7798389919496,0.0036326105073105,0.0036326104986381,0.999993402043816,0.999993402043816,49.413698743624686,0.0,49.975707572309965,0.0,45.59506080938821,0.0,45.302325467142765,0.0,0.0,0.0,0.0,0.0,0.0,0.0
10.0,4.78008900445022,0.0036326515589602,0.0036326515502758,0.999993401894685,0.999993401894685,49.41369873221557,0.0,49.97570727577164,0.0,45.59506080610788,0.0,45.30232540484689,0.0,0.0,0.0,0.0,0.0,0.0,0.0
10.0,4.78033901695085,0.003632692612253,0.0036326926035565,0.999993401745545,0.999993401745546,49.41369872080571,0.0,49.97570697921813,0.0,45.59506080283084,0.0,45.3023253425478,0.0,0.0,0.0,0.0,0.0,0.0,0.0
10.0,4.78058902945147,0.0036327336671889,0.0036327336584804,0.999993401596399,0.999993401596399,49.41369870939511,0.0,49.97570668264942,0.0,45.59506079955716,0.0,45.30232528024549,0.0,0.0,0.0,0.0,0.0,0.0,0.0
10.0,4.7808390419521,0.0036327747237677,0.0036327747150472,0.999993401447244,0.999993401447245,49.41369869798374,0.0,49.975706386065504,0.0,45.59506079628696,0.0,45.30232521793997,0.0,0.0,0.0,0.0,0.0,0.0,0.0
10.0,4.78108905445272,0.0036328157819896,0.003632815773257,0.999993401298082,0.999993401298082,49.41369868657164,0.0,49.97570608946641,0.0,45.59506079302029,0.0,45.302325155631245,0.0,0.0,0.0,0.0,0.0,0.0,0.0
10.0,4.78133906695335,0.0036328568418544,0.0036328568331096,0.999993401148912,0.999993401148912,49.413698675158784,0.0,49.97570579285212,0.0,45.59506078975726,0.0,45.30232509331931,0.0,0.0,0.0,0.0,0.0,0.0,0.0
10.0,4.78158907945397,0.0036328979033619,0.0036328978946051,0.999993400999735,0.999993400999735,49.41369866374518,0.0,49.97570549622263,0.0,45.59506078649797,0.0,45.30232503100415,0.0,0.0,0.0,0.0,0.0,0.0,0.0
10.0,4.7818390919546,0.0036329389665123,0.0036329389577433,0.99999340085055,0.99999340085055,49.41369865233084,0.0,49.975705199577945,0.0,45.59506078324252,0.0,45.3023249686858,0.0,0.0,0.0,0.0,0.0,0.0,0.0
10.0,4.78208910445522,0.0036329800313053,0.0036329800225242,0.9999934007013572,0.999993400701357,49.41369864091573,0.0,49.97570490291808,0.0,45.59506077999098,0.0,45.302324906364206,0.0,0.0,0.0,0.0,0.0,0.0,0.0
10.0,4.78233911695585,0.003633021097741,0.0036330210889478,0.999993400552157,0.999993400552157,49.41369862949988,0.0,49.975704606243006,0.0,45.595060776743495,0.0,45.30232484403942,0.0,0.0,0.0,0.0,0.0,0.0,0.0
10.0,4.78258912945647,0.0036330621658194,0.0036330621570139,0.999993400402949,0.999993400402949,49.41369861808328,0.0,49.97570430955275,0.0,45.595060773500165,0.0,45.3023247817114,0.0,0.0,0.0,0.0,0.0,0.0,0.0
10.0,4.7828391419571,0.0036331032355402,0.0036331032267225,0.999993400253733,0.9999934002537328,49.41369860666594,0.0,49.9757040128473,0.0,45.59506077026108,0.0,45.30232471938019,0.0,0.0,0.0,0.0,0.0,0.0,0.0
10.0,4.78308915445772,0.0036331443069035,0.0036331442980736,0.99999340010451,0.99999340010451,49.41369859524785,0.0,49.97570371612666,0.0,45.595060767026375,0.0,45.30232465704575,0.0,0.0,0.0,0.0,0.0,0.0,0.0
10.0,4.78333916695835,0.0036331853799091,0.003633185371067,0.999993399955278,0.999993399955278,49.41369858382901,0.0,49.97570341939083,0.0,45.59506076379616,0.0,45.3023245947081,0.0,0.0,0.0,0.0,0.0,0.0,0.0
10.0,4.78358917945897,0.0036332264545571,0.0036332264457028,0.99999339980604,0.99999339980604,49.41369857240941,0.0,49.97570312263981,0.0,45.59506076057057,0.0,45.30232453236724,0.0,0.0,0.0,0.0,0.0,0.0,0.0
10.0,4.7838391919596,0.0036332675308474,0.0036332675219808,0.999993399656793,0.9999933996567932,49.41369856098908,0.0,49.97570282587361,0.0,45.59506075734973,0.0,45.302324470023166,0.0,0.0,0.0,0.0,0.0,0.0,0.0
10.0,4.78408920446022,0.0036333086087799,0.0036333085999011,0.999993399507539,0.999993399507539,49.41369854956799,0.0,49.9757025290922,0.0,45.59506075413376,0.0,45.30232440767588,0.0,0.0,0.0,0.0,0.0,0.0,0.0
10.0,4.78433921696085,0.0036333496883546,0.0036333496794635,0.999993399358277,0.9999933993582768,49.41369853814616,0.0,49.97570223229562,0.0,45.59506075092282,0.0,45.30232434532538,0.0,0.0,0.0,0.0,0.0,0.0,0.0
10.0,4.78458922946147,0.0036333907695713,0.0036333907606679,0.999993399209008,0.999993399209008,49.41369852672358,0.0,49.97570193548384,0.0,45.595060747717056,0.0,45.30232428297166,0.0,0.0,0.0,0.0,0.0,0.0,0.0
10.0,4.7848392419621,0.0036334318524301,0.0036334318435144,0.999993399059731,0.999993399059731,49.41369851530025,0.0,49.97570163865688,0.0,45.595060744516594,0.0,45.302324220614736,0.0,0.0,0.0,0.0,0.0,0.0,0.0
10.0,4.78508925446272,0.0036334729369309,0.0036334729280028,0.999993398910446,0.999993398910446,49.41369850387617,0.0,49.97570134181473,0.0,45.5950607413216,0.0,45.3023241582546,0.0,0.0,0.0,0.0,0.0,0.0,0.0
10.0,4.78533926696335,0.0036335140230735,0.0036335140141331,0.999993398761154,0.999993398761154,49.41369849245135,0.0,49.97570104495739,0.0,45.59506073813223,0.0,45.30232409589125,0.0,0.0,0.0,0.0,0.0,0.0,0.0
10.0,4.78558927946397,0.003633555110858,0.0036335551019052,0.999993398611854,0.999993398611854,49.413698481025776,0.0,49.97570074808485,0.0,45.59506073494865,0.0,45.30232403352468,0.0,0.0,0.0,0.0,0.0,0.0,0.0
10.0,4.7858392919646,0.0036335962002843,0.003633596191319,0.999993398462546,0.999993398462546,49.41369846959945,0.0,49.97570045119714,0.0,45.59506073177105,0.0,45.3023239711549,0.0,0.0,0.0,0.0,0.0,0.0,0.0
10.0,4.78608930446522,0.0036336372913522,0.0036336372823746,0.99999339831323,0.999993398313231,49.413698458172384,0.0,49.975700154294245,0.0,45.59506072859959,0.0,45.30232390878191,0.0,0.0,0.0,0.0,0.0,0.0,0.0
10.0,4.78633931696585,0.0036336783840619,0.0036336783750719,0.999993398163908,0.999993398163907,49.41369844674457,0.0,49.97569985737616,0.0,45.59506072543446,0.0,45.3023238464057,0.0,0.0,0.0,0.0,0.0,0.0,0.0
10.0,4.78658932946647,0.0036337194784131,0.0036337194694107,0.999993398014577,0.999993398014577,49.413698435316,0.0,49.97569956044289,0.0,45.59506072227587,0.0,45.302323784026285,0.0,0.0,0.0,0.0,0.0,0.0,0.0
10.0,4.7868393419671,0.0036337605744059,0.003633760565391,0.999993397865238,0.999993397865238,49.4136984238867,0.0,49.97569926349443,0.0,45.59506071912399,0.0,45.30232372164365,0.0,0.0,0.0,0.0,0.0,0.0,0.0
10.0,4.78708935446772,0.0036338016720401,0.0036338016630128,0.999993397715892,0.999993397715892,49.41369841245664,0.0,49.97569896653079,0.0,45.59506071597905,0.0,45.30232365925781,0.0,0.0,0.0,0.0,0.0,0.0,0.0
10.0,4.78733936696835,0.0036338427713158,0.0036338427622759,0.999993397566538,0.999993397566538,49.41369840102583,0.0,49.97569866955197,0.0,45.59506071284128,0.0,45.302323596868746,0.0,0.0,0.0,0.0,0.0,0.0,0.0
10.0,4.78758937946897,0.0036338838722328,0.0036338838631804,0.9999933974171772,0.999993397417177,49.41369838959428,0.0,49.97569837255795,0.0,45.595060709710886,0.0,45.302323534476486,0.0,0.0,0.0,0.0,0.0,0.0,0.0
10.0,4.7878393919696,0.003633924974791,0.0036339249657262,0.999993397267808,0.999993397267808,49.41369837816198,0.0,49.97569807554876,0.0,45.595060706588114,0.0,45.30232347208101,0.0,0.0,0.0,0.0,0.0,0.0,0.0
10.0,4.78808940447022,0.0036339660789905,0.0036339660699132,0.999993397118431,0.9999933971184312,49.413698366728944,0.0,49.97569777852439,0.0,45.5950607034732,0.0,45.3023234096823,0.0,0.0,0.0,0.0,0.0,0.0,0.0
10.0,4.78833941697085,0.0036340071848312,0.0036340071757413,0.999993396969047,0.999993396969047,49.413698355295146,0.0,49.97569748148483,0.0,45.59506070036642,0.0,45.30232334728039,0.0,0.0,0.0,0.0,0.0,0.0,0.0
10.0,4.78858942947147,0.003634048292313,0.0036340482832105,0.999993396819655,0.999993396819655,49.41369834386061,0.0,49.97569718443008,0.0,45.59506069726804,0.0,45.30232328487527,0.0,0.0,0.0,0.0,0.0,0.0,0.0
10.0,4.7888394419721,0.0036340894014358,0.0036340893923207,0.999993396670255,0.999993396670255,49.41369833242532,0.0,49.97569688736016,0.0,45.59506069417832,0.0,45.30232322246693,0.0,0.0,0.0,0.0,0.0,0.0,0.0
10.0,4.78908945447272,0.0036341305121995,0.0036341305030719,0.999993396520848,0.9999933965208478,49.41369832098928,0.0,49.97569659027506,0.0,45.59506069109759,0.0,45.30232316005539,0.0,0.0,0.0,0.0,0.0,0.0,0.0
10.0,4.78933946697335,0.0036341716246042,0.0036341716154639,0.9999933963714333,0.9999933963714333,49.41369830955251,0.0,49.97569629317477,0.0,45.59506068802612,0.0,45.302323097640624,0.0,0.0,0.0,0.0,0.0,0.0,0.0
10.0,4.78958947947397,0.0036342127386498,0.0036342127294969,0.99999339622201,0.99999339622201,49.41369829811498,0.0,49.9756959960593,0.0,45.59506068496424,0.0,45.30232303522265,0.0,0.0,0.0,0.0,0.0,0.0,0.0
10.0,4.7898394919746,0.0036342538543361,0.0036342538451706,0.99999339607258,0.99999339607258,49.4136982866767,0.0,49.975695698928654,0.0,45.59506068191229,0.0,45.30232297280146,0.0,0.0,0.0,0.0,0.0,0.0,0.0
10.0,4.79008950447522,0.0036342949716632,0.003634294962485,0.999993395923142,0.999993395923142,49.41369827523768,0.0,49.97569540178282,0.0,45.59506067887062,0.0,45.30232291037706,0.0,0.0,0.0,0.0,0.0,0.0,0.0
10.0,4.79033951697585,0.0036343360906309,0.00363433608144,0.9999933957736958,0.999993395773696,49.41369826379791,0.0,49.97569510462181,0.0,45.59506067583958,0.0,45.30232284794945,0.0,0.0,0.0,0.0,0.0,0.0,0.0
10.0,4.79058952947647,0.0036343772112392,0.0036343772020356,0.999993395624243,0.999993395624243,49.4136982523574,0.0,49.97569480744563,0.0,45.59506067281957,0.0,45.30232278551862,0.0,0.0,0.0,0.0,0.0,0.0,0.0
10.0,4.7908395419771,0.0036344183334881,0.0036344183242718,0.999993395474781,0.999993395474782,49.41369824091614,0.0,49.97569451025426,0.0,45.59506066981099,0.0,45.30232272308458,0.0,0.0,0.0,0.0,0.0,0.0,0.0
10.0,4.79108955447772,0.0036344594573774,0.0036344594481484,0.999993395325313,0.999993395325313,49.41369822947413,0.0,49.97569421304772,0.0,45.59506066681425,0.0,45.30232266064733,0.0,0.0,0.0,0.0,0.0,0.0,0.0
10.0,4.79133956697835,0.0036345005829072,0.0036345005736655,0.999993395175836,0.999993395175837,49.41369821803138,0.0,49.97569391582599,0.0,45.5950606638298,0.0,45.30232259820686,0.0,0.0,0.0,0.0,0.0,0.0,0.0
10.0,4.79158957947897,0.0036345417100773,0.0036345417008228,0.999993395026352,0.999993395026352,49.41369820658788,0.0,49.9756936185891,0.0,45.59506066085809,0.0,45.30232253576317,0.0,0.0,0.0,0.0,0.0,0.0,0.0
10.0,4.7918395919796,0.0036345828388877,0.0036345828296205,0.999993394876861,0.999993394876861,49.41369819514364,0.0,49.97569332133701,0.0,45.59506065789963,0.0,45.302322473316295,0.0,0.0,0.0,0.0,0.0,0.0,0.0
10.0,4.79208960448022,0.0036346239693384,0.0036346239600583,0.999993394727361,0.999993394727361,49.41369818369864,0.0,49.97569302406975,0.0,45.59506065495491,0.0,45.30232241086619,0.0,0.0,0.0,0.0,0.0,0.0,0.0
10.0,4.79233961698085,0.0036346651014292,0.0036346650921363,0.999993394577854,0.999993394577854,49.4136981722529,0.0,49.97569272678732,0.0,45.59506065202447,0.0,45.30232234841286,0.0,0.0,0.0,0.0,0.0,0.0,0.0
10.0,4.79258962948147,0.0036347062351601,0.0036347062258545,0.99999339442834,0.99999339442834,49.413698160806426,0.0,49.97569242948971,0.0,45.595060649108895,0.0,45.302322285956336,0.0,0.0,0.0,0.0,0.0,0.0,0.0
10.0,4.7928396419821,0.0036347473705311,0.0036347473612126,0.999993394278817,0.999993394278817,49.41369814935919,0.0,49.97569213217692,0.0,45.59506064620875,0.0,45.3023222234966,0.0,0.0,0.0,0.0,0.0,0.0,0.0
10.0,4.79308965448272,0.003634788507542,0.0036347884982107,0.9999933941292868,0.999993394129287,49.41369813791121,0.0,49.97569183484896,0.0,45.595060643324686,0.0,45.30232216103363,0.0,0.0,0.0,0.0,0.0,0.0,0.0
10.0,4.79333966698335,0.0036348296461929,0.0036348296368487,0.999993393979749,0.99999339397975,49.413698126462485,0.0,49.975691537505824,0.0,45.59506064045735,0.0,45.30232209856746,0.0,0.0,0.0,0.0,0.0,0.0,0.0
10.0,4.79358967948397,0.0036348707864837,0.0036348707771266,0.999993393830204,0.999993393830204,49.41369811501302,0.0,49.97569124014751,0.0,45.59506063760744,0.0,45.30232203609808,0.0,0.0,0.0,0.0,0.0,0.0,0.0
10.0,4.793839691984599,0.0036349119284142,0.0036349119190442,0.9999933936806508,0.999993393680651,49.41369810356281,0.0,49.97569094277402,0.0,45.59506063477569,0.0,45.302321973625496,0.0,0.0,0.0,0.0,0.0,0.0,0.0
10.0,4.79408970448522,0.0036349530719845,0.0036349530626016,0.99999339353109,0.99999339353109,49.41369809211185,0.0,49.97569064538536,0.0,45.595060631962895,0.0,45.30232191114968,0.0,0.0,0.0,0.0,0.0,0.0,0.0
10.0,4.79433971698585,0.0036349942171944,0.0036349942077986,0.999993393381522,0.999993393381522,49.41369808066015,0.0,49.97569034798152,0.0,45.59506062916985,0.0,45.302321848670665,0.0,0.0,0.0,0.0,0.0,0.0,0.0
10.0,4.79458972948647,0.003635035364044,0.0036350353546352,0.999993393231946,0.999993393231946,49.41369806920769,0.0,49.97569005056251,0.0,45.59506062639745,0.0,45.30232178618843,0.0,0.0,0.0,0.0,0.0,0.0,0.0
10.0,4.7948397419871,0.0036350765125331,0.0036350765031114,0.999993393082362,0.999993393082362,49.413698057754495,0.0,49.975689753128336,0.0,45.5950606236466,0.0,45.30232172370298,0.0,0.0,0.0,0.0,0.0,0.0,0.0
10.0,4.79508975448772,0.0036351176626617,0.003635117653227,0.999993392932771,0.9999933929327708,49.41369804630055,0.0,49.97568945567898,0.0,45.59506062091828,0.0,45.30232166121432,0.0,0.0,0.0,0.0,0.0,0.0,0.0
10.0,4.795339766988351,0.0036351588144297,0.0036351588049821,0.999993392783172,0.999993392783172,49.413698034845865,0.0,49.97568915821445,0.0,45.59506061821353,0.0,45.30232159872244,0.0,0.0,0.0,0.0,0.0,0.0,0.0
10.0,4.79558977948897,0.0036351999678371,0.0036351999583764,0.9999933926335648,0.999993392633565,49.41369802339043,0.0,49.97568886073475,0.0,45.59506061553344,0.0,45.30232153622736,0.0,0.0,0.0,0.0,0.0,0.0,0.0
10.0,4.7958397919896,0.0036352411228838,0.0036352411134101,0.9999933924839508,0.999993392483951,49.41369801193426,0.0,49.97568856323987,0.0,45.59506061287919,0.0,45.302321473729066,0.0,0.0,0.0,0.0,0.0,0.0,0.0
10.0,4.7960898044902205,0.0036352822795698,0.003635282270083,0.999993392334329,0.999993392334329,49.41369800047733,0.0,49.97568826572984,0.0,45.595060610252006,0.0,45.30232141122756,0.0,0.0,0.0,0.0,0.0,0.0,0.0
10.0,4.79633981699085,0.0036353234378949,0.0036353234283951,0.999993392184699,0.999993392184699,49.41369798901966,0.0,49.97568796820461,0.0,45.59506060765323,0.0,45.30232134872284,0.0,0.0,0.0,0.0,0.0,0.0,0.0
10.0,4.79658982949147,0.0036353645978591,0.0036353645883463,0.999993392035062,0.999993392035062,49.41369797756125,0.0,49.97568767066424,0.0,45.59506060508426,0.0,45.3023212862149,0.0,0.0,0.0,0.0,0.0,0.0,0.0
10.0,4.7968398419921,0.0036354057594624,0.0036354057499365,0.999993391885417,0.999993391885417,49.41369796610209,0.0,49.97568737310868,0.0,45.5950606025466,0.0,45.30232122370374,0.0,0.0,0.0,0.0,0.0,0.0,0.0
10.0,4.79708985449272,0.0036354469227047,0.0036354469131656,0.999993391735764,0.999993391735764,49.41369795464219,0.0,49.97568707553795,0.0,45.59506060004187,0.0,45.30232116118939,0.0,0.0,0.0,0.0,0.0,0.0,0.0
10.0,4.79733986699335,0.0036354880875859,0.0036354880780337,0.999993391586104,0.999993391586104,49.41369794318154,0.0,49.975686777952056,0.0,45.59506059757178,0.0,45.30232109867181,0.0,0.0,0.0,0.0,0.0,0.0,0.0
10.0,4.797589879493971,0.003635529254106,0.0036355292445407,0.999993391436436,0.9999933914364358,49.413697931720144,0.0,49.975686480350994,0.0,45.59506059513815,0.0,45.30232103615103,0.0,0.0,0.0,0.0,0.0,0.0,0.0
10.0,4.7978398919946,0.0036355704222649,0.0036355704126865,0.99999339128676,0.99999339128676,49.41369792025801,0.0,49.97568618273476,0.0,45.59506059274299,0.0,45.30232097362703,0.0,0.0,0.0,0.0,0.0,0.0,0.0
10.0,4.79808990449522,0.0036356115920626,0.0036356115824709,0.9999933911370767,0.999993391137077,49.41369790879513,0.0,49.97568588510336,0.0,45.59506059038838,0.0,45.30232091109981,0.0,0.0,0.0,0.0,0.0,0.0,0.0
10.0,4.79833991699585,0.0036356527634989,0.0036356527538941,0.999993390987386,0.999993390987386,49.4136978973315,0.0,49.97568558745679,0.0,45.5950605880766,0.0,45.30232084856939,0.0,0.0,0.0,0.0,0.0,0.0,0.0
10.0,4.79858992949648,0.0036356939365739,0.0036356939269558,0.999993390837687,0.999993390837687,49.41369788586712,0.0,49.975685289795045,0.0,45.5950605858101,0.0,45.30232078603576,0.0,0.0,0.0,0.0,0.0,0.0,0.0
10.0,4.7988399419971,0.0036357351112874,0.0036357351016561,0.9999933906879808,0.999993390687981,49.413697874402,0.0,49.97568499211814,0.0,45.59506058359152,0.0,45.302320723498894,0.0,0.0,0.0,0.0,0.0,0.0,0.0
10.0,4.79908995449772,0.0036357762876394,0.0036357762779949,0.999993390538267,0.999993390538267,49.41369786293615,0.0,49.97568469442607,0.0,45.59506058142369,0.0,45.30232066095884,0.0,0.0,0.0,0.0,0.0,0.0,0.0
10.0,4.799339966998349,0.0036358174656298,0.0036358174559721,0.999993390388545,0.9999933903885448,49.413697851469536,0.0,49.97568439671883,0.0,45.59506057930967,0.0,45.30232059841556,0.0,0.0,0.0,0.0,0.0,0.0,0.0
10.0,4.79958997949897,0.0036358586452587,0.0036358586355877,0.999993390238816,0.999993390238816,49.413697840002186,0.0,49.975684098996425,0.0,45.59506057725278,0.0,45.302320535869065,0.0,0.0,0.0,0.0,0.0,0.0,0.0
10.0,4.7998399919996,0.0036358998265258,0.0036358998168415,0.9999933900890788,0.999993390089079,49.4136978285341,0.0,49.97568380125886,0.0,45.59506057525663,0.0,45.30232047331937,0.0,0.0,0.0,0.0,0.0,0.0,0.0
10.0,4.80009000450023,0.0036359410094312,0.0036359409997336,0.999993389939334,0.999993389939334,49.413697817065255,0.0,49.97568350350612,0.0,45.59506057332512,0.0,45.302320410766455,0.0,0.0,0.0,0.0,0.0,0.0,0.0
10.0,4.80034001700085,0.0036359821939748,0.0036359821842639,0.999993389789582,0.999993389789582,49.41369780559567,0.0,49.97568320573821,0.0,45.59506057146249,0.0,45.30232034821033,0.0,0.0,0.0,0.0,0.0,0.0,0.0
10.0,4.80059002950148,0.0036360233801565,0.0036360233704323,0.999993389639822,0.999993389639822,49.41369779412535,0.0,49.97568290795515,0.0,45.595060569673365,0.0,45.302320285650985,0.0,0.0,0.0,0.0,0.0,0.0,0.0
10.0,4.8008400420021,0.0036360645679763,0.0036360645582387,0.999993389490054,0.999993389490054,49.41369778265427,0.0,49.97568261015692,0.0,45.59506056796279,0.0,45.30232022308844,0.0,0.0,0.0,0.0,0.0,0.0,0.0
10.0,4.80109005450273,0.003636105757434,0.0036361057476831,0.999993389340279,0.999993389340279,49.413697771182456,0.0,49.97568231234351,0.0,45.59506056633629,0.0,45.30232016052267,0.0,0.0,0.0,0.0,0.0,0.0,0.0
10.0,4.80134006700335,0.0036361469485298,0.0036361469387655,0.999993389190496,0.999993389190496,49.4136977597099,0.0,49.97568201451495,0.0,45.59506056479989,0.0,45.30232009795369,0.0,0.0,0.0,0.0,0.0,0.0,0.0
10.0,4.801590079503969,0.0036361881412634,0.0036361881314857,0.999993389040705,0.9999933890407048,49.413697748236594,0.0,49.975681716671225,0.0,45.59506056336026,0.0,45.30232003538151,0.0,0.0,0.0,0.0,0.0,0.0,0.0
10.0,4.8018400920046,0.0036362293356348,0.0036362293258437,0.9999933888909072,0.999993388890907,49.41369773676254,0.0,49.975681418812336,0.0,45.59506056202468,0.0,45.302319972806096,0.0,0.0,0.0,0.0,0.0,0.0,0.0
10.0,4.80209010450523,0.0036362705316439,0.0036362705218394,0.999993388741101,0.9999933887411012,49.41369772528776,0.0,49.97568112093829,0.0,45.595060560801215,0.0,45.30231991022748,0.0,0.0,0.0,0.0,0.0,0.0,0.0
10.0,4.80234011700585,0.0036363117292908,0.0036363117194729,0.999993388591287,0.999993388591288,49.41369771381221,0.0,49.97568082304908,0.0,45.59506055969877,0.0,45.30231984764566,0.0,0.0,0.0,0.0,0.0,0.0,0.0
10.0,4.80259012950648,0.0036363529285753,0.0036363529187439,0.999993388441466,0.999993388441466,49.41369770233594,0.0,49.9756805251447,0.0,45.59506055872723,0.0,45.30231978506061,0.0,0.0,0.0,0.0,0.0,0.0,0.0
10.0,4.8028401420071,0.0036363941294974,0.0036363941196525,0.999993388291637,0.999993388291637,49.41369769085892,0.0,49.97568022722517,0.0,45.59506055789758,0.0,45.30231972247237,0.0,0.0,0.0,0.0,0.0,0.0,0.0
10.0,4.80309015450772,0.0036364353320569,0.0036364353221986,0.9999933881418,0.9999933881418,49.41369767938114,0.0,49.97567992929047,0.0,45.59506055722206,0.0,45.3023196598809,0.0,0.0,0.0,0.0,0.0,0.0,0.0
10.0,4.80334016700835,0.003636476536254,0.0036364765263821,0.999993387991956,0.999993387991956,49.413697667902646,0.0,49.97567963134061,0.0,45.59506055671435,0.0,45.30231959728622,0.0,0.0,0.0,0.0,0.0,0.0,0.0
10.0,4.80359017950898,0.0036365177420884,0.003636517732203,0.999993387842104,0.999993387842104,49.4136976564234,0.0,49.97567933337558,0.0,45.59506055638982,0.0,45.30231953468833,0.0,0.0,0.0,0.0,0.0,0.0,0.0
10.0,4.8038401920096,0.0036365589495601,0.0036365589396612,0.999993387692244,0.999993387692244,49.4136976449434,0.0,49.9756790353954,0.0,45.59506055626576,0.0,45.30231947208723,0.0,0.0,0.0,0.0,0.0,0.0,0.0
10.0,4.804090204510231,0.0036366001586691,0.0036366001487567,0.999993387542377,0.9999933875423772,49.41369763346265,0.0,49.97567873740005,0.0,45.59506055636172,0.0,45.30231940948291,0.0,0.0,0.0,0.0,0.0,0.0,0.0
10.0,4.80434021701085,0.0036366413694153,0.0036366413594893,0.999993387392502,0.999993387392502,49.41369762198117,0.0,49.975678439389554,0.0,45.59506055669985,0.0,45.302319346875386,0.0,0.0,0.0,0.0,0.0,0.0,0.0
10.0,4.80459022951148,0.0036366825817986,0.003636682571859,0.9999933872426188,0.99999338724262,49.41369761049894,0.0,49.97567814136389,0.0,45.59506055730537,0.0,45.30231928426464,0.0,0.0,0.0,0.0,0.0,0.0,0.0
10.0,4.8048402420121,0.003636723795819,0.0036367237858658,0.999993387092729,0.999993387092729,49.413697599015975,0.0,49.97567784332307,0.0,45.59506055820716,0.0,45.30231922165069,0.0,0.0,0.0,0.0,0.0,0.0,0.0
10.0,4.80509025451273,0.0036367650114764,0.0036367650015096,0.999993386942831,0.999993386942831,49.41369758753226,0.0,49.97567754526709,0.0,45.59506055943841,0.0,45.30231915903353,0.0,0.0,0.0,0.0,0.0,0.0,0.0
10.0,4.80534026701335,0.0036368062287708,0.0036368062187904,0.999993386792925,0.9999933867929248,49.41369757604781,0.0,49.97567724719595,0.0,45.59506056103739,0.0,45.30231909641314,0.0,0.0,0.0,0.0,0.0,0.0,0.0
10.0,4.80559027951398,0.0036368474477021,0.003636847437708,0.999993386643012,0.999993386643012,49.41369756456261,0.0,49.97567694910966,0.0,45.59506056304863,0.0,45.30231903378955,0.0,0.0,0.0,0.0,0.0,0.0,0.0
10.0,4.8058402920146,0.0036368886682701,0.0036368886582624,0.999993386493091,0.999993386493091,49.413697553076666,0.0,49.97567665100821,0.0,45.59506056552405,0.0,45.30231897116275,0.0,0.0,0.0,0.0,0.0,0.0,0.0
10.0,4.80609030451523,0.003636929890475,0.0036369298804536,0.999993386343162,0.999993386343162,49.41369754158998,0.0,49.97567635289159,0.0,45.59506056852476,0.0,45.30231890853273,0.0,0.0,0.0,0.0,0.0,0.0,0.0
10.0,4.80634031701585,0.0036369711143165,0.0036369711042815,0.999993386193226,0.999993386193226,49.41369753010256,0.0,49.975676054759816,0.0,45.59506057212302,0.0,45.30231884589951,0.0,0.0,0.0,0.0,0.0,0.0,0.0
10.0,4.80659032951648,0.0036370123397947,0.003637012329746,0.999993386043282,0.999993386043282,49.413697518614384,0.0,49.975675756612894,0.0,45.59506057640499,0.0,45.30231878326306,0.0,0.0,0.0,0.0,0.0,0.0,0.0
10.0,4.8068403420171,0.0036370535669095,0.003637053556847,0.999993385893331,0.99999338589333,49.41369750712547,0.0,49.975675458450816,0.0,45.59506058147424,0.0,45.30231872062341,0.0,0.0,0.0,0.0,0.0,0.0,0.0
10.0,4.80709035451773,0.0036370947956608,0.0036370947855846,0.999993385743371,0.9999933857433712,49.41369749563582,0.0,49.97567516027358,0.0,45.595060587456345,0.0,45.30231865798054,0.0,0.0,0.0,0.0,0.0,0.0,0.0
10.0,4.80734036701835,0.0036371360260486,0.0036371360159586,0.999993385593404,0.999993385593404,49.41369748414543,0.0,49.97567486208119,0.0,45.59506059450512,0.0,45.30231859533447,0.0,0.0,0.0,0.0,0.0,0.0,0.0
10.0,4.80759037951898,0.0036371772580727,0.0036371772479689,0.9999933854434292,0.999993385443429,49.413697472654285,0.0,49.97567456387363,0.0,45.5950606028109,0.0,45.30231853268517,0.0,0.0,0.0,0.0,0.0,0.0,0.0
10.0,4.8078403920196,0.0036372184917332,0.0036372184816156,0.9999933852934468,0.999993385293447,49.4136974611624,0.0,49.97567426565093,0.0,45.59506061261226,0.0,45.302318470032674,0.0,0.0,0.0,0.0,0.0,0.0,0.0
10.0,4.80809040452023,0.0036372597270299,0.0036372597168986,0.999993385143457,0.999993385143457,49.41369744966978,0.0,49.97567396741307,0.0,45.59506062421216,0.0,45.30231840737695,0.0,0.0,0.0,0.0,0.0,0.0,0.0
10.0,4.80834041702085,0.0036373009639629,0.0036373009538177,0.999993384993459,0.99999338499346,49.41369743817642,0.0,49.97567366916005,0.0,45.59506063800129,0.0,45.30231834471803,0.0,0.0,0.0,0.0,0.0,0.0,0.0
10.0,4.80859042952148,0.003637342202532,0.003637342192373,0.999993384843454,0.999993384843454,49.41369742668231,0.0,49.97567337089189,0.0,45.59506065449239,0.0,45.302318282055886,0.0,0.0,0.0,0.0,0.0,0.0,0.0
10.0,4.8088404420221,0.0036373834427372,0.0036373834325643,0.999993384693441,0.9999933846934412,49.41369741518745,0.0,49.97567307260857,0.0,45.59506067437175,0.0,45.302318219390536,0.0,0.0,0.0,0.0,0.0,0.0,0.0
10.0,4.80909045452273,0.0036374246845784,0.0036374246743917,0.999993384543421,0.999993384543421,49.413697403691856,0.0,49.97567277431009,0.0,45.59506069857967,0.0,45.30231815672197,0.0,0.0,0.0,0.0,0.0,0.0,0.0
10.0,4.80934046702335,0.0036374659280556,0.003637465917855,0.999993384393392,0.999993384393392,49.41369739219553,0.0,49.97567247599646,0.0,45.59506072843973,0.0,45.302318094050186,0.0,0.0,0.0,0.0,0.0,0.0,0.0
10.0,4.8095904795239806,0.0036375071731686,0.0036375071629542,0.999993384243356,0.999993384243356,49.41369738069845,0.0,49.97567217766768,0.0,45.59506076587645,0.0,45.3023180313752,0.0,0.0,0.0,0.0,0.0,0.0,0.0
10.0,4.8098404920246,0.0036375484199175,0.0036375484096892,0.999993384093313,0.9999933840933118,49.41369736920064,0.0,49.97567187932375,0.0,45.59506081379981,0.0,45.302317968697,0.0,0.0,0.0,0.0,0.0,0.0,0.0
10.0,4.81009050452523,0.0036375896683022,0.0036375896580599,0.999993383943261,0.999993383943261,49.41369735770208,0.0,49.975671580964665,0.0,45.595060876828775,0.0,45.30231790601558,0.0,0.0,0.0,0.0,0.0,0.0,0.0
10.0,4.81034051702585,0.0036376309183226,0.0036376309080664,0.999993383793202,0.999993383793202,49.41369734620277,0.0,49.975671282590426,0.0,45.59506096276164,0.0,45.30231784333096,0.0,0.0,0.0,0.0,0.0,0.0,0.0
10.0,4.81059052952648,0.0036376721699787,0.0036376721597085,0.999993383643136,0.999993383643136,49.413697334702725,0.0,49.975670984201045,0.0,45.59506108588024,0.0,45.30231778064312,0.0,0.0,0.0,0.0,0.0,0.0,0.0
10.0,4.8108405420271,0.0036377134232703,0.0036377134129862,0.999993383493061,0.999993383493061,49.41369732320194,0.0,49.9756706857965,0.0,45.59506127545578,0.0,45.302317717952064,0.0,0.0,0.0,0.0,0.0,0.0,0.0
10.0,4.81109055452773,0.0036377546781975,0.0036377546678993,0.9999933833429792,0.999993383342979,49.41369731170042,0.0,49.97567038737681,0.0,45.59506160240933,0.0,45.3023176552578,0.0,0.0,0.0,0.0,0.0,0.0,0.0
10.0,4.81134056702835,0.0036377959347601,0.003637795924448,0.9999933831928892,0.99999338319289,49.41369730019815,0.0,49.97567008894197,0.0,45.595062294291935,0.0,45.30231759256032,0.0,0.0,0.0,0.0,0.0,0.0,0.0
10.0,4.81159057952898,0.0036378371929582,0.003637837182632,0.999993383042792,0.999993383042792,49.41369728869514,0.0,49.97566979049199,0.0,45.59506470073767,0.0,45.30231752985964,0.0,0.0,0.0,0.0,0.0,0.0,0.0
10.0,4.811840592029601,0.0036378784527916,0.0036378784424513,0.9999933828926868,0.999993382892687,49.41369727719139,0.0,49.97566949202683,0.0,45.5950415814083,0.0,45.30231746715573,0.0,0.0,0.0,0.0,0.0,0.0,0.0
10.0,4.81209060453023,0.0036379197142602,0.003637919703906,0.999993382742575,0.999993382742575,49.41369726568689,0.0,49.97566919354654,0.0,45.59505735053348,0.0,45.30231740444862,0.0,0.0,0.0,0.0,0.0,0.0,0.0
10.0,4.81234061703085,0.0036379609773641,0.0036379609669958,0.999993382592454,0.9999933825924538,49.41369725418166,0.0,49.9756688950511,0.0,45.595058707689695,0.0,45.302317341738295,0.0,0.0,0.0,0.0,0.0,0.0,0.0
10.0,4.81259062953148,0.0036380022421031,0.0036380022317207,0.999993382442326,0.999993382442326,49.41369724267569,0.0,49.97566859654052,0.0,45.5950592114416,0.0,45.30231727902476,0.0,0.0,0.0,0.0,0.0,0.0,0.0
10.0,4.8128406420321,0.0036380435084773,0.0036380434980808,0.99999338229219,0.9999933822921908,49.413697231168975,0.0,49.97566829801478,0.0,45.59505947298959,0.0,45.302317216308005,0.0,0.0,0.0,0.0,0.0,0.0,0.0
10.0,4.81309065453273,0.0036380847764864,0.0036380847660758,0.999993382142047,0.999993382142047,49.41369721966152,0.0,49.9756679994739,0.0,45.59505963236752,0.0,45.30231715358804,0.0,0.0,0.0,0.0,0.0,0.0,0.0
10.0,4.81334066703335,0.0036381260461306,0.0036381260357058,0.999993381991896,0.999993381991896,49.41369720815332,0.0,49.97566770091787,0.0,45.59505973910168,0.0,45.30231709086487,0.0,0.0,0.0,0.0,0.0,0.0,0.0
10.0,4.81359067953398,0.0036381673174096,0.0036381673069708,0.999993381841737,0.999993381841738,49.41369719664438,0.0,49.97566740234667,0.0,45.59505981516098,0.0,45.30231702813848,0.0,0.0,0.0,0.0,0.0,0.0,0.0
10.0,4.8138406920346,0.0036382085903235,0.0036382085798705,0.999993381691571,0.9999933816915708,49.4136971851347,0.0,49.97566710376034,0.0,45.59505987178319,0.0,45.302316965408885,0.0,0.0,0.0,0.0,0.0,0.0,0.0
10.0,4.81409070453523,0.0036382498648722,0.003638249854405,0.999993381541397,0.9999933815413968,49.413697173624286,0.0,49.97566680515888,0.0,45.59505991531413,0.0,45.30231690267607,0.0,0.0,0.0,0.0,0.0,0.0,0.0
10.0,4.81434071703585,0.0036382911410556,0.0036382911305742,0.999993381391215,0.999993381391216,49.41369716211312,0.0,49.97566650654226,0.0,45.595059949608334,0.0,45.30231683994005,0.0,0.0,0.0,0.0,0.0,0.0,0.0
10.0,4.81459072953648,0.0036383324188737,0.0036383324083781,0.999993381241026,0.999993381241026,49.41369715060122,0.0,49.97566620791049,0.0,45.59505997714237,0.0,45.30231677720081,0.0,0.0,0.0,0.0,0.0,0.0,0.0
10.0,4.8148407420371,0.0036383736983263,0.0036383736878165,0.999993381090829,0.999993381090829,49.41369713908858,0.0,49.975665909263576,0.0,45.59505999958004,0.0,45.30231671445837,0.0,0.0,0.0,0.0,0.0,0.0,0.0
10.0,4.815090754537729,0.0036384149794135,0.0036384149688895,0.999993380940625,0.9999933809406248,49.4136971275752,0.0,49.97566561060152,0.0,45.59506001808055,0.0,45.3023166517127,0.0,0.0,0.0,0.0,0.0,0.0,0.0
10.0,4.81534076703835,0.0036384562621352,0.0036384562515969,0.999993380790412,0.999993380790412,49.41369711606108,0.0,49.97566531192432,0.0,45.59506003347631,0.0,45.30231658896383,0.0,0.0,0.0,0.0,0.0,0.0,0.0
10.0,4.81559077953898,0.0036384975464913,0.0036384975359388,0.999993380640192,0.9999933806401922,49.41369710454621,0.0,49.97566501323197,0.0,45.59506004638051,0.0,45.30231652621175,0.0,0.0,0.0,0.0,0.0,0.0,0.0
10.0,4.8158407920396,0.0036385388324817,0.0036385388219149,0.999993380489964,0.999993380489965,49.41369709303061,0.0,49.97566471452447,0.0,45.59506005725484,0.0,45.30231646345646,0.0,0.0,0.0,0.0,0.0,0.0,0.0
10.0,4.81609080454023,0.0036385801201065,0.0036385801095254,0.9999933803397292,0.999993380339729,49.41369708151427,0.0,49.97566441580184,0.0,45.59506006645356,0.0,45.30231640069795,0.0,0.0,0.0,0.0,0.0,0.0,0.0
10.0,4.81634081704085,0.0036386214093654,0.00363862139877,0.999993380189486,0.999993380189486,49.413697069997184,0.0,49.97566411706405,0.0,45.59506007425297,0.0,45.30231633793622,0.0,0.0,0.0,0.0,0.0,0.0,0.0
10.0,4.81659082954148,0.0036386627002586,0.0036386626896488,0.999993380039235,0.9999933800392348,49.41369705847936,0.0,49.97566381831112,0.0,45.595060080871846,0.0,45.302316275171286,0.0,0.0,0.0,0.0,0.0,0.0,0.0
10.0,4.8168408420421,0.0036387039927858,0.0036387039821617,0.999993379888977,0.999993379888977,49.41369704696079,0.0,49.97566351954305,0.0,45.59506008648557,0.0,45.302316212403134,0.0,0.0,0.0,0.0,0.0,0.0,0.0
10.0,4.81709085454273,0.0036387452869471,0.0036387452763086,0.9999933797387108,0.999993379738711,49.41369703544149,0.0,49.97566322075984,0.0,45.59506009123643,0.0,45.302316149631785,0.0,0.0,0.0,0.0,0.0,0.0,0.0
10.0,4.817340867043349,0.0036387865827424,0.0036387865720895,0.999993379588437,0.999993379588437,49.41369702392146,0.0,49.97566292196149,0.0,45.59506009524107,0.0,45.30231608685721,0.0,0.0,0.0,0.0,0.0,0.0,0.0
10.0,4.81759087954398,0.0036388278801715,0.0036388278695043,0.999993379438156,0.999993379438156,49.41369701240067,0.0,49.97566262314799,0.0,45.59506009859599,0.0,45.30231602407943,0.0,0.0,0.0,0.0,0.0,0.0,0.0
10.0,4.8178408920446,0.0036388691792346,0.003638869168553,0.9999933792878668,0.999993379287867,49.41369700087915,0.0,49.97566232431935,0.0,45.59506010138177,0.0,45.30231596129844,0.0,0.0,0.0,0.0,0.0,0.0,0.0
10.0,4.81809090454523,0.0036389104799314,0.0036389104692354,0.99999337913757,0.99999337913757,49.41369698935688,0.0,49.97566202547558,0.0,45.59506010366616,0.0,45.30231589851424,0.0,0.0,0.0,0.0,0.0,0.0,0.0
10.0,4.81834091704585,0.003638951782262,0.0036389517715515,0.999993378987266,0.999993378987266,49.41369697783389,0.0,49.97566172661665,0.0,45.595060105506576,0.0,45.30231583572681,0.0,0.0,0.0,0.0,0.0,0.0,0.0
10.0,4.81859092954648,0.0036389930862262,0.0036389930755013,0.999993378836954,0.999993378836954,49.41369696631014,0.0,49.97566142774258,0.0,45.595060106951976,0.0,45.30231577293618,0.0,0.0,0.0,0.0,0.0,0.0,0.0
10.0,4.8188409420471,0.0036390343918241,0.0036390343810847,0.9999933786866338,0.999993378686634,49.413696954785664,0.0,49.975661128853375,0.0,45.59506010804441,0.0,45.30231571014234,0.0,0.0,0.0,0.0,0.0,0.0,0.0
10.0,4.81909095454773,0.0036390756990555,0.0036390756883016,0.999993378536307,0.9999933785363072,49.41369694326044,0.0,49.97566082994904,0.0,45.5950601088201,0.0,45.30231564734529,0.0,0.0,0.0,0.0,0.0,0.0,0.0
10.0,4.81934096704835,0.0036391170079203,0.003639116997152,0.999993378385972,0.999993378385972,49.41369693173448,0.0,49.975660531029554,0.0,45.59506010931053,0.0,45.30231558454502,0.0,0.0,0.0,0.0,0.0,0.0,0.0
10.0,4.81959097954898,0.0036391583184186,0.0036391583076358,0.999993378235629,0.9999933782356292,49.41369692020778,0.0,49.97566023209493,0.0,45.59506010954311,0.0,45.30231552174154,0.0,0.0,0.0,0.0,0.0,0.0,0.0
10.0,4.8198409920496,0.0036391996305503,0.003639199619753,0.999993378085279,0.999993378085279,49.41369690868034,0.0,49.97565993314515,0.0,45.595060109541855,0.0,45.30231545893484,0.0,0.0,0.0,0.0,0.0,0.0,0.0
10.0,4.82009100455023,0.0036392409443153,0.0036392409335034,0.99999337793492,0.99999337793492,49.41369689715216,0.0,49.97565963418026,0.0,45.59506010932789,0.0,45.30231539612495,0.0,0.0,0.0,0.0,0.0,0.0,0.0
10.0,4.82034101705085,0.0036392822597135,0.0036392822488871,0.999993377784555,0.999993377784555,49.413696885623246,0.0,49.97565933520021,0.0,45.59506010891985,0.0,45.302315333311824,0.0,0.0,0.0,0.0,0.0,0.0,0.0
10.0,4.82059102955148,0.0036393235767449,0.0036393235659039,0.9999933776341808,0.999993377634181,49.4136968740936,0.0,49.97565903620503,0.0,45.59506010833429,0.0,45.30231527049551,0.0,0.0,0.0,0.0,0.0,0.0,0.0
10.0,4.8208410420521,0.0036393648954094,0.0036393648845538,0.9999933774838,0.9999933774838,49.41369686256321,0.0,49.97565873719471,0.0,45.59506010758588,0.0,45.30231520767597,0.0,0.0,0.0,0.0,0.0,0.0,0.0
10.0,4.82109105455273,0.0036394062157069,0.0036394062048368,0.999993377333411,0.9999933773334112,49.41369685103207,0.0,49.975658438169255,0.0,45.595060106687775,0.0,45.30231514485321,0.0,0.0,0.0,0.0,0.0,0.0,0.0
10.0,4.82134106705335,0.0036394475376375,0.0036394475267527,0.999993377183015,0.999993377183015,49.41369683950021,0.0,49.975658139128655,0.0,45.5950601056517,0.0,45.302315082027256,0.0,0.0,0.0,0.0,0.0,0.0,0.0
10.0,4.82159107955398,0.003639488861201,0.0036394888503016,0.999993377032611,0.999993377032611,49.4136968279676,0.0,49.97565784007292,0.0,45.5950601044882,0.0,45.30231501919808,0.0,0.0,0.0,0.0,0.0,0.0,0.0
10.0,4.8218410920546,0.0036395301863973,0.0036395301754833,0.9999933768821988,0.999993376882199,49.413696816434246,0.0,49.97565754100206,0.0,45.595060103206784,0.0,45.30231495636569,0.0,0.0,0.0,0.0,0.0,0.0,0.0
10.0,4.82209110455523,0.0036395715132265,0.0036395715022978,0.99999337673178,0.99999337673178,49.41369680490016,0.0,49.975657241916046,0.0,45.59506010181602,0.0,45.302314893530095,0.0,0.0,0.0,0.0,0.0,0.0,0.0
10.0,4.82234111705585,0.0036396128416883,0.003639612830745,0.999993376581353,0.999993376581353,49.41369679336533,0.0,49.97565694281491,0.0,45.59506010032368,0.0,45.30231483069128,0.0,0.0,0.0,0.0,0.0,0.0,0.0
10.0,4.82259112955648,0.0036396541717829,0.0036396541608249,0.999993376430918,0.999993376430918,49.41369678182976,0.0,49.97565664369862,0.0,45.59506009873678,0.0,45.30231476784925,0.0,0.0,0.0,0.0,0.0,0.0,0.0
10.0,4.822841142057099,0.0036396955035101,0.0036396954925374,0.999993376280476,0.999993376280476,49.41369677029346,0.0,49.97565634456721,0.0,45.59506009706176,0.0,45.30231470500402,0.0,0.0,0.0,0.0,0.0,0.0,0.0
10.0,4.82309115455773,0.0036397368368699,0.0036397368258824,0.999993376130025,0.999993376130026,49.41369675875642,0.0,49.975656045420656,0.0,45.59506009530445,0.0,45.30231464215558,0.0,0.0,0.0,0.0,0.0,0.0,0.0
10.0,4.82334116705835,0.0036397781718621,0.0036397781608599,0.999993375979568,0.9999933759795682,49.41369674721864,0.0,49.975655746258965,0.0,45.59506009347017,0.0,45.30231457930392,0.0,0.0,0.0,0.0,0.0,0.0,0.0
10.0,4.82359117955898,0.0036398195084868,0.0036398194974699,0.999993375829102,0.999993375829102,49.413696735680126,0.0,49.97565544708216,0.0,45.595060091563816,0.0,45.30231451644905,0.0,0.0,0.0,0.0,0.0,0.0,0.0
10.0,4.8238411920596,0.0036398608467439,0.0036398608357122,0.999993375678629,0.999993375678629,49.41369672414088,0.0,49.975655147890194,0.0,45.59506008958985,0.0,45.30231445359097,0.0,0.0,0.0,0.0,0.0,0.0,0.0
10.0,4.82409120456023,0.0036399021866332,0.0036399021755868,0.999993375528148,0.999993375528149,49.41369671260088,0.0,49.97565484868311,0.0,45.5950600875524,0.0,45.30231439072968,0.0,0.0,0.0,0.0,0.0,0.0,0.0
10.0,4.82434121706085,0.0036399435281549,0.0036399435170936,0.99999337537766,0.99999337537766,49.41369670106015,0.0,49.97565454946088,0.0,45.59506008545524,0.0,45.30231432786517,0.0,0.0,0.0,0.0,0.0,0.0,0.0
10.0,4.82459122956148,0.0036399848713087,0.0036399848602326,0.999993375227164,0.999993375227164,49.41369668951868,0.0,49.97565425022352,0.0,45.59506008330185,0.0,45.30231426499745,0.0,0.0,0.0,0.0,0.0,0.0,0.0
10.0,4.8248412420621,0.0036400262160946,0.0036400262050037,0.99999337507666,0.99999337507666,49.41369667797647,0.0,49.97565395097103,0.0,45.59506008109548,0.0,45.30231420212652,0.0,0.0,0.0,0.0,0.0,0.0,0.0
10.0,4.82509125456273,0.0036400675625126,0.0036400675514069,0.999993374926149,0.9999933749261488,49.41369666643352,0.0,49.97565365170341,0.0,45.59506007883907,0.0,45.30231413925238,0.0,0.0,0.0,0.0,0.0,0.0,0.0
10.0,4.82534126706335,0.0036401089105626,0.003640108899442,0.99999337477563,0.99999337477563,49.41369665488985,0.0,49.97565335242064,0.0,45.59506007653541,0.0,45.30231407637502,0.0,0.0,0.0,0.0,0.0,0.0,0.0
10.0,4.82559127956398,0.0036401502602445,0.0036401502491091,0.999993374625103,0.999993374625103,49.41369664334543,0.0,49.97565305312276,0.0,45.59506007418704,0.0,45.30231401349446,0.0,0.0,0.0,0.0,0.0,0.0,0.0
10.0,4.8258412920646,0.0036401916115583,0.003640191600408,0.999993374474568,0.999993374474568,49.41369663180027,0.0,49.97565275380973,0.0,45.59506007179635,0.0,45.30231395061068,0.0,0.0,0.0,0.0,0.0,0.0,0.0
10.0,4.82609130456523,0.003640232964504,0.0036402329533388,0.999993374324026,0.999993374324026,49.41369662025438,0.0,49.97565245448158,0.0,45.59506006936555,0.0,45.30231388772369,0.0,0.0,0.0,0.0,0.0,0.0,0.0
10.0,4.82634131706585,0.0036402743190813,0.0036402743079013,0.999993374173476,0.999993374173476,49.41369660870775,0.0,49.97565215513829,0.0,45.595060066896686,0.0,45.30231382483349,0.0,0.0,0.0,0.0,0.0,0.0,0.0
10.0,4.82659132956648,0.0036403156752904,0.0036403156640954,0.9999933740229192,0.999993374022919,49.41369659716037,0.0,49.97565185577988,0.0,45.59506006439169,0.0,45.30231376194008,0.0,0.0,0.0,0.0,0.0,0.0,0.0
10.0,4.8268413420671,0.0036403570331311,0.0036403570219212,0.999993373872354,0.999993373872354,49.41369658561227,0.0,49.97565155640633,0.0,45.59506006185235,0.0,45.302313699043445,0.0,0.0,0.0,0.0,0.0,0.0,0.0
10.0,4.82709135456773,0.0036403983926034,0.0036403983813785,0.999993373721781,0.999993373721781,49.41369657406343,0.0,49.97565125701765,0.0,45.595060059280335,0.0,45.302313636143616,0.0,0.0,0.0,0.0,0.0,0.0,0.0
10.0,4.82734136706835,0.0036404397537072,0.0036404397424673,0.9999933735712,0.9999933735712,49.41369656251385,0.0,49.97565095761384,0.0,45.59506005667723,0.0,45.30231357324057,0.0,0.0,0.0,0.0,0.0,0.0,0.0
10.0,4.827591379568981,0.0036404811164424,0.0036404811051876,0.999993373420612,0.999993373420612,49.41369655096353,0.0,49.97565065819491,0.0,45.59506005404448,0.0,45.30231351033431,0.0,0.0,0.0,0.0,0.0,0.0,0.0
10.0,4.8278413920696,0.003640522480809,0.0036405224695392,0.999993373270016,0.999993373270016,49.41369653941248,0.0,49.975650358760845,0.0,45.59506005138347,0.0,45.30231344742483,0.0,0.0,0.0,0.0,0.0,0.0,0.0
10.0,4.82809140457023,0.0036405638468069,0.0036405638355221,0.9999933731194128,0.999993373119413,49.41369652786069,0.0,49.97565005931165,0.0,45.5950600486955,0.0,45.30231338451215,0.0,0.0,0.0,0.0,0.0,0.0,0.0
10.0,4.82834141707085,0.0036406052144361,0.0036406052031363,0.999993372968802,0.999993372968802,49.41369651630816,0.0,49.97564975984732,0.0,45.595060045981775,0.0,45.30231332159625,0.0,0.0,0.0,0.0,0.0,0.0,0.0
10.0,4.82859142957148,0.0036406465836965,0.0036406465723817,0.9999933728181828,0.999993372818183,49.413696504754895,0.0,49.97564946036786,0.0,45.59506004324344,0.0,45.302313258677145,0.0,0.0,0.0,0.0,0.0,0.0,0.0
10.0,4.8288414420721,0.0036406879545881,0.0036406879432581,0.9999933726675558,0.999993372667556,49.413696493200895,0.0,49.97564916087328,0.0,45.59506004048157,0.0,45.30231319575483,0.0,0.0,0.0,0.0,0.0,0.0,0.0
10.0,4.82909145457273,0.0036407293271107,0.0036407293157657,0.999993372516922,0.999993372516922,49.41369648164616,0.0,49.97564886136356,0.0,45.59506003769718,0.0,45.3023131328293,0.0,0.0,0.0,0.0,0.0,0.0,0.0
10.0,4.82934146707335,0.0036407707012643,0.0036407706899042,0.99999337236628,0.99999337236628,49.41369647009068,0.0,49.97564856183872,0.0,45.59506003489122,0.0,45.30231306990056,0.0,0.0,0.0,0.0,0.0,0.0,0.0
10.0,4.82959147957398,0.0036408120770488,0.0036408120656737,0.9999933722156312,0.999993372215631,49.41369645853448,0.0,49.97564826229875,0.0,45.59506003206459,0.0,45.3023130069686,0.0,0.0,0.0,0.0,0.0,0.0,0.0
10.0,4.8298414920746,0.0036408534544643,0.003640853443074,0.999993372064974,0.999993372064974,49.413696446977525,0.0,49.97564796274365,0.0,45.59506002921814,0.0,45.30231294403343,0.0,0.0,0.0,0.0,0.0,0.0,0.0
10.0,4.83009150457523,0.0036408948335105,0.0036408948221052,0.999993371914309,0.999993371914309,49.41369643541984,0.0,49.97564766317343,0.0,45.59506002635268,0.0,45.302312881095055,0.0,0.0,0.0,0.0,0.0,0.0,0.0
10.0,4.83034151707585,0.0036409362141876,0.0036409362027671,0.999993371763636,0.999993371763636,49.41369642386143,0.0,49.97564736358808,0.0,45.595060023468974,0.0,45.30231281815346,0.0,0.0,0.0,0.0,0.0,0.0,0.0
10.0,4.83059152957648,0.0036409775964953,0.0036409775850597,0.999993371612956,0.999993371612956,49.41369641230227,0.0,49.9756470639876,0.0,45.59506002056774,0.0,45.30231275520865,0.0,0.0,0.0,0.0,0.0,0.0,0.0
10.0,4.8308415420771,0.0036410189804337,0.0036410189689829,0.999993371462268,0.999993371462268,49.41369640074238,0.0,49.975646764372,0.0,45.59506001764966,0.0,45.30231269226066,0.0,0.0,0.0,0.0,0.0,0.0,0.0
10.0,4.83109155457773,0.0036410603660027,0.0036410603545367,0.999993371311573,0.999993371311573,49.41369638918175,0.0,49.97564646474127,0.0,45.59506001471538,0.0,45.30231262930944,0.0,0.0,0.0,0.0,0.0,0.0,0.0
10.0,4.83134156707835,0.0036411017532022,0.003641101741721,0.999993371160869,0.9999933711608688,49.41369637762038,0.0,49.97564616509542,0.0,45.59506001176551,0.0,45.30231256635499,0.0,0.0,0.0,0.0,0.0,0.0,0.0
10.0,4.83159157957898,0.0036411431420321,0.0036411431305357,0.999993371010158,0.9999933710101578,49.41369636605829,0.0,49.97564586543443,0.0,45.59506000880064,0.0,45.30231250339734,0.0,0.0,0.0,0.0,0.0,0.0,0.0
10.0,4.8318415920796,0.0036411845324924,0.0036411845209808,0.99999337085944,0.99999337085944,49.41369635449546,0.0,49.97564556575833,0.0,45.59506000582133,0.0,45.30231244043648,0.0,0.0,0.0,0.0,0.0,0.0,0.0
10.0,4.83209160458023,0.0036412259245831,0.0036412259130563,0.999993370708714,0.999993370708714,49.41369634293189,0.0,49.9756452660671,0.0,45.5950600028281,0.0,45.30231237747241,0.0,0.0,0.0,0.0,0.0,0.0,0.0
10.0,4.83234161708085,0.003641267318304,0.003641267306762,0.99999337055798,0.99999337055798,49.41369633136758,0.0,49.97564496636075,0.0,45.59505999982144,0.0,45.30231231450512,0.0,0.0,0.0,0.0,0.0,0.0,0.0
10.0,4.83259162958148,0.0036413087136552,0.0036413087020978,0.999993370407238,0.999993370407238,49.41369631980254,0.0,49.97564466663927,0.0,45.59505999680186,0.0,45.30231225153463,0.0,0.0,0.0,0.0,0.0,0.0,0.0
10.0,4.8328416420821,0.0036413501106364,0.0036413500990639,0.999993370256489,0.999993370256489,49.41369630823677,0.0,49.97564436690266,0.0,45.59505999376978,0.0,45.302312188560926,0.0,0.0,0.0,0.0,0.0,0.0,0.0
10.0,4.833091654582731,0.0036413915092478,0.0036413914976599,0.999993370105732,0.999993370105732,49.41369629667026,0.0,49.97564406715095,0.0,45.59505999072565,0.0,45.30231212558401,0.0,0.0,0.0,0.0,0.0,0.0,0.0
10.0,4.83334166708335,0.0036414329094892,0.003641432897886,0.999993369954967,0.999993369954967,49.41369628510301,0.0,49.975643767384085,0.0,45.595059987669885,0.0,45.30231206260388,0.0,0.0,0.0,0.0,0.0,0.0,0.0
10.0,4.83359167958398,0.0036414743113606,0.0036414742997421,0.999993369804195,0.999993369804195,49.413696273535024,0.0,49.97564346760212,0.0,45.59505998460286,0.0,45.30231199962053,0.0,0.0,0.0,0.0,0.0,0.0,0.0
10.0,4.8338416920846,0.0036415157148618,0.003641515703228,0.999993369653415,0.999993369653415,49.41369626196631,0.0,49.97564316780502,0.0,45.595059981524976,0.0,45.302311936633984,0.0,0.0,0.0,0.0,0.0,0.0,0.0
10.0,4.83409170458523,0.0036415571199929,0.0036415571083438,0.999993369502627,0.9999933695026272,49.41369625039686,0.0,49.9756428679928,0.0,45.59505997843657,0.0,45.30231187364422,0.0,0.0,0.0,0.0,0.0,0.0,0.0
10.0,4.83434171708585,0.0036415985267538,0.0036415985150893,0.999993369351832,0.999993369351832,49.413696238826674,0.0,49.97564256816547,0.0,45.59505997533802,0.0,45.30231181065125,0.0,0.0,0.0,0.0,0.0,0.0,0.0
10.0,4.83459172958648,0.0036416399351443,0.0036416399234645,0.999993369201029,0.999993369201029,49.41369622725575,0.0,49.97564226832301,0.0,45.59505997222961,0.0,45.30231174765506,0.0,0.0,0.0,0.0,0.0,0.0,0.0
10.0,4.8348417420871,0.0036416813451646,0.0036416813334693,0.999993369050218,0.999993369050218,49.41369621568409,0.0,49.97564196846543,0.0,45.59505996911169,0.0,45.30231168465565,0.0,0.0,0.0,0.0,0.0,0.0,0.0
10.0,4.83509175458773,0.0036417227568144,0.0036417227451037,0.9999933688994,0.9999933688994,49.4136962041117,0.0,49.97564166859272,0.0,45.59505996598455,0.0,45.30231162165305,0.0,0.0,0.0,0.0,0.0,0.0,0.0
10.0,4.835341767088351,0.0036417641700937,0.0036417641583677,0.999993368748574,0.999993368748574,49.41369619253857,0.0,49.975641368704885,0.0,45.59505996284846,0.0,45.302311558647226,0.0,0.0,0.0,0.0,0.0,0.0,0.0
10.0,4.83559177958898,0.0036418055850026,0.0036418055732611,0.99999336859774,0.99999336859774,49.41369618096471,0.0,49.97564106880194,0.0,45.59505995970371,0.0,45.302311495638186,0.0,0.0,0.0,0.0,0.0,0.0,0.0
10.0,4.8358417920896,0.0036418470015408,0.0036418469897839,0.999993368446899,0.9999933684468988,49.41369616939012,0.0,49.97564076888388,0.0,45.59505995655058,0.0,45.30231143262595,0.0,0.0,0.0,0.0,0.0,0.0,0.0
10.0,4.83609180459023,0.0036418884197083,0.003641888407936,0.99999336829605,0.99999336829605,49.41369615781479,0.0,49.97564046895069,0.0,45.595059953389296,0.0,45.302311369610486,0.0,0.0,0.0,0.0,0.0,0.0,0.0
10.0,4.83634181709085,0.0036419298395052,0.0036419298277174,0.9999933681451932,0.999993368145193,49.41369614623873,0.0,49.97564016900238,0.0,45.59505995022012,0.0,45.30231130659181,0.0,0.0,0.0,0.0,0.0,0.0,0.0
10.0,4.83659182959148,0.0036419712609312,0.0036419712491279,0.999993367994329,0.999993367994329,49.413696134661926,0.0,49.97563986903896,0.0,45.59505994704327,0.0,45.302311243569946,0.0,0.0,0.0,0.0,0.0,0.0,0.0
10.0,4.8368418420921,0.0036420126839865,0.0036420126721677,0.999993367843457,0.9999933678434568,49.4136961230844,0.0,49.97563956906041,0.0,45.59505994385899,0.0,45.302311180544855,0.0,0.0,0.0,0.0,0.0,0.0,0.0
10.0,4.83709185459273,0.0036420541086708,0.0036420540968365,0.999993367692577,0.9999933676925769,49.41369611150613,0.0,49.97563926906675,0.0,45.59505994066747,0.0,45.30231111751655,0.0,0.0,0.0,0.0,0.0,0.0,0.0
10.0,4.83734186709335,0.0036420955349841,0.0036420955231343,0.99999336754169,0.99999336754169,49.41369609992713,0.0,49.97563896905797,0.0,45.59505993746895,0.0,45.30231105448503,0.0,0.0,0.0,0.0,0.0,0.0,0.0
10.0,4.83759187959398,0.0036421369629264,0.0036421369510611,0.999993367390795,0.9999933673907948,49.41369608834739,0.0,49.97563866903406,0.0,45.59505993426359,0.0,45.30231099145031,0.0,0.0,0.0,0.0,0.0,0.0,0.0
10.0,4.8378418920946,0.0036421783924977,0.0036421783806168,0.999993367239892,0.999993367239892,49.413696076766925,0.0,49.97563836899504,0.0,45.59505993105161,0.0,45.30231092841237,0.0,0.0,0.0,0.0,0.0,0.0,0.0
10.0,4.83809190459523,0.0036422198236977,0.0036422198118013,0.999993367088982,0.999993367088981,49.413696065185725,0.0,49.9756380689409,0.0,45.595059927833184,0.0,45.30231086537122,0.0,0.0,0.0,0.0,0.0,0.0,0.0
10.0,4.83834191709586,0.0036422612565266,0.0036422612446146,0.999993366938064,0.999993366938064,49.413696053603786,0.0,49.97563776887166,0.0,45.59505992460849,0.0,45.30231080232686,0.0,0.0,0.0,0.0,0.0,0.0,0.0
10.0,4.838591929596479,0.0036423026909842,0.0036423026790566,0.999993366787138,0.999993366787138,49.41369604202112,0.0,49.97563746878727,0.0,45.59505992137769,0.0,45.30231073927929,0.0,0.0,0.0,0.0,0.0,0.0,0.0
10.0,4.8388419420971,0.0036423441270704,0.0036423441151272,0.999993366636204,0.999993366636204,49.41369603043771,0.0,49.97563716868779,0.0,45.59505991814096,0.0,45.30231067622851,0.0,0.0,0.0,0.0,0.0,0.0,0.0
10.0,4.83909195459773,0.0036423855647853,0.0036423855528265,0.999993366485263,0.9999933664852628,49.41369601885358,0.0,49.97563686857319,0.0,45.59505991489844,0.0,45.302310613174505,0.0,0.0,0.0,0.0,0.0,0.0,0.0
10.0,4.83934196709835,0.0036424270041287,0.0036424269921542,0.999993366334314,0.999993366334314,49.41369600726871,0.0,49.97563656844346,0.0,45.59505991165032,0.0,45.302310550117305,0.0,0.0,0.0,0.0,0.0,0.0,0.0
10.0,4.83959197959898,0.0036424684451005,0.0036424684331105,0.999993366183358,0.999993366183358,49.41369599568311,0.0,49.975636268298615,0.0,45.59505990839671,0.0,45.302310487056886,0.0,0.0,0.0,0.0,0.0,0.0,0.0
10.0,4.8398419920996,0.0036425098877008,0.0036425098756951,0.999993366032394,0.999993366032394,49.41369598409677,0.0,49.97563596813867,0.0,45.59505990513777,0.0,45.302310423993255,0.0,0.0,0.0,0.0,0.0,0.0,0.0
10.0,4.84009200460023,0.0036425513319294,0.0036425513199081,0.999993365881422,0.999993365881422,49.4136959725097,0.0,49.9756356679636,0.0,45.59505990187362,0.0,45.30231036092641,0.0,0.0,0.0,0.0,0.0,0.0,0.0
10.0,4.84034201710085,0.0036425927777864,0.0036425927657493,0.999993365730443,0.999993365730443,49.4136959609219,0.0,49.97563536777341,0.0,45.5950598986044,0.0,45.302310297856366,0.0,0.0,0.0,0.0,0.0,0.0,0.0
10.0,4.84059202960148,0.0036426342252715,0.0036426342132188,0.999993365579455,0.999993365579455,49.41369594933335,0.0,49.975635067568106,0.0,45.59505989533025,0.0,45.3023102347831,0.0,0.0,0.0,0.0,0.0,0.0,0.0
10.0,4.84084204210211,0.0036426756743848,0.0036426756623164,0.9999933654284612,0.999993365428461,49.41369593774409,0.0,49.97563476734769,0.0,45.59505989205129,0.0,45.30231017170663,0.0,0.0,0.0,0.0,0.0,0.0,0.0
10.0,4.84109205460273,0.0036427171251262,0.0036427171130421,0.999993365277458,0.999993365277458,49.41369592615408,0.0,49.975634467112165,0.0,45.59505988876762,0.0,45.30231010862694,0.0,0.0,0.0,0.0,0.0,0.0,0.0
10.0,4.84134206710336,0.0036427585774957,0.0036427585653959,0.999993365126448,0.999993365126448,49.41369591456336,0.0,49.97563416686151,0.0,45.595059885479365,0.0,45.30231004554405,0.0,0.0,0.0,0.0,0.0,0.0,0.0
10.0,4.84159207960398,0.0036428000314932,0.0036428000193776,0.99999336497543,0.99999336497543,49.41369590297189,0.0,49.97563386659575,0.0,45.59505988218664,0.0,45.30230998245794,0.0,0.0,0.0,0.0,0.0,0.0,0.0
10.0,4.8418420921046,0.0036428414871185,0.0036428414749872,0.999993364824404,0.999993364824404,49.41369589137969,0.0,49.97563356631488,0.0,45.59505987888954,0.0,45.30230991936862,0.0,0.0,0.0,0.0,0.0,0.0,0.0
10.0,4.84209210460523,0.0036428829443718,0.0036428829322247,0.9999933646733712,0.999993364673371,49.41369587978675,0.0,49.975633266018896,0.0,45.59505987558819,0.0,45.30230985627608,0.0,0.0,0.0,0.0,0.0,0.0,0.0
10.0,4.84234211710586,0.0036429244032528,0.0036429243910899,0.99999336452233,0.99999336452233,49.413695868193095,0.0,49.9756329657078,0.0,45.59505987228267,0.0,45.30230979318034,0.0,0.0,0.0,0.0,0.0,0.0,0.0
10.0,4.84259212960648,0.0036429658637616,0.0036429658515829,0.999993364371282,0.999993364371282,49.41369585659869,0.0,49.97563266538159,0.0,45.59505986897308,0.0,45.30230973008138,0.0,0.0,0.0,0.0,0.0,0.0,0.0
10.0,4.8428421421071,0.003643007325898,0.0036430073137035,0.999993364220225,0.999993364220225,49.41369584500356,0.0,49.97563236504026,0.0,45.59505986565953,0.0,45.30230966697923,0.0,0.0,0.0,0.0,0.0,0.0,0.0
10.0,4.84309215460773,0.003643048789662,0.0036430487774518,0.9999933640691608,0.999993364069162,49.4136958334077,0.0,49.97563206468383,0.0,45.59505986234208,0.0,45.30230960387384,0.0,0.0,0.0,0.0,0.0,0.0,0.0
10.0,4.84334216710836,0.0036430902550536,0.0036430902428275,0.99999336391809,0.99999336391809,49.41369582181111,0.0,49.97563176431228,0.0,45.59505985902085,0.0,45.30230954076527,0.0,0.0,0.0,0.0,0.0,0.0,0.0
10.0,4.84359217960898,0.0036431317220727,0.0036431317098308,0.999993363767011,0.9999933637670112,49.413695810213774,0.0,49.975631463925616,0.0,45.59505985569592,0.0,45.30230947765346,0.0,0.0,0.0,0.0,0.0,0.0,0.0
10.0,4.84384219210961,0.0036431731907192,0.0036431731784614,0.999993363615924,0.999993363615924,49.41369579861573,0.0,49.97563116352385,0.0,45.59505985236734,0.0,45.30230941453845,0.0,0.0,0.0,0.0,0.0,0.0,0.0
10.0,4.84409220461023,0.0036432146609931,0.0036432146487194,0.9999933634648288,0.999993363464829,49.41369578701693,0.0,49.97563086310696,0.0,45.59505984903523,0.0,45.30230935142023,0.0,0.0,0.0,0.0,0.0,0.0,0.0
10.0,4.84434221711085,0.0036432561328943,0.0036432561206047,0.999993363313727,0.999993363313727,49.41369577541741,0.0,49.97563056267497,0.0,45.595059845699645,0.0,45.3023092882988,0.0,0.0,0.0,0.0,0.0,0.0,0.0
10.0,4.84459222961148,0.0036432976064227,0.0036432975941173,0.999993363162617,0.999993363162617,49.41369576381716,0.0,49.975630262227874,0.0,45.59505984236067,0.0,45.30230922517415,0.0,0.0,0.0,0.0,0.0,0.0,0.0
10.0,4.84484224211211,0.0036433390815783,0.003643339069257,0.999993363011499,0.999993363011499,49.41369575221617,0.0,49.97562996176565,0.0,45.59505983901836,0.0,45.30230916204629,0.0,0.0,0.0,0.0,0.0,0.0,0.0
10.0,4.84509225461273,0.003643380558361,0.0036433805460238,0.999993362860374,0.999993362860374,49.41369574061446,0.0,49.97562966128832,0.0,45.59505983567283,0.0,45.30230909891523,0.0,0.0,0.0,0.0,0.0,0.0,0.0
10.0,4.84534226711336,0.0036434220367708,0.0036434220244176,0.999993362709241,0.9999933627092408,49.413695729012005,0.0,49.975629360795885,0.0,45.5950598323241,0.0,45.30230903578095,0.0,0.0,0.0,0.0,0.0,0.0,0.0
10.0,4.84559227961398,0.0036434635168075,0.0036434635044384,0.9999933625581,0.9999933625581,49.41369571740883,0.0,49.97562906028835,0.0,45.59505982897225,0.0,45.30230897264346,0.0,0.0,0.0,0.0,0.0,0.0,0.0
10.0,4.84584229211461,0.0036435049984712,0.0036435049860862,0.999993362406952,0.999993362406951,49.41369570580492,0.0,49.97562875976569,0.0,45.59505982561736,0.0,45.30230890950276,0.0,0.0,0.0,0.0,0.0,0.0,0.0
10.0,4.84609230461523,0.0036435464817618,0.0036435464693608,0.9999933622557962,0.999993362255796,49.41369569420027,0.0,49.97562845922793,0.0,45.59505982225948,0.0,45.302308846358855,0.0,0.0,0.0,0.0,0.0,0.0,0.0
10.0,4.84634231711586,0.0036435879666792,0.0036435879542622,0.999993362104632,0.999993362104632,49.4136956825949,0.0,49.975628158675065,0.0,45.59505981889867,0.0,45.30230878321172,0.0,0.0,0.0,0.0,0.0,0.0,0.0
10.0,4.84659232961648,0.0036436294532233,0.0036436294407903,0.99999336195346,0.99999336195346,49.4136956709888,0.0,49.97562785810708,0.0,45.595059815535,0.0,45.30230872006138,0.0,0.0,0.0,0.0,0.0,0.0,0.0
10.0,4.84684234211711,0.0036436709413941,0.0036436709289451,0.999993361802281,0.999993361802281,49.413695659381965,0.0,49.97562755752399,0.0,45.59505981216852,0.0,45.30230865690784,0.0,0.0,0.0,0.0,0.0,0.0,0.0
10.0,4.84709235461773,0.0036437124311915,0.0036437124187265,0.999993361651095,0.999993361651095,49.41369564777439,0.0,49.97562725692579,0.0,45.59505980879926,0.0,45.30230859375109,0.0,0.0,0.0,0.0,0.0,0.0,0.0
10.0,4.84734236711836,0.0036437539226155,0.0036437539101345,0.9999933614999,0.9999933614999,49.413695636166096,0.0,49.97562695631249,0.0,45.595059805427326,0.0,45.30230853059113,0.0,0.0,0.0,0.0,0.0,0.0,0.0
10.0,4.84759237961898,0.003643795415666,0.0036437954031689,0.999993361348698,0.999993361348698,49.41369562455707,0.0,49.97562665568408,0.0,45.595059802052745,0.0,45.30230846742795,0.0,0.0,0.0,0.0,0.0,0.0,0.0
10.0,4.84784239211961,0.0036438369103429,0.0036438368978298,0.999993361197488,0.9999933611974882,49.41369561294732,0.0,49.97562635504055,0.0,45.59505979867556,0.0,45.30230840426155,0.0,0.0,0.0,0.0,0.0,0.0,0.0
10.0,4.84809240462023,0.0036438784066462,0.0036438783941171,0.999993361046271,0.999993361046271,49.413695601336826,0.0,49.97562605438194,0.0,45.59505979529583,0.0,45.30230834109195,0.0,0.0,0.0,0.0,0.0,0.0,0.0
10.0,4.84834241712086,0.0036439199045758,0.0036439198920306,0.999993360895046,0.999993360895046,49.413695589725606,0.0,49.9756257537082,0.0,45.59505979191359,0.0,45.30230827791914,0.0,0.0,0.0,0.0,0.0,0.0,0.0
10.0,4.84859242962148,0.0036439614041316,0.0036439613915704,0.9999933607438128,0.999993360743813,49.41369557811365,0.0,49.97562545301937,0.0,45.59505978852892,0.0,45.30230821474312,0.0,0.0,0.0,0.0,0.0,0.0,0.0
10.0,4.848842442122111,0.0036440029053137,0.0036440028927363,0.999993360592572,0.999993360592572,49.41369556650097,0.0,49.97562515231541,0.0,45.59505978514183,0.0,45.302308151563885,0.0,0.0,0.0,0.0,0.0,0.0,0.0
10.0,4.84909245462273,0.0036440444081219,0.0036440443955284,0.999993360441324,0.999993360441324,49.41369555488757,0.0,49.97562485159637,0.0,45.59505978175238,0.0,45.30230808838144,0.0,0.0,0.0,0.0,0.0,0.0,0.0
10.0,4.84934246712336,0.0036440859125561,0.0036440858999465,0.999993360290068,0.999993360290068,49.41369554327342,0.0,49.97562455086221,0.0,45.59505977836062,0.0,45.30230802519578,0.0,0.0,0.0,0.0,0.0,0.0,0.0
10.0,4.84959247962398,0.0036441274186164,0.0036441274059907,0.999993360138804,0.999993360138805,49.41369553165856,0.0,49.97562425011295,0.0,45.59505977496659,0.0,45.30230796200691,0.0,0.0,0.0,0.0,0.0,0.0,0.0
10.0,4.84984249212461,0.0036441689263026,0.0036441689136607,0.999993359987533,0.999993359987533,49.41369552004295,0.0,49.97562394934859,0.0,45.59505977157032,0.0,45.30230789881482,0.0,0.0,0.0,0.0,0.0,0.0,0.0
10.0,4.85009250462523,0.0036442104356146,0.0036442104229566,0.999993359836254,0.999993359836254,49.41369550842663,0.0,49.97562364856911,0.0,45.59505976817185,0.0,45.30230783561954,0.0,0.0,0.0,0.0,0.0,0.0,0.0
10.0,4.85034251712586,0.0036442519465525,0.0036442519338784,0.9999933596849682,0.999993359684968,49.41369549680956,0.0,49.97562334777454,0.0,45.59505976477124,0.0,45.30230777242104,0.0,0.0,0.0,0.0,0.0,0.0,0.0
10.0,4.85059252962648,0.0036442934591162,0.0036442934464258,0.999993359533674,0.999993359533674,49.41369548519177,0.0,49.97562304696486,0.0,45.5950597613685,0.0,45.30230770921933,0.0,0.0,0.0,0.0,0.0,0.0,0.0
10.0,4.85084254212711,0.0036443349733055,0.003644334960599,0.999993359382372,0.999993359382372,49.41369547357325,0.0,49.97562274614008,0.0,45.595059757963696,0.0,45.302307646014405,0.0,0.0,0.0,0.0,0.0,0.0,0.0
10.0,4.851092554627731,0.0036443764891205,0.0036443764763978,0.999993359231062,0.999993359231062,49.41369546195399,0.0,49.97562244530019,0.0,45.59505975455684,0.0,45.30230758280627,0.0,0.0,0.0,0.0,0.0,0.0,0.0
10.0,4.85134256712836,0.003644418006561,0.0036444179938221,0.999993359079745,0.999993359079745,49.41369545033402,0.0,49.9756221444452,0.0,45.59505975114797,0.0,45.302307519594926,0.0,0.0,0.0,0.0,0.0,0.0,0.0
10.0,4.85159257962898,0.0036444595256271,0.0036444595128719,0.99999335892842,0.99999335892842,49.4136954387133,0.0,49.97562184357511,0.0,45.595059747737146,0.0,45.30230745638037,0.0,0.0,0.0,0.0,0.0,0.0,0.0
10.0,4.85184259212961,0.0036445010463186,0.0036445010335472,0.9999933587770868,0.999993358777087,49.41369542709187,0.0,49.97562154268991,0.0,45.59505974432437,0.0,45.30230739316261,0.0,0.0,0.0,0.0,0.0,0.0,0.0
10.0,4.85209260463023,0.0036445425686355,0.0036445425558479,0.999993358625747,0.999993358625747,49.4136954154697,0.0,49.97562124178961,0.0,45.59505974090968,0.0,45.30230732994162,0.0,0.0,0.0,0.0,0.0,0.0,0.0
10.0,4.85234261713086,0.0036445840925777,0.0036445840797739,0.999993358474399,0.999993358474398,49.41369540384681,0.0,49.97562094087421,0.0,45.59505973749312,0.0,45.30230726671744,0.0,0.0,0.0,0.0,0.0,0.0,0.0
10.0,4.85259262963148,0.0036446256181452,0.0036446256053251,0.999993358323043,0.999993358323043,49.41369539222318,0.0,49.9756206399437,0.0,45.59505973407473,0.0,45.30230720349003,0.0,0.0,0.0,0.0,0.0,0.0,0.0
10.0,4.85284264213211,0.0036446671453378,0.0036446671325015,0.999993358171679,0.99999335817168,49.41369538059882,0.0,49.9756203389981,0.0,45.59505973065451,0.0,45.302307140259416,0.0,0.0,0.0,0.0,0.0,0.0,0.0
10.0,4.85309265463273,0.0036447086741557,0.003644708661303,0.999993358020309,0.999993358020308,49.41369536897374,0.0,49.97562003803739,0.0,45.59505972723251,0.0,45.3023070770256,0.0,0.0,0.0,0.0,0.0,0.0,0.0
10.0,4.85334266713336,0.0036447502045985,0.0036447501917296,0.99999335786893,0.99999335786893,49.413695357347926,0.0,49.97561973706159,0.0,45.59505972380876,0.0,45.30230701378857,0.0,0.0,0.0,0.0,0.0,0.0,0.0
10.0,4.85359267963398,0.0036447917366665,0.0036447917237812,0.999993357717543,0.999993357717543,49.413695345721386,0.0,49.97561943607067,0.0,45.59505972038328,0.0,45.30230695054833,0.0,0.0,0.0,0.0,0.0,0.0,0.0
10.0,4.85384269213461,0.0036448332703593,0.0036448332574578,0.999993357566149,0.999993357566149,49.41369533409412,0.0,49.97561913506466,0.0,45.5950597169561,0.0,45.30230688730487,0.0,0.0,0.0,0.0,0.0,0.0,0.0
10.0,4.85409270463523,0.0036448748056771,0.0036448747927592,0.999993357414747,0.999993357414747,49.413695322466126,0.0,49.97561883404356,0.0,45.59505971352725,0.0,45.3023068240582,0.0,0.0,0.0,0.0,0.0,0.0,0.0
10.0,4.854342717135859,0.0036449163426197,0.0036449163296855,0.999993357263338,0.999993357263338,49.41369531083739,0.0,49.97561853300734,0.0,45.59505971009675,0.0,45.30230676080833,0.0,0.0,0.0,0.0,0.0,0.0,0.0
10.0,4.85459272963648,0.003644957881187,0.0036449578682365,0.999993357111921,0.999993357111921,49.41369529920793,0.0,49.975618231956034,0.0,45.59505970666463,0.0,45.30230669755524,0.0,0.0,0.0,0.0,0.0,0.0,0.0
10.0,4.85484274213711,0.0036449994213791,0.0036449994084122,0.999993356960496,0.999993356960496,49.41369528757775,0.0,49.97561793088962,0.0,45.59505970323091,0.0,45.30230663429894,0.0,0.0,0.0,0.0,0.0,0.0,0.0
10.0,4.85509275463773,0.0036450409631958,0.0036450409502125,0.999993356809063,0.999993356809063,49.41369527594684,0.0,49.97561762980812,0.0,45.59505969979563,0.0,45.30230657103942,0.0,0.0,0.0,0.0,0.0,0.0,0.0
10.0,4.85534276713836,0.0036450825066371,0.0036450824936374,0.9999933566576232,0.999993356657623,49.4136952643152,0.0,49.97561732871151,0.0,45.59505969635879,0.0,45.30230650777671,0.0,0.0,0.0,0.0,0.0,0.0,0.0
10.0,4.85559277963898,0.0036451240517029,0.0036451240386868,0.9999933565061748,0.999993356506175,49.41369525268284,0.0,49.9756170275998,0.0,45.59505969292045,0.0,45.302306444510776,0.0,0.0,0.0,0.0,0.0,0.0,0.0
10.0,4.85584279213961,0.0036451655983931,0.0036451655853607,0.999993356354719,0.9999933563547192,49.41369524104974,0.0,49.975616726472985,0.0,45.59505968948058,0.0,45.30230638124163,0.0,0.0,0.0,0.0,0.0,0.0,0.0
10.0,4.85609280464023,0.0036452071467078,0.003645207133659,0.999993356203256,0.999993356203256,49.41369522941592,0.0,49.97561642533109,0.0,45.59505968603924,0.0,45.30230631796928,0.0,0.0,0.0,0.0,0.0,0.0,0.0
10.0,4.85634281714086,0.0036452486966468,0.0036452486835815,0.999993356051785,0.999993356051785,49.41369521778137,0.0,49.97561612417408,0.0,45.59505968259644,0.0,45.30230625469371,0.0,0.0,0.0,0.0,0.0,0.0,0.0
10.0,4.856592829641481,0.0036452902482101,0.0036452902351284,0.999993355900307,0.9999933559003072,49.41369520614608,0.0,49.97561582300198,0.0,45.59505967915221,0.0,45.302306191414935,0.0,0.0,0.0,0.0,0.0,0.0,0.0
10.0,4.85684284214211,0.0036453318013976,0.0036453317882995,0.99999335574882,0.99999335574882,49.41369519451008,0.0,49.97561552181477,0.0,45.595059675706565,0.0,45.30230612813296,0.0,0.0,0.0,0.0,0.0,0.0,0.0
10.0,4.85709285464273,0.0036453733562092,0.0036453733430946,0.999993355597326,0.999993355597326,49.41369518287333,0.0,49.97561522061248,0.0,45.59505967225952,0.0,45.30230606484776,0.0,0.0,0.0,0.0,0.0,0.0,0.0
10.0,4.85734286714336,0.0036454149126449,0.0036454148995139,0.999993355445825,0.999993355445825,49.41369517123589,0.0,49.97561491939509,0.0,45.5950596688111,0.0,45.30230600155935,0.0,0.0,0.0,0.0,0.0,0.0,0.0
10.0,4.85759287964398,0.0036454564707047,0.0036454564575572,0.9999933552943152,0.999993355294315,49.413695159597694,0.0,49.9756146181626,0.0,45.59505966536134,0.0,45.30230593826773,0.0,0.0,0.0,0.0,0.0,0.0,0.0
10.0,4.85784289214461,0.0036454980303884,0.0036454980172244,0.999993355142798,0.999993355142798,49.41369514795878,0.0,49.975614316915006,0.0,45.59505966191024,0.0,45.302305874972895,0.0,0.0,0.0,0.0,0.0,0.0,0.0
10.0,4.85809290464523,0.003645539591696,0.0036455395785156,0.999993354991273,0.999993354991273,49.41369513631913,0.0,49.97561401565232,0.0,45.59505965845781,0.0,45.302305811674856,0.0,0.0,0.0,0.0,0.0,0.0,0.0
10.0,4.85834291714586,0.0036455811546275,0.0036455811414305,0.999993354839741,0.999993354839741,49.41369512467875,0.0,49.97561371437455,0.0,45.595059655004086,0.0,45.30230574837361,0.0,0.0,0.0,0.0,0.0,0.0,0.0
10.0,4.85859292964648,0.0036456227191827,0.0036456227059693,0.999993354688201,0.999993354688201,49.41369511303766,0.0,49.97561341308167,0.0,45.59505965154908,0.0,45.30230568506914,0.0,0.0,0.0,0.0,0.0,0.0,0.0
10.0,4.85884294214711,0.0036456642853617,0.0036456642721317,0.999993354536653,0.999993354536653,49.41369510139584,0.0,49.9756131117737,0.0,45.595059648092814,0.0,45.30230562176148,0.0,0.0,0.0,0.0,0.0,0.0,0.0
10.0,4.85909295464773,0.0036457058531643,0.0036457058399178,0.9999933543850978,0.999993354385097,49.41369508975328,0.0,49.97561281045063,0.0,45.5950596446353,0.0,45.30230555845058,0.0,0.0,0.0,0.0,0.0,0.0,0.0
10.0,4.85934296714836,0.0036457474225905,0.0036457474093275,0.999993354233534,0.999993354233534,49.41369507811,0.0,49.97561250911247,0.0,45.59505964117656,0.0,45.3023054951365,0.0,0.0,0.0,0.0,0.0,0.0,0.0
10.0,4.85959297964898,0.0036457889936403,0.0036457889803607,0.9999933540819632,0.999993354081963,49.413695066466005,0.0,49.97561220775921,0.0,45.5950596377166,0.0,45.30230543181919,0.0,0.0,0.0,0.0,0.0,0.0,0.0
10.0,4.859842992149609,0.0036458305663135,0.0036458305530173,0.999993353930385,0.9999933539303852,49.41369505482128,0.0,49.97561190639085,0.0,45.59505963425544,0.0,45.30230536849867,0.0,0.0,0.0,0.0,0.0,0.0,0.0
10.0,4.86009300465023,0.0036458721406101,0.0036458721272974,0.999993353778799,0.999993353778798,49.41369504317581,0.0,49.975611605007416,0.0,45.5950596307931,0.0,45.30230530517495,0.0,0.0,0.0,0.0,0.0,0.0,0.0
10.0,4.86034301715086,0.0036459137165301,0.0036459137032008,0.999993353627205,0.999993353627205,49.41369503152963,0.0,49.97561130360887,0.0,45.5950596273296,0.0,45.30230524184801,0.0,0.0,0.0,0.0,0.0,0.0,0.0
10.0,4.86059302965148,0.0036459552940734,0.0036459552807275,0.999993353475603,0.999993353475603,49.41369501988272,0.0,49.97561100219525,0.0,45.59505962386495,0.0,45.30230517851786,0.0,0.0,0.0,0.0,0.0,0.0,0.0
10.0,4.86084304215211,0.0036459968732398,0.0036459968598774,0.999993353323994,0.999993353323994,49.41369500823508,0.0,49.97561070076651,0.0,45.59505962039916,0.0,45.3023051151845,0.0,0.0,0.0,0.0,0.0,0.0,0.0
10.0,4.86109305465273,0.0036460384540295,0.0036460384406504,0.9999933531723768,0.999993353172377,49.41369499658672,0.0,49.97561039932269,0.0,45.59505961693225,0.0,45.30230505184794,0.0,0.0,0.0,0.0,0.0,0.0,0.0
10.0,4.86134306715336,0.0036460800364422,0.0036460800230465,0.999993353020752,0.999993353020752,49.41369498493763,0.0,49.97561009786378,0.0,45.595059613464215,0.0,45.30230498850816,0.0,0.0,0.0,0.0,0.0,0.0,0.0
10.0,4.86159307965398,0.003646121620478,0.0036461216070657,0.99999335286912,0.99999335286912,49.41369497328781,0.0,49.97560979638977,0.0,45.59505960999511,0.0,45.30230492516516,0.0,0.0,0.0,0.0,0.0,0.0,0.0
10.0,4.86184309215461,0.0036461632061368,0.0036461631927078,0.99999335271748,0.99999335271748,49.41369496163728,0.0,49.97560949490067,0.0,45.59505960652492,0.0,45.30230486181896,0.0,0.0,0.0,0.0,0.0,0.0,0.0
10.0,4.862093104655229,0.0036462047934184,0.0036462047799729,0.999993352565832,0.999993352565832,49.413694949986,0.0,49.97560919339647,0.0,45.59505960305364,0.0,45.30230479846954,0.0,0.0,0.0,0.0,0.0,0.0,0.0
10.0,4.86234311715586,0.003646246382323,0.0036462463688607,0.999993352414177,0.999993352414177,49.41369493833402,0.0,49.9756088918772,0.0,45.59505959958134,0.0,45.30230473511692,0.0,0.0,0.0,0.0,0.0,0.0,0.0
10.0,4.86259312965648,0.0036462879728503,0.0036462879593714,0.9999933522625138,0.9999933522625138,49.413694926681295,0.0,49.975608590342816,0.0,45.59505959610798,0.0,45.302304671761085,0.0,0.0,0.0,0.0,0.0,0.0,0.0
10.0,4.86284314215711,0.0036463295650003,0.0036463295515048,0.999993352110843,0.999993352110843,49.413694915027854,0.0,49.97560828879335,0.0,45.59505959263359,0.0,45.302304608402046,0.0,0.0,0.0,0.0,0.0,0.0,0.0
10.0,4.86309315465773,0.003646371158773,0.0036463711452608,0.9999933519591638,0.9999933519591638,49.41369490337368,0.0,49.975607987228784,0.0,45.5950595891582,0.0,45.30230454503978,0.0,0.0,0.0,0.0,0.0,0.0,0.0
10.0,4.86334316715836,0.0036464127541683,0.0036464127406395,0.999993351807478,0.999993351807478,49.41369489171879,0.0,49.97560768564914,0.0,45.59505958568179,0.0,45.30230448167433,0.0,0.0,0.0,0.0,0.0,0.0,0.0
10.0,4.86359317965898,0.0036464543511862,0.0036464543376406,0.999993351655784,0.999993351655784,49.413694880063176,0.0,49.9756073840544,0.0,45.59505958220439,0.0,45.30230441830565,0.0,0.0,0.0,0.0,0.0,0.0,0.0
10.0,4.86384319215961,0.0036464959498266,0.0036464959362643,0.999993351504083,0.999993351504082,49.41369486840684,0.0,49.97560708244457,0.0,45.595059578726016,0.0,45.30230435493376,0.0,0.0,0.0,0.0,0.0,0.0,0.0
10.0,4.86409320466023,0.0036465375500893,0.0036465375365103,0.999993351352373,0.999993351352373,49.41369485674976,0.0,49.97560678081964,0.0,45.59505957524667,0.0,45.302304291558656,0.0,0.0,0.0,0.0,0.0,0.0,0.0
10.0,4.86434321716086,0.0036465791519745,0.0036465791383788,0.999993351200657,0.999993351200656,49.41369484509197,0.0,49.97560647917963,0.0,45.59505957176637,0.0,45.302304228180354,0.0,0.0,0.0,0.0,0.0,0.0,0.0
10.0,4.86459322966148,0.0036466207554819,0.0036466207418695,0.999993351048932,0.999993351048932,49.413694833433446,0.0,49.975606177524526,0.0,45.59505956828512,0.0,45.30230416479883,0.0,0.0,0.0,0.0,0.0,0.0,0.0
10.0,4.86484324216211,0.0036466623606115,0.0036466623469824,0.9999933508972,0.9999933508972,49.4136948217742,0.0,49.97560587585434,0.0,45.59505956480294,0.0,45.3023041014141,0.0,0.0,0.0,0.0,0.0,0.0,0.0
10.0,4.86509325466273,0.0036467039673634,0.0036467039537175,0.99999335074546,0.99999335074546,49.41369481011424,0.0,49.97560557416905,0.0,45.595059561319815,0.0,45.302304038026165,0.0,0.0,0.0,0.0,0.0,0.0,0.0
10.0,4.86534326716336,0.0036467455757373,0.0036467455620747,0.999993350593712,0.999993350593712,49.41369479845355,0.0,49.97560527246869,0.0,45.59505955783579,0.0,45.30230397463502,0.0,0.0,0.0,0.0,0.0,0.0,0.0
10.0,4.86559327966398,0.0036467871857333,0.0036467871720539,0.999993350441957,0.999993350441956,49.41369478679212,0.0,49.97560497075323,0.0,45.59505955435086,0.0,45.30230391124065,0.0,0.0,0.0,0.0,0.0,0.0,0.0
10.0,4.86584329216461,0.0036468287973513,0.0036468287836551,0.999993350290194,0.999993350290194,49.41369477512998,0.0,49.97560466902268,0.0,45.59505955086504,0.0,45.302303847843085,0.0,0.0,0.0,0.0,0.0,0.0,0.0
10.0,4.86609330466523,0.0036468704105912,0.0036468703968783,0.999993350138423,0.999993350138423,49.41369476346711,0.0,49.97560436727704,0.0,45.595059547378334,0.0,45.3023037844423,0.0,0.0,0.0,0.0,0.0,0.0,0.0
10.0,4.86634331716586,0.003646912025453,0.0036469120117232,0.999993349986644,0.999993349986644,49.413694751803526,0.0,49.97560406551632,0.0,45.595059543890734,0.0,45.30230372103829,0.0,0.0,0.0,0.0,0.0,0.0,0.0
10.0,4.86659332966648,0.0036469536419365,0.00364695362819,0.999993349834858,0.999993349834858,49.413694740139206,0.0,49.97560376374051,0.0,45.59505954040229,0.0,45.3023036576311,0.0,0.0,0.0,0.0,0.0,0.0,0.0
10.0,4.86684334216711,0.0036469952600419,0.0036469952462786,0.999993349683064,0.999993349683064,49.41369472847418,0.0,49.97560346194961,0.0,45.59505953691298,0.0,45.30230359422069,0.0,0.0,0.0,0.0,0.0,0.0,0.0
10.0,4.86709335466773,0.0036470368797689,0.0036470368659887,0.999993349531263,0.999993349531263,49.413694716808415,0.0,49.97560316014361,0.0,45.59505953342281,0.0,45.30230353080706,0.0,0.0,0.0,0.0,0.0,0.0,0.0
10.0,4.86734336716836,0.0036470785011175,0.0036470784873205,0.999993349379454,0.999993349379454,49.41369470514192,0.0,49.97560285832254,0.0,45.59505952993183,0.0,45.30230346739022,0.0,0.0,0.0,0.0,0.0,0.0,0.0
10.0,4.867593379668979,0.0036471201240876,0.0036471201102739,0.999993349227637,0.999993349227637,49.41369469347472,0.0,49.97560255648638,0.0,45.59505952644,0.0,45.30230340397018,0.0,0.0,0.0,0.0,0.0,0.0,0.0
10.0,4.86784339216961,0.0036471617486793,0.0036471617348487,0.999993349075812,0.999993349075812,49.41369468180679,0.0,49.975602254635135,0.0,45.59505952294736,0.0,45.30230334054692,0.0,0.0,0.0,0.0,0.0,0.0,0.0
10.0,4.86809340467023,0.0036472033748924,0.003647203361045,0.99999334892398,0.99999334892398,49.41369467013813,0.0,49.97560195276879,0.0,45.5950595194539,0.0,45.30230327712046,0.0,0.0,0.0,0.0,0.0,0.0,0.0
10.0,4.86834341717086,0.0036472450027269,0.0036472449888626,0.99999334877214,0.99999334877214,49.41369465846874,0.0,49.97560165088737,0.0,45.59505951595964,0.0,45.30230321369078,0.0,0.0,0.0,0.0,0.0,0.0,0.0
10.0,4.86859342967148,0.0036472866321826,0.0036472866183015,0.999993348620292,0.999993348620292,49.41369464679864,0.0,49.975601348990864,0.0,45.59505951246458,0.0,45.30230315025789,0.0,0.0,0.0,0.0,0.0,0.0,0.0
10.0,4.86884344217211,0.0036473282632597,0.0036473282493617,0.999993348468437,0.999993348468437,49.41369463512781,0.0,49.97560104707927,0.0,45.59505950896873,0.0,45.30230308682179,0.0,0.0,0.0,0.0,0.0,0.0,0.0
10.0,4.86909345467273,0.0036473698959579,0.0036473698820431,0.999993348316574,0.999993348316573,49.413694623456266,0.0,49.9756007451526,0.0,45.5950595054721,0.0,45.302303023382485,0.0,0.0,0.0,0.0,0.0,0.0,0.0
10.0,4.86934346717336,0.0036474115302772,0.0036474115163455,0.9999933481647028,0.999993348164703,49.41369461178399,0.0,49.97560044321083,0.0,45.59505950197471,0.0,45.30230295993996,0.0,0.0,0.0,0.0,0.0,0.0,0.0
10.0,4.86959347967398,0.0036474531662176,0.003647453152269,0.999993348012825,0.999993348012824,49.41369460011099,0.0,49.97560014125399,0.0,45.595059498476544,0.0,45.30230289649424,0.0,0.0,0.0,0.0,0.0,0.0,0.0
10.0,4.86984349217461,0.003647494803779,0.0036474947898135,0.999993347860938,0.999993347860938,49.41369458843728,0.0,49.97559983928205,0.0,45.59505949497762,0.0,45.302302833045296,0.0,0.0,0.0,0.0,0.0,0.0,0.0
10.0,4.87009350467523,0.0036475364429613,0.003647536428979,0.999993347709044,0.999993347709044,49.41369457676284,0.0,49.97559953729503,0.0,45.595059491477954,0.0,45.30230276959314,0.0,0.0,0.0,0.0,0.0,0.0,0.0
10.0,4.87034351717586,0.0036475780837645,0.0036475780697653,0.999993347557143,0.999993347557143,49.41369456508767,0.0,49.97559923529293,0.0,45.59505948797754,0.0,45.30230270613778,0.0,0.0,0.0,0.0,0.0,0.0,0.0
10.0,4.87059352967648,0.0036476197261885,0.0036476197121724,0.999993347405234,0.999993347405234,49.41369455341177,0.0,49.97559893327575,0.0,45.5950594844764,0.0,45.30230264267921,0.0,0.0,0.0,0.0,0.0,0.0,0.0
10.0,4.87084354217711,0.0036476613702333,0.0036476613562003,0.9999933472533168,0.999993347253317,49.41369454173517,0.0,49.97559863124348,0.0,45.59505948097452,0.0,45.30230257921743,0.0,0.0,0.0,0.0,0.0,0.0,0.0
10.0,4.87109355467773,0.0036477030158988,0.0036477030018488,0.999993347101392,0.999993347101392,49.41369453005784,0.0,49.97559832919612,0.0,45.59505947747192,0.0,45.30230251575244,0.0,0.0,0.0,0.0,0.0,0.0,0.0
10.0,4.87134356717836,0.0036477446631849,0.003647744649118,0.9999933469494598,0.9999933469494598,49.413694518379785,0.0,49.975598027133685,0.0,45.5950594739686,0.0,45.30230245228422,0.0,0.0,0.0,0.0,0.0,0.0,0.0
10.0,4.87159357967898,0.0036477863120915,0.0036477862980077,0.9999933467975202,0.9999933467975202,49.413694506701006,0.0,49.97559772505616,0.0,45.59505947046458,0.0,45.30230238881283,0.0,0.0,0.0,0.0,0.0,0.0,0.0
10.0,4.87184359217961,0.0036478279626187,0.0036478279485179,0.999993346645572,0.999993346645572,49.41369449502151,0.0,49.97559742296357,0.0,45.59505946695985,0.0,45.30230232533821,0.0,0.0,0.0,0.0,0.0,0.0,0.0
10.0,4.87209360468023,0.0036478696147663,0.0036478696006486,0.9999933464936168,0.999993346493617,49.41369448334129,0.0,49.97559712085588,0.0,45.59505946345443,0.0,45.30230226186036,0.0,0.0,0.0,0.0,0.0,0.0,0.0
10.0,4.872343617180861,0.0036479112685343,0.0036479112543996,0.999993346341654,0.999993346341653,49.41369447166035,0.0,49.97559681873312,0.0,45.59505945994833,0.0,45.30230219837932,0.0,0.0,0.0,0.0,0.0,0.0,0.0
10.0,4.87259362968148,0.0036479529239226,0.003647952909771,0.9999933461896832,0.9999933461896822,49.41369445997868,0.0,49.97559651659526,0.0,45.59505945644154,0.0,45.302302134895065,0.0,0.0,0.0,0.0,0.0,0.0,0.0
10.0,4.87284364218211,0.0036479945809312,0.0036479945667626,0.999993346037704,0.999993346037704,49.4136944482963,0.0,49.97559621444233,0.0,45.59505945293407,0.0,45.3023020714076,0.0,0.0,0.0,0.0,0.0,0.0,0.0
10.0,4.87309365468273,0.00364803623956,0.0036480362253744,0.999993345885718,0.999993345885718,49.413694436613184,0.0,49.97559591227432,0.0,45.59505944942593,0.0,45.30230200791693,0.0,0.0,0.0,0.0,0.0,0.0,0.0
10.0,4.87334366718336,0.0036480778998089,0.0036480778856064,0.999993345733724,0.999993345733724,49.41369442492935,0.0,49.975595610091226,0.0,45.59505944591713,0.0,45.30230194442304,0.0,0.0,0.0,0.0,0.0,0.0,0.0
10.0,4.87359367968398,0.0036481195616779,0.0036481195474583,0.999993345581723,0.999993345581722,49.413694413244805,0.0,49.97559530789304,0.0,45.59505944240768,0.0,45.302301880925945,0.0,0.0,0.0,0.0,0.0,0.0,0.0
10.0,4.87384369218461,0.0036481612251669,0.0036481612109304,0.999993345429713,0.999993345429713,49.41369440155954,0.0,49.97559500567978,0.0,45.59505943889756,0.0,45.30230181742564,0.0,0.0,0.0,0.0,0.0,0.0,0.0
10.0,4.87409370468523,0.0036482028902758,0.0036482028760223,0.999993345277696,0.999993345277696,49.41369438987354,0.0,49.97559470345144,0.0,45.5950594353868,0.0,45.30230175392212,0.0,0.0,0.0,0.0,0.0,0.0,0.0
10.0,4.87434371718586,0.0036482445570046,0.0036482445427341,0.999993345125672,0.999993345125671,49.413694378186825,0.0,49.97559440120803,0.0,45.5950594318754,0.0,45.30230169041538,0.0,0.0,0.0,0.0,0.0,0.0,0.0
10.0,4.87459372968648,0.0036482862253533,0.0036482862110658,0.999993344973639,0.999993344973639,49.41369436649939,0.0,49.975594098949536,0.0,45.59505942836336,0.0,45.30230162690546,0.0,0.0,0.0,0.0,0.0,0.0,0.0
10.0,4.87484374218711,0.0036483278953217,0.0036483278810172,0.999993344821599,0.999993344821599,49.41369435481124,0.0,49.97559379667595,0.0,45.59505942485069,0.0,45.30230156339231,0.0,0.0,0.0,0.0,0.0,0.0,0.0
10.0,4.87509375468773,0.0036483695669099,0.0036483695525883,0.999993344669551,0.999993344669551,49.41369434312236,0.0,49.97559349438729,0.0,45.59505942133739,0.0,45.30230149987595,0.0,0.0,0.0,0.0,0.0,0.0,0.0
10.0,4.87534376718836,0.0036484112401176,0.0036484112257791,0.999993344517496,0.999993344517496,49.41369433143276,0.0,49.97559319208356,0.0,45.59505941782347,0.0,45.30230143635639,0.0,0.0,0.0,0.0,0.0,0.0,0.0
10.0,4.87559377968898,0.003648452914945,0.0036484529005894,0.999993344365433,0.999993344365433,49.41369431974243,0.0,49.975592889764734,0.0,45.59505941430894,0.0,45.30230137283361,0.0,0.0,0.0,0.0,0.0,0.0,0.0
10.0,4.87584379218961,0.0036484945913918,0.0036484945770192,0.999993344213362,0.999993344213362,49.4136943080514,0.0,49.97559258743084,0.0,45.5950594107938,0.0,45.302301309307616,0.0,0.0,0.0,0.0,0.0,0.0,0.0
10.0,4.87609380469023,0.0036485362694582,0.0036485362550685,0.9999933440612832,0.9999933440612832,49.41369429635965,0.0,49.975592285081866,0.0,45.59505940727806,0.0,45.302301245778416,0.0,0.0,0.0,0.0,0.0,0.0,0.0
10.0,4.87634381719086,0.0036485779491439,0.0036485779347372,0.999993343909197,0.999993343909197,49.41369428466716,0.0,49.975591982717816,0.0,45.59505940376171,0.0,45.302301182246005,0.0,0.0,0.0,0.0,0.0,0.0,0.0
10.0,4.87659382969148,0.0036486196304489,0.0036486196160252,0.9999933437571028,0.9999933437571028,49.41369427297396,0.0,49.97559168033868,0.0,45.59505940024477,0.0,45.30230111871038,0.0,0.0,0.0,0.0,0.0,0.0,0.0
10.0,4.87684384219211,0.0036486613133733,0.0036486612989324,0.999993343605001,0.999993343605001,49.41369426128004,0.0,49.97559137794448,0.0,45.59505939672724,0.0,45.302301055171554,0.0,0.0,0.0,0.0,0.0,0.0,0.0
10.0,4.87709385469273,0.0036487029979168,0.0036487029834589,0.999993343452892,0.999993343452891,49.41369424958539,0.0,49.97559107553518,0.0,45.59505939320911,0.0,45.30230099162952,0.0,0.0,0.0,0.0,0.0,0.0,0.0
10.0,4.87734386719336,0.0036487446840795,0.0036487446696045,0.999993343300775,0.9999933433007742,49.413694237890034,0.0,49.97559077311082,0.0,45.59505938969041,0.0,45.30230092808427,0.0,0.0,0.0,0.0,0.0,0.0,0.0
10.0,4.87759387969399,0.0036487863718612,0.0036487863573692,0.99999334314865,0.99999334314865,49.413694226193954,0.0,49.97559047067138,0.0,45.59505938617113,0.0,45.30230086453581,0.0,0.0,0.0,0.0,0.0,0.0,0.0
10.0,4.877843892194611,0.003648828061262,0.0036488280467529,0.9999933429965172,0.9999933429965172,49.41369421449716,0.0,49.97559016821685,0.0,45.59505938265128,0.0,45.302300800984135,0.0,0.0,0.0,0.0,0.0,0.0,0.0
10.0,4.87809390469523,0.0036488697522818,0.0036488697377556,0.999993342844377,0.999993342844377,49.41369420279963,0.0,49.97558986574725,0.0,45.59505937913086,0.0,45.302300737429256,0.0,0.0,0.0,0.0,0.0,0.0,0.0
10.0,4.87834391719586,0.0036489114449204,0.0036489114303772,0.999993342692229,0.999993342692229,49.41369419110139,0.0,49.97558956326259,0.0,45.59505937560988,0.0,45.302300673871166,0.0,0.0,0.0,0.0,0.0,0.0,0.0
10.0,4.87859392969648,0.0036489531391779,0.0036489531246176,0.999993342540074,0.999993342540073,49.41369417940243,0.0,49.97558926076282,0.0,45.595059372088336,0.0,45.30230061030987,0.0,0.0,0.0,0.0,0.0,0.0,0.0
10.0,4.87884394219711,0.0036489948350542,0.0036489948204768,0.999993342387911,0.99999334238791,49.41369416770275,0.0,49.975588958248,0.0,45.59505936856624,0.0,45.30230054674536,0.0,0.0,0.0,0.0,0.0,0.0,0.0
10.0,4.87909395469774,0.0036490365325491,0.0036490365179546,0.99999334223574,0.999993342235739,49.41369415600235,0.0,49.9755886557181,0.0,45.59505936504359,0.0,45.30230048317763,0.0,0.0,0.0,0.0,0.0,0.0,0.0
10.0,4.87934396719836,0.0036490782316628,0.0036490782170512,0.999993342083561,0.99999334208356,49.413694144301246,0.0,49.97558835317312,0.0,45.59505936152039,0.0,45.30230041960671,0.0,0.0,0.0,0.0,0.0,0.0,0.0
10.0,4.87959397969898,0.003649119932395,0.0036491199177663,0.999993341931374,0.999993341931374,49.4136941325994,0.0,49.97558805061306,0.0,45.59505935799666,0.0,45.30230035603257,0.0,0.0,0.0,0.0,0.0,0.0,0.0
10.0,4.87984399219961,0.0036491616347458,0.0036491616200999,0.99999334177918,0.99999334177918,49.41369412089684,0.0,49.97558774803793,0.0,45.595059354472376,0.0,45.302300292455215,0.0,0.0,0.0,0.0,0.0,0.0,0.0
10.0,4.88009400470024,0.003649203338715,0.0036492033240521,0.999993341626978,0.999993341626978,49.41369410919358,0.0,49.97558744544773,0.0,45.595059350947565,0.0,45.30230022887465,0.0,0.0,0.0,0.0,0.0,0.0,0.0
10.0,4.88034401720086,0.0036492450443026,0.0036492450296226,0.9999933414747691,0.999993341474768,49.41369409748958,0.0,49.97558714284245,0.0,45.595059347422215,0.0,45.30230016529087,0.0,0.0,0.0,0.0,0.0,0.0,0.0
10.0,4.88059402970148,0.0036492867515086,0.0036492867368114,0.999993341322551,0.999993341322551,49.41369408578487,0.0,49.97558684022209,0.0,45.59505934389634,0.0,45.3023001017039,0.0,0.0,0.0,0.0,0.0,0.0,0.0
10.0,4.88084404220211,0.0036493284603328,0.0036493284456186,0.999993341170327,0.999993341170326,49.41369407407944,0.0,49.97558653758667,0.0,45.59505934036995,0.0,45.3023000381137,0.0,0.0,0.0,0.0,0.0,0.0,0.0
10.0,4.88109405470273,0.0036493701707753,0.0036493701560439,0.999993341018094,0.999993341018093,49.41369406237329,0.0,49.97558623493616,0.0,45.59505933684303,0.0,45.3022999745203,0.0,0.0,0.0,0.0,0.0,0.0,0.0
10.0,4.88134406720336,0.003649411882836,0.0036494118680874,0.999993340865853,0.999993340865853,49.41369405066642,0.0,49.97558593227059,0.0,45.59505933331559,0.0,45.30229991092369,0.0,0.0,0.0,0.0,0.0,0.0,0.0
10.0,4.88159407970399,0.0036494535965147,0.003649453581749,0.999993340713605,0.999993340713605,49.413694038958845,0.0,49.97558562958993,0.0,45.595059329787645,0.0,45.30229984732387,0.0,0.0,0.0,0.0,0.0,0.0,0.0
10.0,4.88184409220461,0.0036494953118115,0.0036494952970287,0.99999334056135,0.999993340561349,49.41369402725054,0.0,49.97558532689421,0.0,45.59505932625919,0.0,45.302299783720834,0.0,0.0,0.0,0.0,0.0,0.0,0.0
10.0,4.88209410470524,0.0036495370287262,0.0036495370139263,0.999993340409086,0.999993340409086,49.41369401554152,0.0,49.97558502418341,0.0,45.59505932273022,0.0,45.30229972011459,0.0,0.0,0.0,0.0,0.0,0.0,0.0
10.0,4.88234411720586,0.0036495787472589,0.0036495787324418,0.999993340256815,0.999993340256815,49.41369400383178,0.0,49.97558472145754,0.0,45.59505931920076,0.0,45.30229965650514,0.0,0.0,0.0,0.0,0.0,0.0,0.0
10.0,4.88259412970649,0.0036496204674094,0.0036496204525752,0.999993340104536,0.9999933401045352,49.41369399212133,0.0,49.97558441871659,0.0,45.5950593156708,0.0,45.30229959289248,0.0,0.0,0.0,0.0,0.0,0.0,0.0
10.0,4.88284414220711,0.0036496621891777,0.0036496621743263,0.999993339952249,0.999993339952249,49.413693980410144,0.0,49.97558411596058,0.0,45.59505931214034,0.0,45.3022995292766,0.0,0.0,0.0,0.0,0.0,0.0,0.0
10.0,4.88309415470774,0.0036497039125637,0.0036497038976952,0.999993339799955,0.999993339799954,49.413693968698254,0.0,49.975583813189495,0.0,45.59505930860938,0.0,45.30229946565753,0.0,0.0,0.0,0.0,0.0,0.0,0.0
10.0,4.883344167208359,0.0036497456375674,0.0036497456226817,0.999993339647653,0.999993339647652,49.41369395698564,0.0,49.975583510403325,0.0,45.595059305077946,0.0,45.30229940203523,0.0,0.0,0.0,0.0,0.0,0.0,0.0
10.0,4.88359417970899,0.0036497873641887,0.0036497873492859,0.999993339495343,0.999993339495343,49.41369394527232,0.0,49.9755832076021,0.0,45.595059301546016,0.0,45.302299338409725,0.0,0.0,0.0,0.0,0.0,0.0,0.0
10.0,4.88384419220961,0.0036498290924276,0.0036498290775076,0.999993339343025,0.999993339343025,49.41369393355827,0.0,49.9755829047858,0.0,45.5950592980136,0.0,45.30229927478101,0.0,0.0,0.0,0.0,0.0,0.0,0.0
10.0,4.88409420471024,0.0036498708222839,0.0036498708073467,0.9999933391907,0.9999933391907,49.41369392184351,0.0,49.97558260195441,0.0,45.59505929448071,0.0,45.30229921114909,0.0,0.0,0.0,0.0,0.0,0.0,0.0
10.0,4.88434421721086,0.0036499125537576,0.0036499125388033,0.999993339038368,0.999993339038367,49.413693910128025,0.0,49.97558229910797,0.0,45.59505929094734,0.0,45.30229914751396,0.0,0.0,0.0,0.0,0.0,0.0,0.0
10.0,4.88459422971149,0.0036499542868487,0.0036499542718772,0.999993338886027,0.999993338886026,49.41369389841184,0.0,49.97558199624645,0.0,45.5950592874135,0.0,45.30229908387562,0.0,0.0,0.0,0.0,0.0,0.0,0.0
10.0,4.88484424221211,0.0036499960215571,0.0036499960065684,0.999993338733679,0.999993338733678,49.41369388669492,0.0,49.975581693369854,0.0,45.59505928387918,0.0,45.30229902023407,0.0,0.0,0.0,0.0,0.0,0.0,0.0
10.0,4.88509425471274,0.0036500377578828,0.0036500377428769,0.999993338581322,0.999993338581322,49.41369387497729,0.0,49.97558139047819,0.0,45.5950592803444,0.0,45.3022989565893,0.0,0.0,0.0,0.0,0.0,0.0,0.0
10.0,4.88534426721336,0.0036500794958256,0.0036500794808025,0.9999933384289588,0.999993338428958,49.41369386325894,0.0,49.97558108757146,0.0,45.59505927680915,0.0,45.30229889294134,0.0,0.0,0.0,0.0,0.0,0.0,0.0
10.0,4.88559427971399,0.0036501212353855,0.0036501212203453,0.999993338276587,0.999993338276587,49.41369385153988,0.0,49.97558078464967,0.0,45.59505927327344,0.0,45.30229882929015,0.0,0.0,0.0,0.0,0.0,0.0,0.0
10.0,4.88584429221461,0.0036501629765624,0.003650162961505,0.999993338124208,0.999993338124207,49.4136938398201,0.0,49.97558048171279,0.0,45.59505926973728,0.0,45.30229876563576,0.0,0.0,0.0,0.0,0.0,0.0,0.0
10.0,4.88609430471524,0.0036502047193564,0.0036502047042818,0.999993337971821,0.999993337971821,49.4136938280996,0.0,49.97558017876085,0.0,45.59505926620065,0.0,45.30229870197815,0.0,0.0,0.0,0.0,0.0,0.0,0.0
10.0,4.88634431721586,0.0036502464637672,0.0036502464486755,0.999993337819427,0.999993337819426,49.41369381637839,0.0,49.97557987579384,0.0,45.595059262663575,0.0,45.30229863831735,0.0,0.0,0.0,0.0,0.0,0.0,0.0
10.0,4.88659432971649,0.003650288209795,0.003650288194686,0.999993337667024,0.999993337667024,49.41369380465646,0.0,49.97557957281177,0.0,45.59505925912604,0.0,45.30229857465332,0.0,0.0,0.0,0.0,0.0,0.0,0.0
10.0,4.88684434221711,0.0036503299574395,0.0036503299423134,0.999993337514614,0.999993337514614,49.41369379293381,0.0,49.97557926981461,0.0,45.595059255588055,0.0,45.30229851098609,0.0,0.0,0.0,0.0,0.0,0.0,0.0
10.0,4.88709435471774,0.0036503717067008,0.0036503716915575,0.999993337362197,0.999993337362196,49.413693781210455,0.0,49.9755789668024,0.0,45.59505925204964,0.0,45.30229844731565,0.0,0.0,0.0,0.0,0.0,0.0,0.0
10.0,4.88734436721836,0.0036504134575787,0.0036504134424182,0.9999933372097708,0.99999333720977,49.41369376948639,0.0,49.97557866377511,0.0,45.59505924851077,0.0,45.302298383642,0.0,0.0,0.0,0.0,0.0,0.0,0.0
10.0,4.88759437971899,0.0036504552100733,0.0036504551948956,0.999993337057338,0.999993337057337,49.41369375776159,0.0,49.97557836073276,0.0,45.59505924497145,0.0,45.30229831996514,0.0,0.0,0.0,0.0,0.0,0.0,0.0
10.0,4.88784439221961,0.0036504969641844,0.0036504969489896,0.999993336904897,0.999993336904896,49.41369374603608,0.0,49.975578057675335,0.0,45.59505924143171,0.0,45.30229825628507,0.0,0.0,0.0,0.0,0.0,0.0,0.0
10.0,4.88809440472024,0.0036505387199121,0.0036505387047,0.999993336752448,0.999993336752448,49.41369373430986,0.0,49.97557775460285,0.0,45.595059237891526,0.0,45.30229819260179,0.0,0.0,0.0,0.0,0.0,0.0,0.0
10.0,4.88834441722086,0.0036505804772561,0.0036505804620268,0.999993336599992,0.999993336599991,49.41369372258291,0.0,49.9755774515153,0.0,45.59505923435091,0.0,45.3022981289153,0.0,0.0,0.0,0.0,0.0,0.0,0.0
10.0,4.88859442972149,0.0036506222362165,0.0036506222209701,0.999993336447528,0.9999933364475267,49.41369371085526,0.0,49.97557714841266,0.0,45.595059230809866,0.0,45.30229806522559,0.0,0.0,0.0,0.0,0.0,0.0,0.0
10.0,4.88884444222211,0.0036506639967933,0.0036506639815296,0.999993336295056,0.999993336295055,49.413693699126895,0.0,49.975576845294974,0.0,45.59505922726838,0.0,45.30229800153269,0.0,0.0,0.0,0.0,0.0,0.0,0.0
10.0,4.88909445472274,0.0036507057589862,0.0036507057437054,0.999993336142576,0.999993336142576,49.41369368739781,0.0,49.975576542162216,0.0,45.59505922372649,0.0,45.30229793783656,0.0,0.0,0.0,0.0,0.0,0.0,0.0
10.0,4.88934446722336,0.0036507475227954,0.0036507475074973,0.9999933359900888,0.9999933359900888,49.41369367566801,0.0,49.97557623901439,0.0,45.59505922018416,0.0,45.30229787413723,0.0,0.0,0.0,0.0,0.0,0.0,0.0
10.0,4.88959447972399,0.0036507892882207,0.0036507892729054,0.999993335837594,0.999993335837594,49.41369366393749,0.0,49.97557593585149,0.0,45.59505921664141,0.0,45.302297810434695,0.0,0.0,0.0,0.0,0.0,0.0,0.0
10.0,4.88984449222461,0.003650831055262,0.0036508310399295,0.999993335685092,0.9999933356850907,49.41369365220626,0.0,49.97557563267353,0.0,45.595059213098246,0.0,45.30229774672894,0.0,0.0,0.0,0.0,0.0,0.0,0.0
10.0,4.89009450472524,0.0036508728239194,0.0036508728085697,0.999993335532581,0.99999333553258,49.41369364047432,0.0,49.975575329480506,0.0,45.59505920955467,0.0,45.30229768301999,0.0,0.0,0.0,0.0,0.0,0.0,0.0
10.0,4.89034451722586,0.0036509145941926,0.0036509145788258,0.9999933353800632,0.999993335380062,49.413693628741655,0.0,49.975575026272416,0.0,45.59505920601066,0.0,45.302297619307815,0.0,0.0,0.0,0.0,0.0,0.0,0.0
10.0,4.89059452972649,0.0036509563660818,0.0036509563506977,0.999993335227537,0.999993335227536,49.413693617008285,0.0,49.97557472304926,0.0,45.59505920246626,0.0,45.30229755559243,0.0,0.0,0.0,0.0,0.0,0.0,0.0
10.0,4.89084454222711,0.0036509981395868,0.0036509981241855,0.999993335075004,0.999993335075003,49.4136936052742,0.0,49.97557441981104,0.0,45.59505919892144,0.0,45.30229749187385,0.0,0.0,0.0,0.0,0.0,0.0,0.0
10.0,4.89109455472774,0.0036510399147075,0.003651039899289,0.999993334922462,0.999993334922462,49.413693593539385,0.0,49.97557411655775,0.0,45.5950591953762,0.0,45.30229742815205,0.0,0.0,0.0,0.0,0.0,0.0,0.0
10.0,4.89134456722836,0.0036510816914439,0.0036510816760082,0.9999933347699128,0.999993334769913,49.41369358180389,0.0,49.975573813289394,0.0,45.59505919183058,0.0,45.30229736442704,0.0,0.0,0.0,0.0,0.0,0.0,0.0
10.0,4.89159457972899,0.0036511234697959,0.0036511234543431,0.999993334617357,0.999993334617356,49.41369357006765,0.0,49.97557351000598,0.0,45.59505918828453,0.0,45.302297300698825,0.0,0.0,0.0,0.0,0.0,0.0,0.0
10.0,4.89184459222961,0.0036511652497635,0.0036511652342935,0.999993334464792,0.9999933344647912,49.4136935583307,0.0,49.9755732067075,0.0,45.59505918473809,0.0,45.3022972369674,0.0,0.0,0.0,0.0,0.0,0.0,0.0
10.0,4.89209460473024,0.0036512070313467,0.0036512070158594,0.9999933343122202,0.999993334312219,49.41369354659305,0.0,49.975572903393946,0.0,45.59505918119125,0.0,45.30229717323275,0.0,0.0,0.0,0.0,0.0,0.0,0.0
10.0,4.89234461723086,0.0036512488145452,0.0036512487990407,0.99999333415964,0.999993334159639,49.41369353485467,0.0,49.97557260006534,0.0,45.59505917764402,0.0,45.30229710949491,0.0,0.0,0.0,0.0,0.0,0.0,0.0
10.0,4.89259462973149,0.0036512905993592,0.0036512905838375,0.999993334007052,0.999993334007051,49.41369352311559,0.0,49.97557229672167,0.0,45.595059174096384,0.0,45.30229704575385,0.0,0.0,0.0,0.0,0.0,0.0,0.0
10.0,4.89284464223211,0.0036513323857884,0.0036513323702496,0.999993333854457,0.999993333854456,49.41369351137579,0.0,49.97557199336292,0.0,45.59505917054835,0.0,45.30229698200958,0.0,0.0,0.0,0.0,0.0,0.0,0.0
10.0,4.89309465473274,0.0036513741738329,0.0036513741582769,0.999993333701854,0.999993333701853,49.41369349963527,0.0,49.97557168998912,0.0,45.59505916699993,0.0,45.30229691826211,0.0,0.0,0.0,0.0,0.0,0.0,0.0
10.0,4.89334466723336,0.0036514159634927,0.0036514159479194,0.9999933335492432,0.999993333549242,49.41369348789405,0.0,49.97557138660025,0.0,45.595059163451126,0.0,45.30229685451142,0.0,0.0,0.0,0.0,0.0,0.0,0.0
10.0,4.893594679733991,0.0036514577547675,0.0036514577391771,0.999993333396624,0.999993333396624,49.41369347615211,0.0,49.97557108319632,0.0,45.59505915990192,0.0,45.30229679075753,0.0,0.0,0.0,0.0,0.0,0.0,0.0
10.0,4.89384469223461,0.0036514995476574,0.0036514995320498,0.999993333243998,0.999993333243998,49.413693464409455,0.0,49.975570779777335,0.0,45.59505915635234,0.0,45.30229672700042,0.0,0.0,0.0,0.0,0.0,0.0,0.0
10.0,4.89409470473524,0.0036515413421624,0.0036515413265375,0.999993333091364,0.999993333091364,49.413693452666095,0.0,49.97557047634328,0.0,45.59505915280238,0.0,45.30229666324011,0.0,0.0,0.0,0.0,0.0,0.0,0.0
10.0,4.89434471723586,0.0036515831382823,0.0036515831226402,0.999993332938723,0.999993332938722,49.41369344092201,0.0,49.975570172894166,0.0,45.595059149252016,0.0,45.30229659947659,0.0,0.0,0.0,0.0,0.0,0.0,0.0
10.0,4.89459472973649,0.003651624936017,0.0036516249203578,0.9999933327860728,0.999993332786072,49.41369342917722,0.0,49.97556986942999,0.0,45.59505914570129,0.0,45.30229653570985,0.0,0.0,0.0,0.0,0.0,0.0,0.0
10.0,4.89484474223711,0.0036516667353666,0.0036516667196902,0.999993332633416,0.999993332633415,49.41369341743172,0.0,49.97556956595074,0.0,45.59505914215018,0.0,45.3022964719399,0.0,0.0,0.0,0.0,0.0,0.0,0.0
10.0,4.89509475473774,0.003651708536331,0.0036517085206374,0.9999933324807508,0.99999333248075,49.41369340568551,0.0,49.97556926245644,0.0,45.595059138598685,0.0,45.30229640816675,0.0,0.0,0.0,0.0,0.0,0.0,0.0
10.0,4.89534476723836,0.0036517503389101,0.0036517503231993,0.999993332328078,0.999993332328077,49.41369339393858,0.0,49.97556895894707,0.0,45.59505913504683,0.0,45.30229634439039,0.0,0.0,0.0,0.0,0.0,0.0,0.0
10.0,4.89559477973899,0.0036517921431038,0.0036517921273758,0.999993332175398,0.999993332175397,49.413693382190935,0.0,49.97556865542264,0.0,45.59505913149458,0.0,45.30229628061082,0.0,0.0,0.0,0.0,0.0,0.0,0.0
10.0,4.895844792239611,0.0036518339489121,0.0036518339331669,0.999993332022709,0.999993332022709,49.41369337044259,0.0,49.97556835188316,0.0,45.59505912794198,0.0,45.302296216828026,0.0,0.0,0.0,0.0,0.0,0.0,0.0
10.0,4.89609480474024,0.0036518757563349,0.0036518757405726,0.999993331870014,0.999993331870013,49.41369335869352,0.0,49.97556804832861,0.0,45.595059124389,0.0,45.30229615304203,0.0,0.0,0.0,0.0,0.0,0.0,0.0
10.0,4.89634481724086,0.0036519175653722,0.0036519175495927,0.99999333171731,0.999993331717309,49.41369334694375,0.0,49.975567744759,0.0,45.59505912083564,0.0,45.30229608925284,0.0,0.0,0.0,0.0,0.0,0.0,0.0
10.0,4.89659482974149,0.0036519593760238,0.0036519593602272,0.999993331564599,0.999993331564598,49.41369333519325,0.0,49.97556744117433,0.0,45.59505911728193,0.0,45.30229602546043,0.0,0.0,0.0,0.0,0.0,0.0,0.0
10.0,4.89684484224211,0.0036520011882899,0.003652001172476,0.99999333141188,0.999993331411879,49.41369332344205,0.0,49.9755671375746,0.0,45.59505911372784,0.0,45.3022959616648,0.0,0.0,0.0,0.0,0.0,0.0,0.0
10.0,4.89709485474274,0.0036520430021701,0.0036520429863391,0.999993331259153,0.999993331259152,49.41369331169015,0.0,49.97556683395981,0.0,45.5950591101734,0.0,45.30229589786597,0.0,0.0,0.0,0.0,0.0,0.0,0.0
10.0,4.89734486724336,0.0036520848176646,0.0036520848018164,0.999993331106418,0.999993331106417,49.41369329993751,0.0,49.97556653032997,0.0,45.595059106618585,0.0,45.30229583406393,0.0,0.0,0.0,0.0,0.0,0.0,0.0
10.0,4.89759487974399,0.0036521266347732,0.0036521266189079,0.999993330953676,0.999993330953675,49.41369328818418,0.0,49.97556622668505,0.0,45.59505910306341,0.0,45.30229577025869,0.0,0.0,0.0,0.0,0.0,0.0,0.0
10.0,4.89784489224461,0.003652168453496,0.0036521684376134,0.999993330800926,0.999993330800925,49.41369327643014,0.0,49.97556592302509,0.0,45.59505909950789,0.0,45.302295706450224,0.0,0.0,0.0,0.0,0.0,0.0,0.0
10.0,4.89809490474524,0.0036522102738327,0.003652210257933,0.999993330648168,0.9999933306481672,49.41369326467538,0.0,49.97556561935005,0.0,45.595059095952,0.0,45.30229564263856,0.0,0.0,0.0,0.0,0.0,0.0,0.0
10.0,4.89834491724586,0.0036522520957834,0.0036522520798665,0.9999933304954032,0.999993330495402,49.41369325291991,0.0,49.97556531565996,0.0,45.59505909239575,0.0,45.30229557882368,0.0,0.0,0.0,0.0,0.0,0.0,0.0
10.0,4.89859492974649,0.003652293919348,0.003652293903414,0.999993330342629,0.999993330342628,49.41369324116373,0.0,49.975565011954814,0.0,45.595059088839164,0.0,45.30229551500559,0.0,0.0,0.0,0.0,0.0,0.0,0.0
10.0,4.89884494224711,0.0036523357445264,0.0036523357285753,0.999993330189848,0.9999933301898482,49.41369322940684,0.0,49.97556470823461,0.0,45.59505908528221,0.0,45.30229545118429,0.0,0.0,0.0,0.0,0.0,0.0,0.0
10.0,4.899094954747739,0.0036523775713187,0.0036523775553503,0.99999333003706,0.999993330037059,49.41369321764924,0.0,49.97556440449935,0.0,45.5950590817249,0.0,45.30229538735979,0.0,0.0,0.0,0.0,0.0,0.0,0.0
10.0,4.89934496724836,0.0036524193997246,0.0036524193837391,0.999993329884263,0.999993329884262,49.41369320589093,0.0,49.97556410074903,0.0,45.595059078167246,0.0,45.30229532353207,0.0,0.0,0.0,0.0,0.0,0.0,0.0
10.0,4.89959497974899,0.0036524612297442,0.0036524612137416,0.999993329731459,0.999993329731458,49.4136931941319,0.0,49.97556379698365,0.0,45.595059074609246,0.0,45.30229525970115,0.0,0.0,0.0,0.0,0.0,0.0,0.0
10.0,4.89984499224961,0.0036525030613774,0.0036525030453576,0.999993329578647,0.999993329578646,49.41369318237217,0.0,49.97556349320321,0.0,45.59505907105089,0.0,45.30229519586701,0.0,0.0,0.0,0.0,0.0,0.0,0.0
10.0,4.90009500475024,0.0036525448946241,0.0036525448785872,0.999993329425827,0.999993329425827,49.41369317061173,0.0,49.97556318940772,0.0,45.595059067492194,0.0,45.30229513202966,0.0,0.0,0.0,0.0,0.0,0.0,0.0
10.0,4.90034501725086,0.0036525867294843,0.0036525867134303,0.999993329273,0.999993329272999,49.41369315885058,0.0,49.97556288559717,0.0,45.59505906393316,0.0,45.30229506818911,0.0,0.0,0.0,0.0,0.0,0.0,0.0
10.0,4.90059502975149,0.0036526285659579,0.0036526285498867,0.999993329120165,0.999993329120164,49.41369314708872,0.0,49.97556258177155,0.0,45.59505906037376,0.0,45.30229500434535,0.0,0.0,0.0,0.0,0.0,0.0,0.0
10.0,4.90084504225211,0.0036526704040448,0.0036526703879566,0.999993328967322,0.999993328967321,49.41369313532614,0.0,49.97556227793088,0.0,45.59505905681405,0.0,45.30229494049838,0.0,0.0,0.0,0.0,0.0,0.0,0.0
10.0,4.90109505475274,0.0036527122437451,0.0036527122276397,0.999993328814471,0.99999332881447,49.41369312356286,0.0,49.97556197407517,0.0,45.59505905325397,0.0,45.30229487664819,0.0,0.0,0.0,0.0,0.0,0.0,0.0
10.0,4.901345067253361,0.0036527540850585,0.003652754068936,0.999993328661613,0.999993328661612,49.413693111798864,0.0,49.97556167020439,0.0,45.59505904969357,0.0,45.302294812794806,0.0,0.0,0.0,0.0,0.0,0.0,0.0
10.0,4.90159507975399,0.0036527959279851,0.0036527959118455,0.999993328508746,0.999993328508745,49.41369310003416,0.0,49.975561366318544,0.0,45.59505904613282,0.0,45.3022947489382,0.0,0.0,0.0,0.0,0.0,0.0,0.0
10.0,4.90184509225461,0.0036528377725248,0.0036528377563681,0.999993328355873,0.999993328355871,49.41369308826874,0.0,49.97556106241765,0.0,45.59505904257173,0.0,45.30229468507839,0.0,0.0,0.0,0.0,0.0,0.0,0.0
10.0,4.90209510475524,0.0036528796186776,0.0036528796025038,0.999993328202991,0.99999332820299,49.41369307650263,0.0,49.9755607585017,0.0,45.59505903901032,0.0,45.302294621215374,0.0,0.0,0.0,0.0,0.0,0.0,0.0
10.0,4.90234511725586,0.0036529214664433,0.0036529214502524,0.9999933280501008,0.9999933280501,49.4136930647358,0.0,49.9755604545707,0.0,45.59505903544856,0.0,45.302294557349136,0.0,0.0,0.0,0.0,0.0,0.0,0.0
10.0,4.90259512975649,0.0036529633158219,0.0036529632996139,0.999993327897204,0.999993327897203,49.413693052968256,0.0,49.975560150624645,0.0,45.59505903188648,0.0,45.30229449347971,0.0,0.0,0.0,0.0,0.0,0.0,0.0
10.0,4.90284514225711,0.0036530051668134,0.0036530051505883,0.999993327744299,0.999993327744298,49.413693041200005,0.0,49.97555984666352,0.0,45.59505902832406,0.0,45.30229442960705,0.0,0.0,0.0,0.0,0.0,0.0,0.0
10.0,4.90309515475774,0.0036530470194177,0.0036530470031755,0.999993327591386,0.999993327591386,49.41369302943105,0.0,49.97555954268736,0.0,45.59505902476131,0.0,45.3022943657312,0.0,0.0,0.0,0.0,0.0,0.0,0.0
10.0,4.90334516725836,0.0036530888736347,0.0036530888573755,0.999993327438466,0.999993327438465,49.41369301766139,0.0,49.975559238696135,0.0,45.59505902119823,0.0,45.302294301852136,0.0,0.0,0.0,0.0,0.0,0.0,0.0
10.0,4.90359517975899,0.0036531307294644,0.0036531307131881,0.999993327285538,0.999993327285537,49.413693005891005,0.0,49.97555893468984,0.0,45.59505901763482,0.0,45.30229423796985,0.0,0.0,0.0,0.0,0.0,0.0,0.0
10.0,4.90384519225961,0.0036531725869067,0.0036531725706133,0.999993327132602,0.999993327132601,49.41369299411993,0.0,49.97555863066852,0.0,45.59505901407109,0.0,45.30229417408437,0.0,0.0,0.0,0.0,0.0,0.0,0.0
10.0,4.90409520476024,0.0036532144459615,0.0036532144296511,0.999993326979658,0.9999933269796568,49.41369298234813,0.0,49.97555832663213,0.0,45.59505901050703,0.0,45.30229411019568,0.0,0.0,0.0,0.0,0.0,0.0,0.0
10.0,4.90434521726086,0.0036532563066289,0.0036532562903013,0.999993326826707,0.999993326826706,49.41369297057563,0.0,49.97555802258068,0.0,45.59505900694264,0.0,45.30229404630377,0.0,0.0,0.0,0.0,0.0,0.0,0.0
10.0,4.904595229761489,0.0036532981689086,0.003653298152564,0.999993326673748,0.999993326673746,49.41369295880242,0.0,49.97555771851419,0.0,45.59505900337793,0.0,45.302293982408656,0.0,0.0,0.0,0.0,0.0,0.0,0.0
10.0,4.90484524226211,0.0036533400328007,0.0036533400164391,0.999993326520781,0.99999332652078,49.4136929470285,0.0,49.97555741443264,0.0,45.5950589998129,0.0,45.30229391851034,0.0,0.0,0.0,0.0,0.0,0.0,0.0
10.0,4.90509525476274,0.0036533818983051,0.0036533818819264,0.999993326367806,0.9999933263678048,49.41369293525388,0.0,49.97555711033604,0.0,45.59505899624755,0.0,45.30229385460881,0.0,0.0,0.0,0.0,0.0,0.0,0.0
10.0,4.90534526726336,0.0036534237654217,0.003653423749026,0.999993326214823,0.9999933262148218,49.41369292347855,0.0,49.97555680622438,0.0,45.59505899268188,0.0,45.302293790704056,0.0,0.0,0.0,0.0,0.0,0.0,0.0
10.0,4.90559527976399,0.0036534656341505,0.0036534656177378,0.999993326061833,0.999993326061832,49.41369291170251,0.0,49.97555650209766,0.0,45.59505898911589,0.0,45.30229372679611,0.0,0.0,0.0,0.0,0.0,0.0,0.0
10.0,4.90584529226461,0.0036535075044914,0.0036535074880617,0.999993325908835,0.999993325908834,49.41369289992576,0.0,49.9755561979559,0.0,45.59505898554957,0.0,45.30229366288495,0.0,0.0,0.0,0.0,0.0,0.0,0.0
10.0,4.90609530476524,0.0036535493764444,0.0036535493599976,0.999993325755829,0.999993325755828,49.41369288814831,0.0,49.97555589379909,0.0,45.59505898198294,0.0,45.30229359897058,0.0,0.0,0.0,0.0,0.0,0.0,0.0
10.0,4.90634531726586,0.0036535912500093,0.0036535912335456,0.9999933256028158,0.9999933256028152,49.41369287637014,0.0,49.97555558962723,0.0,45.595058978416,0.0,45.302293535053,0.0,0.0,0.0,0.0,0.0,0.0,0.0
10.0,4.90659532976649,0.0036536331251862,0.0036536331087055,0.999993325449794,0.9999933254497932,49.41369286459128,0.0,49.97555528544031,0.0,45.59505897484874,0.0,45.30229347113222,0.0,0.0,0.0,0.0,0.0,0.0,0.0
10.0,4.906845342267109,0.003653675001975,0.0036536749854772,0.999993325296765,0.999993325296764,49.4136928528117,0.0,49.97555498123833,0.0,45.59505897128116,0.0,45.30229340720822,0.0,0.0,0.0,0.0,0.0,0.0,0.0
10.0,4.90709535476774,0.0036537168803755,0.0036537168638608,0.999993325143729,0.999993325143728,49.413692841031406,0.0,49.97555467702131,0.0,45.59505896771328,0.0,45.302293343281015,0.0,0.0,0.0,0.0,0.0,0.0,0.0
10.0,4.90734536726836,0.0036537587603878,0.0036537587438561,0.9999933249906842,0.999993324990683,49.413692829250415,0.0,49.97555437278923,0.0,45.59505896414508,0.0,45.30229327935059,0.0,0.0,0.0,0.0,0.0,0.0,0.0
10.0,4.90759537976899,0.0036538006420118,0.0036538006254631,0.999993324837632,0.99999332483763,49.41369281746872,0.0,49.97555406854211,0.0,45.595058960576566,0.0,45.302293215416974,0.0,0.0,0.0,0.0,0.0,0.0,0.0
10.0,4.90784539226961,0.0036538425252474,0.0036538425086817,0.999993324684572,0.999993324684571,49.41369280568632,0.0,49.97555376427993,0.0,45.59505895700775,0.0,45.302293151480136,0.0,0.0,0.0,0.0,0.0,0.0,0.0
10.0,4.90809540477024,0.0036538844100945,0.0036538843935119,0.999993324531504,0.999993324531503,49.4136927939032,0.0,49.9755534600027,0.0,45.595058953438624,0.0,45.30229308754009,0.0,0.0,0.0,0.0,0.0,0.0,0.0
10.0,4.90834541727086,0.0036539262965532,0.0036539262799536,0.999993324378428,0.999993324378427,49.41369278211939,0.0,49.975553155710415,0.0,45.595058949869184,0.0,45.302293023596846,0.0,0.0,0.0,0.0,0.0,0.0,0.0
10.0,4.90859542977149,0.0036539681846233,0.0036539681680068,0.999993324225345,0.999993324225343,49.41369277033486,0.0,49.97555285140309,0.0,45.595058946299446,0.0,45.30229295965038,0.0,0.0,0.0,0.0,0.0,0.0,0.0
10.0,4.90884544227211,0.0036540100743047,0.0036540100576713,0.9999933240722528,0.999993324072252,49.41369275854963,0.0,49.97555254708071,0.0,45.5950589427294,0.0,45.30229289570071,0.0,0.0,0.0,0.0,0.0,0.0,0.0
10.0,4.90909545477274,0.0036540519655975,0.0036540519489471,0.999993323919154,0.999993323919153,49.413692746763694,0.0,49.97555224274328,0.0,45.59505893915904,0.0,45.30229283174784,0.0,0.0,0.0,0.0,0.0,0.0,0.0
10.0,4.90934546727336,0.0036540938585015,0.0036540938418342,0.999993323766048,0.9999933237660472,49.413692734977054,0.0,49.9755519383908,0.0,45.595058935588376,0.0,45.30229276779175,0.0,0.0,0.0,0.0,0.0,0.0,0.0
10.0,4.90959547977399,0.0036541357530167,0.0036541357363325,0.9999933236129328,0.999993323612932,49.41369272318971,0.0,49.97555163402327,0.0,45.595058932017416,0.0,45.30229270383244,0.0,0.0,0.0,0.0,0.0,0.0,0.0
10.0,4.90984549227461,0.003654177649143,0.0036541776324419,0.999993323459811,0.99999332345981,49.41369271140166,0.0,49.97555132964069,0.0,45.59505892844615,0.0,45.30229263986993,0.0,0.0,0.0,0.0,0.0,0.0,0.0
10.0,4.91009550477524,0.0036542195468804,0.0036542195301624,0.999993323306681,0.99999332330668,49.4136926996129,0.0,49.97555102524306,0.0,45.59505892487458,0.0,45.30229257590422,0.0,0.0,0.0,0.0,0.0,0.0,0.0
10.0,4.91034551727586,0.0036542614462288,0.003654261429494,0.999993323153543,0.999993323153542,49.41369268782343,0.0,49.975550720830384,0.0,45.59505892130272,0.0,45.30229251193529,0.0,0.0,0.0,0.0,0.0,0.0,0.0
10.0,4.91059552977649,0.0036543033471882,0.0036543033304364,0.9999933230003968,0.999993323000396,49.413692676033264,0.0,49.975550416402655,0.0,45.59505891773056,0.0,45.30229244796317,0.0,0.0,0.0,0.0,0.0,0.0,0.0
10.0,4.91084554227711,0.0036543452497584,0.0036543452329898,0.999993322847244,0.999993322847243,49.41369266424238,0.0,49.97555011195988,0.0,45.59505891415808,0.0,45.30229238398783,0.0,0.0,0.0,0.0,0.0,0.0,0.0
10.0,4.91109555477774,0.0036543871539394,0.0036543871371539,0.999993322694083,0.999993322694081,49.413692652450806,0.0,49.975549807502055,0.0,45.59505891058532,0.0,45.30229232000927,0.0,0.0,0.0,0.0,0.0,0.0,0.0
10.0,4.91134556727836,0.0036544290597312,0.0036544290429289,0.999993322540914,0.999993322540912,49.41369264065851,0.0,49.97554950302919,0.0,45.59505890701226,0.0,45.30229225602751,0.0,0.0,0.0,0.0,0.0,0.0,0.0
10.0,4.91159557977899,0.0036544709671337,0.0036544709503145,0.999993322387737,0.999993322387736,49.41369262886553,0.0,49.97554919854127,0.0,45.5950589034389,0.0,45.30229219204253,0.0,0.0,0.0,0.0,0.0,0.0,0.0
10.0,4.91184559227961,0.0036545128761468,0.0036545128593108,0.999993322234553,0.999993322234551,49.41369261707183,0.0,49.97554889403829,0.0,45.59505889986525,0.0,45.30229212805435,0.0,0.0,0.0,0.0,0.0,0.0,0.0
10.0,4.91209560478024,0.0036545547867705,0.0036545547699177,0.99999332208136,0.999993322081359,49.41369260527744,0.0,49.97554858952027,0.0,45.59505889629129,0.0,45.30229206406297,0.0,0.0,0.0,0.0,0.0,0.0,0.0
10.0,4.91234561728086,0.0036545966990047,0.0036545966821351,0.99999332192816,0.999993321928159,49.41369259348233,0.0,49.97554828498721,0.0,45.595058892717056,0.0,45.30229200006836,0.0,0.0,0.0,0.0,0.0,0.0,0.0
10.0,4.91259562978149,0.0036546386128493,0.0036546385959629,0.999993321774952,0.999993321774951,49.41369258168652,0.0,49.975547980439096,0.0,45.59505888914252,0.0,45.30229193607056,0.0,0.0,0.0,0.0,0.0,0.0,0.0
10.0,4.91284564228211,0.0036546805283044,0.0036546805114011,0.999993321621736,0.999993321621735,49.41369256989,0.0,49.97554767587594,0.0,45.59505888556769,0.0,45.302291872069546,0.0,0.0,0.0,0.0,0.0,0.0,0.0
10.0,4.91309565478274,0.0036547224453697,0.0036547224284497,0.999993321468513,0.999993321468512,49.41369255809279,0.0,49.97554737129773,0.0,45.59505888199258,0.0,45.30229180806532,0.0,0.0,0.0,0.0,0.0,0.0,0.0
10.0,4.91334566728336,0.0036547643640453,0.0036547643471085,0.999993321315282,0.99999332131528,49.41369254629488,0.0,49.97554706670448,0.0,45.59505887841717,0.0,45.30229174405788,0.0,0.0,0.0,0.0,0.0,0.0,0.0
10.0,4.91359567978399,0.0036548062843311,0.0036548062673776,0.9999933211620432,0.999993321162041,49.41369253449624,0.0,49.97554676209618,0.0,45.59505887484147,0.0,45.30229168004724,0.0,0.0,0.0,0.0,0.0,0.0,0.0
10.0,4.91384569228461,0.0036548482062271,0.0036548481892568,0.999993321008796,0.999993321008795,49.41369252269692,0.0,49.97554645747283,0.0,45.595058871265486,0.0,45.302291616033386,0.0,0.0,0.0,0.0,0.0,0.0,0.0
10.0,4.91409570478524,0.0036548901297331,0.0036548901127461,0.999993320855541,0.99999332085554,49.41369251089689,0.0,49.97554615283444,0.0,45.5950588676892,0.0,45.30229155201632,0.0,0.0,0.0,0.0,0.0,0.0,0.0
10.0,4.91434571728586,0.0036549320548492,0.0036549320378454,0.999993320702279,0.999993320702278,49.41369249909615,0.0,49.975545848181,0.0,45.59505886411264,0.0,45.30229148799606,0.0,0.0,0.0,0.0,0.0,0.0,0.0
10.0,4.91459572978649,0.0036549739815752,0.0036549739645547,0.999993320549009,0.999993320549007,49.41369248729471,0.0,49.97554554351251,0.0,45.595058860535794,0.0,45.30229142397258,0.0,0.0,0.0,0.0,0.0,0.0,0.0
10.0,4.91484574228711,0.0036550159099111,0.0036550158928739,0.999993320395731,0.999993320395729,49.413692475492574,0.0,49.975545238828985,0.0,45.59505885695866,0.0,45.30229135994589,0.0,0.0,0.0,0.0,0.0,0.0,0.0
10.0,4.91509575478774,0.0036550578398568,0.0036550578228029,0.999993320242445,0.999993320242443,49.41369246368972,0.0,49.97554493413041,0.0,45.59505885338123,0.0,45.30229129591599,0.0,0.0,0.0,0.0,0.0,0.0,0.0
10.0,4.91534576728836,0.0036550997714123,0.0036550997543417,0.999993320089151,0.99999332008915,49.41369245188618,0.0,49.9755446294168,0.0,45.595058849803536,0.0,45.30229123188288,0.0,0.0,0.0,0.0,0.0,0.0,0.0
10.0,4.91559577978899,0.0036551417045775,0.0036551416874903,0.99999331993585,0.9999933199358492,49.41369244008192,0.0,49.97554432468812,0.0,45.59505884622554,0.0,45.30229116784656,0.0,0.0,0.0,0.0,0.0,0.0,0.0
10.0,4.91584579228961,0.0036551836393524,0.0036551836222484,0.999993319782541,0.999993319782539,49.413692428276974,0.0,49.975544019944415,0.0,45.59505884264727,0.0,45.30229110380704,0.0,0.0,0.0,0.0,0.0,0.0,0.0
10.0,4.91609580479024,0.0036552255757368,0.0036552255586162,0.999993319629224,0.999993319629222,49.413692416471314,0.0,49.97554371518566,0.0,45.59505883906871,0.0,45.30229103976431,0.0,0.0,0.0,0.0,0.0,0.0,0.0
10.0,4.91634581729086,0.0036552675137308,0.0036552674965935,0.999993319475899,0.999993319475898,49.41369240466495,0.0,49.97554341041186,0.0,45.59505883548988,0.0,45.30229097571837,0.0,0.0,0.0,0.0,0.0,0.0,0.0
10.0,4.91659582979149,0.0036553094533342,0.0036553094361803,0.999993319322567,0.999993319322565,49.41369239285789,0.0,49.97554310562302,0.0,45.59505883191076,0.0,45.302290911669225,0.0,0.0,0.0,0.0,0.0,0.0,0.0
10.0,4.91684584229211,0.003655351394547,0.0036553513773765,0.999993319169226,0.9999933191692248,49.413692381050126,0.0,49.975542800819134,0.0,45.59505882833136,0.0,45.30229084761685,0.0,0.0,0.0,0.0,0.0,0.0,0.0
10.0,4.917095854792741,0.0036553933373692,0.0036553933201821,0.999993319015878,0.9999933190158758,49.41369236924167,0.0,49.9755424960002,0.0,45.59505882475168,0.0,45.30229078356128,0.0,0.0,0.0,0.0,0.0,0.0,0.0
10.0,4.91734586729336,0.0036554352818006,0.0036554352645969,0.999993318862522,0.9999933188625212,49.413692357432495,0.0,49.97554219116623,0.0,45.595058821171726,0.0,45.30229071950252,0.0,0.0,0.0,0.0,0.0,0.0,0.0
10.0,4.91759587979399,0.0036554772278412,0.003655477210621,0.999993318709158,0.999993318709156,49.41369234562262,0.0,49.97554188631722,0.0,45.595058817591486,0.0,45.30229065544052,0.0,0.0,0.0,0.0,0.0,0.0,0.0
10.0,4.91784589229461,0.003655519175491,0.0036555191582542,0.999993318555787,0.999993318555785,49.41369233381205,0.0,49.97554158145315,0.0,45.59505881401098,0.0,45.302290591375325,0.0,0.0,0.0,0.0,0.0,0.0,0.0
10.0,4.91809590479524,0.0036555611247499,0.0036555611074965,0.999993318402407,0.9999933184024048,49.41369232200078,0.0,49.97554127657404,0.0,45.59505881043018,0.0,45.30229052730693,0.0,0.0,0.0,0.0,0.0,0.0,0.0
10.0,4.91834591729587,0.0036556030756179,0.0036556030583479,0.99999331824902,0.999993318249018,49.4136923101888,0.0,49.9755409716799,0.0,45.59505880684912,0.0,45.30229046323531,0.0,0.0,0.0,0.0,0.0,0.0,0.0
10.0,4.91859592979649,0.0036556450280947,0.0036556450108083,0.999993318095625,0.9999933180956228,49.41369229837613,0.0,49.97554066677071,0.0,45.59505880326778,0.0,45.30229039916049,0.0,0.0,0.0,0.0,0.0,0.0,0.0
10.0,4.91884594229712,0.0036556869821805,0.0036556869648776,0.999993317942222,0.99999331794222,49.41369228656275,0.0,49.97554036184648,0.0,45.59505879968616,0.0,45.30229033508246,0.0,0.0,0.0,0.0,0.0,0.0,0.0
10.0,4.91909595479774,0.0036557289378752,0.0036557289205557,0.999993317788811,0.99999331778881,49.41369227474867,0.0,49.9755400569072,0.0,45.59505879610427,0.0,45.30229027100122,0.0,0.0,0.0,0.0,0.0,0.0,0.0
10.0,4.919345967298361,0.0036557708951786,0.0036557708778426,0.999993317635393,0.999993317635391,49.41369226293389,0.0,49.975539751952894,0.0,45.59505879252211,0.0,45.302290206916766,0.0,0.0,0.0,0.0,0.0,0.0,0.0
10.0,4.91959597979899,0.0036558128540907,0.0036558128367383,0.999993317481966,0.999993317481965,49.41369225111841,0.0,49.97553944698353,0.0,45.59505878893967,0.0,45.30229014282912,0.0,0.0,0.0,0.0,0.0,0.0,0.0
10.0,4.91984599229961,0.0036558548146115,0.0036558547972426,0.999993317328532,0.99999331732853,49.41369223930223,0.0,49.97553914199913,0.0,45.59505878535696,0.0,45.302290078738245,0.0,0.0,0.0,0.0,0.0,0.0,0.0
10.0,4.92009600480024,0.0036558967767409,0.0036558967593556,0.99999331717509,0.999993317175089,49.41369222748535,0.0,49.97553883699968,0.0,45.59505878177397,0.0,45.30229001464417,0.0,0.0,0.0,0.0,0.0,0.0,0.0
10.0,4.9203460173008695,0.0036559387404789,0.0036559387230771,0.99999331702164,0.9999933170216389,49.413692215667766,0.0,49.97553853198521,0.0,45.59505877819072,0.0,45.302289950546886,0.0,0.0,0.0,0.0,0.0,0.0,0.0
10.0,4.92059602980149,0.0036559807058253,0.0036559806884071,0.999993316868183,0.999993316868181,49.41369220384949,0.0,49.97553822695568,0.0,45.5950587746072,0.0,45.3022898864464,0.0,0.0,0.0,0.0,0.0,0.0,0.0
10.0,4.92084604230211,0.0036560226727801,0.0036560226553455,0.999993316714718,0.999993316714716,49.4136921920305,0.0,49.97553792191112,0.0,45.5950587710234,0.0,45.302289822342686,0.0,0.0,0.0,0.0,0.0,0.0,0.0
10.0,4.921096054802739,0.0036560646413433,0.0036560646238923,0.999993316561244,0.999993316561242,49.41369218021082,0.0,49.97553761685151,0.0,45.59505876743934,0.0,45.30228975823579,0.0,0.0,0.0,0.0,0.0,0.0,0.0
10.0,4.92134606730336,0.0036561066115148,0.0036561065940474,0.9999933164077628,0.999993316407761,49.41369216839044,0.0,49.97553731177686,0.0,45.595058763855015,0.0,45.30228969412566,0.0,0.0,0.0,0.0,0.0,0.0,0.0
10.0,4.92159607980399,0.0036561485832945,0.0036561485658107,0.999993316254274,0.999993316254273,49.41369215656936,0.0,49.975537006687176,0.0,45.59505876027041,0.0,45.30228963001234,0.0,0.0,0.0,0.0,0.0,0.0,0.0
10.0,4.92184609230462,0.0036561905566823,0.0036561905391822,0.999993316100777,0.999993316100776,49.41369214474757,0.0,49.97553670158245,0.0,45.59505875668554,0.0,45.302289565895805,0.0,0.0,0.0,0.0,0.0,0.0,0.0
10.0,4.92209610480524,0.0036562325316783,0.0036562325141618,0.9999933159472728,0.999993315947271,49.41369213292509,0.0,49.97553639646269,0.0,45.5950587531004,0.0,45.30228950177606,0.0,0.0,0.0,0.0,0.0,0.0,0.0
10.0,4.92234611730587,0.0036562745082823,0.0036562744907495,0.9999933157937602,0.999993315793759,49.41369212110192,0.0,49.97553609132788,0.0,45.595058749515005,0.0,45.3022894376531,0.0,0.0,0.0,0.0,0.0,0.0,0.0
10.0,4.9225961298064895,0.0036563164864943,0.0036563164689452,0.99999331564024,0.999993315640238,49.41369210927803,0.0,49.97553578617804,0.0,45.595058745929336,0.0,45.30228937352694,0.0,0.0,0.0,0.0,0.0,0.0,0.0
10.0,4.92284614230712,0.0036563584663142,0.0036563584487488,0.999993315486712,0.9999933154867108,49.41369209745344,0.0,49.975535481013154,0.0,45.59505874234341,0.0,45.302289309397565,0.0,0.0,0.0,0.0,0.0,0.0,0.0
10.0,4.92309615480774,0.003656400447742,0.0036564004301603,0.999993315333176,0.999993315333174,49.41369208562817,0.0,49.97553517583323,0.0,45.5950587387572,0.0,45.30228924526499,0.0,0.0,0.0,0.0,0.0,0.0,0.0
10.0,4.923346167308359,0.0036564424307775,0.0036564424131796,0.999993315179632,0.999993315179631,49.41369207380219,0.0,49.97553487063826,0.0,45.59505873517074,0.0,45.3022891811292,0.0,0.0,0.0,0.0,0.0,0.0,0.0
10.0,4.92359617980899,0.0036564844154208,0.0036564843978067,0.999993315026081,0.999993315026079,49.41369206197552,0.0,49.97553456542826,0.0,45.59505873158402,0.0,45.3022891169902,0.0,0.0,0.0,0.0,0.0,0.0,0.0
10.0,4.92384619230962,0.0036565264016718,0.0036565263840414,0.999993314872522,0.99999331487252,49.41369205014814,0.0,49.97553426020322,0.0,45.59505872799702,0.0,45.302289052848,0.0,0.0,0.0,0.0,0.0,0.0,0.0
10.0,4.92409620481024,0.0036565683895304,0.0036565683718838,0.999993314718954,0.999993314718952,49.41369203832007,0.0,49.97553395496314,0.0,45.59505872440977,0.0,45.302288988702585,0.0,0.0,0.0,0.0,0.0,0.0,0.0
10.0,4.92434621731087,0.0036566103789965,0.0036566103613337,0.999993314565379,0.999993314565377,49.4136920264913,0.0,49.97553364970803,0.0,45.59505872082225,0.0,45.30228892455396,0.0,0.0,0.0,0.0,0.0,0.0,0.0
10.0,4.92459622981149,0.0036566523700702,0.0036566523523912,0.999993314411796,0.999993314411794,49.41369201466183,0.0,49.97553334443786,0.0,45.59505871723447,0.0,45.30228886040213,0.0,0.0,0.0,0.0,0.0,0.0,0.0
10.0,4.92484624231212,0.0036566943627512,0.0036566943450561,0.9999933142582051,0.999993314258203,49.41369200283165,0.0,49.97553303915267,0.0,45.59505871364644,0.0,45.30228879624708,0.0,0.0,0.0,0.0,0.0,0.0,0.0
10.0,4.92509625481274,0.0036567363570396,0.0036567363393283,0.999993314104607,0.999993314104605,49.41369199100079,0.0,49.97553273385245,0.0,45.59505871005814,0.0,45.30228873208883,0.0,0.0,0.0,0.0,0.0,0.0,0.0
10.0,4.92534626731337,0.0036567783529353,0.0036567783352079,0.999993313951,0.999993313950998,49.41369197916922,0.0,49.97553242853718,0.0,45.59505870646958,0.0,45.30228866792738,0.0,0.0,0.0,0.0,0.0,0.0,0.0
10.0,4.92559627981399,0.0036568203504383,0.0036568203326948,0.999993313797386,0.999993313797384,49.41369196733697,0.0,49.97553212320688,0.0,45.59505870288076,0.0,45.30228860376271,0.0,0.0,0.0,0.0,0.0,0.0,0.0
10.0,4.9258462923146205,0.0036568623495484,0.0036568623317888,0.999993313643763,0.9999933136437608,49.41369195550401,0.0,49.97553181786152,0.0,45.59505869929168,0.0,45.30228853959484,0.0,0.0,0.0,0.0,0.0,0.0,0.0
10.0,4.92609630481524,0.0036569043502657,0.00365690433249,0.999993313490134,0.999993313490131,49.41369194367034,0.0,49.97553151250115,0.0,45.59505869570234,0.0,45.302288475423744,0.0,0.0,0.0,0.0,0.0,0.0,0.0
10.0,4.92634631731587,0.00365694635259,0.0036569463347983,0.999993313336495,0.9999933133364932,49.41369193183599,0.0,49.97553120712573,0.0,45.59505869211274,0.0,45.30228841124946,0.0,0.0,0.0,0.0,0.0,0.0,0.0
10.0,4.92659632981649,0.0036569883565213,0.0036569883387135,0.99999331318285,0.999993313182848,49.41369192000094,0.0,49.97553090173528,0.0,45.59505868852289,0.0,45.302288347071965,0.0,0.0,0.0,0.0,0.0,0.0,0.0
10.0,4.92684634231712,0.0036570303620596,0.0036570303442358,0.999993313029196,0.999993313029194,49.41369190816519,0.0,49.97553059632979,0.0,45.59505868493277,0.0,45.30228828289125,0.0,0.0,0.0,0.0,0.0,0.0,0.0
10.0,4.92709635481774,0.0036570723692047,0.0036570723513649,0.999993312875535,0.999993312875532,49.41369189632875,0.0,49.97553029090926,0.0,45.59505868134242,0.0,45.30228821870733,0.0,0.0,0.0,0.0,0.0,0.0,0.0
10.0,4.92734636731837,0.0036571143779566,0.0036571143601008,0.999993312721865,0.999993312721863,49.4136918844916,0.0,49.9755299854737,0.0,45.595058677751794,0.0,45.302288154520205,0.0,0.0,0.0,0.0,0.0,0.0,0.0
10.0,4.92759637981899,0.0036571563883153,0.0036571563704435,0.999993312568188,0.999993312568186,49.41369187265377,0.0,49.97552968002311,0.0,45.59505867416091,0.0,45.30228809032987,0.0,0.0,0.0,0.0,0.0,0.0,0.0
10.0,4.92784639231962,0.0036571984002807,0.0036571983823929,0.999993312414503,0.999993312414501,49.41369186081523,0.0,49.97552937455748,0.0,45.59505867056978,0.0,45.30228802613632,0.0,0.0,0.0,0.0,0.0,0.0,0.0
10.0,4.92809640482024,0.0036572404138527,0.003657240395949,0.99999331226081,0.999993312260807,49.413691848976,0.0,49.975529069076806,0.0,45.59505866697838,0.0,45.30228796193957,0.0,0.0,0.0,0.0,0.0,0.0,0.0
10.0,4.92834641732087,0.0036572824290312,0.0036572824111116,0.999993312107109,0.999993312107107,49.41369183713607,0.0,49.9755287635811,0.0,45.59505866338674,0.0,45.30228789773961,0.0,0.0,0.0,0.0,0.0,0.0,0.0
10.0,4.92859642982149,0.0036573244458163,0.0036573244278808,0.9999933119534,0.999993311953398,49.41369182529544,0.0,49.975528458070364,0.0,45.59505865979484,0.0,45.30228783353644,0.0,0.0,0.0,0.0,0.0,0.0,0.0
10.0,4.92884644232212,0.0036573664642078,0.0036573664462564,0.999993311799683,0.999993311799681,49.41369181345412,0.0,49.9755281525446,0.0,45.59505865620269,0.0,45.302287769330064,0.0,0.0,0.0,0.0,0.0,0.0,0.0
10.0,4.92909645482274,0.0036574084842057,0.0036574084662384,0.999993311645959,0.999993311645957,49.41369180161211,0.0,49.97552784700379,0.0,45.59505865261029,0.0,45.30228770512048,0.0,0.0,0.0,0.0,0.0,0.0,0.0
10.0,4.92934646732337,0.0036574505058099,0.0036574504878268,0.999993311492226,0.999993311492224,49.4136917897694,0.0,49.975527541447946,0.0,45.59505864901763,0.0,45.30228764090768,0.0,0.0,0.0,0.0,0.0,0.0,0.0
10.0,4.92959647982399,0.0036574925290203,0.0036574925110214,0.999993311338486,0.999993311338484,49.413691777926,0.0,49.975527235877074,0.0,45.59505864542472,0.0,45.30228757669168,0.0,0.0,0.0,0.0,0.0,0.0,0.0
10.0,4.92984649232462,0.003657534553837,0.0036575345358222,0.999993311184738,0.999993311184736,49.41369176608189,0.0,49.97552693029116,0.0,45.59505864183155,0.0,45.30228751247247,0.0,0.0,0.0,0.0,0.0,0.0,0.0
10.0,4.93009650482524,0.0036575765802598,0.0036575765622292,0.999993311030982,0.99999331103098,49.41369175423709,0.0,49.97552662469021,0.0,45.59505863823814,0.0,45.30228744825004,0.0,0.0,0.0,0.0,0.0,0.0,0.0
10.0,4.93034651732587,0.0036576186082886,0.0036576185902423,0.999993310877218,0.999993310877216,49.4136917423916,0.0,49.97552631907424,0.0,45.59505863464448,0.0,45.30228738402442,0.0,0.0,0.0,0.0,0.0,0.0,0.0
10.0,4.93059652982649,0.0036576606379235,0.0036576606198614,0.999993310723446,0.999993310723444,49.41369173054541,0.0,49.97552601344322,0.0,45.59505863105056,0.0,45.30228731979558,0.0,0.0,0.0,0.0,0.0,0.0,0.0
10.0,4.93084654232712,0.0036577026691643,0.0036577026510865,0.999993310569666,0.999993310569664,49.41369171869852,0.0,49.97552570779718,0.0,45.5950586274564,0.0,45.302287255563535,0.0,0.0,0.0,0.0,0.0,0.0,0.0
10.0,4.93109655482774,0.003657744702011,0.0036577446839175,0.9999933104158792,0.999993310415876,49.41369170685094,0.0,49.9755254021361,0.0,45.59505862386198,0.0,45.30228719132828,0.0,0.0,0.0,0.0,0.0,0.0,0.0
10.0,4.9313465673283705,0.0036577867364635,0.0036577867183544,0.9999933102620832,0.999993310262081,49.41369169500268,0.0,49.97552509645999,0.0,45.59505862026732,0.0,45.30228712708981,0.0,0.0,0.0,0.0,0.0,0.0,0.0
10.0,4.93159657982899,0.0036578287725218,0.003657828754397,0.99999331010828,0.999993310108277,49.41369168315371,0.0,49.97552479076885,0.0,45.5950586166724,0.0,45.302287062848144,0.0,0.0,0.0,0.0,0.0,0.0,0.0
10.0,4.93184659232962,0.0036578708101858,0.0036578707920453,0.999993309954468,0.999993309954466,49.41369167130406,0.0,49.97552448506266,0.0,45.59505861307724,0.0,45.30228699860327,0.0,0.0,0.0,0.0,0.0,0.0,0.0
10.0,4.93209660483024,0.0036579128494554,0.0036579128312993,0.999993309800649,0.9999933098006472,49.41369165945368,0.0,49.975524179341456,0.0,45.59505860948183,0.0,45.30228693435517,0.0,0.0,0.0,0.0,0.0,0.0,0.0
10.0,4.93234661733087,0.0036579548903306,0.0036579548721589,0.999993309646822,0.999993309646819,49.41369164760264,0.0,49.97552387360521,0.0,45.595058605886166,0.0,45.30228687010388,0.0,0.0,0.0,0.0,0.0,0.0,0.0
10.0,4.93259662983149,0.0036579969328113,0.0036579969146241,0.999993309492987,0.999993309492984,49.4136916357509,0.0,49.97552356785395,0.0,45.59505860229026,0.0,45.30228680584937,0.0,0.0,0.0,0.0,0.0,0.0,0.0
10.0,4.93284664233212,0.0036580389768975,0.0036580389586947,0.999993309339144,0.999993309339142,49.41369162389846,0.0,49.975523262087634,0.0,45.59505859869412,0.0,45.30228674159166,0.0,0.0,0.0,0.0,0.0,0.0,0.0
10.0,4.93309665483274,0.003658081022589,0.0036580810043707,0.9999933091852932,0.9999933091852912,49.41369161204533,0.0,49.9755229563063,0.0,45.59505859509771,0.0,45.30228667733074,0.0,0.0,0.0,0.0,0.0,0.0,0.0
10.0,4.93334666733337,0.0036581230698859,0.0036581230516521,0.999993309031434,0.999993309031432,49.41369160019151,0.0,49.97552265050994,0.0,45.59505859150107,0.0,45.302286613066606,0.0,0.0,0.0,0.0,0.0,0.0,0.0
10.0,4.933596679833991,0.0036581651187881,0.0036581651005387,0.999993308877568,0.9999933088775652,49.41369158833698,0.0,49.97552234469854,0.0,45.59505858790418,0.0,45.30228654879927,0.0,0.0,0.0,0.0,0.0,0.0,0.0
10.0,4.93384669233462,0.0036582071692955,0.0036582071510307,0.9999933087236929,0.99999330872369,49.413691576481774,0.0,49.97552203887211,0.0,45.59505858430704,0.0,45.30228648452872,0.0,0.0,0.0,0.0,0.0,0.0,0.0
10.0,4.93409670483524,0.003658249221408,0.0036582492031277,0.999993308569811,0.999993308569808,49.41369156462587,0.0,49.97552173303065,0.0,45.59505858070966,0.0,45.30228642025497,0.0,0.0,0.0,0.0,0.0,0.0,0.0
10.0,4.93434671733587,0.0036582912751256,0.0036582912568299,0.99999330841592,0.999993308415917,49.41369155276928,0.0,49.975521427174144,0.0,45.59505857711204,0.0,45.302286355978005,0.0,0.0,0.0,0.0,0.0,0.0,0.0
10.0,4.93459672983649,0.0036583333304482,0.0036583333121371,0.999993308262022,0.999993308262019,49.413691540911984,0.0,49.97552112130263,0.0,45.595058573514166,0.0,45.30228629169783,0.0,0.0,0.0,0.0,0.0,0.0,0.0
10.0,4.93484674233712,0.0036583753873758,0.0036583753690494,0.999993308108115,0.999993308108113,49.413691529054,0.0,49.97552081541608,0.0,45.595058569916056,0.0,45.30228622741445,0.0,0.0,0.0,0.0,0.0,0.0,0.0
10.0,4.93509675483774,0.0036584174459083,0.0036584174275665,0.9999933079542008,0.999993307954198,49.41369151719533,0.0,49.975520509514496,0.0,45.59505856631769,0.0,45.30228616312787,0.0,0.0,0.0,0.0,0.0,0.0,0.0
10.0,4.93534676733837,0.0036584595060456,0.0036584594876885,0.9999933078002792,0.999993307800276,49.41369150533596,0.0,49.975520203597874,0.0,45.595058562719096,0.0,45.30228609883807,0.0,0.0,0.0,0.0,0.0,0.0,0.0
10.0,4.93559677983899,0.0036585015677878,0.0036585015494153,0.999993307646349,0.999993307646346,49.413691493475895,0.0,49.97551989766623,0.0,45.59505855912025,0.0,45.30228603454506,0.0,0.0,0.0,0.0,0.0,0.0,0.0
10.0,4.93584679233962,0.0036585436311346,0.0036585436127468,0.999993307492411,0.999993307492408,49.41369148161515,0.0,49.97551959171956,0.0,45.59505855552117,0.0,45.30228597024885,0.0,0.0,0.0,0.0,0.0,0.0,0.0
10.0,4.93609680484024,0.0036585856960861,0.003658585677683,0.999993307338465,0.999993307338462,49.41369146975371,0.0,49.97551928575786,0.0,45.59505855192184,0.0,45.30228590594943,0.0,0.0,0.0,0.0,0.0,0.0,0.0
10.0,4.93634681734087,0.0036586277626421,0.0036586277442239,0.9999933071845112,0.999993307184508,49.41369145789157,0.0,49.97551897978113,0.0,45.59505854832226,0.0,45.30228584164679,0.0,0.0,0.0,0.0,0.0,0.0,0.0
10.0,4.93659682984149,0.0036586698308027,0.0036586698123692,0.999993307030549,0.999993307030546,49.41369144602874,0.0,49.97551867378937,0.0,45.59505854472246,0.0,45.30228577734096,0.0,0.0,0.0,0.0,0.0,0.0,0.0
10.0,4.936846842342119,0.0036587119005678,0.0036587118821191,0.999993306876579,0.999993306876576,49.413691434165216,0.0,49.97551836778258,0.0,45.5950585411224,0.0,45.30228571303192,0.0,0.0,0.0,0.0,0.0,0.0,0.0
10.0,4.93709685484274,0.0036587539719373,0.0036587539534734,0.9999933067226012,0.999993306722598,49.41369142230101,0.0,49.97551806176075,0.0,45.595058537522114,0.0,45.30228564871966,0.0,0.0,0.0,0.0,0.0,0.0,0.0
10.0,4.93734686734337,0.0036587960449111,0.0036587960264321,0.999993306568615,0.999993306568612,49.41369141043611,0.0,49.97551775572391,0.0,45.59505853392157,0.0,45.3022855844042,0.0,0.0,0.0,0.0,0.0,0.0,0.0
10.0,4.93759687984399,0.0036588381194892,0.0036588381009951,0.999993306414622,0.999993306414618,49.41369139857052,0.0,49.97551744967203,0.0,45.595058530320806,0.0,45.302285520085526,0.0,0.0,0.0,0.0,0.0,0.0,0.0
10.0,4.93784689234462,0.0036588801956715,0.0036588801771623,0.99999330626062,0.999993306260617,49.41369138670424,0.0,49.97551714360512,0.0,45.59505852671979,0.0,45.302285455763645,0.0,0.0,0.0,0.0,0.0,0.0,0.0
10.0,4.93809690484524,0.003658922273458,0.0036589222549337,0.99999330610661,0.999993306106607,49.41369137483726,0.0,49.9755168375232,0.0,45.59505852311854,0.0,45.30228539143856,0.0,0.0,0.0,0.0,0.0,0.0,0.0
10.0,4.93834691734587,0.0036589643528486,0.0036589643343093,0.999993305952593,0.9999933059525888,49.4136913629696,0.0,49.97551653142624,0.0,45.595058519517046,0.0,45.30228532711026,0.0,0.0,0.0,0.0,0.0,0.0,0.0
10.0,4.93859692984649,0.0036590064338432,0.0036590064152889,0.999993305798567,0.999993305798564,49.41369135110124,0.0,49.97551622531425,0.0,45.59505851591531,0.0,45.30228526277876,0.0,0.0,0.0,0.0,0.0,0.0,0.0
10.0,4.93884694234712,0.0036590485164419,0.0036590484978725,0.999993305644533,0.99999330564453,49.413691339232194,0.0,49.97551591918723,0.0,45.595058512313344,0.0,45.302285198444046,0.0,0.0,0.0,0.0,0.0,0.0,0.0
10.0,4.939096954847739,0.0036590906006444,0.00365909058206,0.999993305490492,0.999993305490489,49.413691327362464,0.0,49.97551561304519,0.0,45.59505850871113,0.0,45.30228513410612,0.0,0.0,0.0,0.0,0.0,0.0,0.0
10.0,4.93934696734837,0.0036591326864507,0.0036591326678515,0.999993305336442,0.999993305336439,49.41369131549204,0.0,49.97551530688813,0.0,45.595058505108696,0.0,45.302285069765,0.0,0.0,0.0,0.0,0.0,0.0,0.0
10.0,4.93959697984899,0.0036591747738609,0.0036591747552467,0.9999933051823852,0.999993305182381,49.41369130362092,0.0,49.97551500071602,0.0,45.59505850150602,0.0,45.30228500542066,0.0,0.0,0.0,0.0,0.0,0.0,0.0
10.0,4.93984699234962,0.0036592168628748,0.0036592168442457,0.999993305028319,0.999993305028316,49.4136912917491,0.0,49.9755146945289,0.0,45.59505849790308,0.0,45.30228494107312,0.0,0.0,0.0,0.0,0.0,0.0,0.0
10.0,4.94009700485024,0.0036592589534924,0.0036592589348484,0.999993304874246,0.999993304874242,49.413691279876616,0.0,49.97551438832675,0.0,45.595058494299934,0.0,45.30228487672237,0.0,0.0,0.0,0.0,0.0,0.0,0.0
10.0,4.94034701735087,0.0036593010457135,0.0036593010270547,0.999993304720164,0.999993304720161,49.41369126800343,0.0,49.97551408210958,0.0,45.59505849069654,0.0,45.3022848123684,0.0,0.0,0.0,0.0,0.0,0.0,0.0
10.0,4.94059702985149,0.0036593431395382,0.0036593431208646,0.999993304566075,0.999993304566071,49.413691256129546,0.0,49.975513775877374,0.0,45.59505848709291,0.0,45.30228474801123,0.0,0.0,0.0,0.0,0.0,0.0,0.0
10.0,4.94084704235212,0.0036593852349664,0.003659385216278,0.999993304411977,0.999993304411974,49.41369124425499,0.0,49.975513469630144,0.0,45.59505848348905,0.0,45.30228468365085,0.0,0.0,0.0,0.0,0.0,0.0,0.0
10.0,4.94109705485274,0.0036594273319981,0.0036594273132949,0.999993304257872,0.999993304257869,49.41369123237974,0.0,49.97551316336789,0.0,45.59505847988495,0.0,45.30228461928727,0.0,0.0,0.0,0.0,0.0,0.0,0.0
10.0,4.94134706735337,0.003659469430633,0.0036594694119151,0.999993304103758,0.999993304103755,49.4136912205038,0.0,49.97551285709061,0.0,45.595058476280606,0.0,45.30228455492048,0.0,0.0,0.0,0.0,0.0,0.0,0.0
10.0,4.94159707985399,0.0036595115308713,0.0036595115121387,0.999993303949637,0.999993303949633,49.41369120862717,0.0,49.9755125507983,0.0,45.59505847267604,0.0,45.30228449055047,0.0,0.0,0.0,0.0,0.0,0.0,0.0
10.0,4.94184709235462,0.0036595536327128,0.0036595536139655,0.999993303795507,0.999993303795504,49.413691196749845,0.0,49.97551224449097,0.0,45.59505846907123,0.0,45.30228442617727,0.0,0.0,0.0,0.0,0.0,0.0,0.0
10.0,4.94209710485524,0.0036595957361575,0.0036595957173956,0.99999330364137,0.999993303641366,49.41369118487184,0.0,49.97551193816862,0.0,45.5950584654662,0.0,45.30228436180085,0.0,0.0,0.0,0.0,0.0,0.0,0.0
10.0,4.94234711735587,0.0036596378412053,0.0036596378224287,0.999993303487224,0.9999933034872212,49.41369117299314,0.0,49.97551163183123,0.0,45.59505846186091,0.0,45.30228429742122,0.0,0.0,0.0,0.0,0.0,0.0,0.0
10.0,4.94259712985649,0.0036596799478562,0.003659679929065,0.999993303333071,0.999993303333067,49.41369116111375,0.0,49.97551132547883,0.0,45.59505845825541,0.0,45.30228423303838,0.0,0.0,0.0,0.0,0.0,0.0,0.0
10.0,4.94284714235712,0.00365972205611,0.0036597220373043,0.999993303178909,0.999993303178905,49.41369114923368,0.0,49.975511019111394,0.0,45.59505845464966,0.0,45.30228416865235,0.0,0.0,0.0,0.0,0.0,0.0,0.0
10.0,4.94309715485774,0.0036597641659668,0.0036597641471465,0.99999330302474,0.999993303024736,49.41369113735292,0.0,49.97551071272895,0.0,45.59505845104369,0.0,45.30228410426309,0.0,0.0,0.0,0.0,0.0,0.0,0.0
10.0,4.94334716735837,0.0036598062774264,0.0036598062585916,0.999993302870562,0.999993302870558,49.41369112547147,0.0,49.975510406331466,0.0,45.59505844743748,0.0,45.30228403987064,0.0,0.0,0.0,0.0,0.0,0.0,0.0
10.0,4.94359717985899,0.0036598483904889,0.0036598483716396,0.999993302716376,0.999993302716372,49.41369111358934,0.0,49.97551009991896,0.0,45.59505844383104,0.0,45.30228397547497,0.0,0.0,0.0,0.0,0.0,0.0,0.0
10.0,4.94384719235962,0.0036598905051541,0.0036598904862903,0.999993302562183,0.999993302562179,49.41369110170652,0.0,49.97550979349143,0.0,45.59505844022436,0.0,45.302283911076096,0.0,0.0,0.0,0.0,0.0,0.0,0.0
10.0,4.94409720486024,0.003659932621422,0.0036599326025438,0.9999933024079812,0.999993302407977,49.41369108982301,0.0,49.97550948704888,0.0,45.59505843661745,0.0,45.302283846674015,0.0,0.0,0.0,0.0,0.0,0.0,0.0
10.0,4.94434721736087,0.0036599747392925,0.0036599747203999,0.9999933022537708,0.999993302253767,49.41369107793881,0.0,49.9755091805913,0.0,45.59505843301032,0.0,45.30228378226872,0.0,0.0,0.0,0.0,0.0,0.0,0.0
10.0,4.944597229861489,0.0036600168587655,0.0036600168398585,0.999993302099553,0.999993302099549,49.41369106605392,0.0,49.97550887411871,0.0,45.59505842940295,0.0,45.30228371786023,0.0,0.0,0.0,0.0,0.0,0.0,0.0
10.0,4.94484724236212,0.0036600589798411,0.0036600589609197,0.9999933019453272,0.999993301945323,49.41369105416835,0.0,49.97550856763109,0.0,45.59505842579535,0.0,45.30228365344852,0.0,0.0,0.0,0.0,0.0,0.0,0.0
10.0,4.94509725486274,0.0036601011025191,0.0036601010835834,0.999993301791093,0.999993301791089,49.413691042282096,0.0,49.97550826112844,0.0,45.59505842218752,0.0,45.30228358903361,0.0,0.0,0.0,0.0,0.0,0.0,0.0
10.0,4.94534726736337,0.0036601432267994,0.0036601432078495,0.9999933016368512,0.999993301636847,49.41369103039514,0.0,49.97550795461078,0.0,45.59505841857945,0.0,45.30228352461548,0.0,0.0,0.0,0.0,0.0,0.0,0.0
10.0,4.94559727986399,0.0036601853526821,0.0036601853337179,0.999993301482601,0.999993301482597,49.41369101850752,0.0,49.975507648078086,0.0,45.59505841497116,0.0,45.30228346019416,0.0,0.0,0.0,0.0,0.0,0.0,0.0
10.0,4.94584729236462,0.003660227480167,0.0036602274611886,0.9999933013283432,0.9999933013283392,49.4136910066192,0.0,49.97550734153037,0.0,45.59505841136263,0.0,45.302283395769614,0.0,0.0,0.0,0.0,0.0,0.0,0.0
10.0,4.94609730486524,0.0036602696092542,0.0036602695902616,0.999993301174077,0.999993301174072,49.41369099473019,0.0,49.975507034967634,0.0,45.59505840775388,0.0,45.30228333134187,0.0,0.0,0.0,0.0,0.0,0.0,0.0
10.0,4.94634731736587,0.0036603117399434,0.0036603117209367,0.999993301019803,0.999993301019798,49.4136909828405,0.0,49.97550672838989,0.0,45.5950584041449,0.0,45.30228326691091,0.0,0.0,0.0,0.0,0.0,0.0,0.0
10.0,4.94659732986649,0.0036603538722347,0.0036603538532138,0.99999330086552,0.999993300865516,49.41369097095013,0.0,49.9755064217971,0.0,45.59505840053568,0.0,45.30228320247675,0.0,0.0,0.0,0.0,0.0,0.0,0.0
10.0,4.94684734236712,0.003660396006128,0.0036603959870931,0.999993300711229,0.999993300711225,49.41369095905907,0.0,49.9755061151893,0.0,45.59505839692624,0.0,45.30228313803938,0.0,0.0,0.0,0.0,0.0,0.0,0.0
10.0,4.94709735486774,0.0036604381416233,0.0036604381225742,0.999993300556931,0.999993300556927,49.413690947167325,0.0,49.97550580856648,0.0,45.59505839331657,0.0,45.30228307359881,0.0,0.0,0.0,0.0,0.0,0.0,0.0
10.0,4.94734736736837,0.0036604802787204,0.0036604802596573,0.999993300402624,0.99999330040262,49.413690935274886,0.0,49.97550550192864,0.0,45.59505838970666,0.0,45.30228300915502,0.0,0.0,0.0,0.0,0.0,0.0,0.0
10.0,4.94759737986899,0.0036605224174194,0.0036605223983423,0.999993300248309,0.999993300248305,49.413690923381765,0.0,49.97550519527577,0.0,45.59505838609653,0.0,45.302282944708026,0.0,0.0,0.0,0.0,0.0,0.0,0.0
10.0,4.94784739236962,0.0036605645577201,0.0036605645386291,0.999993300093987,0.999993300093982,49.41369091148797,0.0,49.97550488860789,0.0,45.59505838248617,0.0,45.30228288025782,0.0,0.0,0.0,0.0,0.0,0.0,0.0
10.0,4.94809740487024,0.0036606066996226,0.0036606066805175,0.999993299939656,0.9999932999396508,49.41369089959348,0.0,49.97550458192498,0.0,45.59505837887559,0.0,45.30228281580442,0.0,0.0,0.0,0.0,0.0,0.0,0.0
10.0,4.94834741737087,0.0036606488431266,0.0036606488240077,0.999993299785316,0.999993299785312,49.41369088769831,0.0,49.975504275227046,0.0,45.59505837526478,0.0,45.3022827513478,0.0,0.0,0.0,0.0,0.0,0.0,0.0
10.0,4.94859742987149,0.0036606909882322,0.0036606909690994,0.999993299630969,0.999993299630965,49.41369087580245,0.0,49.9755039685141,0.0,45.595058371653735,0.0,45.30228268688798,0.0,0.0,0.0,0.0,0.0,0.0,0.0
10.0,4.94884744237212,0.0036607331349394,0.0036607331157927,0.999993299476614,0.9999932994766092,49.41369086390591,0.0,49.97550366178613,0.0,45.59505836804247,0.0,45.30228262242494,0.0,0.0,0.0,0.0,0.0,0.0,0.0
10.0,4.94909745487274,0.003660775283248,0.0036607752640875,0.9999932993222508,0.999993299322246,49.413690852008685,0.0,49.97550335504314,0.0,45.59505836443097,0.0,45.30228255795871,0.0,0.0,0.0,0.0,0.0,0.0,0.0
10.0,4.949347467373371,0.003660817433158,0.0036608174139837,0.9999932991678788,0.999993299167874,49.413690840110775,0.0,49.97550304828514,0.0,45.595058360819245,0.0,45.30228249348925,0.0,0.0,0.0,0.0,0.0,0.0,0.0
10.0,4.94959747987399,0.0036608595846693,0.0036608595654812,0.999993299013499,0.999993299013494,49.413690828212175,0.0,49.9755027415121,0.0,45.59505835720729,0.0,45.3022824290166,0.0,0.0,0.0,0.0,0.0,0.0,0.0
10.0,4.94984749237462,0.0036609017377819,0.0036609017185801,0.999993298859111,0.999993298859106,49.4136908163129,0.0,49.97550243472405,0.0,45.59505835359512,0.0,45.30228236454073,0.0,0.0,0.0,0.0,0.0,0.0,0.0
10.0,4.95009750487524,0.0036609438924956,0.0036609438732802,0.999993298704715,0.99999329870471,49.413690804412944,0.0,49.975502127920976,0.0,45.59505834998272,0.0,45.30228230006166,0.0,0.0,0.0,0.0,0.0,0.0,0.0
10.0,4.95034751737587,0.0036609860488106,0.0036609860295814,0.999993298550311,0.999993298550306,49.4136907925123,0.0,49.9755018211029,0.0,45.595058346370095,0.0,45.302282235579376,0.0,0.0,0.0,0.0,0.0,0.0,0.0
10.0,4.95059752987649,0.0036610282067266,0.0036610281874838,0.999993298395899,0.999993298395894,49.41369078061096,0.0,49.975501514269794,0.0,45.595058342757234,0.0,45.30228217109389,0.0,0.0,0.0,0.0,0.0,0.0,0.0
10.0,4.95084754237712,0.0036610703662436,0.0036610703469873,0.999993298241478,0.999993298241473,49.41369076870895,0.0,49.97550120742167,0.0,45.59505833914416,0.0,45.302282106605205,0.0,0.0,0.0,0.0,0.0,0.0,0.0
10.0,4.95109755487774,0.0036611125273616,0.0036611125080917,0.99999329808705,0.999993298087045,49.41369075680626,0.0,49.97550090055852,0.0,45.59505833553085,0.0,45.30228204211329,0.0,0.0,0.0,0.0,0.0,0.0,0.0
10.0,4.95134756737837,0.0036611546900805,0.0036611546707971,0.999993297932613,0.999993297932608,49.41369074490289,0.0,49.97550059368036,0.0,45.59505833191732,0.0,45.30228197761818,0.0,0.0,0.0,0.0,0.0,0.0,0.0
10.0,4.95159757987899,0.0036611968544002,0.0036611968351033,0.999993297778168,0.999993297778162,49.41369073299882,0.0,49.97550028678717,0.0,45.595058328303566,0.0,45.30228191311987,0.0,0.0,0.0,0.0,0.0,0.0,0.0
10.0,4.95184759237962,0.0036612390203207,0.0036612390010103,0.999993297623715,0.999993297623709,49.413690721094085,0.0,49.97549997987897,0.0,45.59505832468958,0.0,45.30228184861834,0.0,0.0,0.0,0.0,0.0,0.0,0.0
10.0,4.95209760488024,0.0036612811878419,0.0036612811685181,0.999993297469254,0.999993297469248,49.41369070918866,0.0,49.97549967295576,0.0,45.59505832107538,0.0,45.30228178411361,0.0,0.0,0.0,0.0,0.0,0.0,0.0
10.0,4.95234761738087,0.0036613233569637,0.0036613233376266,0.999993297314784,0.9999932973147782,49.41369069728255,0.0,49.97549936601752,0.0,45.59505831746095,0.0,45.30228171960567,0.0,0.0,0.0,0.0,0.0,0.0,0.0
10.0,4.95259762988149,0.0036613655276862,0.0036613655083357,0.999993297160306,0.999993297160301,49.41369068537576,0.0,49.975499059064255,0.0,45.5950583138463,0.0,45.3022816550945,0.0,0.0,0.0,0.0,0.0,0.0,0.0
10.0,4.95284764238212,0.0036614077000091,0.0036614076806453,0.99999329700582,0.9999932970058149,49.41369067346828,0.0,49.97549875209599,0.0,45.59505831023142,0.0,45.30228159058015,0.0,0.0,0.0,0.0,0.0,0.0,0.0
10.0,4.95309765488274,0.0036614498739326,0.0036614498545555,0.999993296851326,0.99999329685132,49.41369066156013,0.0,49.9754984451127,0.0,45.59505830661632,0.0,45.30228152606259,0.0,0.0,0.0,0.0,0.0,0.0,0.0
10.0,4.95334766738337,0.0036614920494564,0.0036614920300661,0.999993296696823,0.999993296696818,49.4136906496513,0.0,49.97549813811439,0.0,45.59505830300101,0.0,45.30228146154181,0.0,0.0,0.0,0.0,0.0,0.0,0.0
10.0,4.95359767988399,0.0036615342265806,0.003661534207177,0.999993296542313,0.999993296542307,49.41369063774178,0.0,49.97549783110106,0.0,45.59505829938545,0.0,45.30228139701784,0.0,0.0,0.0,0.0,0.0,0.0,0.0
10.0,4.95384769238462,0.003661576405305,0.0036615763858883,0.999993296387794,0.999993296387788,49.41369062583158,0.0,49.97549752407272,0.0,45.59505829576968,0.0,45.30228133249064,0.0,0.0,0.0,0.0,0.0,0.0,0.0
10.0,4.95409770488524,0.0036616185856297,0.0036616185661999,0.999993296233267,0.999993296233261,49.4136906139207,0.0,49.97549721702936,0.0,45.595058292153695,0.0,45.30228126796025,0.0,0.0,0.0,0.0,0.0,0.0,0.0
10.0,4.95434771738587,0.0036616607675546,0.0036616607481116,0.999993296078732,0.999993296078726,49.41369060200914,0.0,49.97549690997099,0.0,45.59505828853748,0.0,45.30228120342665,0.0,0.0,0.0,0.0,0.0,0.0,0.0
10.0,4.95459772988649,0.0036617029510795,0.0036617029316235,0.999993295924188,0.999993295924182,49.413690590096905,0.0,49.97549660289759,0.0,45.59505828492104,0.0,45.30228113888984,0.0,0.0,0.0,0.0,0.0,0.0,0.0
10.0,4.954847742387121,0.0036617451362045,0.0036617451167354,0.999993295769636,0.99999329576963,49.41369057818398,0.0,49.9754962958092,0.0,45.59505828130438,0.0,45.30228107434981,0.0,0.0,0.0,0.0,0.0,0.0,0.0
10.0,4.95509775488774,0.0036617873229294,0.0036617873034473,0.999993295615076,0.99999329561507,49.41369056627038,0.0,49.97549598870577,0.0,45.59505827768749,0.0,45.30228100980659,0.0,0.0,0.0,0.0,0.0,0.0,0.0
10.0,4.95534776738837,0.0036618295112543,0.0036618294917592,0.999993295460508,0.999993295460502,49.413690554356094,0.0,49.975495681587326,0.0,45.59505827407039,0.0,45.30228094526016,0.0,0.0,0.0,0.0,0.0,0.0,0.0
10.0,4.95559777988899,0.003661871701179,0.003661871681671,0.999993295305931,0.999993295305925,49.41369054244113,0.0,49.97549537445386,0.0,45.595058270453066,0.0,45.30228088071052,0.0,0.0,0.0,0.0,0.0,0.0,0.0
10.0,4.95584779238962,0.0036619138927034,0.0036619138731826,0.999993295151347,0.99999329515134,49.413690530525486,0.0,49.9754950673054,0.0,45.59505826683552,0.0,45.30228081615767,0.0,0.0,0.0,0.0,0.0,0.0,0.0
10.0,4.95609780489024,0.0036619560858277,0.003661956066294,0.999993294996753,0.999993294996747,49.413690518609165,0.0,49.97549476014191,0.0,45.59505826321775,0.0,45.30228075160161,0.0,0.0,0.0,0.0,0.0,0.0,0.0
10.0,4.95634781739087,0.0036619982805515,0.0036619982610051,0.9999932948421522,0.999993294842146,49.41369050669216,0.0,49.97549445296341,0.0,45.59505825959976,0.0,45.30228068704235,0.0,0.0,0.0,0.0,0.0,0.0,0.0
10.0,4.95659782989149,0.003662040476875,0.0036620404573158,0.999993294687542,0.999993294687536,49.41369049477448,0.0,49.975494145769886,0.0,45.59505825598156,0.0,45.30228062247987,0.0,0.0,0.0,0.0,0.0,0.0,0.0
10.0,4.95684784239212,0.0036620826747981,0.0036620826552261,0.999993294532924,0.999993294532918,49.41369048285612,0.0,49.97549383856136,0.0,45.59505825236312,0.0,45.3022805579142,0.0,0.0,0.0,0.0,0.0,0.0,0.0
10.0,4.957097854892741,0.0036621248743206,0.0036621248547359,0.999993294378298,0.999993294378292,49.41369047093708,0.0,49.97549353133781,0.0,45.59505824874447,0.0,45.30228049334531,0.0,0.0,0.0,0.0,0.0,0.0,0.0
10.0,4.95734786739337,0.0036621670754425,0.0036621670558452,0.999993294223663,0.9999932942236572,49.41369045901736,0.0,49.97549322409925,0.0,45.5950582451256,0.0,45.30228042877321,0.0,0.0,0.0,0.0,0.0,0.0,0.0
10.0,4.95759787989399,0.0036622092781638,0.0036622092585538,0.99999329406902,0.999993294069014,49.41369044709696,0.0,49.97549291684568,0.0,45.59505824150652,0.0,45.30228036419791,0.0,0.0,0.0,0.0,0.0,0.0,0.0
10.0,4.95784789239462,0.0036622514824844,0.0036622514628618,0.9999932939143688,0.999993293914362,49.41369043517588,0.0,49.97549260957708,0.0,45.5950582378872,0.0,45.3022802996194,0.0,0.0,0.0,0.0,0.0,0.0,0.0
10.0,4.95809790489524,0.0036622936884042,0.0036622936687691,0.999993293759709,0.999993293759703,49.41369042325413,0.0,49.97549230229348,0.0,45.59505823426768,0.0,45.30228023503768,0.0,0.0,0.0,0.0,0.0,0.0,0.0
10.0,4.95834791739587,0.0036623358959232,0.0036623358762756,0.999993293605042,0.9999932936050352,49.413690411331686,0.0,49.97549199499486,0.0,45.59505823064793,0.0,45.302280170452754,0.0,0.0,0.0,0.0,0.0,0.0,0.0
10.0,4.9585979298965,0.0036623781050413,0.0036623780853812,0.999993293450365,0.9999932934503593,49.41369039940857,0.0,49.97549168768124,0.0,45.59505822702796,0.0,45.30228010586462,0.0,0.0,0.0,0.0,0.0,0.0,0.0
10.0,4.95884794239712,0.0036624203157584,0.0036624202960859,0.999993293295681,0.999993293295674,49.41369038748478,0.0,49.97549138035259,0.0,45.59505822340776,0.0,45.30228004127328,0.0,0.0,0.0,0.0,0.0,0.0,0.0
10.0,4.95909795489774,0.0036624625280745,0.0036624625083897,0.999993293140988,0.9999932931409808,49.41369037556032,0.0,49.97549107300892,0.0,45.59505821978736,0.0,45.30227997667873,0.0,0.0,0.0,0.0,0.0,0.0,0.0
10.0,4.95934796739837,0.0036625047419896,0.0036625047222924,0.999993292986286,0.999993292986279,49.41369036363516,0.0,49.97549076565025,0.0,45.59505821616674,0.0,45.30227991208098,0.0,0.0,0.0,0.0,0.0,0.0,0.0
10.0,4.95959797989899,0.0036625469575035,0.003662546937794,0.999993292831576,0.999993292831569,49.41369035170934,0.0,49.97549045827657,0.0,45.59505821254589,0.0,45.302279847480015,0.0,0.0,0.0,0.0,0.0,0.0,0.0
10.0,4.95984799239962,0.0036625891746163,0.0036625891548945,0.999993292676858,0.9999932926768508,49.41369033978283,0.0,49.97549015088787,0.0,45.595058208924826,0.0,45.30227978287585,0.0,0.0,0.0,0.0,0.0,0.0,0.0
10.0,4.96009800490024,0.0036626313933277,0.0036626313735937,0.999993292522132,0.999993292522124,49.41369032785566,0.0,49.97548984348416,0.0,45.595058205303545,0.0,45.30227971826847,0.0,0.0,0.0,0.0,0.0,0.0,0.0
10.0,4.960348017400869,0.0036626736136379,0.0036626735938917,0.999993292367397,0.99999329236739,49.4136903159278,0.0,49.97548953606543,0.0,45.59505820168205,0.0,45.30227965365788,0.0,0.0,0.0,0.0,0.0,0.0,0.0
10.0,4.96059802990149,0.0036627158355466,0.0036627158157883,0.999993292212653,0.999993292212646,49.41369030399926,0.0,49.975489228631695,0.0,45.595058198060336,0.0,45.30227958904408,0.0,0.0,0.0,0.0,0.0,0.0,0.0
10.0,4.96084804240212,0.003662758059054,0.0036627580392835,0.999993292057902,0.999993292057894,49.41369029207006,0.0,49.97548892118295,0.0,45.5950581944384,0.0,45.302279524427085,0.0,0.0,0.0,0.0,0.0,0.0,0.0
10.0,4.96109805490275,0.0036628002841598,0.0036628002643773,0.999993291903142,0.999993291903134,49.413690280140166,0.0,49.97548861371919,0.0,45.59505819081624,0.0,45.30227945980688,0.0,0.0,0.0,0.0,0.0,0.0,0.0
10.0,4.96134806740337,0.0036628425108641,0.0036628424910695,0.999993291748373,0.9999932917483648,49.413690268209606,0.0,49.975488306240415,0.0,45.59505818719388,0.0,45.30227939518346,0.0,0.0,0.0,0.0,0.0,0.0,0.0
10.0,4.961598079904,0.0036628847391667,0.0036628847193601,0.9999932915935958,0.999993291593588,49.413690256278365,0.0,49.97548799874663,0.0,45.59505818357129,0.0,45.30227933055684,0.0,0.0,0.0,0.0,0.0,0.0,0.0
10.0,4.96184809240462,0.0036629269690676,0.0036629269492491,0.99999329143881,0.999993291438802,49.41369024434644,0.0,49.97548769123784,0.0,45.59505817994848,0.0,45.30227926592701,0.0,0.0,0.0,0.0,0.0,0.0,0.0
10.0,4.96209810490524,0.0036629692005668,0.0036629691807364,0.999993291284016,0.999993291284008,49.41369023241385,0.0,49.97548738371403,0.0,45.59505817632546,0.0,45.30227920129398,0.0,0.0,0.0,0.0,0.0,0.0,0.0
10.0,4.96234811740587,0.0036630114336642,0.0036630114138219,0.999993291129214,0.999993291129206,49.41369022048058,0.0,49.97548707617521,0.0,45.59505817270222,0.0,45.30227913665773,0.0,0.0,0.0,0.0,0.0,0.0,0.0
10.0,4.9625981299065,0.0036630536683597,0.0036630536485056,0.9999932909744031,0.9999932909743948,49.41369020854664,0.0,49.97548676862137,0.0,45.59505816907876,0.0,45.30227907201828,0.0,0.0,0.0,0.0,0.0,0.0,0.0
10.0,4.96284814240712,0.0036630959046532,0.0036630958847874,0.999993290819583,0.9999932908195752,49.413690196612016,0.0,49.97548646105254,0.0,45.59505816545509,0.0,45.30227900737562,0.0,0.0,0.0,0.0,0.0,0.0,0.0
10.0,4.96309815490775,0.0036631381425448,0.0036631381226672,0.999993290664756,0.999993290664747,49.41369018467672,0.0,49.97548615346869,0.0,45.59505816183121,0.0,45.30227894272975,0.0,0.0,0.0,0.0,0.0,0.0,0.0
10.0,4.96334816740837,0.0036631803820343,0.0036631803621451,0.999993290509919,0.999993290509911,49.41369017274076,0.0,49.97548584586982,0.0,45.5950581582071,0.0,45.302278878080685,0.0,0.0,0.0,0.0,0.0,0.0,0.0
10.0,4.963598179909,0.0036632226231217,0.0036632226032208,0.999993290355074,0.999993290355066,49.4136901608041,0.0,49.97548553825596,0.0,45.59505815458279,0.0,45.3022788134284,0.0,0.0,0.0,0.0,0.0,0.0,0.0
10.0,4.96384819240962,0.0036632648658069,0.0036632648458944,0.9999932902002212,0.999993290200212,49.41369014886679,0.0,49.97548523062707,0.0,45.59505815095825,0.0,45.302278748772906,0.0,0.0,0.0,0.0,0.0,0.0,0.0
10.0,4.96409820491025,0.0036633071100899,0.0036633070901658,0.999993290045359,0.99999329004535,49.41369013692879,0.0,49.97548492298318,0.0,45.595058147333496,0.0,45.30227868411421,0.0,0.0,0.0,0.0,0.0,0.0,0.0
10.0,4.96434821741087,0.0036633493559705,0.0036633493360349,0.999993289890488,0.99999328989048,49.41369012499011,0.0,49.97548461532427,0.0,45.595058143708535,0.0,45.30227861945231,0.0,0.0,0.0,0.0,0.0,0.0,0.0
10.0,4.96459822991149,0.0036633916034488,0.0036633915835018,0.999993289735609,0.9999932897356,49.41369011305078,0.0,49.97548430765036,0.0,45.59505814008335,0.0,45.30227855478719,0.0,0.0,0.0,0.0,0.0,0.0,0.0
10.0,4.96484824241212,0.0036634338525247,0.0036634338325662,0.999993289580721,0.999993289580713,49.41369010111075,0.0,49.97548399996144,0.0,45.59505813645796,0.0,45.30227849011888,0.0,0.0,0.0,0.0,0.0,0.0,0.0
10.0,4.96509825491275,0.0036634761031981,0.0036634760832282,0.999993289425825,0.999993289425816,49.41369008917006,0.0,49.97548369225751,0.0,45.59505813283234,0.0,45.30227842544735,0.0,0.0,0.0,0.0,0.0,0.0,0.0
10.0,4.96534826741337,0.0036635183554689,0.0036635183354877,0.99999328927092,0.999993289270911,49.41369007722869,0.0,49.97548338453857,0.0,45.595058129206514,0.0,45.30227836077263,0.0,0.0,0.0,0.0,0.0,0.0,0.0
10.0,4.965598279914,0.0036635606093371,0.0036635605893446,0.999993289116007,0.9999932891159982,49.41369006528665,0.0,49.975483076804615,0.0,45.59505812558047,0.0,45.30227829609468,0.0,0.0,0.0,0.0,0.0,0.0,0.0
10.0,4.965848292414619,0.0036636028648026,0.0036636028447988,0.999993288961085,0.999993288961076,49.41369005334394,0.0,49.97548276905566,0.0,45.59505812195421,0.0,45.30227823141353,0.0,0.0,0.0,0.0,0.0,0.0,0.0
10.0,4.96609830491525,0.0036636451218654,0.0036636451018504,0.999993288806154,0.999993288806145,49.41369004140056,0.0,49.97548246129169,0.0,45.59505811832775,0.0,45.30227816672917,0.0,0.0,0.0,0.0,0.0,0.0,0.0
10.0,4.96634831741587,0.0036636873805255,0.0036636873604993,0.9999932886512148,0.999993288651206,49.4136900294565,0.0,49.97548215351272,0.0,45.59505811470106,0.0,45.30227810204161,0.0,0.0,0.0,0.0,0.0,0.0,0.0
10.0,4.9665983299165,0.0036637296407826,0.0036637296207453,0.999993288496267,0.999993288496258,49.41369001751176,0.0,49.975481845718726,0.0,45.59505811107416,0.0,45.302278037350845,0.0,0.0,0.0,0.0,0.0,0.0,0.0
10.0,4.96684834241712,0.0036637719026368,0.0036637718825884,0.999993288341311,0.999993288341301,49.41369000556636,0.0,49.97548153790973,0.0,45.59505810744705,0.0,45.30227797265687,0.0,0.0,0.0,0.0,0.0,0.0,0.0
10.0,4.96709835491775,0.0036638141660881,0.0036638141460286,0.999993288186346,0.999993288186336,49.41368999362028,0.0,49.97548123008573,0.0,45.59505810381973,0.0,45.30227790795968,0.0,0.0,0.0,0.0,0.0,0.0,0.0
10.0,4.96734836741837,0.0036638564311363,0.0036638564110658,0.999993288031372,0.999993288031362,49.41368998167353,0.0,49.97548092224672,0.0,45.59505810019219,0.0,45.30227784325929,0.0,0.0,0.0,0.0,0.0,0.0,0.0
10.0,4.967598379919,0.0036638986977814,0.0036638986777,0.99999328787639,0.99999328787638,49.41368996972611,0.0,49.9754806143927,0.0,45.59505809656442,0.0,45.30227777855569,0.0,0.0,0.0,0.0,0.0,0.0,0.0
10.0,4.96784839241962,0.0036639409660233,0.003663940945931,0.9999932877213992,0.9999932877213878,49.413689957778,0.0,49.97548030652369,0.0,45.595058092936455,0.0,45.30227771384889,0.0,0.0,0.0,0.0,0.0,0.0,0.0
10.0,4.96809840492025,0.003663983235862,0.0036639832157589,0.999993287566399,0.9999932875663888,49.41368994582923,0.0,49.975479998639656,0.0,45.595058089308274,0.0,45.30227764913888,0.0,0.0,0.0,0.0,0.0,0.0,0.0
10.0,4.96834841742087,0.0036640255072974,0.0036640254871835,0.99999328741139,0.99999328741138,49.41368993387981,0.0,49.97547969074061,0.0,45.59505808567989,0.0,45.30227758442566,0.0,0.0,0.0,0.0,0.0,0.0,0.0
10.0,4.9685984299215,0.0036640677803294,0.0036640677602048,0.999993287256373,0.999993287256363,49.41368992192969,0.0,49.97547938282656,0.0,45.59505808205128,0.0,45.30227751970923,0.0,0.0,0.0,0.0,0.0,0.0,0.0
10.0,4.96884844242212,0.0036641100549581,0.0036641100348227,0.9999932871013468,0.999993287101337,49.413689909978906,0.0,49.97547907489752,0.0,45.59505807842245,0.0,45.3022774549896,0.0,0.0,0.0,0.0,0.0,0.0,0.0
10.0,4.96909845492275,0.0036641523311832,0.0036641523110372,0.999993286946312,0.999993286946302,49.41368989802745,0.0,49.97547876695346,0.0,45.59505807479342,0.0,45.30227739026675,0.0,0.0,0.0,0.0,0.0,0.0,0.0
10.0,4.96934846742337,0.0036641946090049,0.0036641945888482,0.999993286791269,0.999993286791258,49.41368988607533,0.0,49.97547845899438,0.0,45.595058071164175,0.0,45.3022773255407,0.0,0.0,0.0,0.0,0.0,0.0,0.0
10.0,4.969598479924,0.0036642368884229,0.0036642368682557,0.999993286636216,0.999993286636206,49.41368987412253,0.0,49.97547815102031,0.0,45.59505806753473,0.0,45.30227726081144,0.0,0.0,0.0,0.0,0.0,0.0,0.0
10.0,4.96984849242462,0.0036642791694373,0.0036642791492595,0.9999932864811548,0.999993286481145,49.413689862169065,0.0,49.97547784303122,0.0,45.59505806390505,0.0,45.30227719607898,0.0,0.0,0.0,0.0,0.0,0.0,0.0
10.0,4.97009850492525,0.0036643214520479,0.0036643214318597,0.999993286326085,0.9999932863260752,49.41368985021493,0.0,49.97547753502714,0.0,45.59505806027517,0.0,45.30227713134332,0.0,0.0,0.0,0.0,0.0,0.0,0.0
10.0,4.97034851742587,0.0036643637362548,0.0036643637160562,0.999993286171007,0.999993286170996,49.41368983826012,0.0,49.97547722700805,0.0,45.59505805664508,0.0,45.30227706660443,0.0,0.0,0.0,0.0,0.0,0.0,0.0
10.0,4.970598529926501,0.0036644060220579,0.0036644060018488,0.99999328601592,0.999993286015908,49.41368982630464,0.0,49.97547691897395,0.0,45.59505805301477,0.0,45.30227700186235,0.0,0.0,0.0,0.0,0.0,0.0,0.0
10.0,4.97084854242712,0.003664448309457,0.0036644482892376,0.999993285860823,0.999993285860812,49.4136898143485,0.0,49.97547661092485,0.0,45.59505804938425,0.0,45.30227693711706,0.0,0.0,0.0,0.0,0.0,0.0,0.0
10.0,4.97109855492775,0.0036644905984521,0.0036644905782225,0.999993285705718,0.999993285705707,49.41368980239167,0.0,49.975476302860734,0.0,45.595058045753525,0.0,45.302276872368566,0.0,0.0,0.0,0.0,0.0,0.0,0.0
10.0,4.97134856742837,0.0036645328890433,0.0036645328688034,0.999993285550604,0.9999932855505927,49.4136897904342,0.0,49.97547599478162,0.0,45.595058042122574,0.0,45.302276807616856,0.0,0.0,0.0,0.0,0.0,0.0,0.0
10.0,4.971598579929,0.0036645751812303,0.0036645751609802,0.999993285395481,0.99999328539547,49.41368977847603,0.0,49.97547568668751,0.0,45.59505803849142,0.0,45.30227674286194,0.0,0.0,0.0,0.0,0.0,0.0,0.0
10.0,4.97184859242962,0.0036646174750132,0.0036646174547529,0.9999932852403488,0.999993285240338,49.4136897665172,0.0,49.97547537857837,0.0,45.59505803486007,0.0,45.30227667810382,0.0,0.0,0.0,0.0,0.0,0.0,0.0
10.0,4.97209860493025,0.0036646597703919,0.0036646597501215,0.9999932850852092,0.999993285085197,49.41368975455771,0.0,49.975475070454245,0.0,45.59505803122848,0.0,45.3022766133425,0.0,0.0,0.0,0.0,0.0,0.0,0.0
10.0,4.97234861743087,0.0036647020673663,0.0036647020470859,0.99999328493006,0.999993284930048,49.41368974259754,0.0,49.97547476231511,0.0,45.5950580275967,0.0,45.30227654857797,0.0,0.0,0.0,0.0,0.0,0.0,0.0
10.0,4.9725986299315,0.0036647443659363,0.003664744345646,0.999993284774901,0.9999932847748892,49.41368973063671,0.0,49.975474454160974,0.0,45.5950580239647,0.0,45.30227648381022,0.0,0.0,0.0,0.0,0.0,0.0,0.0
10.0,4.97284864243212,0.003664786666102,0.0036647866458017,0.999993284619734,0.9999932846197208,49.4136897186752,0.0,49.97547414599183,0.0,45.59505802033249,0.0,45.30227641903927,0.0,0.0,0.0,0.0,0.0,0.0,0.0
10.0,4.97309865493275,0.0036648289678632,0.003664828947553,0.999993284464558,0.999993284464545,49.41368970671304,0.0,49.97547383780768,0.0,45.59505801670007,0.0,45.30227635426512,0.0,0.0,0.0,0.0,0.0,0.0,0.0
10.0,4.97334866743337,0.0036648712712199,0.0036648712508998,0.999993284309372,0.99999328430936,49.41368969475021,0.0,49.97547352960853,0.0,45.59505801306744,0.0,45.30227628948775,0.0,0.0,0.0,0.0,0.0,0.0,0.0
10.0,4.973598679934,0.003664913576172,0.0036649135558421,0.999993284154178,0.999993284154166,49.41368968278669,0.0,49.97547322139437,0.0,45.5950580094346,0.0,45.30227622470719,0.0,0.0,0.0,0.0,0.0,0.0,0.0
10.0,4.97384869243462,0.0036649558827195,0.0036649558623798,0.999993283998975,0.999993283998962,49.41368967082252,0.0,49.97547291316521,0.0,45.59505800580156,0.0,45.30227615992341,0.0,0.0,0.0,0.0,0.0,0.0,0.0
10.0,4.97409870493525,0.0036649981908622,0.0036649981705129,0.999993283843763,0.99999328384375,49.41368965885767,0.0,49.97547260492105,0.0,45.59505800216829,0.0,45.30227609513642,0.0,0.0,0.0,0.0,0.0,0.0,0.0
10.0,4.97434871743587,0.0036650405006002,0.0036650404802412,0.9999932836885408,0.999993283688528,49.41368964689216,0.0,49.97547229666189,0.0,45.59505799853482,0.0,45.30227603034624,0.0,0.0,0.0,0.0,0.0,0.0,0.0
10.0,4.9745987299365,0.0036650828119334,0.0036650827915648,0.999993283533311,0.999993283533298,49.41368963492599,0.0,49.97547198838771,0.0,45.59505799490115,0.0,45.30227596555284,0.0,0.0,0.0,0.0,0.0,0.0,0.0
10.0,4.97484874243712,0.0036651251248616,0.0036651251044835,0.999993283378072,0.999993283378059,49.41368962295913,0.0,49.97547168009853,0.0,45.59505799126725,0.0,45.30227590075623,0.0,0.0,0.0,0.0,0.0,0.0,0.0
10.0,4.97509875493775,0.003665167439385,0.0036651674189974,0.999993283222823,0.99999328322281,49.41368961099162,0.0,49.97547137179436,0.0,45.59505798763316,0.0,45.302275835956415,0.0,0.0,0.0,0.0,0.0,0.0,0.0
10.0,4.97534876743837,0.0036652097555033,0.0036652097351062,0.999993283067566,0.999993283067552,49.41368959902345,0.0,49.97547106347518,0.0,45.59505798399884,0.0,45.3022757711534,0.0,0.0,0.0,0.0,0.0,0.0,0.0
10.0,4.975598779939,0.0036652520732165,0.0036652520528101,0.999993282912299,0.999993282912286,49.4136895870546,0.0,49.975470755141,0.0,45.59505798036432,0.0,45.30227570634717,0.0,0.0,0.0,0.0,0.0,0.0,0.0
10.0,4.97584879243962,0.0036652943925246,0.0036652943721088,0.999993282757024,0.9999932827570102,49.41368957508509,0.0,49.97547044679181,0.0,45.59505797672959,0.0,45.30227564153775,0.0,0.0,0.0,0.0,0.0,0.0,0.0
10.0,4.976098804940251,0.0036653367134275,0.0036653366930024,0.999993282601739,0.999993282601725,49.41368956311491,0.0,49.975470138427625,0.0,45.59505797309466,0.0,45.3022755767251,0.0,0.0,0.0,0.0,0.0,0.0,0.0
10.0,4.97634881744087,0.0036653790359251,0.0036653790154908,0.999993282446445,0.999993282446431,49.41368955114406,0.0,49.97546983004844,0.0,45.5950579694595,0.0,45.30227551190926,0.0,0.0,0.0,0.0,0.0,0.0,0.0
10.0,4.9765988299415,0.0036654213600174,0.003665421339574,0.999993282291142,0.999993282291127,49.41368953917255,0.0,49.97546952165424,0.0,45.59505796582416,0.0,45.30227544709021,0.0,0.0,0.0,0.0,0.0,0.0,0.0
10.0,4.97684884244212,0.0036654636857044,0.0036654636652518,0.999993282135829,0.9999932821358152,49.413689527200376,0.0,49.97546921324505,0.0,45.59505796218859,0.0,45.30227538226794,0.0,0.0,0.0,0.0,0.0,0.0,0.0
10.0,4.97709885494275,0.0036655060129859,0.0036655059925242,0.999993281980508,0.999993281980494,49.41368951522752,0.0,49.97546890482086,0.0,45.59505795855282,0.0,45.30227531744248,0.0,0.0,0.0,0.0,0.0,0.0,0.0
10.0,4.97734886744337,0.0036655483418618,0.0036655483213911,0.999993281825177,0.999993281825163,49.41368950325403,0.0,49.97546859638166,0.0,45.59505795491684,0.0,45.3022752526138,0.0,0.0,0.0,0.0,0.0,0.0,0.0
10.0,4.977598879944,0.0036655906723323,0.0036655906518526,0.9999932816698368,0.999993281669822,49.41368949127985,0.0,49.97546828792746,0.0,45.59505795128065,0.0,45.30227518778192,0.0,0.0,0.0,0.0,0.0,0.0,0.0
10.0,4.97784889244462,0.003665633004397,0.0036656329839084,0.999993281514489,0.999993281514473,49.41368947930501,0.0,49.975467979458266,0.0,45.59505794764425,0.0,45.30227512294683,0.0,0.0,0.0,0.0,0.0,0.0,0.0
10.0,4.97809890494525,0.0036656753380561,0.0036656753175587,0.99999328135913,0.9999932813591152,49.41368946732951,0.0,49.97546767097406,0.0,45.59505794400764,0.0,45.302275058108535,0.0,0.0,0.0,0.0,0.0,0.0,0.0
10.0,4.978348917445871,0.0036657176733095,0.0036657176528032,0.999993281203762,0.999993281203747,49.41368945535334,0.0,49.97546736247486,0.0,45.59505794037083,0.0,45.30227499326704,0.0,0.0,0.0,0.0,0.0,0.0,0.0
10.0,4.9785989299465,0.003665760010157,0.003665759989642,0.999993281048385,0.99999328104837,49.413689443376505,0.0,49.97546705396066,0.0,45.5950579367338,0.0,45.30227492842233,0.0,0.0,0.0,0.0,0.0,0.0,0.0
10.0,4.97884894244712,0.0036658023485987,0.0036658023280749,0.9999932808929992,0.999993280892983,49.41368943139901,0.0,49.975466745431454,0.0,45.59505793309657,0.0,45.30227486357442,0.0,0.0,0.0,0.0,0.0,0.0,0.0
10.0,4.97909895494775,0.0036658446886344,0.003665844668102,0.999993280737603,0.999993280737588,49.41368941942085,0.0,49.97546643688725,0.0,45.59505792945912,0.0,45.30227479872329,0.0,0.0,0.0,0.0,0.0,0.0,0.0
10.0,4.97934896744837,0.0036658870302641,0.0036658870097231,0.999993280582198,0.999993280582182,49.41368940744202,0.0,49.97546612832805,0.0,45.59505792582148,0.0,45.30227473386896,0.0,0.0,0.0,0.0,0.0,0.0,0.0
10.0,4.979598979949,0.0036659293734878,0.0036659293529382,0.999993280426784,0.999993280426768,49.41368939546253,0.0,49.97546581975384,0.0,45.59505792218363,0.0,45.30227466901143,0.0,0.0,0.0,0.0,0.0,0.0,0.0
10.0,4.97984899244962,0.0036659717183053,0.0036659716977473,0.99999328027136,0.999993280271344,49.41368938348239,0.0,49.97546551116464,0.0,45.59505791854557,0.0,45.30227460415069,0.0,0.0,0.0,0.0,0.0,0.0,0.0
10.0,4.98009900495025,0.0036660140647167,0.0036660140441502,0.999993280115928,0.9999932801159108,49.41368937150156,0.0,49.97546520256044,0.0,45.5950579149073,0.0,45.302274539286735,0.0,0.0,0.0,0.0,0.0,0.0,0.0
10.0,4.98034901745087,0.0036660564127218,0.0036660563921469,0.9999932799604851,0.999993279960468,49.41368935952008,0.0,49.97546489394124,0.0,45.59505791126882,0.0,45.302274474419576,0.0,0.0,0.0,0.0,0.0,0.0,0.0
10.0,4.9805990299515,0.0036660987623206,0.0036660987417374,0.999993279805033,0.999993279805016,49.41368934753794,0.0,49.97546458530703,0.0,45.595057907630135,0.0,45.30227440954921,0.0,0.0,0.0,0.0,0.0,0.0,0.0
10.0,4.98084904245212,0.0036661411135131,0.0036661410929216,0.999993279649572,0.999993279649555,49.41368933555514,0.0,49.97546427665783,0.0,45.59505790399124,0.0,45.302274344675645,0.0,0.0,0.0,0.0,0.0,0.0,0.0
10.0,4.98109905495275,0.0036661834662991,0.0036661834456994,0.999993279494101,0.999993279494084,49.41368932357167,0.0,49.97546396799363,0.0,45.59505790035214,0.0,45.30227427979887,0.0,0.0,0.0,0.0,0.0,0.0,0.0
10.0,4.98134906745337,0.0036662258206786,0.0036662258000708,0.999993279338621,0.999993279338603,49.41368931158754,0.0,49.97546365931444,0.0,45.59505789671283,0.0,45.30227421491889,0.0,0.0,0.0,0.0,0.0,0.0,0.0
10.0,4.981599079953999,0.0036662681766516,0.0036662681560356,0.999993279183131,0.999993279183113,49.41368929960275,0.0,49.97546335062024,0.0,45.59505789307333,0.0,45.3022741500357,0.0,0.0,0.0,0.0,0.0,0.0,0.0
10.0,4.98184909245462,0.003666310534218,0.0036663105135939,0.999993279027631,0.999993279027614,49.41368928761729,0.0,49.97546304191103,0.0,45.5950578894336,0.0,45.3022740851493,0.0,0.0,0.0,0.0,0.0,0.0,0.0
10.0,4.98209910495525,0.0036663528933777,0.0036663528727456,0.999993278872122,0.999993278872104,49.41368927563117,0.0,49.97546273318684,0.0,45.59505788579368,0.0,45.302274020259695,0.0,0.0,0.0,0.0,0.0,0.0,0.0
10.0,4.98234911745587,0.0036663952541306,0.0036663952334907,0.999993278716604,0.999993278716586,49.4136892636444,0.0,49.97546242444764,0.0,45.59505788215353,0.0,45.302273955366886,0.0,0.0,0.0,0.0,0.0,0.0,0.0
10.0,4.9825991299565,0.0036664376164768,0.0036664375958289,0.999993278561076,0.999993278561058,49.41368925165696,0.0,49.97546211569345,0.0,45.5950578785132,0.0,45.30227389047087,0.0,0.0,0.0,0.0,0.0,0.0,0.0
10.0,4.98284914245712,0.0036664799804161,0.0036664799597604,0.999993278405538,0.99999327840552,49.41368923966885,0.0,49.97546180692426,0.0,45.59505787487266,0.0,45.302273825571646,0.0,0.0,0.0,0.0,0.0,0.0,0.0
10.0,4.98309915495775,0.0036665223459484,0.003666522325285,0.999993278249991,0.999993278249972,49.41368922768009,0.0,49.97546149814007,0.0,45.5950578712319,0.0,45.302273760669216,0.0,0.0,0.0,0.0,0.0,0.0,0.0
10.0,4.98334916745837,0.0036665647130738,0.0036665646924027,0.999993278094434,0.999993278094415,49.41368921569067,0.0,49.97546118934088,0.0,45.59505786759095,0.0,45.30227369576358,0.0,0.0,0.0,0.0,0.0,0.0,0.0
10.0,4.983599179959,0.0036666070817922,0.0036666070611134,0.999993277938867,0.999993277938848,49.413689203700585,0.0,49.975460880526704,0.0,45.595057863949776,0.0,45.302273630854735,0.0,0.0,0.0,0.0,0.0,0.0,0.0
10.0,4.983849192459619,0.0036666494521034,0.003666649431417,0.9999932777832912,0.999993277783272,49.41368919170984,0.0,49.97546057169752,0.0,45.59505786030841,0.0,45.30227356594269,0.0,0.0,0.0,0.0,0.0,0.0,0.0
10.0,4.98409920496025,0.0036666918240075,0.0036666918033136,0.999993277627705,0.999993277627686,49.41368917971843,0.0,49.97546026285334,0.0,45.595057856666834,0.0,45.30227350102742,0.0,0.0,0.0,0.0,0.0,0.0,0.0
10.0,4.98434921746087,0.0036667341975043,0.0036667341768029,0.999993277472109,0.99999327747209,49.41368916772637,0.0,49.97545995399416,0.0,45.595057853025054,0.0,45.30227343610896,0.0,0.0,0.0,0.0,0.0,0.0,0.0
10.0,4.9845992299615,0.0036667765725939,0.003666776551885,0.999993277316504,0.999993277316484,49.41368915573364,0.0,49.97545964511998,0.0,45.59505784938306,0.0,45.30227337118729,0.0,0.0,0.0,0.0,0.0,0.0,0.0
10.0,4.98484924246212,0.0036668189492761,0.0036668189285599,0.999993277160889,0.999993277160869,49.41368914374025,0.0,49.97545933623081,0.0,45.59505784574087,0.0,45.302273306262414,0.0,0.0,0.0,0.0,0.0,0.0,0.0
10.0,4.98509925496275,0.0036668613275509,0.0036668613068274,0.999993277005264,0.999993277005244,49.41368913174621,0.0,49.97545902732665,0.0,45.59505784209847,0.0,45.30227324133433,0.0,0.0,0.0,0.0,0.0,0.0,0.0
10.0,4.98534926746337,0.0036669037074182,0.0036669036866874,0.999993276849629,0.999993276849609,49.41368911975151,0.0,49.97545871840749,0.0,45.595057838455865,0.0,45.30227317640304,0.0,0.0,0.0,0.0,0.0,0.0,0.0
10.0,4.985599279964,0.003666946088878,0.00366694606814,0.999993276693985,0.999993276693964,49.41368910775613,0.0,49.975458409473326,0.0,45.595057834813055,0.0,45.30227311146854,0.0,0.0,0.0,0.0,0.0,0.0,0.0
10.0,4.98584929246462,0.0036669884719302,0.0036669884511851,0.99999327653833,0.999993276538309,49.41368909576011,0.0,49.97545810052417,0.0,45.59505783117004,0.0,45.30227304653084,0.0,0.0,0.0,0.0,0.0,0.0,0.0
10.0,4.98609930496525,0.0036670308565747,0.0036670308358225,0.999993276382666,0.9999932763826448,49.41368908376343,0.0,49.97545779156002,0.0,45.59505782752682,0.0,45.30227298158993,0.0,0.0,0.0,0.0,0.0,0.0,0.0
10.0,4.98634931746587,0.0036670732428115,0.0036670732220523,0.999993276226992,0.999993276226971,49.413689071766086,0.0,49.97545748258087,0.0,45.595057823883394,0.0,45.30227291664581,0.0,0.0,0.0,0.0,0.0,0.0,0.0
10.0,4.9865993299665,0.0036671156306405,0.0036671156098744,0.999993276071308,0.999993276071286,49.41368905976809,0.0,49.975457173586726,0.0,45.59505782023977,0.0,45.3022728516985,0.0,0.0,0.0,0.0,0.0,0.0,0.0
10.0,4.98684934246712,0.0036671580200617,0.0036671579992887,0.999993275915614,0.999993275915592,49.413689047769424,0.0,49.97545686457758,0.0,45.595057816595926,0.0,45.30227278674796,0.0,0.0,0.0,0.0,0.0,0.0,0.0
10.0,4.98709935496775,0.003667200411075,0.0036672003902951,0.99999327575991,0.9999932757598878,49.41368903577011,0.0,49.97545655555346,0.0,45.595057812951886,0.0,45.30227272179423,0.0,0.0,0.0,0.0,0.0,0.0,0.0
10.0,4.98734936746837,0.0036672428036803,0.0036672427828936,0.999993275604196,0.999993275604174,49.41368902377014,0.0,49.97545624651431,0.0,45.59505780930764,0.0,45.30227265683728,0.0,0.0,0.0,0.0,0.0,0.0,0.0
10.0,4.987599379969,0.0036672851978776,0.0036672851770842,0.999993275448472,0.99999327544845,49.41368901176951,0.0,49.97545593746019,0.0,45.5950578056632,0.0,45.30227259187713,0.0,0.0,0.0,0.0,0.0,0.0,0.0
10.0,4.98784939246962,0.0036673275936668,0.0036673275728667,0.999993275292739,0.999993275292716,49.41368899976821,0.0,49.975455628391074,0.0,45.59505780201854,0.0,45.302272526913775,0.0,0.0,0.0,0.0,0.0,0.0,0.0
10.0,4.98809940497025,0.0036673699910478,0.0036673699702411,0.999993275136995,0.999993275136972,49.41368898776627,0.0,49.97545531930695,0.0,45.59505779837368,0.0,45.30227246194721,0.0,0.0,0.0,0.0,0.0,0.0,0.0
10.0,4.98834941747087,0.0036674123900206,0.0036674123692074,0.999993274981241,0.999993274981217,49.41368897576366,0.0,49.97545501020784,0.0,45.59505779472862,0.0,45.30227239697744,0.0,0.0,0.0,0.0,0.0,0.0,0.0
10.0,4.9885994299715,0.0036674547905852,0.0036674547697655,0.999993274825477,0.9999932748254527,49.41368896376041,0.0,49.97545470109374,0.0,45.59505779108335,0.0,45.30227233200447,0.0,0.0,0.0,0.0,0.0,0.0,0.0
10.0,4.98884944247212,0.0036674971927414,0.0036674971719153,0.999993274669703,0.999993274669679,49.41368895175648,0.0,49.97545439196464,0.0,45.595057787437874,0.0,45.30227226702828,0.0,0.0,0.0,0.0,0.0,0.0,0.0
10.0,4.98909945497275,0.0036675395964892,0.0036675395756567,0.999993274513919,0.9999932745138947,49.41368893975191,0.0,49.97545408282054,0.0,45.5950577837922,0.0,45.30227220204889,0.0,0.0,0.0,0.0,0.0,0.0,0.0
10.0,4.989349467473369,0.0036675820018286,0.0036675819809898,0.999993274358124,0.9999932743581,49.41368892774668,0.0,49.97545377366146,0.0,45.59505778014633,0.0,45.302272137066296,0.0,0.0,0.0,0.0,0.0,0.0,0.0
10.0,4.989599479974,0.0036676244087594,0.0036676243879144,0.99999327420232,0.999993274202296,49.41368891574079,0.0,49.975453464487366,0.0,45.59505777650024,0.0,45.30227207208049,0.0,0.0,0.0,0.0,0.0,0.0,0.0
10.0,4.98984949247462,0.0036676668172816,0.0036676667964305,0.999993274046506,0.999993274046481,49.41368890373425,0.0,49.9754531552983,0.0,45.59505777285396,0.0,45.30227200709149,0.0,0.0,0.0,0.0,0.0,0.0,0.0
10.0,4.99009950497525,0.0036677092273952,0.003667709206538,0.9999932738906808,0.999993273890656,49.41368889172704,0.0,49.97545284609422,0.0,45.59505776920746,0.0,45.30227194209927,0.0,0.0,0.0,0.0,0.0,0.0,0.0
10.0,4.99034951747587,0.0036677516391002,0.0036677516182368,0.999993273734846,0.999993273734821,49.41368887971919,0.0,49.97545253687517,0.0,45.59505776556077,0.0,45.30227187710385,0.0,0.0,0.0,0.0,0.0,0.0,0.0
10.0,4.9905995299765,0.0036677940523963,0.003667794031527,0.999993273579001,0.999993273578976,49.41368886771068,0.0,49.97545222764111,0.0,45.59505776191387,0.0,45.30227181210522,0.0,0.0,0.0,0.0,0.0,0.0,0.0
10.0,4.99084954247712,0.0036678364672836,0.0036678364464083,0.999993273423146,0.99999327342312,49.41368885570151,0.0,49.97545191839206,0.0,45.59505775826677,0.0,45.30227174710338,0.0,0.0,0.0,0.0,0.0,0.0,0.0
10.0,4.99109955497775,0.003667878883762,0.0036678788628809,0.99999327326728,0.999993273267255,49.413688843691695,0.0,49.975451609128015,0.0,45.595057754619454,0.0,45.30227168209834,0.0,0.0,0.0,0.0,0.0,0.0,0.0
10.0,4.99134956747837,0.0036679213018315,0.0036679212809446,0.9999932731114052,0.999993273111379,49.41368883168122,0.0,49.97545129984898,0.0,45.595057750971954,0.0,45.30227161709009,0.0,0.0,0.0,0.0,0.0,0.0,0.0
10.0,4.991599579979,0.003667963721492,0.0036679637005993,0.999993272955519,0.999993272955492,49.413688819670085,0.0,49.97545099055496,0.0,45.59505774732423,0.0,45.30227155207864,0.0,0.0,0.0,0.0,0.0,0.0,0.0
10.0,4.99184959247962,0.0036680061427433,0.003668006121845,0.999993272799622,0.999993272799596,49.4136888076583,0.0,49.97545068124593,0.0,45.59505774367632,0.0,45.30227148706399,0.0,0.0,0.0,0.0,0.0,0.0,0.0
10.0,4.99209960498025,0.0036680485655856,0.0036680485446816,0.999993272643716,0.9999932726436888,49.41368879564586,0.0,49.97545037192192,0.0,45.5950577400282,0.0,45.30227142204612,0.0,0.0,0.0,0.0,0.0,0.0,0.0
10.0,4.99234961748087,0.0036680909900186,0.0036680909691091,0.999993272487799,0.999993272487772,49.413688783632765,0.0,49.97545006258291,0.0,45.595057736379886,0.0,45.30227135702505,0.0,0.0,0.0,0.0,0.0,0.0,0.0
10.0,4.9925996299815,0.0036681334160424,0.0036681333951274,0.999993272331872,0.999993272331844,49.41368877161902,0.0,49.97544975322892,0.0,45.59505773273136,0.0,45.30227129200076,0.0,0.0,0.0,0.0,0.0,0.0,0.0
10.0,4.99284964248212,0.0036681758436569,0.0036681758227365,0.999993272175934,0.9999932721759072,49.41368875960462,0.0,49.97544944385992,0.0,45.59505772908263,0.0,45.30227122697328,0.0,0.0,0.0,0.0,0.0,0.0,0.0
10.0,4.99309965498275,0.003668218272862,0.0036682182519362,0.999993272019986,0.999993272019958,49.41368874758957,0.0,49.97544913447594,0.0,45.5950577254337,0.0,45.302271161942585,0.0,0.0,0.0,0.0,0.0,0.0,0.0
10.0,4.99334966748337,0.0036682607036576,0.0036682606827265,0.999993271864028,0.999993271864,49.41368873557386,0.0,49.97544882507696,0.0,45.59505772178457,0.0,45.30227109690869,0.0,0.0,0.0,0.0,0.0,0.0,0.0
10.0,4.993599679984,0.0036683031360438,0.0036683031151074,0.999993271708059,0.999993271708031,49.41368872355749,0.0,49.97544851566301,0.0,45.59505771813523,0.0,45.302271031871584,0.0,0.0,0.0,0.0,0.0,0.0,0.0
10.0,4.99384969248462,0.0036683455700203,0.0036683455490788,0.99999327155208,0.9999932715520512,49.41368871154047,0.0,49.97544820623404,0.0,45.59505771448569,0.0,45.30227096683127,0.0,0.0,0.0,0.0,0.0,0.0,0.0
10.0,4.994099704985251,0.0036683880055873,0.0036683879846407,0.99999327139609,0.999993271396062,49.413688699522815,0.0,49.975447896790094,0.0,45.59505771083595,0.0,45.30227090178776,0.0,0.0,0.0,0.0,0.0,0.0,0.0
10.0,4.99434971748587,0.0036684304427445,0.0036684304217929,0.999993271240091,0.999993271240062,49.4136886875045,0.0,49.97544758733116,0.0,45.59505770718601,0.0,45.30227083674103,0.0,0.0,0.0,0.0,0.0,0.0,0.0
10.0,4.9945997299865,0.003668472881492,0.0036684728605354,0.99999327108408,0.999993271084051,49.41368867548552,0.0,49.97544727785723,0.0,45.595057703535865,0.0,45.30227077169111,0.0,0.0,0.0,0.0,0.0,0.0,0.0
10.0,4.99484974248712,0.0036685153218297,0.0036685153008682,0.9999932709280588,0.99999327092803,49.41368866346591,0.0,49.97544696836831,0.0,45.59505769988552,0.0,45.30227070663797,0.0,0.0,0.0,0.0,0.0,0.0,0.0
10.0,4.99509975498775,0.0036685577637575,0.0036685577427911,0.999993270772028,0.9999932707719978,49.413688651445625,0.0,49.9754466588644,0.0,45.59505769623497,0.0,45.30227064158162,0.0,0.0,0.0,0.0,0.0,0.0,0.0
10.0,4.99534976748838,0.0036686002072754,0.0036686001863042,0.999993270615987,0.999993270615956,49.41368863942471,0.0,49.97544634934549,0.0,45.59505769258422,0.0,45.30227057652208,0.0,0.0,0.0,0.0,0.0,0.0,0.0
10.0,4.995599779989,0.0036686426523833,0.0036686426314074,0.999993270459935,0.9999932704599042,49.413688627403126,0.0,49.9754460398116,0.0,45.59505768893326,0.0,45.30227051145932,0.0,0.0,0.0,0.0,0.0,0.0,0.0
10.0,4.99584979248962,0.0036686850990811,0.0036686850781006,0.999993270303872,0.999993270303841,49.41368861538089,0.0,49.97544573026273,0.0,45.5950576852821,0.0,45.30227044639336,0.0,0.0,0.0,0.0,0.0,0.0,0.0
10.0,4.99609980499025,0.0036687275473689,0.0036687275263837,0.9999932701477992,0.999993270147768,49.41368860335801,0.0,49.97544542069885,0.0,45.59505768163075,0.0,45.30227038132419,0.0,0.0,0.0,0.0,0.0,0.0,0.0
10.0,4.99634981749087,0.0036687699972464,0.0036687699762567,0.999993269991716,0.999993269991684,49.41368859133448,0.0,49.97544511111998,0.0,45.59505767797918,0.0,45.30227031625181,0.0,0.0,0.0,0.0,0.0,0.0,0.0
10.0,4.9965998299915,0.0036688124487137,0.0036688124277195,0.999993269835622,0.99999326983559,49.4136885793103,0.0,49.97544480152612,0.0,45.59505767432743,0.0,45.30227025117623,0.0,0.0,0.0,0.0,0.0,0.0,0.0
10.0,4.99684984249212,0.0036688549017706,0.0036688548807721,0.999993269679517,0.999993269679485,49.41368856728547,0.0,49.9754444919173,0.0,45.59505767067546,0.0,45.302270186097445,0.0,0.0,0.0,0.0,0.0,0.0,0.0
10.0,4.99709985499275,0.0036688973564172,0.0036688973354144,0.999993269523402,0.99999326952337,49.41368855525999,0.0,49.97544418229346,0.0,45.59505766702329,0.0,45.30227012101546,0.0,0.0,0.0,0.0,0.0,0.0,0.0
10.0,4.99734986749337,0.0036689398126534,0.0036689397916463,0.999993269367277,0.9999932693672452,49.41368854323385,0.0,49.97544387265464,0.0,45.59505766337093,0.0,45.30227005593026,0.0,0.0,0.0,0.0,0.0,0.0,0.0
10.0,4.997599879994,0.0036689822704791,0.0036689822494678,0.999993269211141,0.9999932692111092,49.413688531207065,0.0,49.97544356300084,0.0,45.59505765971836,0.0,45.30226999084185,0.0,0.0,0.0,0.0,0.0,0.0,0.0
10.0,4.99784989249463,0.0036690247298943,0.0036690247088788,0.999993269054995,0.999993269054962,49.41368851917963,0.0,49.97544325333203,0.0,45.59505765606559,0.0,45.30226992575024,0.0,0.0,0.0,0.0,0.0,0.0,0.0
10.0,4.99809990499525,0.0036690671908988,0.0036690671698793,0.999993268898838,0.999993268898805,49.41368850715156,0.0,49.97544294364825,0.0,45.59505765241261,0.0,45.30226986065542,0.0,0.0,0.0,0.0,0.0,0.0,0.0
10.0,4.99834991749587,0.0036691096534926,0.0036691096324691,0.999993268742671,0.999993268742638,49.41368849512283,0.0,49.97544263394947,0.0,45.59505764875944,0.0,45.30226979555739,0.0,0.0,0.0,0.0,0.0,0.0,0.0
10.0,4.9985999299965,0.0036691521176758,0.0036691520966483,0.9999932685864932,0.99999326858646,49.41368848309345,0.0,49.9754423242357,0.0,45.59505764510607,0.0,45.30226973045617,0.0,0.0,0.0,0.0,0.0,0.0,0.0
10.0,4.99884994249712,0.0036691945834481,0.0036691945624168,0.999993268430305,0.999993268430272,49.413688471063416,0.0,49.97544201450695,0.0,45.59505764145249,0.0,45.30226966535173,0.0,0.0,0.0,0.0,0.0,0.0,0.0
10.0,4.99909995499775,0.0036692370508096,0.0036692370297744,0.999993268274107,0.9999932682740728,49.413688459032734,0.0,49.97544170476321,0.0,45.59505763779871,0.0,45.30226960024408,0.0,0.0,0.0,0.0,0.0,0.0,0.0
10.0,4.99934996749838,0.0036692795197601,0.0036692794987213,0.999993268117898,0.999993268117864,49.41368844700141,0.0,49.97544139500448,0.0,45.59505763414474,0.0,45.30226953513324,0.0,0.0,0.0,0.0,0.0,0.0,0.0
10.0,4.999599979999001,0.0036693219902997,0.0036693219692572,0.9999932679616788,0.999993267961644,49.41368843496944,0.0,49.97544108523077,0.0,45.595057630490565,0.0,45.302269470019176,0.0,0.0,0.0,0.0,0.0,0.0,0.0
10.0,4.99984999249962,0.0036693644624282,0.0036693644413821,0.99999326780545,0.999993267805415,49.41368842293682,0.0,49.97544077544205,0.0,45.59505762683618,0.0,45.30226940490192,0.0,0.0,0.0,0.0,0.0,0.0,0.0
10.0,5.00010000500025,0.0036694069361456,0.003669406915096,0.99999326764921,0.999993267649175,49.413688410903546,0.0,49.97544046563837,0.0,45.5950576231816,0.0,45.302269339781446,0.0,0.0,0.0,0.0,0.0,0.0,0.0
10.0,5.00035001750088,0.0036694494114519,0.0036694493903988,0.99999326749296,0.999993267492924,49.41368839886963,0.0,49.97544015581968,0.0,45.59505761952683,0.0,45.30226927465778,0.0,0.0,0.0,0.0,0.0,0.0,0.0
10.0,5.0006000300015,0.0036694918883469,0.0036694918672904,0.9999932673366992,0.9999932673366628,49.41368838683507,0.0,49.97543984598602,0.0,45.595057615871845,0.0,45.302269209530905,0.0,0.0,0.0,0.0,0.0,0.0,0.0
10.0,5.00085004250213,0.0036695343668306,0.0036695343457708,0.9999932671804292,0.999993267180393,49.413688374799854,0.0,49.975439536137365,0.0,45.59505761221666,0.0,45.30226914440082,0.0,0.0,0.0,0.0,0.0,0.0,0.0
10.0,5.00110005500275,0.003669576846903,0.0036695768258399,0.999993267024147,0.999993267024111,49.413688362764,0.0,49.975439226273714,0.0,45.59505760856128,0.0,45.30226907926752,0.0,0.0,0.0,0.0,0.0,0.0,0.0
10.0,5.00135006750337,0.003669619328564,0.0036696193074977,0.999993266867857,0.99999326686782,49.4136883507275,0.0,49.97543891639509,0.0,45.5950576049057,0.0,45.30226901413103,0.0,0.0,0.0,0.0,0.0,0.0,0.0
10.0,5.001600080004,0.0036696618118135,0.0036696617907441,0.999993266711555,0.999993266711518,49.41368833869034,0.0,49.97543860650148,0.0,45.59505760124991,0.0,45.30226894899132,0.0,0.0,0.0,0.0,0.0,0.0,0.0
10.0,5.00185009250463,0.0036697042966514,0.003669704275579,0.999993266555244,0.999993266555207,49.41368832665255,0.0,49.97543829659287,0.0,45.59505759759393,0.0,45.30226888384841,0.0,0.0,0.0,0.0,0.0,0.0,0.0
10.0,5.00210010500525,0.0036697467830778,0.0036697467620024,0.999993266398922,0.999993266398885,49.4136883146141,0.0,49.97543798666928,0.0,45.59505759393775,0.0,45.302268818702295,0.0,0.0,0.0,0.0,0.0,0.0,0.0
10.0,5.00235011750587,0.0036697892710925,0.0036697892500142,0.999993266242591,0.9999932662425528,49.41368830257502,0.0,49.97543767673071,0.0,45.59505759028136,0.0,45.30226875355298,0.0,0.0,0.0,0.0,0.0,0.0,0.0
10.0,5.0026001300065,0.0036698317606955,0.0036698317396143,0.999993266086249,0.999993266086212,49.41368829053528,0.0,49.97543736677715,0.0,45.595057586624776,0.0,45.302268688400446,0.0,0.0,0.0,0.0,0.0,0.0,0.0
10.0,5.002850142507129,0.0036698742518867,0.0036698742308028,0.999993265929898,0.99999326592986,49.41368827849489,0.0,49.9754370568086,0.0,45.595057582968,0.0,45.30226862324471,0.0,0.0,0.0,0.0,0.0,0.0,0.0
10.0,5.00310015500775,0.0036699167446661,0.0036699167235795,0.999993265773536,0.999993265773498,49.41368826645387,0.0,49.97543674682506,0.0,45.595057579311,0.0,45.30226855808577,0.0,0.0,0.0,0.0,0.0,0.0,0.0
10.0,5.00335016750838,0.0036699592390335,0.0036699592179443,0.9999932656171652,0.999993265617127,49.4136882544122,0.0,49.97543643682655,0.0,45.59505757565383,0.0,45.30226849292362,0.0,0.0,0.0,0.0,0.0,0.0,0.0
10.0,5.003600180009,0.003670001734989,0.0036700017138972,0.999993265460784,0.999993265460746,49.41368824236988,0.0,49.97543612681304,0.0,45.59505757199644,0.0,45.30226842775827,0.0,0.0,0.0,0.0,0.0,0.0,0.0
10.0,5.00385019250963,0.0036700442325325,0.0036700442114382,0.999993265304393,0.999993265304355,49.41368823032691,0.0,49.97543581678456,0.0,45.59505756833885,0.0,45.302268362589714,0.0,0.0,0.0,0.0,0.0,0.0,0.0
10.0,5.00410020501025,0.0036700867316639,0.0036700867105671,0.999993265147993,0.999993265147954,49.41368821828331,0.0,49.97543550674107,0.0,45.59505756468107,0.0,45.302268297417946,0.0,0.0,0.0,0.0,0.0,0.0,0.0
10.0,5.00435021751088,0.0036701292323831,0.003670129211284,0.999993264991583,0.999993264991544,49.413688206239065,0.0,49.97543519668261,0.0,45.59505756102308,0.0,45.30226823224297,0.0,0.0,0.0,0.0,0.0,0.0,0.0
10.0,5.0046002300115,0.0036701717346901,0.0036701717135887,0.999993264835163,0.9999932648351252,49.41368819419417,0.0,49.975434886609165,0.0,45.5950575573649,0.0,45.3022681670648,0.0,0.0,0.0,0.0,0.0,0.0,0.0
10.0,5.00485024251213,0.0036702142385848,0.0036702142174813,0.9999932646787352,0.999993264678695,49.41368818214863,0.0,49.97543457652074,0.0,45.595057553706525,0.0,45.30226810188342,0.0,0.0,0.0,0.0,0.0,0.0,0.0
10.0,5.005100255012749,0.0036702567440672,0.0036702567229615,0.999993264522296,0.999993264522257,49.413688170102446,0.0,49.97543426641732,0.0,45.595057550047926,0.0,45.30226803669883,0.0,0.0,0.0,0.0,0.0,0.0,0.0
10.0,5.00535026751337,0.0036702992511373,0.0036702992300295,0.999993264365849,0.999993264365809,49.41368815805562,0.0,49.97543395629892,0.0,45.59505754638915,0.0,45.30226797151104,0.0,0.0,0.0,0.0,0.0,0.0,0.0
10.0,5.005600280014,0.0036703417597948,0.003670341738685,0.999993264209392,0.999993264209352,49.41368814600816,0.0,49.975433646165534,0.0,45.595057542730174,0.0,45.30226790632004,0.0,0.0,0.0,0.0,0.0,0.0,0.0
10.0,5.00585029251463,0.0036703842700398,0.0036703842489281,0.999993264052926,0.999993264052887,49.41368813396005,0.0,49.97543333601717,0.0,45.595057539070986,0.0,45.30226784112583,0.0,0.0,0.0,0.0,0.0,0.0,0.0
10.0,5.00610030501525,0.0036704267818723,0.0036704267607587,0.999993263896451,0.999993263896412,49.4136881219113,0.0,49.97543302585381,0.0,45.595057535411605,0.0,45.30226777592842,0.0,0.0,0.0,0.0,0.0,0.0,0.0
10.0,5.00635031751588,0.0036704692952921,0.0036704692741768,0.999993263739968,0.999993263739928,49.4136881098619,0.0,49.975432715675474,0.0,45.59505753175203,0.0,45.3022677107278,0.0,0.0,0.0,0.0,0.0,0.0,0.0
10.0,5.0066003300165,0.0036705118102992,0.0036705117891821,0.999993263583475,0.9999932635834348,49.41368809781186,0.0,49.97543240548216,0.0,45.59505752809225,0.0,45.302267645523976,0.0,0.0,0.0,0.0,0.0,0.0,0.0
10.0,5.00685034251713,0.0036705543268935,0.0036705543057748,0.999993263426973,0.999993263426934,49.41368808576119,0.0,49.97543209527385,0.0,45.59505752443227,0.0,45.30226758031695,0.0,0.0,0.0,0.0,0.0,0.0,0.0
10.0,5.00710035501775,0.0036705968450751,0.0036705968239548,0.999993263270464,0.999993263270424,49.41368807370986,0.0,49.97543178505056,0.0,45.595057520772095,0.0,45.30226751510671,0.0,0.0,0.0,0.0,0.0,0.0,0.0
10.0,5.00735036751838,0.0036706393648437,0.0036706393437219,0.9999932631139452,0.999993263113906,49.4136880616579,0.0,49.97543147481229,0.0,45.59505751711172,0.0,45.30226744989327,0.0,0.0,0.0,0.0,0.0,0.0,0.0
10.0,5.007600380019,0.0036706818861994,0.0036706818650762,0.999993262957419,0.999993262957379,49.4136880496053,0.0,49.97543116455903,0.0,45.595057513451145,0.0,45.30226738467662,0.0,0.0,0.0,0.0,0.0,0.0,0.0
10.0,5.00785039251963,0.003670724409142,0.0036707243880175,0.999993262800884,0.999993262800844,49.41368803755205,0.0,49.9754308542908,0.0,45.59505750979037,0.0,45.30226731945677,0.0,0.0,0.0,0.0,0.0,0.0,0.0
10.0,5.00810040502025,0.0036707669336716,0.0036707669125458,0.999993262644341,0.9999932626443008,49.41368802549817,0.0,49.97543054400758,0.0,45.59505750612939,0.0,45.30226725423371,0.0,0.0,0.0,0.0,0.0,0.0,0.0
10.0,5.00835041752088,0.0036708094597881,0.003670809438661,0.99999326248779,0.999993262487751,49.41368801344364,0.0,49.975430233709375,0.0,45.59505750246822,0.0,45.302267189007445,0.0,0.0,0.0,0.0,0.0,0.0,0.0
10.0,5.0086004300215,0.0036708519874913,0.0036708519663631,0.999993262331232,0.999993262331192,49.41368800138847,0.0,49.975429923396185,0.0,45.595057498806845,0.0,45.302267123777966,0.0,0.0,0.0,0.0,0.0,0.0,0.0
10.0,5.00885044252213,0.0036708945167813,0.0036708944956521,0.999993262174665,0.999993262174626,49.41368798933266,0.0,49.975429613068016,0.0,45.59505749514528,0.0,45.3022670585453,0.0,0.0,0.0,0.0,0.0,0.0,0.0
10.0,5.00910045502275,0.003670937047658,0.0036709370265277,0.999993262018091,0.999993262018052,49.41368797727622,0.0,49.97542930272486,0.0,45.59505749148352,0.0,45.30226699330941,0.0,0.0,0.0,0.0,0.0,0.0,0.0
10.0,5.00935046752338,0.0036709795801213,0.0036709795589901,0.9999932618615102,0.999993261861471,49.413687965219125,0.0,49.97542899236673,0.0,45.59505748782154,0.0,45.30226692807032,0.0,0.0,0.0,0.0,0.0,0.0,0.0
10.0,5.009600480024,0.0036710221141712,0.0036710220930391,0.999993261704922,0.999993261704883,49.41368795316141,0.0,49.97542868199362,0.0,45.595057484159376,0.0,45.302266862828034,0.0,0.0,0.0,0.0,0.0,0.0,0.0
10.0,5.00985049252463,0.0036710646498075,0.0036710646286747,0.999993261548327,0.9999932615482868,49.41368794110304,0.0,49.97542837160551,0.0,45.59505748049702,0.0,45.30226679758253,0.0,0.0,0.0,0.0,0.0,0.0,0.0
10.0,5.01010050502525,0.0036711071870303,0.0036711071658968,0.999993261391724,0.9999932613916848,49.41368792904403,0.0,49.97542806120243,0.0,45.59505747683446,0.0,45.30226673233383,0.0,0.0,0.0,0.0,0.0,0.0,0.0
10.0,5.01035051752588,0.0036711497258395,0.0036711497047053,0.999993261235115,0.999993261235077,49.41368791698439,0.0,49.97542775078437,0.0,45.59505747317169,0.0,45.30226666708192,0.0,0.0,0.0,0.0,0.0,0.0,0.0
10.0,5.0106005300265,0.003671192266235,0.0036711922451003,0.9999932610785,0.999993261078461,49.4136879049241,0.0,49.975427440351325,0.0,45.59505746950874,0.0,45.3022666018268,0.0,0.0,0.0,0.0,0.0,0.0,0.0
10.0,5.01085054252713,0.0036712348082167,0.0036712347870815,0.999993260921878,0.9999932609218402,49.41368789286319,0.0,49.9754271299033,0.0,45.59505746584558,0.0,45.30226653656848,0.0,0.0,0.0,0.0,0.0,0.0,0.0
10.0,5.01110055502775,0.0036712773517846,0.003671277330649,0.999993260765251,0.999993260765213,49.41368788080162,0.0,49.9754268194403,0.0,45.59505746218223,0.0,45.30226647130694,0.0,0.0,0.0,0.0,0.0,0.0,0.0
10.0,5.01135056752838,0.0036713198969387,0.0036713198758027,0.999993260608617,0.999993260608579,49.41368786873942,0.0,49.97542650896231,0.0,45.595057458518674,0.0,45.30226640604221,0.0,0.0,0.0,0.0,0.0,0.0,0.0
10.0,5.011600580029,0.0036713624436788,0.0036713624225426,0.999993260451978,0.99999326045194,49.41368785667659,0.0,49.97542619846934,0.0,45.59505745485492,0.0,45.30226634077427,0.0,0.0,0.0,0.0,0.0,0.0,0.0
10.0,5.01185059252963,0.0036714049920049,0.0036714049708685,0.999993260295333,0.9999932602952948,49.41368784461312,0.0,49.975425887961386,0.0,45.595057451190975,0.0,45.30226627550312,0.0,0.0,0.0,0.0,0.0,0.0,0.0
10.0,5.01210060503025,0.0036714475419169,0.0036714475207804,0.999993260138683,0.999993260138646,49.413687832549,0.0,49.97542557743846,0.0,45.59505744752682,0.0,45.30226621022877,0.0,0.0,0.0,0.0,0.0,0.0,0.0
10.0,5.01235061753088,0.0036714900934149,0.0036714900722783,0.999993259982027,0.999993259981991,49.41368782048425,0.0,49.97542526690055,0.0,45.59505744386248,0.0,45.30226614495121,0.0,0.0,0.0,0.0,0.0,0.0,0.0
10.0,5.0126006300315,0.0036715326464986,0.0036715326253621,0.9999932598253672,0.999993259825331,49.41368780841886,0.0,49.97542495634767,0.0,45.595057440197934,0.0,45.30226607967045,0.0,0.0,0.0,0.0,0.0,0.0,0.0
10.0,5.01285064253213,0.0036715752011681,0.0036715751800317,0.999993259668703,0.999993259668667,49.41368779635284,0.0,49.97542464577979,0.0,45.5950574365332,0.0,45.30226601438648,0.0,0.0,0.0,0.0,0.0,0.0,0.0
10.0,5.01310065503275,0.0036716177574233,0.0036716177362871,0.999993259512033,0.999993259511998,49.41368778428619,0.0,49.97542433519693,0.0,45.59505743286825,0.0,45.3022659490993,0.0,0.0,0.0,0.0,0.0,0.0,0.0
10.0,5.01335066753338,0.0036716603152642,0.0036716602941282,0.99999325935536,0.999993259355325,49.41368777221889,0.0,49.97542402459911,0.0,45.59505742920312,0.0,45.30226588380892,0.0,0.0,0.0,0.0,0.0,0.0,0.0
10.0,5.013600680034,0.0036717028746906,0.003671702853555,0.999993259198683,0.999993259198649,49.41368776015096,0.0,49.975423713986295,0.0,45.595057425537775,0.0,45.30226581851534,0.0,0.0,0.0,0.0,0.0,0.0,0.0
10.0,5.01385069253463,0.0036717454357025,0.0036717454145673,0.999993259042002,0.999993259041968,49.41368774808239,0.0,49.97542340335851,0.0,45.595057421872255,0.0,45.30226575321854,0.0,0.0,0.0,0.0,0.0,0.0,0.0
10.0,5.01410070503525,0.0036717879982999,0.0036717879771652,0.999993258885318,0.999993258885284,49.41368773601319,0.0,49.97542309271573,0.0,45.59505741820652,0.0,45.30226568791855,0.0,0.0,0.0,0.0,0.0,0.0,0.0
10.0,5.01435071753588,0.0036718305624827,0.0036718305413485,0.99999325872863,0.999993258728597,49.41368772394335,0.0,49.97542278205798,0.0,45.5950574145406,0.0,45.30226562261534,0.0,0.0,0.0,0.0,0.0,0.0,0.0
10.0,5.0146007300365,0.0036718731282508,0.0036718731071172,0.99999325857194,0.999993258571908,49.41368771187288,0.0,49.97542247138526,0.0,45.59505741087447,0.0,45.302265557308935,0.0,0.0,0.0,0.0,0.0,0.0,0.0
10.0,5.01485074253713,0.0036719156956041,0.0036719156744713,0.999993258415247,0.999993258415215,49.41368769980177,0.0,49.97542216069755,0.0,45.59505740720815,0.0,45.302265491999314,0.0,0.0,0.0,0.0,0.0,0.0,0.0
10.0,5.01510075503775,0.0036719582645427,0.0036719582434107,0.999993258258551,0.99999325825852,49.41368768773003,0.0,49.97542184999486,0.0,45.59505740354163,0.0,45.3022654266865,0.0,0.0,0.0,0.0,0.0,0.0,0.0
10.0,5.015350767538381,0.0036720008350664,0.0036720008139352,0.999993258101853,0.999993258101824,49.413687675657656,0.0,49.97542153927719,0.0,45.59505739987491,0.0,45.30226536137047,0.0,0.0,0.0,0.0,0.0,0.0,0.0
10.0,5.015600780039,0.0036720434071752,0.003672043386045,0.999993257945154,0.999993257945125,49.41368766358463,0.0,49.97542122854455,0.0,45.59505739620799,0.0,45.30226529605124,0.0,0.0,0.0,0.0,0.0,0.0,0.0
10.0,5.01585079253963,0.003672085980869,0.0036720859597398,0.999993257788453,0.999993257788424,49.413687651511,0.0,49.97542091779692,0.0,45.59505739254088,0.0,45.30226523072881,0.0,0.0,0.0,0.0,0.0,0.0,0.0
10.0,5.01610080504025,0.0036721285561478,0.0036721285350196,0.9999932576317508,0.999993257631723,49.41368763943671,0.0,49.97542060703432,0.0,45.59505738887357,0.0,45.30226516540316,0.0,0.0,0.0,0.0,0.0,0.0,0.0
10.0,5.01635081754088,0.0036721711330115,0.0036721711118845,0.9999932574750472,0.99999325747502,49.4136876273618,0.0,49.97542029625674,0.0,45.59505738520607,0.0,45.30226510007432,0.0,0.0,0.0,0.0,0.0,0.0,0.0
10.0,5.0166008300415,0.00367221371146,0.0036722136903342,0.999993257318342,0.999993257318317,49.41368761528626,0.0,49.975419985464185,0.0,45.59505738153836,0.0,45.30226503474226,0.0,0.0,0.0,0.0,0.0,0.0,0.0
10.0,5.01685084254213,0.0036722562914933,0.0036722562703688,0.999993257161638,0.999993257161612,49.41368760321008,0.0,49.97541967465665,0.0,45.59505737787047,0.0,45.302264969407005,0.0,0.0,0.0,0.0,0.0,0.0,0.0
10.0,5.01710085504275,0.0036722988731113,0.0036722988519882,0.999993257004933,0.999993257004908,49.41368759113327,0.0,49.975419363834135,0.0,45.59505737420236,0.0,45.30226490406854,0.0,0.0,0.0,0.0,0.0,0.0,0.0
10.0,5.01735086754338,0.0036723414563139,0.0036723414351923,0.999993256848228,0.9999932568482038,49.41368757905582,0.0,49.97541905299664,0.0,45.59505737053408,0.0,45.30226483872686,0.0,0.0,0.0,0.0,0.0,0.0,0.0
10.0,5.017600880044001,0.0036723840411011,0.0036723840199811,0.999993256691523,0.9999932566915,49.41368756697774,0.0,49.97541874214418,0.0,45.595057366865575,0.0,45.30226477338199,0.0,0.0,0.0,0.0,0.0,0.0,0.0
10.0,5.01785089254463,0.0036724266274729,0.0036724266063544,0.999993256534819,0.999993256534798,49.41368755489903,0.0,49.97541843127673,0.0,45.595057363196894,0.0,45.30226470803391,0.0,0.0,0.0,0.0,0.0,0.0,0.0
10.0,5.01810090504525,0.0036724692154291,0.0036724691943123,0.9999932563781148,0.999993256378095,49.41368754281969,0.0,49.9754181203943,0.0,45.595057359528006,0.0,45.30226464268262,0.0,0.0,0.0,0.0,0.0,0.0,0.0
10.0,5.01835091754588,0.0036725118049697,0.0036725117838548,0.999993256221413,0.999993256221394,49.41368753073972,0.0,49.9754178094969,0.0,45.59505735585893,0.0,45.30226457732813,0.0,0.0,0.0,0.0,0.0,0.0,0.0
10.0,5.0186009300465,0.0036725543960947,0.0036725543749816,0.999993256064712,0.999993256064694,49.41368751865912,0.0,49.97541749858452,0.0,45.59505735218964,0.0,45.30226451197043,0.0,0.0,0.0,0.0,0.0,0.0,0.0
10.0,5.01885094254713,0.003672596988804,0.0036725969676928,0.9999932559080128,0.999993255907996,49.41368750657788,0.0,49.975417187657165,0.0,45.59505734852017,0.0,45.30226444660953,0.0,0.0,0.0,0.0,0.0,0.0,0.0
10.0,5.01910095504775,0.0036726395830975,0.0036726395619882,0.999993255751316,0.9999932557513,49.41368749449601,0.0,49.97541687671484,0.0,45.595057344850495,0.0,45.302264381245415,0.0,0.0,0.0,0.0,0.0,0.0,0.0
10.0,5.01935096754838,0.0036726821789751,0.0036726821578679,0.999993255594621,0.999993255594606,49.41368748241352,0.0,49.97541656575752,0.0,45.59505734118064,0.0,45.3022643158781,0.0,0.0,0.0,0.0,0.0,0.0,0.0
10.0,5.019600980049,0.0036727247764368,0.0036727247553318,0.999993255437928,0.999993255437915,49.41368747033039,0.0,49.97541625478524,0.0,45.59505733751057,0.0,45.30226425050758,0.0,0.0,0.0,0.0,0.0,0.0,0.0
10.0,5.01985099254963,0.0036727673754826,0.0036727673543798,0.9999932552812378,0.999993255281226,49.41368745824663,0.0,49.975415943797984,0.0,45.59505733384031,0.0,45.30226418513386,0.0,0.0,0.0,0.0,0.0,0.0,0.0
10.0,5.02010100505025,0.0036728099761123,0.0036728099550119,0.9999932551245508,0.99999325512454,49.41368744616224,0.0,49.97541563279574,0.0,45.59505733016985,0.0,45.30226411975693,0.0,0.0,0.0,0.0,0.0,0.0,0.0
10.0,5.02035101755088,0.003672852578326,0.0036728525572279,0.9999932549678672,0.999993254967857,49.413687434077225,0.0,49.97541532177853,0.0,45.5950573264992,0.0,45.30226405437679,0.0,0.0,0.0,0.0,0.0,0.0,0.0
10.0,5.0206010300515,0.0036728951821235,0.0036728951610279,0.999993254811187,0.999993254811178,49.413687421991575,0.0,49.97541501074634,0.0,45.595057322828346,0.0,45.302263988993445,0.0,0.0,0.0,0.0,0.0,0.0,0.0
10.0,5.020851042552129,0.0036729377875048,0.0036729377664117,0.9999932546545102,0.999993254654503,49.4136874099053,0.0,49.975414699699165,0.0,45.5950573191573,0.0,45.3022639236069,0.0,0.0,0.0,0.0,0.0,0.0,0.0
10.0,5.02110105505275,0.0036729803944698,0.0036729803733794,0.999993254497837,0.9999932544978312,49.4136873978184,0.0,49.97541438863703,0.0,45.59505731548605,0.0,45.302263858217145,0.0,0.0,0.0,0.0,0.0,0.0,0.0
10.0,5.02135106755338,0.0036730230030185,0.0036730229819308,0.999993254341169,0.999993254341164,49.41368738573086,0.0,49.97541407755991,0.0,45.59505731181461,0.0,45.302263792824185,0.0,0.0,0.0,0.0,0.0,0.0,0.0
10.0,5.021601080054,0.0036730656131508,0.0036730655920658,0.999993254184504,0.999993254184501,49.413687373642695,0.0,49.97541376646782,0.0,45.59505730814298,0.0,45.30226372742801,0.0,0.0,0.0,0.0,0.0,0.0,0.0
10.0,5.02185109255463,0.0036731082248666,0.0036731082037845,0.999993254027844,0.999993254027842,49.41368736155391,0.0,49.97541345536076,0.0,45.59505730447116,0.0,45.30226366202865,0.0,0.0,0.0,0.0,0.0,0.0,0.0
10.0,5.02210110505525,0.0036731508381659,0.0036731508170868,0.9999932538711888,0.9999932538711888,49.41368734946449,0.0,49.97541314423871,0.0,45.59505730079912,0.0,45.30226359662608,0.0,0.0,0.0,0.0,0.0,0.0,0.0
10.0,5.02235111755588,0.0036731934530487,0.0036731934319725,0.999993253714538,0.9999932537145398,49.41368733737444,0.0,49.97541283310169,0.0,45.5950572971269,0.0,45.30226353122029,0.0,0.0,0.0,0.0,0.0,0.0,0.0
10.0,5.0226011300565,0.0036732360695148,0.0036732360484417,0.999993253557893,0.999993253557896,49.41368732528376,0.0,49.9754125219497,0.0,45.59505729345448,0.0,45.30226346581131,0.0,0.0,0.0,0.0,0.0,0.0,0.0
10.0,5.02285114255713,0.0036732786875642,0.0036732786664943,0.999993253401253,0.999993253401257,49.413687313192455,0.0,49.975412210782736,0.0,45.59505728978186,0.0,45.30226340039912,0.0,0.0,0.0,0.0,0.0,0.0,0.0
10.0,5.023101155057751,0.0036733213071968,0.0036733212861302,0.999993253244618,0.999993253244624,49.41368730110053,0.0,49.9754118996008,0.0,45.595057286109046,0.0,45.30226333498373,0.0,0.0,0.0,0.0,0.0,0.0,0.0
10.0,5.02335116755838,0.0036733639284126,0.0036733639073493,0.999993253087989,0.999993253087996,49.41368728900797,0.0,49.97541158840388,0.0,45.59505728243604,0.0,45.30226326956513,0.0,0.0,0.0,0.0,0.0,0.0,0.0
10.0,5.023601180059,0.0036734065512115,0.0036734065301516,0.999993252931365,0.999993252931374,49.41368727691479,0.0,49.975411277192,0.0,45.59505727876284,0.0,45.30226320414332,0.0,0.0,0.0,0.0,0.0,0.0,0.0
10.0,5.02385119255963,0.0036734491755935,0.0036734491545371,0.999993252774747,0.999993252774757,49.41368726482098,0.0,49.975410965965125,0.0,45.59505727508943,0.0,45.30226313871831,0.0,0.0,0.0,0.0,0.0,0.0,0.0
10.0,5.02410120506025,0.0036734918015585,0.0036734917805056,0.9999932526181348,0.999993252618147,49.41368725272653,0.0,49.97541065472329,0.0,45.59505727141583,0.0,45.30226307329009,0.0,0.0,0.0,0.0,0.0,0.0,0.0
10.0,5.02435121756088,0.0036735344291064,0.0036735344080571,0.999993252461529,0.999993252461543,49.41368724063147,0.0,49.97541034346648,0.0,45.59505726774205,0.0,45.30226300785867,0.0,0.0,0.0,0.0,0.0,0.0,0.0
10.0,5.0246012300615,0.0036735770582371,0.0036735770371916,0.999993252304929,0.999993252304944,49.413687228535785,0.0,49.975410032194695,0.0,45.59505726406806,0.0,45.30226294242404,0.0,0.0,0.0,0.0,0.0,0.0,0.0
10.0,5.02485124256213,0.0036736196889507,0.003673619667909,0.999993252148335,0.999993252148352,49.41368721643947,0.0,49.975409720907926,0.0,45.59505726039388,0.0,45.302262876986205,0.0,0.0,0.0,0.0,0.0,0.0,0.0
10.0,5.02510125506275,0.003673662321247,0.0036736623002091,0.999993251991748,0.999993251991766,49.41368720434254,0.0,49.9754094096062,0.0,45.59505725671949,0.0,45.30226281154517,0.0,0.0,0.0,0.0,0.0,0.0,0.0
10.0,5.02535126756338,0.003673704955126,0.0036737049340921,0.9999932518351669,0.999993251835186,49.41368719224496,0.0,49.9754090982895,0.0,45.59505725304493,0.0,45.30226274610092,0.0,0.0,0.0,0.0,0.0,0.0,0.0
10.0,5.025601280064,0.0036737475905876,0.0036737475695577,0.999993251678591,0.999993251678612,49.41368718014677,0.0,49.97540878695781,0.0,45.59505724937015,0.0,45.30226268065347,0.0,0.0,0.0,0.0,0.0,0.0,0.0
10.0,5.02585129256463,0.0036737902276318,0.003673790206606,0.999993251522023,0.999993251522045,49.41368716804797,0.0,49.97540847561117,0.0,45.5950572456952,0.0,45.302262615202814,0.0,0.0,0.0,0.0,0.0,0.0,0.0
10.0,5.02610130506525,0.0036738328662584,0.0036738328452369,0.99999325136546,0.999993251365484,49.41368715594853,0.0,49.97540816424954,0.0,45.595057242020026,0.0,45.30226254974895,0.0,0.0,0.0,0.0,0.0,0.0,0.0
10.0,5.026351317565879,0.0036738755064675,0.0036738754854502,0.999993251208904,0.999993251208929,49.41368714384847,0.0,49.97540785287294,0.0,45.59505723834468,0.0,45.30226248429189,0.0,0.0,0.0,0.0,0.0,0.0,0.0
10.0,5.0266013300665,0.003673918148259,0.0036739181272461,0.999993251052354,0.999993251052381,49.41368713174777,0.0,49.97540754148137,0.0,45.59505723466912,0.0,45.30226241883162,0.0,0.0,0.0,0.0,0.0,0.0,0.0
10.0,5.02685134256713,0.0036739607916328,0.0036739607706243,0.99999325089581,0.9999932508958388,49.41368711964647,0.0,49.97540723007482,0.0,45.595057230993376,0.0,45.30226235336814,0.0,0.0,0.0,0.0,0.0,0.0,0.0
10.0,5.02710135506775,0.0036740034365889,0.0036740034155848,0.999993250739272,0.999993250739302,49.41368710754453,0.0,49.97540691865331,0.0,45.59505722731744,0.0,45.30226228790147,0.0,0.0,0.0,0.0,0.0,0.0,0.0
10.0,5.02735136756838,0.0036740460831271,0.0036740460621276,0.999993250582741,0.999993250582773,49.41368709544199,0.0,49.97540660721682,0.0,45.59505722364129,0.0,45.30226222243158,0.0,0.0,0.0,0.0,0.0,0.0,0.0
10.0,5.027601380069,0.0036740887312475,0.0036740887102527,0.999993250426215,0.999993250426249,49.4136870833388,0.0,49.97540629576536,0.0,45.59505721996496,0.0,45.30226215695849,0.0,0.0,0.0,0.0,0.0,0.0,0.0
10.0,5.02785139256963,0.0036741313809499,0.0036741313599599,0.999993250269696,0.9999932502697308,49.413687071235,0.0,49.97540598429894,0.0,45.59505721628843,0.0,45.30226209148219,0.0,0.0,0.0,0.0,0.0,0.0,0.0
10.0,5.02810140507025,0.0036741740322343,0.0036741740112491,0.999993250113182,0.999993250113218,49.413687059130574,0.0,49.97540567281754,0.0,45.595057212611714,0.0,45.30226202600269,0.0,0.0,0.0,0.0,0.0,0.0,0.0
10.0,5.02835141757088,0.0036742166851007,0.0036742166641204,0.9999932499566742,0.999993249956712,49.413687047025526,0.0,49.97540536132116,0.0,45.59505720893479,0.0,45.30226196051999,0.0,0.0,0.0,0.0,0.0,0.0,0.0
10.0,5.028601430071499,0.003674259339549,0.0036742593185736,0.999993249800172,0.999993249800211,49.41368703491986,0.0,49.975405049809815,0.0,45.59505720525768,0.0,45.30226189503407,0.0,0.0,0.0,0.0,0.0,0.0,0.0
10.0,5.02885144257213,0.0036743019955791,0.0036743019746088,0.999993249643675,0.999993249643716,49.41368702281357,0.0,49.97540473828349,0.0,45.59505720158037,0.0,45.30226182954495,0.0,0.0,0.0,0.0,0.0,0.0,0.0
10.0,5.02910145507275,0.0036743446531909,0.0036743446322258,0.999993249487183,0.999993249487225,49.41368701070666,0.0,49.97540442674221,0.0,45.59505719790288,0.0,45.30226176405264,0.0,0.0,0.0,0.0,0.0,0.0,0.0
10.0,5.02935146757338,0.0036743873123844,0.0036743872914245,0.999993249330697,0.99999324933074,49.41368699859913,0.0,49.97540411518595,0.0,45.59505719422517,0.0,45.3022616985571,0.0,0.0,0.0,0.0,0.0,0.0,0.0
10.0,5.029601480074,0.0036744299731596,0.003674429952205,0.999993249174216,0.999993249174261,49.41368698649097,0.0,49.97540380361472,0.0,45.59505719054728,0.0,45.30226163305837,0.0,0.0,0.0,0.0,0.0,0.0,0.0
10.0,5.02985149257463,0.0036744726355164,0.0036744726145672,0.999993249017739,0.999993249017785,49.4136869743822,0.0,49.97540349202852,0.0,45.59505718686919,0.0,45.30226156755644,0.0,0.0,0.0,0.0,0.0,0.0,0.0
10.0,5.03010150507525,0.0036745152994546,0.0036745152785109,0.999993248861267,0.999993248861314,49.41368696227281,0.0,49.97540318042735,0.0,45.59505718319091,0.0,45.302261502051294,0.0,0.0,0.0,0.0,0.0,0.0,0.0
10.0,5.03035151757588,0.0036745579649744,0.0036745579440362,0.9999932487047988,0.999993248704848,49.41368695016279,0.0,49.9754028688112,0.0,45.59505717951243,0.0,45.30226143654295,0.0,0.0,0.0,0.0,0.0,0.0,0.0
10.0,5.0306015300765,0.0036746006320755,0.0036746006111429,0.999993248548336,0.999993248548386,49.41368693805216,0.0,49.97540255718009,0.0,45.59505717583376,0.0,45.302261371031385,0.0,0.0,0.0,0.0,0.0,0.0,0.0
10.0,5.03085154257713,0.0036746433007579,0.003674643279831,0.999993248391876,0.999993248391927,49.41368692594091,0.0,49.975402245534006,0.0,45.59505717215489,0.0,45.30226130551664,0.0,0.0,0.0,0.0,0.0,0.0,0.0
10.0,5.03110155507775,0.0036746859710216,0.0036746859501005,0.99999324823542,0.999993248235473,49.41368691382904,0.0,49.97540193387296,0.0,45.59505716847583,0.0,45.30226123999868,0.0,0.0,0.0,0.0,0.0,0.0,0.0
10.0,5.03135156757838,0.0036747286428665,0.0036747286219513,0.999993248078968,0.999993248079021,49.41368690171654,0.0,49.97540162219693,0.0,45.59505716479657,0.0,45.3022611744775,0.0,0.0,0.0,0.0,0.0,0.0,0.0
10.0,5.031601580079,0.0036747713162926,0.0036747712953833,0.999993247922518,0.999993247922573,49.41368688960343,0.0,49.97540131050594,0.0,45.59505716111712,0.0,45.30226110895313,0.0,0.0,0.0,0.0,0.0,0.0,0.0
10.0,5.03185159257963,0.0036748139912997,0.0036748139703965,0.999993247766072,0.999993247766128,49.4136868774897,0.0,49.97540099879998,0.0,45.59505715743747,0.0,45.30226104342555,0.0,0.0,0.0,0.0,0.0,0.0,0.0
10.0,5.03210160508025,0.0036748566678879,0.0036748566469907,0.999993247609629,0.999993247609686,49.41368686537536,0.0,49.975400687079045,0.0,45.59505715375764,0.0,45.30226097789477,0.0,0.0,0.0,0.0,0.0,0.0,0.0
10.0,5.03235161758088,0.003674899346057,0.003674899325166,0.999993247453188,0.999993247453245,49.4136868532604,0.0,49.97540037534314,0.0,45.5950571500776,0.0,45.30226091236077,0.0,0.0,0.0,0.0,0.0,0.0,0.0
10.0,5.0326016300815,0.003674942025807,0.0036749420049223,0.999993247296748,0.999993247296807,49.41368684114481,0.0,49.97540006359228,0.0,45.595057146397366,0.0,45.30226084682359,0.0,0.0,0.0,0.0,0.0,0.0,0.0
10.0,5.03285164258213,0.0036749847071379,0.0036749846862595,0.999993247140311,0.9999932471403707,49.413686829028606,0.0,49.97539975182643,0.0,45.59505714271695,0.0,45.30226078128318,0.0,0.0,0.0,0.0,0.0,0.0,0.0
10.0,5.03310165508275,0.0036750273900495,0.0036750273691776,0.999993246983875,0.999993246983936,49.413686816911785,0.0,49.97539944004563,0.0,45.595057139036335,0.0,45.30226071573959,0.0,0.0,0.0,0.0,0.0,0.0,0.0
10.0,5.03335166758338,0.0036750700745419,0.0036750700536764,0.999993246827441,0.999993246827503,49.413686804794345,0.0,49.97539912824984,0.0,45.59505713535552,0.0,45.30226065019277,0.0,0.0,0.0,0.0,0.0,0.0,0.0
10.0,5.033601680084,0.0036751127606149,0.003675112739756,0.999993246671007,0.99999324667107,49.413686792676295,0.0,49.975398816439096,0.0,45.5950571316745,0.0,45.30226058464276,0.0,0.0,0.0,0.0,0.0,0.0,0.0
10.0,5.03385169258463,0.0036751554482685,0.0036751554274163,0.999993246514574,0.999993246514638,49.41368678055763,0.0,49.97539850461338,0.0,45.59505712799331,0.0,45.302260519089536,0.0,0.0,0.0,0.0,0.0,0.0,0.0
10.0,5.03410170508525,0.0036751981375026,0.0036751981166572,0.999993246358141,0.999993246358206,49.41368676843834,0.0,49.97539819277269,0.0,45.59505712431191,0.0,45.30226045353312,0.0,0.0,0.0,0.0,0.0,0.0,0.0
10.0,5.03435171758588,0.0036752408283172,0.0036752408074786,0.999993246201709,0.999993246201774,49.41368675631844,0.0,49.97539788091705,0.0,45.59505712063032,0.0,45.30226038797348,0.0,0.0,0.0,0.0,0.0,0.0,0.0
10.0,5.0346017300865,0.0036752835207122,0.0036752834998805,0.999993246045276,0.999993246045342,49.413686744197925,0.0,49.97539756904643,0.0,45.59505711694853,0.0,45.30226032241065,0.0,0.0,0.0,0.0,0.0,0.0,0.0
10.0,5.03485174258713,0.0036753262146875,0.0036753261938628,0.999993245888842,0.999993245888909,49.41368673207679,0.0,49.97539725716084,0.0,45.59505711326656,0.0,45.30226025684462,0.0,0.0,0.0,0.0,0.0,0.0,0.0
10.0,5.03510175508775,0.0036753689102431,0.0036753688894255,0.999993245732408,0.999993245732475,49.413686719955045,0.0,49.97539694526028,0.0,45.59505710958439,0.0,45.302260191275366,0.0,0.0,0.0,0.0,0.0,0.0,0.0
10.0,5.03535176758838,0.003675411607379,0.0036754115865685,0.999993245575972,0.99999324557604,49.41368670783268,0.0,49.97539663334475,0.0,45.59505710590202,0.0,45.30226012570292,0.0,0.0,0.0,0.0,0.0,0.0,0.0
10.0,5.035601780089,0.003675454306095,0.0036754542852917,0.999993245419535,0.999993245419603,49.4136866957097,0.0,49.975396321414266,0.0,45.59505710221946,0.0,45.30226006012727,0.0,0.0,0.0,0.0,0.0,0.0,0.0
10.0,5.03585179258963,0.0036754970063911,0.0036754969855951,0.999993245263096,0.9999932452631652,49.413686683586114,0.0,49.9753960094688,0.0,45.5950570985367,0.0,45.30225999454841,0.0,0.0,0.0,0.0,0.0,0.0,0.0
10.0,5.03610180509025,0.0036755397082672,0.0036755396874787,0.999993245106655,0.999993245106724,49.4136866714619,0.0,49.97539569750838,0.0,45.59505709485375,0.0,45.30225992896635,0.0,0.0,0.0,0.0,0.0,0.0,0.0
10.0,5.03635181759088,0.0036755824117233,0.0036755823909423,0.9999932449502108,0.999993244950281,49.41368665933709,0.0,49.97539538553299,0.0,45.59505709117061,0.0,45.30225986338108,0.0,0.0,0.0,0.0,0.0,0.0,0.0
10.0,5.0366018300915,0.0036756251167593,0.0036756250959858,0.999993244793765,0.999993244793835,49.413686647211655,0.0,49.97539507354262,0.0,45.59505708748727,0.0,45.3022597977926,0.0,0.0,0.0,0.0,0.0,0.0,0.0
10.0,5.03685184259213,0.0036756678233752,0.0036756678026094,0.999993244637315,0.999993244637386,49.4136866350856,0.0,49.97539476153729,0.0,45.59505708380374,0.0,45.30225973220093,0.0,0.0,0.0,0.0,0.0,0.0,0.0
10.0,5.03710185509275,0.0036757105315709,0.0036757105108128,0.999993244480862,0.9999932444809332,49.41368662295893,0.0,49.975394449517,0.0,45.595057080120014,0.0,45.302259666606055,0.0,0.0,0.0,0.0,0.0,0.0,0.0
10.0,5.03735186759338,0.0036757532413463,0.003675753220596,0.999993244324406,0.999993244324477,49.41368661083166,0.0,49.975394137481736,0.0,45.5950570764361,0.0,45.302259601007954,0.0,0.0,0.0,0.0,0.0,0.0,0.0
10.0,5.037601880094,0.0036757959527014,0.0036757959319589,0.999993244167945,0.999993244168016,49.41368659870378,0.0,49.97539382543151,0.0,45.59505707275199,0.0,45.30225953540667,0.0,0.0,0.0,0.0,0.0,0.0,0.0
10.0,5.03785189259463,0.003675838665636,0.0036758386449015,0.99999324401148,0.999993244011552,49.41368658657528,0.0,49.97539351336631,0.0,45.59505706906768,0.0,45.302259469802166,0.0,0.0,0.0,0.0,0.0,0.0,0.0
10.0,5.03810190509525,0.0036758813801503,0.0036758813594238,0.999993243855011,0.999993243855082,49.41368657444617,0.0,49.97539320128615,0.0,45.59505706538317,0.0,45.30225940419447,0.0,0.0,0.0,0.0,0.0,0.0,0.0
10.0,5.03835191759588,0.003675924096244,0.0036759240755256,0.999993243698536,0.999993243698608,49.41368656231645,0.0,49.97539288919102,0.0,45.59505706169848,0.0,45.30225933858356,0.0,0.0,0.0,0.0,0.0,0.0,0.0
10.0,5.0386019300965,0.0036759668139171,0.003675966793207,0.999993243542057,0.999993243542129,49.41368655018611,0.0,49.97539257708093,0.0,45.5950570580136,0.0,45.30225927296945,0.0,0.0,0.0,0.0,0.0,0.0,0.0
10.0,5.038851942597131,0.0036760095331696,0.0036760095124677,0.9999932433855722,0.999993243385644,49.41368653805517,0.0,49.97539226495587,0.0,45.59505705432851,0.0,45.30225920735213,0.0,0.0,0.0,0.0,0.0,0.0,0.0
10.0,5.03910195509775,0.0036760522540014,0.0036760522333079,0.999993243229081,0.999993243229154,49.41368652592361,0.0,49.97539195281584,0.0,45.59505705064325,0.0,45.3022591417316,0.0,0.0,0.0,0.0,0.0,0.0,0.0
10.0,5.03935196759838,0.0036760949764124,0.0036760949557274,0.999993243072585,0.999993243072657,49.41368651379144,0.0,49.97539164066085,0.0,45.59505704695777,0.0,45.30225907610788,0.0,0.0,0.0,0.0,0.0,0.0,0.0
10.0,5.039601980099,0.0036761377004026,0.0036761376797261,0.9999932429160822,0.9999932429161552,49.41368650165867,0.0,49.97539132849089,0.0,45.595057043272114,0.0,45.30225901048095,0.0,0.0,0.0,0.0,0.0,0.0,0.0
10.0,5.03985199259963,0.0036761804259719,0.003676180405304,0.9999932427595732,0.999993242759646,49.41368648952527,0.0,49.97539101630597,0.0,45.59505703958625,0.0,45.30225894485082,0.0,0.0,0.0,0.0,0.0,0.0,0.0
10.0,5.04010200510026,0.0036762231531203,0.0036762231324611,0.999993242603057,0.99999324260313,49.41368647739127,0.0,49.97539070410608,0.0,45.59505703590021,0.0,45.30225887921748,0.0,0.0,0.0,0.0,0.0,0.0,0.0
10.0,5.04035201760088,0.0036762658818476,0.0036762658611972,0.999993242446534,0.999993242446607,49.41368646525667,0.0,49.97539039189123,0.0,45.59505703221396,0.0,45.30225881358093,0.0,0.0,0.0,0.0,0.0,0.0,0.0
10.0,5.04060203010151,0.0036763086121539,0.0036763085915123,0.999993242290005,0.999993242290077,49.41368645312144,0.0,49.975390079661416,0.0,45.59505702852753,0.0,45.30225874794117,0.0,0.0,0.0,0.0,0.0,0.0,0.0
10.0,5.04085204260213,0.0036763513440391,0.0036763513234064,0.999993242133467,0.999993242133539,49.41368644098562,0.0,49.97538976741664,0.0,45.5950570248409,0.0,45.30225868229822,0.0,0.0,0.0,0.0,0.0,0.0,0.0
10.0,5.04110205510275,0.003676394077503,0.0036763940568794,0.999993241976922,0.999993241976994,49.41368642884918,0.0,49.975389455156886,0.0,45.59505702115408,0.0,45.30225861665206,0.0,0.0,0.0,0.0,0.0,0.0,0.0
10.0,5.04135206760338,0.0036764368125457,0.0036764367919312,0.999993241820369,0.999993241820441,49.41368641671213,0.0,49.97538914288218,0.0,45.59505701746706,0.0,45.3022585510027,0.0,0.0,0.0,0.0,0.0,0.0,0.0
10.0,5.041602080104,0.0036764795491671,0.0036764795285617,0.9999932416638092,0.99999324166388,49.41368640457448,0.0,49.97538883059249,0.0,45.59505701377985,0.0,45.30225848535013,0.0,0.0,0.0,0.0,0.0,0.0,0.0
10.0,5.04185209260463,0.0036765222873671,0.003676522266771,0.999993241507239,0.999993241507311,49.41368639243622,0.0,49.97538851828786,0.0,45.59505701009245,0.0,45.302258419694354,0.0,0.0,0.0,0.0,0.0,0.0,0.0
10.0,5.04210210510526,0.0036765650271457,0.0036765650065589,0.999993241350662,0.999993241350733,49.41368638029735,0.0,49.97538820596825,0.0,45.59505700640485,0.0,45.30225835403538,0.0,0.0,0.0,0.0,0.0,0.0,0.0
10.0,5.04235211760588,0.0036766077685028,0.0036766077479254,0.999993241194075,0.9999932411941468,49.41368636815787,0.0,49.97538789363368,0.0,45.595057002717056,0.0,45.3022582883732,0.0,0.0,0.0,0.0,0.0,0.0,0.0
10.0,5.04260213010651,0.0036766505114383,0.0036766504908704,0.99999324103748,0.999993241037551,49.41368635601779,0.0,49.97538758128415,0.0,45.59505699902907,0.0,45.302258222707806,0.0,0.0,0.0,0.0,0.0,0.0,0.0
10.0,5.04285214260713,0.0036766932559522,0.0036766932353939,0.999993240880876,0.999993240880947,49.413686343877096,0.0,49.97538726891965,0.0,45.5950569953409,0.0,45.30225815703921,0.0,0.0,0.0,0.0,0.0,0.0,0.0
10.0,5.04310215510776,0.0036767360020444,0.0036767359814958,0.999993240724263,0.9999932407243328,49.4136863317358,0.0,49.9753869565402,0.0,45.59505699165253,0.0,45.30225809136741,0.0,0.0,0.0,0.0,0.0,0.0,0.0
10.0,5.04335216760838,0.0036767787497148,0.0036767787291759,0.99999324056764,0.99999324056771,49.41368631959389,0.0,49.97538664414577,0.0,45.59505698796397,0.0,45.30225802569241,0.0,0.0,0.0,0.0,0.0,0.0,0.0
10.0,5.043602180109,0.0036768214989635,0.0036768214784344,0.999993240411008,0.999993240411078,49.41368630745138,0.0,49.97538633173637,0.0,45.59505698427521,0.0,45.30225796001421,0.0,0.0,0.0,0.0,0.0,0.0,0.0
10.0,5.04385219260963,0.0036768642497903,0.0036768642292711,0.999993240254366,0.999993240254436,49.41368629530826,0.0,49.975386019312026,0.0,45.59505698058627,0.0,45.3022578943328,0.0,0.0,0.0,0.0,0.0,0.0,0.0
10.0,5.04410220511026,0.0036769070021951,0.0036769069816859,0.999993240097714,0.999993240097784,49.41368628316454,0.0,49.97538570687271,0.0,45.595056976897126,0.0,45.30225782864818,0.0,0.0,0.0,0.0,0.0,0.0,0.0
10.0,5.04435221761088,0.003676949756178,0.0036769497356788,0.999993239941053,0.999993239941121,49.41368627102021,0.0,49.975385394418446,0.0,45.5950569732078,0.0,45.30225776296036,0.0,0.0,0.0,0.0,0.0,0.0,0.0
10.0,5.04460223011151,0.0036769925117388,0.0036769924912498,0.9999932397843811,0.99999323978445,49.41368625887528,0.0,49.9753850819492,0.0,45.59505696951827,0.0,45.30225769726933,0.0,0.0,0.0,0.0,0.0,0.0,0.0
10.0,5.04485224261213,0.0036770352688774,0.0036770352483987,0.999993239627699,0.9999932396277672,49.41368624672973,0.0,49.975384769465,0.0,45.59505696582855,0.0,45.3022576315751,0.0,0.0,0.0,0.0,0.0,0.0,0.0
10.0,5.04510225511276,0.0036770780275939,0.0036770780071255,0.999993239471007,0.999993239471075,49.4136862345836,0.0,49.97538445696583,0.0,45.59505696213863,0.0,45.30225756587767,0.0,0.0,0.0,0.0,0.0,0.0,0.0
10.0,5.04535226761338,0.0036771207878882,0.0036771207674301,0.999993239314304,0.999993239314371,49.41368622243685,0.0,49.9753841444517,0.0,45.59505695844853,0.0,45.30225750017702,0.0,0.0,0.0,0.0,0.0,0.0,0.0
10.0,5.04560228011401,0.0036771635497602,0.0036771635293126,0.9999932391575912,0.9999932391576573,49.41368621028949,0.0,49.975383831922606,0.0,45.59505695475822,0.0,45.302257434473184,0.0,0.0,0.0,0.0,0.0,0.0,0.0
10.0,5.04585229261463,0.0036772063132098,0.0036772062927727,0.999993239000867,0.999993239000933,49.413686198141534,0.0,49.97538351937856,0.0,45.59505695106773,0.0,45.302257368766135,0.0,0.0,0.0,0.0,0.0,0.0,0.0
10.0,5.04610230511526,0.0036772490782369,0.0036772490578105,0.9999932388441322,0.999993238844198,49.41368618599298,0.0,49.97538320681954,0.0,45.59505694737705,0.0,45.30225730305588,0.0,0.0,0.0,0.0,0.0,0.0,0.0
10.0,5.04635231761588,0.0036772918448416,0.0036772918244259,0.999993238687386,0.9999932386874508,49.41368617384382,0.0,49.97538289424557,0.0,45.59505694368617,0.0,45.30225723734242,0.0,0.0,0.0,0.0,0.0,0.0,0.0
10.0,5.04660233011651,0.0036773346130238,0.0036773345926189,0.99999323853063,0.999993238530694,49.413686161694045,0.0,49.97538258165663,0.0,45.595056939995104,0.0,45.30225717162576,0.0,0.0,0.0,0.0,0.0,0.0,0.0
10.0,5.04685234261713,0.0036773773827833,0.0036773773623893,0.999993238373862,0.999993238373926,49.41368614954368,0.0,49.97538226905272,0.0,45.59505693630384,0.0,45.302257105905895,0.0,0.0,0.0,0.0,0.0,0.0,0.0
10.0,5.04710235511776,0.0036774201541202,0.0036774201337371,0.999993238217083,0.999993238217147,49.4136861373927,0.0,49.97538195643386,0.0,45.59505693261238,0.0,45.30225704018282,0.0,0.0,0.0,0.0,0.0,0.0,0.0
10.0,5.04735236761838,0.0036774629270343,0.0036774629066623,0.999993238060293,0.999993238060356,49.413686125241135,0.0,49.97538164380004,0.0,45.595056928920734,0.0,45.30225697445655,0.0,0.0,0.0,0.0,0.0,0.0,0.0
10.0,5.04760238011901,0.0036775057015257,0.0036775056811647,0.999993237903492,0.999993237903555,49.41368611308896,0.0,49.97538133115125,0.0,45.5950569252289,0.0,45.30225690872706,0.0,0.0,0.0,0.0,0.0,0.0,0.0
10.0,5.04785239261963,0.0036775484775941,0.0036775484572444,0.999993237746679,0.999993237746742,49.413686100936175,0.0,49.97538101848751,0.0,45.59505692153687,0.0,45.30225684299438,0.0,0.0,0.0,0.0,0.0,0.0,0.0
10.0,5.04810240512026,0.0036775912552397,0.0036775912349012,0.999993237589855,0.999993237589917,49.4136860887828,0.0,49.9753807058088,0.0,45.59505691784464,0.0,45.30225677725849,0.0,0.0,0.0,0.0,0.0,0.0,0.0
10.0,5.04835241762088,0.0036776340344623,0.0036776340141352,0.99999323743302,0.9999932374330808,49.41368607662882,0.0,49.975380393115145,0.0,45.59505691415222,0.0,45.3022567115194,0.0,0.0,0.0,0.0,0.0,0.0,0.0
10.0,5.04860243012151,0.0036776768152619,0.0036776767949462,0.9999932372761732,0.999993237276234,49.41368606447424,0.0,49.97538008040651,0.0,45.5950569104596,0.0,45.3022566457771,0.0,0.0,0.0,0.0,0.0,0.0,0.0
10.0,5.04885244262213,0.0036777195976383,0.0036777195773341,0.999993237119314,0.999993237119375,49.413686052319065,0.0,49.97537976768293,0.0,45.5950569067668,0.0,45.3022565800316,0.0,0.0,0.0,0.0,0.0,0.0,0.0
10.0,5.04910245512276,0.0036777623815916,0.003677762361299,0.999993236962444,0.999993236962504,49.41368604016328,0.0,49.97537945494437,0.0,45.59505690307381,0.0,45.30225651428289,0.0,0.0,0.0,0.0,0.0,0.0,0.0
10.0,5.04935246762338,0.0036778051671217,0.0036778051468408,0.9999932368055632,0.999993236805622,49.4136860280069,0.0,49.97537914219086,0.0,45.595056899380616,0.0,45.30225644853098,0.0,0.0,0.0,0.0,0.0,0.0,0.0
10.0,5.04960248012401,0.0036778479542285,0.0036778479339593,0.999993236648669,0.999993236648728,49.41368601584992,0.0,49.9753788294224,0.0,45.59505689568723,0.0,45.302256382775866,0.0,0.0,0.0,0.0,0.0,0.0,0.0
10.0,5.0498524926246295,0.0036778907429119,0.0036778907226546,0.999993236491764,0.999993236491822,49.41368600369234,0.0,49.97537851663896,0.0,45.595056891993664,0.0,45.302256317017545,0.0,0.0,0.0,0.0,0.0,0.0,0.0
10.0,5.05010250512526,0.0036779335331719,0.0036779335129265,0.999993236334847,0.999993236334905,49.41368599153416,0.0,49.97537820384057,0.0,45.59505688829989,0.0,45.30225625125601,0.0,0.0,0.0,0.0,0.0,0.0,0.0
10.0,5.05035251762588,0.0036779763250085,0.0036779763047751,0.999993236177918,0.999993236177976,49.41368597937539,0.0,49.975377891027215,0.0,45.59505688460594,0.0,45.30225618549129,0.0,0.0,0.0,0.0,0.0,0.0,0.0
10.0,5.05060253012651,0.0036780191184215,0.0036780190982002,0.999993236020978,0.999993236021034,49.413685967216,0.0,49.97537757819891,0.0,45.59505688091178,0.0,45.30225611972335,0.0,0.0,0.0,0.0,0.0,0.0,0.0
10.0,5.05085254262713,0.0036780619134109,0.0036780618932018,0.999993235864026,0.999993235864082,49.41368595505603,0.0,49.97537726535563,0.0,45.595056877217445,0.0,45.30225605395222,0.0,0.0,0.0,0.0,0.0,0.0,0.0
10.0,5.05110255512776,0.0036781047099767,0.0036781046897798,0.999993235707062,0.9999932357071172,49.413685942895455,0.0,49.97537695249741,0.0,45.59505687352291,0.0,45.30225598817787,0.0,0.0,0.0,0.0,0.0,0.0,0.0
10.0,5.05135256762838,0.0036781475081188,0.0036781474879342,0.999993235550086,0.999993235550141,49.41368593073429,0.0,49.97537663962422,0.0,45.59505686982818,0.0,45.30225592240033,0.0,0.0,0.0,0.0,0.0,0.0,0.0
10.0,5.05160258012901,0.0036781903078371,0.0036781902876648,0.999993235393098,0.999993235393152,49.41368591857252,0.0,49.97537632673608,0.0,45.59505686613326,0.0,45.30225585661957,0.0,0.0,0.0,0.0,0.0,0.0,0.0
10.0,5.05185259262963,0.0036782331091315,0.0036782330889718,0.999993235236099,0.999993235236152,49.41368590641016,0.0,49.97537601383296,0.0,45.59505686243814,0.0,45.302255790835616,0.0,0.0,0.0,0.0,0.0,0.0,0.0
10.0,5.05210260513026,0.003678275912002,0.0036782758918549,0.999993235079087,0.99999323507914,49.4136858942472,0.0,49.975375700914896,0.0,45.59505685874284,0.0,45.30225572504845,0.0,0.0,0.0,0.0,0.0,0.0,0.0
10.0,5.05235261763088,0.0036783187164486,0.0036783186963141,0.999993234922064,0.999993234922116,49.41368588208364,0.0,49.97537538798187,0.0,45.59505685504735,0.0,45.30225565925809,0.0,0.0,0.0,0.0,0.0,0.0,0.0
10.0,5.05260263013151,0.0036783615224712,0.0036783615023493,0.999993234765029,0.999993234765081,49.41368586991948,0.0,49.97537507503389,0.0,45.59505685135166,0.0,45.30225559346452,0.0,0.0,0.0,0.0,0.0,0.0,0.0
10.0,5.05285264263213,0.0036784043300697,0.0036784043099606,0.999993234607982,0.999993234608033,49.413685857754736,0.0,49.97537476207094,0.0,45.595056847655776,0.0,45.30225552766776,0.0,0.0,0.0,0.0,0.0,0.0,0.0
10.0,5.0531026551327605,0.003678447139244,0.0036784471191478,0.999993234450923,0.999993234450974,49.41368584558939,0.0,49.975374449093046,0.0,45.59505684395971,0.0,45.302255461867766,0.0,0.0,0.0,0.0,0.0,0.0,0.0
10.0,5.05335266763338,0.0036784899499941,0.0036784899299109,0.999993234293852,0.999993234293902,49.41368583342346,0.0,49.97537413610019,0.0,45.595056840263446,0.0,45.30225539606459,0.0,0.0,0.0,0.0,0.0,0.0,0.0
10.0,5.05360268013401,0.00367853276232,0.0036785327422498,0.9999932341367692,0.999993234136819,49.41368582125691,0.0,49.97537382309237,0.0,45.595056836566975,0.0,45.3022553302582,0.0,0.0,0.0,0.0,0.0,0.0,0.0
10.0,5.05385269263463,0.0036785755762215,0.0036785755561644,0.999993233979675,0.999993233979724,49.413685809089785,0.0,49.9753735100696,0.0,45.59505683287033,0.0,45.30225526444861,0.0,0.0,0.0,0.0,0.0,0.0,0.0
10.0,5.05410270513526,0.0036786183916986,0.0036786183716547,0.999993233822569,0.999993233822617,49.41368579692206,0.0,49.97537319703186,0.0,45.59505682917349,0.0,45.30225519863581,0.0,0.0,0.0,0.0,0.0,0.0,0.0
10.0,5.05435271763588,0.0036786612087513,0.0036786611887206,0.9999932336654512,0.999993233665499,49.41368578475374,0.0,49.975372883979176,0.0,45.59505682547646,0.0,45.302255132819816,0.0,0.0,0.0,0.0,0.0,0.0,0.0
10.0,5.054602730136511,0.0036787040273795,0.0036787040073621,0.999993233508321,0.999993233508368,49.41368577258483,0.0,49.97537257091152,0.0,45.59505682177923,0.0,45.302255067000615,0.0,0.0,0.0,0.0,0.0,0.0,0.0
10.0,5.05485274263713,0.003678746847583,0.0036787468275791,0.999993233351179,0.999993233351226,49.41368576041532,0.0,49.97537225782892,0.0,45.59505681808182,0.0,45.3022550011782,0.0,0.0,0.0,0.0,0.0,0.0,0.0
10.0,5.05510275513776,0.003678789669362,0.0036787896493716,0.999993233194026,0.999993233194072,49.413685748245214,0.0,49.97537194473136,0.0,45.59505681438421,0.0,45.30225493535259,0.0,0.0,0.0,0.0,0.0,0.0,0.0
10.0,5.0553527676383805,0.0036788324927162,0.0036788324727394,0.999993233036861,0.999993233036906,49.41368573607453,0.0,49.97537163161884,0.0,45.595056810686415,0.0,45.30225486952378,0.0,0.0,0.0,0.0,0.0,0.0,0.0
10.0,5.05560278013901,0.0036788753176457,0.0036788752976825,0.999993232879684,0.999993232879729,49.41368572390324,0.0,49.97537131849136,0.0,45.59505680698842,0.0,45.30225480369175,0.0,0.0,0.0,0.0,0.0,0.0,0.0
10.0,5.05585279263963,0.0036789181441503,0.0036789181242009,0.999993232722495,0.99999323272254,49.41368571173136,0.0,49.975371005348926,0.0,45.59505680329024,0.0,45.30225473785653,0.0,0.0,0.0,0.0,0.0,0.0,0.0
10.0,5.05610280514026,0.0036789609722301,0.0036789609522945,0.999993232565295,0.999993232565339,49.41368569955889,0.0,49.975370692191525,0.0,45.59505679959185,0.0,45.302254672018094,0.0,0.0,0.0,0.0,0.0,0.0,0.0
10.0,5.05635281764088,0.0036790038018849,0.0036790037819632,0.999993232408083,0.999993232408127,49.41368568738582,0.0,49.97537037901918,0.0,45.595056795893285,0.0,45.30225460617648,0.0,0.0,0.0,0.0,0.0,0.0,0.0
10.0,5.05660283014151,0.0036790466331148,0.003679046613207,0.999993232250859,0.999993232250903,49.41368567521217,0.0,49.97537006583187,0.0,45.59505679219453,0.0,45.30225454033163,0.0,0.0,0.0,0.0,0.0,0.0,0.0
10.0,5.05685284264213,0.0036790894659195,0.0036790894460258,0.999993232093624,0.999993232093667,49.41368566303792,0.0,49.9753697526296,0.0,45.595056788495576,0.0,45.30225447448358,0.0,0.0,0.0,0.0,0.0,0.0,0.0
10.0,5.05710285514276,0.0036791323002991,0.0036791322804196,0.999993231936378,0.99999323193642,49.41368565086309,0.0,49.97536943941239,0.0,45.595056784796434,0.0,45.30225440863234,0.0,0.0,0.0,0.0,0.0,0.0,0.0
10.0,5.05735286764338,0.0036791751362535,0.0036791751163882,0.999993231779119,0.999993231779161,49.41368563868766,0.0,49.97536912618021,0.0,45.5950567810971,0.0,45.30225434277789,0.0,0.0,0.0,0.0,0.0,0.0,0.0
10.0,5.05760288014401,0.0036792179737827,0.0036792179539317,0.99999323162185,0.999993231621891,49.41368562651164,0.0,49.97536881293309,0.0,45.59505677739757,0.0,45.30225427692024,0.0,0.0,0.0,0.0,0.0,0.0,0.0
10.0,5.05785289264463,0.0036792608128866,0.0036792607930499,0.999993231464568,0.999993231464609,49.41368561433504,0.0,49.975368499671,0.0,45.595056773697856,0.0,45.30225421105937,0.0,0.0,0.0,0.0,0.0,0.0,0.0
10.0,5.05810290514526,0.003679303653565,0.0036793036337428,0.999993231307276,0.999993231307316,49.41368560215784,0.0,49.97536818639395,0.0,45.595056769997946,0.0,45.30225414519531,0.0,0.0,0.0,0.0,0.0,0.0,0.0
10.0,5.05835291764588,0.0036793464958181,0.0036793464760103,0.999993231149972,0.999993231150011,49.41368558998005,0.0,49.97536787310196,0.0,45.59505676629784,0.0,45.30225407932805,0.0,0.0,0.0,0.0,0.0,0.0,0.0
10.0,5.058602930146509,0.0036793893396456,0.0036793893198525,0.999993230992656,0.999993230992695,49.41368557780167,0.0,49.97536755979501,0.0,45.59505676259755,0.0,45.30225401345757,0.0,0.0,0.0,0.0,0.0,0.0,0.0
10.0,5.05885294264713,0.0036794321850476,0.0036794321652691,0.999993230835329,0.999993230835368,49.41368556562271,0.0,49.9753672464731,0.0,45.595056758897066,0.0,45.30225394758391,0.0,0.0,0.0,0.0,0.0,0.0,0.0
10.0,5.05910295514776,0.0036794750320239,0.0036794750122602,0.999993230677991,0.999993230678029,49.41368555344315,0.0,49.97536693313623,0.0,45.59505675519639,0.0,45.302253881707024,0.0,0.0,0.0,0.0,0.0,0.0,0.0
10.0,5.05935296764838,0.0036795178805746,0.0036795178608257,0.999993230520641,0.999993230520679,49.41368554126301,0.0,49.9753666197844,0.0,45.59505675149552,0.0,45.30225381582693,0.0,0.0,0.0,0.0,0.0,0.0,0.0
10.0,5.05960298014901,0.0036795607306995,0.0036795607109655,0.99999323036328,0.999993230363318,49.41368552908229,0.0,49.97536630641763,0.0,45.59505674779446,0.0,45.30225374994365,0.0,0.0,0.0,0.0,0.0,0.0,0.0
10.0,5.05985299264963,0.0036796035823986,0.0036796035626796,0.999993230205908,0.999993230205945,49.41368551690096,0.0,49.9753659930359,0.0,45.59505674409322,0.0,45.30225368405716,0.0,0.0,0.0,0.0,0.0,0.0,0.0
10.0,5.06010300515026,0.0036796464356719,0.0036796464159679,0.999993230048525,0.9999932300485608,49.413685504719055,0.0,49.97536567963921,0.0,45.595056740391776,0.0,45.30225361816746,0.0,0.0,0.0,0.0,0.0,0.0,0.0
10.0,5.06035301765088,0.0036796892905192,0.0036796892708304,0.99999322989113,0.999993229891166,49.413685492536565,0.0,49.97536536622757,0.0,45.59505673669014,0.0,45.30225355227457,0.0,0.0,0.0,0.0,0.0,0.0,0.0
10.0,5.06060303015151,0.0036797321469405,0.0036797321272669,0.999993229733725,0.99999322973376,49.413685480353486,0.0,49.97536505280098,0.0,45.59505673298831,0.0,45.30225348637845,0.0,0.0,0.0,0.0,0.0,0.0,0.0
10.0,5.0608530426521305,0.0036797750049357,0.0036797749852774,0.999993229576308,0.9999932295763428,49.413685468169824,0.0,49.97536473935943,0.0,45.59505672928629,0.0,45.30225342047915,0.0,0.0,0.0,0.0,0.0,0.0,0.0
10.0,5.06110305515276,0.0036798178645049,0.003679817844862,0.99999322941888,0.999993229418915,49.41368545598557,0.0,49.97536442590293,0.0,45.595056725584094,0.0,45.30225335457664,0.0,0.0,0.0,0.0,0.0,0.0,0.0
10.0,5.06135306765338,0.0036798607256479,0.0036798607060204,0.999993229261441,0.999993229261476,49.41368544380073,0.0,49.97536411243147,0.0,45.5950567218817,0.0,45.302253288670926,0.0,0.0,0.0,0.0,0.0,0.0,0.0
10.0,5.06160308015401,0.0036799035883646,0.0036799035687526,0.999993229103991,0.999993229104025,49.41368543161531,0.0,49.975363798945054,0.0,45.59505671817911,0.0,45.302253222762005,0.0,0.0,0.0,0.0,0.0,0.0,0.0
10.0,5.06185309265463,0.003679946452655,0.0036799464330586,0.999993228946531,0.999993228946564,49.41368541942931,0.0,49.975363485443694,0.0,45.59505671447632,0.0,45.30225315684987,0.0,0.0,0.0,0.0,0.0,0.0,0.0
10.0,5.06210310515526,0.0036799893185191,0.0036799892989384,0.9999932287890588,0.999993228789092,49.41368540724271,0.0,49.97536317192737,0.0,45.59505671077335,0.0,45.30225309093455,0.0,0.0,0.0,0.0,0.0,0.0,0.0
10.0,5.06235311765588,0.0036800321859567,0.0036800321663918,0.999993228631576,0.9999932286316092,49.41368539505553,0.0,49.975362858396096,0.0,45.595056707070185,0.0,45.302253025016014,0.0,0.0,0.0,0.0,0.0,0.0,0.0
10.0,5.06260313015651,0.0036800750549679,0.0036800750354188,0.999993228474083,0.9999932284741148,49.41368538286777,0.0,49.975362544849865,0.0,45.59505670336683,0.0,45.30225295909428,0.0,0.0,0.0,0.0,0.0,0.0,0.0
10.0,5.06285314265713,0.0036801179255525,0.0036801179060193,0.999993228316578,0.99999322831661,49.413685370679424,0.0,49.975362231288685,0.0,45.59505669966328,0.0,45.30225289316935,0.0,0.0,0.0,0.0,0.0,0.0,0.0
10.0,5.06310315515776,0.0036801607977105,0.0036801607781932,0.999993228159063,0.999993228159095,49.41368535849049,0.0,49.97536191771256,0.0,45.59505669595955,0.0,45.30225282724119,0.0,0.0,0.0,0.0,0.0,0.0,0.0
10.0,5.06335316765838,0.0036802036714418,0.0036802036519406,0.9999932280015368,0.999993228001568,49.41368534630097,0.0,49.97536160412147,0.0,45.59505669225562,0.0,45.302252761309845,0.0,0.0,0.0,0.0,0.0,0.0,0.0
10.0,5.06360318015901,0.0036802465467464,0.0036802465272614,0.999993227844,0.999993227844031,49.41368533411088,0.0,49.97536129051543,0.0,45.5950566885515,0.0,45.302252695375294,0.0,0.0,0.0,0.0,0.0,0.0,0.0
10.0,5.06385319265963,0.0036802894236242,0.0036802894041554,0.999993227686453,0.999993227686483,49.41368532192019,0.0,49.97536097689443,0.0,45.59505668484719,0.0,45.30225262943754,0.0,0.0,0.0,0.0,0.0,0.0,0.0
10.0,5.06410320516026,0.0036803323020752,0.0036803322826226,0.999993227528895,0.999993227528925,49.41368530972893,0.0,49.975360663258485,0.0,45.59505668114269,0.0,45.30225256349657,0.0,0.0,0.0,0.0,0.0,0.0,0.0
10.0,5.06435321766088,0.0036803751820992,0.003680375162663,0.999993227371327,0.999993227371356,49.41368529753709,0.0,49.97536034960759,0.0,45.595056677438,0.0,45.302252497552416,0.0,0.0,0.0,0.0,0.0,0.0,0.0
10.0,5.06460323016151,0.0036804180636963,0.0036804180442765,0.999993227213747,0.999993227213776,49.41368528534466,0.0,49.97536003594174,0.0,45.59505667373311,0.0,45.30225243160505,0.0,0.0,0.0,0.0,0.0,0.0,0.0
10.0,5.06485324266213,0.0036804609468663,0.003680460927463,0.999993227056158,0.999993227056186,49.41368527315165,0.0,49.975359722260926,0.0,45.59505667002804,0.0,45.30225236565447,0.0,0.0,0.0,0.0,0.0,0.0,0.0
10.0,5.06510325516276,0.0036805038316092,0.0036805038122225,0.999993226898557,0.999993226898585,49.41368526095807,0.0,49.975359408565176,0.0,45.595056666322776,0.0,45.3022522997007,0.0,0.0,0.0,0.0,0.0,0.0,0.0
10.0,5.06535326766338,0.003680546717925,0.0036805466985549,0.9999932267409462,0.999993226740974,49.41368524876389,0.0,49.97535909485447,0.0,45.59505666261731,0.0,45.30225223374372,0.0,0.0,0.0,0.0,0.0,0.0,0.0
10.0,5.06560328016401,0.0036805896058135,0.0036805895864602,0.9999932265833252,0.999993226583353,49.41368523656914,0.0,49.9753587811288,0.0,45.59505665891167,0.0,45.30225216778353,0.0,0.0,0.0,0.0,0.0,0.0,0.0
10.0,5.06585329266463,0.0036806324952748,0.0036806324759382,0.999993226425693,0.999993226425721,49.41368522437381,0.0,49.97535846738819,0.0,45.59505665520582,0.0,45.30225210182014,0.0,0.0,0.0,0.0,0.0,0.0,0.0
10.0,5.06610330516526,0.0036806753863087,0.003680675366989,0.999993226268051,0.999993226268078,49.413685212177896,0.0,49.97535815363264,0.0,45.5950566514998,0.0,45.30225203585356,0.0,0.0,0.0,0.0,0.0,0.0,0.0
10.0,5.066353317665879,0.0036807182789152,0.0036807182596124,0.999993226110399,0.999993226110426,49.41368519998141,0.0,49.97535783986211,0.0,45.59505664779358,0.0,45.30225196988375,0.0,0.0,0.0,0.0,0.0,0.0,0.0
10.0,5.06660333016651,0.0036807611730942,0.0036807611538085,0.999993225952736,0.999993225952763,49.41368518778434,0.0,49.97535752607664,0.0,45.595056644087165,0.0,45.30225190391075,0.0,0.0,0.0,0.0,0.0,0.0,0.0
10.0,5.06685334266713,0.0036808040688457,0.0036808040495771,0.999993225795063,0.999993225795089,49.41368517558668,0.0,49.97535721227622,0.0,45.59505664038056,0.0,45.30225183793456,0.0,0.0,0.0,0.0,0.0,0.0,0.0
10.0,5.06710335516776,0.0036808469661696,0.0036808469469182,0.99999322563738,0.999993225637406,49.41368516338846,0.0,49.97535689846085,0.0,45.59505663667377,0.0,45.30225177195514,0.0,0.0,0.0,0.0,0.0,0.0,0.0
10.0,5.06735336766838,0.0036808898650659,0.0036808898458316,0.999993225479686,0.999993225479712,49.41368515118965,0.0,49.975356584630525,0.0,45.59505663296679,0.0,45.30225170597254,0.0,0.0,0.0,0.0,0.0,0.0,0.0
10.0,5.06760338016901,0.0036809327655344,0.0036809327463175,0.9999932253219828,0.999993225322008,49.41368513899026,0.0,49.97535627078526,0.0,45.59505662925961,0.0,45.30225163998672,0.0,0.0,0.0,0.0,0.0,0.0,0.0
10.0,5.06785339266963,0.0036809756675751,0.0036809756483756,0.999993225164269,0.9999932251642928,49.4136851267903,0.0,49.97535595692504,0.0,45.595056625552246,0.0,45.3022515739977,0.0,0.0,0.0,0.0,0.0,0.0,0.0
10.0,5.06810340517026,0.0036810185711881,0.003681018552006,0.999993225006545,0.999993225006569,49.41368511458976,0.0,49.97535564304986,0.0,45.59505662184469,0.0,45.30225150800548,0.0,0.0,0.0,0.0,0.0,0.0,0.0
10.0,5.06835341767088,0.0036810614763731,0.0036810614572085,0.99999322484881,0.999993224848835,49.41368510238864,0.0,49.97535532915973,0.0,45.59505661813693,0.0,45.302251442010046,0.0,0.0,0.0,0.0,0.0,0.0,0.0
10.0,5.06860343017151,0.0036811043831301,0.0036811043639832,0.999993224691066,0.99999322469109,49.41368509018695,0.0,49.97535501525466,0.0,45.595056614429,0.0,45.30225137601142,0.0,0.0,0.0,0.0,0.0,0.0,0.0
10.0,5.06885344267213,0.0036811472914591,0.0036811472723299,0.999993224533312,0.999993224533336,49.413685077984674,0.0,49.97535470133463,0.0,45.59505661072088,0.0,45.30225131000958,0.0,0.0,0.0,0.0,0.0,0.0,0.0
10.0,5.06910345517276,0.0036811902013601,0.0036811901822486,0.999993224375548,0.999993224375571,49.41368506578183,0.0,49.975354387399655,0.0,45.59505660701255,0.0,45.30225124400455,0.0,0.0,0.0,0.0,0.0,0.0,0.0
10.0,5.06935346767338,0.0036812331128329,0.0036812330937392,0.999993224217774,0.999993224217797,49.4136850535784,0.0,49.97535407344973,0.0,45.59505660330404,0.0,45.302251177996304,0.0,0.0,0.0,0.0,0.0,0.0,0.0
10.0,5.06960348017401,0.0036812760258775,0.0036812760068017,0.999993224059989,0.999993224060012,49.4136850413744,0.0,49.97535375948485,0.0,45.59505659959534,0.0,45.30225111198487,0.0,0.0,0.0,0.0,0.0,0.0,0.0
10.0,5.06985349267463,0.0036813189404938,0.003681318921436,0.9999932239021952,0.999993223902218,49.41368502916983,0.0,49.97535344550502,0.0,45.59505659588645,0.0,45.302251045970216,0.0,0.0,0.0,0.0,0.0,0.0,0.0
10.0,5.07010350517526,0.0036813618566818,0.003681361837642,0.999993223744391,0.999993223744413,49.41368501696468,0.0,49.975353131510246,0.0,45.595056592177365,0.0,45.30225097995236,0.0,0.0,0.0,0.0,0.0,0.0,0.0
10.0,5.07035351767588,0.0036814047744414,0.0036814047554197,0.999993223586577,0.999993223586599,49.41368500475895,0.0,49.97535281750052,0.0,45.59505658846809,0.0,45.30225091393131,0.0,0.0,0.0,0.0,0.0,0.0,0.0
10.0,5.07060353017651,0.0036814476937725,0.0036814476747691,0.999993223428754,0.999993223428775,49.41368499255266,0.0,49.97535250347585,0.0,45.59505658475863,0.0,45.30225084790705,0.0,0.0,0.0,0.0,0.0,0.0,0.0
10.0,5.07085354267713,0.0036814906146751,0.0036814905956899,0.99999322327092,0.999993223270941,49.41368498034578,0.0,49.97535218943622,0.0,45.59505658104898,0.0,45.30225078187958,0.0,0.0,0.0,0.0,0.0,0.0,0.0
10.0,5.07110355517776,0.0036815335371492,0.0036815335181823,0.999993223113077,0.999993223113098,49.413684968138334,0.0,49.97535187538164,0.0,45.59505657733913,0.0,45.302250715848906,0.0,0.0,0.0,0.0,0.0,0.0,0.0
10.0,5.07135356767838,0.0036815764611946,0.0036815764422461,0.999993222955224,0.999993222955245,49.41368495593032,0.0,49.97535156131212,0.0,45.5950565736291,0.0,45.30225064981504,0.0,0.0,0.0,0.0,0.0,0.0,0.0
10.0,5.07160358017901,0.0036816193868113,0.0036816193678813,0.999993222797361,0.999993222797381,49.41368494372172,0.0,49.97535124722764,0.0,45.59505656991887,0.0,45.30225058377796,0.0,0.0,0.0,0.0,0.0,0.0,0.0
10.0,5.07185359267963,0.0036816623139992,0.0036816622950878,0.999993222639488,0.9999932226395088,49.41368493151256,0.0,49.97535093312822,0.0,45.595056566208456,0.0,45.30225051773768,0.0,0.0,0.0,0.0,0.0,0.0,0.0
10.0,5.07210360518026,0.0036817052427583,0.0036817052238655,0.999993222481606,0.999993222481626,49.41368491930282,0.0,49.975350619013845,0.0,45.595056562497845,0.0,45.3022504516942,0.0,0.0,0.0,0.0,0.0,0.0,0.0
10.0,5.07235361768088,0.0036817481730886,0.0036817481542144,0.9999932223237152,0.999993222323734,49.41368490709251,0.0,49.97535030488453,0.0,45.59505655878704,0.0,45.30225038564752,0.0,0.0,0.0,0.0,0.0,0.0,0.0
10.0,5.07260363018151,0.0036817911049898,0.0036817910861344,0.999993222165813,0.9999932221658328,49.41368489488163,0.0,49.975349990740256,0.0,45.59505655507606,0.0,45.302250319597626,0.0,0.0,0.0,0.0,0.0,0.0,0.0
10.0,5.07285364268213,0.0036818340384621,0.0036818340196255,0.999993222007902,0.999993222007921,49.413684882670175,0.0,49.97534967658105,0.0,45.59505655136489,0.0,45.302250253544535,0.0,0.0,0.0,0.0,0.0,0.0,0.0
10.0,5.07310365518276,0.0036818769735053,0.0036818769546876,0.999993221849982,0.99999322185,49.41368487045815,0.0,49.97534936240689,0.0,45.59505654765352,0.0,45.30225018748824,0.0,0.0,0.0,0.0,0.0,0.0,0.0
10.0,5.07335366768338,0.0036819199101194,0.0036819198913207,0.999993221692051,0.99999322169207,49.413684858245546,0.0,49.97534904821777,0.0,45.59505654394196,0.0,45.302250121428735,0.0,0.0,0.0,0.0,0.0,0.0,0.0
10.0,5.07360368018401,0.0036819628483043,0.0036819628295246,0.999993221534112,0.99999322153413,49.41368484603239,0.0,49.9753487340137,0.0,45.5950565402302,0.0,45.30225005536603,0.0,0.0,0.0,0.0,0.0,0.0,0.0
10.0,5.07385369268463,0.0036820057880599,0.0036820057692993,0.999993221376163,0.9999932213761809,49.41368483381865,0.0,49.9753484197947,0.0,45.59505653651827,0.0,45.30224998930012,0.0,0.0,0.0,0.0,0.0,0.0,0.0
10.0,5.07410370518526,0.0036820487293862,0.0036820487106448,0.999993221218204,0.999993221218222,49.41368482160434,0.0,49.975348105560734,0.0,45.59505653280614,0.0,45.30224992323101,0.0,0.0,0.0,0.0,0.0,0.0,0.0
10.0,5.07435371768588,0.0036820916722831,0.003682091653561,0.999993221060236,0.999993221060254,49.413684809389466,0.0,49.97534779131183,0.0,45.59505652909382,0.0,45.30224985715869,0.0,0.0,0.0,0.0,0.0,0.0,0.0
10.0,5.07460373018651,0.0036821346167506,0.0036821345980478,0.9999932209022588,0.999993220902276,49.41368479717403,0.0,49.975347477047976,0.0,45.5950565253813,0.0,45.30224979108317,0.0,0.0,0.0,0.0,0.0,0.0,0.0
10.0,5.07485374268713,0.0036821775627886,0.0036821775441051,0.999993220744272,0.999993220744289,49.413684784958015,0.0,49.97534716276918,0.0,45.59505652166861,0.0,45.30224972500445,0.0,0.0,0.0,0.0,0.0,0.0,0.0
10.0,5.07510375518776,0.0036822205103971,0.003682220491733,0.999993220586275,0.999993220586293,49.41368477274143,0.0,49.97534684847543,0.0,45.59505651795572,0.0,45.30224965892253,0.0,0.0,0.0,0.0,0.0,0.0,0.0
10.0,5.07535376768838,0.0036822634595759,0.0036822634409313,0.99999322042827,0.9999932204282872,49.41368476052428,0.0,49.97534653416673,0.0,45.59505651424264,0.0,45.3022495928374,0.0,0.0,0.0,0.0,0.0,0.0,0.0
10.0,5.07560378018901,0.003682306410325,0.0036823063917,0.999993220270255,0.999993220270271,49.413684748306565,0.0,49.9753462198431,0.0,45.59505651052937,0.0,45.30224952674906,0.0,0.0,0.0,0.0,0.0,0.0,0.0
10.0,5.07585379268963,0.0036823493626443,0.003682349344039,0.999993220112231,0.999993220112247,49.41368473608828,0.0,49.97534590550451,0.0,45.5950565068159,0.0,45.30224946065752,0.0,0.0,0.0,0.0,0.0,0.0,0.0
10.0,5.07610380519026,0.0036823923165339,0.0036823922979483,0.999993219954197,0.999993219954213,49.41368472386943,0.0,49.97534559115096,0.0,45.595056503102256,0.0,45.30224939456278,0.0,0.0,0.0,0.0,0.0,0.0,0.0
10.0,5.07635381769088,0.0036824352719936,0.0036824352534278,0.999993219796154,0.99999321979617,49.413684711650006,0.0,49.97534527678248,0.0,45.595056499388406,0.0,45.30224932846484,0.0,0.0,0.0,0.0,0.0,0.0,0.0
10.0,5.076603830191511,0.0036824782290233,0.0036824782104774,0.999993219638102,0.999993219638118,49.41368469943002,0.0,49.97534496239906,0.0,45.59505649567439,0.0,45.302249262363695,0.0,0.0,0.0,0.0,0.0,0.0,0.0
10.0,5.07685384269213,0.0036825211876231,0.0036825211690971,0.999993219480041,0.999993219480056,49.41368468720947,0.0,49.97534464800068,0.0,45.59505649196016,0.0,45.30224919625934,0.0,0.0,0.0,0.0,0.0,0.0,0.0
10.0,5.07710385519276,0.0036825641477928,0.0036825641292868,0.99999321932197,0.999993219321986,49.41368467498835,0.0,49.975344333587365,0.0,45.59505648824574,0.0,45.302249130151786,0.0,0.0,0.0,0.0,0.0,0.0,0.0
10.0,5.07735386769338,0.0036826071095324,0.0036826070910464,0.999993219163891,0.999993219163906,49.41368466276667,0.0,49.97534401915908,0.0,45.595056484531135,0.0,45.30224906404103,0.0,0.0,0.0,0.0,0.0,0.0,0.0
10.0,5.07760388019401,0.0036826500728418,0.003682650054376,0.999993219005802,0.999993219005817,49.41368465054442,0.0,49.97534370471588,0.0,45.595056480816346,0.0,45.302248997927066,0.0,0.0,0.0,0.0,0.0,0.0,0.0
10.0,5.07785389269463,0.003682693037721,0.0036826930192753,0.999993218847704,0.999993218847719,49.41368463832161,0.0,49.97534339025771,0.0,45.59505647710137,0.0,45.3022489318099,0.0,0.0,0.0,0.0,0.0,0.0,0.0
10.0,5.07810390519526,0.0036827360041699,0.0036827359857445,0.999993218689597,0.999993218689612,49.41368462609823,0.0,49.97534307578461,0.0,45.595056473386194,0.0,45.302248865689535,0.0,0.0,0.0,0.0,0.0,0.0,0.0
10.0,5.07835391769588,0.0036827789721884,0.0036827789537833,0.9999932185314808,0.999993218531495,49.413684613874295,0.0,49.97534276129655,0.0,45.59505646967083,0.0,45.302248799565966,0.0,0.0,0.0,0.0,0.0,0.0,0.0
10.0,5.07860393019651,0.0036828219417765,0.0036828219233918,0.999993218373355,0.99999321837337,49.41368460164979,0.0,49.97534244679356,0.0,45.59505646595528,0.0,45.30224873343919,0.0,0.0,0.0,0.0,0.0,0.0,0.0
10.0,5.07885394269714,0.0036828649129341,0.0036828648945698,0.9999932182152208,0.999993218215235,49.41368458942472,0.0,49.97534213227561,0.0,45.59505646223953,0.0,45.30224866730921,0.0,0.0,0.0,0.0,0.0,0.0,0.0
10.0,5.07910395519776,0.0036829078856611,0.0036829078673174,0.999993218057078,0.999993218057092,49.413684577199085,0.0,49.97534181774273,0.0,45.5950564585236,0.0,45.30224860117602,0.0,0.0,0.0,0.0,0.0,0.0,0.0
10.0,5.07935396769839,0.0036829508599576,0.0036829508416344,0.999993217898925,0.999993217898939,49.41368456497289,0.0,49.97534150319489,0.0,45.59505645480749,0.0,45.30224853503964,0.0,0.0,0.0,0.0,0.0,0.0,0.0
10.0,5.07960398019901,0.0036829938358234,0.0036829938175208,0.999993217740764,0.999993217740777,49.41368455274614,0.0,49.97534118863212,0.0,45.595056451091175,0.0,45.302248468900046,0.0,0.0,0.0,0.0,0.0,0.0,0.0
10.0,5.07985399269963,0.0036830368132584,0.0036830367949766,0.999993217582593,0.999993217582607,49.41368454051882,0.0,49.97534087405439,0.0,45.59505644737467,0.0,45.30224840275725,0.0,0.0,0.0,0.0,0.0,0.0,0.0
10.0,5.08010400520026,0.0036830797922626,0.0036830797740016,0.999993217424414,0.999993217424427,49.413684528290936,0.0,49.97534055946172,0.0,45.59505644365797,0.0,45.302248336611264,0.0,0.0,0.0,0.0,0.0,0.0,0.0
10.0,5.08035401770089,0.003683122772836,0.0036831227545958,0.999993217266225,0.999993217266239,49.413684516062496,0.0,49.9753402448541,0.0,45.59505643994109,0.0,45.30224827046206,0.0,0.0,0.0,0.0,0.0,0.0,0.0
10.0,5.08060403020151,0.0036831657549785,0.0036831657367592,0.999993217108028,0.999993217108041,49.41368450383349,0.0,49.97533993023155,0.0,45.59505643622402,0.0,45.302248204309656,0.0,0.0,0.0,0.0,0.0,0.0,0.0
10.0,5.08085404270213,0.00368320873869,0.0036832087204917,0.999993216949822,0.999993216949835,49.41368449160392,0.0,49.975339615594045,0.0,45.59505643250675,0.0,45.30224813815405,0.0,0.0,0.0,0.0,0.0,0.0,0.0
10.0,5.08110405520276,0.0036832517239705,0.0036832517057932,0.999993216791607,0.99999321679162,49.413684479373806,0.0,49.9753393009416,0.0,45.5950564287893,0.0,45.30224807199524,0.0,0.0,0.0,0.0,0.0,0.0,0.0
10.0,5.08135406770339,0.0036832947108198,0.0036832946926636,0.9999932166333833,0.999993216633396,49.41368446714311,0.0,49.9753389862742,0.0,45.59505642507165,0.0,45.30224800583323,0.0,0.0,0.0,0.0,0.0,0.0,0.0
10.0,5.08160408020401,0.003683337699238,0.003683337681103,0.99999321647515,0.999993216475162,49.41368445491187,0.0,49.97533867159187,0.0,45.59505642135383,0.0,45.302247939668014,0.0,0.0,0.0,0.0,0.0,0.0,0.0
10.0,5.08185409270464,0.003683380689225,0.0036833806711112,0.999993216316908,0.999993216316921,49.41368444268007,0.0,49.97533835689459,0.0,45.5950564176358,0.0,45.30224787349958,0.0,0.0,0.0,0.0,0.0,0.0,0.0
10.0,5.082104105205259,0.0036834236807806,0.0036834236626881,0.999993216158658,0.99999321615867,49.41368443044771,0.0,49.975338042182365,0.0,45.5950564139176,0.0,45.30224780732797,0.0,0.0,0.0,0.0,0.0,0.0,0.0
10.0,5.08235411770588,0.003683466673905,0.0036834666558338,0.999993216000398,0.99999321600041,49.41368441821479,0.0,49.9753377274552,0.0,45.5950564101992,0.0,45.30224774115314,0.0,0.0,0.0,0.0,0.0,0.0,0.0
10.0,5.08260413020651,0.0036835096685979,0.0036835096505482,0.99999321584213,0.999993215842142,49.41368440598131,0.0,49.97533741271308,0.0,45.59505640648061,0.0,45.30224767497511,0.0,0.0,0.0,0.0,0.0,0.0,0.0
10.0,5.08285414270714,0.0036835526648593,0.0036835526468311,0.999993215683853,0.999993215683865,49.41368439374727,0.0,49.97533709795603,0.0,45.59505640276183,0.0,45.30224760879389,0.0,0.0,0.0,0.0,0.0,0.0,0.0
10.0,5.08310415520776,0.0036835956626893,0.0036835956446826,0.999993215525568,0.999993215525579,49.413684381512674,0.0,49.975336783184034,0.0,45.59505639904285,0.0,45.30224754260944,0.0,0.0,0.0,0.0,0.0,0.0,0.0
10.0,5.08335416770839,0.0036836386620876,0.0036836386441025,0.999993215367273,0.999993215367284,49.413684369277526,0.0,49.97533646839709,0.0,45.59505639532369,0.0,45.302247476421805,0.0,0.0,0.0,0.0,0.0,0.0,0.0
10.0,5.08360418020901,0.0036836816630543,0.0036836816450908,0.99999321520897,0.999993215208981,49.41368435704182,0.0,49.97533615359521,0.0,45.59505639160434,0.0,45.30224741023096,0.0,0.0,0.0,0.0,0.0,0.0,0.0
10.0,5.08385419270964,0.0036837246655892,0.0036837246476475,0.999993215050658,0.9999932150506688,49.413684344805546,0.0,49.97533583877837,0.0,45.5950563878848,0.0,45.302247344036914,0.0,0.0,0.0,0.0,0.0,0.0,0.0
10.0,5.08410420521026,0.0036837676696924,0.0036837676517724,0.9999932148923368,0.999993214892348,49.41368433256873,0.0,49.975335523946605,0.0,45.59505638416507,0.0,45.30224727783966,0.0,0.0,0.0,0.0,0.0,0.0,0.0
10.0,5.08435421771089,0.0036838106753637,0.0036838106574656,0.999993214734007,0.999993214734018,49.41368432033135,0.0,49.97533520909989,0.0,45.59505638044515,0.0,45.302247211639205,0.0,0.0,0.0,0.0,0.0,0.0,0.0
10.0,5.08460423021151,0.0036838536826031,0.003683853664727,0.999993214575669,0.99999321457568,49.413684308093416,0.0,49.97533489423823,0.0,45.59505637672505,0.0,45.30224714543556,0.0,0.0,0.0,0.0,0.0,0.0,0.0
10.0,5.08485424271214,0.0036838966914106,0.0036838966735564,0.999993214417322,0.999993214417333,49.413684295854935,0.0,49.97533457936164,0.0,45.595056373004745,0.0,45.30224707922869,0.0,0.0,0.0,0.0,0.0,0.0,0.0
10.0,5.08510425521276,0.003683939701786,0.0036839396839539,0.999993214258967,0.999993214258977,49.413684283615886,0.0,49.97533426447009,0.0,45.59505636928426,0.0,45.30224701301863,0.0,0.0,0.0,0.0,0.0,0.0,0.0
10.0,5.08535426771339,0.0036839827137294,0.0036839826959193,0.999993214100603,0.999993214100613,49.41368427137628,0.0,49.97533394956361,0.0,45.59505636556358,0.0,45.30224694680537,0.0,0.0,0.0,0.0,0.0,0.0,0.0
10.0,5.08560428021401,0.0036840257272406,0.0036840257094527,0.99999321394223,0.99999321394224,49.41368425913613,0.0,49.97533363464219,0.0,45.59505636184271,0.0,45.302246880588896,0.0,0.0,0.0,0.0,0.0,0.0,0.0
10.0,5.08585429271464,0.0036840687423196,0.0036840687245539,0.999993213783849,0.999993213783859,49.41368424689542,0.0,49.97533331970582,0.0,45.59505635812166,0.0,45.30224681436923,0.0,0.0,0.0,0.0,0.0,0.0,0.0
10.0,5.08610430521526,0.0036841117589663,0.0036841117412229,0.999993213625459,0.999993213625469,49.41368423465417,0.0,49.97533300475451,0.0,45.59505635440041,0.0,45.30224674814635,0.0,0.0,0.0,0.0,0.0,0.0,0.0
10.0,5.08635431771588,0.0036841547771807,0.0036841547594596,0.9999932134670602,0.9999932134670702,49.41368422241235,0.0,49.975332689788246,0.0,45.59505635067897,0.0,45.302246681920266,0.0,0.0,0.0,0.0,0.0,0.0,0.0
10.0,5.08660433021651,0.0036841977969627,0.003684197779264,0.999993213308653,0.999993213308663,49.41368421016999,0.0,49.97533237480706,0.0,45.59505634695735,0.0,45.30224661569098,0.0,0.0,0.0,0.0,0.0,0.0,0.0
10.0,5.08685434271714,0.0036842408183122,0.0036842408006359,0.999993213150237,0.999993213150247,49.41368419792707,0.0,49.97533205981093,0.0,45.595056343235534,0.0,45.3022465494585,0.0,0.0,0.0,0.0,0.0,0.0,0.0
10.0,5.08710435521776,0.0036842838412292,0.0036842838235755,0.9999932129918128,0.999993212991822,49.4136841856836,0.0,49.975331744799846,0.0,45.59505633951353,0.0,45.30224648322282,0.0,0.0,0.0,0.0,0.0,0.0,0.0
10.0,5.08735436771839,0.0036843268657137,0.0036843268480825,0.99999321283338,0.999993212833389,49.413684173439584,0.0,49.97533142977383,0.0,45.59505633579134,0.0,45.30224641698392,0.0,0.0,0.0,0.0,0.0,0.0,0.0
10.0,5.087604380219009,0.0036843698917655,0.0036843698741569,0.999993212674939,0.999993212674948,49.413684161195015,0.0,49.97533111473287,0.0,45.59505633206896,0.0,45.30224635074183,0.0,0.0,0.0,0.0,0.0,0.0,0.0
10.0,5.08785439271964,0.0036844129193846,0.0036844129017987,0.999993212516489,0.999993212516498,49.41368414894989,0.0,49.97533079967697,0.0,45.59505632834638,0.0,45.302246284496526,0.0,0.0,0.0,0.0,0.0,0.0,0.0
10.0,5.08810440522026,0.0036844559485709,0.0036844559310078,0.99999321235803,0.9999932123580388,49.41368413670422,0.0,49.975330484606125,0.0,45.59505632462362,0.0,45.30224621824803,0.0,0.0,0.0,0.0,0.0,0.0,0.0
10.0,5.08835441772089,0.0036844989793244,0.0036844989617841,0.999993212199563,0.999993212199572,49.413684124458,0.0,49.97533016952034,0.0,45.59505632090067,0.0,45.30224615199633,0.0,0.0,0.0,0.0,0.0,0.0,0.0
10.0,5.08860443022151,0.003684542011645,0.0036845419941275,0.999993212041088,0.999993212041097,49.41368411221122,0.0,49.97532985441961,0.0,45.59505631717752,0.0,45.30224608574142,0.0,0.0,0.0,0.0,0.0,0.0,0.0
10.0,5.08885444272214,0.0036845850455327,0.0036845850280381,0.999993211882604,0.999993211882612,49.413684099963895,0.0,49.97532953930396,0.0,45.595056313454194,0.0,45.30224601948331,0.0,0.0,0.0,0.0,0.0,0.0,0.0
10.0,5.08910445522276,0.0036846280809874,0.0036846280635157,0.999993211724111,0.99999321172412,49.41368408771602,0.0,49.97532922417335,0.0,45.59505630973067,0.0,45.30224595322199,0.0,0.0,0.0,0.0,0.0,0.0,0.0
10.0,5.08935446772339,0.003684671118009,0.0036846711005604,0.9999932115656102,0.999993211565619,49.4136840754676,0.0,49.97532890902781,0.0,45.59505630600697,0.0,45.30224588695748,0.0,0.0,0.0,0.0,0.0,0.0,0.0
10.0,5.08960448022401,0.0036847141565974,0.0036847141391719,0.999993211407101,0.99999321140711,49.41368406321863,0.0,49.97532859386731,0.0,45.59505630228307,0.0,45.30224582068976,0.0,0.0,0.0,0.0,0.0,0.0,0.0
10.0,5.08985449272464,0.0036847571967527,0.0036847571793503,0.999993211248584,0.999993211248592,49.41368405096912,0.0,49.97532827869189,0.0,45.59505629855899,0.0,45.302245754418834,0.0,0.0,0.0,0.0,0.0,0.0,0.0
10.0,5.09010450522526,0.0036848002384747,0.0036848002210955,0.999993211090057,0.999993211090065,49.413684038719055,0.0,49.975327963501535,0.0,45.59505629483471,0.0,45.30224568814471,0.0,0.0,0.0,0.0,0.0,0.0,0.0
10.0,5.09035451772589,0.0036848432817634,0.0036848432644074,0.999993210931523,0.999993210931531,49.41368402646844,0.0,49.97532764829622,0.0,45.59505629111024,0.0,45.302245621867385,0.0,0.0,0.0,0.0,0.0,0.0,0.0
10.0,5.09060453022651,0.0036848863266187,0.003684886309286,0.99999321077298,0.999993210772988,49.41368401421728,0.0,49.97532733307597,0.0,45.59505628738558,0.0,45.30224555558685,0.0,0.0,0.0,0.0,0.0,0.0,0.0
10.0,5.09085454272714,0.0036849293730405,0.0036849293557313,0.999993210614428,0.999993210614436,49.41368400196557,0.0,49.97532701784079,0.0,45.59505628366074,0.0,45.30224548930312,0.0,0.0,0.0,0.0,0.0,0.0,0.0
10.0,5.09110455522776,0.0036849724210289,0.003684972403743,0.999993210455868,0.999993210455876,49.41368398971332,0.0,49.97532670259066,0.0,45.5950562799357,0.0,45.30224542301618,0.0,0.0,0.0,0.0,0.0,0.0,0.0
10.0,5.09135456772839,0.0036850154705837,0.0036850154533213,0.9999932102973,0.999993210297308,49.41368397746053,0.0,49.9753263873256,0.0,45.595056276210485,0.0,45.30224535672604,0.0,0.0,0.0,0.0,0.0,0.0,0.0
10.0,5.09160458022901,0.0036850585217049,0.003685058504466,0.999993210138724,0.9999932101387308,49.41368396520718,0.0,49.9753260720456,0.0,45.59505627248506,0.0,45.30224529043269,0.0,0.0,0.0,0.0,0.0,0.0,0.0
10.0,5.09185459272964,0.0036851015743923,0.0036851015571771,0.999993209980139,0.999993209980146,49.4136839529533,0.0,49.97532575675066,0.0,45.59505626875946,0.0,45.30224522413614,0.0,0.0,0.0,0.0,0.0,0.0,0.0
10.0,5.09210460523026,0.0036851446286461,0.0036851446114544,0.999993209821545,0.9999932098215528,49.41368394069886,0.0,49.975325441440766,0.0,45.59505626503368,0.0,45.3022451578364,0.0,0.0,0.0,0.0,0.0,0.0,0.0
10.0,5.092354617730891,0.003685187684466,0.003685187667298,0.999993209662944,0.9999932096629512,49.41368392844389,0.0,49.97532512611594,0.0,45.59505626130769,0.0,45.30224509153344,0.0,0.0,0.0,0.0,0.0,0.0,0.0
10.0,5.09260463023151,0.003685230741852,0.0036852307247078,0.999993209504334,0.999993209504341,49.41368391618837,0.0,49.97532481077619,0.0,45.595056257581525,0.0,45.302245025227286,0.0,0.0,0.0,0.0,0.0,0.0,0.0
10.0,5.09285464273214,0.0036852738008042,0.0036852737836837,0.999993209345716,0.9999932093457232,49.413683903932295,0.0,49.97532449542149,0.0,45.59505625385516,0.0,45.302244958917925,0.0,0.0,0.0,0.0,0.0,0.0,0.0
10.0,5.09310465523276,0.0036853168613223,0.0036853168442257,0.999993209187089,0.999993209187096,49.41368389167569,0.0,49.97532418005186,0.0,45.59505625012861,0.0,45.302244892605366,0.0,0.0,0.0,0.0,0.0,0.0,0.0
10.0,5.09335466773339,0.0036853599234063,0.0036853599063336,0.999993209028454,0.999993209028461,49.41368387941854,0.0,49.97532386466728,0.0,45.595056246401874,0.0,45.3022448262896,0.0,0.0,0.0,0.0,0.0,0.0,0.0
10.0,5.09360468023401,0.0036854029870563,0.0036854029700075,0.99999320886981,0.999993208869818,49.41368386716085,0.0,49.97532354926776,0.0,45.59505624267495,0.0,45.30224475997064,0.0,0.0,0.0,0.0,0.0,0.0,0.0
10.0,5.09385469273464,0.003685446052272,0.0036854460352473,0.999993208711159,0.999993208711166,49.41368385490261,0.0,49.97532323385331,0.0,45.59505623894784,0.0,45.30224469364846,0.0,0.0,0.0,0.0,0.0,0.0,0.0
10.0,5.09410470523526,0.0036854891190536,0.0036854891020529,0.999993208552499,0.999993208552506,49.41368384264384,0.0,49.97532291842393,0.0,45.595056235220525,0.0,45.30224462732309,0.0,0.0,0.0,0.0,0.0,0.0,0.0
10.0,5.09435471773589,0.0036855321874008,0.0036855321704242,0.999993208393831,0.999993208393838,49.413683830384514,0.0,49.97532260297959,0.0,45.59505623149304,0.0,45.30224456099452,0.0,0.0,0.0,0.0,0.0,0.0,0.0
10.0,5.09460473023651,0.0036855752573136,0.0036855752403612,0.999993208235155,0.999993208235161,49.41368381812465,0.0,49.97532228752032,0.0,45.59505622776536,0.0,45.30224449466273,0.0,0.0,0.0,0.0,0.0,0.0,0.0
10.0,5.09485474273714,0.0036856183287921,0.0036856183118639,0.99999320807647,0.999993208076477,49.41368380586425,0.0,49.97532197204612,0.0,45.59505622403748,0.0,45.30224442832775,0.0,0.0,0.0,0.0,0.0,0.0,0.0
10.0,5.09510475523776,0.003685661401836,0.003685661384932,0.999993207917777,0.999993207917784,49.41368379360331,0.0,49.97532165655698,0.0,45.595056220309424,0.0,45.30224436198956,0.0,0.0,0.0,0.0,0.0,0.0,0.0
10.0,5.09535476773839,0.0036857044764454,0.0036857044595657,0.999993207759076,0.999993207759083,49.41368378134183,0.0,49.97532134105289,0.0,45.59505621658117,0.0,45.30224429564818,0.0,0.0,0.0,0.0,0.0,0.0,0.0
10.0,5.09560478023901,0.0036857475526202,0.0036857475357649,0.999993207600367,0.999993207600373,49.41368376907981,0.0,49.97532102553388,0.0,45.59505621285274,0.0,45.30224422930359,0.0,0.0,0.0,0.0,0.0,0.0,0.0
10.0,5.09585479273964,0.0036857906303603,0.0036857906135294,0.999993207441649,0.999993207441656,49.41368375681726,0.0,49.97532070999993,0.0,45.5950562091241,0.0,45.30224416295579,0.0,0.0,0.0,0.0,0.0,0.0,0.0
10.0,5.09610480524026,0.0036858337096656,0.0036858336928592,0.999993207282923,0.99999320728293,49.41368374455416,0.0,49.97532039445103,0.0,45.59505620539529,0.0,45.3022440966048,0.0,0.0,0.0,0.0,0.0,0.0,0.0
10.0,5.09635481774089,0.0036858767905362,0.0036858767737543,0.9999932071241892,0.999993207124196,49.41368373229052,0.0,49.9753200788872,0.0,45.59505620166628,0.0,45.3022440302506,0.0,0.0,0.0,0.0,0.0,0.0,0.0
10.0,5.09660483024151,0.0036859198729719,0.0036859198562146,0.999993206965447,0.9999932069654532,49.41368372002636,0.0,49.97531976330844,0.0,45.59505619793708,0.0,45.30224396389319,0.0,0.0,0.0,0.0,0.0,0.0,0.0
10.0,5.09685484274214,0.0036859629569727,0.00368596294024,0.999993206806697,0.9999932068067028,49.41368370776164,0.0,49.97531944771474,0.0,45.59505619420771,0.0,45.30224389753258,0.0,0.0,0.0,0.0,0.0,0.0,0.0
10.0,5.09710485524276,0.0036860060425385,0.0036860060258305,0.999993206647938,0.999993206647944,49.41368369549639,0.0,49.9753191321061,0.0,45.59505619047813,0.0,45.30224383116877,0.0,0.0,0.0,0.0,0.0,0.0,0.0
10.0,5.09735486774339,0.0036860491296693,0.0036860491129859,0.999993206489171,0.999993206489177,49.4136836832306,0.0,49.97531881648252,0.0,45.595056186748366,0.0,45.302243764801766,0.0,0.0,0.0,0.0,0.0,0.0,0.0
10.0,5.09760488024401,0.003686092218365,0.0036860922017064,0.999993206330396,0.999993206330402,49.41368367096428,0.0,49.97531850084401,0.0,45.59505618301842,0.0,45.30224369843155,0.0,0.0,0.0,0.0,0.0,0.0,0.0
10.0,5.097854892744641,0.0036861353086254,0.0036861352919917,0.9999932061716128,0.999993206171619,49.413683658697416,0.0,49.97531818519056,0.0,45.59505617928827,0.0,45.302243632058136,0.0,0.0,0.0,0.0,0.0,0.0,0.0
10.0,5.09810490524526,0.0036861784004507,0.0036861783838418,0.9999932060128222,0.999993206012828,49.413683646430016,0.0,49.97531786952217,0.0,45.59505617555794,0.0,45.30224356568152,0.0,0.0,0.0,0.0,0.0,0.0,0.0
10.0,5.09835491774589,0.0036862214938407,0.0036862214772567,0.999993205854022,0.999993205854028,49.41368363416209,0.0,49.975317553838856,0.0,45.59505617182743,0.0,45.30224349930169,0.0,0.0,0.0,0.0,0.0,0.0,0.0
10.0,5.09860493024651,0.0036862645887953,0.0036862645722362,0.999993205695215,0.99999320569522,49.413683621893625,0.0,49.9753172381406,0.0,45.595056168096725,0.0,45.30224343291867,0.0,0.0,0.0,0.0,0.0,0.0,0.0
10.0,5.09885494274714,0.0036863076853146,0.0036863076687805,0.999993205536399,0.999993205536404,49.41368360962464,0.0,49.9753169224274,0.0,45.59505616436583,0.0,45.30224336653245,0.0,0.0,0.0,0.0,0.0,0.0,0.0
10.0,5.09910495524776,0.0036863507833983,0.0036863507668892,0.999993205377575,0.99999320537758,49.413683597355096,0.0,49.97531660669927,0.0,45.59505616063475,0.0,45.30224330014301,0.0,0.0,0.0,0.0,0.0,0.0,0.0
10.0,5.09935496774839,0.0036863938830465,0.0036863938665625,0.999993205218743,0.999993205218748,49.41368358508503,0.0,49.97531629095621,0.0,45.59505615690348,0.0,45.30224323375037,0.0,0.0,0.0,0.0,0.0,0.0,0.0
10.0,5.09960498024901,0.0036864369842591,0.0036864369678003,0.9999932050599032,0.999993205059908,49.41368357281444,0.0,49.97531597519821,0.0,45.59505615317202,0.0,45.30224316735455,0.0,0.0,0.0,0.0,0.0,0.0,0.0
10.0,5.09985499274964,0.0036864800870361,0.0036864800706024,0.999993204901054,0.9999932049010593,49.4136835605433,0.0,49.97531565942527,0.0,45.59505614944036,0.0,45.3022431009555,0.0,0.0,0.0,0.0,0.0,0.0,0.0
10.0,5.100105005250261,0.0036865231913773,0.0036865231749689,0.999993204742198,0.999993204742203,49.41368354827163,0.0,49.9753153436374,0.0,45.595056145708526,0.0,45.302243034553264,0.0,0.0,0.0,0.0,0.0,0.0,0.0
10.0,5.10035501775089,0.0036865662972828,0.0036865662808996,0.999993204583333,0.999993204583338,49.41368353599944,0.0,49.9753150278346,0.0,45.5950561419765,0.0,45.302242968147816,0.0,0.0,0.0,0.0,0.0,0.0,0.0
10.0,5.10060503025151,0.0036866094047524,0.0036866093883945,0.99999320442446,0.999993204424465,49.41368352372671,0.0,49.97531471201685,0.0,45.595056138244274,0.0,45.30224290173917,0.0,0.0,0.0,0.0,0.0,0.0,0.0
10.0,5.10085504275214,0.0036866525137861,0.0036866524974536,0.99999320426558,0.999993204265585,49.41368351145344,0.0,49.97531439618418,0.0,45.59505613451187,0.0,45.30224283532732,0.0,0.0,0.0,0.0,0.0,0.0,0.0
10.0,5.10110505525276,0.0036866956243839,0.0036866956080767,0.999993204106691,0.999993204106696,49.41368349917965,0.0,49.97531408033657,0.0,45.59505613077928,0.0,45.30224276891227,0.0,0.0,0.0,0.0,0.0,0.0,0.0
10.0,5.10135506775339,0.0036867387365456,0.0036867387202639,0.999993203947794,0.999993203947799,49.413683486905335,0.0,49.97531376447403,0.0,45.5950561270465,0.0,45.30224270249402,0.0,0.0,0.0,0.0,0.0,0.0,0.0
10.0,5.10160508025401,0.0036867818502712,0.003686781834015,0.999993203788889,0.9999932037888932,49.41368347463048,0.0,49.97531344859655,0.0,45.59505612331352,0.0,45.30224263607256,0.0,0.0,0.0,0.0,0.0,0.0,0.0
10.0,5.10185509275464,0.0036868249655606,0.00368682494933,0.999993203629976,0.99999320362998,49.41368346235509,0.0,49.97531313270413,0.0,45.59505611958036,0.0,45.3022425696479,0.0,0.0,0.0,0.0,0.0,0.0,0.0
10.0,5.10210510525526,0.0036868680824139,0.0036868680662088,0.9999932034710548,0.999993203471059,49.413683450079176,0.0,49.97531281679677,0.0,45.59505611584701,0.0,45.30224250322004,0.0,0.0,0.0,0.0,0.0,0.0,0.0
10.0,5.10235511775589,0.0036869112008309,0.0036869111846515,0.9999932033121252,0.99999320331213,49.41368343780274,0.0,49.975312500874495,0.0,45.59505611211348,0.0,45.30224243678897,0.0,0.0,0.0,0.0,0.0,0.0,0.0
10.0,5.10260513025651,0.0036869543208116,0.0036869543046578,0.9999932031531878,0.999993203153193,49.41368342552576,0.0,49.97531218493728,0.0,45.59505610837975,0.0,45.30224237035471,0.0,0.0,0.0,0.0,0.0,0.0,0.0
10.0,5.10285514275714,0.0036869974423558,0.0036869974262277,0.999993202994242,0.999993202994247,49.41368341324827,0.0,49.97531186898513,0.0,45.59505610464584,0.0,45.302242303917225,0.0,0.0,0.0,0.0,0.0,0.0,0.0
10.0,5.10310515525776,0.0036870405654636,0.0036870405493613,0.9999932028352893,0.999993202835293,49.41368340097024,0.0,49.975311553018045,0.0,45.59505610091173,0.0,45.30224223747656,0.0,0.0,0.0,0.0,0.0,0.0,0.0
10.0,5.103355167758389,0.0036870836901349,0.0036870836740583,0.999993202676328,0.999993202676332,49.413683388691695,0.0,49.97531123703602,0.0,45.59505609717744,0.0,45.30224217103268,0.0,0.0,0.0,0.0,0.0,0.0,0.0
10.0,5.10360518025901,0.0036871268163695,0.0036871268003188,0.999993202517358,0.999993202517362,49.41368337641261,0.0,49.97531092103907,0.0,45.59505609344296,0.0,45.3022421045856,0.0,0.0,0.0,0.0,0.0,0.0,0.0
10.0,5.10385519275964,0.0036871699441676,0.0036871699281428,0.99999320235838,0.999993202358385,49.413683364133,0.0,49.975310605027175,0.0,45.59505608970829,0.0,45.30224203813532,0.0,0.0,0.0,0.0,0.0,0.0,0.0
10.0,5.10410520526026,0.0036872130735289,0.00368721305753,0.999993202199395,0.999993202199399,49.41368335185287,0.0,49.97531028900036,0.0,45.59505608597343,0.0,45.30224197168183,0.0,0.0,0.0,0.0,0.0,0.0,0.0
10.0,5.10435521776089,0.0036872562044535,0.0036872561884805,0.999993202040401,0.999993202040405,49.4136833395722,0.0,49.975309972958605,0.0,45.59505608223838,0.0,45.30224190522515,0.0,0.0,0.0,0.0,0.0,0.0,0.0
10.0,5.10460523026151,0.0036872993369413,0.0036872993209943,0.999993201881399,0.999993201881403,49.41368332729102,0.0,49.97530965690192,0.0,45.59505607850314,0.0,45.30224183876526,0.0,0.0,0.0,0.0,0.0,0.0,0.0
10.0,5.10485524276214,0.0036873424709921,0.0036873424550712,0.99999320172239,0.999993201722394,49.41368331500931,0.0,49.9753093408303,0.0,45.59505607476772,0.0,45.30224177230217,0.0,0.0,0.0,0.0,0.0,0.0,0.0
10.0,5.10510525526276,0.003687385606606,0.0036873855907111,0.999993201563372,0.999993201563376,49.41368330272707,0.0,49.975309024743744,0.0,45.5950560710321,0.0,45.30224170583587,0.0,0.0,0.0,0.0,0.0,0.0,0.0
10.0,5.10535526776339,0.0036874287437829,0.0036874287279141,0.999993201404346,0.99999320140435,49.41368329044431,0.0,49.97530870864226,0.0,45.59505606729631,0.0,45.30224163936638,0.0,0.0,0.0,0.0,0.0,0.0,0.0
10.0,5.105605280264009,0.0036874718825227,0.0036874718666801,0.999993201245312,0.999993201245316,49.41368327816103,0.0,49.97530839252584,0.0,45.59505606356032,0.0,45.30224157289368,0.0,0.0,0.0,0.0,0.0,0.0,0.0
10.0,5.10585529276464,0.0036875150228254,0.003687515007009,0.999993201086271,0.999993201086274,49.41368326587722,0.0,49.97530807639449,0.0,45.59505605982414,0.0,45.30224150641778,0.0,0.0,0.0,0.0,0.0,0.0,0.0
10.0,5.10610530526526,0.0036875581646909,0.0036875581489007,0.999993200927221,0.9999932009272252,49.413683253592886,0.0,49.97530776024821,0.0,45.59505605608777,0.0,45.30224143993868,0.0,0.0,0.0,0.0,0.0,0.0,0.0
10.0,5.10635531776589,0.0036876013081191,0.0036876012923552,0.999993200768163,0.999993200768167,49.41368324130804,0.0,49.975307444086994,0.0,45.5950560523512,0.0,45.30224137345636,0.0,0.0,0.0,0.0,0.0,0.0,0.0
10.0,5.10660533026651,0.00368764445311,0.0036876444373724,0.999993200609097,0.999993200609101,49.41368322902266,0.0,49.975307127910845,0.0,45.59505604861447,0.0,45.302241306970856,0.0,0.0,0.0,0.0,0.0,0.0,0.0
10.0,5.10685534276714,0.0036876875996635,0.0036876875839522,0.999993200450024,0.9999932004500282,49.41368321673676,0.0,49.97530681171977,0.0,45.59505604487754,0.0,45.30224124048215,0.0,0.0,0.0,0.0,0.0,0.0,0.0
10.0,5.10710535526776,0.0036877307477796,0.0036877307320947,0.999993200290942,0.999993200290946,49.41368320445034,0.0,49.97530649551375,0.0,45.59505604114041,0.0,45.30224117399023,0.0,0.0,0.0,0.0,0.0,0.0,0.0
10.0,5.10735536776839,0.0036877738974581,0.0036877738817997,0.999993200131852,0.999993200131856,49.4136831921634,0.0,49.97530617929281,0.0,45.59505603740311,0.0,45.30224110749512,0.0,0.0,0.0,0.0,0.0,0.0,0.0
10.0,5.10760538026901,0.0036878170486991,0.0036878170330671,0.999993199972755,0.999993199972758,49.413683179875946,0.0,49.97530586305693,0.0,45.59505603366561,0.0,45.30224104099679,0.0,0.0,0.0,0.0,0.0,0.0,0.0
10.0,5.10785539276964,0.0036878602015025,0.003687860185897,0.999993199813649,0.999993199813653,49.41368316758796,0.0,49.97530554680612,0.0,45.595056029927925,0.0,45.30224097449528,0.0,0.0,0.0,0.0,0.0,0.0,0.0
10.0,5.10810540527026,0.0036879033558682,0.0036879033402892,0.999993199654535,0.999993199654539,49.41368315529946,0.0,49.97530523054039,0.0,45.59505602619004,0.0,45.30224090799055,0.0,0.0,0.0,0.0,0.0,0.0,0.0
10.0,5.10835541777089,0.0036879465117961,0.0036879464962437,0.999993199495414,0.999993199495417,49.413683143010445,0.0,49.97530491425972,0.0,45.59505602245198,0.0,45.30224084148263,0.0,0.0,0.0,0.0,0.0,0.0,0.0
10.0,5.10860543027151,0.0036879896692862,0.0036879896537604,0.999993199336284,0.999993199336288,49.4136831307209,0.0,49.97530459796411,0.0,45.59505601871373,0.0,45.30224077497149,0.0,0.0,0.0,0.0,0.0,0.0,0.0
10.0,5.10885544277214,0.0036880328283384,0.0036880328128393,0.999993199177147,0.99999319917715,49.413683118430846,0.0,49.97530428165358,0.0,45.59505601497529,0.0,45.30224070845716,0.0,0.0,0.0,0.0,0.0,0.0,0.0
10.0,5.10910545527276,0.0036880759889527,0.0036880759734802,0.999993199018002,0.999993199018005,49.41368310614027,0.0,49.97530396532812,0.0,45.595056011236665,0.0,45.30224064193963,0.0,0.0,0.0,0.0,0.0,0.0,0.0
10.0,5.10935546777339,0.003688119151129,0.0036881191356833,0.999993198858848,0.999993198858852,49.41368309384917,0.0,49.97530364898772,0.0,45.595056007497845,0.0,45.30224057541889,0.0,0.0,0.0,0.0,0.0,0.0,0.0
10.0,5.10960548027401,0.0036881623148673,0.0036881622994482,0.999993198699687,0.99999319869969,49.413683081557565,0.0,49.97530333263239,0.0,45.59505600375884,0.0,45.30224050889496,0.0,0.0,0.0,0.0,0.0,0.0,0.0
10.0,5.10985549277464,0.0036882054801674,0.0036882054647751,0.9999931985405182,0.999993198540521,49.41368306926544,0.0,49.97530301626213,0.0,45.595056000019646,0.0,45.30224044236782,0.0,0.0,0.0,0.0,0.0,0.0,0.0
10.0,5.11010550527526,0.0036882486470293,0.0036882486316639,0.99999319838134,0.999993198381344,49.41368305697279,0.0,49.97530269987694,0.0,45.59505599628026,0.0,45.30224037583748,0.0,0.0,0.0,0.0,0.0,0.0,0.0
10.0,5.11035551777589,0.003688291815453,0.0036882918001144,0.999993198222155,0.9999931982221582,49.41368304467963,0.0,49.97530238347683,0.0,45.59505599254069,0.0,45.302240309303926,0.0,0.0,0.0,0.0,0.0,0.0,0.0
10.0,5.11060553027651,0.0036883349854384,0.0036883349701267,0.9999931980629622,0.999993198062965,49.413683032385954,0.0,49.97530206706178,0.0,45.59505598880094,0.0,45.30224024276717,0.0,0.0,0.0,0.0,0.0,0.0,0.0
10.0,5.11085554277714,0.0036883781569854,0.0036883781417006,0.999993197903761,0.999993197903764,49.41368302009176,0.0,49.9753017506318,0.0,45.59505598506099,0.0,45.30224017622723,0.0,0.0,0.0,0.0,0.0,0.0,0.0
10.0,5.111105555277759,0.003688421330094,0.0036884213148361,0.999993197744553,0.999993197744555,49.413683007797054,0.0,49.97530143418689,0.0,45.59505598132085,0.0,45.30224010968408,0.0,0.0,0.0,0.0,0.0,0.0,0.0
10.0,5.11135556777839,0.003688464504764,0.0036884644895332,0.999993197585336,0.999993197585339,49.41368299550182,0.0,49.97530111772705,0.0,45.59505597758053,0.0,45.30224004313772,0.0,0.0,0.0,0.0,0.0,0.0,0.0
10.0,5.11160558027901,0.0036885076809956,0.0036885076657917,0.9999931974261111,0.999993197426114,49.413682983206094,0.0,49.97530080125228,0.0,45.59505597384002,0.0,45.30223997658816,0.0,0.0,0.0,0.0,0.0,0.0,0.0
10.0,5.11185559277964,0.0036885508587885,0.0036885508436117,0.999993197266878,0.999993197266881,49.413682970909846,0.0,49.97530048476258,0.0,45.59505597009932,0.0,45.30223991003541,0.0,0.0,0.0,0.0,0.0,0.0,0.0
10.0,5.11210560528026,0.0036885940381428,0.003688594022993,0.999993197107638,0.999993197107641,49.41368295861308,0.0,49.97530016825796,0.0,45.59505596635843,0.0,45.30223984347944,0.0,0.0,0.0,0.0,0.0,0.0,0.0
10.0,5.11235561778089,0.0036886372190583,0.0036886372039356,0.999993196948389,0.999993196948392,49.41368294631581,0.0,49.9752998517384,0.0,45.59505596261735,0.0,45.30223977692028,0.0,0.0,0.0,0.0,0.0,0.0,0.0
10.0,5.11260563028151,0.003688680401535,0.0036886803864394,0.999993196789133,0.999993196789136,49.41368293401801,0.0,49.97529953520391,0.0,45.59505595887609,0.0,45.30223971035791,0.0,0.0,0.0,0.0,0.0,0.0,0.0
10.0,5.11285564278214,0.0036887235855728,0.0036887235705044,0.999993196629869,0.999993196629871,49.41368292171971,0.0,49.97529921865448,0.0,45.59505595513463,0.0,45.30223964379234,0.0,0.0,0.0,0.0,0.0,0.0,0.0
10.0,5.11310565528276,0.0036887667711717,0.0036887667561306,0.999993196470596,0.999993196470599,49.413682909420906,0.0,49.97529890209015,0.0,45.595055951392986,0.0,45.30223957722357,0.0,0.0,0.0,0.0,0.0,0.0,0.0
10.0,5.11335566778339,0.0036888099583317,0.0036888099433177,0.999993196311316,0.9999931963113192,49.41368289712159,0.0,49.97529858551087,0.0,45.59505594765116,0.0,45.3022395106516,0.0,0.0,0.0,0.0,0.0,0.0,0.0
10.0,5.11360568028401,0.0036888531470526,0.0036888531320659,0.999993196152028,0.9999931961520307,49.41368288482175,0.0,49.97529826891666,0.0,45.59505594390914,0.0,45.30223944407643,0.0,0.0,0.0,0.0,0.0,0.0,0.0
10.0,5.11385569278464,0.0036888963373343,0.0036888963223749,0.999993195992733,0.999993195992735,49.413682872521406,0.0,49.97529795230753,0.0,45.59505594016694,0.0,45.30223937749804,0.0,0.0,0.0,0.0,0.0,0.0,0.0
10.0,5.11410570528526,0.003688939529177,0.0036889395142449,0.9999931958334292,0.9999931958334308,49.41368286022056,0.0,49.97529763568347,0.0,45.595055936424544,0.0,45.30223931091646,0.0,0.0,0.0,0.0,0.0,0.0,0.0
10.0,5.11435571778589,0.0036889827225803,0.0036889827076756,0.999993195674117,0.99999319567412,49.41368284791919,0.0,49.97529731904448,0.0,45.59505593268196,0.0,45.30223924433168,0.0,0.0,0.0,0.0,0.0,0.0,0.0
10.0,5.11460573028651,0.0036890259175444,0.0036890259026671,0.999993195514798,0.9999931955148,49.41368283561732,0.0,49.97529700239056,0.0,45.5950559289392,0.0,45.3022391777437,0.0,0.0,0.0,0.0,0.0,0.0,0.0
10.0,5.11485574278714,0.0036890691140692,0.0036890690992192,0.99999319535547,0.999993195355473,49.41368282331494,0.0,49.97529668572171,0.0,45.59505592519624,0.0,45.30223911115251,0.0,0.0,0.0,0.0,0.0,0.0,0.0
10.0,5.11510575528776,0.0036891123121545,0.0036891122973319,0.9999931951961352,0.9999931951961368,49.41368281101205,0.0,49.975296369037935,0.0,45.59505592145308,0.0,45.30223904455812,0.0,0.0,0.0,0.0,0.0,0.0,0.0
10.0,5.11535576778839,0.0036891555118003,0.0036891554970052,0.999993195036792,0.999993195036794,49.41368279870865,0.0,49.975296052339225,0.0,45.59505591770975,0.0,45.302238977960535,0.0,0.0,0.0,0.0,0.0,0.0,0.0
10.0,5.11560578028902,0.0036891987130066,0.003689198698239,0.9999931948774412,0.999993194877443,49.41368278640475,0.0,49.97529573562559,0.0,45.59505591396623,0.0,45.30223891135974,0.0,0.0,0.0,0.0,0.0,0.0,0.0
10.0,5.115855792789641,0.0036892419157733,0.0036892419010332,0.999993194718082,0.999993194718084,49.41368277410034,0.0,49.97529541889703,0.0,45.59505591022252,0.0,45.302238844755735,0.0,0.0,0.0,0.0,0.0,0.0,0.0
10.0,5.11610580529026,0.0036892851201004,0.0036892851053878,0.9999931945587148,0.999993194558718,49.41368276179542,0.0,49.975295102153545,0.0,45.59505590647862,0.0,45.302238778148535,0.0,0.0,0.0,0.0,0.0,0.0,0.0
10.0,5.11635581779089,0.0036893283259877,0.0036893283113027,0.999993194399341,0.9999931943993432,49.41368274949,0.0,49.97529478539513,0.0,45.59505590273453,0.0,45.30223871153814,0.0,0.0,0.0,0.0,0.0,0.0,0.0
10.0,5.11660583029151,0.0036893715334352,0.0036893715187778,0.999993194239958,0.99999319423996,49.41368273718408,0.0,49.97529446862178,0.0,45.59505589899025,0.0,45.302238644924536,0.0,0.0,0.0,0.0,0.0,0.0,0.0
10.0,5.11685584279214,0.0036894147424429,0.0036894147278131,0.999993194080568,0.99999319408057,49.41368272487764,0.0,49.97529415183351,0.0,45.59505589524579,0.0,45.30223857830774,0.0,0.0,0.0,0.0,0.0,0.0,0.0
10.0,5.11710585529277,0.0036894579530107,0.0036894579384085,0.99999319392117,0.999993193921172,49.4136827125707,0.0,49.97529383503031,0.0,45.59505589150114,0.0,45.302238511687726,0.0,0.0,0.0,0.0,0.0,0.0,0.0
10.0,5.11735586779339,0.0036895011651385,0.003689501150564,0.999993193761764,0.999993193761766,49.41368270026326,0.0,49.9752935182122,0.0,45.5950558877563,0.0,45.302238445064525,0.0,0.0,0.0,0.0,0.0,0.0,0.0
10.0,5.11760588029401,0.0036895443788263,0.0036895443642795,0.99999319360235,0.999993193602352,49.41368268795532,0.0,49.97529320137913,0.0,45.59505588401127,0.0,45.30223837843811,0.0,0.0,0.0,0.0,0.0,0.0,0.0
10.0,5.11785589279464,0.0036895875940739,0.0036895875795549,0.999993193442928,0.99999319344293,49.41368267564686,0.0,49.97529288453115,0.0,45.59505588026605,0.0,45.302238311808495,0.0,0.0,0.0,0.0,0.0,0.0,0.0
10.0,5.11810590529527,0.0036896308108815,0.0036896307963901,0.999993193283499,0.9999931932835008,49.4136826633379,0.0,49.97529256766825,0.0,45.595055876520654,0.0,45.30223824517568,0.0,0.0,0.0,0.0,0.0,0.0,0.0
10.0,5.11835591779589,0.0036896740292488,0.0036896740147852,0.999993193124061,0.999993193124063,49.41368265102845,0.0,49.97529225079041,0.0,45.59505587277506,0.0,45.30223817853968,0.0,0.0,0.0,0.0,0.0,0.0,0.0
10.0,5.11860593029651,0.0036897172491758,0.00368971723474,0.999993192964616,0.999993192964618,49.4136826387185,0.0,49.97529193389765,0.0,45.59505586902928,0.0,45.30223811190045,0.0,0.0,0.0,0.0,0.0,0.0,0.0
10.0,5.11885594279714,0.0036897604706625,0.0036897604562545,0.999993192805163,0.9999931928051649,49.41368262640804,0.0,49.97529161698996,0.0,45.595055865283314,0.0,45.30223804525802,0.0,0.0,0.0,0.0,0.0,0.0,0.0
10.0,5.11910595529776,0.0036898036937088,0.0036898036793287,0.999993192645702,0.999993192645704,49.41368261409708,0.0,49.97529130006735,0.0,45.59505586153716,0.0,45.30223797861241,0.0,0.0,0.0,0.0,0.0,0.0,0.0
10.0,5.11935596779839,0.0036898469183146,0.0036898469039624,0.999993192486233,0.9999931924862352,49.41368260178562,0.0,49.9752909831298,0.0,45.59505585779082,0.0,45.30223791196358,0.0,0.0,0.0,0.0,0.0,0.0,0.0
10.0,5.11960598029902,0.0036898901444799,0.0036898901301555,0.9999931923267568,0.999993192326758,49.41368258947366,0.0,49.97529066617734,0.0,45.59505585404429,0.0,45.30223784531155,0.0,0.0,0.0,0.0,0.0,0.0,0.0
10.0,5.11985599279964,0.0036899333722047,0.0036899333579082,0.999993192167272,0.999993192167274,49.4136825771612,0.0,49.97529034920994,0.0,45.59505585029756,0.0,45.30223777865633,0.0,0.0,0.0,0.0,0.0,0.0,0.0
10.0,5.12010600530026,0.0036899766014887,0.0036899765872201,0.99999319200778,0.999993192007782,49.41368256484823,0.0,49.975290032227626,0.0,45.59505584655066,0.0,45.30223771199789,0.0,0.0,0.0,0.0,0.0,0.0,0.0
10.0,5.12035601780089,0.0036900198323321,0.0036900198180915,0.99999319184828,0.999993191848282,49.41368255253477,0.0,49.97528971523038,0.0,45.59505584280355,0.0,45.30223764533625,0.0,0.0,0.0,0.0,0.0,0.0,0.0
10.0,5.12060603030152,0.0036900630647347,0.003690063050522,0.999993191688772,0.999993191688774,49.41368254022082,0.0,49.97528939821821,0.0,45.59505583905628,0.0,45.30223757867142,0.0,0.0,0.0,0.0,0.0,0.0,0.0
10.0,5.12085604280214,0.0036901062986964,0.0036901062845118,0.999993191529256,0.999993191529258,49.41368252790635,0.0,49.97528908119111,0.0,45.5950558353088,0.0,45.30223751200338,0.0,0.0,0.0,0.0,0.0,0.0,0.0
10.0,5.12110605530277,0.0036901495342173,0.0036901495200606,0.999993191369733,0.999993191369735,49.41368251559141,0.0,49.97528876414909,0.0,45.59505583156115,0.0,45.30223744533215,0.0,0.0,0.0,0.0,0.0,0.0,0.0
10.0,5.121356067803391,0.0036901927712972,0.0036901927571686,0.999993191210201,0.999993191210203,49.41368250327596,0.0,49.97528844709214,0.0,45.5950558278133,0.0,45.3022373786577,0.0,0.0,0.0,0.0,0.0,0.0,0.0
10.0,5.12160608030401,0.0036902360099361,0.0036902359958355,0.999993191050662,0.999993191050664,49.41368249096001,0.0,49.97528813002027,0.0,45.59505582406527,0.0,45.30223731198006,0.0,0.0,0.0,0.0,0.0,0.0,0.0
10.0,5.12185609280464,0.0036902792501339,0.0036902792360614,0.999993190891115,0.999993190891117,49.41368247864356,0.0,49.975287812933466,0.0,45.59505582031704,0.0,45.30223724529922,0.0,0.0,0.0,0.0,0.0,0.0,0.0
10.0,5.12210610530527,0.0036903224918906,0.0036903224778461,0.99999319073156,0.999993190731562,49.41368246632662,0.0,49.97528749583174,0.0,45.59505581656863,0.0,45.302237178615165,0.0,0.0,0.0,0.0,0.0,0.0,0.0
10.0,5.12235611780589,0.003690365735206,0.0036903657211897,0.999993190571998,0.999993190572,49.413682454009184,0.0,49.9752871787151,0.0,45.59505581282003,0.0,45.30223711192792,0.0,0.0,0.0,0.0,0.0,0.0,0.0
10.0,5.12260613030652,0.0036904089800803,0.003690408966092,0.999993190412427,0.999993190412429,49.41368244169125,0.0,49.97528686158352,0.0,45.59505580907125,0.0,45.30223704523746,0.0,0.0,0.0,0.0,0.0,0.0,0.0
10.0,5.12285614280714,0.0036904522265131,0.0036904522125531,0.999993190252849,0.9999931902528512,49.41368242937283,0.0,49.97528654443703,0.0,45.59505580532227,0.0,45.30223697854381,0.0,0.0,0.0,0.0,0.0,0.0,0.0
10.0,5.12310615530776,0.0036904954745046,0.0036904954605727,0.999993190093263,0.999993190093265,49.41368241705391,0.0,49.9752862272756,0.0,45.59505580157311,0.0,45.30223691184696,0.0,0.0,0.0,0.0,0.0,0.0,0.0
10.0,5.12335616780839,0.0036905387240547,0.0036905387101509,0.999993189933669,0.999993189933671,49.413682404734494,0.0,49.97528591009925,0.0,45.59505579782376,0.0,45.3022368451469,0.0,0.0,0.0,0.0,0.0,0.0,0.0
10.0,5.12360618030902,0.0036905819751632,0.0036905819612877,0.999993189774068,0.999993189774069,49.41368239241459,0.0,49.97528559290798,0.0,45.59505579407423,0.0,45.30223677844365,0.0,0.0,0.0,0.0,0.0,0.0,0.0
10.0,5.12385619280964,0.0036906252278302,0.0036906252139828,0.999993189614458,0.99999318961446,49.413682380094194,0.0,49.97528527570177,0.0,45.59505579032449,0.0,45.30223671173717,0.0,0.0,0.0,0.0,0.0,0.0,0.0
10.0,5.12410620531027,0.0036906684820555,0.0036906684682364,0.999993189454841,0.999993189454843,49.4136823677733,0.0,49.97528495848066,0.0,45.59505578657458,0.0,45.30223664502752,0.0,0.0,0.0,0.0,0.0,0.0,0.0
10.0,5.12435621781089,0.0036907117378391,0.0036907117240483,0.999993189295216,0.999993189295218,49.41368235545192,0.0,49.97528464124461,0.0,45.59505578282448,0.0,45.302236578314655,0.0,0.0,0.0,0.0,0.0,0.0,0.0
10.0,5.124606230311519,0.003690754995181,0.0036907549814184,0.9999931891355832,0.999993189135585,49.41368234313004,0.0,49.97528432399365,0.0,45.59505577907419,0.0,45.302236511598586,0.0,0.0,0.0,0.0,0.0,0.0,0.0
10.0,5.12485624281214,0.0036907982540811,0.0036907982403468,0.999993188975943,0.999993188975944,49.41368233080768,0.0,49.97528400672775,0.0,45.59505577532372,0.0,45.30223644487932,0.0,0.0,0.0,0.0,0.0,0.0,0.0
10.0,5.12510625531277,0.0036908415145392,0.0036908415008332,0.999993188816294,0.999993188816296,49.41368231848482,0.0,49.97528368944694,0.0,45.59505577157305,0.0,45.30223637815685,0.0,0.0,0.0,0.0,0.0,0.0,0.0
10.0,5.12535626781339,0.0036908847765555,0.0036908847628778,0.999993188656638,0.99999318865664,49.41368230616147,0.0,49.97528337215119,0.0,45.5950557678222,0.0,45.30223631143117,0.0,0.0,0.0,0.0,0.0,0.0,0.0
10.0,5.12560628031401,0.0036909280401297,0.0036909280264803,0.999993188496974,0.999993188496976,49.41368229383764,0.0,49.97528305484054,0.0,45.59505576407116,0.0,45.3022362447023,0.0,0.0,0.0,0.0,0.0,0.0,0.0
10.0,5.12585629281464,0.0036909713052619,0.0036909712916408,0.999993188337302,0.999993188337304,49.41368228151333,0.0,49.97528273751495,0.0,45.59505576031993,0.0,45.30223617797023,0.0,0.0,0.0,0.0,0.0,0.0,0.0
10.0,5.12610630531527,0.0036910145719519,0.0036910145583592,0.999993188177623,0.999993188177624,49.4136822691885,0.0,49.97528242017443,0.0,45.595055756568506,0.0,45.30223611123496,0.0,0.0,0.0,0.0,0.0,0.0,0.0
10.0,5.12635631781589,0.0036910578401998,0.0036910578266355,0.999993188017936,0.9999931880179368,49.4136822568632,0.0,49.975282102818994,0.0,45.59505575281692,0.0,45.30223604449647,0.0,0.0,0.0,0.0,0.0,0.0,0.0
10.0,5.12660633031652,0.0036911011100054,0.0036911010964695,0.99999318785824,0.999993187858242,49.41368224453741,0.0,49.97528178544864,0.0,45.59505574906512,0.0,45.3022359777548,0.0,0.0,0.0,0.0,0.0,0.0,0.0
10.0,5.126856342817139,0.0036911443813687,0.0036911443678611,0.999993187698538,0.999993187698539,49.41368223221114,0.0,49.975281468063365,0.0,45.59505574531315,0.0,45.3022359110099,0.0,0.0,0.0,0.0,0.0,0.0,0.0
10.0,5.12710635531777,0.0036911876542896,0.0036911876408105,0.999993187538827,0.999993187538828,49.41368221988437,0.0,49.97528115066316,0.0,45.59505574156098,0.0,45.302235844261816,0.0,0.0,0.0,0.0,0.0,0.0,0.0
10.0,5.12735636781839,0.0036912309287681,0.0036912309153174,0.999993187379109,0.99999318737911,49.41368220755712,0.0,49.97528083324803,0.0,45.59505573780862,0.0,45.30223577751053,0.0,0.0,0.0,0.0,0.0,0.0,0.0
10.0,5.12760638031902,0.0036912742048041,0.0036912741913818,0.999993187219382,0.999993187219384,49.41368219522938,0.0,49.97528051581799,0.0,45.59505573405608,0.0,45.30223571075605,0.0,0.0,0.0,0.0,0.0,0.0,0.0
10.0,5.12785639281964,0.0036913174823975,0.0036913174690037,0.999993187059648,0.99999318705965,49.41368218290117,0.0,49.97528019837301,0.0,45.59505573030335,0.0,45.30223564399836,0.0,0.0,0.0,0.0,0.0,0.0,0.0
10.0,5.12810640532027,0.0036913607615484,0.003691360748183,0.999993186899907,0.999993186899908,49.413682170572464,0.0,49.97527988091313,0.0,45.595055726550434,0.0,45.30223557723747,0.0,0.0,0.0,0.0,0.0,0.0,0.0
10.0,5.12835641782089,0.0036914040422565,0.0036914040289196,0.999993186740157,0.999993186740158,49.41368215824327,0.0,49.9752795634383,0.0,45.595055722797326,0.0,45.30223551047337,0.0,0.0,0.0,0.0,0.0,0.0,0.0
10.0,5.12860643032152,0.0036914473245219,0.0036914473112134,0.9999931865804,0.999993186580401,49.4136821459136,0.0,49.97527924594856,0.0,45.59505571904403,0.0,45.30223544370608,0.0,0.0,0.0,0.0,0.0,0.0,0.0
10.0,5.12885644282214,0.0036914906083445,0.0036914905950645,0.999993186420635,0.999993186420636,49.41368213358344,0.0,49.97527892844391,0.0,45.59505571529056,0.0,45.30223537693558,0.0,0.0,0.0,0.0,0.0,0.0,0.0
10.0,5.12910645532277,0.0036915338937242,0.0036915338804728,0.999993186260862,0.999993186260863,49.4136821212528,0.0,49.97527861092433,0.0,45.595055711536894,0.0,45.30223531016188,0.0,0.0,0.0,0.0,0.0,0.0,0.0
10.0,5.12935646782339,0.003691577180661,0.0036915771674381,0.999993186101081,0.999993186101083,49.41368210892168,0.0,49.97527829338981,0.0,45.59505570778303,0.0,45.30223524338498,0.0,0.0,0.0,0.0,0.0,0.0,0.0
10.0,5.12960648032402,0.0036916204691548,0.0036916204559604,0.999993185941293,0.999993185941294,49.41368209659007,0.0,49.97527797584039,0.0,45.59505570402899,0.0,45.30223517660488,0.0,0.0,0.0,0.0,0.0,0.0,0.0
10.0,5.12985649282464,0.0036916637592056,0.0036916637460397,0.999993185781497,0.999993185781498,49.41368208425799,0.0,49.97527765827605,0.0,45.59505570027476,0.0,45.30223510982157,0.0,0.0,0.0,0.0,0.0,0.0,0.0
10.0,5.13010650532527,0.0036917070508132,0.0036917070376759,0.999993185621693,0.999993185621694,49.413682071925415,0.0,49.97527734069677,0.0,45.59505569652033,0.0,45.30223504303507,0.0,0.0,0.0,0.0,0.0,0.0,0.0
10.0,5.13035651782589,0.0036917503439777,0.0036917503308689,0.999993185461882,0.999993185461883,49.41368205959237,0.0,49.975277023102585,0.0,45.59505569276573,0.0,45.302234976245366,0.0,0.0,0.0,0.0,0.0,0.0,0.0
10.0,5.13060653032652,0.0036917936386989,0.0036917936256187,0.999993185302062,0.999993185302063,49.41368204725884,0.0,49.97527670549348,0.0,45.59505568901094,0.0,45.30223490945245,0.0,0.0,0.0,0.0,0.0,0.0,0.0
10.0,5.13085654282714,0.0036918369349769,0.0036918369219252,0.9999931851422348,0.999993185142236,49.413682034924825,0.0,49.97527638786944,0.0,45.59505568525596,0.0,45.30223484265634,0.0,0.0,0.0,0.0,0.0,0.0,0.0
10.0,5.13110655532777,0.0036918802328115,0.0036918802197884,0.9999931849824,0.999993184982401,49.41368202259034,0.0,49.97527607023049,0.0,45.5950556815008,0.0,45.30223477585703,0.0,0.0,0.0,0.0,0.0,0.0,0.0
10.0,5.13135656782839,0.0036919235322026,0.0036919235192081,0.9999931848225578,0.999993184822559,49.41368201025537,0.0,49.97527575257661,0.0,45.59505567774544,0.0,45.30223470905452,0.0,0.0,0.0,0.0,0.0,0.0,0.0
10.0,5.13160658032902,0.0036919668331503,0.0036919668201844,0.999993184662707,0.999993184662708,49.41368199791994,0.0,49.975275434907815,0.0,45.59505567398989,0.0,45.302234642248806,0.0,0.0,0.0,0.0,0.0,0.0,0.0
10.0,5.13185659282964,0.0036920101356545,0.0036920101227171,0.999993184502849,0.99999318450285,49.413681985584006,0.0,49.9752751172241,0.0,45.59505567023417,0.0,45.30223457543988,0.0,0.0,0.0,0.0,0.0,0.0,0.0
10.0,5.13210660533027,0.003692053439715,0.0036920534268063,0.9999931843429832,0.999993184342984,49.413681973247606,0.0,49.97527479952546,0.0,45.595055666478245,0.0,45.30223450862776,0.0,0.0,0.0,0.0,0.0,0.0,0.0
10.0,5.13235661783089,0.0036920967453319,0.0036920967324517,0.99999318418311,0.99999318418311,49.41368196091073,0.0,49.9752744818119,0.0,45.59505566272214,0.0,45.302234441812445,0.0,0.0,0.0,0.0,0.0,0.0,0.0
10.0,5.13260663033152,0.003692140052505,0.0036921400396535,0.999993184023228,0.999993184023229,49.41368194857338,0.0,49.97527416408343,0.0,45.59505565896585,0.0,45.30223437499392,0.0,0.0,0.0,0.0,0.0,0.0,0.0
10.0,5.13285664283214,0.0036921833612344,0.0036921833484115,0.999993183863339,0.99999318386334,49.41368193623555,0.0,49.97527384634003,0.0,45.59505565520936,0.0,45.3022343081722,0.0,0.0,0.0,0.0,0.0,0.0,0.0
10.0,5.13310665533277,0.0036922266715199,0.0036922266587256,0.999993183703442,0.999993183703443,49.41368192389725,0.0,49.97527352858171,0.0,45.5950556514527,0.0,45.30223424134728,0.0,0.0,0.0,0.0,0.0,0.0,0.0
10.0,5.13335666783339,0.0036922699833615,0.0036922699705958,0.999993183543538,0.999993183543538,49.41368191155846,0.0,49.97527321080846,0.0,45.59505564769584,0.0,45.30223417451915,0.0,0.0,0.0,0.0,0.0,0.0,0.0
10.0,5.13360668033402,0.0036923132967591,0.0036923132840221,0.999993183383625,0.999993183383626,49.41368189921921,0.0,49.9752728930203,0.0,45.5950556439388,0.0,45.30223410768782,0.0,0.0,0.0,0.0,0.0,0.0,0.0
10.0,5.13385669283464,0.0036923566117126,0.0036923565990043,0.999993183223705,0.999993183223706,49.41368188687948,0.0,49.97527257521723,0.0,45.59505564018156,0.0,45.302234040853286,0.0,0.0,0.0,0.0,0.0,0.0,0.0
10.0,5.13410670533527,0.0036923999282221,0.0036923999155424,0.999993183063777,0.999993183063778,49.41368187453928,0.0,49.975272257399226,0.0,45.59505563642415,0.0,45.30223397401556,0.0,0.0,0.0,0.0,0.0,0.0,0.0
10.0,5.13435671783589,0.0036924432462875,0.0036924432336364,0.999993182903842,0.999993182903843,49.41368186219861,0.0,49.97527193956631,0.0,45.59505563266654,0.0,45.30223390717463,0.0,0.0,0.0,0.0,0.0,0.0,0.0
10.0,5.13460673033652,0.0036924865659086,0.0036924865532861,0.999993182743898,0.999993182743899,49.41368184985746,0.0,49.97527162171848,0.0,45.595055628908746,0.0,45.30223384033049,0.0,0.0,0.0,0.0,0.0,0.0,0.0
10.0,5.13485674283714,0.0036925298870854,0.0036925298744916,0.9999931825839472,0.999993182583948,49.41368183751584,0.0,49.97527130385572,0.0,45.59505562515077,0.0,45.30223377348316,0.0,0.0,0.0,0.0,0.0,0.0,0.0
10.0,5.13510675533777,0.0036925732098179,0.0036925731972528,0.999993182423988,0.999993182423989,49.41368182517375,0.0,49.97527098597804,0.0,45.5950556213926,0.0,45.30223370663261,0.0,0.0,0.0,0.0,0.0,0.0,0.0
10.0,5.13535676783839,0.0036926165341059,0.0036926165215695,0.999993182264022,0.9999931822640232,49.41368181283119,0.0,49.97527066808545,0.0,45.59505561763424,0.0,45.30223363977888,0.0,0.0,0.0,0.0,0.0,0.0,0.0
10.0,5.13560678033902,0.0036926598599495,0.0036926598474417,0.999993182104048,0.999993182104049,49.41368180048815,0.0,49.97527035017793,0.0,45.5950556138757,0.0,45.30223357292194,0.0,0.0,0.0,0.0,0.0,0.0,0.0
10.0,5.13585679283964,0.0036927031873486,0.0036927031748695,0.999993181944066,0.999993181944067,49.41368178814465,0.0,49.97527003225549,0.0,45.595055610116965,0.0,45.3022335060618,0.0,0.0,0.0,0.0,0.0,0.0,0.0
10.0,5.13610680534027,0.0036927465163031,0.0036927465038527,0.999993181784076,0.999993181784077,49.41368177580068,0.0,49.97526971431815,0.0,45.59505560635805,0.0,45.30223343919846,0.0,0.0,0.0,0.0,0.0,0.0,0.0
10.0,5.13635681784089,0.0036927898468129,0.0036927898343912,0.999993181624079,0.999993181624079,49.41368176345623,0.0,49.975269396365874,0.0,45.59505560259895,0.0,45.30223337233191,0.0,0.0,0.0,0.0,0.0,0.0,0.0
10.0,5.13660683034152,0.003692833178878,0.0036928331664849,0.999993181464074,0.999993181464074,49.413681751111326,0.0,49.97526907839868,0.0,45.59505559883966,0.0,45.30223330546216,0.0,0.0,0.0,0.0,0.0,0.0,0.0
10.0,5.13685684284214,0.0036928765124984,0.003692876500134,0.99999318130406,0.9999931813040608,49.41368173876595,0.0,49.97526876041658,0.0,45.595055595080176,0.0,45.30223323858922,0.0,0.0,0.0,0.0,0.0,0.0,0.0
10.0,5.137106855342771,0.0036929198476739,0.0036929198353381,0.99999318114404,0.999993181144041,49.4136817264201,0.0,49.97526844241955,0.0,45.59505559132051,0.0,45.30223317171307,0.0,0.0,0.0,0.0,0.0,0.0,0.0
10.0,5.13735686784339,0.0036929631844045,0.0036929631720974,0.999993180984012,0.999993180984012,49.4136817140738,0.0,49.975268124407606,0.0,45.59505558756065,0.0,45.30223310483372,0.0,0.0,0.0,0.0,0.0,0.0,0.0
10.0,5.13760688034402,0.0036930065226901,0.0036930065104118,0.999993180823975,0.999993180823976,49.41368170172701,0.0,49.97526780638075,0.0,45.595055583800615,0.0,45.30223303795117,0.0,0.0,0.0,0.0,0.0,0.0,0.0
10.0,5.13785689284464,0.0036930498625308,0.0036930498502811,0.999993180663932,0.999993180663932,49.41368168937977,0.0,49.97526748833896,0.0,45.59505558004038,0.0,45.30223297106541,0.0,0.0,0.0,0.0,0.0,0.0,0.0
10.0,5.13810690534527,0.0036930932039263,0.0036930931917053,0.99999318050388,0.999993180503881,49.41368167703205,0.0,49.97526717028226,0.0,45.59505557627996,0.0,45.302232904176456,0.0,0.0,0.0,0.0,0.0,0.0,0.0
10.0,5.13835691784589,0.0036931365468767,0.0036931365346844,0.9999931803438208,0.9999931803438208,49.41368166468388,0.0,49.975266852210645,0.0,45.59505557251936,0.0,45.30223283728431,0.0,0.0,0.0,0.0,0.0,0.0,0.0
10.0,5.13860693034652,0.0036931798913819,0.0036931798792182,0.999993180183754,0.999993180183755,49.41368165233524,0.0,49.9752665341241,0.0,45.595055568758575,0.0,45.30223277038894,0.0,0.0,0.0,0.0,0.0,0.0,0.0
10.0,5.13885694284714,0.0036932232374418,0.0036932232253068,0.999993180023679,0.99999318002368,49.41368163998614,0.0,49.97526621602265,0.0,45.5950555649976,0.0,45.30223270349039,0.0,0.0,0.0,0.0,0.0,0.0,0.0
10.0,5.13910695534777,0.0036932665850564,0.0036932665729501,0.999993179863597,0.999993179863597,49.41368162763656,0.0,49.97526589790628,0.0,45.59505556123643,0.0,45.30223263658863,0.0,0.0,0.0,0.0,0.0,0.0,0.0
10.0,5.139356967848391,0.0036933099342256,0.003693309922148,0.999993179703507,0.9999931797035068,49.413681615286535,0.0,49.97526557977499,0.0,45.59505555747507,0.0,45.30223256968367,0.0,0.0,0.0,0.0,0.0,0.0,0.0
10.0,5.13960698034902,0.0036933532849494,0.0036933532729004,0.9999931795434092,0.9999931795434092,49.41368160293603,0.0,49.97526526162879,0.0,45.59505555371353,0.0,45.3022325027755,0.0,0.0,0.0,0.0,0.0,0.0,0.0
10.0,5.13985699284964,0.0036933966372276,0.0036933966252073,0.999993179383303,0.999993179383304,49.41368159058508,0.0,49.975264943467664,0.0,45.59505554995181,0.0,45.30223243586413,0.0,0.0,0.0,0.0,0.0,0.0,0.0
10.0,5.14010700535027,0.0036934399910603,0.0036934399790686,0.99999317922319,0.99999317922319,49.41368157823366,0.0,49.97526462529163,0.0,45.59505554618989,0.0,45.302232368949575,0.0,0.0,0.0,0.0,0.0,0.0,0.0
10.0,5.14035701785089,0.0036934833464473,0.0036934833344843,0.9999931790630688,0.99999317906307,49.41368156588178,0.0,49.97526430710067,0.0,45.59505554242779,0.0,45.30223230203181,0.0,0.0,0.0,0.0,0.0,0.0,0.0
10.0,5.14060703035152,0.0036935267033886,0.0036935266914543,0.99999317890294,0.999993178902941,49.41368155352944,0.0,49.9752639888948,0.0,45.59505553866551,0.0,45.30223223511084,0.0,0.0,0.0,0.0,0.0,0.0,0.0
10.0,5.14085704285214,0.0036935700618842,0.0036935700499785,0.999993178742804,0.999993178742804,49.41368154117664,0.0,49.97526367067401,0.0,45.59505553490302,0.0,45.30223216818666,0.0,0.0,0.0,0.0,0.0,0.0,0.0
10.0,5.14110705535277,0.003693613421934,0.0036936134100569,0.99999317858266,0.99999317858266,49.41368152882338,0.0,49.975263352438304,0.0,45.59505553114035,0.0,45.3022321012593,0.0,0.0,0.0,0.0,0.0,0.0,0.0
10.0,5.14135706785339,0.0036936567835378,0.0036936567716894,0.999993178422508,0.999993178422508,49.41368151646967,0.0,49.97526303418768,0.0,45.59505552737751,0.0,45.30223203432872,0.0,0.0,0.0,0.0,0.0,0.0,0.0
10.0,5.14160708035402,0.0036937001466957,0.0036937001348759,0.999993178262348,0.999993178262349,49.41368150411548,0.0,49.975262715922135,0.0,45.59505552361447,0.0,45.30223196739495,0.0,0.0,0.0,0.0,0.0,0.0,0.0
10.0,5.14185709285464,0.0036937435114076,0.0036937434996164,0.999993178102181,0.999993178102181,49.413681491760855,0.0,49.97526239764168,0.0,45.59505551985124,0.0,45.30223190045797,0.0,0.0,0.0,0.0,0.0,0.0,0.0
10.0,5.14210710535527,0.0036937868776735,0.0036937868659109,0.999993177942006,0.9999931779420071,49.41368147940576,0.0,49.97526207934631,0.0,45.59505551608783,0.0,45.302231833517794,0.0,0.0,0.0,0.0,0.0,0.0,0.0
10.0,5.14235711785589,0.0036938302454932,0.0036938302337592,0.9999931777818228,0.999993177781824,49.41368146705021,0.0,49.97526176103602,0.0,45.59505551232423,0.0,45.30223176657442,0.0,0.0,0.0,0.0,0.0,0.0,0.0
10.0,5.142607130356519,0.0036938736148667,0.0036938736031614,0.9999931776216332,0.999993177621633,49.4136814546942,0.0,49.97526144271082,0.0,45.59505550856044,0.0,45.30223169962784,0.0,0.0,0.0,0.0,0.0,0.0,0.0
10.0,5.14285714285714,0.003693916985794,0.0036939169741172,0.999993177461435,0.999993177461435,49.41368144233774,0.0,49.9752611243707,0.0,45.59505550479647,0.0,45.30223163267807,0.0,0.0,0.0,0.0,0.0,0.0,0.0
10.0,5.14310715535777,0.0036939603582749,0.0036939603466268,0.9999931773012288,0.99999317730123,49.41368142998082,0.0,49.97526080601566,0.0,45.5950555010323,0.0,45.30223156572507,0.0,0.0,0.0,0.0,0.0,0.0,0.0
10.0,5.14335716785839,0.0036940037323095,0.0036940037206899,0.999993177141016,0.999993177141016,49.41368141762345,0.0,49.97526048764571,0.0,45.59505549726796,0.0,45.3022314987689,0.0,0.0,0.0,0.0,0.0,0.0,0.0
10.0,5.14360718035902,0.0036940471078976,0.0036940470963067,0.999993176980794,0.999993176980795,49.41368140526563,0.0,49.97526016926084,0.0,45.595055493503416,0.0,45.30223143180952,0.0,0.0,0.0,0.0,0.0,0.0,0.0
10.0,5.14385719285964,0.0036940904850392,0.0036940904734769,0.999993176820566,0.999993176820566,49.413681392907336,0.0,49.97525985086106,0.0,45.5950554897387,0.0,45.30223136484693,0.0,0.0,0.0,0.0,0.0,0.0,0.0
10.0,5.14410720536027,0.0036941338637343,0.0036941338522005,0.999993176660329,0.9999931766603288,49.41368138054861,0.0,49.97525953244636,0.0,45.59505548597379,0.0,45.30223129788114,0.0,0.0,0.0,0.0,0.0,0.0,0.0
10.0,5.14435721786089,0.0036941772439827,0.0036941772324775,0.999993176500084,0.999993176500085,49.413681368189415,0.0,49.975259214016745,0.0,45.595055482208686,0.0,45.30223123091216,0.0,0.0,0.0,0.0,0.0,0.0,0.0
10.0,5.14460723036152,0.0036942206257845,0.0036942206143078,0.9999931763398328,0.999993176339833,49.41368135582978,0.0,49.97525889557222,0.0,45.5950554784434,0.0,45.30223116393997,0.0,0.0,0.0,0.0,0.0,0.0,0.0
10.0,5.144857242862141,0.0036942640091395,0.0036942639976914,0.999993176179573,0.999993176179573,49.41368134346969,0.0,49.975258577112776,0.0,45.595055474677935,0.0,45.302231096964576,0.0,0.0,0.0,0.0,0.0,0.0,0.0
10.0,5.14510725536277,0.0036943073940477,0.0036943073826282,0.999993176019305,0.999993176019306,49.41368133110914,0.0,49.97525825863842,0.0,45.59505547091227,0.0,45.30223102998598,0.0,0.0,0.0,0.0,0.0,0.0,0.0
10.0,5.14535726786339,0.0036943507805091,0.003694350769118,0.99999317585903,0.999993175859031,49.41368131874814,0.0,49.97525794014915,0.0,45.59505546714642,0.0,45.3022309630042,0.0,0.0,0.0,0.0,0.0,0.0,0.0
10.0,5.14560728036402,0.0036943941685235,0.003694394157161,0.999993175698748,0.999993175698748,49.41368130638671,0.0,49.97525762164495,0.0,45.59505546338039,0.0,45.3022308960192,0.0,0.0,0.0,0.0,0.0,0.0,0.0
10.0,5.14585729286464,0.0036944375580909,0.0036944375467569,0.999993175538457,0.999993175538457,49.41368129402481,0.0,49.97525730312586,0.0,45.59505545961417,0.0,45.30223082903101,0.0,0.0,0.0,0.0,0.0,0.0,0.0
10.0,5.14610730536527,0.0036944809492113,0.0036944809379057,0.999993175378159,0.999993175378159,49.41368128166246,0.0,49.97525698459184,0.0,45.59505545584776,0.0,45.30223076203961,0.0,0.0,0.0,0.0,0.0,0.0,0.0
10.0,5.14635731786589,0.0036945243418845,0.0036945243306075,0.999993175217853,0.9999931752178528,49.41368126929968,0.0,49.97525666604291,0.0,45.59505545208117,0.0,45.30223069504501,0.0,0.0,0.0,0.0,0.0,0.0,0.0
10.0,5.14660733036652,0.0036945677361106,0.003694567724862,0.999993175057539,0.999993175057539,49.41368125693644,0.0,49.97525634747906,0.0,45.59505544831439,0.0,45.302230628047226,0.0,0.0,0.0,0.0,0.0,0.0,0.0
10.0,5.14685734286714,0.0036946111318894,0.0036946111206693,0.999993174897218,0.999993174897218,49.41368124457274,0.0,49.975256028900304,0.0,45.59505544454742,0.0,45.30223056104622,0.0,0.0,0.0,0.0,0.0,0.0,0.0
10.0,5.14710735536777,0.0036946545292209,0.0036946545180293,0.999993174736889,0.999993174736889,49.41368123220862,0.0,49.97525571030663,0.0,45.59505544078026,0.0,45.30223049404202,0.0,0.0,0.0,0.0,0.0,0.0,0.0
10.0,5.14735736786839,0.0036946979281051,0.0036946979169419,0.999993174576552,0.9999931745765528,49.41368121984402,0.0,49.97525539169804,0.0,45.59505543701293,0.0,45.30223042703462,0.0,0.0,0.0,0.0,0.0,0.0,0.0
10.0,5.14760738036902,0.0036947413285419,0.0036947413174071,0.999993174416208,0.999993174416208,49.413681207479,0.0,49.97525507307454,0.0,45.59505543324539,0.0,45.30223036002402,0.0,0.0,0.0,0.0,0.0,0.0,0.0
10.0,5.14785739286964,0.0036947847305311,0.0036947847194248,0.999993174255856,0.999993174255856,49.413681195113526,0.0,49.97525475443613,0.0,45.59505542947767,0.0,45.30223029301022,0.0,0.0,0.0,0.0,0.0,0.0,0.0
10.0,5.148107405370269,0.0036948281340728,0.0036948281229949,0.9999931740954962,0.999993174095496,49.4136811827476,0.0,49.9752544357828,0.0,45.595055425709766,0.0,45.30223022599322,0.0,0.0,0.0,0.0,0.0,0.0,0.0
10.0,5.14835741787089,0.0036948715391669,0.0036948715281174,0.999993173935128,0.999993173935129,49.41368117038125,0.0,49.97525411711456,0.0,45.59505542194168,0.0,45.302230158973,0.0,0.0,0.0,0.0,0.0,0.0,0.0
10.0,5.14860743037152,0.0036949149458134,0.0036949149347922,0.999993173774753,0.999993173774753,49.41368115801444,0.0,49.9752537984314,0.0,45.5950554181734,0.0,45.3022300919496,0.0,0.0,0.0,0.0,0.0,0.0,0.0
10.0,5.14885744287214,0.0036949583540121,0.0036949583430193,0.999993173614371,0.999993173614371,49.41368114564719,0.0,49.97525347973333,0.0,45.59505541440493,0.0,45.302230024923,0.0,0.0,0.0,0.0,0.0,0.0,0.0
10.0,5.14910745537277,0.003695001763763,0.0036950017527986,0.99999317345398,0.99999317345398,49.4136811332795,0.0,49.97525316102036,0.0,45.59505541063629,0.0,45.30222995789319,0.0,0.0,0.0,0.0,0.0,0.0,0.0
10.0,5.14935746787339,0.003695045175066,0.00369504516413,0.999993173293582,0.999993173293582,49.41368112091136,0.0,49.975252842292456,0.0,45.59505540686744,0.0,45.30222989086018,0.0,0.0,0.0,0.0,0.0,0.0,0.0
10.0,5.14960748037402,0.0036950885879212,0.0036950885770134,0.999993173133176,0.999993173133176,49.41368110854279,0.0,49.97525252354965,0.0,45.595055403098414,0.0,45.30222982382397,0.0,0.0,0.0,0.0,0.0,0.0,0.0
10.0,5.14985749287464,0.0036951320023283,0.0036951319914489,0.999993172972762,0.999993172972762,49.41368109617377,0.0,49.97525220479193,0.0,45.595055399329205,0.0,45.30222975678456,0.0,0.0,0.0,0.0,0.0,0.0,0.0
10.0,5.15010750537527,0.0036951754182874,0.0036951754074363,0.9999931728123412,0.9999931728123412,49.41368108380431,0.0,49.975251886019294,0.0,45.59505539555981,0.0,45.30222968974195,0.0,0.0,0.0,0.0,0.0,0.0,0.0
10.0,5.150357517875889,0.0036952188357984,0.0036952188249756,0.999993172651912,0.999993172651912,49.4136810714344,0.0,49.97525156723175,0.0,45.59505539179022,0.0,45.30222962269613,0.0,0.0,0.0,0.0,0.0,0.0,0.0
10.0,5.15060753037652,0.0036952622548613,0.0036952622440667,0.999993172491475,0.999993172491475,49.41368105906407,0.0,49.975251248429295,0.0,45.59505538802044,0.0,45.30222955564712,0.0,0.0,0.0,0.0,0.0,0.0,0.0
10.0,5.15085754287714,0.0036953056754759,0.0036953056647096,0.999993172331031,0.999993172331031,49.41368104669329,0.0,49.97525092961192,0.0,45.59505538425048,0.0,45.3022294885949,0.0,0.0,0.0,0.0,0.0,0.0,0.0
10.0,5.15110755537777,0.0036953490976423,0.0036953490869042,0.999993172170579,0.999993172170579,49.41368103432208,0.0,49.97525061077964,0.0,45.59505538048033,0.0,45.30222942153949,0.0,0.0,0.0,0.0,0.0,0.0,0.0
10.0,5.15135756787839,0.0036953925213603,0.0036953925106504,0.99999317201012,0.99999317201012,49.41368102195042,0.0,49.97525029193245,0.0,45.59505537671,0.0,45.30222935448087,0.0,0.0,0.0,0.0,0.0,0.0,0.0
10.0,5.15160758037902,0.0036954359466299,0.0036954359359482,0.999993171849652,0.999993171849652,49.41368100957833,0.0,49.97524997307033,0.0,45.59505537293948,0.0,45.30222928741905,0.0,0.0,0.0,0.0,0.0,0.0,0.0
10.0,5.15185759287964,0.003695479373451,0.0036954793627975,0.999993171689177,0.999993171689177,49.4136809972058,0.0,49.97524965419331,0.0,45.59505536916877,0.0,45.30222922035404,0.0,0.0,0.0,0.0,0.0,0.0,0.0
10.0,5.15210760538027,0.0036955228018236,0.0036955227911983,0.999993171528694,0.999993171528694,49.41368098483283,0.0,49.975249335301385,0.0,45.59505536539788,0.0,45.30222915328581,0.0,0.0,0.0,0.0,0.0,0.0,0.0
10.0,5.15235761788089,0.0036955662317475,0.0036955662211504,0.999993171368204,0.999993171368204,49.41368097245943,0.0,49.97524901639455,0.0,45.595055361626784,0.0,45.3022290862144,0.0,0.0,0.0,0.0,0.0,0.0,0.0
10.0,5.15260763038152,0.0036956096632229,0.0036956096526539,0.999993171207706,0.999993171207706,49.4136809600856,0.0,49.97524869747279,0.0,45.59505535785552,0.0,45.30222901913977,0.0,0.0,0.0,0.0,0.0,0.0,0.0
10.0,5.15285764288214,0.0036956530962495,0.0036956530857086,0.9999931710472,0.9999931710472,49.41368094771133,0.0,49.97524837853612,0.0,45.59505535408406,0.0,45.30222895206195,0.0,0.0,0.0,0.0,0.0,0.0,0.0
10.0,5.15310765538277,0.0036956965308273,0.0036956965203146,0.999993170886686,0.999993170886686,49.41368093533662,0.0,49.97524805958455,0.0,45.59505535031242,0.0,45.30222888498092,0.0,0.0,0.0,0.0,0.0,0.0,0.0
10.0,5.15335766788339,0.0036957399669563,0.0036957399564717,0.999993170726165,0.9999931707261652,49.41368092296148,0.0,49.97524774061806,0.0,45.59505534654058,0.0,45.3022288178967,0.0,0.0,0.0,0.0,0.0,0.0,0.0
10.0,5.15360768038402,0.0036957834046364,0.0036957833941798,0.999993170565637,0.999993170565636,49.41368091058591,0.0,49.97524742163666,0.0,45.59505534276857,0.0,45.30222875080928,0.0,0.0,0.0,0.0,0.0,0.0,0.0
10.0,5.15385769288464,0.0036958268438676,0.003695826833439,0.9999931704051,0.9999931704051,49.413680898209904,0.0,49.97524710264034,0.0,45.59505533899637,0.0,45.30222868371865,0.0,0.0,0.0,0.0,0.0,0.0,0.0
10.0,5.15410770538527,0.0036958702846497,0.0036958702742492,0.999993170244556,0.999993170244556,49.413680885833465,0.0,49.975246783629125,0.0,45.595055335223975,0.0,45.30222861662483,0.0,0.0,0.0,0.0,0.0,0.0,0.0
10.0,5.15435771788589,0.0036959137269827,0.0036959137166102,0.999993170084004,0.999993170084004,49.4136808734566,0.0,49.975246464603,0.0,45.5950553314514,0.0,45.3022285495278,0.0,0.0,0.0,0.0,0.0,0.0,0.0
10.0,5.15460773038652,0.0036959571708666,0.0036959571605221,0.999993169923444,0.999993169923444,49.41368086107931,0.0,49.97524614556195,0.0,45.59505532767864,0.0,45.30222848242757,0.0,0.0,0.0,0.0,0.0,0.0,0.0
10.0,5.15485774288714,0.0036960006163012,0.0036960006059847,0.999993169762877,0.999993169762877,49.41368084870157,0.0,49.975245826506,0.0,45.59505532390568,0.0,45.302228415324144,0.0,0.0,0.0,0.0,0.0,0.0,0.0
10.0,5.15510775538777,0.0036960440632866,0.003696044052998,0.999993169602302,0.999993169602302,49.413680836323415,0.0,49.97524550743513,0.0,45.59505532013254,0.0,45.30222834821751,0.0,0.0,0.0,0.0,0.0,0.0,0.0
10.0,5.15535776788839,0.0036960875118227,0.003696087501562,0.99999316944172,0.99999316944172,49.41368082394483,0.0,49.97524518834936,0.0,45.595055316359215,0.0,45.30222828110767,0.0,0.0,0.0,0.0,0.0,0.0,0.0
10.0,5.15560778038902,0.0036961309619093,0.0036961309516766,0.999993169281129,0.9999931692811292,49.41368081156581,0.0,49.97524486924868,0.0,45.5950553125857,0.0,45.302228213994646,0.0,0.0,0.0,0.0,0.0,0.0,0.0
10.0,5.155857792889639,0.0036961744135465,0.0036961744033417,0.9999931691205312,0.999993169120531,49.41368079918637,0.0,49.97524455013308,0.0,45.59505530881201,0.0,45.30222814687842,0.0,0.0,0.0,0.0,0.0,0.0,0.0
10.0,5.15610780539027,0.0036962178667342,0.0036962178565573,0.999993168959926,0.999993168959926,49.4136807868065,0.0,49.97524423100258,0.0,45.59505530503812,0.0,45.30222807975898,0.0,0.0,0.0,0.0,0.0,0.0,0.0
10.0,5.15635781789089,0.0036962613214723,0.0036962613113232,0.9999931687993132,0.999993168799313,49.4136807744262,0.0,49.97524391185716,0.0,45.59505530126404,0.0,45.30222801263636,0.0,0.0,0.0,0.0,0.0,0.0,0.0
10.0,5.15660783039152,0.0036963047777608,0.0036963047676395,0.999993168638692,0.999993168638692,49.41368076204547,0.0,49.97524359269683,0.0,45.595055297489786,0.0,45.30222794551052,0.0,0.0,0.0,0.0,0.0,0.0,0.0
10.0,5.15685784289214,0.0036963482355996,0.0036963482255061,0.999993168478063,0.999993168478063,49.41368074966432,0.0,49.97524327352159,0.0,45.59505529371534,0.0,45.30222787838147,0.0,0.0,0.0,0.0,0.0,0.0,0.0
10.0,5.15710785539277,0.0036963916949886,0.0036963916849229,0.999993168317427,0.999993168317427,49.41368073728275,0.0,49.97524295433145,0.0,45.5950552899407,0.0,45.30222781124924,0.0,0.0,0.0,0.0,0.0,0.0,0.0
10.0,5.15735786789339,0.0036964351559277,0.0036964351458898,0.999993168156783,0.999993168156783,49.41368072490075,0.0,49.9752426351264,0.0,45.59505528616588,0.0,45.30222774411381,0.0,0.0,0.0,0.0,0.0,0.0,0.0
10.0,5.15760788039402,0.003696478618417,0.0036964786084068,0.999993167996131,0.999993167996131,49.41368071251833,0.0,49.97524231590644,0.0,45.59505528239088,0.0,45.30222767697517,0.0,0.0,0.0,0.0,0.0,0.0,0.0
10.0,5.15785789289464,0.0036965220824564,0.0036965220724739,0.999993167835472,0.999993167835472,49.41368070013547,0.0,49.97524199667156,0.0,45.59505527861568,0.0,45.30222760983334,0.0,0.0,0.0,0.0,0.0,0.0,0.0
10.0,5.15810790539527,0.0036965655480457,0.0036965655380909,0.9999931676748052,0.9999931676748052,49.413680687752205,0.0,49.97524167742177,0.0,45.5950552748403,0.0,45.302227542688286,0.0,0.0,0.0,0.0,0.0,0.0,0.0
10.0,5.15835791789589,0.003696609015185,0.0036966090052578,0.99999316751413,0.99999316751413,49.4136806753685,0.0,49.975241358157085,0.0,45.59505527106474,0.0,45.30222747554005,0.0,0.0,0.0,0.0,0.0,0.0,0.0
10.0,5.15860793039652,0.0036966524838741,0.0036966524739746,0.999993167353448,0.999993167353448,49.41368066298439,0.0,49.975241038877485,0.0,45.59505526728898,0.0,45.3022274083886,0.0,0.0,0.0,0.0,0.0,0.0,0.0
10.0,5.15885794289714,0.003696695954113,0.0036966959442411,0.999993167192758,0.999993167192758,49.41368065059986,0.0,49.97524071958298,0.0,45.59505526351304,0.0,45.30222734123397,0.0,0.0,0.0,0.0,0.0,0.0,0.0
10.0,5.15910795539777,0.0036967394259017,0.0036967394160574,0.99999316703206,0.99999316703206,49.4136806382149,0.0,49.97524040027355,0.0,45.59505525973691,0.0,45.30222727407613,0.0,0.0,0.0,0.0,0.0,0.0,0.0
10.0,5.1593579678984,0.00369678289924,0.0036967828894233,0.999993166871355,0.999993166871355,49.41368062582953,0.0,49.97524008094922,0.0,45.5950552559606,0.0,45.30222720691509,0.0,0.0,0.0,0.0,0.0,0.0,0.0
10.0,5.15960798039902,0.003696826374128,0.0036968263643389,0.999993166710642,0.999993166710642,49.41368061344373,0.0,49.97523976161,0.0,45.595055252184096,0.0,45.30222713975085,0.0,0.0,0.0,0.0,0.0,0.0,0.0
10.0,5.15985799289964,0.0036968698505655,0.0036968698408039,0.9999931665499212,0.999993166549921,49.41368060105752,0.0,49.97523944225585,0.0,45.59505524840741,0.0,45.3022270725834,0.0,0.0,0.0,0.0,0.0,0.0,0.0
10.0,5.16010800540027,0.0036969133285526,0.0036969133188184,0.999993166389193,0.999993166389193,49.41368058867087,0.0,49.97523912288679,0.0,45.59505524463054,0.0,45.30222700541276,0.0,0.0,0.0,0.0,0.0,0.0,0.0
10.0,5.1603580179009,0.003696956808089,0.0036969567983824,0.999993166228457,0.999993166228457,49.41368057628383,0.0,49.97523880350283,0.0,45.59505524085348,0.0,45.3022269382389,0.0,0.0,0.0,0.0,0.0,0.0,0.0
10.0,5.160608030401521,0.0036970002891749,0.0036970002794957,0.999993166067713,0.999993166067713,49.41368056389636,0.0,49.97523848410396,0.0,45.595055237076224,0.0,45.30222687106186,0.0,0.0,0.0,0.0,0.0,0.0,0.0
10.0,5.16085804290215,0.00369704377181,0.0036970437621582,0.999993165906962,0.999993165906962,49.41368055150847,0.0,49.97523816469019,0.0,45.5950552332988,0.0,45.30222680388162,0.0,0.0,0.0,0.0,0.0,0.0,0.0
10.0,5.16110805540277,0.0036970872559944,0.00369708724637,0.999993165746203,0.999993165746203,49.413680539120165,0.0,49.9752378452615,0.0,45.59505522952117,0.0,45.30222673669817,0.0,0.0,0.0,0.0,0.0,0.0,0.0
10.0,5.16135806790339,0.003697130741728,0.003697130732131,0.999993165585436,0.999993165585436,49.413680526731454,0.0,49.97523752581791,0.0,45.59505522574336,0.0,45.30222666951152,0.0,0.0,0.0,0.0,0.0,0.0,0.0
10.0,5.16160808040402,0.0036971742290107,0.003697174219441,0.999993165424662,0.999993165424662,49.413680514342325,0.0,49.97523720635941,0.0,45.59505522196537,0.0,45.30222660232168,0.0,0.0,0.0,0.0,0.0,0.0,0.0
10.0,5.16185809290465,0.0036972177178425,0.0036972177083001,0.99999316526388,0.99999316526388,49.413680501952776,0.0,49.975236886886,0.0,45.595055218187184,0.0,45.30222653512863,0.0,0.0,0.0,0.0,0.0,0.0,0.0
10.0,5.16210810540527,0.0036972612082233,0.0036972611987082,0.999993165103091,0.99999316510309,49.413680489562815,0.0,49.975236567397694,0.0,45.595055214408816,0.0,45.30222646793238,0.0,0.0,0.0,0.0,0.0,0.0,0.0
10.0,5.1623581179059,0.003697304700153,0.0036973046906652,0.999993164942293,0.999993164942293,49.41368047717245,0.0,49.97523624789446,0.0,45.59505521063026,0.0,45.30222640073293,0.0,0.0,0.0,0.0,0.0,0.0,0.0
10.0,5.16260813040652,0.0036973481936316,0.003697348184171,0.999993164781488,0.999993164781488,49.413680464781656,0.0,49.975235928376335,0.0,45.59505520685153,0.0,45.30222633353028,0.0,0.0,0.0,0.0,0.0,0.0,0.0
10.0,5.16285814290715,0.0036973916886591,0.0036973916792257,0.999993164620676,0.999993164620676,49.41368045239047,0.0,49.9752356088433,0.0,45.59505520307259,0.0,45.302226266324425,0.0,0.0,0.0,0.0,0.0,0.0,0.0
10.0,5.16310815540777,0.0036974351852353,0.0036974351758291,0.999993164459855,0.999993164459855,49.413680439998856,0.0,49.97523528929536,0.0,45.59505519929348,0.0,45.302226199115374,0.0,0.0,0.0,0.0,0.0,0.0,0.0
10.0,5.1633581679084,0.0036974786833601,0.0036974786739811,0.9999931642990268,0.999993164299027,49.41368042760684,0.0,49.9752349697325,0.0,45.59505519551417,0.0,45.302226131903126,0.0,0.0,0.0,0.0,0.0,0.0,0.0
10.0,5.16360818040902,0.0036975221830337,0.0036975221736817,0.999993164138192,0.999993164138192,49.41368041521441,0.0,49.975234650154746,0.0,45.59505519173469,0.0,45.30222606468767,0.0,0.0,0.0,0.0,0.0,0.0,0.0
10.0,5.16385819290964,0.0036975656842557,0.0036975656749309,0.999993163977349,0.999993163977349,49.41368040282157,0.0,49.97523433056208,0.0,45.59505518795501,0.0,45.302225997469016,0.0,0.0,0.0,0.0,0.0,0.0,0.0
10.0,5.16410820541027,0.0036976091870264,0.0036976091777286,0.999993163816497,0.999993163816497,49.41368039042832,0.0,49.9752340109545,0.0,45.59505518417515,0.0,45.30222593024717,0.0,0.0,0.0,0.0,0.0,0.0,0.0
10.0,5.1643582179109,0.0036976526913454,0.0036976526820747,0.9999931636556392,0.999993163655639,49.41368037803466,0.0,49.97523369133203,0.0,45.59505518039511,0.0,45.30222586302211,0.0,0.0,0.0,0.0,0.0,0.0,0.0
10.0,5.16460823041152,0.0036976961972129,0.0036976961879691,0.999993163494773,0.9999931634947732,49.4136803656406,0.0,49.97523337169464,0.0,45.59505517661487,0.0,45.30222579579385,0.0,0.0,0.0,0.0,0.0,0.0,0.0
10.0,5.16485824291215,0.0036977397046286,0.0036977396954119,0.999993163333899,0.999993163333899,49.41368035324613,0.0,49.97523305204234,0.0,45.59505517283445,0.0,45.302225728562405,0.0,0.0,0.0,0.0,0.0,0.0,0.0
10.0,5.16510825541277,0.0036977832135927,0.0036977832044028,0.999993163173017,0.999993163173017,49.41368034085124,0.0,49.975232732375154,0.0,45.59505516905384,0.0,45.30222566132775,0.0,0.0,0.0,0.0,0.0,0.0,0.0
10.0,5.16535826791339,0.0036978267241049,0.003697826714942,0.999993163012128,0.999993163012128,49.41368032845597,0.0,49.975232412693046,0.0,45.59505516527304,0.0,45.30222559408989,0.0,0.0,0.0,0.0,0.0,0.0,0.0
10.0,5.16560828041402,0.0036978702361653,0.0036978702270293,0.999993162851231,0.999993162851231,49.41368031606028,0.0,49.975232092996045,0.0,45.59505516149206,0.0,45.30222552684883,0.0,0.0,0.0,0.0,0.0,0.0,0.0
10.0,5.16585829291465,0.0036979137497737,0.0036979137406646,0.999993162690326,0.999993162690326,49.41368030366419,0.0,49.97523177328412,0.0,45.595055157710895,0.0,45.30222545960457,0.0,0.0,0.0,0.0,0.0,0.0,0.0
10.0,5.166108305415271,0.0036979572649302,0.0036979572558479,0.999993162529414,0.9999931625294138,49.413680291267696,0.0,49.97523145355729,0.0,45.59505515392954,0.0,45.30222539235712,0.0,0.0,0.0,0.0,0.0,0.0,0.0
10.0,5.1663583179159,0.0036980007816347,0.0036980007725791,0.999993162368494,0.999993162368494,49.41368027887079,0.0,49.975231133815576,0.0,45.595055150148,0.0,45.30222532510646,0.0,0.0,0.0,0.0,0.0,0.0,0.0
10.0,5.16660833041652,0.003698044299887,0.0036980442908582,0.9999931622075672,0.999993162207567,49.41368026647348,0.0,49.97523081405894,0.0,45.59505514636627,0.0,45.302225257852605,0.0,0.0,0.0,0.0,0.0,0.0,0.0
10.0,5.16685834291715,0.0036980878196872,0.0036980878106851,0.999993162046632,0.999993162046631,49.41368025407578,0.0,49.9752304942874,0.0,45.59505514258436,0.0,45.30222519059554,0.0,0.0,0.0,0.0,0.0,0.0,0.0
10.0,5.16710835541777,0.0036981313410351,0.0036981313320597,0.9999931618856892,0.999993161885689,49.41368024167767,0.0,49.975230174500965,0.0,45.59505513880226,0.0,45.30222512333529,0.0,0.0,0.0,0.0,0.0,0.0,0.0
10.0,5.1673583679184,0.0036981748639308,0.0036981748549821,0.999993161724738,0.999993161724738,49.41368022927916,0.0,49.97522985469961,0.0,45.59505513501997,0.0,45.30222505607183,0.0,0.0,0.0,0.0,0.0,0.0,0.0
10.0,5.16760838041902,0.0036982183883741,0.003698218379452,0.99999316156378,0.99999316156378,49.413680216880245,0.0,49.97522953488336,0.0,45.59505513123749,0.0,45.302224988805165,0.0,0.0,0.0,0.0,0.0,0.0,0.0
10.0,5.16785839291965,0.003698261914365,0.0036982619054695,0.999993161402815,0.999993161402814,49.41368020448094,0.0,49.9752292150522,0.0,45.59505512745483,0.0,45.30222492153531,0.0,0.0,0.0,0.0,0.0,0.0,0.0
10.0,5.16810840542027,0.0036983054419034,0.0036983054330345,0.9999931612418412,0.999993161241841,49.41368019208123,0.0,49.97522889520613,0.0,45.59505512367199,0.0,45.30222485426225,0.0,0.0,0.0,0.0,0.0,0.0,0.0
10.0,5.1683584179209,0.0036983489709893,0.0036983489621469,0.99999316108086,0.99999316108086,49.41368017968112,0.0,49.97522857534516,0.0,45.59505511988896,0.0,45.30222478698599,0.0,0.0,0.0,0.0,0.0,0.0,0.0
10.0,5.16860843042152,0.0036983925016226,0.0036983924928067,0.999993160919871,0.999993160919871,49.41368016728062,0.0,49.97522825546929,0.0,45.59505511610574,0.0,45.30222471970652,0.0,0.0,0.0,0.0,0.0,0.0,0.0
10.0,5.16885844292215,0.0036984360338032,0.0036984360250138,0.9999931607588752,0.999993160758874,49.413680154879714,0.0,49.97522793557852,0.0,45.59505511232233,0.0,45.30222465242387,0.0,0.0,0.0,0.0,0.0,0.0,0.0
10.0,5.16910845542277,0.0036984795675311,0.0036984795587681,0.99999316059787,0.99999316059787,49.41368014247841,0.0,49.97522761567283,0.0,45.59505510853874,0.0,45.302224585138006,0.0,0.0,0.0,0.0,0.0,0.0,0.0
10.0,5.1693584679234,0.0036985231028062,0.0036985230940697,0.9999931604368588,0.999993160436859,49.41368013007671,0.0,49.97522729575225,0.0,45.59505510475496,0.0,45.30222451784894,0.0,0.0,0.0,0.0,0.0,0.0,0.0
10.0,5.16960848042402,0.0036985666396285,0.0036985666309183,0.99999316027584,0.999993160275839,49.41368011767462,0.0,49.97522697581675,0.0,45.595055100971,0.0,45.302224450556686,0.0,0.0,0.0,0.0,0.0,0.0,0.0
10.0,5.16985849292465,0.0036986101779979,0.003698610169314,0.999993160114813,0.999993160114812,49.41368010527214,0.0,49.97522665586636,0.0,45.59505509718684,0.0,45.30222438326122,0.0,0.0,0.0,0.0,0.0,0.0,0.0
10.0,5.17010850542527,0.0036986537179143,0.0036986537092567,0.999993159953778,0.999993159953777,49.41368009286926,0.0,49.97522633590105,0.0,45.5950550934025,0.0,45.30222431596256,0.0,0.0,0.0,0.0,0.0,0.0,0.0
10.0,5.1703585179259,0.0036986972593777,0.0036986972507464,0.999993159792736,0.9999931597927348,49.41368008046598,0.0,49.975226015920846,0.0,45.59505508961797,0.0,45.30222424866069,0.0,0.0,0.0,0.0,0.0,0.0,0.0
10.0,5.17060853042652,0.003698740802388,0.0036987407937829,0.999993159631685,0.999993159631685,49.41368006806231,0.0,49.975225695925744,0.0,45.59505508583327,0.0,45.302224181355626,0.0,0.0,0.0,0.0,0.0,0.0,0.0
10.0,5.17085854292715,0.0036987843469452,0.0036987843383663,0.999993159470628,0.999993159470628,49.41368005565825,0.0,49.97522537591573,0.0,45.59505508204836,0.0,45.30222411404736,0.0,0.0,0.0,0.0,0.0,0.0,0.0
10.0,5.17110855542777,0.0036988278930491,0.0036988278844964,0.9999931593095632,0.999993159309562,49.4136800432538,0.0,49.97522505589081,0.0,45.59505507826327,0.0,45.3022240467359,0.0,0.0,0.0,0.0,0.0,0.0,0.0
10.0,5.1713585679284,0.0036988714406998,0.0036988714321731,0.99999315914849,0.999993159148489,49.41368003084896,0.0,49.97522473585099,0.0,45.59505507447801,0.0,45.30222397942124,0.0,0.0,0.0,0.0,0.0,0.0,0.0
10.0,5.17160858042902,0.0036989149898971,0.0036989149813966,0.999993158987409,0.999993158987409,49.41368001844372,0.0,49.97522441579628,0.0,45.59505507069255,0.0,45.30222391210337,0.0,0.0,0.0,0.0,0.0,0.0,0.0
10.0,5.17185859292965,0.003698958540641,0.0036989585321665,0.999993158826321,0.99999315882632,49.4136800060381,0.0,49.97522409572664,0.0,45.595055066906895,0.0,45.302223844782304,0.0,0.0,0.0,0.0,0.0,0.0,0.0
10.0,5.17210860543027,0.0036990020929315,0.003699002084483,0.999993158665225,0.999993158665225,49.41367999363209,0.0,49.97522377564212,0.0,45.59505506312107,0.0,45.30222377745804,0.0,0.0,0.0,0.0,0.0,0.0,0.0
10.0,5.1723586179309,0.0036990456467685,0.003699045638346,0.999993158504121,0.999993158504121,49.41367998122568,0.0,49.97522345554269,0.0,45.59505505933505,0.0,45.302223710130576,0.0,0.0,0.0,0.0,0.0,0.0,0.0
10.0,5.17260863043152,0.0036990892021518,0.0036990891937553,0.99999315834301,0.99999315834301,49.41367996881889,0.0,49.97522313542835,0.0,45.595055055548855,0.0,45.30222364279991,0.0,0.0,0.0,0.0,0.0,0.0,0.0
10.0,5.17285864293215,0.0036991327590816,0.0036991327507109,0.9999931581818912,0.9999931581818912,49.41367995641171,0.0,49.97522281529911,0.0,45.59505505176246,0.0,45.30222357546605,0.0,0.0,0.0,0.0,0.0,0.0,0.0
10.0,5.17310865543277,0.0036991763175576,0.0036991763092128,0.999993158020765,0.999993158020764,49.413679944004144,0.0,49.975222495154966,0.0,45.59505504797588,0.0,45.30222350812898,0.0,0.0,0.0,0.0,0.0,0.0,0.0
10.0,5.1733586679334,0.0036992198775799,0.0036992198692609,0.9999931578596312,0.99999315785963,49.41367993159621,0.0,49.97522217499593,0.0,45.59505504418912,0.0,45.30222344078872,0.0,0.0,0.0,0.0,0.0,0.0,0.0
10.0,5.17360868043402,0.0036992634391483,0.0036992634308551,0.9999931576984892,0.999993157698488,49.41367991918786,0.0,49.97522185482198,0.0,45.595055040402166,0.0,45.30222337344525,0.0,0.0,0.0,0.0,0.0,0.0,0.0
10.0,5.17385869293465,0.0036993070022628,0.0036993069939954,0.9999931575373388,0.9999931575373388,49.41367990677914,0.0,49.97522153463313,0.0,45.59505503661504,0.0,45.30222330609858,0.0,0.0,0.0,0.0,0.0,0.0,0.0
10.0,5.17410870543527,0.0036993505669234,0.0036993505586817,0.999993157376182,0.999993157376182,49.41367989437004,0.0,49.975221214429375,0.0,45.59505503282771,0.0,45.30222323874872,0.0,0.0,0.0,0.0,0.0,0.0,0.0
10.0,5.1743587179359,0.00369939413313,0.003699394124914,0.999993157215017,0.9999931572150168,49.41367988196054,0.0,49.97522089421073,0.0,45.5950550290402,0.0,45.30222317139565,0.0,0.0,0.0,0.0,0.0,0.0,0.0
10.0,5.17460873043652,0.0036994377008825,0.0036994376926921,0.999993157053845,0.999993157053845,49.41367986955067,0.0,49.975220573977175,0.0,45.5950550252525,0.0,45.30222310403938,0.0,0.0,0.0,0.0,0.0,0.0,0.0
10.0,5.17485874293715,0.0036994812701809,0.0036994812620161,0.999993156892665,0.999993156892665,49.413679857140416,0.0,49.97522025372872,0.0,45.595055021464624,0.0,45.30222303667992,0.0,0.0,0.0,0.0,0.0,0.0,0.0
10.0,5.17510875543777,0.0036995248410251,0.0036995248328858,0.999993156731477,0.999993156731477,49.41367984472978,0.0,49.97521993346536,0.0,45.59505501767656,0.0,45.30222296931725,0.0,0.0,0.0,0.0,0.0,0.0,0.0
10.0,5.1753587679384,0.003699568413415,0.0036995684053013,0.999993156570282,0.999993156570282,49.41367983231876,0.0,49.97521961318709,0.0,45.59505501388831,0.0,45.30222290195138,0.0,0.0,0.0,0.0,0.0,0.0,0.0
10.0,5.17560878043902,0.0036996119873506,0.0036996119792624,0.999993156409079,0.999993156409079,49.41367981990737,0.0,49.97521929289393,0.0,45.59505501009986,0.0,45.30222283458232,0.0,0.0,0.0,0.0,0.0,0.0,0.0
10.0,5.17585879293965,0.0036996555628318,0.003699655554769,0.999993156247868,0.999993156247868,49.41367980749559,0.0,49.97521897258586,0.0,45.59505500631124,0.0,45.30222276721005,0.0,0.0,0.0,0.0,0.0,0.0,0.0
10.0,5.17610880544027,0.0036996991398586,0.0036996991318212,0.9999931560866498,0.99999315608665,49.41367979508344,0.0,49.975218652262896,0.0,45.595055002522415,0.0,45.30222269983459,0.0,0.0,0.0,0.0,0.0,0.0,0.0
10.0,5.1763588179409,0.0036997427184308,0.0036997427104188,0.999993155925424,0.999993155925424,49.4136797826709,0.0,49.97521833192503,0.0,45.595054998733424,0.0,45.30222263245592,0.0,0.0,0.0,0.0,0.0,0.0,0.0
10.0,5.17660883044152,0.0036997862985485,0.0036997862905619,0.999993155764191,0.99999315576419,49.41367977025799,0.0,49.97521801157226,0.0,45.59505499494424,0.0,45.30222256507405,0.0,0.0,0.0,0.0,0.0,0.0,0.0
10.0,5.17685884294215,0.0036998298802116,0.0036998298722502,0.999993155602949,0.999993155602949,49.41367975784469,0.0,49.97521769120459,0.0,45.59505499115486,0.0,45.30222249768898,0.0,0.0,0.0,0.0,0.0,0.0,0.0
10.0,5.17710885544277,0.00369987346342,0.0036998734554839,0.999993155441701,0.9999931554417,49.41367974543102,0.0,49.97521737082201,0.0,45.5950549873653,0.0,45.30222243030072,0.0,0.0,0.0,0.0,0.0,0.0,0.0
10.0,5.1773588679434,0.0036999170481736,0.0036999170402627,0.999993155280444,0.999993155280444,49.41367973301698,0.0,49.97521705042453,0.0,45.59505498357556,0.0,45.30222236290925,0.0,0.0,0.0,0.0,0.0,0.0,0.0
10.0,5.17760888044402,0.0036999606344724,0.0036999606265867,0.99999315511918,0.999993155119179,49.41367972060256,0.0,49.97521673001217,0.0,45.59505497978563,0.0,45.302222295514575,0.0,0.0,0.0,0.0,0.0,0.0,0.0
10.0,5.17785889294465,0.0037000042223164,0.0037000042144558,0.999993154957908,0.999993154957908,49.41367970818777,0.0,49.975216409584895,0.0,45.59505497599551,0.0,45.30222222811671,0.0,0.0,0.0,0.0,0.0,0.0,0.0
10.0,5.17810890544527,0.0037000478117054,0.0037000478038699,0.999993154796629,0.999993154796628,49.4136796957726,0.0,49.97521608914271,0.0,45.595054972205205,0.0,45.30222216071565,0.0,0.0,0.0,0.0,0.0,0.0,0.0
10.0,5.1783589179459,0.0037000914026394,0.0037000913948289,0.999993154635342,0.999993154635341,49.41367968335707,0.0,49.97521576868564,0.0,45.59505496841472,0.0,45.30222209331137,0.0,0.0,0.0,0.0,0.0,0.0,0.0
10.0,5.17860893044652,0.0037001349951184,0.0037001349873329,0.999993154474047,0.999993154474046,49.41367967094115,0.0,49.97521544821366,0.0,45.59505496462404,0.0,45.30222202590391,0.0,0.0,0.0,0.0,0.0,0.0,0.0
10.0,5.17885894294715,0.0037001785891422,0.0037001785813817,0.999993154312744,0.999993154312744,49.41367965852487,0.0,49.975215127726784,0.0,45.59505496083317,0.0,45.30222195849324,0.0,0.0,0.0,0.0,0.0,0.0,0.0
10.0,5.17910895544777,0.0037002221847109,0.0037002221769753,0.999993154151434,0.999993154151434,49.41367964610821,0.0,49.97521480722501,0.0,45.59505495704212,0.0,45.30222189107938,0.0,0.0,0.0,0.0,0.0,0.0,0.0
10.0,5.1793589679484,0.0037002657818243,0.0037002657741136,0.999993153990117,0.999993153990116,49.41367963369118,0.0,49.97521448670833,0.0,45.59505495325089,0.0,45.30222182366231,0.0,0.0,0.0,0.0,0.0,0.0,0.0
10.0,5.17960898044902,0.0037003093804824,0.0037003093727965,0.999993153828791,0.9999931538287912,49.413679621273786,0.0,49.97521416617675,0.0,45.59505494945946,0.0,45.30222175624204,0.0,0.0,0.0,0.0,0.0,0.0,0.0
10.0,5.17985899294965,0.0037003529806851,0.0037003529730241,0.9999931536674592,0.999993153667458,49.41367960885603,0.0,49.97521384563028,0.0,45.59505494566786,0.0,45.30222168881857,0.0,0.0,0.0,0.0,0.0,0.0,0.0
10.0,5.18010900545027,0.0037003965824325,0.0037003965747961,0.999993153506118,0.999993153506118,49.41367959643789,0.0,49.975213525068895,0.0,45.595054941876064,0.0,45.3022216213919,0.0,0.0,0.0,0.0,0.0,0.0,0.0
10.0,5.180359017950899,0.0037004401857243,0.0037004401781127,0.99999315334477,0.999993153344769,49.41367958401938,0.0,49.97521320449262,0.0,45.59505493808408,0.0,45.30222155396204,0.0,0.0,0.0,0.0,0.0,0.0,0.0
10.0,5.18060903045152,0.0037004837905606,0.0037004837829736,0.999993153183414,0.999993153183413,49.41367957160052,0.0,49.97521288390144,0.0,45.59505493429191,0.0,45.30222148652897,0.0,0.0,0.0,0.0,0.0,0.0,0.0
10.0,5.18085904295215,0.0037005273969412,0.0037005273893789,0.9999931530220502,0.99999315302205,49.41367955918128,0.0,49.975212563295365,0.0,45.595054930499565,0.0,45.30222141909271,0.0,0.0,0.0,0.0,0.0,0.0,0.0
10.0,5.18110905545277,0.0037005710048662,0.0037005709973285,0.999993152860679,0.999993152860679,49.41367954676167,0.0,49.97521224267438,0.0,45.59505492670702,0.0,45.30222135165323,0.0,0.0,0.0,0.0,0.0,0.0,0.0
10.0,5.1813590679534,0.0037006146143355,0.0037006146068223,0.9999931526993,0.9999931526993,49.41367953434171,0.0,49.97521192203852,0.0,45.59505492291429,0.0,45.30222128421057,0.0,0.0,0.0,0.0,0.0,0.0,0.0
10.0,5.18160908045402,0.0037006582253489,0.0037006582178602,0.999993152537914,0.999993152537913,49.413679521921374,0.0,49.97521160138774,0.0,45.59505491912139,0.0,45.3022212167647,0.0,0.0,0.0,0.0,0.0,0.0,0.0
10.0,5.181859092954651,0.0037007018379065,0.0037007018304423,0.99999315237652,0.999993152376519,49.41367950950068,0.0,49.97521128072207,0.0,45.59505491532829,0.0,45.30222114931564,0.0,0.0,0.0,0.0,0.0,0.0,0.0
10.0,5.18210910545527,0.0037007454520082,0.0037007454445684,0.999993152215118,0.999993152215118,49.41367949707961,0.0,49.97521096004149,0.0,45.595054911534994,0.0,45.30222108186337,0.0,0.0,0.0,0.0,0.0,0.0,0.0
10.0,5.1823591179559,0.0037007890676539,0.0037007890602384,0.999993152053709,0.999993152053708,49.4136794846582,0.0,49.97521063934602,0.0,45.59505490774152,0.0,45.30222101440791,0.0,0.0,0.0,0.0,0.0,0.0,0.0
10.0,5.1826091304565205,0.0037008326848435,0.0037008326774524,0.999993151892292,0.999993151892291,49.41367947223641,0.0,49.975210318635646,0.0,45.59505490394787,0.0,45.30222094694924,0.0,0.0,0.0,0.0,0.0,0.0,0.0
10.0,5.18285914295715,0.0037008763035771,0.0037008762962102,0.999993151730867,0.999993151730867,49.41367945981426,0.0,49.97520999791038,0.0,45.595054900154025,0.0,45.30222087948738,0.0,0.0,0.0,0.0,0.0,0.0,0.0
10.0,5.18310915545777,0.0037009199238545,0.0037009199165119,0.9999931515694348,0.999993151569434,49.413679447391765,0.0,49.97520967717021,0.0,45.59505489635999,0.0,45.30222081202231,0.0,0.0,0.0,0.0,0.0,0.0,0.0
10.0,5.1833591679584,0.0037009635456756,0.0037009635383572,0.999993151407995,0.999993151407994,49.41367943496889,0.0,49.97520935641514,0.0,45.59505489256578,0.0,45.30222074455404,0.0,0.0,0.0,0.0,0.0,0.0,0.0
10.0,5.18360918045902,0.0037010071690405,0.0037010071617462,0.999993151246547,0.999993151246547,49.41367942254566,0.0,49.97520903564518,0.0,45.59505488877137,0.0,45.30222067708258,0.0,0.0,0.0,0.0,0.0,0.0,0.0
10.0,5.18385919295965,0.003701050793949,0.0037010507866788,0.999993151085092,0.999993151085092,49.41367941012209,0.0,49.97520871486032,0.0,45.59505488497678,0.0,45.30222060960792,0.0,0.0,0.0,0.0,0.0,0.0,0.0
10.0,5.184109205460271,0.0037010944204011,0.003701094413155,0.999993150923629,0.999993150923629,49.41367939769814,0.0,49.97520839406055,0.0,45.59505488118201,0.0,45.30222054213005,0.0,0.0,0.0,0.0,0.0,0.0,0.0
10.0,5.1843592179609,0.0037011380483968,0.0037011380411746,0.999993150762159,0.999993150762158,49.413679385273845,0.0,49.975208073245895,0.0,45.59505487738706,0.0,45.30222047464898,0.0,0.0,0.0,0.0,0.0,0.0,0.0
10.0,5.18460923046152,0.0037011816779359,0.0037011816707377,0.999993150600681,0.99999315060068,49.41367937284919,0.0,49.97520775241634,0.0,45.5950548735919,0.0,45.302220407164725,0.0,0.0,0.0,0.0,0.0,0.0,0.0
10.0,5.18485924296215,0.0037012253090184,0.0037012253018441,0.9999931504391952,0.999993150439194,49.413679360424176,0.0,49.97520743157188,0.0,45.59505486979657,0.0,45.302220339677255,0.0,0.0,0.0,0.0,0.0,0.0,0.0
10.0,5.18510925546277,0.0037012689416442,0.0037012689344938,0.999993150277701,0.999993150277701,49.413679347998816,0.0,49.97520711071253,0.0,45.59505486600105,0.0,45.3022202721866,0.0,0.0,0.0,0.0,0.0,0.0,0.0
10.0,5.1853592679634,0.0037013125758133,0.0037013125686868,0.9999931501162,0.9999931501162,49.41367933557309,0.0,49.97520678983828,0.0,45.59505486220535,0.0,45.30222020469272,0.0,0.0,0.0,0.0,0.0,0.0,0.0
10.0,5.18560928046402,0.0037013562115257,0.0037013562044229,0.999993149954692,0.999993149954691,49.41367932314702,0.0,49.97520646894913,0.0,45.59505485840945,0.0,45.30222013719566,0.0,0.0,0.0,0.0,0.0,0.0,0.0
10.0,5.185859292964649,0.0037013998487812,0.0037013998417021,0.999993149793176,0.999993149793175,49.4136793107206,0.0,49.97520614804508,0.0,45.59505485461337,0.0,45.302220069695394,0.0,0.0,0.0,0.0,0.0,0.0,0.0
10.0,5.18610930546527,0.0037014434875798,0.0037014434805244,0.999993149631651,0.999993149631651,49.413679298293815,0.0,49.97520582712614,0.0,45.59505485081712,0.0,45.30222000219194,0.0,0.0,0.0,0.0,0.0,0.0,0.0
10.0,5.1863593179659,0.0037014871279214,0.0037014871208897,0.99999314947012,0.9999931494701187,49.41367928586668,0.0,49.975205506192296,0.0,45.59505484702066,0.0,45.30221993468527,0.0,0.0,0.0,0.0,0.0,0.0,0.0
10.0,5.18660933046652,0.003701530769806,0.0037015307627979,0.999993149308581,0.99999314930858,49.4136792734392,0.0,49.97520518524355,0.0,45.59505484322402,0.0,45.30221986717542,0.0,0.0,0.0,0.0,0.0,0.0,0.0
10.0,5.18685934296715,0.0037015744132335,0.003701574406249,0.999993149147034,0.999993149147033,49.41367926101137,0.0,49.97520486427992,0.0,45.5950548394272,0.0,45.302219799662346,0.0,0.0,0.0,0.0,0.0,0.0,0.0
10.0,5.18710935546777,0.0037016180582039,0.0037016180512428,0.9999931489854792,0.999993148985479,49.41367924858318,0.0,49.9752045433014,0.0,45.595054835630194,0.0,45.302219732146085,0.0,0.0,0.0,0.0,0.0,0.0,0.0
10.0,5.1873593679684,0.003701661704717,0.0037016616977794,0.999993148823917,0.999993148823917,49.41367923615465,0.0,49.97520422230796,0.0,45.595054831833,0.0,45.30221966462663,0.0,0.0,0.0,0.0,0.0,0.0,0.0
10.0,5.18760938046902,0.0037017053527729,0.0037017053458587,0.999993148662347,0.999993148662347,49.41367922372578,0.0,49.97520390129964,0.0,45.595054828035614,0.0,45.30221959710396,0.0,0.0,0.0,0.0,0.0,0.0,0.0
10.0,5.18785939296965,0.0037017490023714,0.0037017489954806,0.99999314850077,0.999993148500769,49.41367921129655,0.0,49.975203580276414,0.0,45.595054824238055,0.0,45.302219529578096,0.0,0.0,0.0,0.0,0.0,0.0,0.0
10.0,5.188109405470269,0.0037017926535126,0.0037017926466451,0.999993148339185,0.999993148339184,49.41367919886698,0.0,49.9752032592383,0.0,45.595054820440296,0.0,45.30221946204904,0.0,0.0,0.0,0.0,0.0,0.0,0.0
10.0,5.1883594179709,0.0037018363061963,0.0037018362993521,0.999993148177592,0.999993148177592,49.41367918643705,0.0,49.97520293818528,0.0,45.59505481664235,0.0,45.30221939451678,0.0,0.0,0.0,0.0,0.0,0.0,0.0
10.0,5.18860943047152,0.0037018799604224,0.0037018799536015,0.999993148015992,0.9999931480159912,49.41367917400679,0.0,49.97520261711737,0.0,45.59505481284422,0.0,45.30221932698132,0.0,0.0,0.0,0.0,0.0,0.0,0.0
10.0,5.18885944297215,0.003701923616191,0.0037019236093932,0.999993147854384,0.9999931478543828,49.41367916157618,0.0,49.97520229603457,0.0,45.59505480904592,0.0,45.30221925944266,0.0,0.0,0.0,0.0,0.0,0.0,0.0
10.0,5.18910945547277,0.003701967273502,0.0037019672667273,0.999993147692768,0.999993147692768,49.41367914914522,0.0,49.97520197493686,0.0,45.595054805247415,0.0,45.3022191919008,0.0,0.0,0.0,0.0,0.0,0.0,0.0
10.0,5.1893594679734,0.0037020109323552,0.0037020109256036,0.999993147531145,0.999993147531144,49.41367913671393,0.0,49.97520165382426,0.0,45.59505480144873,0.0,45.302219124355744,0.0,0.0,0.0,0.0,0.0,0.0,0.0
10.0,5.18960948047402,0.0037020545927507,0.0037020545860221,0.9999931473695138,0.9999931473695138,49.41367912428229,0.0,49.97520133269676,0.0,45.595054797649865,0.0,45.30221905680749,0.0,0.0,0.0,0.0,0.0,0.0,0.0
10.0,5.18985949297465,0.0037020982546884,0.0037020982479828,0.999993147207876,0.999993147207875,49.41367911185032,0.0,49.97520101155437,0.0,45.59505479385081,0.0,45.302218989256026,0.0,0.0,0.0,0.0,0.0,0.0,0.0
10.0,5.19010950547527,0.0037021419181681,0.0037021419114855,0.999993147046229,0.999993147046229,49.41367909941799,0.0,49.97520069039708,0.0,45.59505479005156,0.0,45.30221892170137,0.0,0.0,0.0,0.0,0.0,0.0,0.0
10.0,5.1903595179759,0.0037021855831899,0.0037021855765301,0.999993146884576,0.999993146884575,49.413679086985326,0.0,49.9752003692249,0.0,45.595054786252135,0.0,45.30221885414351,0.0,0.0,0.0,0.0,0.0,0.0,0.0
10.0,5.19060953047652,0.0037022292497537,0.0037022292431168,0.999993146722914,0.999993146722914,49.41367907455233,0.0,49.97520004803781,0.0,45.59505478245252,0.0,45.30221878658245,0.0,0.0,0.0,0.0,0.0,0.0,0.0
10.0,5.19085954297715,0.0037022729178595,0.0037022729112453,0.999993146561245,0.9999931465612448,49.41367906211898,0.0,49.97519972683585,0.0,45.59505477865272,0.0,45.3022187190182,0.0,0.0,0.0,0.0,0.0,0.0,0.0
10.0,5.19110955547777,0.0037023165875071,0.0037023165809156,0.9999931463995682,0.999993146399568,49.4136790496853,0.0,49.97519940561897,0.0,45.59505477485274,0.0,45.30221865145074,0.0,0.0,0.0,0.0,0.0,0.0,0.0
10.0,5.1913595679784,0.0037023602586965,0.0037023602521277,0.999993146237884,0.999993146237884,49.41367903725129,0.0,49.975199084387214,0.0,45.59505477105256,0.0,45.30221858388009,0.0,0.0,0.0,0.0,0.0,0.0,0.0
10.0,5.19160958047902,0.0037024039314276,0.0037024039248815,0.999993146076192,0.999993146076192,49.413679024816936,0.0,49.97519876314055,0.0,45.5950547672522,0.0,45.30221851630623,0.0,0.0,0.0,0.0,0.0,0.0,0.0
10.0,5.19185959297965,0.0037024476057004,0.0037024475991769,0.999993145914493,0.999993145914492,49.41367901238225,0.0,49.975198441879,0.0,45.595054763451664,0.0,45.30221844872918,0.0,0.0,0.0,0.0,0.0,0.0,0.0
10.0,5.19210960548027,0.0037024912815149,0.0037024912750139,0.999993145752786,0.999993145752785,49.41367899994722,0.0,49.97519812060255,0.0,45.59505475965093,0.0,45.302218381148926,0.0,0.0,0.0,0.0,0.0,0.0,0.0
10.0,5.1923596179809,0.0037025349588709,0.0037025349523924,0.999993145591071,0.99999314559107,49.413678987511865,0.0,49.9751977993112,0.0,45.59505475585001,0.0,45.30221831356547,0.0,0.0,0.0,0.0,0.0,0.0,0.0
10.0,5.19260963048152,0.0037025786377684,0.0037025786313123,0.999993145429348,0.999993145429348,49.41367897507617,0.0,49.975197478004965,0.0,45.59505475204891,0.0,45.30221824597882,0.0,0.0,0.0,0.0,0.0,0.0,0.0
10.0,5.19285964298215,0.0037026223182073,0.0037026223117737,0.999993145267618,0.999993145267617,49.41367896264015,0.0,49.97519715668384,0.0,45.59505474824762,0.0,45.30221817838896,0.0,0.0,0.0,0.0,0.0,0.0,0.0
10.0,5.19310965548277,0.0037026660001876,0.0037026659937763,0.99999314510588,0.99999314510588,49.41367895020379,0.0,49.97519683534781,0.0,45.59505474444615,0.0,45.30221811079591,0.0,0.0,0.0,0.0,0.0,0.0,0.0
10.0,5.1933596679834,0.0037027096837092,0.0037027096773202,0.999993144944135,0.999993144944134,49.413678937767095,0.0,49.97519651399688,0.0,45.59505474064448,0.0,45.30221804319966,0.0,0.0,0.0,0.0,0.0,0.0,0.0
10.0,5.19360968048402,0.0037027533687721,0.0037027533624053,0.999993144782382,0.9999931447823808,49.41367892533008,0.0,49.97519619263107,0.0,45.59505473684264,0.0,45.30221797560021,0.0,0.0,0.0,0.0,0.0,0.0,0.0
10.0,5.19385969298465,0.0037027970553762,0.0037027970490316,0.999993144620621,0.999993144620621,49.41367891289272,0.0,49.97519587125036,0.0,45.595054733040605,0.0,45.30221790799756,0.0,0.0,0.0,0.0,0.0,0.0,0.0
10.0,5.19410970548527,0.0037028407435214,0.0037028407371989,0.999993144458853,0.999993144458852,49.41367890045505,0.0,49.975195549854746,0.0,45.59505472923839,0.0,45.30221784039171,0.0,0.0,0.0,0.0,0.0,0.0,0.0
10.0,5.1943597179859,0.0037028844332076,0.0037028844269073,0.9999931442970768,0.999993144297077,49.41367888801704,0.0,49.97519522844425,0.0,45.59505472543599,0.0,45.30221777278266,0.0,0.0,0.0,0.0,0.0,0.0,0.0
10.0,5.19460973048652,0.0037029281244349,0.0037029281181566,0.999993144135293,0.999993144135293,49.4136788755787,0.0,49.97519490701885,0.0,45.5950547216334,0.0,45.30221770517041,0.0,0.0,0.0,0.0,0.0,0.0,0.0
10.0,5.19485974298715,0.0037029718172031,0.0037029718109467,0.999993143973502,0.999993143973502,49.41367886314004,0.0,49.97519458557857,0.0,45.59505471783061,0.0,45.30221763755497,0.0,0.0,0.0,0.0,0.0,0.0,0.0
10.0,5.19510975548777,0.0037030155115122,0.0037030155052778,0.999993143811703,0.999993143811703,49.41367885070104,0.0,49.97519426412339,0.0,45.59505471402765,0.0,45.30221756993631,0.0,0.0,0.0,0.0,0.0,0.0,0.0
10.0,5.1953597679884,0.0037030592073621,0.0037030592011496,0.999993143649897,0.999993143649896,49.41367883826173,0.0,49.97519394265331,0.0,45.5950547102245,0.0,45.30221750231447,0.0,0.0,0.0,0.0,0.0,0.0,0.0
10.0,5.19560978048902,0.0037031029047527,0.0037031028985621,0.999993143488083,0.999993143488082,49.41367882582208,0.0,49.97519362116835,0.0,45.59505470642116,0.0,45.30221743468943,0.0,0.0,0.0,0.0,0.0,0.0,0.0
10.0,5.19585979298965,0.0037031466036841,0.0037031465975152,0.9999931433262608,0.999993143326261,49.41367881338212,0.0,49.97519329966848,0.0,45.59505470261764,0.0,45.302217367061175,0.0,0.0,0.0,0.0,0.0,0.0,0.0
10.0,5.19610980549027,0.0037031903041561,0.0037031902980089,0.999993143164432,0.9999931431644312,49.413678800941824,0.0,49.97519297815373,0.0,45.59505469881393,0.0,45.30221729942973,0.0,0.0,0.0,0.0,0.0,0.0,0.0
10.0,5.1963598179909,0.0037032340061686,0.0037032340000432,0.999993143002595,0.999993143002594,49.413678788501215,0.0,49.97519265662409,0.0,45.59505469501004,0.0,45.30221723179509,0.0,0.0,0.0,0.0,0.0,0.0,0.0
10.0,5.19660983049152,0.0037032777097217,0.0037032777036179,0.99999314284075,0.99999314284075,49.41367877606028,0.0,49.97519233507954,0.0,45.59505469120596,0.0,45.30221716415725,0.0,0.0,0.0,0.0,0.0,0.0,0.0
10.0,5.19685984299215,0.0037033214148153,0.003703321408733,0.999993142678898,0.999993142678897,49.41367876361903,0.0,49.97519201352011,0.0,45.59505468740169,0.0,45.3022170965162,0.0,0.0,0.0,0.0,0.0,0.0,0.0
10.0,5.19710985549277,0.0037033651214492,0.0037033651153885,0.999993142517038,0.999993142517038,49.41367875117745,0.0,49.97519169194579,0.0,45.59505468359724,0.0,45.302217028871965,0.0,0.0,0.0,0.0,0.0,0.0,0.0
10.0,5.1973598679934,0.0037034088296234,0.0037034088235842,0.999993142355171,0.99999314235517,49.41367873873555,0.0,49.97519137035657,0.0,45.59505467979261,0.0,45.30221696122452,0.0,0.0,0.0,0.0,0.0,0.0,0.0
10.0,5.19760988049402,0.003703452539338,0.0037034525333201,0.999993142193295,0.999993142193295,49.41367872629334,0.0,49.975191048752464,0.0,45.59505467598779,0.0,45.30221689357388,0.0,0.0,0.0,0.0,0.0,0.0,0.0
10.0,5.19785989299465,0.0037034962505927,0.0037034962445962,0.999993142031413,0.999993142031412,49.4136787138508,0.0,49.97519072713345,0.0,45.595054672182776,0.0,45.302216825920034,0.0,0.0,0.0,0.0,0.0,0.0,0.0
10.0,5.19810990549527,0.0037035399633876,0.0037035399574124,0.999993141869522,0.999993141869522,49.41367870140795,0.0,49.97519040549957,0.0,45.59505466837759,0.0,45.30221675826299,0.0,0.0,0.0,0.0,0.0,0.0,0.0
10.0,5.198359917995901,0.0037035836777225,0.0037035836717687,0.999993141707624,0.999993141707624,49.41367868896479,0.0,49.97519008385078,0.0,45.5950546645722,0.0,45.30221669060276,0.0,0.0,0.0,0.0,0.0,0.0,0.0
10.0,5.19860993049652,0.0037036273935975,0.0037036273876648,0.9999931415457192,0.999993141545718,49.41367867652131,0.0,49.97518976218709,0.0,45.59505466076664,0.0,45.30221662293932,0.0,0.0,0.0,0.0,0.0,0.0,0.0
10.0,5.19885994299715,0.0037036711110124,0.0037036711051009,0.999993141383805,0.999993141383805,49.4136786640775,0.0,49.97518944050852,0.0,45.59505465696088,0.0,45.30221655527268,0.0,0.0,0.0,0.0,0.0,0.0,0.0
10.0,5.19910995549777,0.0037037148299673,0.0037037148240769,0.999993141221885,0.999993141221884,49.41367865163338,0.0,49.97518911881505,0.0,45.59505465315495,0.0,45.30221648760284,0.0,0.0,0.0,0.0,0.0,0.0,0.0
10.0,5.1993599679984,0.0037037585504619,0.0037037585445926,0.999993141059956,0.999993141059955,49.41367863918896,0.0,49.975188797106696,0.0,45.59505464934882,0.0,45.302216419929806,0.0,0.0,0.0,0.0,0.0,0.0,0.0
10.0,5.19960998049903,0.0037038022724964,0.0037038022666481,0.99999314089802,0.9999931408980192,49.413678626744215,0.0,49.97518847538345,0.0,45.59505464554251,0.0,45.30221635225358,0.0,0.0,0.0,0.0,0.0,0.0,0.0
10.0,5.19985999299965,0.0037038459960705,0.0037038459902432,0.999993140736076,0.9999931407360748,49.413678614299165,0.0,49.975188153645306,0.0,45.59505464173601,0.0,45.302216284574136,0.0,0.0,0.0,0.0,0.0,0.0,0.0
10.0,5.20011000550027,0.0037038897211843,0.0037038897153779,0.999993140574125,0.999993140574124,49.4136786018538,0.0,49.97518783189228,0.0,45.59505463792933,0.0,45.30221621689151,0.0,0.0,0.0,0.0,0.0,0.0,0.0
10.0,5.2003600180009,0.0037039334478377,0.0037039334420521,0.999993140412166,0.999993140412165,49.41367858940813,0.0,49.97518751012436,0.0,45.59505463412246,0.0,45.30221614920567,0.0,0.0,0.0,0.0,0.0,0.0,0.0
10.0,5.20061003050153,0.0037039771760307,0.0037039771702659,0.999993140250199,0.999993140250198,49.41367857696214,0.0,49.97518718834154,0.0,45.59505463031541,0.0,45.30221608151665,0.0,0.0,0.0,0.0,0.0,0.0,0.0
10.0,5.20086004300215,0.0037040209057631,0.003704020900019,0.999993140088224,0.999993140088224,49.41367856451585,0.0,49.97518686654384,0.0,45.595054626508166,0.0,45.302216013824406,0.0,0.0,0.0,0.0,0.0,0.0,0.0
10.0,5.20111005550278,0.0037040646370349,0.0037040646313115,0.999993139926243,0.999993139926242,49.41367855206925,0.0,49.97518654473124,0.0,45.59505462270074,0.0,45.302215946128975,0.0,0.0,0.0,0.0,0.0,0.0,0.0
10.0,5.2013600680034,0.003704108369846,0.0037041083641433,0.999993139764253,0.999993139764252,49.41367853962234,0.0,49.97518622290375,0.0,45.59505461889313,0.0,45.302215878430346,0.0,0.0,0.0,0.0,0.0,0.0,0.0
10.0,5.20161008050402,0.0037041521041965,0.0037041520985143,0.999993139602256,0.999993139602255,49.41367852717512,0.0,49.975185901061366,0.0,45.59505461508533,0.0,45.30221581072851,0.0,0.0,0.0,0.0,0.0,0.0,0.0
10.0,5.20186009300465,0.0037041958400861,0.0037041958344245,0.999993139440251,0.99999313944025,49.4136785147276,0.0,49.9751855792041,0.0,45.59505461127735,0.0,45.30221574302348,0.0,0.0,0.0,0.0,0.0,0.0,0.0
10.0,5.20211010550528,0.0037042395775149,0.0037042395718738,0.999993139278238,0.999993139278238,49.41367850227977,0.0,49.97518525733194,0.0,45.59505460746918,0.0,45.30221567531525,0.0,0.0,0.0,0.0,0.0,0.0,0.0
10.0,5.2023601180059,0.0037042833164828,0.0037042833108621,0.999993139116218,0.999993139116218,49.41367848983164,0.0,49.97518493544489,0.0,45.59505460366083,0.0,45.30221560760384,0.0,0.0,0.0,0.0,0.0,0.0,0.0
10.0,5.20261013050652,0.0037043270569898,0.0037043270513894,0.999993138954191,0.99999313895419,49.41367847738321,0.0,49.97518461354295,0.0,45.59505459985228,0.0,45.3022155398892,0.0,0.0,0.0,0.0,0.0,0.0,0.0
10.0,5.20286014300715,0.0037043707990357,0.0037043707934557,0.9999931387921548,0.999993138792155,49.41367846493447,0.0,49.97518429162612,0.0,45.59505459604355,0.0,45.30221547217138,0.0,0.0,0.0,0.0,0.0,0.0,0.0
10.0,5.20311015550778,0.0037044145426206,0.0037044145370607,0.999993138630112,0.999993138630112,49.41367845248542,0.0,49.9751839696944,0.0,45.595054592234646,0.0,45.30221540445036,0.0,0.0,0.0,0.0,0.0,0.0,0.0
10.0,5.2033601680084,0.0037044582877443,0.0037044582822047,0.999993138468062,0.999993138468061,49.41367844003609,0.0,49.97518364774778,0.0,45.59505458842554,0.0,45.302215336726135,0.0,0.0,0.0,0.0,0.0,0.0,0.0
10.0,5.20361018050903,0.0037045020344068,0.0037045020288873,0.999993138306003,0.9999931383060028,49.41367842758644,0.0,49.97518332578628,0.0,45.59505458461626,0.0,45.30221526899872,0.0,0.0,0.0,0.0,0.0,0.0,0.0
10.0,5.203860193009649,0.003704545782608,0.0037045457771086,0.999993138143938,0.999993138143937,49.413678415136495,0.0,49.97518300380989,0.0,45.59505458080679,0.0,45.30221520126809,0.0,0.0,0.0,0.0,0.0,0.0,0.0
10.0,5.20411020551027,0.0037045895323479,0.0037045895268686,0.999993137981864,0.999993137981864,49.41367840268626,0.0,49.9751826818186,0.0,45.595054576997136,0.0,45.30221513353427,0.0,0.0,0.0,0.0,0.0,0.0,0.0
10.0,5.2043602180109,0.0037046332836264,0.003704633278167,0.999993137819783,0.999993137819782,49.41367839023572,0.0,49.97518235981243,0.0,45.59505457318729,0.0,45.30221506579725,0.0,0.0,0.0,0.0,0.0,0.0,0.0
10.0,5.20461023051153,0.0037046770364434,0.003704677031004,0.999993137657694,0.999993137657694,49.41367837778488,0.0,49.97518203779136,0.0,45.59505456937727,0.0,45.30221499805703,0.0,0.0,0.0,0.0,0.0,0.0,0.0
10.0,5.20486024301215,0.0037047207907989,0.0037047207853794,0.999993137495598,0.999993137495597,49.41367836533375,0.0,49.97518171575542,0.0,45.595054565567054,0.0,45.30221493031361,0.0,0.0,0.0,0.0,0.0,0.0,0.0
10.0,5.20511025551278,0.0037047645466929,0.0037047645412932,0.999993137333494,0.999993137333493,49.41367835288232,0.0,49.975181393704574,0.0,45.595054561756655,0.0,45.302214862567,0.0,0.0,0.0,0.0,0.0,0.0,0.0
10.0,5.2053602680134,0.0037048083041252,0.0037048082987453,0.999993137171382,0.999993137171382,49.413678340430586,0.0,49.97518107163884,0.0,45.59505455794607,0.0,45.30221479481718,0.0,0.0,0.0,0.0,0.0,0.0,0.0
10.0,5.20561028051403,0.0037048520630958,0.0037048520577356,0.999993137009263,0.9999931370092618,49.41367832797857,0.0,49.97518074955822,0.0,45.595054554135295,0.0,45.30221472706417,0.0,0.0,0.0,0.0,0.0,0.0,0.0
10.0,5.20586029301465,0.0037048958236047,0.0037048958182641,0.999993136847136,0.9999931368471348,49.41367831552626,0.0,49.97518042746271,0.0,45.595054550324335,0.0,45.30221465930795,0.0,0.0,0.0,0.0,0.0,0.0,0.0
10.0,5.20611030551528,0.0037049395856517,0.0037049395803308,0.999993136685002,0.999993136685001,49.41367830307365,0.0,49.97518010535232,0.0,45.5950545465132,0.0,45.30221459154853,0.0,0.0,0.0,0.0,0.0,0.0,0.0
10.0,5.2063603180159,0.0037049833492368,0.0037049833439354,0.999993136522859,0.999993136522859,49.41367829062076,0.0,49.97517978322702,0.0,45.59505454270187,0.0,45.30221452378593,0.0,0.0,0.0,0.0,0.0,0.0,0.0
10.0,5.20661033051653,0.0037050271143601,0.0037050271090781,0.99999313636071,0.9999931363607087,49.41367827816757,0.0,49.975179461086846,0.0,45.59505453889036,0.0,45.30221445602012,0.0,0.0,0.0,0.0,0.0,0.0,0.0
10.0,5.20686034301715,0.0037050708810212,0.0037050708757588,0.999993136198552,0.999993136198552,49.4136782657141,0.0,49.97517913893178,0.0,45.59505453507865,0.0,45.3022143882511,0.0,0.0,0.0,0.0,0.0,0.0,0.0
10.0,5.20711035551778,0.0037051146492204,0.0037051146439773,0.999993136036387,0.999993136036387,49.41367825326033,0.0,49.97517881676183,0.0,45.59505453126677,0.0,45.3022143204789,0.0,0.0,0.0,0.0,0.0,0.0,0.0
10.0,5.2073603680184,0.0037051584189574,0.0037051584137336,0.999993135874215,0.999993135874214,49.41367824080628,0.0,49.97517849457698,0.0,45.5950545274547,0.0,45.302214252703486,0.0,0.0,0.0,0.0,0.0,0.0,0.0
10.0,5.20761038051903,0.0037052021902322,0.0037052021850277,0.999993135712034,0.999993135712034,49.413678228351934,0.0,49.97517817237725,0.0,45.59505452364244,0.0,45.30221418492488,0.0,0.0,0.0,0.0,0.0,0.0,0.0
10.0,5.20786039301965,0.0037052459630447,0.0037052459578595,0.999993135549846,0.999993135549846,49.41367821589729,0.0,49.97517785016263,0.0,45.59505451982999,0.0,45.30221411714308,0.0,0.0,0.0,0.0,0.0,0.0,0.0
10.0,5.20811040552028,0.003705289737395,0.0037052897322289,0.999993135387651,0.99999313538765,49.41367820344239,0.0,49.97517752793313,0.0,45.59505451601737,0.0,45.30221404935808,0.0,0.0,0.0,0.0,0.0,0.0,0.0
10.0,5.2083604180209,0.0037053335132828,0.0037053335081358,0.999993135225448,0.999993135225447,49.413678190987184,0.0,49.97517720568873,0.0,45.59505451220456,0.0,45.30221398156986,0.0,0.0,0.0,0.0,0.0,0.0,0.0
10.0,5.20861043052153,0.0037053772907082,0.0037053772855803,0.999993135063237,0.999993135063236,49.4136781785317,0.0,49.97517688342944,0.0,45.59505450839156,0.0,45.30221391377847,0.0,0.0,0.0,0.0,0.0,0.0,0.0
10.0,5.20886044302215,0.0037054210696712,0.0037054210645622,0.9999931349010192,0.999993134901018,49.413678166075925,0.0,49.97517656115527,0.0,45.59505450457837,0.0,45.30221384598386,0.0,0.0,0.0,0.0,0.0,0.0,0.0
10.0,5.20911045552278,0.0037054648501715,0.0037054648450816,0.999993134738793,0.999993134738792,49.41367815361987,0.0,49.97517623886621,0.0,45.595054500765,0.0,45.30221377818607,0.0,0.0,0.0,0.0,0.0,0.0,0.0
10.0,5.209360468023399,0.0037055086322093,0.0037055086271382,0.999993134576559,0.999993134576558,49.41367814116354,0.0,49.97517591656226,0.0,45.59505449695144,0.0,45.30221371038506,0.0,0.0,0.0,0.0,0.0,0.0,0.0
10.0,5.20961048052403,0.0037055524157843,0.0037055524107321,0.999993134414318,0.999993134414317,49.41367812870692,0.0,49.975175594243424,0.0,45.595054493137695,0.0,45.30221364258086,0.0,0.0,0.0,0.0,0.0,0.0,0.0
10.0,5.20986049302465,0.0037055962008967,0.0037055961958632,0.999993134252069,0.999993134252068,49.413678116250026,0.0,49.9751752719097,0.0,45.59505448932376,0.0,45.30221357477346,0.0,0.0,0.0,0.0,0.0,0.0,0.0
10.0,5.21011050552528,0.0037056399875462,0.0037056399825314,0.999993134089812,0.999993134089812,49.41367810379285,0.0,49.97517494956109,0.0,45.59505448550965,0.0,45.30221350696287,0.0,0.0,0.0,0.0,0.0,0.0,0.0
10.0,5.2103605180259,0.0037056837757328,0.0037056837707367,0.999993133927548,0.999993133927548,49.41367809133539,0.0,49.97517462719759,0.0,45.59505448169535,0.0,45.30221343914908,0.0,0.0,0.0,0.0,0.0,0.0,0.0
10.0,5.21061053052653,0.0037057275654565,0.003705727560479,0.999993133765276,0.999993133765276,49.41367807887767,0.0,49.975174304819205,0.0,45.59505447788087,0.0,45.30221337133208,0.0,0.0,0.0,0.0,0.0,0.0,0.0
10.0,5.21086054302715,0.0037057713567173,0.0037057713517583,0.999993133602997,0.999993133602996,49.41367806641965,0.0,49.97517398242592,0.0,45.59505447406619,0.0,45.30221330351189,0.0,0.0,0.0,0.0,0.0,0.0,0.0
10.0,5.21111055552778,0.003705815149515,0.0037058151445745,0.99999313344071,0.999993133440709,49.41367805396137,0.0,49.975173660017774,0.0,45.59505447025134,0.0,45.30221323568849,0.0,0.0,0.0,0.0,0.0,0.0,0.0
10.0,5.2113605680284,0.0037058589438495,0.0037058589389275,0.999993133278415,0.999993133278415,49.41367804150281,0.0,49.97517333759472,0.0,45.59505446643629,0.0,45.30221316786191,0.0,0.0,0.0,0.0,0.0,0.0,0.0
10.0,5.21161058052903,0.0037059027397209,0.0037059027348173,0.999993133116113,0.999993133116112,49.413678029043965,0.0,49.975173015156784,0.0,45.59505446262106,0.0,45.30221310003212,0.0,0.0,0.0,0.0,0.0,0.0,0.0
10.0,5.21186059302965,0.0037059465371291,0.0037059465322438,0.999993132953803,0.999993132953803,49.41367801658486,0.0,49.97517269270397,0.0,45.59505445880564,0.0,45.30221303219912,0.0,0.0,0.0,0.0,0.0,0.0,0.0
10.0,5.21211060553028,0.0037059903360739,0.0037059903312069,0.999993132791486,0.999993132791485,49.41367800412547,0.0,49.97517237023626,0.0,45.595054454990056,0.0,45.30221296436294,0.0,0.0,0.0,0.0,0.0,0.0,0.0
10.0,5.2123606180309,0.0037060341365554,0.0037060341317066,0.999993132629161,0.99999313262916,49.41367799166582,0.0,49.97517204775367,0.0,45.59505445117426,0.0,45.30221289652356,0.0,0.0,0.0,0.0,0.0,0.0,0.0
10.0,5.21261063053153,0.0037060779385735,0.0037060779337429,0.999993132466828,0.9999931324668268,49.4136779792059,0.0,49.97517172525618,0.0,45.59505444735829,0.0,45.30221282868097,0.0,0.0,0.0,0.0,0.0,0.0,0.0
10.0,5.21286064303215,0.0037061217421281,0.0037061217373155,0.999993132304487,0.999993132304487,49.41367796674571,0.0,49.97517140274381,0.0,45.595054443542125,0.0,45.30221276083519,0.0,0.0,0.0,0.0,0.0,0.0,0.0
10.0,5.21311065553278,0.0037061655472192,0.0037061655424247,0.9999931321421393,0.9999931321421393,49.41367795428524,0.0,49.97517108021656,0.0,45.59505443972579,0.0,45.3022126929862,0.0,0.0,0.0,0.0,0.0,0.0,0.0
10.0,5.2133606680334,0.0037062093538466,0.0037062093490701,0.999993131979784,0.999993131979783,49.413677941824496,0.0,49.97517075767443,0.0,45.59505443590926,0.0,45.302212625134025,0.0,0.0,0.0,0.0,0.0,0.0,0.0
10.0,5.21361068053403,0.0037062531620104,0.0037062531572518,0.999993131817421,0.99999313181742,49.41367792936349,0.0,49.9751704351174,0.0,45.59505443209255,0.0,45.30221255727864,0.0,0.0,0.0,0.0,0.0,0.0,0.0
10.0,5.21386069303465,0.0037062969717105,0.0037062969669698,0.99999313165505,0.999993131655049,49.41367791690222,0.0,49.97517011254549,0.0,45.595054428275645,0.0,45.302212489420064,0.0,0.0,0.0,0.0,0.0,0.0,0.0
10.0,5.214110705535281,0.0037063407829467,0.0037063407782239,0.9999931314926712,0.99999313149267,49.41367790444069,0.0,49.97516978995869,0.0,45.59505442445856,0.0,45.30221242155828,0.0,0.0,0.0,0.0,0.0,0.0,0.0
10.0,5.2143607180359,0.0037063845957191,0.003706384591014,0.999993131330285,0.999993131330284,49.41367789197889,0.0,49.975169467357006,0.0,45.59505442064128,0.0,45.302212353693314,0.0,0.0,0.0,0.0,0.0,0.0,0.0
10.0,5.21461073053653,0.0037064284100277,0.0037064284053403,0.9999931311678908,0.99999313116789,49.413677879516825,0.0,49.97516914474044,0.0,45.59505441682383,0.0,45.302212285825135,0.0,0.0,0.0,0.0,0.0,0.0,0.0
10.0,5.21486074303715,0.0037064722258722,0.0037064722212025,0.99999313100549,0.9999931310054893,49.4136778670545,0.0,49.97516882210898,0.0,45.59505441300619,0.0,45.30221221795376,0.0,0.0,0.0,0.0,0.0,0.0,0.0
10.0,5.21511075553778,0.0037065160432527,0.0037065160386006,0.999993130843081,0.99999313084308,49.4136778545919,0.0,49.97516849946264,0.0,45.59505440918836,0.0,45.30221215007919,0.0,0.0,0.0,0.0,0.0,0.0,0.0
10.0,5.2153607680384,0.0037065598621691,0.0037065598575345,0.999993130680664,0.999993130680664,49.41367784212905,0.0,49.97516817680142,0.0,45.59505440537035,0.0,45.30221208220141,0.0,0.0,0.0,0.0,0.0,0.0,0.0
10.0,5.21561078053903,0.0037066036826214,0.0037066036780042,0.99999313051824,0.999993130518239,49.413677829665936,0.0,49.97516785412531,0.0,45.59505440155214,0.0,45.30221201432044,0.0,0.0,0.0,0.0,0.0,0.0,0.0
10.0,5.21586079303965,0.0037066475046094,0.0037066475000097,0.999993130355808,0.999993130355808,49.41367781720257,0.0,49.97516753143431,0.0,45.59505439773376,0.0,45.30221194643628,0.0,0.0,0.0,0.0,0.0,0.0,0.0
10.0,5.21611080554028,0.0037066913281332,0.0037066913235508,0.9999931301933692,0.999993130193368,49.41367780473893,0.0,49.97516720872843,0.0,45.595054393915184,0.0,45.30221187854892,0.0,0.0,0.0,0.0,0.0,0.0,0.0
10.0,5.2163608180409,0.0037067351531926,0.0037067351486276,0.9999931300309208,0.999993130030921,49.41367779227503,0.0,49.97516688600766,0.0,45.59505439009644,0.0,45.30221181065834,0.0,0.0,0.0,0.0,0.0,0.0,0.0
10.0,5.21661083054153,0.0037067789797876,0.0037067789752398,0.999993129868467,0.999993129868466,49.41367777981089,0.0,49.97516656327201,0.0,45.59505438627748,0.0,45.30221174276458,0.0,0.0,0.0,0.0,0.0,0.0,0.0
10.0,5.21686084304215,0.0037068228079182,0.0037068228033876,0.999993129706004,0.9999931297060038,49.41367776734648,0.0,49.97516624052148,0.0,45.59505438245836,0.0,45.30221167486762,0.0,0.0,0.0,0.0,0.0,0.0,0.0
10.0,5.21711085554278,0.0037068666375842,0.0037068666330707,0.999993129543535,0.999993129543534,49.41367775488181,0.0,49.97516591775605,0.0,45.59505437863904,0.0,45.30221160696746,0.0,0.0,0.0,0.0,0.0,0.0,0.0
10.0,5.2173608680434,0.0037069104687856,0.0037069104642893,0.999993129381057,0.999993129381056,49.4136777424169,0.0,49.97516559497575,0.0,45.59505437481955,0.0,45.302211539064096,0.0,0.0,0.0,0.0,0.0,0.0,0.0
10.0,5.21761088054403,0.0037069543015224,0.0037069542970431,0.999993129218572,0.999993129218571,49.41367772995173,0.0,49.97516527218056,0.0,45.59505437099987,0.0,45.30221147115754,0.0,0.0,0.0,0.0,0.0,0.0,0.0
10.0,5.21786089304465,0.0037069981357945,0.0037069981313321,0.999993129056079,0.999993129056078,49.4136777174863,0.0,49.975164949370495,0.0,45.59505436717999,0.0,45.30221140324778,0.0,0.0,0.0,0.0,0.0,0.0,0.0
10.0,5.21811090554528,0.0037070419716018,0.0037070419671564,0.999993128893578,0.999993128893578,49.41367770502063,0.0,49.975164626545535,0.0,45.595054363359935,0.0,45.302211335334825,0.0,0.0,0.0,0.0,0.0,0.0,0.0
10.0,5.2183609180459,0.0037070858089443,0.0037070858045157,0.9999931287310702,0.999993128731069,49.4136776925547,0.0,49.97516430370568,0.0,45.5950543595397,0.0,45.30221126741867,0.0,0.0,0.0,0.0,0.0,0.0,0.0
10.0,5.21861093054653,0.0037071296478219,0.0037071296434101,0.999993128568554,0.999993128568554,49.41367768008851,0.0,49.975163980850965,0.0,45.59505435571927,0.0,45.30221119949932,0.0,0.0,0.0,0.0,0.0,0.0,0.0
10.0,5.21886094304715,0.0037071734882345,0.0037071734838395,0.999993128406031,0.99999312840603,49.41367766762209,0.0,49.97516365798136,0.0,45.59505435189865,0.0,45.30221113157677,0.0,0.0,0.0,0.0,0.0,0.0,0.0
10.0,5.21911095554778,0.0037072173301821,0.0037072173258038,0.9999931282435,0.9999931282435,49.41367765515541,0.0,49.97516333509686,0.0,45.59505434807786,0.0,45.30221106365102,0.0,0.0,0.0,0.0,0.0,0.0,0.0
10.0,5.2193609680484,0.0037072611736646,0.0037072611693029,0.999993128080962,0.9999931280809607,49.41367764268848,0.0,49.97516301219749,0.0,45.59505434425687,0.0,45.302210995722064,0.0,0.0,0.0,0.0,0.0,0.0,0.0
10.0,5.219610980549031,0.003707305018682,0.0037073050143369,0.9999931279184152,0.999993127918415,49.41367763022132,0.0,49.975162689283216,0.0,45.59505434043571,0.0,45.30221092778992,0.0,0.0,0.0,0.0,0.0,0.0,0.0
10.0,5.21986099304965,0.0037073488652342,0.0037073488609056,0.999993127755862,0.999993127755861,49.41367761775389,0.0,49.97516236635407,0.0,45.595054336614346,0.0,45.30221085985457,0.0,0.0,0.0,0.0,0.0,0.0,0.0
10.0,5.22011100555028,0.0037073927133212,0.003707392709009,0.9999931275933,0.999993127593299,49.41367760528623,0.0,49.975162043410045,0.0,45.595054332792806,0.0,45.302210791916025,0.0,0.0,0.0,0.0,0.0,0.0,0.0
10.0,5.2203610180509,0.0037074365629428,0.003707436558647,0.999993127430731,0.99999312743073,49.41367759281832,0.0,49.975161720451126,0.0,45.59505432897108,0.0,45.30221072397429,0.0,0.0,0.0,0.0,0.0,0.0,0.0
10.0,5.22061103055153,0.003707480414099,0.0037074804098196,0.999993127268154,0.999993127268154,49.41367758035016,0.0,49.975161397477336,0.0,45.59505432514917,0.0,45.30221065602935,0.0,0.0,0.0,0.0,0.0,0.0,0.0
10.0,5.22086104305215,0.0037075242667898,0.0037075242625267,0.99999312710557,0.9999931271055688,49.41367756788178,0.0,49.97516107448865,0.0,45.59505432132708,0.0,45.3022105880812,0.0,0.0,0.0,0.0,0.0,0.0,0.0
10.0,5.22111105555278,0.0037075681210151,0.0037075681167682,0.999993126942978,0.999993126942977,49.41367755541314,0.0,49.9751607514851,0.0,45.5950543175048,0.0,45.30221052012987,0.0,0.0,0.0,0.0,0.0,0.0,0.0
10.0,5.2213610680534,0.0037076119767748,0.003707611972544,0.999993126780378,0.999993126780378,49.41367754294426,0.0,49.97516042846665,0.0,45.595054313682326,0.0,45.30221045217532,0.0,0.0,0.0,0.0,0.0,0.0,0.0
10.0,5.22161108055403,0.0037076558340689,0.0037076558298542,0.999993126617771,0.999993126617771,49.41367753047515,0.0,49.97516010543332,0.0,45.59505430985967,0.0,45.3022103842176,0.0,0.0,0.0,0.0,0.0,0.0,0.0
10.0,5.221861093054651,0.0037076996928972,0.0037076996886987,0.999993126455157,0.999993126455156,49.41367751800578,0.0,49.97515978238511,0.0,45.59505430603683,0.0,45.302210316256655,0.0,0.0,0.0,0.0,0.0,0.0,0.0
10.0,5.22211110555528,0.0037077435532599,0.0037077435490773,0.999993126292534,0.999993126292534,49.41367750553619,0.0,49.975159459322015,0.0,45.5950543022138,0.0,45.30221024829253,0.0,0.0,0.0,0.0,0.0,0.0,0.0
10.0,5.2223611180559,0.0037077874151567,0.0037077874109901,0.999993126129904,0.999993126129904,49.41367749306636,0.0,49.97515913624405,0.0,45.5950542983906,0.0,45.3022101803252,0.0,0.0,0.0,0.0,0.0,0.0,0.0
10.0,5.22261113055653,0.0037078312785876,0.0037078312744369,0.999993125967267,0.999993125967266,49.41367748059629,0.0,49.97515881315119,0.0,45.59505429456719,0.0,45.30221011235467,0.0,0.0,0.0,0.0,0.0,0.0,0.0
10.0,5.22286114305715,0.0037078751435527,0.0037078751394177,0.999993125804621,0.999993125804621,49.413677468126,0.0,49.97515849004345,0.0,45.59505429074362,0.0,45.302210044380935,0.0,0.0,0.0,0.0,0.0,0.0,0.0
10.0,5.22311115555778,0.0037079190100517,0.0037079190059325,0.999993125641968,0.999993125641968,49.413677455655446,0.0,49.97515816692083,0.0,45.59505428691985,0.0,45.302209976404015,0.0,0.0,0.0,0.0,0.0,0.0,0.0
10.0,5.2233611680584,0.0037079628780846,0.0037079628739812,0.999993125479308,0.999993125479307,49.41367744318468,0.0,49.97515784378332,0.0,45.5950542830959,0.0,45.30220990842388,0.0,0.0,0.0,0.0,0.0,0.0,0.0
10.0,5.22361118055903,0.0037080067476514,0.0037080067435637,0.99999312531664,0.999993125316639,49.41367743071368,0.0,49.975157520630944,0.0,45.59505427927176,0.0,45.30220984044056,0.0,0.0,0.0,0.0,0.0,0.0,0.0
10.0,5.22386119305965,0.0037080506187521,0.0037080506146799,0.999993125153964,0.999993125153963,49.41367741824244,0.0,49.97515719746367,0.0,45.59505427544744,0.0,45.30220977245404,0.0,0.0,0.0,0.0,0.0,0.0,0.0
10.0,5.22411120556028,0.0037080944913865,0.0037080944873298,0.999993124991281,0.99999312499128,49.413677405770976,0.0,49.97515687428152,0.0,45.59505427162293,0.0,45.30220970446432,0.0,0.0,0.0,0.0,0.0,0.0,0.0
10.0,5.2243612180609,0.0037081383655546,0.0037081383615134,0.99999312482859,0.9999931248285892,49.41367739329928,0.0,49.975156551084496,0.0,45.59505426779823,0.0,45.3022096364714,0.0,0.0,0.0,0.0,0.0,0.0,0.0
10.0,5.22461123056153,0.0037081822412563,0.0037081822372306,0.999993124665891,0.99999312466589,49.41367738082735,0.0,49.975156227872574,0.0,45.59505426397335,0.0,45.30220956847528,0.0,0.0,0.0,0.0,0.0,0.0,0.0
10.0,5.22486124306215,0.0037082261184916,0.0037082261144813,0.999993124503185,0.999993124503184,49.4136773683552,0.0,49.975155904645774,0.0,45.595054260148295,0.0,45.30220950047597,0.0,0.0,0.0,0.0,0.0,0.0,0.0
10.0,5.225111255562779,0.0037082699972604,0.0037082699932654,0.9999931243404712,0.99999312434047,49.41367735588282,0.0,49.9751555814041,0.0,45.59505425632304,0.0,45.302209432473454,0.0,0.0,0.0,0.0,0.0,0.0,0.0
10.0,5.2253612680634,0.0037083138775627,0.0037083138735829,0.999993124177749,0.999993124177749,49.41367734341021,0.0,49.975155258147545,0.0,45.5950542524976,0.0,45.30220936446774,0.0,0.0,0.0,0.0,0.0,0.0,0.0
10.0,5.22561128056403,0.0037083577593984,0.0037083577554338,0.99999312401502,0.999993124015019,49.41367733093738,0.0,49.9751549348761,0.0,45.59505424867198,0.0,45.302209296458834,0.0,0.0,0.0,0.0,0.0,0.0,0.0
10.0,5.22586129306465,0.0037084016427673,0.0037084016388179,0.999993123852283,0.999993123852283,49.41367731846433,0.0,49.97515461158978,0.0,45.595054244846175,0.0,45.30220922844673,0.0,0.0,0.0,0.0,0.0,0.0,0.0
10.0,5.22611130556528,0.0037084455276696,0.0037084455237352,0.999993123689539,0.999993123689539,49.41367730599104,0.0,49.97515428828858,0.0,45.595054241020186,0.0,45.30220916043142,0.0,0.0,0.0,0.0,0.0,0.0,0.0
10.0,5.2263613180659,0.003708489414105,0.0037084894101857,0.999993123526787,0.999993123526786,49.41367729351754,0.0,49.9751539649725,0.0,45.595054237194,0.0,45.30220909241291,0.0,0.0,0.0,0.0,0.0,0.0,0.0
10.0,5.22661133056653,0.0037085333020736,0.0037085332981692,0.999993123364028,0.9999931233640272,49.41367728104381,0.0,49.97515364164154,0.0,45.59505423336764,0.0,45.30220902439121,0.0,0.0,0.0,0.0,0.0,0.0,0.0
10.0,5.22686134306715,0.0037085771915753,0.0037085771876858,0.999993123201261,0.99999312320126,49.41367726856987,0.0,49.97515331829569,0.0,45.59505422954109,0.0,45.30220895636631,0.0,0.0,0.0,0.0,0.0,0.0,0.0
10.0,5.22711135556778,0.00370862108261,0.0037086210787354,0.999993123038486,0.999993123038485,49.4136772560957,0.0,49.975152994934966,0.0,45.59505422571436,0.0,45.30220888833821,0.0,0.0,0.0,0.0,0.0,0.0,0.0
10.0,5.227361368068399,0.0037086649751776,0.0037086649713178,0.999993122875703,0.999993122875703,49.41367724362132,0.0,49.97515267155936,0.0,45.59505422188744,0.0,45.30220882030691,0.0,0.0,0.0,0.0,0.0,0.0,0.0
10.0,5.22761138056903,0.0037087088692782,0.0037087088654331,0.999993122712913,0.999993122712913,49.41367723114672,0.0,49.97515234816887,0.0,45.595054218060326,0.0,45.30220875227241,0.0,0.0,0.0,0.0,0.0,0.0,0.0
10.0,5.22786139306965,0.0037087527649116,0.0037087527610812,0.999993122550116,0.999993122550115,49.4136772186719,0.0,49.97515202476351,0.0,45.59505421423304,0.0,45.30220868423472,0.0,0.0,0.0,0.0,0.0,0.0,0.0
10.0,5.22811140557028,0.0037087966620777,0.003708796658262,0.99999312238731,0.999993122387309,49.41367720619688,0.0,49.97515170134327,0.0,45.59505421040557,0.0,45.30220861619383,0.0,0.0,0.0,0.0,0.0,0.0,0.0
10.0,5.2283614180709,0.0037088405607766,0.0037088405569754,0.999993122224497,0.9999931222244968,49.413677193721625,0.0,49.97515137790813,0.0,45.5950542065779,0.0,45.302208548149736,0.0,0.0,0.0,0.0,0.0,0.0,0.0
10.0,5.22861143057153,0.0037088844610081,0.0037088844572214,0.999993122061677,0.999993122061676,49.413677181246165,0.0,49.97515105445813,0.0,45.595054202750056,0.0,45.30220848010244,0.0,0.0,0.0,0.0,0.0,0.0,0.0
10.0,5.22886144307215,0.0037089283627722,0.003708928359,0.999993121898849,0.999993121898848,49.41367716877048,0.0,49.97515073099324,0.0,45.59505419892203,0.0,45.30220841205196,0.0,0.0,0.0,0.0,0.0,0.0,0.0
10.0,5.22911145557278,0.0037089722660689,0.003708972262311,0.999993121736013,0.999993121736012,49.4136771562946,0.0,49.97515040751348,0.0,45.5950541950938,0.0,45.302208343998274,0.0,0.0,0.0,0.0,0.0,0.0,0.0
10.0,5.2293614680734,0.003709016170898,0.0037090161671545,0.99999312157317,0.9999931215731692,49.4136771438185,0.0,49.97515008401883,0.0,45.595054191265405,0.0,45.30220827594139,0.0,0.0,0.0,0.0,0.0,0.0,0.0
10.0,5.22961148057403,0.0037090600772595,0.0037090600735303,0.999993121410318,0.999993121410318,49.41367713134219,0.0,49.9751497605093,0.0,45.595054187436816,0.0,45.30220820788131,0.0,0.0,0.0,0.0,0.0,0.0,0.0
10.0,5.22986149307465,0.0037091039851534,0.0037091039814384,0.99999312124746,0.999993121247459,49.41367711886567,0.0,49.9751494369849,0.0,45.59505418360804,0.0,45.30220813981802,0.0,0.0,0.0,0.0,0.0,0.0,0.0
10.0,5.23011150557528,0.0037091478945795,0.0037091478908787,0.999993121084594,0.999993121084593,49.41367710638895,0.0,49.97514911344562,0.0,45.59505417977908,0.0,45.30220807175155,0.0,0.0,0.0,0.0,0.0,0.0,0.0
10.0,5.2303615180759,0.0037091918055379,0.0037091918018512,0.99999312092172,0.999993120921719,49.41367709391201,0.0,49.97514878989145,0.0,45.59505417594993,0.0,45.30220800368187,0.0,0.0,0.0,0.0,0.0,0.0,0.0
10.0,5.23061153057653,0.0037092357180284,0.0037092357143558,0.9999931207588378,0.999993120758837,49.41367708143486,0.0,49.97514846632241,0.0,45.595054172120605,0.0,45.302207935609,0.0,0.0,0.0,0.0,0.0,0.0,0.0
10.0,5.23086154307715,0.0037092796320511,0.0037092796283924,0.9999931205959492,0.999993120595948,49.41367706895752,0.0,49.97514814273848,0.0,45.595054168291085,0.0,45.30220786753292,0.0,0.0,0.0,0.0,0.0,0.0,0.0
10.0,5.23111155557778,0.0037093235476057,0.003709323543961,0.999993120433052,0.999993120433052,49.41367705647997,0.0,49.97514781913968,0.0,45.59505416446139,0.0,45.302207799453655,0.0,0.0,0.0,0.0,0.0,0.0,0.0
10.0,5.2313615680784,0.0037093674646924,0.0037093674610615,0.999993120270148,0.999993120270147,49.41367704400221,0.0,49.97514749552601,0.0,45.5950541606315,0.0,45.30220773137118,0.0,0.0,0.0,0.0,0.0,0.0,0.0
10.0,5.23161158057903,0.0037094113833109,0.0037094113796939,0.9999931201072358,0.9999931201072358,49.41367703152426,0.0,49.97514717189745,0.0,45.59505415680143,0.0,45.30220766328551,0.0,0.0,0.0,0.0,0.0,0.0,0.0
10.0,5.23186159307965,0.0037094553034614,0.0037094552998581,0.9999931199443168,0.999993119944316,49.4136770190461,0.0,49.975146848254006,0.0,45.59505415297117,0.0,45.30220759519664,0.0,0.0,0.0,0.0,0.0,0.0,0.0
10.0,5.23211160558028,0.0037094992251436,0.003709499221554,0.999993119781389,0.9999931197813888,49.41367700656774,0.0,49.975146524595694,0.0,45.59505414914073,0.0,45.302207527104585,0.0,0.0,0.0,0.0,0.0,0.0,0.0
10.0,5.2323616180809,0.0037095431483575,0.0037095431447816,0.999993119618455,0.999993119618454,49.41367699408918,0.0,49.975146200922495,0.0,45.5950541453101,0.0,45.30220745900932,0.0,0.0,0.0,0.0,0.0,0.0,0.0
10.0,5.23261163058153,0.0037095870731031,0.0037095870695409,0.999993119455512,0.999993119455512,49.41367698161042,0.0,49.975145877234425,0.0,45.59505414147929,0.0,45.30220739091086,0.0,0.0,0.0,0.0,0.0,0.0,0.0
10.0,5.232861643082149,0.0037096309993804,0.0037096309958316,0.999993119292562,0.999993119292561,49.413676969131465,0.0,49.97514555353147,0.0,45.5950541376483,0.0,45.3022073228092,0.0,0.0,0.0,0.0,0.0,0.0,0.0
10.0,5.23311165558278,0.0037096749271891,0.0037096749236539,0.999993119129604,0.999993119129604,49.41367695665232,0.0,49.97514522981364,0.0,45.59505413381711,0.0,45.30220725470434,0.0,0.0,0.0,0.0,0.0,0.0,0.0
10.0,5.2333616680834,0.0037097188565294,0.0037097188530076,0.9999931189666392,0.9999931189666392,49.41367694417297,0.0,49.975144906080935,0.0,45.59505412998573,0.0,45.30220718659629,0.0,0.0,0.0,0.0,0.0,0.0,0.0
10.0,5.23361168058403,0.0037097627874011,0.0037097627838926,0.999993118803666,0.999993118803666,49.41367693169343,0.0,49.975144582333336,0.0,45.59505412615418,0.0,45.30220711848504,0.0,0.0,0.0,0.0,0.0,0.0,0.0
10.0,5.23386169308465,0.0037098067198041,0.003709806716309,0.999993118640686,0.999993118640685,49.41367691921369,0.0,49.97514425857088,0.0,45.59505412232244,0.0,45.30220705037059,0.0,0.0,0.0,0.0,0.0,0.0,0.0
10.0,5.23411170558528,0.0037098506537385,0.0037098506502566,0.999993118477697,0.999993118477697,49.41367690673377,0.0,49.97514393479353,0.0,45.59505411849052,0.0,45.30220698225294,0.0,0.0,0.0,0.0,0.0,0.0,0.0
10.0,5.2343617180859,0.0037098945892041,0.0037098945857354,0.9999931183147018,0.9999931183147008,49.41367689425364,0.0,49.97514361100132,0.0,45.59505411465841,0.0,45.30220691413209,0.0,0.0,0.0,0.0,0.0,0.0,0.0
10.0,5.23461173058653,0.0037099385262008,0.0037099385227453,0.999993118151698,0.999993118151698,49.41367688177333,0.0,49.97514328719422,0.0,45.59505411082611,0.0,45.30220684600805,0.0,0.0,0.0,0.0,0.0,0.0,0.0
10.0,5.23486174308715,0.0037099824647287,0.0037099824612863,0.9999931179886872,0.999993117988687,49.41367686929284,0.0,49.97514296337224,0.0,45.59505410699363,0.0,45.302206777880805,0.0,0.0,0.0,0.0,0.0,0.0,0.0
10.0,5.23511175558778,0.0037100264047877,0.0037100264013582,0.9999931178256688,0.999993117825668,49.41367685681215,0.0,49.97514263953539,0.0,45.59505410316096,0.0,45.302206709750365,0.0,0.0,0.0,0.0,0.0,0.0,0.0
10.0,5.2353617680884,0.0037100703463776,0.0037100703429612,0.9999931176626428,0.999993117662642,49.41367684433126,0.0,49.975142315683655,0.0,45.59505409932812,0.0,45.30220664161672,0.0,0.0,0.0,0.0,0.0,0.0,0.0
10.0,5.23561178058903,0.0037101142894985,0.003710114286095,0.999993117499609,0.999993117499608,49.4136768318502,0.0,49.975141991817054,0.0,45.59505409549507,0.0,45.30220657347989,0.0,0.0,0.0,0.0,0.0,0.0,0.0
10.0,5.23586179308966,0.0037101582341502,0.0037101582307596,0.999993117336567,0.999993117336567,49.41367681936895,0.0,49.97514166793556,0.0,45.59505409166185,0.0,45.30220650533985,0.0,0.0,0.0,0.0,0.0,0.0,0.0
10.0,5.23611180559028,0.0037102021803328,0.0037102021769549,0.999993117173518,0.999993117173518,49.41367680688752,0.0,49.9751413440392,0.0,45.59505408782845,0.0,45.302206437196624,0.0,0.0,0.0,0.0,0.0,0.0,0.0
10.0,5.2363618180909,0.0037102461280461,0.003710246124681,0.999993117010462,0.9999931170104612,49.4136767944059,0.0,49.97514102012797,0.0,45.59505408399486,0.0,45.3022063690502,0.0,0.0,0.0,0.0,0.0,0.0,0.0
10.0,5.23661183059153,0.0037102900772901,0.0037102900739377,0.9999931168473968,0.9999931168473968,49.413676781924096,0.0,49.975140696201855,0.0,45.59505408016108,0.0,45.30220630090056,0.0,0.0,0.0,0.0,0.0,0.0,0.0
10.0,5.23686184309215,0.0037103340280648,0.003710334024725,0.999993116684325,0.999993116684325,49.41367676944212,0.0,49.97514037226086,0.0,45.59505407632711,0.0,45.302206232747736,0.0,0.0,0.0,0.0,0.0,0.0,0.0
10.0,5.23711185559278,0.00371037798037,0.0037103779770427,0.999993116521246,0.999993116521245,49.41367675695995,0.0,49.975140048304986,0.0,45.59505407249296,0.0,45.30220616459172,0.0,0.0,0.0,0.0,0.0,0.0,0.0
10.0,5.23736186809341,0.0037104219342057,0.003710421930891,0.999993116358159,0.999993116358158,49.413676744477605,0.0,49.97513972433424,0.0,45.59505406865864,0.0,45.30220609643249,0.0,0.0,0.0,0.0,0.0,0.0,0.0
10.0,5.237611880594031,0.0037104658895718,0.0037104658862696,0.999993116195064,0.999993116195063,49.41367673199509,0.0,49.97513940034862,0.0,45.59505406482411,0.0,45.302206028270064,0.0,0.0,0.0,0.0,0.0,0.0,0.0
10.0,5.23786189309465,0.0037105098464684,0.0037105098431785,0.999993116031962,0.9999931160319608,49.41367671951239,0.0,49.97513907634812,0.0,45.595054060989405,0.0,45.30220596010445,0.0,0.0,0.0,0.0,0.0,0.0,0.0
10.0,5.23811190559528,0.0037105538048952,0.0037105538016177,0.999993115868852,0.9999931158688512,49.41367670702951,0.0,49.97513875233274,0.0,45.59505405715451,0.0,45.30220589193563,0.0,0.0,0.0,0.0,0.0,0.0,0.0
10.0,5.23836191809591,0.0037105977648523,0.0037105977615871,0.999993115705734,0.999993115705734,49.41367669454645,0.0,49.97513842830249,0.0,45.59505405331944,0.0,45.30220582376362,0.0,0.0,0.0,0.0,0.0,0.0,0.0
10.0,5.23861193059653,0.0037106417263396,0.0037106417230867,0.999993115542609,0.999993115542608,49.413676682063226,0.0,49.97513810425737,0.0,45.595054049484176,0.0,45.30220575558841,0.0,0.0,0.0,0.0,0.0,0.0,0.0
10.0,5.23886194309716,0.0037106856893571,0.0037106856861163,0.999993115379476,0.999993115379475,49.41367666957983,0.0,49.97513778019737,0.0,45.59505404564874,0.0,45.30220568741,0.0,0.0,0.0,0.0,0.0,0.0,0.0
10.0,5.23911195559778,0.0037107296539046,0.003710729650676,0.999993115216335,0.999993115216335,49.413676657096254,0.0,49.97513745612249,0.0,45.59505404181311,0.0,45.30220561922839,0.0,0.0,0.0,0.0,0.0,0.0,0.0
10.0,5.2393619680984,0.0037107736199822,0.0037107736167656,0.999993115053187,0.999993115053187,49.41367664461252,0.0,49.975137132032735,0.0,45.595054037977285,0.0,45.30220555104359,0.0,0.0,0.0,0.0,0.0,0.0,0.0
10.0,5.23961198059903,0.0037108175875897,0.0037108175843851,0.9999931148900318,0.999993114890031,49.4136766321286,0.0,49.9751368079281,0.0,45.59505403414128,0.0,45.302205482855584,0.0,0.0,0.0,0.0,0.0,0.0,0.0
10.0,5.23986199309966,0.0037108615567271,0.0037108615535345,0.999993114726868,0.999993114726868,49.41367661964451,0.0,49.9751364838086,0.0,45.59505403030509,0.0,45.30220541466438,0.0,0.0,0.0,0.0,0.0,0.0,0.0
10.0,5.24011200560028,0.0037109055273943,0.0037109055242136,0.999993114563697,0.999993114563697,49.41367660716026,0.0,49.97513615967421,0.0,45.59505402646873,0.0,45.30220534646998,0.0,0.0,0.0,0.0,0.0,0.0,0.0
10.0,5.2403620181009,0.0037109494995913,0.0037109494964224,0.999993114400519,0.999993114400518,49.41367659467584,0.0,49.97513583552495,0.0,45.59505402263217,0.0,45.30220527827238,0.0,0.0,0.0,0.0,0.0,0.0,0.0
10.0,5.24061203060153,0.003710993473318,0.0037109934701609,0.999993114237333,0.999993114237332,49.41367658219125,0.0,49.975135511360826,0.0,45.59505401879543,0.0,45.30220521007159,0.0,0.0,0.0,0.0,0.0,0.0,0.0
10.0,5.240862043102159,0.0037110374485743,0.003711037445429,0.999993114074139,0.9999931140741382,49.413676569706496,0.0,49.97513518718183,0.0,45.5950540149585,0.0,45.3022051418676,0.0,0.0,0.0,0.0,0.0,0.0,0.0
10.0,5.24111205560278,0.0037110814253603,0.0037110814222266,0.999993113910938,0.999993113910937,49.41367655722158,0.0,49.975134862987936,0.0,45.59505401112138,0.0,45.3022050736604,0.0,0.0,0.0,0.0,0.0,0.0,0.0
10.0,5.24136206810341,0.0037111254036757,0.0037111254005537,0.999993113747728,0.999993113747728,49.4136765447365,0.0,49.97513453877918,0.0,45.59505400728409,0.0,45.30220500545003,0.0,0.0,0.0,0.0,0.0,0.0,0.0
10.0,5.24161208060403,0.0037111693835206,0.0037111693804102,0.999993113584512,0.9999931135845108,49.41367653225126,0.0,49.97513421455555,0.0,45.595054003446606,0.0,45.30220493723643,0.0,0.0,0.0,0.0,0.0,0.0,0.0
10.0,5.24186209310465,0.003711213364895,0.0037112133617961,0.999993113421288,0.999993113421287,49.41367651976586,0.0,49.975133890317046,0.0,45.595053999608936,0.0,45.30220486901965,0.0,0.0,0.0,0.0,0.0,0.0,0.0
10.0,5.24211210560528,0.0037112573477986,0.0037112573447112,0.999993113258056,0.999993113258055,49.41367650728029,0.0,49.97513356606366,0.0,45.59505399577108,0.0,45.30220480079967,0.0,0.0,0.0,0.0,0.0,0.0,0.0
10.0,5.24236211810591,0.0037113013322316,0.0037113013291555,0.999993113094816,0.999993113094816,49.41367649479457,0.0,49.97513324179541,0.0,45.59505399193304,0.0,45.302204732576485,0.0,0.0,0.0,0.0,0.0,0.0,0.0
10.0,5.24261213060653,0.0037113453181938,0.0037113453151291,0.999993112931569,0.999993112931569,49.413676482308695,0.0,49.97513291751227,0.0,45.59505398809482,0.0,45.302204664350114,0.0,0.0,0.0,0.0,0.0,0.0,0.0
10.0,5.24286214310716,0.0037113893056851,0.0037113893026317,0.999993112768315,0.999993112768314,49.41367646982266,0.0,49.97513259321427,0.0,45.59505398425641,0.0,45.30220459612054,0.0,0.0,0.0,0.0,0.0,0.0,0.0
10.0,5.243112155607781,0.0037114332947055,0.0037114332916633,0.999993112605052,0.999993112605052,49.41367645733646,0.0,49.97513226890138,0.0,45.59505398041782,0.0,45.30220452788777,0.0,0.0,0.0,0.0,0.0,0.0,0.0
10.0,5.2433621681084,0.003711477285255,0.003711477282224,0.999993112441782,0.999993112441782,49.41367644485012,0.0,49.97513194457363,0.0,45.59505397657904,0.0,45.30220445965179,0.0,0.0,0.0,0.0,0.0,0.0,0.0
10.0,5.24361218060903,0.0037115212773334,0.0037115212743135,0.999993112278505,0.999993112278504,49.413676432363616,0.0,49.97513162023101,0.0,45.59505397274007,0.0,45.30220439141262,0.0,0.0,0.0,0.0,0.0,0.0,0.0
10.0,5.24386219310966,0.0037115652709407,0.0037115652679319,0.99999311211522,0.999993112115219,49.41367641987696,0.0,49.9751312958735,0.0,45.59505396890093,0.0,45.302204323170265,0.0,0.0,0.0,0.0,0.0,0.0,0.0
10.0,5.24411220561028,0.0037116092660769,0.0037116092630791,0.9999931119519272,0.999993111951926,49.41367640739016,0.0,49.97513097150113,0.0,45.59505396506159,0.0,45.302204254924696,0.0,0.0,0.0,0.0,0.0,0.0,0.0
10.0,5.24436221811091,0.0037116532627419,0.0037116532597551,0.999993111788626,0.999993111788626,49.41367639490319,0.0,49.97513064711388,0.0,45.59505396122207,0.0,45.30220418667594,0.0,0.0,0.0,0.0,0.0,0.0,0.0
10.0,5.24461223061153,0.0037116972609356,0.0037116972579597,0.999993111625318,0.999993111625318,49.41367638241609,0.0,49.97513032271176,0.0,45.59505395738236,0.0,45.30220411842398,0.0,0.0,0.0,0.0,0.0,0.0,0.0
10.0,5.24486224311216,0.003711741260658,0.0037117412576929,0.999993111462003,0.999993111462002,49.41367636992883,0.0,49.97512999829476,0.0,45.59505395354247,0.0,45.30220405016882,0.0,0.0,0.0,0.0,0.0,0.0,0.0
10.0,5.24511225561278,0.003711785261909,0.0037117852589547,0.99999311129868,0.999993111298679,49.41367635744143,0.0,49.97512967386289,0.0,45.5950539497024,0.0,45.30220398191047,0.0,0.0,0.0,0.0,0.0,0.0,0.0
10.0,5.24536226811341,0.0037118292646885,0.003711829261745,0.9999931111353488,0.999993111135348,49.413676344953885,0.0,49.97512934941614,0.0,45.59505394586214,0.0,45.30220391364892,0.0,0.0,0.0,0.0,0.0,0.0,0.0
10.0,5.24561228061403,0.0037118732689965,0.0037118732660637,0.99999311097201,0.99999311097201,49.41367633246619,0.0,49.975129024954526,0.0,45.59505394202169,0.0,45.30220384538416,0.0,0.0,0.0,0.0,0.0,0.0,0.0
10.0,5.24586229311466,0.0037119172748329,0.0037119172719107,0.999993110808664,0.999993110808664,49.41367631997835,0.0,49.97512870047804,0.0,45.59505393818106,0.0,45.30220377711622,0.0,0.0,0.0,0.0,0.0,0.0,0.0
10.0,5.24611230561528,0.0037119612821977,0.0037119612792861,0.999993110645311,0.99999311064531,49.41367630749037,0.0,49.97512837598667,0.0,45.59505393434024,0.0,45.30220370884508,0.0,0.0,0.0,0.0,0.0,0.0,0.0
10.0,5.246362318115909,0.0037120052910908,0.0037120052881897,0.9999931104819488,0.9999931104819488,49.413676295002254,0.0,49.97512805148044,0.0,45.59505393049924,0.0,45.30220364057074,0.0,0.0,0.0,0.0,0.0,0.0,0.0
10.0,5.24661233061653,0.0037120493015122,0.0037120492986215,0.99999311031858,0.9999931103185798,49.41367628251399,0.0,49.97512772695933,0.0,45.59505392665806,0.0,45.3022035722932,0.0,0.0,0.0,0.0,0.0,0.0,0.0
10.0,5.24686234311716,0.0037120933134617,0.0037120933105814,0.999993110155204,0.999993110155203,49.41367627002558,0.0,49.97512740242335,0.0,45.59505392281669,0.0,45.30220350401246,0.0,0.0,0.0,0.0,0.0,0.0,0.0
10.0,5.24711235561778,0.0037121373269393,0.0037121373240694,0.99999310999182,0.999993109991819,49.41367625753704,0.0,49.97512707787249,0.0,45.595053918975125,0.0,45.30220343572852,0.0,0.0,0.0,0.0,0.0,0.0,0.0
10.0,5.24736236811841,0.003712181341945,0.0037121813390854,0.999993109828428,0.9999931098284272,49.41367624504837,0.0,49.97512675330677,0.0,45.59505391513339,0.0,45.302203367441386,0.0,0.0,0.0,0.0,0.0,0.0,0.0
10.0,5.24761238061903,0.0037122253584787,0.0037122253556293,0.9999931096650287,0.999993109665028,49.41367623255955,0.0,49.97512642872616,0.0,45.595053911291465,0.0,45.30220329915106,0.0,0.0,0.0,0.0,0.0,0.0,0.0
10.0,5.24786239311966,0.0037122693765403,0.0037122693737011,0.999993109501622,0.999993109501621,49.4136762200706,0.0,49.975126104130695,0.0,45.59505390744935,0.0,45.302203230857536,0.0,0.0,0.0,0.0,0.0,0.0,0.0
10.0,5.24811240562028,0.0037123133961297,0.0037123133933007,0.999993109338207,0.999993109338206,49.41367620758152,0.0,49.97512577952035,0.0,45.59505390360705,0.0,45.30220316256081,0.0,0.0,0.0,0.0,0.0,0.0,0.0
10.0,5.24836241812091,0.003712357417247,0.0037123574144281,0.999993109174785,0.999993109174784,49.41367619509229,0.0,49.97512545489513,0.0,45.59505389976457,0.0,45.30220309426088,0.0,0.0,0.0,0.0,0.0,0.0,0.0
10.0,5.248612430621529,0.0037124014398921,0.0037124014370832,0.999993109011355,0.999993109011354,49.41367618260294,0.0,49.97512513025504,0.0,45.5950538959219,0.0,45.302203025957766,0.0,0.0,0.0,0.0,0.0,0.0,0.0
10.0,5.24886244312216,0.0037124454640648,0.0037124454612659,0.999993108847917,0.999993108847917,49.41367617011346,0.0,49.97512480560008,0.0,45.59505389207905,0.0,45.30220295765145,0.0,0.0,0.0,0.0,0.0,0.0,0.0
10.0,5.24911245562278,0.0037124894897651,0.0037124894869761,0.999993108684472,0.999993108684471,49.41367615762385,0.0,49.97512448093025,0.0,45.595053888236016,0.0,45.302202889341935,0.0,0.0,0.0,0.0,0.0,0.0,0.0
10.0,5.24936246812341,0.003712533516993,0.0037125335142139,0.99999310852102,0.999993108521019,49.4136761451341,0.0,49.975124156245535,0.0,45.59505388439279,0.0,45.30220282102922,0.0,0.0,0.0,0.0,0.0,0.0,0.0
10.0,5.24961248062403,0.0037125775457485,0.0037125775429792,0.9999931083575592,0.999993108357559,49.41367613264424,0.0,49.97512383154597,0.0,45.59505388054938,0.0,45.30220275271331,0.0,0.0,0.0,0.0,0.0,0.0,0.0
10.0,5.24986249312466,0.0037126215760313,0.0037126215732718,0.999993108194091,0.999993108194091,49.41367612015425,0.0,49.97512350683152,0.0,45.59505387670579,0.0,45.3022026843942,0.0,0.0,0.0,0.0,0.0,0.0,0.0
10.0,5.25011250562528,0.0037126656078416,0.0037126656050917,0.999993108030616,0.999993108030615,49.41367610766412,0.0,49.9751231821022,0.0,45.59505387286202,0.0,45.302202616071895,0.0,0.0,0.0,0.0,0.0,0.0,0.0
10.0,5.25036251812591,0.0037127096411791,0.0037127096384389,0.9999931078671332,0.999993107867132,49.41367609517389,0.0,49.97512285735801,0.0,45.59505386901805,0.0,45.3022025477464,0.0,0.0,0.0,0.0,0.0,0.0,0.0
10.0,5.25061253062653,0.0037127536760439,0.0037127536733133,0.999993107703642,0.999993107703641,49.41367608268352,0.0,49.97512253259895,0.0,45.5950538651739,0.0,45.302202479417694,0.0,0.0,0.0,0.0,0.0,0.0,0.0
10.0,5.25086254312716,0.0037127977124359,0.0037127977097149,0.999993107540144,0.9999931075401428,49.41367607019303,0.0,49.97512220782501,0.0,45.59505386132957,0.0,45.3022024110858,0.0,0.0,0.0,0.0,0.0,0.0,0.0
10.0,5.25111255562778,0.0037128417503551,0.0037128417476435,0.999993107376638,0.999993107376637,49.41367605770241,0.0,49.97512188303621,0.0,45.59505385748505,0.0,45.302202342750704,0.0,0.0,0.0,0.0,0.0,0.0,0.0
10.0,5.25136256812841,0.0037128857898013,0.0037128857870992,0.9999931072131238,0.999993107213124,49.41367604521169,0.0,49.97512155823253,0.0,45.59505385364035,0.0,45.30220227441241,0.0,0.0,0.0,0.0,0.0,0.0,0.0
10.0,5.25161258062903,0.0037129298307746,0.0037129298280818,0.9999931070496032,0.999993107049602,49.41367603272083,0.0,49.97512123341398,0.0,45.59505384979546,0.0,45.30220220607092,0.0,0.0,0.0,0.0,0.0,0.0,0.0
10.0,5.25186259312966,0.0037129738732747,0.0037129738705913,0.999993106886074,0.9999931068860728,49.413676020229865,0.0,49.97512090858056,0.0,45.59505384595039,0.0,45.30220213772624,0.0,0.0,0.0,0.0,0.0,0.0,0.0
10.0,5.25211260563028,0.0037130179173018,0.0037130179146277,0.999993106722538,0.999993106722537,49.41367600773879,0.0,49.97512058373228,0.0,45.59505384210513,0.0,45.30220206937835,0.0,0.0,0.0,0.0,0.0,0.0,0.0
10.0,5.25236261813091,0.0037130619628557,0.0037130619601909,0.999993106558994,0.999993106558993,49.4136759952476,0.0,49.97512025886912,0.0,45.59505383825969,0.0,45.30220200102726,0.0,0.0,0.0,0.0,0.0,0.0,0.0
10.0,5.25261263063153,0.0037131060099364,0.0037131060072807,0.999993106395442,0.9999931063954408,49.413675982756274,0.0,49.97511993399108,0.0,45.59505383441406,0.0,45.302201932672986,0.0,0.0,0.0,0.0,0.0,0.0,0.0
10.0,5.25286264313216,0.0037131500585438,0.0037131500558972,0.999993106231883,0.999993106231882,49.41367597026485,0.0,49.975119609098186,0.0,45.595053830568254,0.0,45.30220186431551,0.0,0.0,0.0,0.0,0.0,0.0,0.0
10.0,5.25311265563278,0.0037131941086778,0.0037131941060403,0.999993106068316,0.9999931060683152,49.413675957773314,0.0,49.97511928419042,0.0,45.59505382672226,0.0,45.30220179595484,0.0,0.0,0.0,0.0,0.0,0.0,0.0
10.0,5.25336266813341,0.0037132381603385,0.0037132381577099,0.999993105904741,0.9999931059047408,49.41367594528167,0.0,49.975118959267775,0.0,45.59505382287606,0.0,45.30220172759096,0.0,0.0,0.0,0.0,0.0,0.0,0.0
10.0,5.25361268063403,0.0037132822135256,0.0037132822109061,0.999993105741159,0.999993105741158,49.41367593278991,0.0,49.975118634330265,0.0,45.595053819029694,0.0,45.30220165922389,0.0,0.0,0.0,0.0,0.0,0.0,0.0
10.0,5.25386269313466,0.0037133262682392,0.0037133262656286,0.999993105577569,0.9999931055775688,49.41367592029805,0.0,49.97511830937788,0.0,45.59505381518314,0.0,45.30220159085363,0.0,0.0,0.0,0.0,0.0,0.0,0.0
10.0,5.254112705635279,0.0037133703244792,0.0037133703218774,0.999993105413972,0.999993105413971,49.41367590780607,0.0,49.97511798441063,0.0,45.59505381133641,0.0,45.30220152248017,0.0,0.0,0.0,0.0,0.0,0.0,0.0
10.0,5.25436271813591,0.0037134143822456,0.0037134143796526,0.9999931052503672,0.999993105250367,49.41367589531399,0.0,49.97511765942851,0.0,45.595053807489485,0.0,45.30220145410351,0.0,0.0,0.0,0.0,0.0,0.0,0.0
10.0,5.25461273063653,0.0037134584415382,0.003713458438954,0.999993105086755,0.999993105086754,49.41367588282181,0.0,49.97511733443152,0.0,45.59505380364238,0.0,45.30220138572365,0.0,0.0,0.0,0.0,0.0,0.0,0.0
10.0,5.25486274313716,0.003713502502357,0.0037135024997815,0.999993104923134,0.999993104923134,49.41367587032952,0.0,49.97511700941965,0.0,45.59505379979508,0.0,45.3022013173406,0.0,0.0,0.0,0.0,0.0,0.0,0.0
10.0,5.25511275563778,0.003713546564702,0.0037135465621351,0.9999931047595072,0.999993104759506,49.41367585783713,0.0,49.97511668439293,0.0,45.59505379594761,0.0,45.30220124895434,0.0,0.0,0.0,0.0,0.0,0.0,0.0
10.0,5.25536276813841,0.0037135906285731,0.0037135906260148,0.999993104595871,0.9999931045958712,49.41367584534464,0.0,49.97511635935133,0.0,45.59505379209995,0.0,45.302201180564886,0.0,0.0,0.0,0.0,0.0,0.0,0.0
10.0,5.25561278063903,0.0037136346939703,0.0037136346914205,0.999993104432228,0.999993104432227,49.41367583285205,0.0,49.97511603429486,0.0,45.595053788252095,0.0,45.30220111217225,0.0,0.0,0.0,0.0,0.0,0.0,0.0
10.0,5.25586279313966,0.0037136787608933,0.0037136787583521,0.999993104268578,0.999993104268577,49.41367582035936,0.0,49.97511570922352,0.0,45.59505378440407,0.0,45.30220104377639,0.0,0.0,0.0,0.0,0.0,0.0,0.0
10.0,5.25611280564028,0.0037137228293424,0.0037137228268095,0.999993104104919,0.9999931041049192,49.41367580786657,0.0,49.97511538413731,0.0,45.59505378055585,0.0,45.30220097537735,0.0,0.0,0.0,0.0,0.0,0.0,0.0
10.0,5.25636281814091,0.0037137668993172,0.0037137668967928,0.999993103941254,0.999993103941253,49.413675795373685,0.0,49.97511505903624,0.0,45.59505377670744,0.0,45.30220090697512,0.0,0.0,0.0,0.0,0.0,0.0,0.0
10.0,5.25661283064153,0.0037138109708179,0.0037138109683018,0.99999310377758,0.999993103777579,49.4136757828807,0.0,49.97511473392029,0.0,45.59505377285885,0.0,45.30220083856968,0.0,0.0,0.0,0.0,0.0,0.0,0.0
10.0,5.25686284314216,0.0037138550438443,0.0037138550413364,0.999993103613899,0.999993103613898,49.41367577038763,0.0,49.97511440878948,0.0,45.595053769010086,0.0,45.30220077016104,0.0,0.0,0.0,0.0,0.0,0.0,0.0
10.0,5.25711285564278,0.0037138991183963,0.0037138991158967,0.99999310345021,0.99999310345021,49.41367575789446,0.0,49.9751140836438,0.0,45.595053765161126,0.0,45.302200701749214,0.0,0.0,0.0,0.0,0.0,0.0,0.0
10.0,5.25736286814341,0.003713943194474,0.0037139431919825,0.999993103286514,0.9999931032865128,49.4136757454012,0.0,49.97511375848324,0.0,45.59505376131199,0.0,45.30220063333419,0.0,0.0,0.0,0.0,0.0,0.0,0.0
10.0,5.25761288064403,0.0037139872720772,0.0037139872695939,0.99999310312281,0.999993103122809,49.413675732907855,0.0,49.97511343330782,0.0,45.59505375746266,0.0,45.30220056491597,0.0,0.0,0.0,0.0,0.0,0.0,0.0
10.0,5.25786289314466,0.0037140313512058,0.0037140313487306,0.999993102959099,0.9999931029590982,49.41367572041441,0.0,49.97511310811753,0.0,45.59505375361314,0.0,45.302200496494535,0.0,0.0,0.0,0.0,0.0,0.0,0.0
10.0,5.25811290564528,0.0037140754318599,0.0037140754293927,0.999993102795379,0.999993102795379,49.41367570792087,0.0,49.975112782912376,0.0,45.59505374976345,0.0,45.30220042806992,0.0,0.0,0.0,0.0,0.0,0.0,0.0
10.0,5.25836291814591,0.0037141195140394,0.0037141195115802,0.999993102631653,0.999993102631652,49.41367569542726,0.0,49.97511245769235,0.0,45.59505374591357,0.0,45.3022003596421,0.0,0.0,0.0,0.0,0.0,0.0,0.0
10.0,5.25861293064653,0.0037141635977442,0.0037141635952929,0.9999931024679178,0.999993102467918,49.41367568293356,0.0,49.975112132457454,0.0,45.5950537420635,0.0,45.30220029121108,0.0,0.0,0.0,0.0,0.0,0.0,0.0
10.0,5.258862943147161,0.0037142076829742,0.0037142076805307,0.999993102304176,0.999993102304176,49.41367567043977,0.0,49.97511180720769,0.0,45.595053738213245,0.0,45.30220022277688,0.0,0.0,0.0,0.0,0.0,0.0,0.0
10.0,5.25911295564778,0.0037142517697294,0.0037142517672937,0.9999931021404272,0.999993102140426,49.413675657945895,0.0,49.97511148194307,0.0,45.59505373436281,0.0,45.30220015433947,0.0,0.0,0.0,0.0,0.0,0.0,0.0
10.0,5.25936296814841,0.0037142958580096,0.0037142958555818,0.999993101976669,0.9999931019766692,49.413675645451946,0.0,49.975111156663566,0.0,45.59505373051218,0.0,45.30220008589886,0.0,0.0,0.0,0.0,0.0,0.0,0.0
10.0,5.25961298064903,0.003714339947815,0.0037143399453948,0.9999931018129052,0.999993101812904,49.41367563295792,0.0,49.9751108313692,0.0,45.59505372666138,0.0,45.30220001745506,0.0,0.0,0.0,0.0,0.0,0.0,0.0
10.0,5.25986299314966,0.0037143840391453,0.0037143840367328,0.999993101649132,0.999993101649132,49.41367562046379,0.0,49.97511050605997,0.0,45.595053722810384,0.0,45.302199949008056,0.0,0.0,0.0,0.0,0.0,0.0,0.0
10.0,5.26011300565028,0.0037144281320006,0.0037144281295957,0.999993101485352,0.999993101485351,49.4136756079696,0.0,49.97511018073587,0.0,45.595053718959214,0.0,45.30219988055786,0.0,0.0,0.0,0.0,0.0,0.0,0.0
10.0,5.26036301815091,0.0037144722263808,0.0037144722239834,0.999993101321565,0.999993101321564,49.413675595475326,0.0,49.975109855396894,0.0,45.595053715107845,0.0,45.30219981210446,0.0,0.0,0.0,0.0,0.0,0.0,0.0
10.0,5.26061303065153,0.0037145163222857,0.0037145163198959,0.99999310115777,0.999993101157769,49.41367558298098,0.0,49.97510953004306,0.0,45.5950537112563,0.0,45.30219974364788,0.0,0.0,0.0,0.0,0.0,0.0,0.0
10.0,5.26086304315216,0.0037145604197154,0.0037145604173331,0.999993100993967,0.999993100993966,49.41367557048657,0.0,49.975109204674354,0.0,45.59505370740457,0.0,45.302199675188085,0.0,0.0,0.0,0.0,0.0,0.0,0.0
10.0,5.26111305565278,0.0037146045186698,0.0037146045162949,0.999993100830156,0.9999931008301548,49.41367555799206,0.0,49.97510887929079,0.0,45.595053703552665,0.0,45.302199606725104,0.0,0.0,0.0,0.0,0.0,0.0,0.0
10.0,5.26136306815341,0.0037146486191488,0.0037146486167813,0.999993100666338,0.999993100666337,49.41367554549749,0.0,49.97510855389235,0.0,45.59505369970056,0.0,45.302199538258925,0.0,0.0,0.0,0.0,0.0,0.0,0.0
10.0,5.26161308065403,0.0037146927211524,0.0037146927187922,0.999993100502512,0.999993100502512,49.41367553300285,0.0,49.97510822847904,0.0,45.59505369584827,0.0,45.30219946978954,0.0,0.0,0.0,0.0,0.0,0.0,0.0
10.0,5.26186309315466,0.0037147368246805,0.0037147368223275,0.999993100338679,0.999993100338678,49.413675520508136,0.0,49.97510790305087,0.0,45.5950536919958,0.0,45.30219940131696,0.0,0.0,0.0,0.0,0.0,0.0,0.0
10.0,5.26211310565528,0.003714780929733,0.0037147809273872,0.999993100174838,0.999993100174837,49.41367550801336,0.0,49.97510757760784,0.0,45.595053688143146,0.0,45.302199332841184,0.0,0.0,0.0,0.0,0.0,0.0,0.0
10.0,5.26236311815591,0.00371482503631,0.0037148250339713,0.999993100010989,0.9999931000109888,49.4136754955185,0.0,49.97510725214993,0.0,45.59505368429031,0.0,45.30219926436222,0.0,0.0,0.0,0.0,0.0,0.0,0.0
10.0,5.26261313065653,0.0037148691444112,0.0037148691420797,0.999993099847133,0.999993099847132,49.4136754830236,0.0,49.97510692667716,0.0,45.59505368043728,0.0,45.30219919588005,0.0,0.0,0.0,0.0,0.0,0.0,0.0
10.0,5.26286314315716,0.0037149132540367,0.0037149132517122,0.99999309968327,0.9999930996832688,49.41367547052861,0.0,49.97510660118951,0.0,45.59505367658407,0.0,45.30219912739468,0.0,0.0,0.0,0.0,0.0,0.0,0.0
10.0,5.26311315565778,0.0037149573651864,0.0037149573628689,0.999993099519398,0.999993099519397,49.41367545803356,0.0,49.97510627568701,0.0,45.59505367273068,0.0,45.302199058906126,0.0,0.0,0.0,0.0,0.0,0.0,0.0
10.0,5.26336316815841,0.0037150014778602,0.0037150014755497,0.999993099355519,0.999993099355518,49.41367544553847,0.0,49.97510595016964,0.0,45.59505366887709,0.0,45.30219899041437,0.0,0.0,0.0,0.0,0.0,0.0,0.0
10.0,5.26361318065903,0.0037150455920581,0.0037150455897545,0.999993099191633,0.999993099191632,49.413675433043295,0.0,49.97510562463739,0.0,45.595053665023336,0.0,45.30219892191941,0.0,0.0,0.0,0.0,0.0,0.0,0.0
10.0,5.26386319315966,0.00371508970778,0.0037150897054833,0.999993099027738,0.999993099027738,49.41367542054807,0.0,49.975105299090295,0.0,45.59505366116938,0.0,45.30219885342126,0.0,0.0,0.0,0.0,0.0,0.0,0.0
10.0,5.26411320566028,0.0037151338250259,0.003715133822736,0.999993098863837,0.999993098863836,49.41367540805277,0.0,49.975104973528325,0.0,45.59505365731525,0.0,45.3021987849199,0.0,0.0,0.0,0.0,0.0,0.0,0.0
10.0,5.264363218160909,0.0037151779437957,0.0037151779415125,0.9999930986999273,0.999993098699926,49.41367539555742,0.0,49.97510464795149,0.0,45.59505365346093,0.0,45.30219871641536,0.0,0.0,0.0,0.0,0.0,0.0,0.0
10.0,5.26461323066153,0.0037152220640893,0.0037152220618128,0.99999309853601,0.9999930985360092,49.41367538306202,0.0,49.97510432235978,0.0,45.59505364960643,0.0,45.302198647907616,0.0,0.0,0.0,0.0,0.0,0.0,0.0
10.0,5.26486324316216,0.0037152661859066,0.0037152661836368,0.9999930983720852,0.999993098372085,49.413675370566565,0.0,49.97510399675322,0.0,45.59505364575173,0.0,45.302198579396666,0.0,0.0,0.0,0.0,0.0,0.0,0.0
10.0,5.26511325566278,0.0037153103092477,0.0037153103069845,0.999993098208153,0.999993098208153,49.41367535807105,0.0,49.97510367113178,0.0,45.59505364189686,0.0,45.30219851088253,0.0,0.0,0.0,0.0,0.0,0.0,0.0
10.0,5.26536326816341,0.0037153544341124,0.0037153544318558,0.999993098044213,0.999993098044213,49.41367534557549,0.0,49.97510334549549,0.0,45.59505363804181,0.0,45.3021984423652,0.0,0.0,0.0,0.0,0.0,0.0,0.0
10.0,5.26561328066403,0.0037153985605008,0.0037153985582507,0.999993097880266,0.999993097880265,49.413675333079865,0.0,49.97510301984432,0.0,45.59505363418657,0.0,45.30219837384467,0.0,0.0,0.0,0.0,0.0,0.0,0.0
10.0,5.26586329316466,0.0037154426884126,0.0037154426861689,0.999993097716311,0.99999309771631,49.4136753205842,0.0,49.97510269417829,0.0,45.59505363033114,0.0,45.30219830532094,0.0,0.0,0.0,0.0,0.0,0.0,0.0
10.0,5.26611330566528,0.0037154868178479,0.0037154868156107,0.999993097552348,0.999993097552347,49.413675308088486,0.0,49.9751023684974,0.0,45.595053626475526,0.0,45.30219823679401,0.0,0.0,0.0,0.0,0.0,0.0,0.0
10.0,5.26636331816591,0.0037155309488066,0.0037155309465757,0.999993097388378,0.999993097388377,49.41367529559272,0.0,49.97510204280164,0.0,45.59505362261972,0.0,45.30219816826389,0.0,0.0,0.0,0.0,0.0,0.0,0.0
10.0,5.266613330666531,0.0037155750812886,0.0037155750790641,0.9999930972244,0.999993097224399,49.41367528309691,0.0,49.97510171709101,0.0,45.59505361876374,0.0,45.302198099730575,0.0,0.0,0.0,0.0,0.0,0.0,0.0
10.0,5.26686334316716,0.003715619215294,0.0037156192130757,0.999993097060414,0.999993097060414,49.413675270601054,0.0,49.97510139136552,0.0,45.595053614907584,0.0,45.30219803119406,0.0,0.0,0.0,0.0,0.0,0.0,0.0
10.0,5.26711335566778,0.0037156633508225,0.0037156633486105,0.999993096896421,0.99999309689642,49.41367525810515,0.0,49.97510106562517,0.0,45.59505361105123,0.0,45.30219796265435,0.0,0.0,0.0,0.0,0.0,0.0,0.0
10.0,5.26736336816841,0.0037157074878742,0.0037157074856684,0.99999309673242,0.99999309673242,49.413675245609205,0.0,49.97510073986994,0.0,45.59505360719469,0.0,45.30219789411144,0.0,0.0,0.0,0.0,0.0,0.0,0.0
10.0,5.26761338066903,0.003715751626449,0.0037157516242493,0.999993096568412,0.999993096568411,49.41367523311322,0.0,49.97510041409986,0.0,45.59505360333797,0.0,45.30219782556532,0.0,0.0,0.0,0.0,0.0,0.0,0.0
10.0,5.26786339316966,0.0037157957665469,0.0037157957643532,0.9999930964043962,0.999993096404395,49.4136752206172,0.0,49.97510008831491,0.0,45.59505359948106,0.0,45.302197757016025,0.0,0.0,0.0,0.0,0.0,0.0,0.0
10.0,5.26811340567028,0.0037158399081677,0.00371583990598,0.9999930962403728,0.999993096240372,49.413675208121134,0.0,49.97509976251509,0.0,45.59505359562397,0.0,45.30219768846352,0.0,0.0,0.0,0.0,0.0,0.0,0.0
10.0,5.26836341817091,0.0037158840513114,0.0037158840491298,0.999993096076341,0.999993096076341,49.41367519562503,0.0,49.97509943670042,0.0,45.59505359176671,0.0,45.30219761990782,0.0,0.0,0.0,0.0,0.0,0.0,0.0
10.0,5.26861343067153,0.003715928195978,0.0037159281938023,0.999993095912302,0.999993095912302,49.413675183128895,0.0,49.97509911087087,0.0,45.59505358790924,0.0,45.302197551348925,0.0,0.0,0.0,0.0,0.0,0.0,0.0
10.0,5.26886344317216,0.0037159723421674,0.0037159723399975,0.999993095748256,0.999993095748255,49.41367517063273,0.0,49.97509878502647,0.0,45.5950535840516,0.0,45.30219748278684,0.0,0.0,0.0,0.0,0.0,0.0,0.0
10.0,5.26911345567278,0.0037160164898795,0.0037160164877155,0.999993095584202,0.999993095584201,49.41367515813651,0.0,49.97509845916719,0.0,45.59505358019376,0.0,45.302197414221546,0.0,0.0,0.0,0.0,0.0,0.0,0.0
10.0,5.26936346817341,0.0037160606391142,0.003716060636956,0.99999309542014,0.999993095420139,49.41367514564028,0.0,49.97509813329305,0.0,45.59505357633575,0.0,45.30219734565306,0.0,0.0,0.0,0.0,0.0,0.0,0.0
10.0,5.26961348067403,0.0037161047898716,0.0037161047877192,0.999993095256071,0.9999930952560702,49.41367513314401,0.0,49.975097807404055,0.0,45.59505357247755,0.0,45.30219727708138,0.0,0.0,0.0,0.0,0.0,0.0,0.0
10.0,5.269863493174659,0.0037161489421515,0.0037161489400048,0.999993095091994,0.999993095091994,49.41367512064771,0.0,49.9750974815002,0.0,45.59505356861917,0.0,45.302197208506506,0.0,0.0,0.0,0.0,0.0,0.0,0.0
10.0,5.27011350567528,0.003716193095954,0.0037161930938128,0.99999309492791,0.999993094927909,49.41367510815138,0.0,49.97509715558147,0.0,45.595053564760605,0.0,45.30219713992842,0.0,0.0,0.0,0.0,0.0,0.0,0.0
10.0,5.27036351817591,0.0037162372512788,0.0037162372491433,0.999993094763818,0.9999930947638168,49.41367509565503,0.0,49.97509682964788,0.0,45.595053560901846,0.0,45.30219707134716,0.0,0.0,0.0,0.0,0.0,0.0,0.0
10.0,5.27061353067653,0.003716281408126,0.003716281405996,0.999993094599718,0.999993094599717,49.41367508315865,0.0,49.97509650369943,0.0,45.59505355704291,0.0,45.30219700276269,0.0,0.0,0.0,0.0,0.0,0.0,0.0
10.0,5.27086354317716,0.0037163255664955,0.003716325564371,0.999993094435611,0.99999309443561,49.41367507066224,0.0,49.975096177736106,0.0,45.59505355318378,0.0,45.30219693417503,0.0,0.0,0.0,0.0,0.0,0.0,0.0
10.0,5.27111355567778,0.0037163697263872,0.0037163697242683,0.999993094271496,0.9999930942714952,49.413675058165815,0.0,49.97509585175793,0.0,45.59505354932448,0.0,45.30219686558416,0.0,0.0,0.0,0.0,0.0,0.0,0.0
10.0,5.27136356817841,0.0037164138878012,0.0037164138856876,0.999993094107373,0.9999930941073732,49.413675045669365,0.0,49.975095525764885,0.0,45.595053545464985,0.0,45.3021967969901,0.0,0.0,0.0,0.0,0.0,0.0,0.0
10.0,5.27161358067903,0.0037164580507372,0.003716458048629,0.999993093943243,0.999993093943243,49.41367503317289,0.0,49.97509519975698,0.0,45.59505354160531,0.0,45.30219672839285,0.0,0.0,0.0,0.0,0.0,0.0,0.0
10.0,5.27186359317966,0.0037165022151953,0.0037165022130924,0.999993093779105,0.999993093779105,49.413675020676415,0.0,49.97509487373421,0.0,45.59505353774546,0.0,45.3021966597924,0.0,0.0,0.0,0.0,0.0,0.0,0.0
10.0,5.272113605680279,0.0037165463811754,0.0037165463790778,0.99999309361496,0.999993093614959,49.41367500817989,0.0,49.97509454769657,0.0,45.595053533885405,0.0,45.30219659118874,0.0,0.0,0.0,0.0,0.0,0.0,0.0
10.0,5.27236361818091,0.0037165905486775,0.0037165905465851,0.999993093450807,0.999993093450806,49.41367499568338,0.0,49.97509422164407,0.0,45.595053530025176,0.0,45.3021965225819,0.0,0.0,0.0,0.0,0.0,0.0,0.0
10.0,5.27261363068153,0.0037166347177014,0.0037166347156142,0.999993093286646,0.999993093286646,49.41367498318684,0.0,49.97509389557672,0.0,45.59505352616476,0.0,45.30219645397185,0.0,0.0,0.0,0.0,0.0,0.0,0.0
10.0,5.27286364318216,0.0037166788882471,0.003716678886165,0.999993093122478,0.999993093122478,49.41367497069028,0.0,49.9750935694945,0.0,45.59505352230416,0.0,45.30219638535862,0.0,0.0,0.0,0.0,0.0,0.0,0.0
10.0,5.27311365568278,0.0037167230603146,0.0037167230582376,0.999993092958302,0.999993092958302,49.41367495819372,0.0,49.97509324339741,0.0,45.59505351844338,0.0,45.30219631674218,0.0,0.0,0.0,0.0,0.0,0.0,0.0
10.0,5.27336366818341,0.0037167672339038,0.0037167672318318,0.999993092794119,0.999993092794118,49.41367494569713,0.0,49.975092917285465,0.0,45.59505351458241,0.0,45.30219624812256,0.0,0.0,0.0,0.0,0.0,0.0,0.0
10.0,5.27361368068403,0.0037168114090146,0.0037168114069476,0.999993092629928,0.999993092629927,49.41367493320056,0.0,49.975092591158656,0.0,45.595053510721264,0.0,45.30219617949973,0.0,0.0,0.0,0.0,0.0,0.0,0.0
10.0,5.27386369318466,0.0037168555856469,0.0037168555835849,0.9999930924657292,0.9999930924657292,49.41367492070397,0.0,49.97509226501698,0.0,45.59505350685992,0.0,45.302196110873695,0.0,0.0,0.0,0.0,0.0,0.0,0.0
10.0,5.27411370568528,0.0037168997638008,0.0037168997617437,0.999993092301523,0.999993092301522,49.41367490820736,0.0,49.97509193886045,0.0,45.5950535029984,0.0,45.30219604224448,0.0,0.0,0.0,0.0,0.0,0.0,0.0
10.0,5.27436371818591,0.0037169439434761,0.0037169439414239,0.9999930921373092,0.999993092137309,49.41367489571075,0.0,49.975091612689056,0.0,45.59505349913669,0.0,45.30219597361206,0.0,0.0,0.0,0.0,0.0,0.0,0.0
10.0,5.27461373068653,0.0037169881246728,0.0037169881226254,0.999993091973088,0.999993091973087,49.41367488321414,0.0,49.9750912865028,0.0,45.5950534952748,0.0,45.30219590497644,0.0,0.0,0.0,0.0,0.0,0.0,0.0
10.0,5.27486374318716,0.0037170323073909,0.0037170323053482,0.9999930918088592,0.999993091808858,49.41367487071753,0.0,49.97509096030168,0.0,45.59505349141272,0.0,45.30219583633763,0.0,0.0,0.0,0.0,0.0,0.0,0.0
10.0,5.27511375568778,0.0037170764916302,0.0037170764895922,0.999993091644622,0.999993091644622,49.41367485822092,0.0,49.97509063408569,0.0,45.59505348755047,0.0,45.30219576769562,0.0,0.0,0.0,0.0,0.0,0.0,0.0
10.0,5.27536376818841,0.0037171206773907,0.0037171206753574,0.999993091480378,0.999993091480377,49.41367484572429,0.0,49.975090307854856,0.0,45.59505348368801,0.0,45.302195699050415,0.0,0.0,0.0,0.0,0.0,0.0,0.0
10.0,5.27561378068903,0.0037171648646723,0.0037171648626436,0.999993091316126,0.9999930913161248,49.41367483322768,0.0,49.97508998160915,0.0,45.59505347982538,0.0,45.30219563040201,0.0,0.0,0.0,0.0,0.0,0.0,0.0
10.0,5.27586379318966,0.003717209053475,0.0037172090514509,0.999993091151866,0.999993091151866,49.41367482073106,0.0,49.975089655348576,0.0,45.595053475962565,0.0,45.302195561750416,0.0,0.0,0.0,0.0,0.0,0.0,0.0
10.0,5.27611380569028,0.0037172532437988,0.0037172532417792,0.9999930909876,0.999993090987599,49.41367480823445,0.0,49.97508932907315,0.0,45.595053472099565,0.0,45.30219549309562,0.0,0.0,0.0,0.0,0.0,0.0,0.0
10.0,5.27636381819091,0.0037172974356435,0.0037172974336284,0.999993090823325,0.999993090823324,49.41367479573785,0.0,49.97508900278287,0.0,45.59505346823639,0.0,45.30219542443763,0.0,0.0,0.0,0.0,0.0,0.0,0.0
10.0,5.27661383069153,0.0037173416290091,0.0037173416269985,0.999993090659042,0.999993090659042,49.41367478324125,0.0,49.97508867647771,0.0,45.59505346437302,0.0,45.30219535577643,0.0,0.0,0.0,0.0,0.0,0.0,0.0
10.0,5.27686384319216,0.0037173858238955,0.0037173858218893,0.999993090494752,0.999993090494752,49.41367477074466,0.0,49.975088350157705,0.0,45.59505346050947,0.0,45.30219528711205,0.0,0.0,0.0,0.0,0.0,0.0,0.0
10.0,5.27711385569279,0.0037174300203027,0.0037174300183009,0.999993090330455,0.999993090330454,49.41367475824808,0.0,49.97508802382283,0.0,45.59505345664572,0.0,45.30219521844447,0.0,0.0,0.0,0.0,0.0,0.0,0.0
10.0,5.27736386819341,0.0037174742182306,0.0037174742162331,0.99999309016615,0.999993090166149,49.41367474575152,0.0,49.9750876974731,0.0,45.595053452781805,0.0,45.302195149773695,0.0,0.0,0.0,0.0,0.0,0.0,0.0
10.0,5.277613880694029,0.0037175184176792,0.0037175184156859,0.999993090001837,0.999993090001836,49.41367473325495,0.0,49.97508737110849,0.0,45.595053448917696,0.0,45.30219508109972,0.0,0.0,0.0,0.0,0.0,0.0,0.0
10.0,5.27786389319466,0.0037175626186484,0.0037175626166593,0.999993089837517,0.999993089837516,49.41367472075841,0.0,49.97508704472904,0.0,45.59505344505341,0.0,45.30219501242255,0.0,0.0,0.0,0.0,0.0,0.0,0.0
10.0,5.27811390569529,0.0037176068211381,0.0037176068191532,0.999993089673189,0.999993089673188,49.41367470826189,0.0,49.97508671833473,0.0,45.59505344118893,0.0,45.30219494374218,0.0,0.0,0.0,0.0,0.0,0.0,0.0
10.0,5.27836391819591,0.0037176510251482,0.0037176510231675,0.999993089508853,0.999993089508852,49.41367469576537,0.0,49.97508639192555,0.0,45.59505343732427,0.0,45.30219487505862,0.0,0.0,0.0,0.0,0.0,0.0,0.0
10.0,5.27861393069653,0.0037176952306788,0.0037176952287022,0.99999308934451,0.999993089344509,49.41367468326887,0.0,49.97508606550152,0.0,45.59505343345942,0.0,45.30219480637186,0.0,0.0,0.0,0.0,0.0,0.0,0.0
10.0,5.27886394319716,0.0037177394377297,0.0037177394357571,0.9999930891801588,0.9999930891801578,49.4136746707724,0.0,49.97508573906262,0.0,45.5950534295944,0.0,45.3021947376819,0.0,0.0,0.0,0.0,0.0,0.0,0.0
10.0,5.27911395569778,0.0037177836463009,0.0037177836443323,0.999993089015801,0.9999930890158,49.41367465827594,0.0,49.97508541260886,0.0,45.595053425729176,0.0,45.30219466898875,0.0,0.0,0.0,0.0,0.0,0.0,0.0
10.0,5.27936396819841,0.0037178278563923,0.0037178278544277,0.999993088851435,0.999993088851434,49.41367464577952,0.0,49.97508508614024,0.0,45.59505342186378,0.0,45.3021946002924,0.0,0.0,0.0,0.0,0.0,0.0,0.0
10.0,5.27961398069903,0.0037178720680039,0.0037178720660432,0.999993088687061,0.99999308868706,49.4136746332831,0.0,49.97508475965676,0.0,45.5950534179982,0.0,45.302194531592846,0.0,0.0,0.0,0.0,0.0,0.0,0.0
10.0,5.27986399319966,0.0037179162811356,0.0037179162791788,0.99999308852268,0.9999930885226788,49.41367462078672,0.0,49.97508443315843,0.0,45.59505341413243,0.0,45.302194462890114,0.0,0.0,0.0,0.0,0.0,0.0,0.0
10.0,5.28011400570028,0.0037179604957874,0.0037179604938344,0.999993088358291,0.99999308835829,49.41367460829035,0.0,49.97508410664523,0.0,45.59505341026648,0.0,45.30219439418417,0.0,0.0,0.0,0.0,0.0,0.0,0.0
10.0,5.28036401820091,0.0037180047119591,0.0037180047100099,0.999993088193895,0.999993088193894,49.41367459579402,0.0,49.97508378011717,0.0,45.595053406400346,0.0,45.30219432547504,0.0,0.0,0.0,0.0,0.0,0.0,0.0
10.0,5.28061403070154,0.0037180489296507,0.0037180489277053,0.999993088029491,0.9999930880294902,49.41367458329773,0.0,49.97508345357426,0.0,45.59505340253402,0.0,45.3021942567627,0.0,0.0,0.0,0.0,0.0,0.0,0.0
10.0,5.28086404320216,0.0037180931488622,0.0037180931469205,0.999993087865079,0.999993087865078,49.413674570801454,0.0,49.97508312701648,0.0,45.59505339866752,0.0,45.30219418804718,0.0,0.0,0.0,0.0,0.0,0.0,0.0
10.0,5.28111405570279,0.0037181373695935,0.0037181373676554,0.99999308770066,0.999993087700659,49.41367455830522,0.0,49.97508280044384,0.0,45.59505339480083,0.0,45.30219411932845,0.0,0.0,0.0,0.0,0.0,0.0,0.0
10.0,5.28136406820341,0.0037181815918445,0.0037181815899101,0.999993087536233,0.999993087536232,49.41367454580901,0.0,49.97508247385634,0.0,45.59505339093396,0.0,45.30219405060652,0.0,0.0,0.0,0.0,0.0,0.0,0.0
10.0,5.28161408070403,0.0037182258156152,0.0037182258136843,0.999993087371798,0.999993087371797,49.41367453331284,0.0,49.97508214725399,0.0,45.59505338706689,0.0,45.30219398188141,0.0,0.0,0.0,0.0,0.0,0.0,0.0
10.0,5.28186409320466,0.0037182700409056,0.0037182700389782,0.999993087207356,0.999993087207355,49.41367452081671,0.0,49.97508182063677,0.0,45.59505338319965,0.0,45.3021939131531,0.0,0.0,0.0,0.0,0.0,0.0,0.0
10.0,5.28211410570529,0.0037183142677154,0.0037183142657915,0.999993087042906,0.999993087042906,49.41367450832061,0.0,49.9750814940047,0.0,45.59505337933222,0.0,45.30219384442159,0.0,0.0,0.0,0.0,0.0,0.0,0.0
10.0,5.282364118205911,0.0037183584960448,0.0037183584941244,0.999993086878449,0.999993086878448,49.41367449582455,0.0,49.97508116735777,0.0,45.59505337546461,0.0,45.30219377568688,0.0,0.0,0.0,0.0,0.0,0.0,0.0
10.0,5.28261413070654,0.0037184027258936,0.0037184027239765,0.999993086713984,0.999993086713983,49.41367448332853,0.0,49.97508084069597,0.0,45.595053371596805,0.0,45.30219370694898,0.0,0.0,0.0,0.0,0.0,0.0,0.0
10.0,5.28286414320716,0.0037184469572618,0.0037184469553481,0.999993086549511,0.999993086549511,49.41367447083256,0.0,49.97508051401932,0.0,45.59505336772883,0.0,45.30219363820788,0.0,0.0,0.0,0.0,0.0,0.0,0.0
10.0,5.28311415570778,0.0037184911901492,0.0037184911882389,0.999993086385031,0.99999308638503,49.41367445833663,0.0,49.97508018732782,0.0,45.59505336386066,0.0,45.30219356946358,0.0,0.0,0.0,0.0,0.0,0.0,0.0
10.0,5.28336416820841,0.0037185354245559,0.0037185354226489,0.999993086220544,0.999993086220543,49.41367444584074,0.0,49.97507986062145,0.0,45.59505335999231,0.0,45.3021935007161,0.0,0.0,0.0,0.0,0.0,0.0,0.0
10.0,5.28361418070904,0.0037185796604819,0.003718579658578,0.999993086056048,0.999993086056048,49.4136744333449,0.0,49.97507953390022,0.0,45.59505335612378,0.0,45.30219343196541,0.0,0.0,0.0,0.0,0.0,0.0,0.0
10.0,5.28386419320966,0.0037186238979269,0.0037186238960262,0.999993085891545,0.999993085891545,49.41367442084911,0.0,49.97507920716414,0.0,45.59505335225506,0.0,45.30219336321152,0.0,0.0,0.0,0.0,0.0,0.0,0.0
10.0,5.28411420571029,0.003718668136891,0.0037186681349935,0.999993085727035,0.999993085727034,49.41367440835336,0.0,49.9750788804132,0.0,45.59505334838615,0.0,45.30219329445444,0.0,0.0,0.0,0.0,0.0,0.0,0.0
10.0,5.28436421821091,0.0037187123773741,0.0037187123754797,0.999993085562516,0.999993085562516,49.41367439585767,0.0,49.97507855364739,0.0,45.59505334451707,0.0,45.30219322569417,0.0,0.0,0.0,0.0,0.0,0.0,0.0
10.0,5.28461423071154,0.0037187566193761,0.0037187566174848,0.9999930853979913,0.99999308539799,49.41367438336204,0.0,49.97507822686673,0.0,45.595053340647794,0.0,45.30219315693069,0.0,0.0,0.0,0.0,0.0,0.0,0.0
10.0,5.28486424321216,0.003718800862897,0.0037188008610087,0.999993085233457,0.999993085233457,49.413674370866445,0.0,49.97507790007121,0.0,45.59505333677834,0.0,45.30219308816402,0.0,0.0,0.0,0.0,0.0,0.0,0.0
10.0,5.28511425571279,0.0037188451079368,0.0037188451060514,0.999993085068916,0.999993085068915,49.41367435837092,0.0,49.97507757326085,0.0,45.59505333290871,0.0,45.30219301939416,0.0,0.0,0.0,0.0,0.0,0.0,0.0
10.0,5.28536426821341,0.0037188893544953,0.0037188893526129,0.999993084904368,0.999993084904367,49.41367434587545,0.0,49.9750772464356,0.0,45.59505332903888,0.0,45.3021929506211,0.0,0.0,0.0,0.0,0.0,0.0,0.0
10.0,5.28561428071403,0.0037189336025725,0.003718933600693,0.999993084739811,0.999993084739811,49.41367433338002,0.0,49.97507691959552,0.0,45.59505332516886,0.0,45.30219288184483,0.0,0.0,0.0,0.0,0.0,0.0,0.0
10.0,5.28586429321466,0.0037189778521683,0.0037189778502917,0.999993084575248,0.999993084575247,49.413674320884674,0.0,49.97507659274057,0.0,45.59505332129866,0.0,45.30219281306538,0.0,0.0,0.0,0.0,0.0,0.0,0.0
10.0,5.28611430571529,0.0037190221032827,0.0037190221014089,0.999993084410676,0.999993084410675,49.413674308389375,0.0,49.97507626587076,0.0,45.59505331742829,0.0,45.302192744282735,0.0,0.0,0.0,0.0,0.0,0.0,0.0
10.0,5.28636431821591,0.0037190663559157,0.0037190663540446,0.999993084246097,0.999993084246096,49.41367429589415,0.0,49.9750759389861,0.0,45.59505331355773,0.0,45.30219267549688,0.0,0.0,0.0,0.0,0.0,0.0,0.0
10.0,5.28661433071654,0.0037191106100671,0.0037191106081987,0.99999308408151,0.99999308408151,49.413674283398976,0.0,49.97507561208657,0.0,45.59505330968698,0.0,45.30219260670784,0.0,0.0,0.0,0.0,0.0,0.0,0.0
10.0,5.28686434321716,0.0037191548657368,0.0037191548638712,0.999993083916916,0.999993083916915,49.41367427090388,0.0,49.9750752851722,0.0,45.595053305816045,0.0,45.3021925379156,0.0,0.0,0.0,0.0,0.0,0.0,0.0
10.0,5.28711435571779,0.0037191991229249,0.003719199121062,0.999993083752314,0.999993083752314,49.41367425840885,0.0,49.97507495824296,0.0,45.59505330194493,0.0,45.302192469120165,0.0,0.0,0.0,0.0,0.0,0.0,0.0
10.0,5.28736436821841,0.0037192433816313,0.003719243379771,0.999993083587705,0.999993083587704,49.41367424591388,0.0,49.97507463129888,0.0,45.59505329807363,0.0,45.30219240032153,0.0,0.0,0.0,0.0,0.0,0.0,0.0
10.0,5.28761438071904,0.0037192876418559,0.0037192876399981,0.999993083423088,0.999993083423087,49.41367423341899,0.0,49.97507430433992,0.0,45.59505329420215,0.0,45.302192331519706,0.0,0.0,0.0,0.0,0.0,0.0,0.0
10.0,5.287864393219661,0.0037193319035986,0.0037193319017434,0.9999930832584628,0.999993083258462,49.413674220924165,0.0,49.97507397736611,0.0,45.59505329033048,0.0,45.30219226271469,0.0,0.0,0.0,0.0,0.0,0.0,0.0
10.0,5.28811440572029,0.0037193761668595,0.0037193761650067,0.999993083093831,0.99999308309383,49.41367420842941,0.0,49.975073650377446,0.0,45.59505328645862,0.0,45.30219219390646,0.0,0.0,0.0,0.0,0.0,0.0,0.0
10.0,5.28836441822091,0.0037194204316383,0.003719420429788,0.999993082929191,0.99999308292919,49.413674195934746,0.0,49.97507332337393,0.0,45.59505328258659,0.0,45.30219212509505,0.0,0.0,0.0,0.0,0.0,0.0,0.0
10.0,5.28861443072154,0.0037194646979351,0.0037194646960872,0.999993082764543,0.999993082764543,49.41367418344014,0.0,49.97507299635555,0.0,45.59505327871437,0.0,45.30219205628044,0.0,0.0,0.0,0.0,0.0,0.0,0.0
10.0,5.28886444322216,0.0037195089657498,0.0037195089639043,0.999993082599888,0.999993082599887,49.413674170945626,0.0,49.97507266932232,0.0,45.59505327484196,0.0,45.30219198746263,0.0,0.0,0.0,0.0,0.0,0.0,0.0
10.0,5.28911445572279,0.0037195532350824,0.0037195532332392,0.999993082435226,0.999993082435225,49.41367415845118,0.0,49.97507234227422,0.0,45.595053270969366,0.0,45.302191918641626,0.0,0.0,0.0,0.0,0.0,0.0,0.0
10.0,5.28936446822341,0.0037195975059328,0.0037195975040919,0.9999930822705548,0.999993082270554,49.41367414595682,0.0,49.97507201521128,0.0,45.59505326709659,0.0,45.30219184981742,0.0,0.0,0.0,0.0,0.0,0.0,0.0
10.0,5.28961448072404,0.0037196417783008,0.0037196417764622,0.999993082105877,0.999993082105877,49.41367413346254,0.0,49.97507168813348,0.0,45.59505326322363,0.0,45.30219178099003,0.0,0.0,0.0,0.0,0.0,0.0,0.0
10.0,5.28986449322466,0.0037196860521865,0.0037196860503501,0.999993081941192,0.9999930819411912,49.41367412096835,0.0,49.97507136104082,0.0,45.59505325935049,0.0,45.30219171215943,0.0,0.0,0.0,0.0,0.0,0.0,0.0
10.0,5.29011450572529,0.0037197303275899,0.0037197303257556,0.999993081776498,0.999993081776498,49.41367410847424,0.0,49.9750710339333,0.0,45.59505325547717,0.0,45.30219164332564,0.0,0.0,0.0,0.0,0.0,0.0,0.0
10.0,5.29036451822591,0.0037197746045107,0.0037197746026786,0.999993081611797,0.999993081611797,49.41367409598022,0.0,49.97507070681093,0.0,45.59505325160365,0.0,45.30219157448866,0.0,0.0,0.0,0.0,0.0,0.0,0.0
10.0,5.29061453072654,0.0037198188829491,0.0037198188811191,0.999993081447089,0.999993081447089,49.413674083486285,0.0,49.97507037967371,0.0,45.59505324772996,0.0,45.30219150564847,0.0,0.0,0.0,0.0,0.0,0.0,0.0
10.0,5.29086454322716,0.0037198631629048,0.0037198631610769,0.9999930812823729,0.999993081282373,49.41367407099245,0.0,49.97507005252162,0.0,45.59505324385608,0.0,45.3021914368051,0.0,0.0,0.0,0.0,0.0,0.0,0.0
10.0,5.291114555727789,0.0037199074443779,0.003719907442552,0.99999308111765,0.9999930811176492,49.4136740584987,0.0,49.97506972535468,0.0,45.59505323998201,0.0,45.302191367958535,0.0,0.0,0.0,0.0,0.0,0.0,0.0
10.0,5.29136456822841,0.0037199517273684,0.0037199517255444,0.999993080952919,0.999993080952918,49.41367404600504,0.0,49.97506939817289,0.0,45.59505323610776,0.0,45.30219129910876,0.0,0.0,0.0,0.0,0.0,0.0,0.0
10.0,5.29161458072904,0.003719996011876,0.003719996010054,0.99999308078818,0.999993080788179,49.41367403351148,0.0,49.97506907097624,0.0,45.595053232233326,0.0,45.302191230255794,0.0,0.0,0.0,0.0,0.0,0.0,0.0
10.0,5.29186459322966,0.0037200402979008,0.0037200402960807,0.999993080623433,0.999993080623433,49.41367402101802,0.0,49.97506874376473,0.0,45.59505322835872,0.0,45.302191161399634,0.0,0.0,0.0,0.0,0.0,0.0,0.0
10.0,5.29211460573029,0.0037200845854427,0.0037200845836245,0.999993080458679,0.999993080458679,49.41367400852465,0.0,49.97506841653837,0.0,45.59505322448391,0.0,45.30219109254028,0.0,0.0,0.0,0.0,0.0,0.0,0.0
10.0,5.29236461823091,0.0037201288745017,0.0037201288726853,0.999993080293918,0.999993080293917,49.413673996031385,0.0,49.97506808929717,0.0,45.595053220608925,0.0,45.30219102367772,0.0,0.0,0.0,0.0,0.0,0.0,0.0
10.0,5.29261463073154,0.0037201731650777,0.003720173163263,0.999993080129148,0.999993080129148,49.41367398353822,0.0,49.975067762041085,0.0,45.59505321673375,0.0,45.30219095481197,0.0,0.0,0.0,0.0,0.0,0.0,0.0
10.0,5.29286464323216,0.0037202174571706,0.0037202174553576,0.999993079964372,0.999993079964371,49.41367397104516,0.0,49.97506743477017,0.0,45.5950532128584,0.0,45.30219088594304,0.0,0.0,0.0,0.0,0.0,0.0,0.0
10.0,5.29311465573279,0.0037202617507803,0.0037202617489691,0.999993079799587,0.999993079799586,49.4136739585522,0.0,49.97506710748439,0.0,45.59505320898285,0.0,45.302190817070894,0.0,0.0,0.0,0.0,0.0,0.0,0.0
10.0,5.2933646682334095,0.0037203060459069,0.0037203060440973,0.999993079634795,0.999993079634794,49.41367394605935,0.0,49.97506678018375,0.0,45.59505320510714,0.0,45.30219074819555,0.0,0.0,0.0,0.0,0.0,0.0,0.0
10.0,5.29361468073404,0.0037203503425502,0.0037203503407423,0.999993079469995,0.999993079469995,49.413673933566606,0.0,49.975066452868255,0.0,45.59505320123123,0.0,45.30219067931702,0.0,0.0,0.0,0.0,0.0,0.0,0.0
10.0,5.29386469323466,0.0037203946407102,0.0037203946389039,0.999993079305188,0.9999930793051868,49.413673921073965,0.0,49.97506612553791,0.0,45.59505319735514,0.0,45.3021906104353,0.0,0.0,0.0,0.0,0.0,0.0,0.0
10.0,5.29411470573529,0.0037204389403868,0.0037204389385821,0.999993079140373,0.999993079140373,49.41367390858144,0.0,49.97506579819271,0.0,45.59505319347886,0.0,45.30219054155037,0.0,0.0,0.0,0.0,0.0,0.0,0.0
10.0,5.29436471823591,0.00372048324158,0.0037204832397767,0.999993078975551,0.99999307897555,49.41367389608902,0.0,49.97506547083266,0.0,45.59505318960241,0.0,45.30219047266225,0.0,0.0,0.0,0.0,0.0,0.0,0.0
10.0,5.29461473073654,0.0037205275442896,0.0037205275424879,0.999993078810721,0.99999307881072,49.41367388359673,0.0,49.97506514345775,0.0,45.59505318572576,0.0,45.30219040377093,0.0,0.0,0.0,0.0,0.0,0.0,0.0
10.0,5.29486474323716,0.0037205718485157,0.0037205718467155,0.9999930786458832,0.999993078645882,49.41367387110455,0.0,49.975064816067984,0.0,45.59505318184893,0.0,45.30219033487642,0.0,0.0,0.0,0.0,0.0,0.0,0.0
10.0,5.29511475573779,0.0037206161542582,0.0037206161524594,0.999993078481038,0.999993078481037,49.41367385861248,0.0,49.97506448866338,0.0,45.59505317797192,0.0,45.30219026597871,0.0,0.0,0.0,0.0,0.0,0.0,0.0
10.0,5.29536476823841,0.0037206604615171,0.0037206604597195,0.9999930783161852,0.999993078316184,49.41367384612053,0.0,49.97506416124391,0.0,45.59505317409472,0.0,45.3021901970778,0.0,0.0,0.0,0.0,0.0,0.0,0.0
10.0,5.29561478073904,0.0037207047702921,0.003720704768496,0.999993078151324,0.999993078151324,49.41367383362871,0.0,49.97506383380958,0.0,45.59505317021735,0.0,45.302190128173706,0.0,0.0,0.0,0.0,0.0,0.0,0.0
10.0,5.29586479323966,0.0037207490805834,0.0037207490787885,0.999993077986456,0.999993077986456,49.413673821137,0.0,49.97506350636041,0.0,45.595053166339774,0.0,45.30219005926641,0.0,0.0,0.0,0.0,0.0,0.0,0.0
10.0,5.29611480574029,0.0037207933923908,0.0037207933905972,0.999993077821581,0.99999307782158,49.41367380864543,0.0,49.97506317889637,0.0,45.59505316246204,0.0,45.30218999035592,0.0,0.0,0.0,0.0,0.0,0.0,0.0
10.0,5.29636481824091,0.0037208377057143,0.0037208377039219,0.999993077656697,0.999993077656697,49.413673796153965,0.0,49.97506285141748,0.0,45.5950531585841,0.0,45.30218992144224,0.0,0.0,0.0,0.0,0.0,0.0,0.0
10.0,5.29661483074154,0.0037208820205538,0.0037208820187626,0.999993077491806,0.999993077491805,49.41367378366264,0.0,49.97506252392375,0.0,45.59505315470599,0.0,45.30218985252535,0.0,0.0,0.0,0.0,0.0,0.0,0.0
10.0,5.29686484324216,0.0037209263369092,0.0037209263351191,0.999993077326908,0.999993077326907,49.41367377117143,0.0,49.97506219641515,0.0,45.59505315082768,0.0,45.302189783605264,0.0,0.0,0.0,0.0,0.0,0.0,0.0
10.0,5.29711485574279,0.0037209706547805,0.0037209706529916,0.999993077162002,0.999993077162001,49.41367375868037,0.0,49.97506186889171,0.0,45.5950531469492,0.0,45.30218971468199,0.0,0.0,0.0,0.0,0.0,0.0,0.0
10.0,5.29736486824341,0.0037210149741677,0.0037210149723798,0.999993076997088,0.9999930769970868,49.41367374618943,0.0,49.975061541353405,0.0,45.59505314307053,0.0,45.30218964575552,0.0,0.0,0.0,0.0,0.0,0.0,0.0
10.0,5.29761488074404,0.0037210592950706,0.0037210592932838,0.999993076832167,0.999993076832166,49.41367373369863,0.0,49.97506121380025,0.0,45.59505313919168,0.0,45.30218957682585,0.0,0.0,0.0,0.0,0.0,0.0,0.0
10.0,5.29786489324466,0.0037211036174892,0.0037211036157034,0.999993076667238,0.999993076667237,49.41367372120796,0.0,49.97506088623225,0.0,45.59505313531264,0.0,45.30218950789299,0.0,0.0,0.0,0.0,0.0,0.0,0.0
10.0,5.29811490574529,0.0037211479414235,0.0037211479396387,0.999993076502301,0.9999930765023,49.41367370871743,0.0,49.97506055864939,0.0,45.595053131433424,0.0,45.30218943895693,0.0,0.0,0.0,0.0,0.0,0.0,0.0
10.0,5.29836491824591,0.0037211922668734,0.0037211922650895,0.9999930763373572,0.999993076337356,49.41367369622704,0.0,49.97506023105168,0.0,45.59505312755401,0.0,45.30218937001768,0.0,0.0,0.0,0.0,0.0,0.0,0.0
10.0,5.29861493074654,0.0037212365938388,0.0037212365920558,0.999993076172405,0.999993076172404,49.41367368373678,0.0,49.97505990343911,0.0,45.595053123674425,0.0,45.30218930107523,0.0,0.0,0.0,0.0,0.0,0.0,0.0
10.0,5.29886494324716,0.0037212809223196,0.0037212809205375,0.999993076007446,0.999993076007445,49.41367367124667,0.0,49.9750595758117,0.0,45.59505311979465,0.0,45.30218923212959,0.0,0.0,0.0,0.0,0.0,0.0,0.0
10.0,5.29911495574779,0.0037213252523159,0.0037213252505346,0.9999930758424788,0.999993075842478,49.4136736587567,0.0,49.97505924816943,0.0,45.59505311591469,0.0,45.30218916318074,0.0,0.0,0.0,0.0,0.0,0.0,0.0
10.0,5.29936496824841,0.0037213695838275,0.003721369582047,0.999993075677504,0.9999930756775032,49.41367364626687,0.0,49.975058920512296,0.0,45.59505311203454,0.0,45.3021890942287,0.0,0.0,0.0,0.0,0.0,0.0,0.0
10.0,5.29961498074904,0.0037214139168544,0.0037214139150746,0.999993075512522,0.999993075512521,49.4136736337772,0.0,49.97505859284033,0.0,45.59505310815423,0.0,45.30218902527348,0.0,0.0,0.0,0.0,0.0,0.0,0.0
10.0,5.29986499324966,0.0037214582513965,0.0037214582496174,0.999993075347532,0.999993075347531,49.41367362128768,0.0,49.9750582651535,0.0,45.59505310427372,0.0,45.30218895631505,0.0,0.0,0.0,0.0,0.0,0.0,0.0
10.0,5.30011500575029,0.0037215025874537,0.0037215025856754,0.999993075182535,0.999993075182534,49.41367360879831,0.0,49.975057937451815,0.0,45.59505310039302,0.0,45.30218888735342,0.0,0.0,0.0,0.0,0.0,0.0,0.0
10.0,5.30036501825091,0.0037215469250261,0.0037215469232484,0.99999307501753,0.999993075017529,49.413673596309074,0.0,49.975057609735295,0.0,45.59505309651215,0.0,45.3021888183886,0.0,0.0,0.0,0.0,0.0,0.0,0.0
10.0,5.30061503075154,0.0037215912641135,0.0037215912623364,0.999993074852517,0.999993074852516,49.41367358382,0.0,49.97505728200391,0.0,45.59505309263108,0.0,45.30218874942059,0.0,0.0,0.0,0.0,0.0,0.0,0.0
10.0,5.30086504325216,0.0037216356047159,0.0037216356029394,0.9999930746874968,0.999993074687496,49.41367357133109,0.0,49.97505695425767,0.0,45.59505308874984,0.0,45.302188680449376,0.0,0.0,0.0,0.0,0.0,0.0,0.0
10.0,5.30111505575279,0.0037216799468332,0.0037216799450572,0.999993074522469,0.999993074522468,49.413673558842326,0.0,49.97505662649658,0.0,45.5950530848684,0.0,45.30218861147496,0.0,0.0,0.0,0.0,0.0,0.0,0.0
10.0,5.30136506825341,0.0037217242904653,0.0037217242886898,0.999993074357433,0.9999930743574332,49.41367354635373,0.0,49.97505629872064,0.0,45.5950530809868,0.0,45.30218854249736,0.0,0.0,0.0,0.0,0.0,0.0,0.0
10.0,5.30161508075404,0.0037217686356122,0.0037217686338373,0.99999307419239,0.99999307419239,49.413673533865285,0.0,49.97505597092985,0.0,45.59505307710499,0.0,45.30218847351656,0.0,0.0,0.0,0.0,0.0,0.0,0.0
10.0,5.30186509325466,0.0037218129822739,0.0037218129804994,0.99999307402734,0.9999930740273388,49.41367352137701,0.0,49.97505564312421,0.0,45.59505307322301,0.0,45.302188404532565,0.0,0.0,0.0,0.0,0.0,0.0,0.0
10.0,5.30211510575529,0.0037218573304502,0.0037218573286761,0.999993073862282,0.999993073862281,49.41367350888889,0.0,49.97505531530371,0.0,45.59505306934085,0.0,45.30218833554538,0.0,0.0,0.0,0.0,0.0,0.0,0.0
10.0,5.30236511825591,0.0037219016801412,0.0037219016783674,0.999993073697216,0.9999930736972152,49.41367349640095,0.0,49.97505498746837,0.0,45.595053065458494,0.0,45.30218826655499,0.0,0.0,0.0,0.0,0.0,0.0,0.0
10.0,5.30261513075654,0.0037219460313467,0.0037219460295733,0.999993073532142,0.9999930735321408,49.413673483913165,0.0,49.97505465961817,0.0,45.59505306157596,0.0,45.30218819756141,0.0,0.0,0.0,0.0,0.0,0.0,0.0
10.0,5.30286514325716,0.0037219903840667,0.0037219903822936,0.9999930733670608,0.99999307336706,49.413673471425554,0.0,49.97505433175312,0.0,45.59505305769325,0.0,45.30218812856463,0.0,0.0,0.0,0.0,0.0,0.0,0.0
10.0,5.30311515575779,0.0037220347383011,0.0037220347365282,0.999993073201972,0.9999930732019718,49.41367345893811,0.0,49.975054003873225,0.0,45.59505305381034,0.0,45.30218805956466,0.0,0.0,0.0,0.0,0.0,0.0,0.0
10.0,5.30336516825841,0.0037220790940498,0.0037220790922772,0.999993073036876,0.999993073036875,49.41367344645084,0.0,49.97505367597847,0.0,45.59505304992725,0.0,45.3021879905615,0.0,0.0,0.0,0.0,0.0,0.0,0.0
10.0,5.303615180759041,0.0037221234513129,0.0037221234495405,0.999993072871772,0.999993072871771,49.41367343396374,0.0,49.97505334806888,0.0,45.59505304604398,0.0,45.30218792155513,0.0,0.0,0.0,0.0,0.0,0.0,0.0
10.0,5.30386519325966,0.0037221678100902,0.003722167808318,0.999993072706661,0.99999307270666,49.41367342147682,0.0,49.97505302014442,0.0,45.59505304216054,0.0,45.30218785254557,0.0,0.0,0.0,0.0,0.0,0.0,0.0
10.0,5.30411520576029,0.0037222121703818,0.0037222121686097,0.999993072541542,0.999993072541541,49.41367340899008,0.0,49.97505269220512,0.0,45.595053038276895,0.0,45.302187783532816,0.0,0.0,0.0,0.0,0.0,0.0,0.0
10.0,5.304365218260911,0.0037222565321874,0.0037222565304154,0.9999930723764152,0.999993072376414,49.41367339650352,0.0,49.97505236425096,0.0,45.59505303439308,0.0,45.30218771451687,0.0,0.0,0.0,0.0,0.0,0.0,0.0
10.0,5.30461523076154,0.0037223008955071,0.0037223008937352,0.99999307221128,0.99999307221128,49.41367338401714,0.0,49.975052036281966,0.0,45.59505303050907,0.0,45.302187645497725,0.0,0.0,0.0,0.0,0.0,0.0,0.0
10.0,5.30486524326216,0.0037223452603408,0.0037223452585689,0.999993072046139,0.999993072046138,49.41367337153093,0.0,49.9750517082981,0.0,45.59505302662488,0.0,45.302187576475376,0.0,0.0,0.0,0.0,0.0,0.0,0.0
10.0,5.30511525576279,0.0037223896266884,0.0037223896249165,0.999993071880989,0.999993071880988,49.41367335904492,0.0,49.9750513802994,0.0,45.59505302274051,0.0,45.30218750744985,0.0,0.0,0.0,0.0,0.0,0.0,0.0
10.0,5.30536526826341,0.0037224339945499,0.003722433992778,0.999993071715832,0.999993071715831,49.41367334655909,0.0,49.97505105228585,0.0,45.59505301885595,0.0,45.30218743842111,0.0,0.0,0.0,0.0,0.0,0.0,0.0
10.0,5.30561528076404,0.0037224783639252,0.0037224783621533,0.999993071550667,0.999993071550666,49.41367333407346,0.0,49.97505072425744,0.0,45.59505301497121,0.0,45.30218736938919,0.0,0.0,0.0,0.0,0.0,0.0,0.0
10.0,5.305865293264661,0.0037225227348143,0.0037225227330423,0.9999930713854948,0.999993071385494,49.413673321588,0.0,49.975050396214186,0.0,45.595053011086286,0.0,45.302187300354056,0.0,0.0,0.0,0.0,0.0,0.0,0.0
10.0,5.30611530576529,0.0037225671072171,0.0037225671054449,0.999993071220315,0.999993071220314,49.41367330910275,0.0,49.97505006815608,0.0,45.59505300720118,0.0,45.30218723131574,0.0,0.0,0.0,0.0,0.0,0.0,0.0
10.0,5.30636531826591,0.0037226114811335,0.0037226114793612,0.999993071055128,0.999993071055127,49.41367329661768,0.0,49.97504974008313,0.0,45.59505300331589,0.0,45.30218716227423,0.0,0.0,0.0,0.0,0.0,0.0,0.0
10.0,5.30661533076654,0.0037226558565635,0.003722655854791,0.999993070889932,0.999993070889932,49.413673284132805,0.0,49.97504941199532,0.0,45.595052999430415,0.0,45.30218709322951,0.0,0.0,0.0,0.0,0.0,0.0,0.0
10.0,5.30686534326716,0.003722700233507,0.0037227002317343,0.999993070724729,0.999993070724729,49.413673271648136,0.0,49.97504908389267,0.0,45.59505299554476,0.0,45.302187024181606,0.0,0.0,0.0,0.0,0.0,0.0,0.0
10.0,5.30711535576779,0.003722744611964,0.003722744610191,0.999993070559519,0.999993070559519,49.41367325916367,0.0,49.97504875577516,0.0,45.59505299165891,0.0,45.30218695513051,0.0,0.0,0.0,0.0,0.0,0.0,0.0
10.0,5.30736536826841,0.0037227889919343,0.003722788990161,0.999993070394301,0.9999930703943,49.41367324667939,0.0,49.97504842764281,0.0,45.59505298777288,0.0,45.30218688607621,0.0,0.0,0.0,0.0,0.0,0.0,0.0
10.0,5.307615380769039,0.003722833373418,0.0037228333716444,0.999993070229075,0.999993070229075,49.41367323419532,0.0,49.97504809949561,0.0,45.59505298388667,0.0,45.30218681701872,0.0,0.0,0.0,0.0,0.0,0.0,0.0
10.0,5.30786539326966,0.0037228777564149,0.003722877754641,0.999993070063843,0.999993070063842,49.41367322171145,0.0,49.97504777133355,0.0,45.59505298000028,0.0,45.30218674795803,0.0,0.0,0.0,0.0,0.0,0.0,0.0
10.0,5.30811540577029,0.0037229221409251,0.0037229221391507,0.999993069898602,0.999993069898601,49.4136732092278,0.0,49.97504744315665,0.0,45.59505297611369,0.0,45.30218667889415,0.0,0.0,0.0,0.0,0.0,0.0,0.0
10.0,5.30836541827091,0.0037229665269484,0.0037229665251736,0.9999930697333532,0.999993069733352,49.41367319674434,0.0,49.9750471149649,0.0,45.59505297222694,0.0,45.30218660982708,0.0,0.0,0.0,0.0,0.0,0.0,0.0
10.0,5.30861543077154,0.0037230109144848,0.0037230109127095,0.999993069568097,0.999993069568096,49.4136731842611,0.0,49.9750467867583,0.0,45.59505296833999,0.0,45.3021865407568,0.0,0.0,0.0,0.0,0.0,0.0,0.0
10.0,5.30886544327216,0.0037230553035342,0.0037230553017585,0.9999930694028338,0.9999930694028332,49.41367317177806,0.0,49.97504645853685,0.0,45.59505296445286,0.0,45.30218647168333,0.0,0.0,0.0,0.0,0.0,0.0,0.0
10.0,5.3091154557727895,0.0037230996940965,0.0037230996923203,0.999993069237562,0.999993069237562,49.41367315929524,0.0,49.97504613030056,0.0,45.59505296056554,0.0,45.30218640260667,0.0,0.0,0.0,0.0,0.0,0.0,0.0
10.0,5.30936546827341,0.0037231440861718,0.0037231440843951,0.999993069072284,0.999993069072283,49.41367314681264,0.0,49.97504580204941,0.0,45.59505295667804,0.0,45.302186333526805,0.0,0.0,0.0,0.0,0.0,0.0,0.0
10.0,5.30961548077404,0.0037231884797599,0.0037231884779826,0.9999930689069968,0.999993068906996,49.41367313433025,0.0,49.97504547378341,0.0,45.59505295279037,0.0,45.30218626444375,0.0,0.0,0.0,0.0,0.0,0.0,0.0
10.0,5.309865493274659,0.0037232328748608,0.0037232328730829,0.9999930687417028,0.999993068741703,49.41367312184809,0.0,49.97504514550257,0.0,45.5950529489025,0.0,45.3021861953575,0.0,0.0,0.0,0.0,0.0,0.0,0.0
10.0,5.31011550577529,0.0037232772714745,0.0037232772696959,0.999993068576402,0.999993068576401,49.41367310936614,0.0,49.97504481720688,0.0,45.59505294501445,0.0,45.302186126268055,0.0,0.0,0.0,0.0,0.0,0.0,0.0
10.0,5.31036551827591,0.0037233216696007,0.0037233216678215,0.999993068411092,0.999993068411092,49.413673096884416,0.0,49.97504448889634,0.0,45.59505294112621,0.0,45.30218605717541,0.0,0.0,0.0,0.0,0.0,0.0,0.0
10.0,5.31061553077654,0.0037233660692396,0.0037233660674597,0.999993068245775,0.999993068245775,49.41367308440292,0.0,49.97504416057095,0.0,45.5950529372378,0.0,45.30218598807957,0.0,0.0,0.0,0.0,0.0,0.0,0.0
10.0,5.31086554327716,0.003723410470391,0.0037234104686104,0.999993068080451,0.999993068080451,49.41367307192164,0.0,49.97504383223071,0.0,45.5950529333492,0.0,45.30218591898054,0.0,0.0,0.0,0.0,0.0,0.0,0.0
10.0,5.31111555577779,0.0037234548730549,0.0037234548712735,0.9999930679151188,0.999993067915118,49.41367305944059,0.0,49.97504350387562,0.0,45.595052929460415,0.0,45.30218584987832,0.0,0.0,0.0,0.0,0.0,0.0,0.0
10.0,5.311365568278411,0.0037234992772312,0.003723499275449,0.999993067749779,0.999993067749779,49.41367304695977,0.0,49.97504317550569,0.0,45.59505292557145,0.0,45.30218578077289,0.0,0.0,0.0,0.0,0.0,0.0,0.0
10.0,5.31161558077904,0.0037235436829199,0.0037235436811369,0.999993067584432,0.999993067584432,49.41367303447919,0.0,49.97504284712091,0.0,45.595052921682296,0.0,45.30218571166428,0.0,0.0,0.0,0.0,0.0,0.0,0.0
10.0,5.31186559327966,0.0037235880901209,0.003723588088337,0.9999930674190768,0.999993067419077,49.41367302199884,0.0,49.97504251872128,0.0,45.59505291779296,0.0,45.30218564255246,0.0,0.0,0.0,0.0,0.0,0.0,0.0
10.0,5.31211560578029,0.003723632498834,0.0037236324970493,0.999993067253715,0.999993067253714,49.413673009518725,0.0,49.97504219030681,0.0,45.59505291390344,0.0,45.302185573437455,0.0,0.0,0.0,0.0,0.0,0.0,0.0
10.0,5.31236561828091,0.0037236769090594,0.0037236769072738,0.999993067088345,0.999993067088344,49.41367299703885,0.0,49.975041861877486,0.0,45.59505291001374,0.0,45.302185504319255,0.0,0.0,0.0,0.0,0.0,0.0,0.0
10.0,5.31261563078154,0.0037237213207969,0.0037237213190103,0.999993066922967,0.999993066922967,49.4136729845592,0.0,49.9750415334333,0.0,45.595052906123854,0.0,45.30218543519784,0.0,0.0,0.0,0.0,0.0,0.0,0.0
10.0,5.31286564328216,0.0037237657340464,0.0037237657322588,0.999993066757582,0.999993066757581,49.41367297207981,0.0,49.97504120497428,0.0,45.59505290223378,0.0,45.30218536607325,0.0,0.0,0.0,0.0,0.0,0.0,0.0
10.0,5.31311565578279,0.0037238101488079,0.0037238101470194,0.999993066592189,0.999993066592188,49.413672959600646,0.0,49.975040876500415,0.0,45.59505289834354,0.0,45.30218529694547,0.0,0.0,0.0,0.0,0.0,0.0,0.0
10.0,5.31336566828341,0.0037238545650814,0.0037238545632918,0.999993066426788,0.999993066426788,49.41367294712173,0.0,49.97504054801171,0.0,45.5950528944531,0.0,45.30218522781448,0.0,0.0,0.0,0.0,0.0,0.0,0.0
10.0,5.31361568078404,0.0037238989828667,0.003723898981076,0.999993066261381,0.99999306626138,49.413672934643074,0.0,49.97504021950815,0.0,45.595052890562485,0.0,45.302185158680295,0.0,0.0,0.0,0.0,0.0,0.0,0.0
10.0,5.31386569328466,0.0037239434021638,0.0037239434003721,0.999993066095965,0.999993066095964,49.41367292216466,0.0,49.97503989098973,0.0,45.59505288667168,0.0,45.30218508954293,0.0,0.0,0.0,0.0,0.0,0.0,0.0
10.0,5.31411570578529,0.0037239878229726,0.0037239878211798,0.999993065930542,0.9999930659305412,49.41367290968649,0.0,49.97503956245648,0.0,45.595052882780685,0.0,45.30218502040236,0.0,0.0,0.0,0.0,0.0,0.0,0.0
10.0,5.31436571828591,0.0037240322452932,0.0037240322434992,0.9999930657651102,0.99999306576511,49.41367289720858,0.0,49.97503923390838,0.0,45.59505287888951,0.0,45.30218495125859,0.0,0.0,0.0,0.0,0.0,0.0,0.0
10.0,5.31461573078654,0.0037240766691254,0.0037240766673302,0.999993065599672,0.999993065599671,49.413672884730914,0.0,49.97503890534543,0.0,45.59505287499815,0.0,45.302184882111625,0.0,0.0,0.0,0.0,0.0,0.0,0.0
10.0,5.31486574328716,0.0037241210944691,0.0037241210926727,0.999993065434226,0.999993065434225,49.41367287225352,0.0,49.975038576767645,0.0,45.595052871106624,0.0,45.30218481296147,0.0,0.0,0.0,0.0,0.0,0.0,0.0
10.0,5.31511575578779,0.0037241655213243,0.0037241655195267,0.9999930652687732,0.999993065268772,49.41367285977636,0.0,49.975038248175,0.0,45.59505286721489,0.0,45.30218474380812,0.0,0.0,0.0,0.0,0.0,0.0,0.0
10.0,5.31536576828841,0.003724209949691,0.0037242099478921,0.999993065103311,0.99999306510331,49.41367284729948,0.0,49.97503791956751,0.0,45.59505286332299,0.0,45.30218467465158,0.0,0.0,0.0,0.0,0.0,0.0,0.0
10.0,5.31561578078904,0.0037242543795691,0.0037242543777689,0.999993064937842,0.999993064937841,49.41367283482286,0.0,49.97503759094517,0.0,45.59505285943091,0.0,45.30218460549183,0.0,0.0,0.0,0.0,0.0,0.0,0.0
10.0,5.31586579328966,0.0037242988109584,0.003724298809157,0.999993064772366,0.999993064772365,49.4136728223465,0.0,49.97503726230799,0.0,45.59505285553863,0.0,45.302184536328895,0.0,0.0,0.0,0.0,0.0,0.0,0.0
10.0,5.31611580579029,0.0037243432438591,0.0037243432420562,0.999993064606881,0.999993064606881,49.413672809870405,0.0,49.97503693365597,0.0,45.59505285164618,0.0,45.30218446716275,0.0,0.0,0.0,0.0,0.0,0.0,0.0
10.0,5.31636581829091,0.0037243876782709,0.0037243876764667,0.99999306444139,0.999993064441389,49.413672797394575,0.0,49.97503660498909,0.0,45.595052847753536,0.0,45.30218439799344,0.0,0.0,0.0,0.0,0.0,0.0,0.0
10.0,5.31661583079154,0.0037244321141939,0.0037244321123883,0.999993064275891,0.99999306427589,49.41367278491903,0.0,49.97503627630737,0.0,45.59505284386072,0.0,45.30218432882091,0.0,0.0,0.0,0.0,0.0,0.0,0.0
10.0,5.31686584329216,0.0037244765516279,0.0037244765498209,0.999993064110383,0.999993064110383,49.41367277244375,0.0,49.975035947610806,0.0,45.59505283996771,0.0,45.3021842596452,0.0,0.0,0.0,0.0,0.0,0.0,0.0
10.0,5.31711585579279,0.003724520990573,0.0037245209887645,0.999993063944869,0.999993063944868,49.41367275996873,0.0,49.9750356188994,0.0,45.59505283607452,0.0,45.302184190466285,0.0,0.0,0.0,0.0,0.0,0.0,0.0
10.0,5.31736586829342,0.003724565431029,0.003724565429219,0.999993063779347,0.999993063779346,49.413672747494,0.0,49.97503529017314,0.0,45.595052832181146,0.0,45.30218412128417,0.0,0.0,0.0,0.0,0.0,0.0,0.0
10.0,5.31761588079404,0.0037246098729959,0.0037246098711844,0.9999930636138168,0.999993063613816,49.41367273501954,0.0,49.97503496143204,0.0,45.59505282828758,0.0,45.30218405209887,0.0,0.0,0.0,0.0,0.0,0.0,0.0
10.0,5.31786589329466,0.0037246543164736,0.0037246543146606,0.99999306344828,0.999993063448279,49.41367272254536,0.0,49.975034632676085,0.0,45.595052824393846,0.0,45.30218398291037,0.0,0.0,0.0,0.0,0.0,0.0,0.0
10.0,5.31811590579529,0.0037246987614621,0.0037246987596475,0.999993063282735,0.999993063282734,49.41367271007146,0.0,49.975034303905296,0.0,45.59505282049992,0.0,45.30218391371868,0.0,0.0,0.0,0.0,0.0,0.0,0.0
10.0,5.31836591829591,0.0037247432079613,0.0037247432061451,0.999993063117182,0.999993063117182,49.413672697597846,0.0,49.97503397511965,0.0,45.595052816605815,0.0,45.30218384452379,0.0,0.0,0.0,0.0,0.0,0.0,0.0
10.0,5.31861593079654,0.0037247876559712,0.0037247876541533,0.9999930629516222,0.999993062951621,49.41367268512453,0.0,49.975033646319176,0.0,45.59505281271153,0.0,45.3021837753257,0.0,0.0,0.0,0.0,0.0,0.0,0.0
10.0,5.31886594329716,0.0037248321054916,0.0037248321036721,0.999993062786054,0.999993062786054,49.41367267265147,0.0,49.97503331750384,0.0,45.59505280881705,0.0,45.30218370612443,0.0,0.0,0.0,0.0,0.0,0.0,0.0
10.0,5.31911595579779,0.0037248765565226,0.0037248765547014,0.999993062620479,0.999993062620478,49.413672660178726,0.0,49.97503298867368,0.0,45.59505280492239,0.0,45.30218363691996,0.0,0.0,0.0,0.0,0.0,0.0,0.0
10.0,5.31936596829841,0.0037249210090641,0.0037249210072412,0.999993062454896,0.9999930624548952,49.41367264770626,0.0,49.97503265982864,0.0,45.59505280102755,0.0,45.30218356771229,0.0,0.0,0.0,0.0,0.0,0.0,0.0
10.0,5.31961598079904,0.0037249654631159,0.0037249654612913,0.999993062289306,0.9999930622893048,49.41367263523409,0.0,49.97503233096878,0.0,45.59505279713253,0.0,45.30218349850143,0.0,0.0,0.0,0.0,0.0,0.0,0.0
10.0,5.31986599329967,0.0037250099186781,0.0037250099168517,0.999993062123707,0.999993062123707,49.41367262276222,0.0,49.97503200209408,0.0,45.59505279323732,0.0,45.30218342928736,0.0,0.0,0.0,0.0,0.0,0.0,0.0
10.0,5.3201160058002905,0.0037250543757506,0.0037250543739224,0.999993061958102,0.9999930619581008,49.413672610290654,0.0,49.97503167320452,0.0,45.59505278934192,0.0,45.30218336007011,0.0,0.0,0.0,0.0,0.0,0.0,0.0
10.0,5.32036601830091,0.0037250988343333,0.0037250988325033,0.999993061792488,0.999993061792487,49.41367259781937,0.0,49.97503134430013,0.0,45.59505278544635,0.0,45.30218329084966,0.0,0.0,0.0,0.0,0.0,0.0,0.0
10.0,5.32061603080154,0.0037251432944262,0.0037251432925943,0.999993061626867,0.999993061626866,49.4136725853484,0.0,49.97503101538088,0.0,45.5950527815506,0.0,45.30218322162602,0.0,0.0,0.0,0.0,0.0,0.0,0.0
10.0,5.32086604330217,0.0037251877560291,0.0037251877541954,0.9999930614612388,0.999993061461238,49.41367257287773,0.0,49.97503068644679,0.0,45.59505277765466,0.0,45.30218315239918,0.0,0.0,0.0,0.0,0.0,0.0,0.0
10.0,5.32111605580279,0.0037252322191422,0.0037252322173066,0.999993061295602,0.999993061295602,49.41367256040737,0.0,49.97503035749786,0.0,45.595052773758525,0.0,45.30218308316915,0.0,0.0,0.0,0.0,0.0,0.0,0.0
10.0,5.32136606830342,0.0037252766837651,0.0037252766819276,0.999993061129959,0.999993061129958,49.41367254793731,0.0,49.975030028534086,0.0,45.59505276986222,0.0,45.30218301393592,0.0,0.0,0.0,0.0,0.0,0.0,0.0
10.0,5.32161608080404,0.0037253211498981,0.0037253211480586,0.999993060964307,0.999993060964307,49.41367253546756,0.0,49.97502969955546,0.0,45.59505276596573,0.0,45.302182944699496,0.0,0.0,0.0,0.0,0.0,0.0,0.0
10.0,5.32186609330466,0.0037253656175408,0.0037253656156994,0.999993060798648,0.999993060798647,49.41367252299812,0.0,49.975029370562005,0.0,45.59505276206905,0.0,45.30218287545987,0.0,0.0,0.0,0.0,0.0,0.0,0.0
10.0,5.32211610580529,0.0037254100866934,0.0037254100848499,0.999993060632982,0.999993060632981,49.413672510529,0.0,49.97502904155369,0.0,45.595052758172194,0.0,45.30218280621706,0.0,0.0,0.0,0.0,0.0,0.0,0.0
10.0,5.32236611830592,0.0037254545573557,0.0037254545555102,0.999993060467308,0.999993060467307,49.413672498060194,0.0,49.97502871253054,0.0,45.59505275427515,0.0,45.302182736971055,0.0,0.0,0.0,0.0,0.0,0.0,0.0
10.0,5.32261613080654,0.0037254990295276,0.0037254990276801,0.999993060301626,0.999993060301625,49.4136724855917,0.0,49.97502838349254,0.0,45.59505275037793,0.0,45.30218266772185,0.0,0.0,0.0,0.0,0.0,0.0,0.0
10.0,5.32286614330717,0.0037255435032092,0.0037255435013596,0.999993060135936,0.9999930601359348,49.413672473123526,0.0,49.9750280544397,0.0,45.595052746480526,0.0,45.30218259846946,0.0,0.0,0.0,0.0,0.0,0.0,0.0
10.0,5.32311615580779,0.0037255879784004,0.0037255879765487,0.999993059970239,0.999993059970239,49.41367246065568,0.0,49.975027725372016,0.0,45.59505274258292,0.0,45.30218252921386,0.0,0.0,0.0,0.0,0.0,0.0,0.0
10.0,5.323366168308419,0.003725632455101,0.0037256324532472,0.999993059804535,0.999993059804534,49.41367244818815,0.0,49.97502739628949,0.0,45.59505273868516,0.0,45.30218245995508,0.0,0.0,0.0,0.0,0.0,0.0,0.0
10.0,5.32361618080904,0.0037256769333111,0.0037256769314551,0.999993059638822,0.999993059638822,49.41367243572096,0.0,49.97502706719212,0.0,45.5950527347872,0.0,45.30218239069309,0.0,0.0,0.0,0.0,0.0,0.0,0.0
10.0,5.32386619330967,0.0037257214130305,0.0037257214111723,0.999993059473102,0.999993059473102,49.41367242325408,0.0,49.97502673807991,0.0,45.595052730889066,0.0,45.30218232142792,0.0,0.0,0.0,0.0,0.0,0.0,0.0
10.0,5.32411620581029,0.0037257658942592,0.0037257658923989,0.999993059307375,0.999993059307375,49.41367241078754,0.0,49.97502640895286,0.0,45.59505272699074,0.0,45.30218225215954,0.0,0.0,0.0,0.0,0.0,0.0,0.0
10.0,5.32436621831091,0.0037258103769972,0.0037258103751346,0.9999930591416402,0.999993059141639,49.41367239832133,0.0,49.97502607981095,0.0,45.59505272309223,0.0,45.302182182887975,0.0,0.0,0.0,0.0,0.0,0.0,0.0
10.0,5.32461623081154,0.0037258548612444,0.0037258548593795,0.999993058975898,0.999993058975897,49.413672385855456,0.0,49.97502575065421,0.0,45.59505271919354,0.0,45.30218211361321,0.0,0.0,0.0,0.0,0.0,0.0,0.0
10.0,5.32486624331217,0.0037258993470007,0.0037258993451336,0.999993058810147,0.9999930588101468,49.41367237338992,0.0,49.97502542148264,0.0,45.59505271529466,0.0,45.30218204433525,0.0,0.0,0.0,0.0,0.0,0.0,0.0
10.0,5.32511625581279,0.0037259438342661,0.0037259438323966,0.999993058644389,0.999993058644389,49.41367236092471,0.0,49.97502509229619,0.0,45.5950527113956,0.0,45.3021819750541,0.0,0.0,0.0,0.0,0.0,0.0,0.0
10.0,5.32536626831342,0.0037259883230405,0.0037259883211687,0.999993058478624,0.999993058478623,49.413672348459855,0.0,49.97502476309493,0.0,45.595052707496365,0.0,45.30218190576976,0.0,0.0,0.0,0.0,0.0,0.0,0.0
10.0,5.325616280814039,0.0037260328133238,0.0037260328114497,0.9999930583128512,0.99999305831285,49.413672335995344,0.0,49.975024433878815,0.0,45.59505270359694,0.0,45.30218183648221,0.0,0.0,0.0,0.0,0.0,0.0,0.0
10.0,5.32586629331467,0.003726077305116,0.0037260773032395,0.99999305814707,0.99999305814707,49.41367232353116,0.0,49.975024104647865,0.0,45.59505269969733,0.0,45.30218176719147,0.0,0.0,0.0,0.0,0.0,0.0,0.0
10.0,5.32611630581529,0.0037261217984171,0.0037261217965381,0.999993057981282,0.999993057981281,49.41367231106734,0.0,49.97502377540206,0.0,45.59505269579754,0.0,45.302181697897545,0.0,0.0,0.0,0.0,0.0,0.0,0.0
10.0,5.32636631831592,0.0037261662932268,0.0037261662913455,0.999993057815486,0.999993057815486,49.41367229860386,0.0,49.97502344614142,0.0,45.59505269189758,0.0,45.302181628600415,0.0,0.0,0.0,0.0,0.0,0.0,0.0
10.0,5.32661633081654,0.0037262107895453,0.0037262107876615,0.9999930576496832,0.999993057649682,49.41367228614073,0.0,49.97502311686593,0.0,45.59505268799742,0.0,45.302181559300095,0.0,0.0,0.0,0.0,0.0,0.0,0.0
10.0,5.32686634331717,0.0037262552873725,0.0037262552854862,0.999993057483872,0.999993057483871,49.41367227367796,0.0,49.9750227875756,0.0,45.59505268409709,0.0,45.302181489996585,0.0,0.0,0.0,0.0,0.0,0.0,0.0
10.0,5.32711635581779,0.0037262997867082,0.0037262997848194,0.999993057318053,0.999993057318053,49.41367226121554,0.0,49.97502245827044,0.0,45.59505268019656,0.0,45.30218142068988,0.0,0.0,0.0,0.0,0.0,0.0,0.0
10.0,5.32736636831842,0.0037263442875524,0.0037263442856611,0.999993057152227,0.999993057152226,49.41367224875348,0.0,49.97502212895044,0.0,45.59505267629586,0.0,45.30218135137997,0.0,0.0,0.0,0.0,0.0,0.0,0.0
10.0,5.32761638081904,0.0037263887899051,0.0037263887880112,0.999993056986393,0.999993056986392,49.413672236291774,0.0,49.97502179961558,0.0,45.59505267239497,0.0,45.30218128206688,0.0,0.0,0.0,0.0,0.0,0.0,0.0
10.0,5.32786639331967,0.0037264332937662,0.0037264332918697,0.999993056820552,0.999993056820551,49.41367222383043,0.0,49.97502147026589,0.0,45.5950526684939,0.0,45.30218121275057,0.0,0.0,0.0,0.0,0.0,0.0,0.0
10.0,5.32811640582029,0.0037264777991356,0.0037264777972366,0.999993056654703,0.999993056654702,49.41367221136946,0.0,49.97502114090136,0.0,45.59505266459264,0.0,45.30218114343108,0.0,0.0,0.0,0.0,0.0,0.0,0.0
10.0,5.32836641832092,0.0037265223060133,0.0037265223041116,0.9999930564888458,0.9999930564888452,49.413672198908856,0.0,49.97502081152197,0.0,45.5950526606912,0.0,45.3021810741084,0.0,0.0,0.0,0.0,0.0,0.0,0.0
10.0,5.32861643082154,0.0037265668143992,0.0037265668124949,0.999993056322982,0.999993056322981,49.4136721864486,0.0,49.97502048212776,0.0,45.59505265678958,0.0,45.30218100478252,0.0,0.0,0.0,0.0,0.0,0.0,0.0
10.0,5.32886644332217,0.0037266113242933,0.0037266113223863,0.99999305615711,0.9999930561571088,49.41367217398874,0.0,49.9750201527187,0.0,45.59505265288778,0.0,45.30218093545345,0.0,0.0,0.0,0.0,0.0,0.0,0.0
10.0,5.32911645582279,0.0037266558356955,0.0037266558337858,0.99999305599123,0.99999305599123,49.413672161529234,0.0,49.9750198232948,0.0,45.59505264898579,0.0,45.30218086612118,0.0,0.0,0.0,0.0,0.0,0.0,0.0
10.0,5.32936646832342,0.0037267003486056,0.0037267003466932,0.9999930558253431,0.999993055825342,49.41367214907012,0.0,49.97501949385605,0.0,45.595052645083626,0.0,45.30218079678571,0.0,0.0,0.0,0.0,0.0,0.0,0.0
10.0,5.32961648082404,0.0037267448630238,0.0037267448611087,0.9999930556594488,0.999993055659448,49.41367213661137,0.0,49.97501916440248,0.0,45.59505264118128,0.0,45.30218072744706,0.0,0.0,0.0,0.0,0.0,0.0,0.0
10.0,5.32986649332467,0.0037267893789499,0.003726789377032,0.999993055493546,0.999993055493545,49.413672124153,0.0,49.97501883493405,0.0,45.59505263727874,0.0,45.3021806581052,0.0,0.0,0.0,0.0,0.0,0.0,0.0
10.0,5.33011650582529,0.0037268338963838,0.0037268338944631,0.999993055327636,0.999993055327636,49.41367211169501,0.0,49.975018505450784,0.0,45.59505263337602,0.0,45.30218058876016,0.0,0.0,0.0,0.0,0.0,0.0,0.0
10.0,5.33036651832592,0.0037268784153255,0.003726878413402,0.999993055161719,0.999993055161718,49.4136720992374,0.0,49.97501817595268,0.0,45.59505262947312,0.0,45.30218051941192,0.0,0.0,0.0,0.0,0.0,0.0,0.0
10.0,5.33061653082654,0.0037269229357749,0.0037269229338486,0.999993054995794,0.999993054995793,49.41367208678019,0.0,49.97501784643973,0.0,45.595052625570034,0.0,45.30218045006048,0.0,0.0,0.0,0.0,0.0,0.0,0.0
10.0,5.33086654332717,0.0037269674577321,0.0037269674558029,0.999993054829861,0.99999305482986,49.41367207432336,0.0,49.97501751691195,0.0,45.59505262166677,0.0,45.30218038070585,0.0,0.0,0.0,0.0,0.0,0.0,0.0
10.0,5.331116555827789,0.0037270119811968,0.0037270119792647,0.999993054663921,0.99999305466392,49.41367206186692,0.0,49.97501718736931,0.0,45.59505261776332,0.0,45.302180311348025,0.0,0.0,0.0,0.0,0.0,0.0,0.0
10.0,5.33136656832842,0.003727056506169,0.0037270565042341,0.999993054497973,0.999993054497972,49.41367204941087,0.0,49.975016857811845,0.0,45.595052613859686,0.0,45.302180241987,0.0,0.0,0.0,0.0,0.0,0.0,0.0
10.0,5.33161658082904,0.0037271010326488,0.0037271010307109,0.999993054332017,0.999993054332017,49.41367203695521,0.0,49.975016528239536,0.0,45.59505260995586,0.0,45.30218017262278,0.0,0.0,0.0,0.0,0.0,0.0,0.0
10.0,5.33186659332967,0.0037271455606359,0.0037271455586951,0.999993054166054,0.999993054166054,49.41367202449995,0.0,49.97501619865238,0.0,45.595052606051865,0.0,45.30218010325538,0.0,0.0,0.0,0.0,0.0,0.0,0.0
10.0,5.33211660583029,0.0037271900901304,0.0037271900881866,0.999993054000084,0.999993054000083,49.4136720120451,0.0,49.9750158690504,0.0,45.59505260214768,0.0,45.30218003388477,0.0,0.0,0.0,0.0,0.0,0.0,0.0
10.0,5.33236661833092,0.0037272346211323,0.0037272346191855,0.999993053834105,0.999993053834105,49.41367199959065,0.0,49.97501553943357,0.0,45.59505259824333,0.0,45.30217996451098,0.0,0.0,0.0,0.0,0.0,0.0,0.0
10.0,5.33261663083154,0.0037272791536413,0.0037272791516915,0.999993053668119,0.999993053668119,49.41367198713659,0.0,49.975015209801896,0.0,45.59505259433878,0.0,45.30217989513398,0.0,0.0,0.0,0.0,0.0,0.0,0.0
10.0,5.33286664333217,0.0037273236876576,0.0037273236857048,0.999993053502126,0.9999930535021248,49.41367197468294,0.0,49.975014880155385,0.0,45.59505259043405,0.0,45.3021798257538,0.0,0.0,0.0,0.0,0.0,0.0,0.0
10.0,5.33311665583279,0.0037273682231809,0.0037273682212251,0.999993053336125,0.999993053336124,49.41367196222971,0.0,49.97501455049404,0.0,45.595052586529135,0.0,45.302179756370414,0.0,0.0,0.0,0.0,0.0,0.0,0.0
10.0,5.33336666833342,0.0037274127602114,0.0037274127582524,0.999993053170116,0.999993053170115,49.41367194977687,0.0,49.975014220817854,0.0,45.59505258262405,0.0,45.30217968698383,0.0,0.0,0.0,0.0,0.0,0.0,0.0
10.0,5.33361668083404,0.0037274572987488,0.0037274572967867,0.9999930530041,0.9999930530040992,49.41367193732445,0.0,49.97501389112682,0.0,45.59505257871877,0.0,45.302179617594064,0.0,0.0,0.0,0.0,0.0,0.0,0.0
10.0,5.33386669333467,0.0037275018387932,0.003727501836828,0.999993052838076,0.9999930528380752,49.413671924872446,0.0,49.97501356142095,0.0,45.5950525748133,0.0,45.302179548201096,0.0,0.0,0.0,0.0,0.0,0.0,0.0
10.0,5.33411670583529,0.0037275463803444,0.0037275463783761,0.999993052672044,0.999993052672044,49.41367191242086,0.0,49.975013231700245,0.0,45.59505257090765,0.0,45.30217947880494,0.0,0.0,0.0,0.0,0.0,0.0,0.0
10.0,5.33436671833592,0.0037275909234024,0.0037275909214309,0.9999930525060052,0.9999930525060052,49.41367189996969,0.0,49.975012901964696,0.0,45.59505256700183,0.0,45.30217940940558,0.0,0.0,0.0,0.0,0.0,0.0,0.0
10.0,5.33461673083654,0.0037276354679672,0.0037276354659926,0.999993052339959,0.999993052339958,49.41367188751895,0.0,49.975012572214304,0.0,45.59505256309582,0.0,45.30217934000304,0.0,0.0,0.0,0.0,0.0,0.0,0.0
10.0,5.33486674333717,0.0037276800140387,0.0037276800120609,0.999993052173904,0.999993052173904,49.41367187506863,0.0,49.97501224244908,0.0,45.595052559189625,0.0,45.30217927059729,0.0,0.0,0.0,0.0,0.0,0.0,0.0
10.0,5.33511675583779,0.0037277245616169,0.0037277245596358,0.999993052007842,0.999993052007842,49.413671862618735,0.0,49.97501191266902,0.0,45.59505255528325,0.0,45.30217920118835,0.0,0.0,0.0,0.0,0.0,0.0,0.0
10.0,5.33536676833842,0.0037277691107016,0.0037277691087172,0.999993051841773,0.999993051841772,49.41367185016927,0.0,49.97501158287412,0.0,45.595052551376696,0.0,45.30217913177622,0.0,0.0,0.0,0.0,0.0,0.0,0.0
10.0,5.33561678083904,0.0037278136612928,0.0037278136593052,0.999993051675696,0.999993051675695,49.41367183772022,0.0,49.97501125306437,0.0,45.59505254746996,0.0,45.30217906236089,0.0,0.0,0.0,0.0,0.0,0.0,0.0
10.0,5.335866793339671,0.0037278582133904,0.0037278582113995,0.9999930515096112,0.99999305150961,49.41367182527163,0.0,49.975010923239786,0.0,45.59505254356303,0.0,45.30217899294236,0.0,0.0,0.0,0.0,0.0,0.0,0.0
10.0,5.33611680584029,0.0037279027669945,0.0037279027650003,0.999993051343519,0.999993051343518,49.41367181282346,0.0,49.97501059340037,0.0,45.59505253965593,0.0,45.30217892352065,0.0,0.0,0.0,0.0,0.0,0.0,0.0
10.0,5.33636681834092,0.0037279473221049,0.0037279473201073,0.999993051177419,0.999993051177418,49.41367180037573,0.0,49.9750102635461,0.0,45.59505253574864,0.0,45.30217885409574,0.0,0.0,0.0,0.0,0.0,0.0,0.0
10.0,5.33661683084154,0.0037279918787215,0.0037279918767206,0.999993051011312,0.9999930510113112,49.41367178792844,0.0,49.975009933677015,0.0,45.59505253184117,0.0,45.30217878466763,0.0,0.0,0.0,0.0,0.0,0.0,0.0
10.0,5.33686684334217,0.0037280364368444,0.0037280364348401,0.999993050845196,0.999993050845196,49.41367177548159,0.0,49.97500960379308,0.0,45.59505252793352,0.0,45.30217871523634,0.0,0.0,0.0,0.0,0.0,0.0,0.0
10.0,5.33711685584279,0.0037280809964734,0.0037280809944657,0.999993050679074,0.999993050679073,49.41367176303519,0.0,49.97500927389431,0.0,45.59505252402568,0.0,45.302178645801845,0.0,0.0,0.0,0.0,0.0,0.0,0.0
10.0,5.33736686834342,0.0037281255576085,0.0037281255555974,0.999993050512943,0.999993050512942,49.41367175058923,0.0,49.97500894398069,0.0,45.59505252011766,0.0,45.30217857636416,0.0,0.0,0.0,0.0,0.0,0.0,0.0
10.0,5.33761688084404,0.0037281701202496,0.0037281701182351,0.999993050346805,0.999993050346805,49.41367173814372,0.0,49.97500861405224,0.0,45.59505251620946,0.0,45.30217850692328,0.0,0.0,0.0,0.0,0.0,0.0,0.0
10.0,5.33786689334467,0.0037282146843966,0.0037282146823787,0.99999305018066,0.999993050180659,49.41367172569867,0.0,49.97500828410895,0.0,45.59505251230108,0.0,45.3021784374792,0.0,0.0,0.0,0.0,0.0,0.0,0.0
10.0,5.33811690584529,0.0037282592500496,0.0037282592480282,0.999993050014507,0.999993050014506,49.41367171325407,0.0,49.97500795415082,0.0,45.595052508392506,0.0,45.302178368031925,0.0,0.0,0.0,0.0,0.0,0.0,0.0
10.0,5.33836691834592,0.0037283038172084,0.0037283038151835,0.999993049848346,0.999993049848345,49.41367170080992,0.0,49.975007624177856,0.0,45.59505250448376,0.0,45.30217829858145,0.0,0.0,0.0,0.0,0.0,0.0,0.0
10.0,5.33861693084654,0.003728348385873,0.0037283483838446,0.999993049682178,0.9999930496821772,49.41367168836624,0.0,49.97500729419006,0.0,45.59505250057483,0.0,45.3021782291278,0.0,0.0,0.0,0.0,0.0,0.0,0.0
10.0,5.33886694334717,0.0037283929560434,0.0037283929540114,0.999993049516002,0.999993049516001,49.41367167592301,0.0,49.975006964187415,0.0,45.59505249666572,0.0,45.30217815967095,0.0,0.0,0.0,0.0,0.0,0.0,0.0
10.0,5.33911695584779,0.0037284375277193,0.0037284375256838,0.999993049349818,0.999993049349817,49.41367166348025,0.0,49.97500663416994,0.0,45.595052492756416,0.0,45.302178090210894,0.0,0.0,0.0,0.0,0.0,0.0,0.0
10.0,5.33936696834842,0.0037284821009009,0.0037284820988618,0.999993049183627,0.999993049183626,49.41367165103795,0.0,49.97500630413762,0.0,45.59505248884695,0.0,45.30217802074765,0.0,0.0,0.0,0.0,0.0,0.0,0.0
10.0,5.33961698084904,0.003728526675588,0.0037285266735454,0.999993049017428,0.999993049017428,49.41367163859612,0.0,49.97500597409047,0.0,45.59505248493728,0.0,45.30217795128121,0.0,0.0,0.0,0.0,0.0,0.0,0.0
10.0,5.33986699334967,0.0037285712517806,0.0037285712497343,0.999993048851222,0.999993048851221,49.41367162615477,0.0,49.975005644028485,0.0,45.59505248102744,0.0,45.30217788181157,0.0,0.0,0.0,0.0,0.0,0.0,0.0
10.0,5.34011700585029,0.0037286158294786,0.0037286158274287,0.9999930486850082,0.999993048685007,49.41367161371389,0.0,49.975005313951655,0.0,45.59505247711741,0.0,45.30217781233875,0.0,0.0,0.0,0.0,0.0,0.0,0.0
10.0,5.34036701835092,0.003728660408682,0.0037286604066284,0.999993048518786,0.999993048518786,49.41367160127348,0.0,49.97500498385999,0.0,45.5950524732072,0.0,45.30217774286273,0.0,0.0,0.0,0.0,0.0,0.0,0.0
10.0,5.34061703085154,0.0037287049893907,0.0037287049873334,0.999993048352558,0.999993048352557,49.41367158883354,0.0,49.97500465375349,0.0,45.59505246929682,0.0,45.30217767338351,0.0,0.0,0.0,0.0,0.0,0.0,0.0
10.0,5.34086704335217,0.0037287495716046,0.0037287495695436,0.999993048186321,0.99999304818632,49.413671576394094,0.0,49.97500432363215,0.0,45.595052465386246,0.0,45.30217760390111,0.0,0.0,0.0,0.0,0.0,0.0,0.0
10.0,5.34111705585279,0.0037287941553236,0.003728794153259,0.999993048020076,0.999993048020076,49.413671563955134,0.0,49.97500399349597,0.0,45.59505246147548,0.0,45.3021775344155,0.0,0.0,0.0,0.0,0.0,0.0,0.0
10.0,5.341367068353421,0.0037288387405478,0.0037288387384795,0.999993047853824,0.999993047853824,49.41367155151665,0.0,49.97500366334496,0.0,45.59505245756454,0.0,45.3021774649267,0.0,0.0,0.0,0.0,0.0,0.0,0.0
10.0,5.34161708085404,0.003728883327277,0.0037288833252049,0.9999930476875653,0.999993047687564,49.413671539078656,0.0,49.97500333317911,0.0,45.59505245365342,0.0,45.302177395434704,0.0,0.0,0.0,0.0,0.0,0.0,0.0
10.0,5.34186709335467,0.0037289279155112,0.0037289279134354,0.999993047521298,0.999993047521297,49.41367152664115,0.0,49.97500300299843,0.0,45.59505244974213,0.0,45.30217732593953,0.0,0.0,0.0,0.0,0.0,0.0,0.0
10.0,5.34211710585529,0.0037289725052504,0.0037289725031708,0.999993047355023,0.999993047355022,49.41367151420414,0.0,49.97500267280291,0.0,45.59505244583064,0.0,45.30217725644115,0.0,0.0,0.0,0.0,0.0,0.0,0.0
10.0,5.34236711835592,0.0037290170964944,0.003729017094411,0.999993047188741,0.99999304718874,49.41367150176762,0.0,49.97500234259255,0.0,45.59505244191897,0.0,45.302177186939566,0.0,0.0,0.0,0.0,0.0,0.0,0.0
10.0,5.34261713085654,0.0037290616892432,0.003729061687156,0.999993047022451,0.9999930470224498,49.413671489331605,0.0,49.97500201236736,0.0,45.59505243800712,0.0,45.30217711743481,0.0,0.0,0.0,0.0,0.0,0.0,0.0
10.0,5.34286714335717,0.0037291062834968,0.0037291062814057,0.999993046856153,0.999993046856153,49.41367147689608,0.0,49.97500168212732,0.0,45.59505243409509,0.0,45.30217704792684,0.0,0.0,0.0,0.0,0.0,0.0,0.0
10.0,5.34311715585779,0.0037291508792551,0.0037291508771601,0.999993046689848,0.999993046689847,49.41367146446107,0.0,49.97500135187245,0.0,45.59505243018288,0.0,45.30217697841567,0.0,0.0,0.0,0.0,0.0,0.0,0.0
10.0,5.34336716835842,0.003729195476518,0.0037291954744192,0.999993046523535,0.999993046523535,49.41367145202656,0.0,49.97500102160276,0.0,45.59505242627048,0.0,45.30217690890132,0.0,0.0,0.0,0.0,0.0,0.0,0.0
10.0,5.343617180859041,0.0037292400752854,0.0037292400731827,0.999993046357215,0.999993046357214,49.41367143959254,0.0,49.975000691318215,0.0,45.59505242235791,0.0,45.302176839383776,0.0,0.0,0.0,0.0,0.0,0.0,0.0
10.0,5.34386719335967,0.0037292846755574,0.0037292846734508,0.9999930461908868,0.999993046190886,49.41367142715906,0.0,49.97500036101884,0.0,45.59505241844515,0.0,45.302176769863046,0.0,0.0,0.0,0.0,0.0,0.0,0.0
10.0,5.34411720586029,0.0037293292773338,0.0037293292752232,0.999993046024552,0.999993046024551,49.41367141472608,0.0,49.97500003070463,0.0,45.5950524145322,0.0,45.3021767003391,0.0,0.0,0.0,0.0,0.0,0.0,0.0
10.0,5.34436721836092,0.0037293738806146,0.0037293738785001,0.999993045858208,0.999993045858208,49.41367140229361,0.0,49.974999700375584,0.0,45.59505241061908,0.0,45.30217663081198,0.0,0.0,0.0,0.0,0.0,0.0,0.0
10.0,5.34461723086154,0.0037294184853997,0.0037294184832812,0.999993045691858,0.9999930456918568,49.413671389861655,0.0,49.9749993700317,0.0,45.59505240670577,0.0,45.302176561281655,0.0,0.0,0.0,0.0,0.0,0.0,0.0
10.0,5.34486724336217,0.0037294630916891,0.0037294630895666,0.999993045525499,0.999993045525499,49.41367137743023,0.0,49.97499903967299,0.0,45.59505240279228,0.0,45.30217649174814,0.0,0.0,0.0,0.0,0.0,0.0,0.0
10.0,5.34511725586279,0.0037295076994826,0.0037295076973562,0.9999930453591332,0.999993045359133,49.41367136499932,0.0,49.97499870929944,0.0,45.59505239887861,0.0,45.302176422211424,0.0,0.0,0.0,0.0,0.0,0.0,0.0
10.0,5.34536726836342,0.0037295523087803,0.0037295523066499,0.99999304519276,0.999993045192759,49.41367135256893,0.0,49.97499837891105,0.0,45.59505239496475,0.0,45.30217635267152,0.0,0.0,0.0,0.0,0.0,0.0,0.0
10.0,5.34561728086404,0.0037295969195821,0.0037295969174476,0.999993045026379,0.999993045026378,49.41367134013908,0.0,49.97499804850783,0.0,45.59505239105072,0.0,45.30217628312842,0.0,0.0,0.0,0.0,0.0,0.0,0.0
10.0,5.34586729336467,0.0037296415318879,0.0037296415297494,0.99999304485999,0.999993044859989,49.41367132770975,0.0,49.97499771808977,0.0,45.5950523871365,0.0,45.30217621358213,0.0,0.0,0.0,0.0,0.0,0.0,0.0
10.0,5.34611730586529,0.0037296861456977,0.0037296861435551,0.999993044693594,0.999993044693593,49.41367131528096,0.0,49.97499738765687,0.0,45.5950523832221,0.0,45.30217614403264,0.0,0.0,0.0,0.0,0.0,0.0,0.0
10.0,5.34636731836592,0.0037297307610114,0.0037297307588647,0.99999304452719,0.999993044527189,49.4136713028527,0.0,49.97499705720914,0.0,45.59505237930752,0.0,45.302176074479966,0.0,0.0,0.0,0.0,0.0,0.0,0.0
10.0,5.34661733086654,0.0037297753778288,0.0037297753756781,0.999993044360778,0.999993044360777,49.41367129042498,0.0,49.97499672674658,0.0,45.59505237539275,0.0,45.302176004924085,0.0,0.0,0.0,0.0,0.0,0.0,0.0
10.0,5.346867343367169,0.0037298199961501,0.0037298199939952,0.999993044194359,0.999993044194358,49.41367127799779,0.0,49.974996396269184,0.0,45.595052371477806,0.0,45.30217593536502,0.0,0.0,0.0,0.0,0.0,0.0,0.0
10.0,5.34711735586779,0.0037298646159751,0.0037298646138161,0.999993044027932,0.999993044027931,49.41367126557116,0.0,49.97499606577696,0.0,45.59505236756268,0.0,45.30217586580275,0.0,0.0,0.0,0.0,0.0,0.0,0.0
10.0,5.34736736836842,0.0037299092373037,0.0037299092351405,0.999993043861498,0.999993043861497,49.41367125314506,0.0,49.974995735269886,0.0,45.59505236364737,0.0,45.3021757962373,0.0,0.0,0.0,0.0,0.0,0.0,0.0
10.0,5.34761738086904,0.003729953860136,0.0037299538579686,0.999993043695056,0.999993043695055,49.41367124071952,0.0,49.97499540474799,0.0,45.59505235973187,0.0,45.30217572666864,0.0,0.0,0.0,0.0,0.0,0.0,0.0
10.0,5.34786739336967,0.0037299984844717,0.0037299984823002,0.999993043528606,0.999993043528606,49.41367122829452,0.0,49.97499507421125,0.0,45.5950523558162,0.0,45.3021756570968,0.0,0.0,0.0,0.0,0.0,0.0,0.0
10.0,5.34811740587029,0.003730043110311,0.0037300431081352,0.999993043362149,0.999993043362149,49.41367121587009,0.0,49.974994743659686,0.0,45.59505235190035,0.0,45.30217558752176,0.0,0.0,0.0,0.0,0.0,0.0,0.0
10.0,5.34836741837092,0.0037300877376536,0.0037300877354736,0.999993043195684,0.999993043195684,49.4136712034462,0.0,49.97499441309328,0.0,45.59505234798432,0.0,45.302175517943525,0.0,0.0,0.0,0.0,0.0,0.0,0.0
10.0,5.34861743087154,0.0037301323664996,0.0037301323643154,0.999993043029212,0.999993043029211,49.41367119102287,0.0,49.97499408251204,0.0,45.595052344068094,0.0,45.3021754483621,0.0,0.0,0.0,0.0,0.0,0.0,0.0
10.0,5.34886744337217,0.0037301769968489,0.0037301769946604,0.999993042862732,0.9999930428627322,49.4136711786001,0.0,49.97499375191596,0.0,45.595052340151696,0.0,45.30217537877748,0.0,0.0,0.0,0.0,0.0,0.0,0.0
10.0,5.349117455872791,0.0037302216287014,0.0037302216265087,0.999993042696244,0.999993042696244,49.41367116617791,0.0,49.97499342130506,0.0,45.59505233623511,0.0,45.30217530918966,0.0,0.0,0.0,0.0,0.0,0.0,0.0
10.0,5.34936746837342,0.0037302662620571,0.0037302662598601,0.99999304252975,0.999993042529749,49.413671153756255,0.0,49.97499309067932,0.0,45.595052332318346,0.0,45.30217523959865,0.0,0.0,0.0,0.0,0.0,0.0,0.0
10.0,5.34961748087404,0.0037303108969159,0.0037303108947146,0.999993042363247,0.9999930423632462,49.4136711413352,0.0,49.974992760038745,0.0,45.595052328401394,0.0,45.302175170004446,0.0,0.0,0.0,0.0,0.0,0.0,0.0
10.0,5.34986749337467,0.0037303555332777,0.0037303555310721,0.999993042196736,0.999993042196736,49.41367112891469,0.0,49.97499242938334,0.0,45.59505232448427,0.0,45.30217510040704,0.0,0.0,0.0,0.0,0.0,0.0,0.0
10.0,5.35011750587529,0.0037304001711425,0.0037304001689326,0.999993042030219,0.999993042030218,49.41367111649477,0.0,49.97499209871311,0.0,45.59505232056696,0.0,45.30217503080645,0.0,0.0,0.0,0.0,0.0,0.0,0.0
10.0,5.35036751837592,0.0037304448105103,0.0037304448082959,0.999993041863693,0.999993041863692,49.41367110407543,0.0,49.974991768028026,0.0,45.59505231664947,0.0,45.302174961202674,0.0,0.0,0.0,0.0,0.0,0.0,0.0
10.0,5.35061753087654,0.0037304894513809,0.0037304894491622,0.99999304169716,0.999993041697159,49.41367109165666,0.0,49.97499143732812,0.0,45.5950523127318,0.0,45.30217489159569,0.0,0.0,0.0,0.0,0.0,0.0,0.0
10.0,5.35086754337717,0.0037305340937543,0.0037305340915312,0.999993041530619,0.999993041530618,49.41367107923846,0.0,49.97499110661339,0.0,45.59505230881394,0.0,45.30217482198552,0.0,0.0,0.0,0.0,0.0,0.0,0.0
10.0,5.35111755587779,0.0037305787376304,0.003730578735403,0.999993041364071,0.99999304136407,49.41367106682087,0.0,49.97499077588381,0.0,45.5950523048959,0.0,45.30217475237215,0.0,0.0,0.0,0.0,0.0,0.0,0.0
10.0,5.35136756837842,0.0037306233830093,0.0037306233807774,0.9999930411975148,0.999993041197514,49.41367105440385,0.0,49.9749904451394,0.0,45.59505230097768,0.0,45.302174682755584,0.0,0.0,0.0,0.0,0.0,0.0,0.0
10.0,5.35161758087904,0.0037306680298907,0.0037306680276544,0.999993041030951,0.999993041030951,49.41367104198743,0.0,49.97499011438016,0.0,45.59505229705928,0.0,45.30217461313583,0.0,0.0,0.0,0.0,0.0,0.0,0.0
10.0,5.35186759337967,0.0037307126782747,0.003730712676034,0.99999304086438,0.999993040864379,49.4136710295716,0.0,49.97498978360609,0.0,45.595052293140704,0.0,45.30217454351288,0.0,0.0,0.0,0.0,0.0,0.0,0.0
10.0,5.35211760588029,0.0037307573281612,0.003730757325916,0.999993040697801,0.999993040697801,49.41367101715636,0.0,49.974989452817184,0.0,45.59505228922194,0.0,45.30217447388674,0.0,0.0,0.0,0.0,0.0,0.0,0.0
10.0,5.35236761838092,0.0037308019795502,0.0037308019773005,0.999993040531215,0.999993040531215,49.41367100474172,0.0,49.97498912201345,0.0,45.59505228530299,0.0,45.3021744042574,0.0,0.0,0.0,0.0,0.0,0.0,0.0
10.0,5.35261763088154,0.0037308466324415,0.0037308466301874,0.999993040364621,0.99999304036462,49.41367099232768,0.0,49.97498879119488,0.0,45.595052281383865,0.0,45.30217433462487,0.0,0.0,0.0,0.0,0.0,0.0,0.0
10.0,5.35286764338217,0.0037308912868352,0.0037308912845765,0.999993040198019,0.999993040198019,49.41367097991425,0.0,49.974988460361466,0.0,45.59505227746455,0.0,45.30217426498914,0.0,0.0,0.0,0.0,0.0,0.0,0.0
10.0,5.35311765588279,0.0037309359427311,0.0037309359404679,0.99999304003141,0.99999304003141,49.41367096750142,0.0,49.97498812951324,0.0,45.59505227354507,0.0,45.30217419535023,0.0,0.0,0.0,0.0,0.0,0.0,0.0
10.0,5.35336766838342,0.0037309806001292,0.0037309805978615,0.9999930398647942,0.9999930398647932,49.4136709550892,0.0,49.974987798650176,0.0,45.595052269625405,0.0,45.30217412570811,0.0,0.0,0.0,0.0,0.0,0.0,0.0
10.0,5.35361768088404,0.0037310252590294,0.0037310252567571,0.99999303969817,0.999993039698169,49.413670942677584,0.0,49.974987467772266,0.0,45.59505226570554,0.0,45.30217405606281,0.0,0.0,0.0,0.0,0.0,0.0,0.0
10.0,5.35386769338467,0.0037310699194317,0.0037310699171549,0.999993039531537,0.9999930395315372,49.4136709302666,0.0,49.97498713687954,0.0,45.59505226178551,0.0,45.30217398641431,0.0,0.0,0.0,0.0,0.0,0.0,0.0
10.0,5.35411770588529,0.003731114581336,0.0037311145790546,0.999993039364898,0.9999930393648968,49.413670917856216,0.0,49.97498680597198,0.0,45.59505225786529,0.0,45.30217391676261,0.0,0.0,0.0,0.0,0.0,0.0,0.0
10.0,5.35436771838592,0.0037311592447423,0.0037311592424563,0.999993039198251,0.99999303919825,49.41367090544647,0.0,49.974986475049576,0.0,45.5950522539449,0.0,45.30217384710773,0.0,0.0,0.0,0.0,0.0,0.0,0.0
10.0,5.354617730886539,0.0037312039096504,0.0037312039073599,0.999993039031596,0.999993039031595,49.413670893037335,0.0,49.97498614411235,0.0,45.59505225002432,0.0,45.302173777449646,0.0,0.0,0.0,0.0,0.0,0.0,0.0
10.0,5.35486774338717,0.0037312485760604,0.0037312485737652,0.999993038864934,0.999993038864933,49.41367088062882,0.0,49.97498581316029,0.0,45.59505224610356,0.0,45.30217370778837,0.0,0.0,0.0,0.0,0.0,0.0,0.0
10.0,5.35511775588779,0.0037312932439722,0.0037312932416724,0.999993038698264,0.9999930386982632,49.41367086822094,0.0,49.97498548219341,0.0,45.59505224218262,0.0,45.3021736381239,0.0,0.0,0.0,0.0,0.0,0.0,0.0
10.0,5.35536776838842,0.0037313379133857,0.0037313379110812,0.999993038531586,0.999993038531586,49.41367085581369,0.0,49.97498515121168,0.0,45.595052238261495,0.0,45.30217356845623,0.0,0.0,0.0,0.0,0.0,0.0,0.0
10.0,5.35561778088904,0.0037313825843008,0.0037313825819916,0.999993038364901,0.9999930383649,49.41367084340706,0.0,49.97498482021513,0.0,45.595052234340194,0.0,45.30217349878538,0.0,0.0,0.0,0.0,0.0,0.0,0.0
10.0,5.35586779338967,0.0037314272567175,0.0037314272544037,0.9999930381982088,0.999993038198208,49.41367083100109,0.0,49.97498448920373,0.0,45.59505223041871,0.0,45.30217342911133,0.0,0.0,0.0,0.0,0.0,0.0,0.0
10.0,5.3561178058903,0.0037314719306357,0.0037314719283172,0.999993038031508,0.999993038031507,49.41367081859575,0.0,49.97498415817752,0.0,45.595052226497046,0.0,45.302173359434086,0.0,0.0,0.0,0.0,0.0,0.0,0.0
10.0,5.35636781839092,0.0037315166060554,0.0037315166037322,0.9999930378648,0.9999930378648,49.41367080619104,0.0,49.97498382713646,0.0,45.59505222257519,0.0,45.30217328975365,0.0,0.0,0.0,0.0,0.0,0.0,0.0
10.0,5.35661783089154,0.0037315612829766,0.0037315612806486,0.999993037698084,0.999993037698084,49.41367079378699,0.0,49.97498349608059,0.0,45.595052218653166,0.0,45.30217322007001,0.0,0.0,0.0,0.0,0.0,0.0,0.0
10.0,5.35686784339217,0.003731605961399,0.0037316059590663,0.999993037531362,0.999993037531361,49.41367078138359,0.0,49.97498316500988,0.0,45.59505221473096,0.0,45.30217315038318,0.0,0.0,0.0,0.0,0.0,0.0,0.0
10.0,5.35711785589279,0.0037316506413228,0.0037316506389853,0.999993037364631,0.99999303736463,49.41367076898083,0.0,49.97498283392434,0.0,45.59505221080856,0.0,45.302173080693166,0.0,0.0,0.0,0.0,0.0,0.0,0.0
10.0,5.35736786839342,0.0037316953227477,0.0037316953204055,0.999993037197892,0.999993037197892,49.413670756578725,0.0,49.97498250282397,0.0,45.595052206886,0.0,45.30217301099996,0.0,0.0,0.0,0.0,0.0,0.0,0.0
10.0,5.35761788089405,0.0037317400056738,0.0037317400033269,0.999993037031147,0.999993037031146,49.41367074417728,0.0,49.97498217170876,0.0,45.59505220296324,0.0,45.302172941303546,0.0,0.0,0.0,0.0,0.0,0.0,0.0
10.0,5.35786789339467,0.0037317846901011,0.0037317846877493,0.9999930368643932,0.999993036864392,49.413670731776485,0.0,49.97498184057873,0.0,45.5950521990403,0.0,45.30217287160394,0.0,0.0,0.0,0.0,0.0,0.0,0.0
10.0,5.35811790589529,0.0037318293760293,0.0037318293736728,0.9999930366976318,0.999993036697631,49.41367071937636,0.0,49.97498150943387,0.0,45.595052195117184,0.0,45.30217280190116,0.0,0.0,0.0,0.0,0.0,0.0,0.0
10.0,5.35836791839592,0.0037318740634586,0.0037318740610972,0.999993036530863,0.999993036530862,49.413670706976895,0.0,49.97498117827418,0.0,45.59505219119389,0.0,45.30217273219516,0.0,0.0,0.0,0.0,0.0,0.0,0.0
10.0,5.35861793089655,0.0037319187523888,0.0037319187500225,0.999993036364087,0.999993036364086,49.4136706945781,0.0,49.97498084709965,0.0,45.59505218727041,0.0,45.30217266248599,0.0,0.0,0.0,0.0,0.0,0.0,0.0
10.0,5.35886794339717,0.0037319634428198,0.0037319634404487,0.999993036197303,0.999993036197302,49.41367068217998,0.0,49.97498051591029,0.0,45.59505218334676,0.0,45.30217259277361,0.0,0.0,0.0,0.0,0.0,0.0,0.0
10.0,5.3591179558978,0.0037320081347516,0.0037320081323757,0.999993036030512,0.9999930360305108,49.413670669782526,0.0,49.974980184706105,0.0,45.59505217942292,0.0,45.30217252305804,0.0,0.0,0.0,0.0,0.0,0.0,0.0
10.0,5.35936796839842,0.0037320528281842,0.0037320528258034,0.999993035863712,0.999993035863712,49.41367065738576,0.0,49.97497985348709,0.0,45.5950521754989,0.0,45.30217245333928,0.0,0.0,0.0,0.0,0.0,0.0,0.0
10.0,5.35961798089904,0.0037320975231174,0.0037320975207318,0.999993035696906,0.999993035696905,49.41367064498966,0.0,49.97497952225325,0.0,45.59505217157469,0.0,45.302172383617325,0.0,0.0,0.0,0.0,0.0,0.0,0.0
10.0,5.35986799339967,0.0037321422195513,0.0037321422171607,0.999993035530091,0.999993035530091,49.41367063259425,0.0,49.97497919100457,0.0,45.59505216765032,0.0,45.30217231389217,0.0,0.0,0.0,0.0,0.0,0.0,0.0
10.0,5.3601180059003,0.0037321869174857,0.0037321869150902,0.99999303536327,0.999993035363269,49.41367062019951,0.0,49.97497885974106,0.0,45.59505216372575,0.0,45.30217224416383,0.0,0.0,0.0,0.0,0.0,0.0,0.0
10.0,5.36036801840092,0.0037322316169206,0.0037322316145202,0.99999303519644,0.999993035196439,49.41367060780548,0.0,49.974978528462735,0.0,45.595052159801,0.0,45.30217217443229,0.0,0.0,0.0,0.0,0.0,0.0,0.0
10.0,5.36061803090154,0.0037322763178559,0.0037322763154506,0.999993035029603,0.999993035029602,49.41367059541212,0.0,49.97497819716956,0.0,45.59505215587608,0.0,45.30217210469756,0.0,0.0,0.0,0.0,0.0,0.0,0.0
10.0,5.36086804340217,0.0037323210202917,0.0037323210178814,0.999993034862758,0.999993034862757,49.41367058301947,0.0,49.974977865861575,0.0,45.59505215195097,0.0,45.30217203495964,0.0,0.0,0.0,0.0,0.0,0.0,0.0
10.0,5.36111805590279,0.0037323657242277,0.0037323657218125,0.999993034695906,0.999993034695905,49.4136705706275,0.0,49.97497753453875,0.0,45.59505214802569,0.0,45.30217196521853,0.0,0.0,0.0,0.0,0.0,0.0,0.0
10.0,5.36136806840342,0.003732410429664,0.0037324104272438,0.999993034529046,0.999993034529045,49.41367055823625,0.0,49.97497720320109,0.0,45.595052144100215,0.0,45.30217189547421,0.0,0.0,0.0,0.0,0.0,0.0,0.0
10.0,5.36161808090405,0.0037324551366004,0.0037324551341753,0.9999930343621792,0.999993034362178,49.41367054584569,0.0,49.97497687184861,0.0,45.595052140174566,0.0,45.3021718257267,0.0,0.0,0.0,0.0,0.0,0.0,0.0
10.0,5.36186809340467,0.003732499845037,0.0037324998426069,0.999993034195303,0.9999930341953032,49.41367053345584,0.0,49.9749765404813,0.0,45.59505213624874,0.0,45.302171755976005,0.0,0.0,0.0,0.0,0.0,0.0,0.0
10.0,5.3621181059053,0.0037325445549737,0.0037325445525386,0.999993034028421,0.99999303402842,49.41367052106669,0.0,49.97497620909916,0.0,45.595052132322735,0.0,45.30217168622211,0.0,0.0,0.0,0.0,0.0,0.0,0.0
10.0,5.36236811840592,0.0037325892664104,0.0037325892639702,0.9999930338615302,0.9999930338615302,49.41367050867826,0.0,49.97497587770219,0.0,45.59505212839654,0.0,45.30217161646503,0.0,0.0,0.0,0.0,0.0,0.0,0.0
10.0,5.362618130906549,0.003732633979347,0.0037326339769018,0.999993033694633,0.999993033694632,49.41367049629053,0.0,49.9749755462904,0.0,45.59505212447017,0.0,45.30217154670475,0.0,0.0,0.0,0.0,0.0,0.0,0.0
10.0,5.36286814340717,0.0037326786937836,0.0037326786913333,0.999993033527727,0.999993033527726,49.41367048390353,0.0,49.97497521486377,0.0,45.59505212054362,0.0,45.30217147694128,0.0,0.0,0.0,0.0,0.0,0.0,0.0
10.0,5.3631181559078,0.0037327234097199,0.0037327234072646,0.999993033360814,0.999993033360813,49.41367047151724,0.0,49.97497488342231,0.0,45.59505211661688,0.0,45.30217140717461,0.0,0.0,0.0,0.0,0.0,0.0,0.0
10.0,5.36336816840842,0.003732768127156,0.0037327681246956,0.999993033193893,0.999993033193893,49.413670459131694,0.0,49.97497455196602,0.0,45.59505211268997,0.0,45.30217133740476,0.0,0.0,0.0,0.0,0.0,0.0,0.0
10.0,5.36361818090904,0.0037328128460918,0.0037328128436264,0.999993033026965,0.999993033026964,49.413670446746856,0.0,49.974974220494914,0.0,45.59505210876288,0.0,45.3021712676317,0.0,0.0,0.0,0.0,0.0,0.0,0.0
10.0,5.36386819340967,0.0037328575665273,0.0037328575640567,0.999993032860029,0.999993032860028,49.41367043436275,0.0,49.97497388900897,0.0,45.59505210483561,0.0,45.30217119785545,0.0,0.0,0.0,0.0,0.0,0.0,0.0
10.0,5.3641182059103,0.0037329022884623,0.0037329022859867,0.999993032693086,0.999993032693085,49.41367042197938,0.0,49.97497355750821,0.0,45.59505210090815,0.0,45.30217112807602,0.0,0.0,0.0,0.0,0.0,0.0,0.0
10.0,5.36436821841092,0.0037329470118969,0.0037329470094162,0.999993032526134,0.999993032526134,49.41367040959674,0.0,49.9749732259926,0.0,45.59505209698052,0.0,45.30217105829338,0.0,0.0,0.0,0.0,0.0,0.0,0.0
10.0,5.36461823091155,0.0037329917368309,0.0037329917343451,0.999993032359176,0.9999930323591752,49.41367039721485,0.0,49.97497289446218,0.0,45.59505209305271,0.0,45.30217098850755,0.0,0.0,0.0,0.0,0.0,0.0,0.0
10.0,5.364868243412171,0.0037330364632644,0.0037330364607734,0.99999303219221,0.9999930321922093,49.41367038483369,0.0,49.974972562916925,0.0,45.59505208912471,0.0,45.30217091871854,0.0,0.0,0.0,0.0,0.0,0.0,0.0
10.0,5.3651182559128,0.0037330811911972,0.003733081188701,0.999993032025236,0.999993032025235,49.41367037245328,0.0,49.97497223135684,0.0,45.595052085196535,0.0,45.30217084892632,0.0,0.0,0.0,0.0,0.0,0.0,0.0
10.0,5.36536826841342,0.0037331259206292,0.0037331259181279,0.999993031858254,0.999993031858254,49.41367036007362,0.0,49.974971899781934,0.0,45.59505208126818,0.0,45.30217077913092,0.0,0.0,0.0,0.0,0.0,0.0,0.0
10.0,5.36561828091405,0.0037331706515605,0.003733170649054,0.9999930316912649,0.999993031691265,49.41367034769469,0.0,49.9749715681922,0.0,45.59505207733964,0.0,45.30217070933232,0.0,0.0,0.0,0.0,0.0,0.0,0.0
10.0,5.36586829341467,0.0037332153839909,0.0037332153814793,0.999993031524269,0.999993031524268,49.41367033531654,0.0,49.97497123658763,0.0,45.595052073410926,0.0,45.30217063953052,0.0,0.0,0.0,0.0,0.0,0.0,0.0
10.0,5.3661183059153,0.0037332601179205,0.0037332601154036,0.999993031357264,0.999993031357264,49.413670322939126,0.0,49.97497090496824,0.0,45.59505206948203,0.0,45.30217056972553,0.0,0.0,0.0,0.0,0.0,0.0,0.0
10.0,5.36636831841592,0.0037333048533491,0.003733304850827,0.999993031190253,0.999993031190252,49.41367031056249,0.0,49.97497057333401,0.0,45.59505206555295,0.0,45.30217049991735,0.0,0.0,0.0,0.0,0.0,0.0,0.0
10.0,5.36661833091655,0.0037333495902766,0.0037333495877493,0.9999930310232328,0.999993031023232,49.41367029818661,0.0,49.97497024168497,0.0,45.5950520616237,0.0,45.30217043010597,0.0,0.0,0.0,0.0,0.0,0.0,0.0
10.0,5.36686834341717,0.0037333943287031,0.0037333943261706,0.999993030856206,0.9999930308562048,49.413670285811484,0.0,49.97496991002109,0.0,45.59505205769426,0.0,45.30217036029141,0.0,0.0,0.0,0.0,0.0,0.0,0.0
10.0,5.3671183559178,0.0037334390686284,0.0037334390660906,0.999993030689171,0.9999930306891712,49.41367027343714,0.0,49.97496957834239,0.0,45.59505205376464,0.0,45.30217029047365,0.0,0.0,0.0,0.0,0.0,0.0,0.0
10.0,5.36736836841842,0.0037334838100525,0.0037334838075095,0.999993030522129,0.999993030522128,49.41367026106357,0.0,49.97496924664885,0.0,45.59505204983485,0.0,45.3021702206527,0.0,0.0,0.0,0.0,0.0,0.0,0.0
10.0,5.36761838091905,0.0037335285529754,0.0037335285504271,0.999993030355079,0.999993030355079,49.41367024869077,0.0,49.9749689149405,0.0,45.59505204590487,0.0,45.30217015082855,0.0,0.0,0.0,0.0,0.0,0.0,0.0
10.0,5.36786839341967,0.0037335732973969,0.0037335732948434,0.999993030188022,0.999993030188021,49.41367023631874,0.0,49.97496858321732,0.0,45.59505204197471,0.0,45.3021700810012,0.0,0.0,0.0,0.0,0.0,0.0,0.0
10.0,5.368118405920299,0.0037336180433171,0.0037336180407582,0.9999930300209569,0.999993030020956,49.41367022394751,0.0,49.9749682514793,0.0,45.59505203804437,0.0,45.302170011170666,0.0,0.0,0.0,0.0,0.0,0.0,0.0
10.0,5.36836841842092,0.0037336627907357,0.0037336627881716,0.999993029853884,0.999993029853883,49.413670211577056,0.0,49.97496791972647,0.0,45.595052034113856,0.0,45.30216994133694,0.0,0.0,0.0,0.0,0.0,0.0,0.0
10.0,5.36861843092155,0.0037337075396529,0.0037337075370835,0.999993029686804,0.999993029686803,49.41367019920738,0.0,49.97496758795881,0.0,45.59505203018316,0.0,45.30216987150003,0.0,0.0,0.0,0.0,0.0,0.0,0.0
10.0,5.36886844342217,0.0037337522900686,0.0037337522874938,0.999993029519716,0.999993029519715,49.41367018683852,0.0,49.97496725617631,0.0,45.59505202625228,0.0,45.30216980165991,0.0,0.0,0.0,0.0,0.0,0.0,0.0
10.0,5.3691184559228,0.0037337970419825,0.0037337970394025,0.9999930293526212,0.99999302935262,49.41367017447043,0.0,49.974966924379,0.0,45.59505202232123,0.0,45.302169731816605,0.0,0.0,0.0,0.0,0.0,0.0,0.0
10.0,5.36936846842342,0.0037338417953948,0.0037338417928095,0.999993029185518,0.9999930291855168,49.413670162103145,0.0,49.97496659256686,0.0,45.59505201838999,0.0,45.3021696619701,0.0,0.0,0.0,0.0,0.0,0.0,0.0
10.0,5.36961848092405,0.0037338865503054,0.0037338865477147,0.999993029018407,0.999993029018406,49.41367014973667,0.0,49.97496626073989,0.0,45.595052014458574,0.0,45.30216959212041,0.0,0.0,0.0,0.0,0.0,0.0,0.0
10.0,5.36986849342467,0.0037339313067141,0.0037339313041181,0.999993028851289,0.999993028851288,49.413670137370985,0.0,49.97496592889809,0.0,45.59505201052698,0.0,45.30216952226752,0.0,0.0,0.0,0.0,0.0,0.0,0.0
10.0,5.3701185059253,0.003733976064621,0.0037339760620196,0.999993028684163,0.999993028684162,49.41367012500611,0.0,49.97496559704147,0.0,45.5950520065952,0.0,45.30216945241144,0.0,0.0,0.0,0.0,0.0,0.0,0.0
10.0,5.370368518425919,0.0037340208240259,0.0037340208214191,0.9999930285170292,0.999993028517029,49.41367011264205,0.0,49.97496526517002,0.0,45.595052002663245,0.0,45.302169382552165,0.0,0.0,0.0,0.0,0.0,0.0,0.0
10.0,5.37061853092655,0.0037340655849289,0.0037340655823167,0.999993028349888,0.999993028349888,49.4136701002788,0.0,49.97496493328374,0.0,45.59505199873111,0.0,45.30216931268969,0.0,0.0,0.0,0.0,0.0,0.0,0.0
10.0,5.37086854342717,0.0037341103473297,0.0037341103447122,0.99999302818274,0.999993028182739,49.413670087916366,0.0,49.974964601382645,0.0,45.59505199479879,0.0,45.30216924282404,0.0,0.0,0.0,0.0,0.0,0.0,0.0
10.0,5.3711185559278,0.0037341551112285,0.0037341551086055,0.999993028015584,0.9999930280155828,49.41367007555475,0.0,49.97496426946672,0.0,45.595051990866295,0.0,45.30216917295519,0.0,0.0,0.0,0.0,0.0,0.0,0.0
10.0,5.37136856842842,0.0037341998766251,0.0037341998739967,0.99999302784842,0.9999930278484191,49.41367006319396,0.0,49.97496393753596,0.0,45.59505198693362,0.0,45.30216910308313,0.0,0.0,0.0,0.0,0.0,0.0,0.0
10.0,5.37161858092905,0.0037342446435195,0.0037342446408857,0.999993027681248,0.999993027681248,49.413670050834,0.0,49.97496360559039,0.0,45.59505198300077,0.0,45.3021690332079,0.0,0.0,0.0,0.0,0.0,0.0,0.0
10.0,5.37186859342967,0.0037342894119115,0.0037342894092723,0.999993027514069,0.999993027514069,49.41367003847487,0.0,49.97496327362999,0.0,45.59505197906773,0.0,45.30216896332946,0.0,0.0,0.0,0.0,0.0,0.0,0.0
10.0,5.3721186059303,0.0037343341818012,0.0037343341791566,0.999993027346883,0.999993027346882,49.41367002611656,0.0,49.97496294165475,0.0,45.59505197513453,0.0,45.30216889344784,0.0,0.0,0.0,0.0,0.0,0.0,0.0
10.0,5.37236861843092,0.0037343789531885,0.0037343789505384,0.9999930271796889,0.999993027179688,49.4136700137591,0.0,49.9749626096647,0.0,45.59505197120113,0.0,45.30216882356302,0.0,0.0,0.0,0.0,0.0,0.0,0.0
10.0,5.37261863093155,0.0037344237260733,0.0037344237234177,0.999993027012487,0.999993027012486,49.41367000140247,0.0,49.97496227765982,0.0,45.59505196726756,0.0,45.30216875367501,0.0,0.0,0.0,0.0,0.0,0.0,0.0
10.0,5.37286864343217,0.0037344685004556,0.0037344684977945,0.999993026845277,0.999993026845277,49.413669989046696,0.0,49.97496194564012,0.0,45.59505196333381,0.0,45.3021686837838,0.0,0.0,0.0,0.0,0.0,0.0,0.0
10.0,5.3731186559328,0.0037345132763352,0.0037345132736687,0.99999302667806,0.99999302667806,49.41366997669176,0.0,49.97496161360559,0.0,45.59505195939988,0.0,45.3021686138894,0.0,0.0,0.0,0.0,0.0,0.0,0.0
10.0,5.37336866843342,0.0037345580537123,0.0037345580510402,0.999993026510836,0.999993026510835,49.41366996433767,0.0,49.97496128155623,0.0,45.59505195546576,0.0,45.302168543991804,0.0,0.0,0.0,0.0,0.0,0.0,0.0
10.0,5.37361868093405,0.0037346028325865,0.003734602829909,0.999993026343604,0.999993026343603,49.41366995198443,0.0,49.97496094949206,0.0,45.59505195153148,0.0,45.30216847409103,0.0,0.0,0.0,0.0,0.0,0.0,0.0
10.0,5.37386869343467,0.003734647612958,0.003734647610275,0.999993026176364,0.9999930261763632,49.41366993963206,0.0,49.97496061741306,0.0,45.59505194759701,0.0,45.30216840418704,0.0,0.0,0.0,0.0,0.0,0.0,0.0
10.0,5.3741187059353,0.0037346923948267,0.0037346923921382,0.999993026009117,0.999993026009116,49.41366992728054,0.0,49.97496028531923,0.0,45.59505194366236,0.0,45.30216833427987,0.0,0.0,0.0,0.0,0.0,0.0,0.0
10.0,5.37436871843592,0.0037347371781925,0.0037347371754984,0.999993025841862,0.999993025841861,49.41366991492988,0.0,49.97495995321057,0.0,45.59505193972754,0.0,45.30216826436951,0.0,0.0,0.0,0.0,0.0,0.0,0.0
10.0,5.37461873093655,0.0037347819630552,0.0037347819603557,0.9999930256745992,0.999993025674598,49.4136699025801,0.0,49.974959621087095,0.0,45.59505193579253,0.0,45.30216819445595,0.0,0.0,0.0,0.0,0.0,0.0,0.0
10.0,5.37486874343717,0.003734826749415,0.0037348267467099,0.999993025507329,0.999993025507328,49.41366989023117,0.0,49.97495928894879,0.0,45.59505193185734,0.0,45.30216812453919,0.0,0.0,0.0,0.0,0.0,0.0,0.0
10.0,5.3751187559378,0.0037348715372717,0.003734871534561,0.999993025340051,0.99999302534005,49.41366987788312,0.0,49.97495895679567,0.0,45.59505192792198,0.0,45.30216805461926,0.0,0.0,0.0,0.0,0.0,0.0,0.0
10.0,5.37536876843842,0.0037349163266252,0.003734916323909,0.999993025172766,0.999993025172765,49.41366986553595,0.0,49.97495862462772,0.0,45.595051923986446,0.0,45.30216798469612,0.0,0.0,0.0,0.0,0.0,0.0,0.0
10.0,5.37561878093905,0.0037349611174755,0.0037349611147537,0.999993025005473,0.999993025005472,49.41366985318966,0.0,49.97495829244495,0.0,45.59505192005072,0.0,45.30216791476979,0.0,0.0,0.0,0.0,0.0,0.0,0.0
10.0,5.375868793439669,0.0037350059098226,0.0037350059070952,0.999993024838172,0.999993024838172,49.41366984084425,0.0,49.97495796024735,0.0,45.59505191611482,0.0,45.30216784484027,0.0,0.0,0.0,0.0,0.0,0.0,0.0
10.0,5.3761188059403,0.0037350507036663,0.0037350507009334,0.999993024670864,0.9999930246708628,49.41366982849972,0.0,49.97495762803492,0.0,45.59505191217875,0.0,45.302167774907545,0.0,0.0,0.0,0.0,0.0,0.0,0.0
10.0,5.37636881844092,0.0037350954990067,0.0037350954962681,0.999993024503548,0.999993024503547,49.413669816156094,0.0,49.97495729580768,0.0,45.59505190824248,0.0,45.30216770497164,0.0,0.0,0.0,0.0,0.0,0.0,0.0
10.0,5.37661883094155,0.0037351402958436,0.0037351402930994,0.9999930243362252,0.999993024336224,49.41366980381336,0.0,49.97495696356561,0.0,45.59505190430605,0.0,45.30216763503254,0.0,0.0,0.0,0.0,0.0,0.0,0.0
10.0,5.37686884344217,0.0037351850941769,0.0037351850914272,0.999993024168894,0.999993024168893,49.41366979147151,0.0,49.97495663130872,0.0,45.59505190036944,0.0,45.30216756509024,0.0,0.0,0.0,0.0,0.0,0.0,0.0
10.0,5.3771188559428,0.0037352298940068,0.0037352298912514,0.999993024001555,0.999993024001555,49.41366977913057,0.0,49.974956299037,0.0,45.59505189643264,0.0,45.30216749514476,0.0,0.0,0.0,0.0,0.0,0.0,0.0
10.0,5.37736886844342,0.0037352746953329,0.003735274692572,0.999993023834209,0.999993023834209,49.41366976679053,0.0,49.974955966750464,0.0,45.59505189249567,0.0,45.30216742519608,0.0,0.0,0.0,0.0,0.0,0.0,0.0
10.0,5.37761888094405,0.0037353194981554,0.0037353194953888,0.999993023666856,0.999993023666855,49.41366975445138,0.0,49.974955634449095,0.0,45.59505188855852,0.0,45.302167355244194,0.0,0.0,0.0,0.0,0.0,0.0,0.0
10.0,5.37786889344467,0.0037353643024742,0.0037353642997019,0.999993023499494,0.999993023499494,49.41366974211317,0.0,49.974955302132905,0.0,45.59505188462119,0.0,45.30216728528912,0.0,0.0,0.0,0.0,0.0,0.0,0.0
10.0,5.3781189059453,0.0037354091082891,0.0037354091055112,0.999993023332125,0.999993023332125,49.413669729775854,0.0,49.97495496980189,0.0,45.59505188068368,0.0,45.30216721533086,0.0,0.0,0.0,0.0,0.0,0.0,0.0
10.0,5.37836891844592,0.0037354539156001,0.0037354539128166,0.9999930231647488,0.999993023164748,49.41366971743946,0.0,49.97495463745606,0.0,45.595051876746,0.0,45.302167145369424,0.0,0.0,0.0,0.0,0.0,0.0,0.0
10.0,5.37861893094655,0.0037354987244073,0.003735498721618,0.9999930229973648,0.999993022997364,49.41366970510399,0.0,49.97495430509541,0.0,45.59505187280813,0.0,45.30216707540477,0.0,0.0,0.0,0.0,0.0,0.0,0.0
10.0,5.37886894344717,0.0037355435347104,0.0037355435319155,0.999993022829973,0.999993022829972,49.413669692769446,0.0,49.97495397271992,0.0,45.59505186887009,0.0,45.30216700543693,0.0,0.0,0.0,0.0,0.0,0.0,0.0
10.0,5.3791189559478,0.0037355883465094,0.0037355883437088,0.999993022662574,0.999993022662573,49.413669680435824,0.0,49.97495364032962,0.0,45.59505186493186,0.0,45.30216693546589,0.0,0.0,0.0,0.0,0.0,0.0,0.0
10.0,5.37936896844842,0.0037356331598044,0.0037356331569981,0.999993022495167,0.999993022495166,49.41366966810314,0.0,49.9749533079245,0.0,45.595051860993465,0.0,45.30216686549167,0.0,0.0,0.0,0.0,0.0,0.0,0.0
10.0,5.37961898094905,0.0037356779745952,0.0037356779717832,0.999993022327752,0.999993022327752,49.413669655771386,0.0,49.97495297550456,0.0,45.59505185705488,0.0,45.302166795514246,0.0,0.0,0.0,0.0,0.0,0.0,0.0
10.0,5.37986899344967,0.0037357227908817,0.003735722788064,0.99999302216033,0.999993022160329,49.41366964344057,0.0,49.97495264306978,0.0,45.59505185311614,0.0,45.302166725533645,0.0,0.0,0.0,0.0,0.0,0.0,0.0
10.0,5.3801190059503,0.0037357676086639,0.0037357676058405,0.999993021992901,0.9999930219929,49.41366963111069,0.0,49.97495231062019,0.0,45.5950518491772,0.0,45.30216665554983,0.0,0.0,0.0,0.0,0.0,0.0,0.0
10.0,5.38036901845092,0.0037358124279418,0.0037358124251127,0.999993021825463,0.999993021825462,49.41366961878177,0.0,49.97495197815577,0.0,45.59505184523809,0.0,45.30216658556285,0.0,0.0,0.0,0.0,0.0,0.0,0.0
10.0,5.380619030951551,0.0037358572487152,0.0037358572458804,0.9999930216580178,0.9999930216580178,49.413669606453794,0.0,49.97495164567653,0.0,45.5950518412988,0.0,45.30216651557265,0.0,0.0,0.0,0.0,0.0,0.0,0.0
10.0,5.38086904345217,0.0037359020709842,0.0037359020681436,0.999993021490566,0.999993021490565,49.413669594126766,0.0,49.97495131318247,0.0,45.59505183735933,0.0,45.30216644557926,0.0,0.0,0.0,0.0,0.0,0.0,0.0
10.0,5.3811190559528,0.0037359468947487,0.0037359468919023,0.999993021323106,0.9999930213231047,49.41366958180069,0.0,49.9749509806736,0.0,45.59505183341969,0.0,45.3021663755827,0.0,0.0,0.0,0.0,0.0,0.0,0.0
10.0,5.38136906845342,0.0037359917200085,0.0037359917171564,0.999993021155638,0.999993021155637,49.41366956947559,0.0,49.974950648149886,0.0,45.59505182947986,0.0,45.30216630558293,0.0,0.0,0.0,0.0,0.0,0.0,0.0
10.0,5.38161908095405,0.0037360365467636,0.0037360365439058,0.9999930209881628,0.999993020988162,49.41366955715144,0.0,49.97495031561136,0.0,45.59505182553986,0.0,45.30216623557997,0.0,0.0,0.0,0.0,0.0,0.0,0.0
10.0,5.38186909345467,0.0037360813750141,0.0037360813721505,0.99999302082068,0.999993020820679,49.41366954482825,0.0,49.97494998305802,0.0,45.59505182159968,0.0,45.3021661655738,0.0,0.0,0.0,0.0,0.0,0.0,0.0
10.0,5.3821191059553,0.0037361262047598,0.0037361262018904,0.999993020653189,0.999993020653189,49.41366953250605,0.0,49.974949650489854,0.0,45.595051817659325,0.0,45.30216609556446,0.0,0.0,0.0,0.0,0.0,0.0,0.0
10.0,5.38236911845592,0.0037361710360006,0.0037361710331254,0.999993020485691,0.999993020485691,49.41366952018481,0.0,49.974949317906855,0.0,45.59505181371879,0.0,45.30216602555193,0.0,0.0,0.0,0.0,0.0,0.0,0.0
10.0,5.38261913095655,0.0037362158687365,0.0037362158658556,0.999993020318186,0.999993020318185,49.41366950786456,0.0,49.97494898530905,0.0,45.59505180977808,0.0,45.30216595553619,0.0,0.0,0.0,0.0,0.0,0.0,0.0
10.0,5.38286914345717,0.0037362607029674,0.0037362607000807,0.999993020150672,0.999993020150672,49.41366949554528,0.0,49.97494865269641,0.0,45.59505180583719,0.0,45.30216588551726,0.0,0.0,0.0,0.0,0.0,0.0,0.0
10.0,5.3831191559578,0.0037363055386934,0.0037363055358009,0.999993019983152,0.999993019983151,49.41366948322698,0.0,49.97494832006896,0.0,45.59505180189612,0.0,45.30216581549515,0.0,0.0,0.0,0.0,0.0,0.0,0.0
10.0,5.38336916845842,0.0037363503759142,0.0037363503730159,0.999993019815623,0.999993019815622,49.41366947090969,0.0,49.97494798742669,0.0,45.59505179795488,0.0,45.30216574546984,0.0,0.0,0.0,0.0,0.0,0.0,0.0
10.0,5.38361918095905,0.0037363952146299,0.0037363952117258,0.999993019648087,0.999993019648086,49.413669458593375,0.0,49.97494765476959,0.0,45.59505179401345,0.0,45.30216567544133,0.0,0.0,0.0,0.0,0.0,0.0,0.0
10.0,5.38386919345967,0.0037364400548404,0.0037364400519304,0.999993019480544,0.9999930194805428,49.413669446278064,0.0,49.97494732209768,0.0,45.59505179007186,0.0,45.30216560540963,0.0,0.0,0.0,0.0,0.0,0.0,0.0
10.0,5.3841192059603,0.0037364848965456,0.0037364848936298,0.999993019312992,0.999993019312992,49.41366943396376,0.0,49.97494698941093,0.0,45.59505178613008,0.0,45.30216553537475,0.0,0.0,0.0,0.0,0.0,0.0,0.0
10.0,5.38436921846092,0.0037365297397454,0.0037365297368239,0.999993019145433,0.999993019145433,49.41366942165044,0.0,49.97494665670936,0.0,45.59505178218812,0.0,45.30216546533666,0.0,0.0,0.0,0.0,0.0,0.0,0.0
10.0,5.38461923096155,0.0037365745844399,0.0037365745815125,0.999993018977867,0.999993018977866,49.41366940933814,0.0,49.97494632399299,0.0,45.59505177824599,0.0,45.30216539529538,0.0,0.0,0.0,0.0,0.0,0.0,0.0
10.0,5.38486924346217,0.003736619430629,0.0037366194276957,0.9999930188102932,0.999993018810292,49.41366939702685,0.0,49.97494599126178,0.0,45.59505177430368,0.0,45.302165325250925,0.0,0.0,0.0,0.0,0.0,0.0,0.0
10.0,5.3851192559628,0.0037366642783125,0.0037366642753734,0.999993018642711,0.999993018642711,49.41366938471657,0.0,49.974945658515765,0.0,45.5950517703612,0.0,45.30216525520326,0.0,0.0,0.0,0.0,0.0,0.0,0.0
10.0,5.38536926846342,0.0037367091274905,0.0037367091245455,0.999993018475122,0.9999930184751208,49.41366937240731,0.0,49.97494532575492,0.0,45.59505176641853,0.0,45.3021651851524,0.0,0.0,0.0,0.0,0.0,0.0,0.0
10.0,5.38561928096405,0.0037367539781628,0.003736753975212,0.999993018307525,0.9999930183075252,49.41366936009907,0.0,49.97494499297926,0.0,45.59505176247569,0.0,45.30216511509836,0.0,0.0,0.0,0.0,0.0,0.0,0.0
10.0,5.38586929346467,0.0037367988303294,0.0037367988273727,0.999993018139921,0.99999301813992,49.41366934779187,0.0,49.974944660188775,0.0,45.59505175853268,0.0,45.30216504504112,0.0,0.0,0.0,0.0,0.0,0.0,0.0
10.0,5.386119305965301,0.0037368436839903,0.0037368436810278,0.9999930179723092,0.999993017972308,49.413669335485686,0.0,49.97494432738346,0.0,45.59505175458949,0.0,45.30216497498069,0.0,0.0,0.0,0.0,0.0,0.0,0.0
10.0,5.38636931846592,0.0037368885391454,0.0037368885361769,0.999993017804689,0.999993017804689,49.41366932318053,0.0,49.97494399456334,0.0,45.59505175064611,0.0,45.30216490491707,0.0,0.0,0.0,0.0,0.0,0.0,0.0
10.0,5.38661933096655,0.0037369333957946,0.0037369333928202,0.999993017637062,0.999993017637061,49.41366931087642,0.0,49.9749436617284,0.0,45.595051746702566,0.0,45.30216483485025,0.0,0.0,0.0,0.0,0.0,0.0,0.0
10.0,5.38686934346717,0.0037369782539378,0.0037369782509576,0.999993017469427,0.999993017469427,49.41366929857335,0.0,49.97494332887863,0.0,45.595051742758834,0.0,45.30216476478024,0.0,0.0,0.0,0.0,0.0,0.0,0.0
10.0,5.3871193559678,0.0037370231135751,0.003737023110589,0.999993017301785,0.999993017301784,49.41366928627133,0.0,49.97494299601405,0.0,45.59505173881494,0.0,45.30216469470704,0.0,0.0,0.0,0.0,0.0,0.0,0.0
10.0,5.38736936846842,0.0037370679747063,0.0037370679717143,0.999993017134135,0.999993017134134,49.41366927397035,0.0,49.97494266313464,0.0,45.595051734870864,0.0,45.30216462463064,0.0,0.0,0.0,0.0,0.0,0.0,0.0
10.0,5.38761938096905,0.0037371128373314,0.0037371128343334,0.999993016966477,0.999993016966477,49.41366926167043,0.0,49.97494233024042,0.0,45.59505173092661,0.0,45.30216455455106,0.0,0.0,0.0,0.0,0.0,0.0,0.0
10.0,5.38786939346967,0.0037371577014503,0.0037371576984464,0.999993016798812,0.999993016798812,49.41366924937156,0.0,49.97494199733137,0.0,45.59505172698217,0.0,45.302164484468285,0.0,0.0,0.0,0.0,0.0,0.0,0.0
10.0,5.3881194059703,0.0037372025670629,0.0037372025640532,0.999993016631139,0.999993016631139,49.41366923707375,0.0,49.97494166440751,0.0,45.59505172303757,0.0,45.302164414382304,0.0,0.0,0.0,0.0,0.0,0.0,0.0
10.0,5.388369418470921,0.0037372474341693,0.0037372474311536,0.999993016463459,0.999993016463458,49.41366922477701,0.0,49.974941331468834,0.0,45.59505171909278,0.0,45.30216434429314,0.0,0.0,0.0,0.0,0.0,0.0,0.0
10.0,5.38861943097155,0.0037372923027693,0.0037372922997477,0.999993016295771,0.99999301629577,49.41366921248133,0.0,49.97494099851533,0.0,45.59505171514783,0.0,45.30216427420078,0.0,0.0,0.0,0.0,0.0,0.0,0.0
10.0,5.38886944347217,0.0037373371728629,0.0037373371698354,0.999993016128076,0.999993016128075,49.41366920018673,0.0,49.97494066554701,0.0,45.59505171120269,0.0,45.302164204105225,0.0,0.0,0.0,0.0,0.0,0.0,0.0
10.0,5.3891194559728,0.00373738204445,0.0037373820414165,0.9999930159603722,0.999993015960372,49.413669187893206,0.0,49.97494033256387,0.0,45.59505170725738,0.0,45.30216413400649,0.0,0.0,0.0,0.0,0.0,0.0,0.0
10.0,5.38936946847342,0.0037374269175306,0.0037374269144911,0.999993015792662,0.999993015792661,49.41366917560075,0.0,49.97493999956591,0.0,45.595051703311896,0.0,45.30216406390455,0.0,0.0,0.0,0.0,0.0,0.0,0.0
10.0,5.38961948097405,0.0037374717921046,0.0037374717890592,0.999993015624943,0.999993015624943,49.413669163309386,0.0,49.97493966655313,0.0,45.59505169936623,0.0,45.30216399379942,0.0,0.0,0.0,0.0,0.0,0.0,0.0
10.0,5.38986949347467,0.0037375166681719,0.0037375166651205,0.999993015457218,0.9999930154572167,49.41366915101912,0.0,49.97493933352553,0.0,45.59505169542039,0.0,45.30216392369111,0.0,0.0,0.0,0.0,0.0,0.0,0.0
10.0,5.3901195059753,0.0037375615457325,0.0037375615426751,0.999993015289484,0.999993015289483,49.41366913872993,0.0,49.97493900048312,0.0,45.59505169147437,0.0,45.30216385357959,0.0,0.0,0.0,0.0,0.0,0.0,0.0
10.0,5.39036951847592,0.0037376064247862,0.0037376064217229,0.999993015121743,0.999993015121742,49.41366912644183,0.0,49.97493866742588,0.0,45.595051687528176,0.0,45.30216378346488,0.0,0.0,0.0,0.0,0.0,0.0,0.0
10.0,5.39061953097655,0.0037376513053332,0.0037376513022639,0.999993014953994,0.9999930149539928,49.41366911415484,0.0,49.97493833435382,0.0,45.595051683581815,0.0,45.302163713346985,0.0,0.0,0.0,0.0,0.0,0.0,0.0
10.0,5.39086954347717,0.0037376961873732,0.003737696184298,0.999993014786238,0.999993014786237,49.41366910186896,0.0,49.97493800126696,0.0,45.59505167963527,0.0,45.302163643225896,0.0,0.0,0.0,0.0,0.0,0.0,0.0
10.0,5.3911195559778,0.0037377410709063,0.0037377410678251,0.999993014618474,0.999993014618473,49.413669089584175,0.0,49.97493766816526,0.0,45.59505167568855,0.0,45.30216357310161,0.0,0.0,0.0,0.0,0.0,0.0,0.0
10.0,5.39136956847842,0.0037377859559324,0.0037377859528452,0.999993014450702,0.999993014450702,49.4136690773005,0.0,49.97493733504875,0.0,45.59505167174166,0.0,45.30216350297414,0.0,0.0,0.0,0.0,0.0,0.0,0.0
10.0,5.391619580979049,0.0037378308424514,0.0037378308393581,0.999993014282923,0.999993014282923,49.41366906501795,0.0,49.97493700191743,0.0,45.595051667794586,0.0,45.30216343284346,0.0,0.0,0.0,0.0,0.0,0.0,0.0
10.0,5.39186959347967,0.0037378757304632,0.0037378757273639,0.999993014115137,0.999993014115136,49.41366905273651,0.0,49.97493666877128,0.0,45.59505166384735,0.0,45.3021633627096,0.0,0.0,0.0,0.0,0.0,0.0,0.0
10.0,5.3921196059803,0.0037379206199678,0.0037379206168626,0.999993013947342,0.999993013947342,49.41366904045619,0.0,49.97493633561032,0.0,45.59505165989992,0.0,45.30216329257255,0.0,0.0,0.0,0.0,0.0,0.0,0.0
10.0,5.39236961848092,0.0037379655109651,0.0037379655078539,0.99999301377954,0.99999301377954,49.41366902817701,0.0,49.97493600243454,0.0,45.59505165595233,0.0,45.30216322243231,0.0,0.0,0.0,0.0,0.0,0.0,0.0
10.0,5.39261963098155,0.0037380104034551,0.0037380104003379,0.999993013611731,0.99999301361173,49.41366901589896,0.0,49.97493566924393,0.0,45.59505165200456,0.0,45.30216315228886,0.0,0.0,0.0,0.0,0.0,0.0,0.0
10.0,5.39286964348217,0.0037380552974378,0.0037380552943145,0.999993013443914,0.999993013443913,49.41366900362203,0.0,49.97493533603853,0.0,45.59505164805661,0.0,45.30216308214224,0.0,0.0,0.0,0.0,0.0,0.0,0.0
10.0,5.3931196559828,0.0037381001929129,0.0037381001897836,0.9999930132760892,0.999993013276088,49.413668991346256,0.0,49.974935002818285,0.0,45.595051644108494,0.0,45.30216301199241,0.0,0.0,0.0,0.0,0.0,0.0,0.0
10.0,5.39336966848342,0.0037381450898806,0.0037381450867453,0.999993013108257,0.999993013108256,49.41366897907161,0.0,49.974934669583234,0.0,45.5950516401602,0.0,45.302162941839406,0.0,0.0,0.0,0.0,0.0,0.0,0.0
10.0,5.39361968098405,0.0037381899883407,0.0037381899851993,0.999993012940417,0.999993012940416,49.41366896679812,0.0,49.97493433633336,0.0,45.59505163621173,0.0,45.30216287168319,0.0,0.0,0.0,0.0,0.0,0.0,0.0
10.0,5.393869693484669,0.0037382348882932,0.0037382348851458,0.999993012772569,0.999993012772569,49.41366895452578,0.0,49.97493400306868,0.0,45.595051632263086,0.0,45.302162801523785,0.0,0.0,0.0,0.0,0.0,0.0,0.0
10.0,5.3941197059853,0.0037382797897379,0.0037382797865845,0.999993012604715,0.999993012604714,49.4136689422546,0.0,49.97493366978917,0.0,45.595051628314266,0.0,45.30216273136119,0.0,0.0,0.0,0.0,0.0,0.0,0.0
10.0,5.39436971848592,0.0037383246926749,0.0037383246895155,0.999993012436852,0.999993012436851,49.41366892998458,0.0,49.97493333649486,0.0,45.59505162436528,0.0,45.3021626611954,0.0,0.0,0.0,0.0,0.0,0.0,0.0
10.0,5.39461973098655,0.0037383695971041,0.0037383695939386,0.999993012268982,0.999993012268981,49.41366891771572,0.0,49.97493300318571,0.0,45.59505162041611,0.0,45.30216259102643,0.0,0.0,0.0,0.0,0.0,0.0,0.0
10.0,5.39486974348717,0.0037384145030255,0.0037384144998539,0.999993012101104,0.999993012101103,49.41366890544803,0.0,49.97493266986176,0.0,45.59505161646676,0.0,45.30216252085425,0.0,0.0,0.0,0.0,0.0,0.0,0.0
10.0,5.3951197559878,0.0037384594104389,0.0037384594072612,0.999993011933218,0.999993011933218,49.41366889318151,0.0,49.97493233652299,0.0,45.595051612517246,0.0,45.3021624506789,0.0,0.0,0.0,0.0,0.0,0.0,0.0
10.0,5.39536976848842,0.0037385043193443,0.0037385043161605,0.999993011765325,0.999993011765325,49.41366888091616,0.0,49.9749320031694,0.0,45.59505160856755,0.0,45.30216238050034,0.0,0.0,0.0,0.0,0.0,0.0,0.0
10.0,5.39561978098905,0.0037385492297416,0.0037385492265518,0.9999930115974252,0.999993011597424,49.413668868652,0.0,49.97493166980099,0.0,45.59505160461769,0.0,45.30216231031859,0.0,0.0,0.0,0.0,0.0,0.0,0.0
10.0,5.39586979348967,0.0037385941416308,0.003738594138435,0.999993011429517,0.999993011429516,49.41366885638902,0.0,49.97493133641776,0.0,45.595051600667645,0.0,45.30216224013366,0.0,0.0,0.0,0.0,0.0,0.0,0.0
10.0,5.3961198059903,0.0037386390550119,0.0037386390518099,0.999993011261601,0.9999930112616,49.41366884412723,0.0,49.97493100301973,0.0,45.59505159671743,0.0,45.30216216994552,0.0,0.0,0.0,0.0,0.0,0.0,0.0
10.0,5.39636981849092,0.0037386839698847,0.0037386839666766,0.999993011093678,0.9999930110936772,49.41366883186663,0.0,49.97493066960686,0.0,45.59505159276704,0.0,45.3021620997542,0.0,0.0,0.0,0.0,0.0,0.0,0.0
10.0,5.39661983099155,0.0037387288862492,0.0037387288830351,0.999993010925746,0.999993010925746,49.41366881960723,0.0,49.9749303361792,0.0,45.59505158881648,0.0,45.30216202955968,0.0,0.0,0.0,0.0,0.0,0.0,0.0
10.0,5.39686984349217,0.0037387738041053,0.0037387738008851,0.999993010757808,0.999993010757807,49.41366880734903,0.0,49.97493000273671,0.0,45.59505158486575,0.0,45.30216195936197,0.0,0.0,0.0,0.0,0.0,0.0,0.0
10.0,5.3971198559928,0.0037388187234531,0.0037388187202268,0.999993010589862,0.999993010589861,49.41366879509203,0.0,49.9749296692794,0.0,45.595051580914834,0.0,45.30216188916107,0.0,0.0,0.0,0.0,0.0,0.0,0.0
10.0,5.39736986849342,0.0037388636442923,0.0037388636410599,0.999993010421908,0.999993010421907,49.413668782836254,0.0,49.97492933580728,0.0,45.59505157696376,0.0,45.302161818956975,0.0,0.0,0.0,0.0,0.0,0.0,0.0
10.0,5.39761988099405,0.003738908566623,0.0037389085633845,0.999993010253946,0.999993010253946,49.41366877058168,0.0,49.97492900232034,0.0,45.5950515730125,0.0,45.30216174874969,0.0,0.0,0.0,0.0,0.0,0.0,0.0
10.0,5.39786989349467,0.0037389534904451,0.0037389534872005,0.999993010085977,0.9999930100859769,49.41366875832832,0.0,49.97492866881858,0.0,45.59505156906107,0.0,45.30216167853921,0.0,0.0,0.0,0.0,0.0,0.0,0.0
10.0,5.3981199059953,0.0037389984157586,0.0037389984125079,0.999993009918001,0.999993009918,49.4136687460762,0.0,49.97492833530202,0.0,45.595051565109465,0.0,45.30216160832554,0.0,0.0,0.0,0.0,0.0,0.0,0.0
10.0,5.39836991849593,0.0037390433425633,0.0037390433393065,0.9999930097500171,0.999993009750016,49.4136687338253,0.0,49.97492800177062,0.0,45.595051561157696,0.0,45.302161538108685,0.0,0.0,0.0,0.0,0.0,0.0,0.0
10.0,5.39861993099655,0.0037390882708592,0.0037390882675963,0.999993009582025,0.999993009582024,49.41366872157562,0.0,49.97492766822443,0.0,45.59505155720574,0.0,45.302161467888624,0.0,0.0,0.0,0.0,0.0,0.0,0.0
10.0,5.39886994349717,0.0037391332006463,0.0037391331973773,0.999993009414026,0.999993009414025,49.41366870932718,0.0,49.97492733466341,0.0,45.59505155325362,0.0,45.30216139766537,0.0,0.0,0.0,0.0,0.0,0.0,0.0
10.0,5.3991199559978,0.0037391781319245,0.0037391781286494,0.9999930092460192,0.999993009246018,49.413668697079984,0.0,49.97492700108758,0.0,45.59505154930133,0.0,45.30216132743893,0.0,0.0,0.0,0.0,0.0,0.0,0.0
10.0,5.399369968498419,0.0037392230646938,0.0037392230614125,0.999993009078004,0.999993009078003,49.41366868483404,0.0,49.97492666749693,0.0,45.59505154534885,0.0,45.30216125720929,0.0,0.0,0.0,0.0,0.0,0.0,0.0
10.0,5.39961998099905,0.003739267998954,0.0037392679956665,0.999993008909982,0.999993008909981,49.41366867258933,0.0,49.97492633389147,0.0,45.59505154139622,0.0,45.30216118697648,0.0,0.0,0.0,0.0,0.0,0.0,0.0
10.0,5.39986999349968,0.0037393129347051,0.0037393129314115,0.9999930087419528,0.9999930087419518,49.41366866034588,0.0,49.97492600027119,0.0,45.5950515374434,0.0,45.30216111674046,0.0,0.0,0.0,0.0,0.0,0.0,0.0
10.0,5.4001200060003,0.003739357871947,0.0037393578686473,0.9999930085739148,0.9999930085739142,49.41366864810368,0.0,49.974925666636096,0.0,45.59505153349042,0.0,45.30216104650125,0.0,0.0,0.0,0.0,0.0,0.0,0.0
10.0,5.40037001850092,0.0037394028106798,0.003739402807374,0.99999300840587,0.999993008405869,49.41366863586275,0.0,49.97492533298619,0.0,45.59505152953725,0.0,45.30216097625885,0.0,0.0,0.0,0.0,0.0,0.0,0.0
10.0,5.40062003100155,0.0037394477509033,0.0037394477475913,0.999993008237818,0.999993008237817,49.41366862362308,0.0,49.974924999321466,0.0,45.595051525583926,0.0,45.302160906013256,0.0,0.0,0.0,0.0,0.0,0.0,0.0
10.0,5.40087004350217,0.0037394926926175,0.0037394926892993,0.999993008069758,0.999993008069757,49.413668611384686,0.0,49.97492466564192,0.0,45.59505152163042,0.0,45.30216083576447,0.0,0.0,0.0,0.0,0.0,0.0,0.0
10.0,5.4011200560028,0.0037395376358222,0.003739537632498,0.99999300790169,0.999993007901689,49.41366859914756,0.0,49.97492433194758,0.0,45.59505151767674,0.0,45.3021607655125,0.0,0.0,0.0,0.0,0.0,0.0,0.0
10.0,5.40137006850343,0.0037395825805176,0.0037395825771871,0.999993007733614,0.999993007733614,49.41366858691172,0.0,49.9749239982384,0.0,45.5950515137229,0.0,45.30216069525732,0.0,0.0,0.0,0.0,0.0,0.0,0.0
10.0,5.40162008100405,0.0037396275267034,0.0037396275233668,0.999993007565532,0.999993007565531,49.41366857467715,0.0,49.97492366451442,0.0,45.59505150976888,0.0,45.30216062499896,0.0,0.0,0.0,0.0,0.0,0.0,0.0
10.0,5.40187009350467,0.0037396724743796,0.0037396724710369,0.9999930073974408,0.99999300739744,49.41366856244389,0.0,49.97492333077562,0.0,45.595051505814695,0.0,45.302160554737405,0.0,0.0,0.0,0.0,0.0,0.0,0.0
10.0,5.4021201060053,0.0037397174235462,0.0037397174201974,0.9999930072293428,0.999993007229343,49.4136685502119,0.0,49.974922997022006,0.0,45.595051501860326,0.0,45.30216048447266,0.0,0.0,0.0,0.0,0.0,0.0,0.0
10.0,5.40237011850593,0.0037397623742032,0.0037397623708481,0.999993007061237,0.999993007061237,49.41366853798122,0.0,49.97492266325359,0.0,45.59505149790579,0.0,45.30216041420472,0.0,0.0,0.0,0.0,0.0,0.0,0.0
10.0,5.40262013100655,0.0037398073263503,0.0037398073229891,0.999993006893124,0.999993006893124,49.41366852575184,0.0,49.974922329470346,0.0,45.59505149395109,0.0,45.30216034393359,0.0,0.0,0.0,0.0,0.0,0.0,0.0
10.0,5.40287014350718,0.0037398522799877,0.0037398522766203,0.999993006725003,0.999993006725003,49.41366851352377,0.0,49.9749219956723,0.0,45.59505148999621,0.0,45.30216027365927,0.0,0.0,0.0,0.0,0.0,0.0,0.0
10.0,5.4031201560078,0.0037398972351152,0.0037398972317416,0.999993006556875,0.999993006556874,49.413668501297,0.0,49.97492166185943,0.0,45.59505148604116,0.0,45.30216020338176,0.0,0.0,0.0,0.0,0.0,0.0,0.0
10.0,5.40337016850842,0.0037399421917327,0.003739942188353,0.999993006388739,0.999993006388738,49.41366848907155,0.0,49.97492132803174,0.0,45.59505148208594,0.0,45.30216013310105,0.0,0.0,0.0,0.0,0.0,0.0,0.0
10.0,5.40362018100905,0.0037399871498403,0.0037399871464544,0.999993006220595,0.9999930062205952,49.41366847684742,0.0,49.97492099418924,0.0,45.59505147813056,0.0,45.30216006281715,0.0,0.0,0.0,0.0,0.0,0.0,0.0
10.0,5.40387019350968,0.0037400321094378,0.0037400321060457,0.999993006052444,0.999993006052443,49.41366846462461,0.0,49.97492066033193,0.0,45.595051474174994,0.0,45.30215999253006,0.0,0.0,0.0,0.0,0.0,0.0,0.0
10.0,5.404120206010301,0.0037400770705252,0.0037400770671269,0.9999930058842852,0.999993005884285,49.41366845240313,0.0,49.9749203264598,0.0,45.59505147021925,0.0,45.302159922239774,0.0,0.0,0.0,0.0,0.0,0.0,0.0
10.0,5.40437021851093,0.0037401220331024,0.003740122029698,0.9999930057161188,0.999993005716118,49.41366844018298,0.0,49.97491999257287,0.0,45.59505146626336,0.0,45.3021598519463,0.0,0.0,0.0,0.0,0.0,0.0,0.0
10.0,5.40462023101155,0.0037401669971694,0.0037401669937587,0.999993005547945,0.999993005547944,49.41366842796418,0.0,49.974919658671126,0.0,45.59505146230728,0.0,45.30215978164963,0.0,0.0,0.0,0.0,0.0,0.0,0.0
10.0,5.40487024351218,0.0037402119627261,0.0037402119593092,0.999993005379763,0.999993005379762,49.41366841574671,0.0,49.97491932475456,0.0,45.59505145835103,0.0,45.30215971134977,0.0,0.0,0.0,0.0,0.0,0.0,0.0
10.0,5.4051202560128,0.0037402569297724,0.0037402569263493,0.999993005211574,0.999993005211573,49.41366840353059,0.0,49.974918990823184,0.0,45.59505145439462,0.0,45.30215964104672,0.0,0.0,0.0,0.0,0.0,0.0,0.0
10.0,5.40537026851343,0.0037403018983083,0.0037403018948791,0.999993005043377,0.999993005043377,49.413668391315824,0.0,49.97491865687699,0.0,45.59505145043804,0.0,45.30215957074047,0.0,0.0,0.0,0.0,0.0,0.0,0.0
10.0,5.40562028101405,0.0037403468683337,0.0037403468648983,0.9999930048751728,0.999993004875172,49.41366837910242,0.0,49.97491832291598,0.0,45.595051446481285,0.0,45.302159500431046,0.0,0.0,0.0,0.0,0.0,0.0,0.0
10.0,5.40587029351467,0.0037403918398486,0.003740391836407,0.999993004706961,0.99999300470696,49.41366836689037,0.0,49.97491798894016,0.0,45.59505144252436,0.0,45.30215943011841,0.0,0.0,0.0,0.0,0.0,0.0,0.0
10.0,5.4061203060153,0.0037404368128529,0.0037404368094051,0.999993004538741,0.9999930045387412,49.41366835467968,0.0,49.97491765494953,0.0,45.59505143856726,0.0,45.30215935980259,0.0,0.0,0.0,0.0,0.0,0.0,0.0
10.0,5.40637031851593,0.0037404817873465,0.0037404817838925,0.999993004370514,0.999993004370513,49.41366834247036,0.0,49.974917320944094,0.0,45.59505143461,0.0,45.302159289483576,0.0,0.0,0.0,0.0,0.0,0.0,0.0
10.0,5.40662033101655,0.0037405267633294,0.0037405267598692,0.999993004202279,0.999993004202279,49.41366833026242,0.0,49.97491698692384,0.0,45.59505143065257,0.0,45.30215921916138,0.0,0.0,0.0,0.0,0.0,0.0,0.0
10.0,5.40687034351718,0.0037405717408015,0.0037405717373351,0.999993004034037,0.999993004034036,49.41366831805586,0.0,49.97491665288877,0.0,45.59505142669496,0.0,45.30215914883598,0.0,0.0,0.0,0.0,0.0,0.0,0.0
10.0,5.4071203560178,0.0037406167197628,0.0037406167162902,0.999993003865787,0.999993003865786,49.41366830585068,0.0,49.97491631883889,0.0,45.59505142273719,0.0,45.3021590785074,0.0,0.0,0.0,0.0,0.0,0.0,0.0
10.0,5.407370368518429,0.0037406617002132,0.0037406616967343,0.99999300369753,0.999993003697529,49.41366829364689,0.0,49.9749159847742,0.0,45.595051418779256,0.0,45.30215900817562,0.0,0.0,0.0,0.0,0.0,0.0,0.0
10.0,5.40762038101905,0.0037407066821526,0.0037407066786675,0.999993003529264,0.999993003529264,49.4136682814445,0.0,49.97491565069469,0.0,45.595051414821135,0.0,45.302158937840645,0.0,0.0,0.0,0.0,0.0,0.0,0.0
10.0,5.40787039351968,0.003740751665581,0.0037407516620897,0.999993003360992,0.999993003360991,49.4136682692435,0.0,49.97491531660037,0.0,45.59505141086287,0.0,45.30215886750248,0.0,0.0,0.0,0.0,0.0,0.0,0.0
10.0,5.4081204060203,0.0037407966504983,0.0037407966470008,0.999993003192712,0.9999930031927108,49.41366825704391,0.0,49.97491498249124,0.0,45.59505140690442,0.0,45.30215879716113,0.0,0.0,0.0,0.0,0.0,0.0,0.0
10.0,5.40837041852093,0.0037408416369045,0.0037408416334007,0.999993003024424,0.999993003024423,49.41366824484573,0.0,49.974914648367296,0.0,45.5950514029458,0.0,45.302158726816586,0.0,0.0,0.0,0.0,0.0,0.0,0.0
10.0,5.40862043102155,0.0037408866247994,0.0037408866212895,0.999993002856128,0.999993002856127,49.41366823264895,0.0,49.97491431422855,0.0,45.59505139898702,0.0,45.30215865646884,0.0,0.0,0.0,0.0,0.0,0.0,0.0
10.0,5.40887044352218,0.0037409316141831,0.0037409316106669,0.999993002687825,0.999993002687824,49.4136682204536,0.0,49.97491398007497,0.0,45.59505139502807,0.0,45.30215858611791,0.0,0.0,0.0,0.0,0.0,0.0,0.0
10.0,5.4091204560228,0.0037409766050555,0.0037409766015331,0.999993002519514,0.999993002519514,49.41366820825966,0.0,49.9749136459066,0.0,45.59505139106894,0.0,45.30215851576379,0.0,0.0,0.0,0.0,0.0,0.0,0.0
10.0,5.40937046852343,0.0037410215974165,0.0037410215938878,0.999993002351196,0.999993002351195,49.41366819606716,0.0,49.974913311723405,0.0,45.595051387109656,0.0,45.30215844540648,0.0,0.0,0.0,0.0,0.0,0.0,0.0
10.0,5.409620481024051,0.003741066591266,0.0037410665877311,0.99999300218287,0.999993002182869,49.41366818387608,0.0,49.974912977525406,0.0,45.5950513831502,0.0,45.30215837504596,0.0,0.0,0.0,0.0,0.0,0.0,0.0
10.0,5.40987049352468,0.003741111586604,0.0037411115830629,0.999993002014537,0.999993002014536,49.41366817168644,0.0,49.97491264331259,0.0,45.59505137919058,0.0,45.302158304682266,0.0,0.0,0.0,0.0,0.0,0.0,0.0
10.0,5.4101205060253,0.0037411565834305,0.0037411565798832,0.999993001846196,0.9999930018461952,49.41366815949825,0.0,49.97491230908497,0.0,45.59505137523079,0.0,45.30215823431538,0.0,0.0,0.0,0.0,0.0,0.0,0.0
10.0,5.41037051852593,0.0037412015817453,0.0037412015781918,0.999993001677847,0.999993001677846,49.4136681473115,0.0,49.97491197484253,0.0,45.59505137127083,0.0,45.30215816394529,0.0,0.0,0.0,0.0,0.0,0.0,0.0
10.0,5.41062053102655,0.0037412465815485,0.0037412465779887,0.999993001509491,0.99999300150949,49.413668135126194,0.0,49.97491164058528,0.0,45.5950513673107,0.0,45.30215809357202,0.0,0.0,0.0,0.0,0.0,0.0,0.0
10.0,5.41087054352718,0.0037412915828399,0.0037412915792738,0.999993001341127,0.999993001341126,49.41366812294235,0.0,49.97491130631322,0.0,45.59505136335041,0.0,45.30215802319555,0.0,0.0,0.0,0.0,0.0,0.0,0.0
10.0,5.4111205560278,0.0037413365856194,0.0037413365820471,0.999993001172756,0.9999930011727552,49.41366811075997,0.0,49.97491097202635,0.0,45.59505135938995,0.0,45.3021579528159,0.0,0.0,0.0,0.0,0.0,0.0,0.0
10.0,5.41137056852843,0.0037413815898871,0.0037413815863086,0.999993001004376,0.999993001004376,49.41366809857905,0.0,49.97491063772467,0.0,45.59505135542933,0.0,45.30215788243305,0.0,0.0,0.0,0.0,0.0,0.0,0.0
10.0,5.41162058102905,0.0037414265956429,0.0037414265920581,0.99999300083599,0.9999930008359889,49.41366808639961,0.0,49.97491030340818,0.0,45.59505135146853,0.0,45.30215781204701,0.0,0.0,0.0,0.0,0.0,0.0,0.0
10.0,5.41187059352968,0.0037414716028867,0.0037414715992957,0.9999930006675952,0.999993000667595,49.41366807422165,0.0,49.97490996907687,0.0,45.59505134750757,0.0,45.30215774165778,0.0,0.0,0.0,0.0,0.0,0.0,0.0
10.0,5.4121206060303,0.0037415166116184,0.0037415166080212,0.999993000499194,0.999993000499193,49.41366806204516,0.0,49.97490963473075,0.0,45.59505134354645,0.0,45.30215767126534,0.0,0.0,0.0,0.0,0.0,0.0,0.0
10.0,5.41237061853093,0.0037415616218381,0.0037415616182345,0.999993000330784,0.999993000330784,49.41366804987016,0.0,49.97490930036984,0.0,45.595051339585154,0.0,45.30215760086973,0.0,0.0,0.0,0.0,0.0,0.0,0.0
10.0,5.41262063103155,0.0037416066335455,0.0037416066299357,0.9999930001623668,0.999993000162367,49.413668037696645,0.0,49.974908965994096,0.0,45.595051335623694,0.0,45.30215753047092,0.0,0.0,0.0,0.0,0.0,0.0,0.0
10.0,5.412870643532179,0.0037416516467407,0.0037416516431247,0.9999929999939432,0.999992999993942,49.41366802552463,0.0,49.97490863160355,0.0,45.59505133166207,0.0,45.30215746006891,0.0,0.0,0.0,0.0,0.0,0.0,0.0
10.0,5.4131206560328,0.0037416966614236,0.0037416966578014,0.999992999825511,0.99999299982551,49.41366801335412,0.0,49.9749082971982,0.0,45.59505132770029,0.0,45.30215738966372,0.0,0.0,0.0,0.0,0.0,0.0,0.0
10.0,5.41337066853343,0.0037417416775942,0.0037417416739657,0.999992999657071,0.99999299965707,49.41366800118511,0.0,49.974907962778026,0.0,45.59505132373834,0.0,45.302157319255336,0.0,0.0,0.0,0.0,0.0,0.0,0.0
10.0,5.41362068103405,0.0037417866952523,0.0037417866916176,0.9999929994886232,0.999992999488623,49.41366798901761,0.0,49.974907628343054,0.0,45.59505131977622,0.0,45.30215724884377,0.0,0.0,0.0,0.0,0.0,0.0,0.0
10.0,5.41387069353468,0.003741831714398,0.003741831710757,0.999992999320168,0.999992999320168,49.41366797685164,0.0,49.97490729389327,0.0,45.59505131581393,0.0,45.302157178429,0.0,0.0,0.0,0.0,0.0,0.0,0.0
10.0,5.4141207060353,0.0037418767350311,0.0037418767313839,0.999992999151706,0.9999929991517053,49.41366796468717,0.0,49.974906959428665,0.0,45.59505131185149,0.0,45.302157108011045,0.0,0.0,0.0,0.0,0.0,0.0,0.0
10.0,5.41437071853593,0.0037419217571517,0.0037419217534981,0.999992998983236,0.999992998983235,49.41366795252424,0.0,49.974906624949256,0.0,45.59505130788888,0.0,45.30215703758989,0.0,0.0,0.0,0.0,0.0,0.0,0.0
10.0,5.41462073103655,0.0037419667807595,0.0037419667770998,0.999992998814758,0.999992998814757,49.41366794036284,0.0,49.974906290455046,0.0,45.5950513039261,0.0,45.30215696716554,0.0,0.0,0.0,0.0,0.0,0.0,0.0
10.0,5.41487074353718,0.0037420118058547,0.0037420118021887,0.9999929986462732,0.999992998646272,49.413667928202976,0.0,49.97490595594601,0.0,45.59505129996316,0.0,45.30215689673801,0.0,0.0,0.0,0.0,0.0,0.0,0.0
10.0,5.415120756037799,0.0037420568324371,0.0037420568287648,0.99999299847778,0.999992998477779,49.41366791604465,0.0,49.97490562142218,0.0,45.59505129600006,0.0,45.30215682630729,0.0,0.0,0.0,0.0,0.0,0.0,0.0
10.0,5.41537076853843,0.0037421018605066,0.0037421018568281,0.999992998309279,0.999992998309279,49.41366790388788,0.0,49.97490528688353,0.0,45.59505129203679,0.0,45.30215675587337,0.0,0.0,0.0,0.0,0.0,0.0,0.0
10.0,5.41562078103905,0.0037421468900633,0.0037421468863785,0.999992998140771,0.999992998140771,49.41366789173266,0.0,49.97490495233007,0.0,45.59505128807336,0.0,45.30215668543626,0.0,0.0,0.0,0.0,0.0,0.0,0.0
10.0,5.41587079353968,0.003742191921107,0.0037421919174159,0.999992997972255,0.999992997972255,49.41366787957899,0.0,49.97490461776181,0.0,45.59505128410976,0.0,45.302156614995965,0.0,0.0,0.0,0.0,0.0,0.0,0.0
10.0,5.4161208060403,0.0037422369536376,0.0037422369499403,0.999992997803732,0.999992997803732,49.41366786742689,0.0,49.97490428317874,0.0,45.59505128014601,0.0,45.30215654455247,0.0,0.0,0.0,0.0,0.0,0.0,0.0
10.0,5.41637081854093,0.0037422819876552,0.0037422819839516,0.999992997635201,0.999992997635201,49.41366785527634,0.0,49.97490394858086,0.0,45.59505127618209,0.0,45.30215647410578,0.0,0.0,0.0,0.0,0.0,0.0,0.0
10.0,5.41662083104155,0.0037423270231596,0.0037423270194498,0.999992997466663,0.999992997466662,49.41366784312737,0.0,49.974903613968166,0.0,45.595051272218,0.0,45.30215640365591,0.0,0.0,0.0,0.0,0.0,0.0,0.0
10.0,5.41687084354218,0.0037423720601509,0.0037423720564348,0.999992997298117,0.999992997298116,49.41366783098,0.0,49.97490327934065,0.0,45.59505126825376,0.0,45.30215633320284,0.0,0.0,0.0,0.0,0.0,0.0,0.0
10.0,5.4171208560428,0.0037424170986288,0.0037424170949065,0.9999929971295632,0.999992997129562,49.41366781883419,0.0,49.97490294469834,0.0,45.59505126428935,0.0,45.30215626274657,0.0,0.0,0.0,0.0,0.0,0.0,0.0
10.0,5.41737086854343,0.0037424621385935,0.0037424621348648,0.999992996961002,0.999992996961001,49.41366780668997,0.0,49.97490261004122,0.0,45.59505126032478,0.0,45.30215619228713,0.0,0.0,0.0,0.0,0.0,0.0,0.0
10.0,5.41762088104405,0.0037425071800448,0.0037425071763099,0.9999929967924333,0.999992996792432,49.41366779454736,0.0,49.974902275369296,0.0,45.59505125636005,0.0,45.30215612182448,0.0,0.0,0.0,0.0,0.0,0.0,0.0
10.0,5.41787089354468,0.0037425522229826,0.0037425522192414,0.999992996623857,0.999992996623856,49.413667782406336,0.0,49.97490194068256,0.0,45.595051252395166,0.0,45.30215605135865,0.0,0.0,0.0,0.0,0.0,0.0,0.0
10.0,5.4181209060453,0.0037425972674069,0.0037425972636595,0.999992996455273,0.9999929964552718,49.41366777026692,0.0,49.97490160598102,0.0,45.5950512484301,0.0,45.30215598088962,0.0,0.0,0.0,0.0,0.0,0.0,0.0
10.0,5.41837091854593,0.0037426423133177,0.0037426423095639,0.999992996286681,0.99999299628668,49.4136677581291,0.0,49.974901271264656,0.0,45.59505124446488,0.0,45.302155910417405,0.0,0.0,0.0,0.0,0.0,0.0,0.0
10.0,5.41862093104655,0.0037426873607148,0.0037426873569548,0.999992996118082,0.999992996118081,49.41366774599292,0.0,49.97490093653349,0.0,45.59505124049951,0.0,45.302155839942,0.0,0.0,0.0,0.0,0.0,0.0,0.0
10.0,5.41887094354718,0.0037427324095982,0.003742732405832,0.999992995949475,0.999992995949474,49.41366773385834,0.0,49.974900601787525,0.0,45.595051236533976,0.0,45.3021557694634,0.0,0.0,0.0,0.0,0.0,0.0,0.0
10.0,5.4191209560478,0.0037427774599679,0.0037427774561954,0.999992995780861,0.99999299578086,49.4136677217254,0.0,49.97490026702675,0.0,45.59505123256828,0.0,45.30215569898161,0.0,0.0,0.0,0.0,0.0,0.0,0.0
10.0,5.41937096854843,0.0037428225118238,0.003742822508045,0.999992995612239,0.999992995612238,49.41366770959408,0.0,49.97489993225116,0.0,45.59505122860242,0.0,45.30215562849662,0.0,0.0,0.0,0.0,0.0,0.0,0.0
10.0,5.41962098104905,0.0037428675651658,0.0037428675613808,0.999992995443609,0.999992995443608,49.413667697464405,0.0,49.97489959746076,0.0,45.59505122463641,0.0,45.30215555800845,0.0,0.0,0.0,0.0,0.0,0.0,0.0
10.0,5.41987099354968,0.0037429126199939,0.0037429126162026,0.999992995274972,0.999992995274971,49.41366768533637,0.0,49.97489926265556,0.0,45.59505122067023,0.0,45.30215548751708,0.0,0.0,0.0,0.0,0.0,0.0,0.0
10.0,5.4201210060503,0.003742957676308,0.0037429576725104,0.9999929951063272,0.999992995106327,49.41366767320999,0.0,49.97489892783555,0.0,45.5950512167039,0.0,45.30215541702252,0.0,0.0,0.0,0.0,0.0,0.0,0.0
10.0,5.42037101855093,0.0037430027341081,0.0037430027303042,0.999992994937675,0.999992994937674,49.41366766108524,0.0,49.97489859300073,0.0,45.5950512127374,0.0,45.30215534652478,0.0,0.0,0.0,0.0,0.0,0.0,0.0
10.0,5.42062103105155,0.003743047793394,0.0037430477895839,0.999992994769015,0.999992994769014,49.413667648962175,0.0,49.97489825815109,0.0,45.59505120877076,0.0,45.30215527602384,0.0,0.0,0.0,0.0,0.0,0.0,0.0
10.0,5.42087104355218,0.0037430928541658,0.0037430928503494,0.999992994600347,0.9999929946003472,49.41366763684075,0.0,49.97489792328666,0.0,45.59505120480394,0.0,45.3021552055197,0.0,0.0,0.0,0.0,0.0,0.0,0.0
10.0,5.4211210560528,0.0037431379164233,0.0037431379126007,0.999992994431672,0.999992994431672,49.41366762472101,0.0,49.974897588407416,0.0,45.59505120083697,0.0,45.30215513501238,0.0,0.0,0.0,0.0,0.0,0.0,0.0
10.0,5.42137106855343,0.0037431829801666,0.0037431829763377,0.99999299426299,0.999992994262989,49.41366761260294,0.0,49.974897253513376,0.0,45.595051196869846,0.0,45.30215506450186,0.0,0.0,0.0,0.0,0.0,0.0,0.0
10.0,5.42162108105405,0.0037432280453955,0.0037432280415603,0.999992994094299,0.999992994094298,49.41366760048656,0.0,49.974896918604514,0.0,45.59505119290257,0.0,45.30215499398816,0.0,0.0,0.0,0.0,0.0,0.0,0.0
10.0,5.42187109355468,0.00374327311211,0.0037432731082685,0.999992993925601,0.9999929939256,49.41366758837185,0.0,49.974896583680845,0.0,45.59505118893512,0.0,45.30215492347126,0.0,0.0,0.0,0.0,0.0,0.0,0.0
10.0,5.4221211060553,0.00374331818031,0.0037433181764623,0.999992993756896,0.9999929937568952,49.41366757625884,0.0,49.974896248742375,0.0,45.59505118496752,0.0,45.30215485295116,0.0,0.0,0.0,0.0,0.0,0.0,0.0
10.0,5.42237111855593,0.0037433632499955,0.0037433632461415,0.999992993588183,0.999992993588182,49.41366756414753,0.0,49.9748959137891,0.0,45.59505118099977,0.0,45.30215478242789,0.0,0.0,0.0,0.0,0.0,0.0,0.0
10.0,5.42262113105655,0.0037434083211663,0.0037434083173061,0.999992993419462,0.999992993419461,49.41366755203792,0.0,49.97489557882101,0.0,45.595051177031856,0.0,45.302154711901416,0.0,0.0,0.0,0.0,0.0,0.0,0.0
10.0,5.42287114355718,0.0037434533938226,0.0037434533899561,0.999992993250734,0.999992993250733,49.41366753993,0.0,49.97489524383812,0.0,45.59505117306379,0.0,45.30215464137174,0.0,0.0,0.0,0.0,0.0,0.0,0.0
10.0,5.4231211560578,0.0037434984679641,0.0037434984640913,0.999992993081998,0.9999929930819969,49.41366752782382,0.0,49.974894908840426,0.0,45.59505116909556,0.0,45.302154570838894,0.0,0.0,0.0,0.0,0.0,0.0,0.0
10.0,5.42337116855843,0.0037435435435908,0.0037435435397118,0.999992992913254,0.999992992913254,49.41366751571936,0.0,49.97489457382792,0.0,45.59505116512718,0.0,45.30215450030284,0.0,0.0,0.0,0.0,0.0,0.0,0.0
10.0,5.42362118105905,0.0037435886207028,0.0037435886168174,0.999992992744503,0.999992992744503,49.41366750361661,0.0,49.9748942388006,0.0,45.59505116115864,0.0,45.30215442976361,0.0,0.0,0.0,0.0,0.0,0.0,0.0
10.0,5.42387119355968,0.0037436336992998,0.0037436336954082,0.999992992575745,0.999992992575744,49.41366749151559,0.0,49.974893903758485,0.0,45.59505115718996,0.0,45.30215435922118,0.0,0.0,0.0,0.0,0.0,0.0,0.0
10.0,5.4241212060603,0.0037436787793818,0.003743678775484,0.999992992406978,0.999992992406978,49.41366747941631,0.0,49.97489356870156,0.0,45.59505115322112,0.0,45.30215428867555,0.0,0.0,0.0,0.0,0.0,0.0,0.0
10.0,5.42437121856093,0.0037437238609489,0.0037437238570447,0.999992992238205,0.999992992238204,49.41366746731878,0.0,49.97489323362983,0.0,45.595051149252114,0.0,45.30215421812674,0.0,0.0,0.0,0.0,0.0,0.0,0.0
10.0,5.42462123106155,0.0037437689440008,0.0037437689400904,0.999992992069423,0.999992992069423,49.41366745522299,0.0,49.97489289854328,0.0,45.59505114528296,0.0,45.30215414757473,0.0,0.0,0.0,0.0,0.0,0.0,0.0
10.0,5.42487124356218,0.0037438140285377,0.003743814024621,0.999992991900634,0.999992991900634,49.41366744312896,0.0,49.97489256344194,0.0,45.59505114131366,0.0,45.30215407701954,0.0,0.0,0.0,0.0,0.0,0.0,0.0
10.0,5.4251212560628,0.0037438591145593,0.0037438591106364,0.999992991731838,0.999992991731837,49.413667431036686,0.0,49.97489222832579,0.0,45.5950511373442,0.0,45.30215400646116,0.0,0.0,0.0,0.0,0.0,0.0,0.0
10.0,5.425371268563431,0.0037439042020656,0.0037439041981365,0.999992991563033,0.999992991563033,49.413667418946176,0.0,49.97489189319484,0.0,45.59505113337459,0.0,45.302153935899575,0.0,0.0,0.0,0.0,0.0,0.0,0.0
10.0,5.42562128106405,0.0037439492910567,0.0037439492871213,0.999992991394222,0.9999929913942208,49.41366740685744,0.0,49.97489155804907,0.0,45.59505112940483,0.0,45.30215386533481,0.0,0.0,0.0,0.0,0.0,0.0,0.0
10.0,5.42587129356468,0.0037439943815324,0.0037439943775907,0.999992991225402,0.999992991225402,49.41366739477047,0.0,49.97489122288851,0.0,45.59505112543491,0.0,45.302153794766845,0.0,0.0,0.0,0.0,0.0,0.0,0.0
10.0,5.4261213060653,0.0037440394734926,0.0037440394695446,0.999992991056575,0.999992991056575,49.4136673826853,0.0,49.97489088771314,0.0,45.59505112146484,0.0,45.3021537241957,0.0,0.0,0.0,0.0,0.0,0.0,0.0
10.0,5.42637131856593,0.0037440845669373,0.0037440845629831,0.9999929908877409,0.99999299088774,49.41366737060192,0.0,49.97489055252295,0.0,45.59505111749462,0.0,45.30215365362136,0.0,0.0,0.0,0.0,0.0,0.0,0.0
10.0,5.42662133106655,0.0037441296618665,0.003744129657906,0.999992990718899,0.999992990718898,49.41366735852032,0.0,49.97489021731796,0.0,45.595051113524256,0.0,45.30215358304382,0.0,0.0,0.0,0.0,0.0,0.0,0.0
10.0,5.42687134356718,0.00374417475828,0.0037441747543133,0.9999929905500492,0.999992990550048,49.41366734644052,0.0,49.974889882098175,0.0,45.59505110955373,0.0,45.30215351246309,0.0,0.0,0.0,0.0,0.0,0.0,0.0
10.0,5.4271213560678,0.0037442198561779,0.0037442198522049,0.999992990381191,0.999992990381191,49.413667334362536,0.0,49.97488954686358,0.0,45.59505110558306,0.0,45.30215344187918,0.0,0.0,0.0,0.0,0.0,0.0,0.0
10.0,5.42737136856843,0.00374426495556,0.0037442649515807,0.999992990212327,0.999992990212326,49.41366732228635,0.0,49.97488921161418,0.0,45.59505110161224,0.0,45.302153371292064,0.0,0.0,0.0,0.0,0.0,0.0,0.0
10.0,5.427621381069051,0.0037443100564263,0.0037443100524408,0.999992990043454,0.999992990043453,49.41366731021199,0.0,49.97488887634997,0.0,45.59505109764127,0.0,45.30215330070177,0.0,0.0,0.0,0.0,0.0,0.0,0.0
10.0,5.42787139356968,0.0037443551587768,0.003744355154785,0.999992989874574,0.999992989874573,49.413667298139465,0.0,49.97488854107096,0.0,45.59505109367015,0.0,45.302153230108274,0.0,0.0,0.0,0.0,0.0,0.0,0.0
10.0,5.4281214060703,0.0037444002626113,0.0037444002586133,0.999992989705686,0.999992989705686,49.41366728606875,0.0,49.97488820577714,0.0,45.595051089698885,0.0,45.3021531595116,0.0,0.0,0.0,0.0,0.0,0.0,0.0
10.0,5.42837141857093,0.0037444453679298,0.0037444453639256,0.999992989536791,0.99999298953679,49.41366727399989,0.0,49.97488787046852,0.0,45.59505108572747,0.0,45.30215308891172,0.0,0.0,0.0,0.0,0.0,0.0,0.0
10.0,5.42862143107155,0.0037444904747324,0.0037444904707218,0.999992989367888,0.999992989367888,49.41366726193285,0.0,49.97488753514509,0.0,45.59505108175591,0.0,45.30215301830866,0.0,0.0,0.0,0.0,0.0,0.0,0.0
10.0,5.42887144357218,0.0037445355830187,0.003744535579002,0.999992989198978,0.999992989198977,49.41366724986768,0.0,49.97488719980686,0.0,45.59505107778419,0.0,45.3021529477024,0.0,0.0,0.0,0.0,0.0,0.0,0.0
10.0,5.4291214560728,0.003744580692789,0.0037445806887659,0.99999298903006,0.999992989030059,49.41366723780435,0.0,49.97488686445383,0.0,45.595051073812336,0.0,45.30215287709295,0.0,0.0,0.0,0.0,0.0,0.0,0.0
10.0,5.429371468573429,0.003744625804043,0.0037446258000137,0.999992988861134,0.999992988861133,49.41366722574288,0.0,49.97488652908599,0.0,45.59505106984033,0.0,45.30215280648031,0.0,0.0,0.0,0.0,0.0,0.0,0.0
10.0,5.42962148107405,0.0037446709167807,0.0037446709127451,0.999992988692201,0.9999929886922,49.41366721368328,0.0,49.97488619370334,0.0,45.59505106586818,0.0,45.30215273586448,0.0,0.0,0.0,0.0,0.0,0.0,0.0
10.0,5.42987149357468,0.0037447160310021,0.0037447160269603,0.99999298852326,0.999992988523259,49.41366720162555,0.0,49.9748858583059,0.0,45.59505106189589,0.0,45.30215266524546,0.0,0.0,0.0,0.0,0.0,0.0,0.0
10.0,5.4301215060753,0.003744761146707,0.003744761142659,0.999992988354312,0.999992988354311,49.41366718956969,0.0,49.97488552289365,0.0,45.59505105792345,0.0,45.30215259462325,0.0,0.0,0.0,0.0,0.0,0.0,0.0
10.0,5.43037151857593,0.0037448062638955,0.0037448062598412,0.999992988185356,0.999992988185355,49.41366717751573,0.0,49.97488518746658,0.0,45.59505105395086,0.0,45.30215252399785,0.0,0.0,0.0,0.0,0.0,0.0,0.0
10.0,5.43062153107655,0.0037448513825675,0.0037448513785069,0.999992988016392,0.999992988016391,49.41366716546365,0.0,49.97488485202473,0.0,45.59505104997813,0.0,45.30215245336925,0.0,0.0,0.0,0.0,0.0,0.0,0.0
10.0,5.43087154357718,0.0037448965027228,0.0037448964986561,0.999992987847421,0.99999298784742,49.41366715341347,0.0,49.97488451656806,0.0,45.59505104600526,0.0,45.30215238273747,0.0,0.0,0.0,0.0,0.0,0.0,0.0
10.0,5.4311215560778,0.0037449416243616,0.0037449416202886,0.999992987678442,0.999992987678441,49.4136671413652,0.0,49.97488418109658,0.0,45.595051042032246,0.0,45.30215231210249,0.0,0.0,0.0,0.0,0.0,0.0,0.0
10.0,5.43137156857843,0.0037449867474836,0.0037449867434043,0.999992987509456,0.999992987509455,49.41366712931882,0.0,49.97488384561032,0.0,45.59505103805909,0.0,45.30215224146432,0.0,0.0,0.0,0.0,0.0,0.0,0.0
10.0,5.431621581079049,0.0037450318720888,0.0037450318680033,0.999992987340462,0.999992987340461,49.413667117274365,0.0,49.97488351010925,0.0,45.595051034085785,0.0,45.30215217082297,0.0,0.0,0.0,0.0,0.0,0.0,0.0
10.0,5.43187159357968,0.0037450769981773,0.0037450769940855,0.99999298717146,0.999992987171459,49.41366710523184,0.0,49.97488317459335,0.0,45.59505103011234,0.0,45.30215210017841,0.0,0.0,0.0,0.0,0.0,0.0,0.0
10.0,5.4321216060803,0.0037451221257488,0.0037451221216508,0.999992987002451,0.99999298700245,49.41366709319123,0.0,49.97488283906267,0.0,45.59505102613876,0.0,45.302152029530674,0.0,0.0,0.0,0.0,0.0,0.0,0.0
10.0,5.43237161858093,0.0037451672548033,0.0037451672506991,0.999992986833434,0.999992986833434,49.41366708115255,0.0,49.97488250351719,0.0,45.59505102216504,0.0,45.30215195887974,0.0,0.0,0.0,0.0,0.0,0.0,0.0
10.0,5.43262163108155,0.0037452123853409,0.0037452123812305,0.99999298666441,0.999992986664409,49.413667069115824,0.0,49.97488216795689,0.0,45.59505101819117,0.0,45.302151888225616,0.0,0.0,0.0,0.0,0.0,0.0,0.0
10.0,5.43287164358218,0.0037452575173614,0.0037452575132447,0.999992986495378,0.999992986495377,49.41366705708104,0.0,49.97488183238181,0.0,45.59505101421717,0.0,45.3021518175683,0.0,0.0,0.0,0.0,0.0,0.0,0.0
10.0,5.433121656082801,0.0037453026508648,0.0037453026467418,0.999992986326338,0.999992986326338,49.4136670450482,0.0,49.97488149679191,0.0,45.59505101024303,0.0,45.3021517469078,0.0,0.0,0.0,0.0,0.0,0.0,0.0
10.0,5.43337166858343,0.0037453477858509,0.0037453477817218,0.999992986157291,0.99999298615729,49.413667033017326,0.0,49.9748811611872,0.0,45.59505100626875,0.0,45.3021516762441,0.0,0.0,0.0,0.0,0.0,0.0,0.0
10.0,5.43362168108405,0.0037453929223198,0.0037453929181844,0.999992985988237,0.9999929859882362,49.41366702098841,0.0,49.974880825567695,0.0,45.595051002294326,0.0,45.302151605577215,0.0,0.0,0.0,0.0,0.0,0.0,0.0
10.0,5.43387169358468,0.0037454380602714,0.0037454380561298,0.999992985819174,0.999992985819174,49.41366700896147,0.0,49.97488048993339,0.0,45.59505099831978,0.0,45.30215153490713,0.0,0.0,0.0,0.0,0.0,0.0,0.0
10.0,5.4341217060853,0.0037454831997056,0.0037454831955578,0.999992985650105,0.999992985650104,49.41366699693652,0.0,49.974880154284286,0.0,45.59505099434508,0.0,45.302151464233866,0.0,0.0,0.0,0.0,0.0,0.0,0.0
10.0,5.43437171858593,0.0037455283406224,0.0037455283364683,0.999992985481027,0.999992985481026,49.41366698491354,0.0,49.97487981862037,0.0,45.595050990370254,0.0,45.3021513935574,0.0,0.0,0.0,0.0,0.0,0.0,0.0
10.0,5.43462173108655,0.0037455734830217,0.0037455734788614,0.999992985311942,0.9999929853119413,49.41366697289255,0.0,49.97487948294165,0.0,45.5950509863953,0.0,45.30215132287776,0.0,0.0,0.0,0.0,0.0,0.0,0.0
10.0,5.43487174358718,0.0037456186269034,0.0037456186227369,0.999992985142849,0.9999929851428488,49.41366696087356,0.0,49.97487914724814,0.0,45.59505098242021,0.0,45.3021512521949,0.0,0.0,0.0,0.0,0.0,0.0,0.0
10.0,5.4351217560878,0.0037456637722675,0.0037456637680948,0.999992984973749,0.999992984973748,49.41366694885658,0.0,49.97487881153982,0.0,45.59505097844497,0.0,45.30215118150888,0.0,0.0,0.0,0.0,0.0,0.0,0.0
10.0,5.43537176858843,0.003745708919114,0.003745708914935,0.9999929848046408,0.9999929848046402,49.41366693684161,0.0,49.974878475816695,0.0,45.5950509744696,0.0,45.30215111081965,0.0,0.0,0.0,0.0,0.0,0.0,0.0
10.0,5.43562178108905,0.0037457540674427,0.0037457540632575,0.999992984635526,0.9999929846355252,49.41366692482864,0.0,49.97487814007878,0.0,45.59505097049411,0.0,45.30215104012724,0.0,0.0,0.0,0.0,0.0,0.0,0.0
10.0,5.43587179358968,0.0037457992172536,0.0037457992130622,0.999992984466403,0.9999929844664018,49.41366691281771,0.0,49.97487780432605,0.0,45.59505096651848,0.0,45.30215096943163,0.0,0.0,0.0,0.0,0.0,0.0,0.0
10.0,5.4361218060903,0.0037458443685466,0.003745844364349,0.999992984297272,0.999992984297272,49.413666900808806,0.0,49.97487746855852,0.0,45.59505096254272,0.0,45.30215089873283,0.0,0.0,0.0,0.0,0.0,0.0,0.0
10.0,5.4363718185909295,0.0037458895213217,0.0037458895171179,0.999992984128134,0.999992984128133,49.41366688880194,0.0,49.97487713277618,0.0,45.59505095856682,0.0,45.30215082803084,0.0,0.0,0.0,0.0,0.0,0.0,0.0
10.0,5.43662183109155,0.0037459346755789,0.0037459346713689,0.999992983958988,0.9999929839589878,49.41366687679711,0.0,49.97487679697905,0.0,45.59505095459081,0.0,45.30215075732567,0.0,0.0,0.0,0.0,0.0,0.0,0.0
10.0,5.43687184359218,0.003745979831318,0.0037459798271018,0.999992983789835,0.999992983789834,49.41366686479433,0.0,49.97487646116712,0.0,45.595050950614656,0.0,45.302150686617296,0.0,0.0,0.0,0.0,0.0,0.0,0.0
10.0,5.437121856092799,0.003746024988539,0.0037460249843166,0.999992983620674,0.9999929836206732,49.4136668527936,0.0,49.97487612534039,0.0,45.59505094663838,0.0,45.30215061590573,0.0,0.0,0.0,0.0,0.0,0.0,0.0
10.0,5.43737186859343,0.0037460701472418,0.0037460701430132,0.999992983451505,0.9999929834515048,49.41366684079495,0.0,49.974875789498846,0.0,45.59505094266198,0.0,45.30215054519098,0.0,0.0,0.0,0.0,0.0,0.0,0.0
10.0,5.43762188109406,0.0037461153074265,0.0037461153031916,0.999992983282329,0.999992983282328,49.41366682879836,0.0,49.97487545364251,0.0,45.595050938685446,0.0,45.30215047447303,0.0,0.0,0.0,0.0,0.0,0.0,0.0
10.0,5.43787189359468,0.0037461604690928,0.0037461604648518,0.999992983113146,0.9999929831131452,49.41366681680385,0.0,49.974875117771376,0.0,45.5950509347088,0.0,45.30215040375191,0.0,0.0,0.0,0.0,0.0,0.0,0.0
10.0,5.4381219060953,0.0037462056322408,0.0037462056279936,0.999992982943954,0.999992982943954,49.41366680481142,0.0,49.97487478188542,0.0,45.595050930732015,0.0,45.30215033302758,0.0,0.0,0.0,0.0,0.0,0.0,0.0
10.0,5.43837191859593,0.0037462507968704,0.003746250792617,0.9999929827747552,0.999992982774755,49.41366679282107,0.0,49.97487444598468,0.0,45.59505092675511,0.0,45.30215026230005,0.0,0.0,0.0,0.0,0.0,0.0,0.0
10.0,5.43862193109655,0.0037462959629815,0.0037462959587219,0.999992982605549,0.999992982605548,49.41366678083283,0.0,49.97487411006914,0.0,45.59505092277807,0.0,45.30215019156935,0.0,0.0,0.0,0.0,0.0,0.0,0.0
10.0,5.43887194359718,0.0037463411305741,0.0037463411263083,0.9999929824363352,0.999992982436334,49.41366676884668,0.0,49.97487377413879,0.0,45.59505091880092,0.0,45.30215012083546,0.0,0.0,0.0,0.0,0.0,0.0,0.0
10.0,5.43912195609781,0.0037463862996482,0.0037463862953762,0.999992982267113,0.999992982267112,49.41366675686264,0.0,49.97487343819365,0.0,45.59505091482364,0.0,45.30215005009837,0.0,0.0,0.0,0.0,0.0,0.0,0.0
10.0,5.43937196859843,0.0037464314702036,0.0037464314659253,0.999992982097884,0.9999929820978832,49.413666744880736,0.0,49.974873102233694,0.0,45.59505091084625,0.0,45.30214997935809,0.0,0.0,0.0,0.0,0.0,0.0,0.0
10.0,5.43962198109905,0.0037464766422402,0.0037464766379558,0.9999929819286468,0.999992981928646,49.413666732900936,0.0,49.97487276625896,0.0,45.59505090686873,0.0,45.302149908614616,0.0,0.0,0.0,0.0,0.0,0.0,0.0
10.0,5.43987199359968,0.0037465218157582,0.0037465218114676,0.999992981759402,0.999992981759402,49.41366672092328,0.0,49.97487243026939,0.0,45.595050902891096,0.0,45.30214983786795,0.0,0.0,0.0,0.0,0.0,0.0,0.0
10.0,5.44012200610031,0.0037465669907572,0.0037465669864605,0.99999298159015,0.99999298159015,49.413666708947744,0.0,49.974872094265045,0.0,45.59505089891334,0.0,45.3021497671181,0.0,0.0,0.0,0.0,0.0,0.0,0.0
10.0,5.44037201860093,0.0037466121672374,0.0037466121629345,0.999992981420891,0.99999298142089,49.41366669697436,0.0,49.9748717582459,0.0,45.59505089493548,0.0,45.30214969636506,0.0,0.0,0.0,0.0,0.0,0.0,0.0
10.0,5.44062203110155,0.0037466573451987,0.0037466573408896,0.999992981251624,0.999992981251623,49.41366668500313,0.0,49.97487142221194,0.0,45.59505089095748,0.0,45.30214962560883,0.0,0.0,0.0,0.0,0.0,0.0,0.0
10.0,5.44087204360218,0.003746702524641,0.0037467025203257,0.9999929810823488,0.999992981082348,49.41366667303405,0.0,49.97487108616319,0.0,45.59505088697938,0.0,45.30214955484941,0.0,0.0,0.0,0.0,0.0,0.0,0.0
10.0,5.441122056102811,0.0037467477055641,0.0037467477012427,0.999992980913067,0.999992980913066,49.41366666106714,0.0,49.97487075009964,0.0,45.59505088300117,0.0,45.30214948408679,0.0,0.0,0.0,0.0,0.0,0.0,0.0
10.0,5.44137206860343,0.0037467928879682,0.0037467928836406,0.999992980743777,0.999992980743776,49.4136666491024,0.0,49.9748704140213,0.0,45.59505087902284,0.0,45.30214941332098,0.0,0.0,0.0,0.0,0.0,0.0,0.0
10.0,5.44162208110406,0.0037468380718531,0.0037468380675193,0.999992980574479,0.999992980574478,49.41366663713983,0.0,49.97487007792813,0.0,45.59505087504439,0.0,45.30214934255199,0.0,0.0,0.0,0.0,0.0,0.0,0.0
10.0,5.4418720936046805,0.0037468832572187,0.0037468832528787,0.999992980405174,0.999992980405173,49.41366662517947,0.0,49.974869741820186,0.0,45.59505087106584,0.0,45.30214927177981,0.0,0.0,0.0,0.0,0.0,0.0,0.0
10.0,5.4421221061053,0.003746928444065,0.0037469284397189,0.999992980235861,0.99999298023586,49.41366661322128,0.0,49.97486940569743,0.0,45.59505086708717,0.0,45.302149201004426,0.0,0.0,0.0,0.0,0.0,0.0,0.0
10.0,5.44237211860593,0.0037469736323919,0.0037469736280396,0.999992980066541,0.99999298006654,49.41366660126529,0.0,49.97486906955987,0.0,45.5950508631084,0.0,45.30214913022586,0.0,0.0,0.0,0.0,0.0,0.0,0.0
10.0,5.44262213110656,0.0037470188221995,0.003747018817841,0.999992979897213,0.999992979897212,49.41366658931152,0.0,49.974868733407526,0.0,45.59505085912952,0.0,45.3021490594441,0.0,0.0,0.0,0.0,0.0,0.0,0.0
10.0,5.44287214360718,0.0037470640134875,0.0037470640091229,0.9999929797278772,0.999992979727876,49.41366657735995,0.0,49.97486839724038,0.0,45.595050855150525,0.0,45.30214898865915,0.0,0.0,0.0,0.0,0.0,0.0,0.0
10.0,5.44312215610781,0.003747109206256,0.0037471092018852,0.999992979558534,0.999992979558533,49.4136665654106,0.0,49.97486806105842,0.0,45.59505085117144,0.0,45.302148917871,0.0,0.0,0.0,0.0,0.0,0.0,0.0
10.0,5.44337216860843,0.0037471544005048,0.0037471543961279,0.9999929793891832,0.9999929793891832,49.41366655346349,0.0,49.97486772486168,0.0,45.59505084719223,0.0,45.30214884707967,0.0,0.0,0.0,0.0,0.0,0.0,0.0
10.0,5.44362218110906,0.003747199596234,0.0037471995918509,0.9999929792198252,0.999992979219824,49.41366654151861,0.0,49.974867388650125,0.0,45.59505084321294,0.0,45.30214877628514,0.0,0.0,0.0,0.0,0.0,0.0,0.0
10.0,5.44387219360968,0.0037472447934435,0.0037472447890543,0.999992979050459,0.999992979050459,49.41366652957597,0.0,49.97486705242377,0.0,45.59505083923354,0.0,45.30214870548743,0.0,0.0,0.0,0.0,0.0,0.0,0.0
10.0,5.44412220611031,0.0037472899921332,0.0037472899877378,0.9999929788810858,0.999992978881085,49.413666517635576,0.0,49.97486671618263,0.0,45.59505083525404,0.0,45.30214863468653,0.0,0.0,0.0,0.0,0.0,0.0,0.0
10.0,5.44437221861093,0.003747335192303,0.0037473351879015,0.9999929787117052,0.999992978711704,49.41366650569744,0.0,49.97486637992668,0.0,45.59505083127443,0.0,45.30214856388243,0.0,0.0,0.0,0.0,0.0,0.0,0.0
10.0,5.44462223111156,0.0037473803939529,0.0037473803895452,0.999992978542316,0.9999929785423152,49.41366649376157,0.0,49.974866043655936,0.0,45.59505082729473,0.0,45.30214849307515,0.0,0.0,0.0,0.0,0.0,0.0,0.0
10.0,5.44487224361218,0.0037474255970828,0.003747425592669,0.99999297837292,0.9999929783729188,49.41366648182798,0.0,49.97486570737039,0.0,45.59505082331492,0.0,45.30214842226467,0.0,0.0,0.0,0.0,0.0,0.0,0.0
10.0,5.445122256112809,0.0037474708016927,0.0037474707972728,0.999992978203516,0.9999929782035148,49.413666469896654,0.0,49.974865371070045,0.0,45.59505081933503,0.0,45.302148351451,0.0,0.0,0.0,0.0,0.0,0.0,0.0
10.0,5.44537226861343,0.0037475160077825,0.0037475160033564,0.999992978034104,0.999992978034104,49.41366645796762,0.0,49.97486503475489,0.0,45.59505081535505,0.0,45.30214828063415,0.0,0.0,0.0,0.0,0.0,0.0,0.0
10.0,5.44562228111406,0.0037475612153522,0.00374756121092,0.9999929778646852,0.9999929778646852,49.413666446040885,0.0,49.97486469842496,0.0,45.59505081137497,0.0,45.3021482098141,0.0,0.0,0.0,0.0,0.0,0.0,0.0
10.0,5.44587229361468,0.0037476064244016,0.0037476064199633,0.999992977695259,0.999992977695258,49.41366643411644,0.0,49.97486436208022,0.0,45.595050807394784,0.0,45.30214813899087,0.0,0.0,0.0,0.0,0.0,0.0,0.0
10.0,5.44612230611531,0.0037476516349308,0.0037476516304863,0.999992977525825,0.999992977525824,49.4136664221943,0.0,49.97486402572068,0.0,45.59505080341453,0.0,45.30214806816443,0.0,0.0,0.0,0.0,0.0,0.0,0.0
10.0,5.44637231861593,0.0037476968469396,0.003747696842489,0.999992977356383,0.999992977356382,49.41366641027448,0.0,49.97486368934635,0.0,45.59505079943418,0.0,45.302147997334814,0.0,0.0,0.0,0.0,0.0,0.0,0.0
10.0,5.44662233111656,0.003747742060428,0.0037477420559713,0.999992977186934,0.999992977186933,49.41366639835699,0.0,49.97486335295721,0.0,45.59505079545374,0.0,45.30214792650201,0.0,0.0,0.0,0.0,0.0,0.0,0.0
10.0,5.44687234361718,0.003747787275396,0.0037477872709332,0.999992977017477,0.999992977017476,49.41366638644182,0.0,49.97486301655327,0.0,45.59505079147323,0.0,45.302147855666,0.0,0.0,0.0,0.0,0.0,0.0,0.0
10.0,5.44712235611781,0.0037478324918434,0.0037478324873745,0.999992976848012,0.999992976848011,49.41366637452899,0.0,49.974862680134535,0.0,45.59505078749262,0.0,45.30214778482681,0.0,0.0,0.0,0.0,0.0,0.0,0.0
10.0,5.447372368618431,0.0037478777097703,0.0037478777052953,0.99999297667854,0.999992976678539,49.4136663626185,0.0,49.97486234370101,0.0,45.59505078351193,0.0,45.302147713984425,0.0,0.0,0.0,0.0,0.0,0.0,0.0
10.0,5.44762238111906,0.0037479229291766,0.0037479229246954,0.99999297650906,0.99999297650906,49.413666350710365,0.0,49.97486200725268,0.0,45.59505077953117,0.0,45.30214764313886,0.0,0.0,0.0,0.0,0.0,0.0,0.0
10.0,5.44787239361968,0.0037479681500621,0.0037479681455749,0.999992976339573,0.999992976339572,49.41366633880459,0.0,49.97486167078956,0.0,45.59505077555031,0.0,45.30214757229009,0.0,0.0,0.0,0.0,0.0,0.0,0.0
10.0,5.44812240612031,0.0037480133724269,0.0037480133679335,0.999992976170078,0.999992976170077,49.41366632690119,0.0,49.97486133431163,0.0,45.5950507715694,0.0,45.30214750143814,0.0,0.0,0.0,0.0,0.0,0.0,0.0
10.0,5.44837241862093,0.0037480585962708,0.0037480585917714,0.999992976000575,0.999992976000575,49.41366631500016,0.0,49.97486099781891,0.0,45.5950507675884,0.0,45.30214743058299,0.0,0.0,0.0,0.0,0.0,0.0,0.0
10.0,5.44862243112156,0.0037481038215939,0.0037481038170884,0.9999929758310652,0.999992975831065,49.41366630310151,0.0,49.9748606613114,0.0,45.595050763607325,0.0,45.30214735972466,0.0,0.0,0.0,0.0,0.0,0.0,0.0
10.0,5.44887244362218,0.0037481490483961,0.0037481490438845,0.999992975661548,0.999992975661547,49.413666291205246,0.0,49.97486032478907,0.0,45.59505075962619,0.0,45.30214728886313,0.0,0.0,0.0,0.0,0.0,0.0,0.0
10.0,5.44912245612281,0.0037481942766772,0.0037481942721595,0.999992975492022,0.999992975492022,49.413666279311386,0.0,49.97485998825197,0.0,45.59505075564498,0.0,45.30214721799841,0.0,0.0,0.0,0.0,0.0,0.0,0.0
10.0,5.44937246862343,0.0037482395064373,0.0037482395019135,0.99999297532249,0.999992975322489,49.413666267419934,0.0,49.97485965170006,0.0,45.5950507516637,0.0,45.302147147130505,0.0,0.0,0.0,0.0,0.0,0.0,0.0
10.0,5.44962248112406,0.0037482847376763,0.0037482847331464,0.999992975152949,0.999992975152948,49.413666255530885,0.0,49.974859315133344,0.0,45.59505074768236,0.0,45.302147076259416,0.0,0.0,0.0,0.0,0.0,0.0,0.0
10.0,5.44987249362468,0.0037483299703941,0.0037483299658581,0.999992974983401,0.9999929749834,49.41366624364426,0.0,49.97485897855184,0.0,45.59505074370095,0.0,45.30214700538512,0.0,0.0,0.0,0.0,0.0,0.0,0.0
10.0,5.45012250612531,0.0037483752045906,0.0037483752000486,0.999992974813846,0.999992974813845,49.41366623176007,0.0,49.974858641955535,0.0,45.59505073971948,0.0,45.30214693450765,0.0,0.0,0.0,0.0,0.0,0.0,0.0
10.0,5.45037251862593,0.0037484204402659,0.0037484204357177,0.999992974644282,0.999992974644282,49.41366621987831,0.0,49.97485830534444,0.0,45.59505073573796,0.0,45.30214686362697,0.0,0.0,0.0,0.0,0.0,0.0,0.0
10.0,5.45062253112656,0.0037484656774197,0.0037484656728655,0.999992974474712,0.999992974474711,49.41366620799899,0.0,49.97485796871853,0.0,45.59505073175637,0.0,45.30214679274312,0.0,0.0,0.0,0.0,0.0,0.0,0.0
10.0,5.45087254362718,0.0037485109160522,0.0037485109114919,0.999992974305133,0.999992974305132,49.413666196122136,0.0,49.97485763207784,0.0,45.59505072777473,0.0,45.30214672185607,0.0,0.0,0.0,0.0,0.0,0.0,0.0
10.0,5.45112255612781,0.0037485561561632,0.0037485561515968,0.9999929741355468,0.999992974135546,49.41366618424773,0.0,49.97485729542235,0.0,45.59505072379304,0.0,45.302146650965824,0.0,0.0,0.0,0.0,0.0,0.0,0.0
10.0,5.45137256862843,0.0037486013977526,0.0037486013931802,0.999992973965954,0.999992973965953,49.41366617237579,0.0,49.97485695875207,0.0,45.59505071981131,0.0,45.3021465800724,0.0,0.0,0.0,0.0,0.0,0.0,0.0
10.0,5.45162258112906,0.0037486466408204,0.003748646636242,0.999992973796353,0.999992973796352,49.413666160506345,0.0,49.97485662206698,0.0,45.59505071582953,0.0,45.302146509175785,0.0,0.0,0.0,0.0,0.0,0.0,0.0
10.0,5.45187259362968,0.0037486918853666,0.0037486918807821,0.999992973626744,0.999992973626743,49.41366614863936,0.0,49.9748562853671,0.0,45.5950507118477,0.0,45.30214643827597,0.0,0.0,0.0,0.0,0.0,0.0,0.0
10.0,5.45212260613031,0.003748737131391,0.0037487371268005,0.9999929734571272,0.999992973457127,49.41366613677487,0.0,49.974855948652426,0.0,45.595050707865816,0.0,45.30214636737296,0.0,0.0,0.0,0.0,0.0,0.0,0.0
10.0,5.45237261863093,0.0037487823788937,0.0037487823742971,0.999992973287504,0.9999929732875033,49.41366612491289,0.0,49.97485561192296,0.0,45.59505070388391,0.0,45.30214629646677,0.0,0.0,0.0,0.0,0.0,0.0,0.0
10.0,5.45262263113156,0.0037488276278745,0.0037488276232718,0.999992973117872,0.999992973117871,49.41366611305341,0.0,49.97485527517868,0.0,45.595050699901954,0.0,45.30214622555739,0.0,0.0,0.0,0.0,0.0,0.0,0.0
10.0,5.452872643632179,0.0037488728783334,0.0037488728737247,0.9999929729482332,0.999992972948232,49.413666101196455,0.0,49.974854938419625,0.0,45.59505069591997,0.0,45.30214615464482,0.0,0.0,0.0,0.0,0.0,0.0,0.0
10.0,5.45312265613281,0.0037489181302703,0.0037489181256556,0.999992972778586,0.999992972778586,49.41366608934201,0.0,49.97485460164577,0.0,45.59505069193795,0.0,45.302146083729056,0.0,0.0,0.0,0.0,0.0,0.0,0.0
10.0,5.45337266863343,0.0037489633836852,0.0037489633790645,0.999992972608932,0.999992972608931,49.41366607749009,0.0,49.97485426485711,0.0,45.595050687955904,0.0,45.3021460128101,0.0,0.0,0.0,0.0,0.0,0.0,0.0
10.0,5.45362268113406,0.0037490086385781,0.0037490086339512,0.99999297243927,0.99999297243927,49.413666065640726,0.0,49.97485392805366,0.0,45.59505068397383,0.0,45.30214594188796,0.0,0.0,0.0,0.0,0.0,0.0,0.0
10.0,5.45387269363468,0.0037490538949487,0.0037490538903159,0.999992972269601,0.9999929722696,49.4136660537939,0.0,49.97485359123541,0.0,45.595050679991736,0.0,45.30214587096263,0.0,0.0,0.0,0.0,0.0,0.0,0.0
10.0,5.45412270613531,0.0037490991527972,0.0037490991481583,0.999992972099924,0.999992972099923,49.41366604194963,0.0,49.97485325440236,0.0,45.59505067600963,0.0,45.3021458000341,0.0,0.0,0.0,0.0,0.0,0.0,0.0
10.0,5.45437271863593,0.0037491444121234,0.0037491444074785,0.999992971930239,0.999992971930239,49.41366603010793,0.0,49.97485291755452,0.0,45.5950506720275,0.0,45.30214572910238,0.0,0.0,0.0,0.0,0.0,0.0,0.0
10.0,5.45462273113656,0.0037491896729273,0.0037491896682764,0.999992971760547,0.999992971760546,49.4136660182688,0.0,49.974852580691895,0.0,45.59505066804535,0.0,45.30214565816747,0.0,0.0,0.0,0.0,0.0,0.0,0.0
10.0,5.45487274363718,0.0037492349352088,0.0037492349305518,0.999992971590847,0.999992971590847,49.41366600643224,0.0,49.97485224381445,0.0,45.5950506640632,0.0,45.30214558722938,0.0,0.0,0.0,0.0,0.0,0.0,0.0
10.0,5.45512275613781,0.0037492801989678,0.0037492801943049,0.99999297142114,0.999992971421139,49.41366599459828,0.0,49.97485190692223,0.0,45.59505066008104,0.0,45.30214551628809,0.0,0.0,0.0,0.0,0.0,0.0,0.0
10.0,5.45537276863843,0.0037493254642043,0.0037493254595354,0.999992971251425,0.999992971251424,49.41366598276691,0.0,49.97485157001522,0.0,45.59505065609888,0.0,45.30214544534362,0.0,0.0,0.0,0.0,0.0,0.0,0.0
10.0,5.45562278113906,0.0037493707309183,0.0037493707262433,0.999992971081702,0.999992971081701,49.41366597093816,0.0,49.9748512330934,0.0,45.59505065211671,0.0,45.30214537439596,0.0,0.0,0.0,0.0,0.0,0.0,0.0
10.0,5.45587279363968,0.0037494159991096,0.0037494159944286,0.999992970911972,0.999992970911971,49.413665959112,0.0,49.9748508961568,0.0,45.59505064813455,0.0,45.30214530344509,0.0,0.0,0.0,0.0,0.0,0.0,0.0
10.0,5.45612280614031,0.0037494612687783,0.0037494612640913,0.999992970742234,0.999992970742234,49.41366594728847,0.0,49.97485055920538,0.0,45.5950506441524,0.0,45.30214523249105,0.0,0.0,0.0,0.0,0.0,0.0,0.0
10.0,5.45637281864093,0.0037495065399241,0.0037495065352312,0.999992970572489,0.999992970572488,49.41366593546757,0.0,49.97485022223918,0.0,45.59505064017026,0.0,45.30214516153381,0.0,0.0,0.0,0.0,0.0,0.0,0.0
10.0,5.45662283114156,0.0037495518125472,0.0037495518078482,0.999992970402736,0.999992970402735,49.413665923649305,0.0,49.9748498852582,0.0,45.59505063618814,0.0,45.30214509057338,0.0,0.0,0.0,0.0,0.0,0.0,0.0
10.0,5.45687284364218,0.0037495970866474,0.0037495970819425,0.999992970232976,0.9999929702329752,49.4136659118337,0.0,49.9748495482624,0.0,45.595050632206046,0.0,45.30214501960976,0.0,0.0,0.0,0.0,0.0,0.0,0.0
10.0,5.45712285614281,0.0037496423622247,0.0037496423575137,0.999992970063207,0.999992970063207,49.413665900020746,0.0,49.97484921125182,0.0,45.59505062822396,0.0,45.30214494864296,0.0,0.0,0.0,0.0,0.0,0.0,0.0
10.0,5.45737286864343,0.003749687639279,0.003749687634562,0.999992969893432,0.9999929698934308,49.41366588821044,0.0,49.974848874226446,0.0,45.59505062424192,0.0,45.30214487767296,0.0,0.0,0.0,0.0,0.0,0.0,0.0
10.0,5.457622881144061,0.0037497329178102,0.0037497329130873,0.9999929697236488,0.9999929697236482,49.41366587640282,0.0,49.97484853718627,0.0,45.5950506202599,0.0,45.302144806699765,0.0,0.0,0.0,0.0,0.0,0.0,0.0
10.0,5.45787289364468,0.0037497781978183,0.0037497781930894,0.999992969553858,0.999992969553857,49.413665864597874,0.0,49.9748482001313,0.0,45.59505061627792,0.0,45.30214473572339,0.0,0.0,0.0,0.0,0.0,0.0,0.0
10.0,5.45812290614531,0.0037498234793032,0.0037498234745684,0.999992969384059,0.999992969384059,49.41366585279562,0.0,49.97484786306154,0.0,45.59505061229599,0.0,45.30214466474381,0.0,0.0,0.0,0.0,0.0,0.0,0.0
10.0,5.45837291864593,0.0037498687622649,0.0037498687575241,0.999992969214253,0.999992969214253,49.41366584099606,0.0,49.97484752597698,0.0,45.5950506083141,0.0,45.30214459376106,0.0,0.0,0.0,0.0,0.0,0.0,0.0
10.0,5.45862293114656,0.0037499140467034,0.0037499140419566,0.99999296904444,0.999992969044439,49.41366582919921,0.0,49.97484718887763,0.0,45.59505060433225,0.0,45.30214452277511,0.0,0.0,0.0,0.0,0.0,0.0,0.0
10.0,5.45887294364718,0.0037499593326184,0.0037499593278657,0.999992968874618,0.999992968874618,49.41366581740508,0.0,49.974846851763495,0.0,45.59505060035048,0.0,45.30214445178597,0.0,0.0,0.0,0.0,0.0,0.0,0.0
10.0,5.45912295614781,0.0037500046200101,0.0037500046152514,0.9999929687047902,0.999992968704789,49.41366580561365,0.0,49.97484651463456,0.0,45.59505059636876,0.0,45.30214438079364,0.0,0.0,0.0,0.0,0.0,0.0,0.0
10.0,5.45937296864843,0.0037500499088782,0.0037500499041136,0.999992968534953,0.9999929685349528,49.413665793824975,0.0,49.974846177490825,0.0,45.59505059238711,0.0,45.30214430979812,0.0,0.0,0.0,0.0,0.0,0.0,0.0
10.0,5.45962298114906,0.0037500951992229,0.0037500951944522,0.999992968365109,0.9999929683651088,49.41366578203903,0.0,49.9748458403323,0.0,45.595050588405535,0.0,45.30214423879941,0.0,0.0,0.0,0.0,0.0,0.0,0.0
10.0,5.45987299364968,0.0037501404910439,0.0037501404862673,0.999992968195258,0.999992968195257,49.41366577025585,0.0,49.97484550315899,0.0,45.59505058442404,0.0,45.30214416779751,0.0,0.0,0.0,0.0,0.0,0.0,0.0
10.0,5.46012300615031,0.0037501857843413,0.0037501857795588,0.999992968025399,0.999992968025398,49.41366575847542,0.0,49.97484516597087,0.0,45.595050580442624,0.0,45.30214409679242,0.0,0.0,0.0,0.0,0.0,0.0,0.0
10.0,5.46037301865093,0.0037502310791149,0.0037502310743265,0.999992967855532,0.999992967855531,49.41366574669775,0.0,49.97484482876797,0.0,45.5950505764613,0.0,45.30214402578414,0.0,0.0,0.0,0.0,0.0,0.0,0.0
10.0,5.46062303115156,0.0037502763753648,0.0037502763705704,0.999992967685657,0.9999929676856572,49.41366573492286,0.0,49.97484449155027,0.0,45.59505057248009,0.0,45.30214395477267,0.0,0.0,0.0,0.0,0.0,0.0,0.0
10.0,5.46087304365218,0.0037503216730909,0.0037503216682906,0.999992967515776,0.9999929675157748,49.41366572315076,0.0,49.97484415431778,0.0,45.59505056849897,0.0,45.30214388375801,0.0,0.0,0.0,0.0,0.0,0.0,0.0
10.0,5.46112305615281,0.003750366972293,0.0037503669674868,0.999992967345886,0.9999929673458852,49.41366571138144,0.0,49.9748438170705,0.0,45.59505056451796,0.0,45.30214381274016,0.0,0.0,0.0,0.0,0.0,0.0,0.0
10.0,5.46137306865343,0.0037504122729712,0.003750412268159,0.9999929671759888,0.999992967175989,49.41366569961493,0.0,49.97484347980841,0.0,45.59505056053707,0.0,45.30214374171912,0.0,0.0,0.0,0.0,0.0,0.0,0.0
10.0,5.46162308115406,0.0037504575751254,0.0037504575703073,0.999992967006084,0.999992967006084,49.41366568785124,0.0,49.97484314253155,0.0,45.5950505565563,0.0,45.30214367069488,0.0,0.0,0.0,0.0,0.0,0.0,0.0
10.0,5.46187309365468,0.0037505028787555,0.0037505028739315,0.999992966836172,0.999992966836171,49.41366567609036,0.0,49.97484280523988,0.0,45.595050552575664,0.0,45.30214359966746,0.0,0.0,0.0,0.0,0.0,0.0,0.0
10.0,5.46212310615531,0.0037505481838614,0.0037505481790315,0.999992966666252,0.999992966666252,49.41366566433231,0.0,49.97484246793343,0.0,45.595050548595175,0.0,45.30214352863685,0.0,0.0,0.0,0.0,0.0,0.0,0.0
10.0,5.46237311865593,0.0037505934904432,0.0037505934856074,0.9999929664963249,0.999992966496324,49.4136656525771,0.0,49.97484213061219,0.0,45.59505054461483,0.0,45.30214345760304,0.0,0.0,0.0,0.0,0.0,0.0,0.0
10.0,5.46262313115656,0.0037506387985007,0.003750638793659,0.99999296632639,0.9999929663263892,49.41366564082473,0.0,49.97484179327613,0.0,45.59505054063464,0.0,45.30214338656606,0.0,0.0,0.0,0.0,0.0,0.0,0.0
10.0,5.46287314365718,0.0037506841080339,0.0037506841031862,0.999992966156447,0.999992966156447,49.413665629075226,0.0,49.97484145592532,0.0,45.59505053665461,0.0,45.30214331552588,0.0,0.0,0.0,0.0,0.0,0.0,0.0
10.0,5.463123156157811,0.0037507294190427,0.0037507294141891,0.9999929659864968,0.999992965986496,49.41366561732858,0.0,49.97484111855968,0.0,45.59505053267476,0.0,45.3021432444825,0.0,0.0,0.0,0.0,0.0,0.0,0.0
10.0,5.46337316865843,0.003750774731527,0.0037507747266676,0.99999296581654,0.999992965816539,49.41366560558482,0.0,49.97484078117927,0.0,45.59505052869508,0.0,45.30214317343594,0.0,0.0,0.0,0.0,0.0,0.0,0.0
10.0,5.46362318115906,0.0037508200454869,0.0037508200406216,0.999992965646574,0.999992965646573,49.413665593843945,0.0,49.97484044378405,0.0,45.5950505247156,0.0,45.30214310238619,0.0,0.0,0.0,0.0,0.0,0.0,0.0
10.0,5.46387319365968,0.0037508653609222,0.003750865356051,0.999992965476601,0.9999929654766,49.41366558210595,0.0,49.974840106374046,0.0,45.59505052073632,0.0,45.30214303133325,0.0,0.0,0.0,0.0,0.0,0.0,0.0
10.0,5.46412320616031,0.0037509106778328,0.0037509106729558,0.99999296530662,0.99999296530662,49.41366557037087,0.0,49.97483976894926,0.0,45.59505051675725,0.0,45.30214296027712,0.0,0.0,0.0,0.0,0.0,0.0,0.0
10.0,5.46437321866093,0.0037509559962188,0.0037509559913359,0.999992965136632,0.999992965136632,49.41366555863869,0.0,49.97483943150967,0.0,45.59505051277839,0.0,45.3021428892178,0.0,0.0,0.0,0.0,0.0,0.0,0.0
10.0,5.46462323116156,0.0037510013160801,0.0037510013111913,0.9999929649666368,0.999992964966636,49.41366554690943,0.0,49.9748390940553,0.0,45.59505050879978,0.0,45.30214281815528,0.0,0.0,0.0,0.0,0.0,0.0,0.0
10.0,5.46487324366218,0.0037510466374165,0.0037510466325218,0.999992964796633,0.999992964796633,49.41366553518311,0.0,49.97483875658613,0.0,45.5950505048214,0.0,45.30214274708958,0.0,0.0,0.0,0.0,0.0,0.0,0.0
10.0,5.46512325616281,0.0037510919602281,0.0037510919553276,0.999992964626622,0.999992964626622,49.41366552345972,0.0,49.97483841910216,0.0,45.59505050084327,0.0,45.30214267602069,0.0,0.0,0.0,0.0,0.0,0.0,0.0
10.0,5.465373268663431,0.0037511372845148,0.0037511372796083,0.999992964456604,0.999992964456603,49.41366551173928,0.0,49.97483808160341,0.0,45.59505049686541,0.0,45.30214260494861,0.0,0.0,0.0,0.0,0.0,0.0,0.0
10.0,5.46562328116406,0.0037511826102764,0.0037511826053642,0.999992964286578,0.999992964286577,49.4136655000218,0.0,49.97483774408986,0.0,45.595050492887815,0.0,45.30214253387334,0.0,0.0,0.0,0.0,0.0,0.0,0.0
10.0,5.46587329366468,0.0037512279375131,0.0037512279325949,0.999992964116544,0.9999929641165431,49.413665488307295,0.0,49.97483740656153,0.0,45.59505048891052,0.0,45.30214246279488,0.0,0.0,0.0,0.0,0.0,0.0,0.0
10.0,5.46612330616531,0.0037512732662246,0.0037512732613006,0.999992963946503,0.999992963946502,49.41366547659576,0.0,49.9748370690184,0.0,45.59505048493352,0.0,45.302142391713225,0.0,0.0,0.0,0.0,0.0,0.0,0.0
10.0,5.46637331866593,0.0037513185964109,0.0037513185914811,0.999992963776454,0.999992963776454,49.41366546488722,0.0,49.974836731460485,0.0,45.59505048095684,0.0,45.302142320628384,0.0,0.0,0.0,0.0,0.0,0.0,0.0
10.0,5.46662333116656,0.0037513639280721,0.0037513639231364,0.999992963606398,0.999992963606397,49.41366545318166,0.0,49.97483639388777,0.0,45.59505047698049,0.0,45.30214224954035,0.0,0.0,0.0,0.0,0.0,0.0,0.0
10.0,5.46687334366718,0.0037514092612079,0.0037514092562664,0.999992963436334,0.999992963436333,49.41366544147912,0.0,49.97483605630028,0.0,45.59505047300448,0.0,45.30214217844913,0.0,0.0,0.0,0.0,0.0,0.0,0.0
10.0,5.46712335616781,0.0037514545958184,0.0037514545908711,0.999992963266262,0.999992963266261,49.413665429779584,0.0,49.97483571869798,0.0,45.59505046902883,0.0,45.30214210735472,0.0,0.0,0.0,0.0,0.0,0.0,0.0
10.0,5.46737336866843,0.0037514999319035,0.0037514999269504,0.999992963096183,0.999992963096182,49.41366541808308,0.0,49.974835381080894,0.0,45.595050465053546,0.0,45.30214203625712,0.0,0.0,0.0,0.0,0.0,0.0,0.0
10.0,5.46762338116906,0.0037515452694632,0.0037515452645042,0.999992962926096,0.999992962926095,49.4136654063896,0.0,49.97483504344903,0.0,45.59505046107866,0.0,45.30214196515633,0.0,0.0,0.0,0.0,0.0,0.0,0.0
10.0,5.46787339366968,0.0037515906084973,0.0037515906035325,0.999992962756002,0.999992962756001,49.41366539469918,0.0,49.974834705802365,0.0,45.59505045710418,0.0,45.30214189405235,0.0,0.0,0.0,0.0,0.0,0.0,0.0
10.0,5.46812340617031,0.0037516359490058,0.0037516359440352,0.9999929625859,0.999992962585899,49.41366538301181,0.0,49.9748343681409,0.0,45.59505045313012,0.0,45.30214182294517,0.0,0.0,0.0,0.0,0.0,0.0,0.0
10.0,5.46837341867093,0.0037516812909887,0.0037516812860122,0.9999929624157902,0.9999929624157892,49.41366537132749,0.0,49.97483403046466,0.0,45.5950504491565,0.0,45.30214175183481,0.0,0.0,0.0,0.0,0.0,0.0,0.0
10.0,5.468623431171559,0.0037517266344458,0.0037517266294636,0.9999929622456728,0.999992962245672,49.41366535964626,0.0,49.97483369277363,0.0,45.59505044518336,0.0,45.30214168072127,0.0,0.0,0.0,0.0,0.0,0.0,0.0
10.0,5.46887344367218,0.0037517719793772,0.0037517719743892,0.999992962075548,0.999992962075548,49.4136653479681,0.0,49.9748333550678,0.0,45.595050441210674,0.0,45.302141609604526,0.0,0.0,0.0,0.0,0.0,0.0,0.0
10.0,5.46912345617281,0.0037518173257828,0.0037518173207889,0.999992961905416,0.999992961905416,49.41366533629304,0.0,49.97483301734718,0.0,45.59505043723851,0.0,45.302141538484605,0.0,0.0,0.0,0.0,0.0,0.0,0.0
10.0,5.46937346867343,0.0037518626736625,0.0037518626686628,0.999992961735276,0.999992961735276,49.41366532462108,0.0,49.97483267961177,0.0,45.59505043326686,0.0,45.30214146736147,0.0,0.0,0.0,0.0,0.0,0.0,0.0
10.0,5.46962348117406,0.0037519080230162,0.0037519080180108,0.9999929615651288,0.999992961565128,49.41366531295224,0.0,49.97483234186158,0.0,45.59505042929576,0.0,45.302141396235164,0.0,0.0,0.0,0.0,0.0,0.0,0.0
10.0,5.46987349367468,0.0037519533738439,0.0037519533688327,0.999992961394974,0.999992961394973,49.413665301286514,0.0,49.97483200409659,0.0,45.595050425325226,0.0,45.30214132510566,0.0,0.0,0.0,0.0,0.0,0.0,0.0
10.0,5.47012350617531,0.0037519987261455,0.0037519987211286,0.9999929612248109,0.9999929612248109,49.41366528962392,0.0,49.97483166631682,0.0,45.59505042135528,0.0,45.30214125397298,0.0,0.0,0.0,0.0,0.0,0.0,0.0
10.0,5.47037351867593,0.0037520440799211,0.0037520440748983,0.999992961054641,0.99999296105464,49.41366527796448,0.0,49.97483132852225,0.0,45.59505041738596,0.0,45.30214118283709,0.0,0.0,0.0,0.0,0.0,0.0,0.0
10.0,5.47062353117656,0.0037520894351704,0.0037520894301419,0.999992960884463,0.999992960884462,49.41366526630818,0.0,49.974830990712896,0.0,45.59505041341726,0.0,45.30214111169803,0.0,0.0,0.0,0.0,0.0,0.0,0.0
10.0,5.470873543677181,0.0037521347918935,0.0037521347868592,0.999992960714278,0.999992960714277,49.41366525465505,0.0,49.97483065288876,0.0,45.59505040944926,0.0,45.30214104055577,0.0,0.0,0.0,0.0,0.0,0.0,0.0
10.0,5.47112355617781,0.0037521801500902,0.0037521801450502,0.999992960544085,0.999992960544084,49.41366524300509,0.0,49.974830315049815,0.0,45.59505040548194,0.0,45.30214096941032,0.0,0.0,0.0,0.0,0.0,0.0,0.0
10.0,5.47137356867843,0.0037522255097606,0.0037522255047148,0.999992960373884,0.999992960373884,49.41366523135831,0.0,49.974829977196094,0.0,45.59505040151536,0.0,45.30214089826168,0.0,0.0,0.0,0.0,0.0,0.0,0.0
10.0,5.47162358117906,0.0037522708709046,0.003752270865853,0.999992960203676,0.999992960203675,49.41366521971472,0.0,49.97482963932758,0.0,45.59505039754953,0.0,45.30214082710986,0.0,0.0,0.0,0.0,0.0,0.0,0.0
10.0,5.47187359367968,0.0037523162335221,0.0037523162284647,0.99999296003346,0.99999296003346,49.41366520807434,0.0,49.97482930144429,0.0,45.5950503935845,0.0,45.30214075595483,0.0,0.0,0.0,0.0,0.0,0.0,0.0
10.0,5.47212360618031,0.003752361597613,0.0037523615925499,0.9999929598632368,0.999992959863236,49.41366519643717,0.0,49.97482896354619,0.0,45.5950503896203,0.0,45.30214068479663,0.0,0.0,0.0,0.0,0.0,0.0,0.0
10.0,5.47237361868093,0.0037524069631773,0.0037524069581085,0.999992959693006,0.999992959693005,49.41366518480324,0.0,49.97482862563331,0.0,45.59505038565696,0.0,45.30214061363523,0.0,0.0,0.0,0.0,0.0,0.0,0.0
10.0,5.47262363118156,0.0037524523302149,0.0037524523251404,0.999992959522768,0.999992959522767,49.413665173172525,0.0,49.974828287705634,0.0,45.59505038169452,0.0,45.302140542470646,0.0,0.0,0.0,0.0,0.0,0.0,0.0
10.0,5.47287364368218,0.0037524976987258,0.0037524976936455,0.999992959352522,0.999992959352521,49.413665161545055,0.0,49.97482794976318,0.0,45.59505037773301,0.0,45.30214047130286,0.0,0.0,0.0,0.0,0.0,0.0,0.0
10.0,5.47312365618281,0.0037525430687099,0.0037525430636239,0.999992959182268,0.999992959182267,49.41366514992084,0.0,49.97482761180593,0.0,45.59505037377249,0.0,45.302140400131904,0.0,0.0,0.0,0.0,0.0,0.0,0.0
10.0,5.47337366868343,0.0037525884401672,0.0037525884350755,0.999992959012006,0.999992959012006,49.4136651382999,0.0,49.97482727383389,0.0,45.59505036981299,0.0,45.30214032895775,0.0,0.0,0.0,0.0,0.0,0.0,0.0
10.0,5.47362368118406,0.0037526338130975,0.0037526338080001,0.999992958841738,0.999992958841737,49.41366512668223,0.0,49.97482693584707,0.0,45.59505036585457,0.0,45.3021402577804,0.0,0.0,0.0,0.0,0.0,0.0,0.0
10.0,5.47387369368469,0.0037526791875009,0.0037526791823977,0.999992958671462,0.999992958671461,49.41366511506784,0.0,49.97482659784545,0.0,45.59505036189726,0.0,45.30214018659986,0.0,0.0,0.0,0.0,0.0,0.0,0.0
10.0,5.474123706185309,0.0037527245633772,0.0037527245582683,0.999992958501177,0.9999929585011772,49.41366510345675,0.0,49.97482625982906,0.0,45.59505035794111,0.0,45.302140115416144,0.0,0.0,0.0,0.0,0.0,0.0,0.0
10.0,5.47437371868593,0.0037527699407265,0.0037527699356119,0.999992958330886,0.9999929583308852,49.413665091848976,0.0,49.97482592179786,0.0,45.59505035398619,0.0,45.30214004422922,0.0,0.0,0.0,0.0,0.0,0.0,0.0
10.0,5.47462373118656,0.0037528153195485,0.0037528153144283,0.999992958160587,0.999992958160586,49.413665080244506,0.0,49.97482558375189,0.0,45.595050350032544,0.0,45.30213997303912,0.0,0.0,0.0,0.0,0.0,0.0,0.0
10.0,5.47487374368718,0.0037528606998434,0.0037528606947174,0.99999295799028,0.999992957990279,49.413665068643375,0.0,49.97482524569112,0.0,45.59505034608024,0.0,45.30213990184582,0.0,0.0,0.0,0.0,0.0,0.0,0.0
10.0,5.47512375618781,0.003752906081611,0.0037529060764793,0.999992957819965,0.999992957819965,49.41366505704558,0.0,49.97482490761557,0.0,45.595050342129326,0.0,45.30213983064934,0.0,0.0,0.0,0.0,0.0,0.0,0.0
10.0,5.47537376868843,0.0037529514648512,0.0037529514597139,0.9999929576496428,0.9999929576496428,49.413665045451125,0.0,49.974824569525225,0.0,45.59505033817987,0.0,45.30213975944967,0.0,0.0,0.0,0.0,0.0,0.0,0.0
10.0,5.47562378118906,0.0037529968495641,0.0037529968444211,0.999992957479314,0.999992957479313,49.41366503386004,0.0,49.97482423142009,0.0,45.59505033423194,0.0,45.30213968824681,0.0,0.0,0.0,0.0,0.0,0.0,0.0
10.0,5.47587379368968,0.0037530422357495,0.0037530422306008,0.9999929573089767,0.999992957308976,49.413665022272326,0.0,49.974823893300176,0.0,45.59505033028562,0.0,45.30213961704075,0.0,0.0,0.0,0.0,0.0,0.0,0.0
10.0,5.47612380619031,0.0037530876234074,0.003753087618253,0.999992957138632,0.999992957138631,49.41366501068799,0.0,49.97482355516546,0.0,45.59505032634098,0.0,45.30213954583151,0.0,0.0,0.0,0.0,0.0,0.0,0.0
10.0,5.47637381869094,0.0037531330125377,0.0037531330073776,0.99999295696828,0.999992956968279,49.41366499910705,0.0,49.97482321701597,0.0,45.5950503223981,0.0,45.30213947461908,0.0,0.0,0.0,0.0,0.0,0.0,0.0
10.0,5.47662383119156,0.0037531784031403,0.0037531783979746,0.99999295679792,0.999992956797919,49.41366498752952,0.0,49.9748228788517,0.0,45.59505031845706,0.0,45.302139403403466,0.0,0.0,0.0,0.0,0.0,0.0,0.0
10.0,5.47687384369218,0.0037532237952153,0.0037532237900439,0.999992956627552,0.999992956627552,49.413664975955385,0.0,49.97482254067263,0.0,45.59505031451798,0.0,45.30213933218465,0.0,0.0,0.0,0.0,0.0,0.0,0.0
10.0,5.47712385619281,0.0037532691887625,0.0037532691835855,0.999992956457177,0.999992956457177,49.41366496438469,0.0,49.97482220247878,0.0,45.59505031058092,0.0,45.30213926096265,0.0,0.0,0.0,0.0,0.0,0.0,0.0
10.0,5.47737386869343,0.0037533145837819,0.0037533145785992,0.999992956286795,0.999992956286794,49.41366495281741,0.0,49.974821864270126,0.0,45.595050306646,0.0,45.30213918973746,0.0,0.0,0.0,0.0,0.0,0.0,0.0
10.0,5.47762388119406,0.0037533599802734,0.0037533599750851,0.999992956116404,0.999992956116404,49.41366494125361,0.0,49.974821526046696,0.0,45.59505030271332,0.0,45.30213911850908,0.0,0.0,0.0,0.0,0.0,0.0,0.0
10.0,5.47787389369469,0.003753405378237,0.003753405373043,0.999992955946007,0.999992955946006,49.413664929693255,0.0,49.97482118780848,0.0,45.595050298783,0.0,45.30213904727751,0.0,0.0,0.0,0.0,0.0,0.0,0.0
10.0,5.47812390619531,0.0037534507776726,0.003753450772473,0.999992955775601,0.999992955775601,49.41366491813636,0.0,49.97482084955547,0.0,45.59505029485517,0.0,45.30213897604276,0.0,0.0,0.0,0.0,0.0,0.0,0.0
10.0,5.47837391869593,0.0037534961785801,0.0037534961733748,0.999992955605188,0.999992955605188,49.41366490658295,0.0,49.97482051128768,0.0,45.59505029092997,0.0,45.3021389048048,0.0,0.0,0.0,0.0,0.0,0.0,0.0
10.0,5.47862393119656,0.0037535415809595,0.0037535415757486,0.999992955434768,0.999992955434767,49.41366489503303,0.0,49.97482017300511,0.0,45.59505028700752,0.0,45.30213883356367,0.0,0.0,0.0,0.0,0.0,0.0,0.0
10.0,5.47887394369718,0.0037535869848107,0.0037535869795942,0.99999295526434,0.999992955264339,49.41366488348662,0.0,49.97481983470774,0.0,45.59505028308799,0.0,45.30213876231934,0.0,0.0,0.0,0.0,0.0,0.0,0.0
10.0,5.47912395619781,0.0037536323901337,0.0037536323849116,0.999992955093904,0.999992955093903,49.41366487194372,0.0,49.97481949639559,0.0,45.59505027917152,0.0,45.30213869107182,0.0,0.0,0.0,0.0,0.0,0.0,0.0
10.0,5.47937396869844,0.0037536777969283,0.0037536777917006,0.999992954923461,0.99999295492346,49.413664860404346,0.0,49.97481915806865,0.0,45.595050275258295,0.0,45.30213861982112,0.0,0.0,0.0,0.0,0.0,0.0,0.0
10.0,5.47962398119906,0.0037537232051947,0.0037537231999613,0.99999295475301,0.999992954753009,49.41366484886851,0.0,49.97481881972693,0.0,45.59505027134849,0.0,45.302138548567214,0.0,0.0,0.0,0.0,0.0,0.0,0.0
10.0,5.47987399369968,0.0037537686149325,0.0037537686096936,0.9999929545825508,0.99999295458255,49.41366483733622,0.0,49.97481848137041,0.0,45.5950502674423,0.0,45.30213847731013,0.0,0.0,0.0,0.0,0.0,0.0,0.0
10.0,5.48012400620031,0.003753814026142,0.0037538140208974,0.9999929544120848,0.999992954412085,49.41366482580749,0.0,49.97481814299912,0.0,45.59505026353997,0.0,45.30213840604986,0.0,0.0,0.0,0.0,0.0,0.0,0.0
10.0,5.48037401870094,0.0037538594388228,0.0037538594335727,0.999992954241611,0.999992954241611,49.41366481428232,0.0,49.97481780461303,0.0,45.59505025964169,0.0,45.3021383347864,0.0,0.0,0.0,0.0,0.0,0.0,0.0
10.0,5.48062403120156,0.0037539048529751,0.0037539048477194,0.99999295407113,0.9999929540711288,49.41366480276075,0.0,49.974817466212166,0.0,45.59505025574772,0.0,45.30213826351975,0.0,0.0,0.0,0.0,0.0,0.0,0.0
10.0,5.48087404370219,0.0037539502685987,0.0037539502633374,0.999992953900641,0.999992953900641,49.41366479124276,0.0,49.974817127796506,0.0,45.59505025185832,0.0,45.3021381922499,0.0,0.0,0.0,0.0,0.0,0.0,0.0
10.0,5.48112405620281,0.0037539956856936,0.0037539956804267,0.999992953730145,0.999992953730144,49.41366477972838,0.0,49.97481678936607,0.0,45.59505024797378,0.0,45.30213812097687,0.0,0.0,0.0,0.0,0.0,0.0,0.0
10.0,5.48137406870343,0.0037540411042597,0.0037540410989872,0.9999929535596408,0.99999295355964,49.41366476821762,0.0,49.97481645092084,0.0,45.59505024409442,0.0,45.302138049700645,0.0,0.0,0.0,0.0,0.0,0.0,0.0
10.0,5.48162408120406,0.0037540865242969,0.0037540865190189,0.9999929533891292,0.9999929533891292,49.41366475671049,0.0,49.97481611246083,0.0,45.59505024022057,0.0,45.30213797842124,0.0,0.0,0.0,0.0,0.0,0.0,0.0
10.0,5.48187409370469,0.0037541319458053,0.0037541319405216,0.99999295321861,0.999992953218609,49.41366474520698,0.0,49.97481577398603,0.0,45.59505023635258,0.0,45.30213790713864,0.0,0.0,0.0,0.0,0.0,0.0,0.0
10.0,5.48212410620531,0.0037541773687846,0.0037541773634955,0.999992953048083,0.999992953048083,49.41366473370714,0.0,49.974815435496446,0.0,45.59505023249088,0.0,45.30213783585285,0.0,0.0,0.0,0.0,0.0,0.0,0.0
10.0,5.48237411870593,0.003754222793235,0.0037542227879403,0.9999929528775492,0.999992952877548,49.41366472221096,0.0,49.97481509699208,0.0,45.59505022863587,0.0,45.302137764563874,0.0,0.0,0.0,0.0,0.0,0.0,0.0
10.0,5.48262413120656,0.0037542682191563,0.003754268213856,0.999992952707007,0.999992952707006,49.41366471071846,0.0,49.97481475847293,0.0,45.59505022478803,0.0,45.302137693271696,0.0,0.0,0.0,0.0,0.0,0.0,0.0
10.0,5.48287414370719,0.0037543136465484,0.0037543136412426,0.999992952536458,0.999992952536457,49.41366469922964,0.0,49.97481441993898,0.0,45.59505022094787,0.0,45.30213762197634,0.0,0.0,0.0,0.0,0.0,0.0,0.0
10.0,5.48312415620781,0.0037543590754113,0.0037543590701,0.9999929523659012,0.9999929523659,49.41366468774452,0.0,49.97481408139026,0.0,45.595050217115975,0.0,45.3021375506778,0.0,0.0,0.0,0.0,0.0,0.0,0.0
10.0,5.48337416870844,0.003754404505745,0.0037544045004281,0.999992952195336,0.999992952195335,49.41366467626311,0.0,49.97481374282674,0.0,45.59505021329295,0.0,45.30213747937605,0.0,0.0,0.0,0.0,0.0,0.0,0.0
10.0,5.48362418120906,0.0037544499375493,0.0037544499322269,0.999992952024764,0.999992952024763,49.41366466478542,0.0,49.97481340424845,0.0,45.59505020947947,0.0,45.302137408071125,0.0,0.0,0.0,0.0,0.0,0.0,0.0
10.0,5.48387419370969,0.0037544953708243,0.0037544953654963,0.999992951854184,0.9999929518541832,49.41366465331146,0.0,49.97481306565537,0.0,45.59505020567631,0.0,45.30213733676302,0.0,0.0,0.0,0.0,0.0,0.0,0.0
10.0,5.48412420621031,0.0037545408055698,0.0037545408002363,0.999992951683596,0.999992951683596,49.41366464184127,0.0,49.97481272704751,0.0,45.59505020188428,0.0,45.302137265451705,0.0,0.0,0.0,0.0,0.0,0.0,0.0
10.0,5.484374218710941,0.0037545862417857,0.0037545862364468,0.999992951513001,0.999992951513,49.41366463037482,0.0,49.97481238842485,0.0,45.59505019810432,0.0,45.30213719413722,0.0,0.0,0.0,0.0,0.0,0.0,0.0
10.0,5.48462423121156,0.0037546316794722,0.0037546316741277,0.999992951342398,0.999992951342398,49.41366461891214,0.0,49.97481204978742,0.0,45.59505019433743,0.0,45.30213712281954,0.0,0.0,0.0,0.0,0.0,0.0,0.0
10.0,5.48487424371219,0.003754677118629,0.003754677113279,0.999992951171788,0.999992951171788,49.41366460745325,0.0,49.9748117111352,0.0,45.59505019058479,0.0,45.30213705149866,0.0,0.0,0.0,0.0,0.0,0.0,0.0
10.0,5.48512425621281,0.0037547225592561,0.0037547225539006,0.99999295100117,0.99999295100117,49.41366459599815,0.0,49.9748113724682,0.0,45.59505018684765,0.0,45.3021369801746,0.0,0.0,0.0,0.0,0.0,0.0,0.0
10.0,5.48537426871344,0.0037547680013535,0.0037547679959925,0.999992950830545,0.999992950830545,49.41366458454686,0.0,49.9748110337864,0.0,45.59505018312745,0.0,45.30213690884735,0.0,0.0,0.0,0.0,0.0,0.0,0.0
10.0,5.48562428121406,0.003754813444921,0.0037548134395545,0.999992950659912,0.999992950659911,49.41366457309939,0.0,49.97481069508983,0.0,45.59505017942581,0.0,45.302136837516905,0.0,0.0,0.0,0.0,0.0,0.0,0.0
10.0,5.48587429371469,0.0037548588899587,0.0037548588845867,0.999992950489272,0.9999929504892708,49.41366456165575,0.0,49.97481035637848,0.0,45.59505017574456,0.0,45.30213676618328,0.0,0.0,0.0,0.0,0.0,0.0,0.0
10.0,5.48612430621531,0.0037549043364665,0.003754904331089,0.999992950318624,0.999992950318623,49.41366455021596,0.0,49.97481001765233,0.0,45.59505017208574,0.0,45.30213669484645,0.0,0.0,0.0,0.0,0.0,0.0,0.0
10.0,5.48637431871594,0.0037549497844442,0.0037549497790613,0.999992950147968,0.999992950147967,49.41366453878001,0.0,49.97480967891141,0.0,45.59505016845174,0.0,45.30213662350644,0.0,0.0,0.0,0.0,0.0,0.0,0.0
10.0,5.486624331216561,0.003754995233892,0.0037549952285035,0.999992949977304,0.999992949977304,49.41366452734794,0.0,49.9748093401557,0.0,45.59505016484523,0.0,45.302136552163255,0.0,0.0,0.0,0.0,0.0,0.0,0.0
10.0,5.48687434371719,0.0037550406848096,0.0037550406794157,0.999992949806634,0.999992949806633,49.41366451591976,0.0,49.97480900138521,0.0,45.59505016126933,0.0,45.30213648081687,0.0,0.0,0.0,0.0,0.0,0.0,0.0
10.0,5.48712435621781,0.003755086137197,0.0037550861317977,0.999992949635955,0.999992949635954,49.41366450449546,0.0,49.97480866259993,0.0,45.5950501577276,0.0,45.302136409467295,0.0,0.0,0.0,0.0,0.0,0.0,0.0
10.0,5.48737436871844,0.0037551315910542,0.0037551315856494,0.9999929494652688,0.999992949465268,49.41366449307507,0.0,49.97480832379987,0.0,45.595050154224175,0.0,45.30213633811453,0.0,0.0,0.0,0.0,0.0,0.0,0.0
10.0,5.48762438121906,0.0037551770463811,0.0037551770409709,0.9999929492945752,0.999992949294575,49.4136644816586,0.0,49.97480798498503,0.0,45.59505015076393,0.0,45.302136266758566,0.0,0.0,0.0,0.0,0.0,0.0,0.0
10.0,5.48787439371969,0.0037552225031777,0.003755222497762,0.999992949123874,0.999992949123874,49.41366447024606,0.0,49.9748076461554,0.0,45.595050147352566,0.0,45.30213619539943,0.0,0.0,0.0,0.0,0.0,0.0,0.0
10.0,5.48812440622031,0.0037552679614439,0.0037552679560228,0.999992948953165,0.999992948953165,49.41366445883747,0.0,49.97480730731099,0.0,45.5950501439968,0.0,45.3021361240371,0.0,0.0,0.0,0.0,0.0,0.0,0.0
10.0,5.48837441872094,0.0037553134211796,0.003755313415753,0.999992948782449,0.999992948782448,49.41366444743283,0.0,49.974806968451794,0.0,45.59505014070468,0.0,45.30213605267158,0.0,0.0,0.0,0.0,0.0,0.0,0.0
10.0,5.48862443122156,0.0037553588823847,0.0037553588769527,0.999992948611725,0.999992948611724,49.41366443603216,0.0,49.97480662957782,0.0,45.59505013748587,0.0,45.30213598130287,0.0,0.0,0.0,0.0,0.0,0.0,0.0
10.0,5.48887444372219,0.0037554043450593,0.0037554043396219,0.999992948440993,0.999992948440993,49.413664424635485,0.0,49.97480629068905,0.0,45.595050134352086,0.0,45.30213590993096,0.0,0.0,0.0,0.0,0.0,0.0,0.0
10.0,5.48912445622281,0.0037554498092032,0.0037554498037604,0.999992948270255,0.999992948270254,49.4136644132428,0.0,49.97480595178552,0.0,45.59505013131764,0.0,45.30213583855588,0.0,0.0,0.0,0.0,0.0,0.0,0.0
10.0,5.48937446872344,0.0037554952748164,0.0037554952693682,0.999992948099508,0.999992948099507,49.41366440185412,0.0,49.97480561286719,0.0,45.5950501284003,0.0,45.3021357671776,0.0,0.0,0.0,0.0,0.0,0.0,0.0
10.0,5.48962448122406,0.0037555407418989,0.0037555407364452,0.999992947928753,0.999992947928753,49.41366439046945,0.0,49.97480527393408,0.0,45.59505012562231,0.0,45.30213569579613,0.0,0.0,0.0,0.0,0.0,0.0,0.0
10.0,5.489874493724689,0.0037555862104505,0.0037555862049914,0.999992947757991,0.999992947757991,49.41366437908884,0.0,49.97480493498618,0.0,45.59505012301187,0.0,45.30213562441147,0.0,0.0,0.0,0.0,0.0,0.0,0.0
10.0,5.49012450622531,0.0037556316804712,0.0037556316750067,0.999992947587222,0.999992947587221,49.413664367712265,0.0,49.97480459602351,0.0,45.59505012060539,0.0,45.302135553023625,0.0,0.0,0.0,0.0,0.0,0.0,0.0
10.0,5.49037451872594,0.0037556771519609,0.0037556771464911,0.999992947416445,0.999992947416444,49.413664356339744,0.0,49.97480425704606,0.0,45.59505011845061,0.0,45.30213548163259,0.0,0.0,0.0,0.0,0.0,0.0,0.0
10.0,5.49062453122656,0.0037557226249197,0.0037557226194444,0.99999294724566,0.999992947245659,49.4136643449713,0.0,49.97480391805381,0.0,45.59505011661143,0.0,45.30213541023837,0.0,0.0,0.0,0.0,0.0,0.0,0.0
10.0,5.49087454372719,0.0037557680993473,0.0037557680938667,0.999992947074868,0.999992947074867,49.41366433360695,0.0,49.97480357904679,0.0,45.59505011517536,0.0,45.30213533884095,0.0,0.0,0.0,0.0,0.0,0.0,0.0
10.0,5.49112455622781,0.0037558135752439,0.0037558135697579,0.999992946904068,0.999992946904067,49.41366432224669,0.0,49.97480324002499,0.0,45.59505011426548,0.0,45.30213526744035,0.0,0.0,0.0,0.0,0.0,0.0,0.0
10.0,5.49137456872844,0.0037558590526092,0.0037558590471178,0.999992946733261,0.99999294673326,49.41366431089056,0.0,49.9748029009884,0.0,45.59505011406072,0.0,45.30213519603656,0.0,0.0,0.0,0.0,0.0,0.0,0.0
10.0,5.49162458122906,0.0037559045314433,0.0037559045259466,0.999992946562446,0.999992946562445,49.41366429953854,0.0,49.97480256193703,0.0,45.595050114831416,0.0,45.30213512462959,0.0,0.0,0.0,0.0,0.0,0.0,0.0
10.0,5.49187459372969,0.0037559500117461,0.003755950006244,0.999992946391623,0.999992946391622,49.41366428819067,0.0,49.97480222287088,0.0,45.595050117006274,0.0,45.30213505321941,0.0,0.0,0.0,0.0,0.0,0.0,0.0
10.0,5.492124606230309,0.0037559954935175,0.00375599548801,0.999992946220793,0.999992946220792,49.413664276846944,0.0,49.97480188378995,0.0,45.59505012130835,0.0,45.302134981806056,0.0,0.0,0.0,0.0,0.0,0.0,0.0
10.0,5.49237461873094,0.0037560409767575,0.0037560409712446,0.9999929460499551,0.999992946049954,49.41366426550739,0.0,49.97480154469422,0.0,45.59505012905979,0.0,45.30213491038951,0.0,0.0,0.0,0.0,0.0,0.0,0.0
10.0,5.49262463123156,0.0037560864614659,0.0037560864559477,0.99999294587911,0.999992945879109,49.41366425417202,0.0,49.97480120558373,0.0,45.59505014296475,0.0,45.30213483896976,0.0,0.0,0.0,0.0,0.0,0.0,0.0
10.0,5.49287464373219,0.0037561319476428,0.0037561319421193,0.999992945708257,0.999992945708256,49.41366424284084,0.0,49.97480086645845,0.0,45.59505016955355,0.0,45.30213476754684,0.0,0.0,0.0,0.0,0.0,0.0,0.0
10.0,5.49312465623281,0.0037561774352881,0.0037561774297593,0.999992945537396,0.999992945537396,49.41366423151388,0.0,49.97480052731839,0.0,45.59505022965391,0.0,45.30213469612072,0.0,0.0,0.0,0.0,0.0,0.0,0.0
10.0,5.49337466873344,0.0037562229244018,0.0037562229188676,0.999992945366528,0.999992945366528,49.41366422019112,0.0,49.97480018816355,0.0,45.595050444833454,0.0,45.30213462469142,0.0,0.0,0.0,0.0,0.0,0.0,0.0
10.0,5.49362468123406,0.0037562684149837,0.0037562684094441,0.9999929451956532,0.999992945195652,49.41366420887261,0.0,49.974799848993925,0.0,45.59504812601354,0.0,45.30213455325893,0.0,0.0,0.0,0.0,0.0,0.0,0.0
10.0,5.49387469373469,0.0037563139070338,0.0037563139014889,0.9999929450247692,0.9999929450247692,49.41366419755834,0.0,49.97479950980952,0.0,45.59504975395409,0.0,45.302134481823245,0.0,0.0,0.0,0.0,0.0,0.0,0.0
10.0,5.49412470623531,0.003756359400552,0.0037563593950018,0.9999929448538792,0.999992944853878,49.41366418624833,0.0,49.97479917061033,0.0,45.59504987986262,0.0,45.302134410384376,0.0,0.0,0.0,0.0,0.0,0.0,0.0
10.0,5.49437471873594,0.0037564048955383,0.0037564048899828,0.99999294468298,0.99999294468298,49.41366417494262,0.0,49.97479883139636,0.0,45.59504992387179,0.0,45.30213433894232,0.0,0.0,0.0,0.0,0.0,0.0,0.0
10.0,5.49462473123656,0.0037564503919926,0.0037564503864319,0.999992944512074,0.999992944512073,49.41366416364118,0.0,49.974798492167615,0.0,45.59504994485937,0.0,45.30213426749707,0.0,0.0,0.0,0.0,0.0,0.0,0.0
10.0,5.49487474373719,0.0037564958899149,0.0037564958843488,0.9999929443411611,0.9999929443411602,49.41366415234405,0.0,49.974798152924095,0.0,45.59504995617623,0.0,45.30213419604864,0.0,0.0,0.0,0.0,0.0,0.0,0.0
10.0,5.49512475623781,0.0037565413893052,0.0037565413837338,0.999992944170239,0.999992944170239,49.41366414105124,0.0,49.97479781366578,0.0,45.59504996252212,0.0,45.302134124597,0.0,0.0,0.0,0.0,0.0,0.0,0.0
10.0,5.49537476873844,0.0037565868901632,0.0037565868845865,0.999992943999311,0.9999929439993102,49.41366412976276,0.0,49.97479747439269,0.0,45.595049965976,0.0,45.30213405314218,0.0,0.0,0.0,0.0,0.0,0.0,0.0
10.0,5.49562478123906,0.003756632392489,0.0037566323869071,0.999992943828374,0.999992943828374,49.41366411847862,0.0,49.974797135104815,0.0,45.59504996759935,0.0,45.30213398168419,0.0,0.0,0.0,0.0,0.0,0.0,0.0
10.0,5.49587479373969,0.0037566778962826,0.0037566778906953,0.99999294365743,0.99999294365743,49.413664107198855,0.0,49.97479679580216,0.0,45.59504996799076,0.0,45.30213391022299,0.0,0.0,0.0,0.0,0.0,0.0,0.0
10.0,5.49612480624031,0.0037567234015438,0.0037567233959513,0.999992943486479,0.9999929434864782,49.41366409592346,0.0,49.97479645648473,0.0,45.5950499675135,0.0,45.30213383875861,0.0,0.0,0.0,0.0,0.0,0.0,0.0
10.0,5.49637481874094,0.0037567689082726,0.0037567689026748,0.99999294331552,0.999992943315519,49.41366408465245,0.0,49.97479611715252,0.0,45.59504996640074,0.0,45.30213376729104,0.0,0.0,0.0,0.0,0.0,0.0,0.0
10.0,5.49662483124156,0.003756814416469,0.0037568144108659,0.999992943144553,0.999992943144552,49.413664073385846,0.0,49.974795777805525,0.0,45.59504996480906,0.0,45.30213369582028,0.0,0.0,0.0,0.0,0.0,0.0,0.0
10.0,5.49687484374219,0.0037568599261328,0.0037568599205245,0.999992942973579,0.999992942973578,49.41366406212366,0.0,49.97479543844376,0.0,45.59504996284749,0.0,45.30213362434633,0.0,0.0,0.0,0.0,0.0,0.0,0.0
10.0,5.49712485624281,0.0037569054372641,0.0037569054316505,0.999992942802597,0.999992942802596,49.4136640508659,0.0,49.9747950990672,0.0,45.59504996059427,0.0,45.30213355286919,0.0,0.0,0.0,0.0,0.0,0.0,0.0
10.0,5.49737486874344,0.0037569509498627,0.0037569509442439,0.999992942631608,0.999992942631607,49.41366403961259,0.0,49.97479475967586,0.0,45.59504995810704,0.0,45.302133481388864,0.0,0.0,0.0,0.0,0.0,0.0,0.0
10.0,5.497624881244059,0.0037569964639286,0.0037569964583046,0.99999294246061,0.99999294246061,49.41366402836376,0.0,49.97479442026975,0.0,45.595049955429175,0.0,45.30213340990535,0.0,0.0,0.0,0.0,0.0,0.0,0.0
10.0,5.49787489374469,0.0037570419794618,0.0037570419738325,0.999992942289606,0.999992942289605,49.41366401711937,0.0,49.97479408084885,0.0,45.595049952593946,0.0,45.30213333841864,0.0,0.0,0.0,0.0,0.0,0.0,0.0
10.0,5.49812490624531,0.0037570874964621,0.0037570874908276,0.999992942118594,0.9999929421185932,49.4136640058795,0.0,49.97479374141317,0.0,45.59504994962729,0.0,45.30213326692875,0.0,0.0,0.0,0.0,0.0,0.0,0.0
10.0,5.49837491874594,0.0037571330149296,0.0037571330092898,0.999992941947574,0.999992941947573,49.41366399464412,0.0,49.97479340196273,0.0,45.59504994654975,0.0,45.30213319543567,0.0,0.0,0.0,0.0,0.0,0.0,0.0
10.0,5.49862493124656,0.0037571785348641,0.0037571785292191,0.999992941776546,0.999992941776546,49.41366398341327,0.0,49.9747930624975,0.0,45.59504994337779,0.0,45.302133123939406,0.0,0.0,0.0,0.0,0.0,0.0,0.0
10.0,5.49887494374719,0.0037572240562656,0.0037572240506154,0.999992941605512,0.999992941605511,49.41366397218695,0.0,49.97479272301748,0.0,45.595049940124746,0.0,45.30213305243994,0.0,0.0,0.0,0.0,0.0,0.0,0.0
10.0,5.49912495624781,0.0037572695791341,0.0037572695734787,0.9999929414344688,0.999992941434468,49.41366396096517,0.0,49.97479238352269,0.0,45.59504993680159,0.0,45.302132980937294,0.0,0.0,0.0,0.0,0.0,0.0,0.0
10.0,5.49937496874844,0.0037573151034694,0.0037573150978088,0.999992941263419,0.999992941263418,49.41366394974796,0.0,49.97479204401312,0.0,45.59504993341735,0.0,45.30213290943146,0.0,0.0,0.0,0.0,0.0,0.0,0.0
10.0,5.49962498124906,0.0037573606292716,0.0037573606236057,0.999992941092361,0.999992941092361,49.413663938535336,0.0,49.974791704488766,0.0,45.59504992997961,0.0,45.30213283792243,0.0,0.0,0.0,0.0,0.0,0.0,0.0
10.0,5.49987499374969,0.0037574061565405,0.0037574061508695,0.999992940921296,0.999992940921296,49.4136639273273,0.0,49.97479136494963,0.0,45.595049926494696,0.0,45.30213276641021,0.0,0.0,0.0,0.0,0.0,0.0,0.0
10.0,5.50012500625031,0.0037574516852761,0.0037574516795999,0.999992940750223,0.999992940750223,49.41366391612387,0.0,49.97479102539572,0.0,45.595049922968016,0.0,45.30213269489481,0.0,0.0,0.0,0.0,0.0,0.0,0.0
10.0,5.50037501875094,0.0037574972154783,0.0037574972097969,0.999992940579143,0.999992940579142,49.41366390492507,0.0,49.97479068582703,0.0,45.59504991940415,0.0,45.30213262337621,0.0,0.0,0.0,0.0,0.0,0.0,0.0
10.0,5.50062503125156,0.0037575427471472,0.0037575427414606,0.9999929404080548,0.999992940408054,49.413663893730906,0.0,49.974790346243566,0.0,45.59504991580703,0.0,45.302132551854434,0.0,0.0,0.0,0.0,0.0,0.0,0.0
10.0,5.50087504375219,0.0037575882802825,0.0037575882745908,0.999992940236959,0.999992940236959,49.41366388254141,0.0,49.97479000664532,0.0,45.59504991218007,0.0,45.30213248032947,0.0,0.0,0.0,0.0,0.0,0.0,0.0
10.0,5.50112505625281,0.0037576338148843,0.0037576338091874,0.999992940065856,0.999992940065856,49.41366387135657,0.0,49.9747896670323,0.0,45.59504990852623,0.0,45.30213240880131,0.0,0.0,0.0,0.0,0.0,0.0,0.0
10.0,5.50137506875344,0.0037576793509525,0.0037576793452504,0.9999929398947452,0.9999929398947452,49.41366386017642,0.0,49.97478932740449,0.0,45.59504990484805,0.0,45.30213233726996,0.0,0.0,0.0,0.0,0.0,0.0,0.0
10.0,5.50162508125406,0.003757724888487,0.0037577248827798,0.9999929397236272,0.999992939723626,49.41366384900097,0.0,49.97478898776191,0.0,45.5950499011478,0.0,45.30213226573542,0.0,0.0,0.0,0.0,0.0,0.0,0.0
10.0,5.50187509375469,0.0037577704274879,0.0037577704217755,0.9999929395525012,0.9999929395525,49.41366383783024,0.0,49.97478864810455,0.0,45.59504989742746,0.0,45.302132194197696,0.0,0.0,0.0,0.0,0.0,0.0,0.0
10.0,5.50212510625531,0.0037578159679549,0.0037578159622374,0.999992939381368,0.999992939381367,49.41366382666424,0.0,49.97478830843241,0.0,45.59504989368877,0.0,45.30213212265679,0.0,0.0,0.0,0.0,0.0,0.0,0.0
10.0,5.502375118755941,0.0037578615098881,0.0037578615041654,0.999992939210226,0.999992939210226,49.41366381550297,0.0,49.974787968745495,0.0,45.59504988993327,0.0,45.30213205111268,0.0,0.0,0.0,0.0,0.0,0.0,0.0
10.0,5.50262513125656,0.0037579070532873,0.0037579070475595,0.999992939039078,0.999992939039077,49.41366380434648,0.0,49.97478762904379,0.0,45.59504988616237,0.0,45.30213197956539,0.0,0.0,0.0,0.0,0.0,0.0,0.0
10.0,5.50287514375719,0.0037579525981527,0.0037579525924197,0.999992938867922,0.9999929388679208,49.413663793194765,0.0,49.97478728932733,0.0,45.59504988237727,0.0,45.302131908014914,0.0,0.0,0.0,0.0,0.0,0.0,0.0
10.0,5.50312515625781,0.0037579981444839,0.0037579981387459,0.999992938696758,0.999992938696757,49.41366378204785,0.0,49.97478694959607,0.0,45.59504987857908,0.0,45.30213183646124,0.0,0.0,0.0,0.0,0.0,0.0,0.0
10.0,5.50337516875844,0.0037580436922812,0.003758043686538,0.999992938525586,0.999992938525585,49.413663770905735,0.0,49.97478660985004,0.0,45.59504987476879,0.0,45.30213176490439,0.0,0.0,0.0,0.0,0.0,0.0,0.0
10.0,5.50362518125906,0.0037580892415442,0.0037580892357959,0.9999929383544072,0.9999929383544072,49.41366375976845,0.0,49.97478627008923,0.0,45.595049870947285,0.0,45.30213169334434,0.0,0.0,0.0,0.0,0.0,0.0,0.0
10.0,5.50387519375969,0.0037581347922731,0.0037581347865197,0.999992938183221,0.99999293818322,49.41366374863601,0.0,49.97478593031365,0.0,45.59504986711538,0.0,45.30213162178111,0.0,0.0,0.0,0.0,0.0,0.0,0.0
10.0,5.50412520626031,0.0037581803444677,0.0037581803387092,0.999992938012026,0.999992938012026,49.41366373750842,0.0,49.97478559052328,0.0,45.59504986327379,0.0,45.30213155021468,0.0,0.0,0.0,0.0,0.0,0.0,0.0
10.0,5.50437521876094,0.0037582258981279,0.0037582258923643,0.999992937840825,0.999992937840824,49.41366372638571,0.0,49.974785250718135,0.0,45.59504985942318,0.0,45.30213147864507,0.0,0.0,0.0,0.0,0.0,0.0,0.0
10.0,5.50462523126156,0.0037582714532538,0.0037582714474851,0.999992937669615,0.999992937669615,49.41366371526789,0.0,49.97478491089822,0.0,45.59504985556414,0.0,45.302131407072274,0.0,0.0,0.0,0.0,0.0,0.0,0.0
10.0,5.50487524376219,0.0037583170098452,0.0037583170040715,0.999992937498398,0.999992937498398,49.41366370415497,0.0,49.97478457106352,0.0,45.59504985169724,0.0,45.30213133549629,0.0,0.0,0.0,0.0,0.0,0.0,0.0
10.0,5.50512525626281,0.0037583625679022,0.0037583625621233,0.999992937327174,0.999992937327173,49.41366369304697,0.0,49.97478423121405,0.0,45.59504984782296,0.0,45.302131263917104,0.0,0.0,0.0,0.0,0.0,0.0,0.0
10.0,5.50537526876344,0.0037584081274245,0.0037584081216406,0.999992937155942,0.999992937155941,49.41366368194392,0.0,49.9747838913498,0.0,45.59504984394175,0.0,45.30213119233474,0.0,0.0,0.0,0.0,0.0,0.0,0.0
10.0,5.50562528126406,0.0037584536884123,0.0037584536826232,0.9999929369847022,0.9999929369847012,49.41366367084581,0.0,49.97478355147077,0.0,45.59504984005407,0.0,45.30213112074919,0.0,0.0,0.0,0.0,0.0,0.0,0.0
10.0,5.50587529376469,0.0037584992508653,0.0037584992450712,0.999992936813455,0.999992936813454,49.413663659752686,0.0,49.97478321157697,0.0,45.59504983616026,0.0,45.30213104916045,0.0,0.0,0.0,0.0,0.0,0.0,0.0
10.0,5.50612530626531,0.0037585448147836,0.0037585448089845,0.9999929366422,0.999992936642199,49.41366364866454,0.0,49.97478287166838,0.0,45.595049832260685,0.0,45.30213097756851,0.0,0.0,0.0,0.0,0.0,0.0,0.0
10.0,5.50637531876594,0.0037585903801671,0.0037585903743629,0.999992936470938,0.999992936470937,49.413663637581394,0.0,49.97478253174503,0.0,45.59504982835569,0.0,45.302130905973385,0.0,0.0,0.0,0.0,0.0,0.0,0.0
10.0,5.50662533126656,0.0037586359470157,0.0037586359412065,0.9999929362996668,0.9999929362996668,49.41366362650327,0.0,49.97478219180689,0.0,45.59504982444556,0.0,45.30213083437508,0.0,0.0,0.0,0.0,0.0,0.0,0.0
10.0,5.50687534376719,0.0037586815153294,0.0037586815095152,0.99999293612839,0.999992936128389,49.4136636154302,0.0,49.974781851853976,0.0,45.59504982053058,0.0,45.30213076277358,0.0,0.0,0.0,0.0,0.0,0.0,0.0
10.0,5.50712535626781,0.0037587270851081,0.0037587270792888,0.999992935957105,0.999992935957104,49.41366360436216,0.0,49.97478151188629,0.0,45.59504981661101,0.0,45.30213069116889,0.0,0.0,0.0,0.0,0.0,0.0,0.0
10.0,5.50737536876844,0.0037587726563518,0.0037587726505275,0.999992935785812,0.999992935785811,49.4136635932992,0.0,49.97478117190382,0.0,45.59504981268708,0.0,45.30213061956102,0.0,0.0,0.0,0.0,0.0,0.0,0.0
10.0,5.50762538126906,0.0037588182290604,0.003758818223231,0.999992935614512,0.999992935614511,49.41366358224133,0.0,49.974780831906585,0.0,45.59504980875902,0.0,45.30213054794996,0.0,0.0,0.0,0.0,0.0,0.0,0.0
10.0,5.507875393769691,0.0037588638032337,0.0037588637973994,0.999992935443204,0.9999929354432032,49.41366357118856,0.0,49.97478049189456,0.0,45.59504980482705,0.0,45.302130476335705,0.0,0.0,0.0,0.0,0.0,0.0,0.0
10.0,5.50812540627031,0.0037589093788719,0.0037589093730325,0.999992935271888,0.9999929352718872,49.41366356014091,0.0,49.97478015186777,0.0,45.59504980089135,0.0,45.30213040471827,0.0,0.0,0.0,0.0,0.0,0.0,0.0
10.0,5.50837541877094,0.0037589549559748,0.0037589549501304,0.999992935100565,0.999992935100564,49.4136635490984,0.0,49.9747798118262,0.0,45.59504979695209,0.0,45.30213033309764,0.0,0.0,0.0,0.0,0.0,0.0,0.0
10.0,5.50862543127156,0.0037590005345423,0.0037590005286929,0.999992934929234,0.999992934929234,49.41366353806104,0.0,49.97477947176986,0.0,45.59504979300944,0.0,45.30213026147382,0.0,0.0,0.0,0.0,0.0,0.0,0.0
10.0,5.50887544377219,0.0037590461145744,0.00375904610872,0.999992934757896,0.999992934757896,49.41366352702886,0.0,49.97477913169873,0.0,45.59504978906357,0.0,45.30213018984682,0.0,0.0,0.0,0.0,0.0,0.0,0.0
10.0,5.50912545627281,0.0037590916960711,0.0037590916902116,0.99999293458655,0.99999293458655,49.41366351600186,0.0,49.97477879161284,0.0,45.59504978511463,0.0,45.30213011821662,0.0,0.0,0.0,0.0,0.0,0.0,0.0
10.0,5.50937546877344,0.0037591372790322,0.0037591372731678,0.999992934415197,0.999992934415196,49.41366350498007,0.0,49.97477845151215,0.0,45.595049781162736,0.0,45.30213004658324,0.0,0.0,0.0,0.0,0.0,0.0,0.0
10.0,5.50962548127406,0.0037591828634577,0.0037591828575883,0.999992934243836,0.999992934243835,49.41366349396351,0.0,49.97477811139671,0.0,45.59504977720803,0.0,45.302129974946666,0.0,0.0,0.0,0.0,0.0,0.0,0.0
10.0,5.50987549377469,0.0037592284493476,0.0037592284434732,0.999992934072467,0.999992934072467,49.41366348295219,0.0,49.97477777126648,0.0,45.59504977325064,0.0,45.302129903306906,0.0,0.0,0.0,0.0,0.0,0.0,0.0
10.0,5.510125506275311,0.0037592740367017,0.0037592740308224,0.999992933901091,0.99999293390109,49.41366347194612,0.0,49.97477743112149,0.0,45.59504976929067,0.0,45.302129831663954,0.0,0.0,0.0,0.0,0.0,0.0,0.0
10.0,5.51037551877594,0.0037593196255201,0.0037593196196358,0.999992933729708,0.999992933729707,49.41366346094533,0.0,49.9747770909617,0.0,45.59504976532823,0.0,45.30212976001782,0.0,0.0,0.0,0.0,0.0,0.0,0.0
10.0,5.51062553127656,0.0037593652158027,0.0037593652099134,0.999992933558316,0.999992933558315,49.41366344994983,0.0,49.97477675078715,0.0,45.595049761363406,0.0,45.302129688368495,0.0,0.0,0.0,0.0,0.0,0.0,0.0
10.0,5.51087554377719,0.0037594108075494,0.0037594108016552,0.999992933386917,0.999992933386916,49.41366343895964,0.0,49.97477641059782,0.0,45.59504975739632,0.0,45.30212961671598,0.0,0.0,0.0,0.0,0.0,0.0,0.0
10.0,5.51112555627781,0.0037594564007601,0.0037594563948609,0.999992933215511,0.99999293321551,49.41366342797479,0.0,49.97477607039372,0.0,45.59504975342704,0.0,45.30212954506028,0.0,0.0,0.0,0.0,0.0,0.0,0.0
10.0,5.51137556877844,0.0037595019954348,0.0037595019895307,0.9999929330440968,0.999992933044096,49.41366341699528,0.0,49.97477573017484,0.0,45.59504974945565,0.0,45.302129473401386,0.0,0.0,0.0,0.0,0.0,0.0,0.0
10.0,5.51162558127906,0.0037595475915734,0.0037595475856644,0.9999929328726748,0.999992932872674,49.41366340602114,0.0,49.97477538994119,0.0,45.59504974548225,0.0,45.30212940173931,0.0,0.0,0.0,0.0,0.0,0.0,0.0
10.0,5.51187559377969,0.0037595931891759,0.003759593183262,0.999992932701246,0.9999929327012448,49.41366339505237,0.0,49.97477504969277,0.0,45.59504974150691,0.0,45.302129330074045,0.0,0.0,0.0,0.0,0.0,0.0,0.0
10.0,5.51212560628031,0.0037596387882423,0.0037596387823234,0.9999929325298088,0.999992932529808,49.413663384089006,0.0,49.97477470942956,0.0,45.59504973752968,0.0,45.30212925840559,0.0,0.0,0.0,0.0,0.0,0.0,0.0
10.0,5.51237561878094,0.0037596843887723,0.0037596843828485,0.999992932358364,0.999992932358364,49.413663373131065,0.0,49.97477436915159,0.0,45.595049733550645,0.0,45.30212918673395,0.0,0.0,0.0,0.0,0.0,0.0,0.0
10.0,5.51262563128156,0.0037597299907661,0.0037597299848374,0.999992932186913,0.999992932186912,49.41366336217856,0.0,49.97477402885883,0.0,45.595049729569865,0.0,45.30212911505912,0.0,0.0,0.0,0.0,0.0,0.0,0.0
10.0,5.51287564378219,0.0037597755942235,0.0037597755882898,0.9999929320154528,0.999992932015452,49.41366335123151,0.0,49.9747736885513,0.0,45.5950497255874,0.0,45.30212904338109,0.0,0.0,0.0,0.0,0.0,0.0,0.0
10.0,5.51312565628281,0.0037598211991444,0.0037598211932059,0.999992931843986,0.999992931843985,49.41366334028993,0.0,49.97477334822899,0.0,45.59504972160331,0.0,45.30212897169989,0.0,0.0,0.0,0.0,0.0,0.0,0.0
10.0,5.513375668783439,0.0037598668055289,0.0037598667995855,0.999992931672511,0.99999293167251,49.41366332935383,0.0,49.974773007891926,0.0,45.595049717617655,0.0,45.30212890001549,0.0,0.0,0.0,0.0,0.0,0.0,0.0
10.0,5.51362568128406,0.0037599124133768,0.0037599124074285,0.999992931501029,0.999992931501028,49.41366331842325,0.0,49.97477266754008,0.0,45.59504971363047,0.0,45.3021288283279,0.0,0.0,0.0,0.0,0.0,0.0,0.0
10.0,5.51387569378469,0.0037599580226881,0.0037599580167349,0.999992931329539,0.999992931329538,49.41366330749821,0.0,49.974772327173454,0.0,45.59504970964182,0.0,45.30212875663713,0.0,0.0,0.0,0.0,0.0,0.0,0.0
10.0,5.51412570628531,0.0037600036334627,0.0037600036275046,0.999992931158041,0.999992931158041,49.4136632965787,0.0,49.97477198679205,0.0,45.59504970565173,0.0,45.30212868494316,0.0,0.0,0.0,0.0,0.0,0.0,0.0
10.0,5.51437571878594,0.0037600492457006,0.0037600492397376,0.999992930986536,0.999992930986535,49.413663285664754,0.0,49.97477164639588,0.0,45.59504970166029,0.0,45.30212861324602,0.0,0.0,0.0,0.0,0.0,0.0,0.0
10.0,5.51462573128656,0.0037600948594017,0.0037600948534338,0.999992930815023,0.999992930815023,49.4136632747564,0.0,49.97477130598495,0.0,45.59504969766749,0.0,45.30212854154568,0.0,0.0,0.0,0.0,0.0,0.0,0.0
10.0,5.51487574378719,0.0037601404745659,0.0037601404685932,0.999992930643503,0.999992930643503,49.41366326385365,0.0,49.97477096555922,0.0,45.59504969367341,0.0,45.30212846984215,0.0,0.0,0.0,0.0,0.0,0.0,0.0
10.0,5.51512575628781,0.0037601860911932,0.0037601860852157,0.999992930471976,0.999992930471975,49.41366325295651,0.0,49.97477062511872,0.0,45.59504968967807,0.0,45.30212839813544,0.0,0.0,0.0,0.0,0.0,0.0,0.0
10.0,5.51537576878844,0.0037602317092836,0.0037602317033012,0.99999293030044,0.999992930300439,49.41366324206502,0.0,49.97477028466346,0.0,45.5950496856815,0.0,45.30212832642553,0.0,0.0,0.0,0.0,0.0,0.0,0.0
10.0,5.515625781289059,0.0037602773288369,0.0037602773228497,0.999992930128897,0.999992930128896,49.41366323117919,0.0,49.97476994419342,0.0,45.59504968168376,0.0,45.30212825471244,0.0,0.0,0.0,0.0,0.0,0.0,0.0
10.0,5.51587579378969,0.0037603229498531,0.003760322943861,0.999992929957347,0.999992929957346,49.41366322029903,0.0,49.974769603708594,0.0,45.59504967768485,0.0,45.30212818299616,0.0,0.0,0.0,0.0,0.0,0.0,0.0
10.0,5.51612580629031,0.0037603685723322,0.0037603685663353,0.999992929785788,0.999992929785788,49.41366320942456,0.0,49.97476926320901,0.0,45.59504967368483,0.0,45.30212811127669,0.0,0.0,0.0,0.0,0.0,0.0,0.0
10.0,5.51637581879094,0.0037604141962741,0.0037604141902723,0.999992929614223,0.999992929614222,49.413663198555824,0.0,49.97476892269464,0.0,45.595049669683725,0.0,45.30212803955404,0.0,0.0,0.0,0.0,0.0,0.0,0.0
10.0,5.51662583129156,0.0037604598216787,0.0037604598156721,0.999992929442649,0.999992929442649,49.413663187692826,0.0,49.97476858216551,0.0,45.59504966568156,0.0,45.30212796782819,0.0,0.0,0.0,0.0,0.0,0.0,0.0
10.0,5.51687584379219,0.0037605054485459,0.0037605054425345,0.9999929292710692,0.999992929271068,49.41366317683557,0.0,49.97476824162161,0.0,45.59504966167837,0.0,45.302127896099165,0.0,0.0,0.0,0.0,0.0,0.0,0.0
10.0,5.51712585629281,0.0037605510768758,0.0037605510708596,0.99999292909948,0.999992929099479,49.41366316598409,0.0,49.974767901062926,0.0,45.59504965767415,0.0,45.30212782436694,0.0,0.0,0.0,0.0,0.0,0.0,0.0
10.0,5.51737586879344,0.0037605967066682,0.0037605967006471,0.999992928927884,0.9999929289278828,49.4136631551384,0.0,49.97476756048948,0.0,45.59504965366897,0.0,45.30212775263153,0.0,0.0,0.0,0.0,0.0,0.0,0.0
10.0,5.51762588129406,0.003760642337923,0.0037606423318972,0.99999292875628,0.99999292875628,49.41366314429854,0.0,49.97476721990125,0.0,45.59504964966284,0.0,45.30212768089294,0.0,0.0,0.0,0.0,0.0,0.0,0.0
10.0,5.51787589379469,0.0037606879706403,0.0037606879646097,0.999992928584669,0.999992928584668,49.413663133464496,0.0,49.97476687929826,0.0,45.59504964565578,0.0,45.30212760915115,0.0,0.0,0.0,0.0,0.0,0.0,0.0
10.0,5.51812590629531,0.00376073360482,0.0037607335987846,0.99999292841305,0.99999292841305,49.41366312263631,0.0,49.97476653868048,0.0,45.59504964164781,0.0,45.30212753740617,0.0,0.0,0.0,0.0,0.0,0.0,0.0
10.0,5.51837591879594,0.003760779240462,0.0037607792344218,0.999992928241424,0.999992928241423,49.413663111814,0.0,49.97476619804793,0.0,45.59504963763896,0.0,45.30212746565802,0.0,0.0,0.0,0.0,0.0,0.0,0.0
10.0,5.51862593129656,0.0037608248775662,0.0037608248715213,0.99999292806979,0.999992928069789,49.41366310099758,0.0,49.97476585740061,0.0,45.59504963362923,0.0,45.30212739390666,0.0,0.0,0.0,0.0,0.0,0.0,0.0
10.0,5.51887594379719,0.0037608705161326,0.0037608705100829,0.999992927898148,0.999992927898148,49.41366309018707,0.0,49.974765516738536,0.0,45.59504962961867,0.0,45.30212732215213,0.0,0.0,0.0,0.0,0.0,0.0,0.0
10.0,5.51912595629781,0.0037609161561612,0.0037609161501067,0.999992927726499,0.999992927726499,49.413663079382495,0.0,49.97476517606167,0.0,45.59504962560728,0.0,45.302127250394406,0.0,0.0,0.0,0.0,0.0,0.0,0.0
10.0,5.51937596879844,0.0037609617976518,0.0037609617915925,0.9999929275548428,0.999992927554842,49.413663068583865,0.0,49.97476483537003,0.0,45.59504962159509,0.0,45.30212717863348,0.0,0.0,0.0,0.0,0.0,0.0,0.0
10.0,5.51962598129906,0.0037610074406044,0.0037610074345403,0.999992927383178,0.999992927383178,49.41366305779122,0.0,49.97476449466362,0.0,45.595049617582106,0.0,45.302127106869385,0.0,0.0,0.0,0.0,0.0,0.0,0.0
10.0,5.51987599379969,0.0037610530850189,0.0037610530789501,0.999992927211506,0.999992927211506,49.41366304700456,0.0,49.97476415394245,0.0,45.59504961356834,0.0,45.30212703510209,0.0,0.0,0.0,0.0,0.0,0.0,0.0
10.0,5.52012600630032,0.0037610987308953,0.0037610987248218,0.9999929270398268,0.999992927039826,49.41366303622391,0.0,49.97476381320649,0.0,45.59504960955385,0.0,45.30212696333162,0.0,0.0,0.0,0.0,0.0,0.0,0.0
10.0,5.52037601880094,0.0037611443782336,0.0037611443721553,0.99999292686814,0.9999929268681388,49.413663025449296,0.0,49.97476347245578,0.0,45.5950496055386,0.0,45.30212689155794,0.0,0.0,0.0,0.0,0.0,0.0,0.0
10.0,5.52062603130156,0.0037611900270336,0.0037611900209506,0.9999929266964448,0.9999929266964448,49.41366301468074,0.0,49.97476313169029,0.0,45.59504960152263,0.0,45.30212681978109,0.0,0.0,0.0,0.0,0.0,0.0,0.0
10.0,5.52087604380219,0.0037612356772953,0.0037612356712076,0.999992926524743,0.999992926524742,49.41366300391826,0.0,49.97476279091002,0.0,45.59504959750595,0.0,45.30212674800105,0.0,0.0,0.0,0.0,0.0,0.0,0.0
10.0,5.521126056302809,0.0037612813290187,0.0037612813229262,0.999992926353033,0.999992926353033,49.41366299316186,0.0,49.97476245011499,0.0,45.595049593488575,0.0,45.30212667621781,0.0,0.0,0.0,0.0,0.0,0.0,0.0
10.0,5.52137606880344,0.0037613269822036,0.0037613269761064,0.999992926181316,0.9999929261813147,49.41366298241158,0.0,49.974762109305175,0.0,45.59504958947052,0.0,45.30212660443139,0.0,0.0,0.0,0.0,0.0,0.0,0.0
10.0,5.52162608130407,0.0037613726368501,0.0037613726307482,0.9999929260095912,0.99999292600959,49.41366297166745,0.0,49.97476176848059,0.0,45.59504958545181,0.0,45.302126532641786,0.0,0.0,0.0,0.0,0.0,0.0,0.0
10.0,5.52187609380469,0.003761418292958,0.0037614182868514,0.999992925837859,0.999992925837858,49.41366296092946,0.0,49.97476142764124,0.0,45.59504958143243,0.0,45.30212646084899,0.0,0.0,0.0,0.0,0.0,0.0,0.0
10.0,5.52212610630531,0.0037614639505273,0.003761463944416,0.999992925666118,0.999992925666118,49.41366295019767,0.0,49.97476108678712,0.0,45.59504957741241,0.0,45.30212638905301,0.0,0.0,0.0,0.0,0.0,0.0,0.0
10.0,5.52237611880594,0.003761509609558,0.003761509603442,0.999992925494371,0.99999292549437,49.41366293947206,0.0,49.97476074591822,0.0,45.59504957339177,0.0,45.30212631725383,0.0,0.0,0.0,0.0,0.0,0.0,0.0
10.0,5.52262613130657,0.0037615552700499,0.0037615552639293,0.999992925322615,0.999992925322615,49.413662928752686,0.0,49.97476040503456,0.0,45.5950495693705,0.0,45.30212624545148,0.0,0.0,0.0,0.0,0.0,0.0,0.0
10.0,5.52287614380719,0.0037616009320031,0.0037616009258778,0.9999929251508533,0.999992925150852,49.41366291803954,0.0,49.97476006413613,0.0,45.59504956534863,0.0,45.30212617364593,0.0,0.0,0.0,0.0,0.0,0.0,0.0
10.0,5.52312615630782,0.0037616465954174,0.0037616465892874,0.999992924979082,0.999992924979082,49.413662907332665,0.0,49.97475972322292,0.0,45.59504956132616,0.0,45.30212610183719,0.0,0.0,0.0,0.0,0.0,0.0,0.0
10.0,5.52337616880844,0.0037616922602929,0.0037616922541582,0.9999929248073038,0.9999929248073038,49.41366289663207,0.0,49.97475938229493,0.0,45.59504955730311,0.0,45.30212603002528,0.0,0.0,0.0,0.0,0.0,0.0,0.0
10.0,5.52362618130906,0.0037617379266294,0.00376173792049,0.999992924635518,0.999992924635518,49.41366288593777,0.0,49.974759041352186,0.0,45.59504955327947,0.0,45.30212595821016,0.0,0.0,0.0,0.0,0.0,0.0,0.0
10.0,5.52387619380969,0.0037617835944268,0.0037617835882828,0.999992924463725,0.999992924463725,49.41366287524981,0.0,49.97475870039467,0.0,45.59504954925527,0.0,45.302125886391856,0.0,0.0,0.0,0.0,0.0,0.0,0.0
10.0,5.52412620631032,0.0037618292636852,0.0037618292575365,0.9999929242919248,0.999992924291924,49.4136628645682,0.0,49.97475835942238,0.0,45.59504954523052,0.0,45.30212581457037,0.0,0.0,0.0,0.0,0.0,0.0,0.0
10.0,5.52437621881094,0.0037618749344044,0.0037618749282511,0.999992924120116,0.999992924120116,49.41366285389296,0.0,49.97475801843532,0.0,45.59504954120521,0.0,45.302125742745694,0.0,0.0,0.0,0.0,0.0,0.0,0.0
10.0,5.52462623131157,0.0037619206065845,0.0037619206004265,0.9999929239483,0.9999929239483,49.41366284322412,0.0,49.97475767743349,0.0,45.59504953717938,0.0,45.30212567091784,0.0,0.0,0.0,0.0,0.0,0.0,0.0
10.0,5.52487624381219,0.0037619662802253,0.0037619662740627,0.999992923776477,0.999992923776476,49.41366283256167,0.0,49.97475733641689,0.0,45.595049533153,0.0,45.30212559908679,0.0,0.0,0.0,0.0,0.0,0.0,0.0
10.0,5.52512625631282,0.0037620119553267,0.0037620119491595,0.999992923604646,0.999992923604645,49.41366282190568,0.0,49.97475699538552,0.0,45.5950495291261,0.0,45.30212552725254,0.0,0.0,0.0,0.0,0.0,0.0,0.0
10.0,5.52537626881344,0.0037620576318888,0.003762057625717,0.999992923432807,0.999992923432807,49.41366281125614,0.0,49.97475665433937,0.0,45.59504952509869,0.0,45.30212545541512,0.0,0.0,0.0,0.0,0.0,0.0,0.0
10.0,5.52562628131407,0.0037621033099114,0.003762103303735,0.999992923260961,0.99999292326096,49.41366280061308,0.0,49.97475631327847,0.0,45.59504952107077,0.0,45.3021253835745,0.0,0.0,0.0,0.0,0.0,0.0,0.0
10.0,5.525876293814691,0.0037621489893946,0.0037621489832135,0.999992923089107,0.999992923089106,49.41366278997653,0.0,49.97475597220279,0.0,45.59504951704236,0.0,45.3021253117307,0.0,0.0,0.0,0.0,0.0,0.0,0.0
10.0,5.52612630631531,0.0037621946703382,0.0037621946641525,0.999992922917246,0.999992922917245,49.41366277934649,0.0,49.97475563111233,0.0,45.59504951301345,0.0,45.30212523988371,0.0,0.0,0.0,0.0,0.0,0.0,0.0
10.0,5.52637631881594,0.0037622403527421,0.0037622403465519,0.999992922745377,0.999992922745376,49.41366276872301,0.0,49.9747552900071,0.0,45.59504950898404,0.0,45.30212516803353,0.0,0.0,0.0,0.0,0.0,0.0,0.0
10.0,5.52662633131657,0.0037622860366064,0.0037622860304115,0.9999929225735,0.9999929225735,49.41366275810609,0.0,49.97475494888712,0.0,45.59504950495417,0.0,45.30212509618016,0.0,0.0,0.0,0.0,0.0,0.0,0.0
10.0,5.52687634381719,0.003762331721931,0.0037623317157315,0.999992922401616,0.999992922401615,49.41366274749577,0.0,49.97475460775237,0.0,45.59504950092382,0.0,45.30212502432361,0.0,0.0,0.0,0.0,0.0,0.0,0.0
10.0,5.52712635631782,0.0037623774087157,0.0037623774025116,0.999992922229724,0.999992922229724,49.413662736892064,0.0,49.97475426660283,0.0,45.59504949689301,0.0,45.30212495246386,0.0,0.0,0.0,0.0,0.0,0.0,0.0
10.0,5.52737636881844,0.0037624230969606,0.0037624230907519,0.999992922057825,0.999992922057824,49.413662726294994,0.0,49.97475392543853,0.0,45.59504949286174,0.0,45.30212488060094,0.0,0.0,0.0,0.0,0.0,0.0,0.0
10.0,5.52762638131907,0.0037624687866656,0.0037624687804523,0.999992921885918,0.999992921885918,49.41366271570459,0.0,49.97475358425946,0.0,45.595049488830014,0.0,45.30212480873481,0.0,0.0,0.0,0.0,0.0,0.0,0.0
10.0,5.52787639381969,0.0037625144778305,0.0037625144716128,0.999992921714004,0.9999929217140028,49.413662705120856,0.0,49.97475324306563,0.0,45.59504948479785,0.0,45.30212473686552,0.0,0.0,0.0,0.0,0.0,0.0,0.0
10.0,5.52812640632032,0.0037625601704555,0.0037625601642331,0.999992921542082,0.999992921542081,49.413662694543845,0.0,49.97475290185703,0.0,45.59504948076523,0.0,45.302124664993016,0.0,0.0,0.0,0.0,0.0,0.0,0.0
10.0,5.52837641882094,0.0037626058645403,0.0037626058583134,0.999992921370152,0.999992921370152,49.41366268397356,0.0,49.97475256063365,0.0,45.595049476732186,0.0,45.30212459311734,0.0,0.0,0.0,0.0,0.0,0.0,0.0
10.0,5.52862643132157,0.003762651560085,0.0037626515538535,0.999992921198215,0.999992921198214,49.413662673410016,0.0,49.97475221939551,0.0,45.59504947269871,0.0,45.30212452123846,0.0,0.0,0.0,0.0,0.0,0.0,0.0
10.0,5.52887644382219,0.0037626972570895,0.0037626972508535,0.99999292102627,0.999992921026269,49.41366266285327,0.0,49.97475187814258,0.0,45.5950494686648,0.0,45.302124449356405,0.0,0.0,0.0,0.0,0.0,0.0,0.0
10.0,5.529126456322819,0.0037627429555536,0.0037627429493131,0.999992920854318,0.999992920854317,49.41366265230331,0.0,49.9747515368749,0.0,45.59504946463047,0.0,45.30212437747116,0.0,0.0,0.0,0.0,0.0,0.0,0.0
10.0,5.52937646882344,0.0037627886554775,0.0037627886492324,0.999992920682358,0.9999929206823572,49.413662641760176,0.0,49.97475119559245,0.0,45.595049460595725,0.0,45.30212430558273,0.0,0.0,0.0,0.0,0.0,0.0,0.0
10.0,5.52962648132407,0.0037628343568609,0.0037628343506113,0.99999292051039,0.99999292051039,49.41366263122389,0.0,49.974750854295245,0.0,45.595049456560574,0.0,45.30212423369111,0.0,0.0,0.0,0.0,0.0,0.0,0.0
10.0,5.52987649382469,0.0037628800597039,0.0037628800534497,0.999992920338415,0.999992920338415,49.41366262069448,0.0,49.97475051298325,0.0,45.59504945252502,0.0,45.3021241617963,0.0,0.0,0.0,0.0,0.0,0.0,0.0
10.0,5.53012650632532,0.0037629257640063,0.0037629257577477,0.999992920166432,0.999992920166432,49.413662610171954,0.0,49.974750171656495,0.0,45.59504944848906,0.0,45.30212408989831,0.0,0.0,0.0,0.0,0.0,0.0,0.0
10.0,5.53037651882594,0.0037629714697682,0.003762971463505,0.999992919994442,0.9999929199944418,49.41366259965636,0.0,49.97474983031497,0.0,45.5950494444527,0.0,45.30212401799712,0.0,0.0,0.0,0.0,0.0,0.0,0.0
10.0,5.53062653132657,0.0037630171769894,0.0037630171707218,0.999992919822444,0.999992919822444,49.41366258914769,0.0,49.97474948895868,0.0,45.59504944041596,0.0,45.30212394609275,0.0,0.0,0.0,0.0,0.0,0.0,0.0
10.0,5.53087654382719,0.0037630628856699,0.0037630628793978,0.999992919650439,0.999992919650438,49.413662578646,0.0,49.97474914758761,0.0,45.595049436378815,0.0,45.30212387418519,0.0,0.0,0.0,0.0,0.0,0.0,0.0
10.0,5.53112655632782,0.0037631085958097,0.003763108589533,0.999992919478426,0.999992919478425,49.413662568151295,0.0,49.97474880620179,0.0,45.59504943234129,0.0,45.30212380227445,0.0,0.0,0.0,0.0,0.0,0.0,0.0
10.0,5.531376568828441,0.0037631543074086,0.0037631543011275,0.999992919306405,0.999992919306405,49.413662557663606,0.0,49.97474846480119,0.0,45.59504942830339,0.0,45.30212373036051,0.0,0.0,0.0,0.0,0.0,0.0,0.0
10.0,5.53162658132907,0.0037632000204667,0.0037632000141811,0.999992919134377,0.999992919134377,49.413662547182966,0.0,49.97474812338582,0.0,45.59504942426511,0.0,45.302123658443385,0.0,0.0,0.0,0.0,0.0,0.0,0.0
10.0,5.53187659382969,0.0037632457349838,0.0037632457286937,0.999992918962341,0.999992918962341,49.41366253670938,0.0,49.97474778195569,0.0,45.59504942022646,0.0,45.302123586523074,0.0,0.0,0.0,0.0,0.0,0.0,0.0
10.0,5.53212660633032,0.0037632914509599,0.0037632914446653,0.999992918790298,0.999992918790298,49.41366252624289,0.0,49.97474744051079,0.0,45.59504941618744,0.0,45.30212351459957,0.0,0.0,0.0,0.0,0.0,0.0,0.0
10.0,5.53237661883094,0.0037633371683949,0.0037633371620959,0.9999929186182472,0.9999929186182472,49.41366251578351,0.0,49.97474709905112,0.0,45.59504941214804,0.0,45.302123442672894,0.0,0.0,0.0,0.0,0.0,0.0,0.0
10.0,5.53262663133157,0.0037633828872889,0.0037633828809854,0.999992918446189,0.999992918446188,49.41366250533126,0.0,49.97474675757669,0.0,45.595049408108295,0.0,45.30212337074302,0.0,0.0,0.0,0.0,0.0,0.0,0.0
10.0,5.53287664383219,0.0037634286076416,0.0037634286013337,0.999992918274123,0.999992918274122,49.41366249488618,0.0,49.97474641608748,0.0,45.595049404068185,0.0,45.30212329880996,0.0,0.0,0.0,0.0,0.0,0.0,0.0
10.0,5.53312665633282,0.0037634743294531,0.0037634743231407,0.9999929181020492,0.9999929181020482,49.413662484448295,0.0,49.97474607458352,0.0,45.59504940002772,0.0,45.30212322687371,0.0,0.0,0.0,0.0,0.0,0.0,0.0
10.0,5.53337666883344,0.0037635200527233,0.0037635200464065,0.999992917929968,0.999992917929967,49.41366247401761,0.0,49.97474573306477,0.0,45.595049395986905,0.0,45.30212315493426,0.0,0.0,0.0,0.0,0.0,0.0,0.0
10.0,5.53362668133407,0.0037635657774521,0.0037635657711309,0.999992917757879,0.999992917757878,49.41366246359417,0.0,49.97474539153127,0.0,45.595049391945736,0.0,45.30212308299165,0.0,0.0,0.0,0.0,0.0,0.0,0.0
10.0,5.53387669383469,0.0037636115036395,0.0037636114973139,0.999992917585782,0.999992917585782,49.41366245317799,0.0,49.97474504998299,0.0,45.59504938790423,0.0,45.30212301104584,0.0,0.0,0.0,0.0,0.0,0.0,0.0
10.0,5.53412670633532,0.0037636572312855,0.0037636572249554,0.9999929174136788,0.999992917413678,49.41366244276912,0.0,49.97474470841996,0.0,45.59504938386237,0.0,45.30212293909683,0.0,0.0,0.0,0.0,0.0,0.0,0.0
10.0,5.53437671883594,0.0037637029603898,0.0037637029540553,0.999992917241567,0.999992917241567,49.41366243236754,0.0,49.97474436684215,0.0,45.595049379820175,0.0,45.30212286714465,0.0,0.0,0.0,0.0,0.0,0.0,0.0
10.0,5.534626731336569,0.0037637486909526,0.0037637486846137,0.999992917069448,0.999992917069447,49.41366242197331,0.0,49.97474402524958,0.0,45.595049375777634,0.0,45.30212279518928,0.0,0.0,0.0,0.0,0.0,0.0,0.0
10.0,5.53487674383719,0.0037637944229737,0.0037637944166304,0.999992916897321,0.999992916897321,49.41366241158645,0.0,49.974743683642245,0.0,45.59504937173477,0.0,45.30212272323072,0.0,0.0,0.0,0.0,0.0,0.0,0.0
10.0,5.53512675633782,0.0037638401564531,0.0037638401501054,0.999992916725187,0.999992916725186,49.41366240120697,0.0,49.97474334202013,0.0,45.59504936769157,0.0,45.30212265126896,0.0,0.0,0.0,0.0,0.0,0.0,0.0
10.0,5.53537676883844,0.0037638858913907,0.0037638858850386,0.999992916553045,0.999992916553044,49.41366239083492,0.0,49.97474300038327,0.0,45.595049363648045,0.0,45.30212257930402,0.0,0.0,0.0,0.0,0.0,0.0,0.0
10.0,5.53562678133907,0.0037639316277865,0.00376393162143,0.999992916380896,0.999992916380895,49.4136623804703,0.0,49.97474265873162,0.0,45.59504935960418,0.0,45.302122507335895,0.0,0.0,0.0,0.0,0.0,0.0,0.0
10.0,5.53587679383969,0.0037639773656403,0.0037639773592794,0.999992916208739,0.999992916208738,49.41366237011315,0.0,49.97474231706522,0.0,45.59504935556,0.0,45.30212243536459,0.0,0.0,0.0,0.0,0.0,0.0,0.0
10.0,5.53612680634032,0.0037640231049522,0.003764023098587,0.999992916036574,0.999992916036573,49.41366235976352,0.0,49.97474197538405,0.0,45.5950493515155,0.0,45.30212236339008,0.0,0.0,0.0,0.0,0.0,0.0,0.0
10.0,5.53637681884094,0.0037640688457221,0.0037640688393524,0.999992915864402,0.999992915864401,49.41366234942139,0.0,49.97474163368811,0.0,45.595049347470685,0.0,45.3021222914124,0.0,0.0,0.0,0.0,0.0,0.0,0.0
10.0,5.53662683134157,0.0037641145879499,0.0037641145815759,0.999992915692222,0.999992915692221,49.41366233908682,0.0,49.9747412919774,0.0,45.59504934342554,0.0,45.30212221943152,0.0,0.0,0.0,0.0,0.0,0.0,0.0
10.0,5.536876843842189,0.0037641603316355,0.0037641603252571,0.9999929155200348,0.999992915520034,49.41366232875982,0.0,49.974740950251935,0.0,45.59504933938009,0.0,45.30212214744746,0.0,0.0,0.0,0.0,0.0,0.0,0.0
10.0,5.53712685634282,0.003764206076779,0.0037642060703962,0.99999291534784,0.999992915347839,49.41366231844042,0.0,49.974740608511695,0.0,45.59504933533432,0.0,45.30212207546021,0.0,0.0,0.0,0.0,0.0,0.0,0.0
10.0,5.53737686884344,0.0037642518233801,0.003764251816993,0.999992915175637,0.9999929151756372,49.41366230812866,0.0,49.9747402667567,0.0,45.59504933128825,0.0,45.30212200346977,0.0,0.0,0.0,0.0,0.0,0.0,0.0
10.0,5.53762688134407,0.003764297571439,0.0037642975650475,0.999992915003427,0.999992915003426,49.413662297824544,0.0,49.974739924986935,0.0,45.59504932724186,0.0,45.302121931476144,0.0,0.0,0.0,0.0,0.0,0.0,0.0
10.0,5.53787689384469,0.0037643433209554,0.0037643433145597,0.999992914831209,0.999992914831209,49.41366228752812,0.0,49.97473958320241,0.0,45.595049323195184,0.0,45.302121859479335,0.0,0.0,0.0,0.0,0.0,0.0,0.0
10.0,5.53812690634532,0.0037643890719294,0.0037643890655293,0.999992914658984,0.999992914658984,49.4136622772394,0.0,49.97473924140311,0.0,45.59504931914818,0.0,45.30212178747933,0.0,0.0,0.0,0.0,0.0,0.0,0.0
10.0,5.53837691884594,0.003764434824361,0.0037644348179565,0.999992914486752,0.9999929144867508,49.413662266958426,0.0,49.97473889958904,0.0,45.59504931510088,0.0,45.30212171547614,0.0,0.0,0.0,0.0,0.0,0.0,0.0
10.0,5.53862693134657,0.0037644805782499,0.0037644805718411,0.999992914314511,0.999992914314511,49.41366225668522,0.0,49.974738557760205,0.0,45.59504931105329,0.0,45.302121643469775,0.0,0.0,0.0,0.0,0.0,0.0,0.0
10.0,5.53887694384719,0.0037645263335962,0.0037645263271832,0.9999929141422632,0.999992914142262,49.41366224641979,0.0,49.97473821591661,0.0,45.59504930700539,0.0,45.302121571460205,0.0,0.0,0.0,0.0,0.0,0.0,0.0
10.0,5.53912695634782,0.0037645720903998,0.0037645720839825,0.999992913970007,0.999992913970007,49.4136622361622,0.0,49.97473787405825,0.0,45.5950493029572,0.0,45.30212149944746,0.0,0.0,0.0,0.0,0.0,0.0,0.0
10.0,5.53937696884844,0.0037646178486607,0.0037646178422391,0.999992913797744,0.999992913797744,49.41366222591245,0.0,49.97473753218512,0.0,45.59504929890871,0.0,45.30212142743152,0.0,0.0,0.0,0.0,0.0,0.0,0.0
10.0,5.53962698134907,0.0037646636083788,0.0037646636019528,0.999992913625474,0.9999929136254728,49.41366221567057,0.0,49.97473719029724,0.0,45.595049294859926,0.0,45.3021213554124,0.0,0.0,0.0,0.0,0.0,0.0,0.0
10.0,5.53987699384969,0.003764709369554,0.0037647093631238,0.999992913453195,0.999992913453195,49.4136622054366,0.0,49.97473684839458,0.0,45.59504929081086,0.0,45.30212128339008,0.0,0.0,0.0,0.0,0.0,0.0,0.0
10.0,5.54012700635032,0.0037647551321863,0.0037647551257518,0.999992913280909,0.999992913280909,49.41366219521056,0.0,49.97473650647717,0.0,45.5950492867615,0.0,45.30212121136458,0.0,0.0,0.0,0.0,0.0,0.0,0.0
10.0,5.54037701885094,0.0037648008962756,0.0037648008898368,0.9999929131086162,0.999992913108615,49.41366218499248,0.0,49.97473616454498,0.0,45.595049282711855,0.0,45.302121139335895,0.0,0.0,0.0,0.0,0.0,0.0,0.0
10.0,5.54062703135157,0.0037648466618219,0.0037648466553788,0.9999929129363152,0.999992912936314,49.41366217478239,0.0,49.97473582259804,0.0,45.59504927866192,0.0,45.302121067304014,0.0,0.0,0.0,0.0,0.0,0.0,0.0
10.0,5.54087704385219,0.003764892428825,0.0037648924223777,0.999992912764006,0.999992912764006,49.41366216458032,0.0,49.97473548063631,0.0,45.59504927461171,0.0,45.30212099526896,0.0,0.0,0.0,0.0,0.0,0.0,0.0
10.0,5.54112705635282,0.003764938197285,0.0037649381908334,0.99999291259169,0.99999291259169,49.41366215438628,0.0,49.97473513865984,0.0,45.59504927056121,0.0,45.30212092323071,0.0,0.0,0.0,0.0,0.0,0.0,0.0
10.0,5.54137706885344,0.0037649839672018,0.0037649839607459,0.999992912419366,0.999992912419366,49.41366214420032,0.0,49.97473479666859,0.0,45.59504926651042,0.0,45.30212085118927,0.0,0.0,0.0,0.0,0.0,0.0,0.0
10.0,5.54162708135407,0.0037650297385753,0.0037650297321151,0.999992912247035,0.999992912247034,49.41366213402247,0.0,49.97473445466259,0.0,45.59504926245936,0.0,45.30212077914464,0.0,0.0,0.0,0.0,0.0,0.0,0.0
10.0,5.54187709385469,0.0037650755114054,0.003765075504941,0.999992912074696,0.999992912074696,49.41366212385277,0.0,49.97473411264182,0.0,45.595049258408025,0.0,45.302120707096826,0.0,0.0,0.0,0.0,0.0,0.0,0.0
10.0,5.54212710635532,0.0037651212856921,0.0037651212792235,0.999992911902349,0.9999929119023492,49.4136621136912,0.0,49.974733770606285,0.0,45.5950492543564,0.0,45.30212063504583,0.0,0.0,0.0,0.0,0.0,0.0,0.0
10.0,5.542377118855939,0.0037651670614354,0.0037651670549625,0.999992911729996,0.9999929117299948,49.41366210353783,0.0,49.97473342855598,0.0,45.59504925030451,0.0,45.30212056299165,0.0,0.0,0.0,0.0,0.0,0.0,0.0
10.0,5.54262713135657,0.0037652128386351,0.003765212832158,0.999992911557634,0.999992911557633,49.41366209339268,0.0,49.97473308649092,0.0,45.59504924625235,0.0,45.30212049093426,0.0,0.0,0.0,0.0,0.0,0.0,0.0
10.0,5.54287714385719,0.0037652586172912,0.0037652586108099,0.999992911385265,0.999992911385264,49.41366208325578,0.0,49.974732744411085,0.0,45.59504924219991,0.0,45.302120418873706,0.0,0.0,0.0,0.0,0.0,0.0,0.0
10.0,5.54312715635782,0.0037653043974037,0.0037653043909182,0.999992911212888,0.999992911212887,49.41366207312716,0.0,49.9747324023165,0.0,45.595049238147205,0.0,45.30212034680996,0.0,0.0,0.0,0.0,0.0,0.0,0.0
10.0,5.54337716885844,0.0037653501789725,0.0037653501724828,0.999992911040503,0.999992911040503,49.41366206300685,0.0,49.974732060207145,0.0,45.59504923409423,0.0,45.30212027474303,0.0,0.0,0.0,0.0,0.0,0.0,0.0
10.0,5.54362718135907,0.0037653959619976,0.0037653959555036,0.9999929108681108,0.999992910868111,49.41366205289488,0.0,49.97473171808304,0.0,45.59504923004097,0.0,45.3021202026729,0.0,0.0,0.0,0.0,0.0,0.0,0.0
10.0,5.54387719385969,0.0037654417464787,0.0037654417399806,0.9999929106957118,0.999992910695711,49.41366204279127,0.0,49.97473137594415,0.0,45.59504922598746,0.0,45.30212013059959,0.0,0.0,0.0,0.0,0.0,0.0,0.0
10.0,5.54412720636032,0.0037654875324161,0.0037654875259137,0.999992910523305,0.999992910523304,49.41366203269605,0.0,49.9747310337905,0.0,45.59504922193368,0.0,45.30212005852309,0.0,0.0,0.0,0.0,0.0,0.0,0.0
10.0,5.54437721886094,0.0037655333198094,0.0037655333133029,0.99999291035089,0.9999929103508892,49.41366202260929,0.0,49.974730691622085,0.0,45.59504921787963,0.0,45.302119986443415,0.0,0.0,0.0,0.0,0.0,0.0,0.0
10.0,5.54462723136157,0.0037655791086588,0.0037655791021481,0.999992910178468,0.9999929101784673,49.41366201253096,0.0,49.97473034943892,0.0,45.59504921382532,0.0,45.30211991436053,0.0,0.0,0.0,0.0,0.0,0.0,0.0
10.0,5.54487724386219,0.0037656248989641,0.0037656248924492,0.999992910006038,0.9999929100060369,49.41366200246113,0.0,49.97473000724098,0.0,45.59504920977074,0.0,45.30211984227447,0.0,0.0,0.0,0.0,0.0,0.0,0.0
10.0,5.54512725636282,0.0037656706907252,0.0037656706842062,0.9999929098336,0.999992909833599,49.41366199239981,0.0,49.97472966502829,0.0,45.5950492057159,0.0,45.30211977018523,0.0,0.0,0.0,0.0,0.0,0.0,0.0
10.0,5.54537726886344,0.0037657164839422,0.003765716477419,0.9999929096611552,0.9999929096611552,49.41366198234706,0.0,49.974729322800826,0.0,45.59504920166081,0.0,45.30211969809279,0.0,0.0,0.0,0.0,0.0,0.0,0.0
10.0,5.54562728136407,0.0037657622786149,0.0037657622720875,0.999992909488702,0.999992909488702,49.41366197230288,0.0,49.9747289805586,0.0,45.59504919760545,0.0,45.30211962599717,0.0,0.0,0.0,0.0,0.0,0.0,0.0
10.0,5.54587729386469,0.0037658080747433,0.0037658080682118,0.999992909316242,0.999992909316242,49.4136619622673,0.0,49.974728638301606,0.0,45.59504919354983,0.0,45.30211955389836,0.0,0.0,0.0,0.0,0.0,0.0,0.0
10.0,5.54612730636532,0.0037658538723274,0.0037658538657917,0.999992909143775,0.999992909143774,49.41366195224038,0.0,49.97472829602986,0.0,45.59504918949396,0.0,45.30211948179637,0.0,0.0,0.0,0.0,0.0,0.0,0.0
10.0,5.54637731886594,0.003765899671367,0.0037658996648272,0.999992908971299,0.999992908971298,49.41366194222213,0.0,49.97472795374336,0.0,45.59504918543784,0.0,45.30211940969118,0.0,0.0,0.0,0.0,0.0,0.0,0.0
10.0,5.54662733136657,0.0037659454718622,0.0037659454653182,0.999992908798816,0.999992908798816,49.41366193221258,0.0,49.97472761144208,0.0,45.595049181381455,0.0,45.30211933758281,0.0,0.0,0.0,0.0,0.0,0.0,0.0
10.0,5.54687734386719,0.0037659912738127,0.0037659912672646,0.999992908626326,0.999992908626325,49.41366192221178,0.0,49.97472726912604,0.0,45.59504917732482,0.0,45.302119265471255,0.0,0.0,0.0,0.0,0.0,0.0,0.0
10.0,5.547127356367821,0.0037660370772187,0.0037660370706665,0.999992908453828,0.999992908453827,49.413661912219744,0.0,49.97472692679524,0.0,45.59504917326792,0.0,45.30211919335651,0.0,0.0,0.0,0.0,0.0,0.0,0.0
10.0,5.54737736886844,0.00376608288208,0.0037660828755237,0.999992908281322,0.9999929082813208,49.413661902236505,0.0,49.97472658444968,0.0,45.59504916921078,0.0,45.302119121238576,0.0,0.0,0.0,0.0,0.0,0.0,0.0
10.0,5.54762738136907,0.0037661286883966,0.0037661286818362,0.9999929081088093,0.999992908108808,49.413661892262105,0.0,49.97472624208936,0.0,45.59504916515338,0.0,45.30211904911746,0.0,0.0,0.0,0.0,0.0,0.0,0.0
10.0,5.54787739386969,0.0037661744961684,0.0037661744896039,0.999992907936288,0.999992907936287,49.413661882296566,0.0,49.97472589971427,0.0,45.59504916109574,0.0,45.30211897699314,0.0,0.0,0.0,0.0,0.0,0.0,0.0
10.0,5.54812740637032,0.0037662203053954,0.0037662202988267,0.99999290776376,0.999992907763759,49.41366187233992,0.0,49.974725557324426,0.0,45.59504915703784,0.0,45.30211890486566,0.0,0.0,0.0,0.0,0.0,0.0,0.0
10.0,5.54837741887094,0.0037662661160774,0.0037662661095047,0.999992907591224,0.999992907591223,49.41366186239222,0.0,49.97472521491981,0.0,45.595049152979705,0.0,45.30211883273497,0.0,0.0,0.0,0.0,0.0,0.0,0.0
10.0,5.54862743137157,0.0037663119282145,0.0037663119216376,0.99999290741868,0.999992907418679,49.41366185245346,0.0,49.97472487250044,0.0,45.595049148921305,0.0,45.302118760601104,0.0,0.0,0.0,0.0,0.0,0.0,0.0
10.0,5.54887744387219,0.0037663577418065,0.0037663577352256,0.999992907246129,0.999992907246128,49.41366184252371,0.0,49.974724530066304,0.0,45.59504914486267,0.0,45.30211868846404,0.0,0.0,0.0,0.0,0.0,0.0,0.0
10.0,5.54912745637282,0.0037664035568535,0.0037664035502685,0.99999290707357,0.9999929070735688,49.41366183260298,0.0,49.97472418761741,0.0,45.59504914080378,0.0,45.3021186163238,0.0,0.0,0.0,0.0,0.0,0.0,0.0
10.0,5.54937746887344,0.0037664493733553,0.0037664493667662,0.9999929069010038,0.999992906901003,49.41366182269133,0.0,49.97472384515376,0.0,45.595049136744656,0.0,45.30211854418037,0.0,0.0,0.0,0.0,0.0,0.0,0.0
10.0,5.54962748137407,0.0037664951913119,0.0037664951847188,0.99999290672843,0.999992906728429,49.41366181278875,0.0,49.97472350267535,0.0,45.59504913268528,0.0,45.30211847203376,0.0,0.0,0.0,0.0,0.0,0.0,0.0
10.0,5.54987749387469,0.0037665410107232,0.003766541004126,0.999992906555849,0.9999929065558482,49.41366180289531,0.0,49.97472316018216,0.0,45.59504912862566,0.0,45.30211839988396,0.0,0.0,0.0,0.0,0.0,0.0,0.0
10.0,5.55012750637532,0.0037665868315892,0.003766586824988,0.99999290638326,0.999992906383259,49.41366179301102,0.0,49.97472281767422,0.0,45.5950491245658,0.0,45.30211832773096,0.0,0.0,0.0,0.0,0.0,0.0,0.0
10.0,5.55037751887594,0.0037666326539099,0.0037666326473045,0.9999929062106628,0.999992906210662,49.413661783135936,0.0,49.97472247515152,0.0,45.5950491205057,0.0,45.30211825557478,0.0,0.0,0.0,0.0,0.0,0.0,0.0
10.0,5.55062753137657,0.003766678477685,0.0037666784710757,0.999992906038059,0.999992906038058,49.413661773270064,0.0,49.97472213261405,0.0,45.59504911644535,0.0,45.30211818341542,0.0,0.0,0.0,0.0,0.0,0.0,0.0
10.0,5.55087754387719,0.0037667243029147,0.0037667242963013,0.999992905865447,0.999992905865446,49.41366176341347,0.0,49.97472179006184,0.0,45.59504911238477,0.0,45.30211811125287,0.0,0.0,0.0,0.0,0.0,0.0,0.0
10.0,5.55112755637782,0.0037667701295988,0.0037667701229814,0.999992905692828,0.9999929056928268,49.41366175356616,0.0,49.97472144749485,0.0,45.595049108323934,0.0,45.302118039087134,0.0,0.0,0.0,0.0,0.0,0.0,0.0
10.0,5.55137756887844,0.0037668159577372,0.0037668159511158,0.999992905520201,0.9999929055202,49.4136617437282,0.0,49.97472110491309,0.0,45.59504910426287,0.0,45.3021179669182,0.0,0.0,0.0,0.0,0.0,0.0,0.0
10.0,5.55162758137907,0.00376686178733,0.0037668617807045,0.999992905347566,0.999992905347565,49.41366173389958,0.0,49.97472076231659,0.0,45.59504910020157,0.0,45.30211789474609,0.0,0.0,0.0,0.0,0.0,0.0,0.0
10.0,5.55187759387969,0.0037669076183771,0.0037669076117476,0.999992905174924,0.999992905174923,49.41366172408036,0.0,49.97472041970532,0.0,45.59504909614002,0.0,45.30211782257079,0.0,0.0,0.0,0.0,0.0,0.0,0.0
10.0,5.55212760638032,0.0037669534508783,0.0037669534442448,0.999992905002274,0.999992905002274,49.41366171427059,0.0,49.97472007707929,0.0,45.59504909207824,0.0,45.3021177503923,0.0,0.0,0.0,0.0,0.0,0.0,0.0
10.0,5.55237761888094,0.0037669992848336,0.0037669992781961,0.999992904829617,0.999992904829617,49.41366170447028,0.0,49.97471973443851,0.0,45.59504908801623,0.0,45.30211767821063,0.0,0.0,0.0,0.0,0.0,0.0,0.0
10.0,5.5526276313815695,0.003767045120243,0.0037670451136015,0.999992904656952,0.999992904656952,49.41366169467948,0.0,49.97471939178296,0.0,45.59504908395397,0.0,45.30211760602577,0.0,0.0,0.0,0.0,0.0,0.0,0.0
10.0,5.55287764388219,0.0037670909571065,0.003767090950461,0.99999290448428,0.999992904484279,49.413661684898194,0.0,49.97471904911265,0.0,45.59504907989149,0.0,45.30211753383772,0.0,0.0,0.0,0.0,0.0,0.0,0.0
10.0,5.55312765638282,0.0037671367954239,0.0037671367887744,0.9999929043116,0.999992904311599,49.4136616751265,0.0,49.97471870642758,0.0,45.59504907582876,0.0,45.30211746164648,0.0,0.0,0.0,0.0,0.0,0.0,0.0
10.0,5.55337766888344,0.0037671826351951,0.0037671826285417,0.999992904138913,0.999992904138912,49.41366166536441,0.0,49.97471836372775,0.0,45.59504907176581,0.0,45.30211738945206,0.0,0.0,0.0,0.0,0.0,0.0,0.0
10.0,5.55362768138407,0.0037672284764202,0.0037672284697628,0.999992903966217,0.999992903966217,49.41366165561195,0.0,49.97471802101316,0.0,45.59504906770262,0.0,45.30211731725445,0.0,0.0,0.0,0.0,0.0,0.0,0.0
10.0,5.55387769388469,0.0037672743190991,0.0037672743124377,0.999992903793515,0.999992903793514,49.41366164586919,0.0,49.97471767828381,0.0,45.5950490636392,0.0,45.30211724505366,0.0,0.0,0.0,0.0,0.0,0.0,0.0
10.0,5.55412770638532,0.0037673201632317,0.0037673201565663,0.9999929036208038,0.999992903620804,49.41366163613613,0.0,49.9747173355397,0.0,45.59504905957555,0.0,45.30211717284968,0.0,0.0,0.0,0.0,0.0,0.0,0.0
10.0,5.55437771888594,0.003767366008818,0.0037673660021486,0.9999929034480868,0.999992903448086,49.41366162641284,0.0,49.974716992780834,0.0,45.59504905551166,0.0,45.302117100642505,0.0,0.0,0.0,0.0,0.0,0.0,0.0
10.0,5.55462773138657,0.0037674118558578,0.0037674118491845,0.999992903275361,0.99999290327536,49.41366161669932,0.0,49.9747166500072,0.0,45.59504905144755,0.0,45.30211702843214,0.0,0.0,0.0,0.0,0.0,0.0,0.0
10.0,5.554877743887191,0.0037674577043512,0.0037674576976739,0.999992903102628,0.9999929031026268,49.41366160699563,0.0,49.97471630721882,0.0,45.5950490473832,0.0,45.302116956218605,0.0,0.0,0.0,0.0,0.0,0.0,0.0
10.0,5.55512775638782,0.003767503554298,0.0037675035476168,0.999992902929888,0.9999929029298869,49.4136615973018,0.0,49.97471596441567,0.0,45.59504904331862,0.0,45.30211688400187,0.0,0.0,0.0,0.0,0.0,0.0,0.0
10.0,5.55537776888844,0.0037675494056982,0.0037675493990131,0.999992902757139,0.999992902757139,49.413661587617874,0.0,49.97471562159776,0.0,45.59504903925381,0.0,45.30211681178195,0.0,0.0,0.0,0.0,0.0,0.0,0.0
10.0,5.55562778138907,0.0037675952585518,0.0037675952518628,0.999992902584384,0.999992902584383,49.41366157794387,0.0,49.974715278765096,0.0,45.59504903518879,0.0,45.30211673955885,0.0,0.0,0.0,0.0,0.0,0.0,0.0
10.0,5.55587779388969,0.0037676411128587,0.0037676411061657,0.99999290241162,0.99999290241162,49.41366156827984,0.0,49.97471493591766,0.0,45.59504903112352,0.0,45.30211666733256,0.0,0.0,0.0,0.0,0.0,0.0,0.0
10.0,5.55612780639032,0.0037676869686188,0.0037676869619219,0.999992902238849,0.999992902238849,49.41366155862582,0.0,49.97471459305549,0.0,45.595049027058025,0.0,45.30211659510307,0.0,0.0,0.0,0.0,0.0,0.0,0.0
10.0,5.55637781889094,0.0037677328258321,0.0037677328191313,0.999992902066071,0.99999290206607,49.41366154898185,0.0,49.974714250178536,0.0,45.5950490229923,0.0,45.302116522870406,0.0,0.0,0.0,0.0,0.0,0.0,0.0
10.0,5.55662783139157,0.0037677786844985,0.0037677786777938,0.999992901893285,0.999992901893284,49.41366153934796,0.0,49.97471390728684,0.0,45.59504901892636,0.0,45.30211645063456,0.0,0.0,0.0,0.0,0.0,0.0,0.0
10.0,5.55687784389219,0.003767824544618,0.0037678245379093,0.9999929017204908,0.999992901720491,49.41366152972418,0.0,49.97471356438037,0.0,45.59504901486019,0.0,45.30211637839551,0.0,0.0,0.0,0.0,0.0,0.0,0.0
10.0,5.55712785639282,0.0037678704061904,0.0037678703994779,0.9999929015476902,0.999992901547689,49.413661520110566,0.0,49.97471322145916,0.0,45.595049010793794,0.0,45.30211630615329,0.0,0.0,0.0,0.0,0.0,0.0,0.0
10.0,5.55737786889344,0.0037679162692158,0.0037679162624994,0.999992901374881,0.999992901374881,49.41366151050715,0.0,49.97471287852318,0.0,45.59504900672716,0.0,45.30211623390788,0.0,0.0,0.0,0.0,0.0,0.0,0.0
10.0,5.55762788139407,0.003767962133694,0.0037679621269737,0.999992901202065,0.999992901202064,49.41366150091397,0.0,49.97471253557244,0.0,45.595049002660325,0.0,45.30211616165927,0.0,0.0,0.0,0.0,0.0,0.0,0.0
10.0,5.5578778938947,0.0037680079996251,0.0037680079929009,0.999992901029241,0.99999290102924,49.413661491331055,0.0,49.974712192606944,0.0,45.59504899859325,0.0,45.30211608940749,0.0,0.0,0.0,0.0,0.0,0.0,0.0
10.0,5.55812790639532,0.0037680538670089,0.0037680538602809,0.999992900856409,0.999992900856409,49.41366148175847,0.0,49.97471184962669,0.0,45.595048994525946,0.0,45.302116017152514,0.0,0.0,0.0,0.0,0.0,0.0,0.0
10.0,5.55837791889594,0.0037680997358454,0.0037680997291135,0.99999290068357,0.99999290068357,49.41366147219621,0.0,49.97471150663168,0.0,45.59504899045843,0.0,45.302115944894354,0.0,0.0,0.0,0.0,0.0,0.0,0.0
10.0,5.55862793139657,0.0037681456061345,0.0037681455993987,0.999992900510724,0.999992900510723,49.41366146264436,0.0,49.97471116362191,0.0,45.59504898639069,0.0,45.30211587263301,0.0,0.0,0.0,0.0,0.0,0.0,0.0
10.0,5.558877943897189,0.0037681914778762,0.0037681914711366,0.999992900337869,0.999992900337869,49.413661453102925,0.0,49.97471082059737,0.0,45.59504898232272,0.0,45.30211580036847,0.0,0.0,0.0,0.0,0.0,0.0,0.0
10.0,5.55912795639782,0.0037682373510704,0.0037682373443269,0.999992900165008,0.999992900165007,49.41366144357196,0.0,49.97471047755808,0.0,45.59504897825454,0.0,45.30211572810075,0.0,0.0,0.0,0.0,0.0,0.0,0.0
10.0,5.55937796889845,0.0037682832257171,0.0037682832189698,0.999992899992138,0.999992899992137,49.41366143405151,0.0,49.97471013450404,0.0,45.59504897418613,0.0,45.30211565582984,0.0,0.0,0.0,0.0,0.0,0.0,0.0
10.0,5.55962798139907,0.0037683291018161,0.003768329095065,0.9999928998192608,0.99999289981926,49.41366142454159,0.0,49.97470979143523,0.0,45.595048970117496,0.0,45.30211558355575,0.0,0.0,0.0,0.0,0.0,0.0,0.0
10.0,5.55987799389969,0.0037683749793675,0.0037683749726125,0.999992899646376,0.999992899646376,49.41366141504226,0.0,49.97470944835168,0.0,45.59504896604864,0.0,45.30211551127847,0.0,0.0,0.0,0.0,0.0,0.0,0.0
10.0,5.56012800640032,0.0037684208583712,0.0037684208516123,0.999992899473484,0.999992899473484,49.41366140555357,0.0,49.97470910525335,0.0,45.59504896197957,0.0,45.302115438998,0.0,0.0,0.0,0.0,0.0,0.0,0.0
10.0,5.56037801890095,0.003768466738827,0.0037684667320644,0.999992899300585,0.999992899300584,49.41366139607554,0.0,49.974708762140274,0.0,45.595048957910286,0.0,45.30211536671435,0.0,0.0,0.0,0.0,0.0,0.0,0.0
10.0,5.56062803140157,0.003768512620735,0.0037685126139686,0.999992899127677,0.999992899127677,49.41366138660821,0.0,49.97470841901244,0.0,45.59504895384077,0.0,45.3021152944275,0.0,0.0,0.0,0.0,0.0,0.0,0.0
10.0,5.56087804390219,0.0037685585040952,0.0037685584973249,0.999992898954762,0.9999928989547618,49.413661377151634,0.0,49.97470807586985,0.0,45.59504894977104,0.0,45.302115222137466,0.0,0.0,0.0,0.0,0.0,0.0,0.0
10.0,5.56112805640282,0.0037686043889073,0.0037686043821332,0.99999289878184,0.999992898781839,49.41366136770584,0.0,49.974707732712496,0.0,45.595048945701095,0.0,45.30211514984426,0.0,0.0,0.0,0.0,0.0,0.0,0.0
10.0,5.56137806890345,0.0037686502751714,0.0037686502683935,0.99999289860891,0.9999928986089088,49.413661358270886,0.0,49.9747073895404,0.0,45.59504894163092,0.0,45.30211507754786,0.0,0.0,0.0,0.0,0.0,0.0,0.0
10.0,5.56162808140407,0.0037686961628874,0.0037686961561057,0.999992898435972,0.999992898435972,49.41366134884679,0.0,49.97470704635354,0.0,45.59504893756053,0.0,45.30211500524826,0.0,0.0,0.0,0.0,0.0,0.0,0.0
10.0,5.5618780939047,0.0037687420520553,0.0037687420452698,0.999992898263027,0.999992898263027,49.41366133943361,0.0,49.97470670315192,0.0,45.59504893348993,0.0,45.302114932945486,0.0,0.0,0.0,0.0,0.0,0.0,0.0
10.0,5.56212810640532,0.0037687879426749,0.0037687879358857,0.999992898090075,0.999992898090074,49.41366133003138,0.0,49.97470635993553,0.0,45.59504892941912,0.0,45.30211486063953,0.0,0.0,0.0,0.0,0.0,0.0,0.0
10.0,5.56237811890594,0.0037688338347463,0.0037688338279533,0.999992897917114,0.999992897917113,49.41366132064016,0.0,49.9747060167044,0.0,45.59504892534808,0.0,45.30211478833038,0.0,0.0,0.0,0.0,0.0,0.0,0.0
10.0,5.56262813140657,0.0037688797282694,0.0037688797214726,0.999992897744146,0.999992897744145,49.41366131125996,0.0,49.9747056734585,0.0,45.59504892127681,0.0,45.302114716018046,0.0,0.0,0.0,0.0,0.0,0.0,0.0
10.0,5.562878143907201,0.0037689256232441,0.0037689256164435,0.999992897571171,0.99999289757117,49.41366130189084,0.0,49.97470533019786,0.0,45.59504891720535,0.0,45.30211464370253,0.0,0.0,0.0,0.0,0.0,0.0,0.0
10.0,5.56312815640782,0.0037689715196703,0.003768971512866,0.999992897398188,0.999992897398187,49.41366129253284,0.0,49.97470498692245,0.0,45.59504891313366,0.0,45.30211457138381,0.0,0.0,0.0,0.0,0.0,0.0,0.0
10.0,5.56337816890845,0.003769017417548,0.0037690174107399,0.999992897225197,0.999992897225196,49.41366128318601,0.0,49.97470464363229,0.0,45.59504890906175,0.0,45.30211449906192,0.0,0.0,0.0,0.0,0.0,0.0,0.0
10.0,5.563628181409071,0.0037690633168771,0.0037690633100653,0.999992897052199,0.999992897052198,49.41366127385039,0.0,49.974704300327375,0.0,45.59504890498963,0.0,45.30211442673684,0.0,0.0,0.0,0.0,0.0,0.0,0.0
10.0,5.5638781939097,0.0037691092176576,0.0037691092108421,0.999992896879193,0.999992896879192,49.413661264526006,0.0,49.97470395700769,0.0,45.5950489009173,0.0,45.302114354408566,0.0,0.0,0.0,0.0,0.0,0.0,0.0
10.0,5.56412820641032,0.0037691551198895,0.0037691551130702,0.99999289670618,0.9999928967061792,49.41366125521292,0.0,49.97470361367326,0.0,45.59504889684475,0.0,45.30211428207711,0.0,0.0,0.0,0.0,0.0,0.0,0.0
10.0,5.56437821891095,0.0037692010235725,0.0037692010167495,0.999992896533158,0.999992896533158,49.413661245911165,0.0,49.97470327032408,0.0,45.59504889277199,0.0,45.30211420974247,0.0,0.0,0.0,0.0,0.0,0.0,0.0
10.0,5.56462823141157,0.0037692469287068,0.00376924692188,0.99999289636013,0.999992896360129,49.41366123662079,0.0,49.97470292696014,0.0,45.59504888869901,0.0,45.30211413740464,0.0,0.0,0.0,0.0,0.0,0.0,0.0
10.0,5.5648782439122,0.0037692928352922,0.0037692928284617,0.999992896187094,0.999992896187093,49.41366122734184,0.0,49.97470258358144,0.0,45.59504888462582,0.0,45.302114065063634,0.0,0.0,0.0,0.0,0.0,0.0,0.0
10.0,5.56512825641282,0.0037693387433287,0.0037693387364945,0.99999289601405,0.99999289601405,49.41366121807435,0.0,49.97470224018799,0.0,45.59504888055241,0.0,45.30211399271942,0.0,0.0,0.0,0.0,0.0,0.0,0.0
10.0,5.56537826891345,0.0037693846528161,0.0037693846459782,0.999992895840999,0.999992895840998,49.413661208818375,0.0,49.97470189677977,0.0,45.59504887647879,0.0,45.30211392037204,0.0,0.0,0.0,0.0,0.0,0.0,0.0
10.0,5.56562828141407,0.0037694305637546,0.003769430556913,0.99999289566794,0.99999289566794,49.41366119957395,0.0,49.97470155335681,0.0,45.595048872404966,0.0,45.30211384802146,0.0,0.0,0.0,0.0,0.0,0.0,0.0
10.0,5.5658782939147,0.0037694764761439,0.0037694764692986,0.999992895494874,0.9999928954948732,49.41366119034114,0.0,49.97470120991908,0.0,45.59504886833092,0.0,45.3021137756677,0.0,0.0,0.0,0.0,0.0,0.0,0.0
10.0,5.56612830641532,0.003769522389984,0.003769522383135,0.9999928953218,0.9999928953217988,49.41366118111996,0.0,49.974700866466605,0.0,45.59504886425667,0.0,45.302113703310745,0.0,0.0,0.0,0.0,0.0,0.0,0.0
10.0,5.56637831891595,0.003769568305275,0.0037695682984223,0.999992895148718,0.999992895148718,49.41366117191047,0.0,49.97470052299937,0.0,45.5950488601822,0.0,45.30211363095062,0.0,0.0,0.0,0.0,0.0,0.0,0.0
10.0,5.56662833141657,0.0037696142220166,0.0037696142151602,0.999992894975629,0.999992894975628,49.41366116271272,0.0,49.97470017951738,0.0,45.59504885610752,0.0,45.30211355858729,0.0,0.0,0.0,0.0,0.0,0.0,0.0
10.0,5.566878343917199,0.0037696601402089,0.0037696601333488,0.9999928948025328,0.999992894802532,49.413661153526746,0.0,49.97469983602063,0.0,45.59504885203263,0.0,45.30211348622078,0.0,0.0,0.0,0.0,0.0,0.0,0.0
10.0,5.56712835641782,0.0037697060598517,0.003769706052988,0.999992894629428,0.999992894629427,49.4136611443526,0.0,49.97469949250914,0.0,45.59504884795752,0.0,45.30211341385109,0.0,0.0,0.0,0.0,0.0,0.0,0.0
10.0,5.56737836891845,0.0037697519809452,0.0037697519740778,0.999992894456316,0.999992894456316,49.41366113519031,0.0,49.974699148982886,0.0,45.59504884388221,0.0,45.30211334147821,0.0,0.0,0.0,0.0,0.0,0.0,0.0
10.0,5.56762838141907,0.003769797903489,0.003769797896618,0.999992894283197,0.999992894283196,49.41366112603996,0.0,49.97469880544188,0.0,45.59504883980668,0.0,45.302113269102136,0.0,0.0,0.0,0.0,0.0,0.0,0.0
10.0,5.5678783939197,0.0037698438274833,0.0037698438206086,0.99999289411007,0.999992894110069,49.41366111690155,0.0,49.97469846188611,0.0,45.59504883573095,0.0,45.302113196722885,0.0,0.0,0.0,0.0,0.0,0.0,0.0
10.0,5.56812840642032,0.0037698897529279,0.0037698897460496,0.999992893936935,0.999992893936935,49.41366110777516,0.0,49.9746981183156,0.0,45.595048831655006,0.0,45.30211312434045,0.0,0.0,0.0,0.0,0.0,0.0,0.0
10.0,5.568378418920951,0.0037699356798229,0.0037699356729409,0.999992893763793,0.999992893763792,49.413661098660825,0.0,49.97469777473032,0.0,45.59504882757884,0.0,45.30211305195482,0.0,0.0,0.0,0.0,0.0,0.0,0.0
10.0,5.56862843142157,0.003769981608168,0.0037699816012824,0.999992893590643,0.9999928935906433,49.4136610895586,0.0,49.974697431130295,0.0,45.59504882350249,0.0,45.302112979566,0.0,0.0,0.0,0.0,0.0,0.0,0.0
10.0,5.5688784439222,0.0037700275379634,0.0037700275310741,0.999992893417486,0.999992893417485,49.41366108046852,0.0,49.9746970875155,0.0,45.59504881942591,0.0,45.302112907174,0.0,0.0,0.0,0.0,0.0,0.0,0.0
10.0,5.5691284564228205,0.0037700734692088,0.0037700734623159,0.999992893244321,0.99999289324432,49.41366107139064,0.0,49.97469674388597,0.0,45.59504881534912,0.0,45.30211283477882,0.0,0.0,0.0,0.0,0.0,0.0,0.0
10.0,5.56937846892345,0.0037701194019043,0.0037701193950078,0.999992893071149,0.999992893071148,49.41366106232499,0.0,49.97469640024168,0.0,45.59504881127213,0.0,45.30211276238044,0.0,0.0,0.0,0.0,0.0,0.0,0.0
10.0,5.56962848142407,0.0037701653360498,0.0037701653291497,0.999992892897969,0.999992892897968,49.41366105327165,0.0,49.97469605658262,0.0,45.595048807194935,0.0,45.30211268997888,0.0,0.0,0.0,0.0,0.0,0.0,0.0
10.0,5.5698784939247,0.0037702112716452,0.0037702112647415,0.999992892724781,0.99999289272478,49.41366104423064,0.0,49.974695712908826,0.0,45.59504880311752,0.0,45.30211261757414,0.0,0.0,0.0,0.0,0.0,0.0,0.0
10.0,5.57012850642532,0.0037702572086905,0.0037702572017832,0.999992892551586,0.999992892551585,49.413661035202026,0.0,49.97469536922027,0.0,45.5950487990399,0.0,45.3021125451662,0.0,0.0,0.0,0.0,0.0,0.0,0.0
10.0,5.57037851892595,0.0037703031471856,0.0037703031402747,0.999992892378383,0.999992892378382,49.413661026185856,0.0,49.97469502551696,0.0,45.59504879496208,0.0,45.30211247275509,0.0,0.0,0.0,0.0,0.0,0.0,0.0
10.0,5.570628531426571,0.0037703490871304,0.0037703490802159,0.999992892205173,0.999992892205172,49.41366101718216,0.0,49.9746946817989,0.0,45.59504879088404,0.0,45.302112400340775,0.0,0.0,0.0,0.0,0.0,0.0,0.0
10.0,5.5708785439272,0.003770395028525,0.0037703950216069,0.999992892031955,0.999992892031954,49.413661008191006,0.0,49.97469433806608,0.0,45.595048786805805,0.0,45.30211232792329,0.0,0.0,0.0,0.0,0.0,0.0,0.0
10.0,5.57112855642782,0.0037704409713691,0.0037704409644474,0.999992891858729,0.999992891858728,49.41366099921244,0.0,49.97469399431851,0.0,45.59504878272735,0.0,45.30211225550261,0.0,0.0,0.0,0.0,0.0,0.0,0.0
10.0,5.57137856892845,0.0037704869156629,0.0037704869087376,0.999992891685496,0.9999928916854948,49.413660990246505,0.0,49.97469365055618,0.0,45.5950487786487,0.0,45.30211218307875,0.0,0.0,0.0,0.0,0.0,0.0,0.0
10.0,5.57162858142907,0.0037705328614061,0.0037705328544773,0.999992891512255,0.999992891512255,49.413660981293255,0.0,49.9746933067791,0.0,45.59504877456983,0.0,45.3021121106517,0.0,0.0,0.0,0.0,0.0,0.0,0.0
10.0,5.5718785939297,0.0037705788085988,0.0037705788016664,0.999992891339007,0.999992891339006,49.41366097235273,0.0,49.97469296298727,0.0,45.59504877049076,0.0,45.30211203822146,0.0,0.0,0.0,0.0,0.0,0.0,0.0
10.0,5.57212860643032,0.0037706247572409,0.003770624750305,0.9999928911657509,0.999992891165751,49.413660963425,0.0,49.974692619180686,0.0,45.59504876641148,0.0,45.30211196578804,0.0,0.0,0.0,0.0,0.0,0.0,0.0
10.0,5.572378618930949,0.0037706707073324,0.0037706707003929,0.999992890992488,0.999992890992487,49.4136609545101,0.0,49.97469227535935,0.0,45.595048762332,0.0,45.30211189335142,0.0,0.0,0.0,0.0,0.0,0.0,0.0
10.0,5.57262863143157,0.003770716658873,0.00377071665193,0.999992890819217,0.999992890819216,49.41366094560809,0.0,49.97469193152326,0.0,45.59504875825232,0.0,45.30211182091163,0.0,0.0,0.0,0.0,0.0,0.0,0.0
10.0,5.5728786439322,0.003770762611863,0.0037707626049164,0.999992890645938,0.999992890645938,49.41366093671902,0.0,49.97469158767241,0.0,45.59504875417242,0.0,45.30211174846864,0.0,0.0,0.0,0.0,0.0,0.0,0.0
10.0,5.57312865643282,0.003770808566302,0.0037708085593519,0.999992890472652,0.999992890472652,49.413660927842926,0.0,49.97469124380681,0.0,45.59504875009232,0.0,45.30211167602248,0.0,0.0,0.0,0.0,0.0,0.0,0.0
10.0,5.57337866893345,0.0037708545221902,0.0037708545152365,0.999992890299359,0.999992890299358,49.41366091897988,0.0,49.97469089992646,0.0,45.59504874601201,0.0,45.30211160357312,0.0,0.0,0.0,0.0,0.0,0.0,0.0
10.0,5.57362868143407,0.0037709004795273,0.0037709004725702,0.999992890126057,0.999992890126057,49.41366091012992,0.0,49.97469055603136,0.0,45.59504874193151,0.0,45.30211153112058,0.0,0.0,0.0,0.0,0.0,0.0,0.0
10.0,5.5738786939347,0.0037709464383135,0.0037709464313528,0.999992889952748,0.999992889952748,49.41366090129309,0.0,49.97469021212149,0.0,45.59504873785079,0.0,45.30211145866485,0.0,0.0,0.0,0.0,0.0,0.0,0.0
10.0,5.57412870643532,0.0037709923985486,0.0037709923915844,0.999992889779432,0.9999928897794312,49.41366089246947,0.0,49.97468986819689,0.0,45.595048733769865,0.0,45.30211138620594,0.0,0.0,0.0,0.0,0.0,0.0,0.0
10.0,5.57437871893595,0.0037710383602325,0.0037710383532648,0.999992889606108,0.999992889606107,49.41366088365911,0.0,49.97468952425752,0.0,45.59504872968874,0.0,45.30211131374384,0.0,0.0,0.0,0.0,0.0,0.0,0.0
10.0,5.574628731436569,0.0037710843233652,0.003771084316394,0.999992889432776,0.999992889432776,49.41366087486203,0.0,49.974689180303415,0.0,45.595048725607406,0.0,45.30211124127855,0.0,0.0,0.0,0.0,0.0,0.0,0.0
10.0,5.5748787439372,0.0037711302879467,0.0037711302809719,0.999992889259437,0.999992889259437,49.41366086607831,0.0,49.97468883633454,0.0,45.59504872152588,0.0,45.30211116881007,0.0,0.0,0.0,0.0,0.0,0.0,0.0
10.0,5.57512875643782,0.0037711762539768,0.0037711762469985,0.999992889086091,0.99999288908609,49.413660857308,0.0,49.97468849235093,0.0,45.59504871744413,0.0,45.30211109633841,0.0,0.0,0.0,0.0,0.0,0.0,0.0
10.0,5.57537876893845,0.0037712222214555,0.0037712222144738,0.999992888912736,0.999992888912736,49.41366084855114,0.0,49.97468814835255,0.0,45.59504871336218,0.0,45.30211102386357,0.0,0.0,0.0,0.0,0.0,0.0,0.0
10.0,5.57562878143907,0.0037712681903828,0.0037712681833976,0.999992888739374,0.999992888739374,49.4136608398078,0.0,49.97468780433943,0.0,45.59504870928004,0.0,45.30211095138553,0.0,0.0,0.0,0.0,0.0,0.0,0.0
10.0,5.5758787939397,0.0037713141607585,0.0037713141537699,0.999992888566005,0.999992888566004,49.41366083107802,0.0,49.97468746031155,0.0,45.59504870519769,0.0,45.30211087890432,0.0,0.0,0.0,0.0,0.0,0.0,0.0
10.0,5.57612880644032,0.0037713601325827,0.0037713601255906,0.999992888392628,0.9999928883926268,49.41366082236186,0.0,49.97468711626892,0.0,45.59504870111514,0.0,45.30211080641991,0.0,0.0,0.0,0.0,0.0,0.0,0.0
10.0,5.57637881894095,0.0037714061058553,0.0037714060988597,0.999992888219243,0.999992888219243,49.4136608136594,0.0,49.974686772211534,0.0,45.595048697032375,0.0,45.30211073393232,0.0,0.0,0.0,0.0,0.0,0.0,0.0
10.0,5.57662883144157,0.0037714520805762,0.0037714520735772,0.999992888045851,0.99999288804585,49.413660804970654,0.0,49.97468642813941,0.0,45.59504869294942,0.0,45.302110661441546,0.0,0.0,0.0,0.0,0.0,0.0,0.0
10.0,5.5768788439422,0.0037714980567453,0.0037714980497428,0.999992887872451,0.999992887872451,49.4136607962957,0.0,49.97468608405252,0.0,45.59504868886625,0.0,45.30211058894759,0.0,0.0,0.0,0.0,0.0,0.0,0.0
10.0,5.57712885644282,0.0037715440343627,0.0037715440273567,0.9999928876990442,0.999992887699043,49.41366078763458,0.0,49.97468573995088,0.0,45.59504868478289,0.0,45.302110516450426,0.0,0.0,0.0,0.0,0.0,0.0,0.0
10.0,5.57737886894345,0.0037715900134281,0.0037715900064188,0.999992887525629,0.999992887525628,49.41366077898736,0.0,49.9746853958345,0.0,45.59504868069932,0.0,45.30211044395009,0.0,0.0,0.0,0.0,0.0,0.0,0.0
10.0,5.57762888144407,0.0037716359939417,0.0037716359869289,0.999992887352206,0.999992887352206,49.4136607703541,0.0,49.97468505170336,0.0,45.59504867661555,0.0,45.302110371446574,0.0,0.0,0.0,0.0,0.0,0.0,0.0
10.0,5.5778788939447,0.0037716819759032,0.003771681968887,0.9999928871787772,0.999992887178776,49.41366076173485,0.0,49.97468470755747,0.0,45.595048672531576,0.0,45.302110298939866,0.0,0.0,0.0,0.0,0.0,0.0,0.0
10.0,5.57812890644532,0.0037717279593127,0.003771727952293,0.999992887005339,0.9999928870053378,49.413660753129655,0.0,49.97468436339683,0.0,45.5950486684474,0.0,45.30211022642997,0.0,0.0,0.0,0.0,0.0,0.0,0.0
10.0,5.57837891894595,0.0037717739441701,0.003771773937147,0.999992886831894,0.9999928868318932,49.4136607445386,0.0,49.97468401922144,0.0,45.59504866436302,0.0,45.302110153916885,0.0,0.0,0.0,0.0,0.0,0.0,0.0
10.0,5.57862893144657,0.0037718199304753,0.0037718199234488,0.999992886658441,0.99999288665844,49.41366073596172,0.0,49.97468367503129,0.0,45.59504866027843,0.0,45.30211008140063,0.0,0.0,0.0,0.0,0.0,0.0,0.0
10.0,5.5788789439472,0.0037718659182283,0.0037718659111984,0.9999928864849812,0.99999288648498,49.41366072739907,0.0,49.9746833308264,0.0,45.59504865619365,0.0,45.30211000888117,0.0,0.0,0.0,0.0,0.0,0.0,0.0
10.0,5.57912895644782,0.0037719119074291,0.0037719119003957,0.999992886311513,0.999992886311512,49.41366071885072,0.0,49.97468298660675,0.0,45.595048652108666,0.0,45.30210993635853,0.0,0.0,0.0,0.0,0.0,0.0,0.0
10.0,5.57937896894845,0.0037719578980774,0.0037719578910407,0.999992886138037,0.999992886138036,49.41366071031673,0.0,49.97468264237235,0.0,45.595048648023486,0.0,45.30210986383271,0.0,0.0,0.0,0.0,0.0,0.0,0.0
10.0,5.57962898144907,0.0037720038901734,0.0037720038831333,0.9999928859645542,0.999992885964553,49.41366070179714,0.0,49.9746822981232,0.0,45.5950486439381,0.0,45.3021097913037,0.0,0.0,0.0,0.0,0.0,0.0,0.0
10.0,5.5798789939497,0.0037720498837169,0.0037720498766734,0.999992885791063,0.9999928857910632,49.41366069329202,0.0,49.97468195385931,0.0,45.59504863985251,0.0,45.3021097187715,0.0,0.0,0.0,0.0,0.0,0.0,0.0
10.0,5.58012900645032,0.0037720958787078,0.0037720958716609,0.999992885617565,0.999992885617564,49.41366068480144,0.0,49.97468160958066,0.0,45.59504863576672,0.0,45.30210964623612,0.0,0.0,0.0,0.0,0.0,0.0,0.0
10.0,5.58037901895095,0.0037721418751462,0.0037721418680959,0.9999928854440588,0.999992885444059,49.41366067632544,0.0,49.97468126528726,0.0,45.595048631680726,0.0,45.30210957369754,0.0,0.0,0.0,0.0,0.0,0.0,0.0
10.0,5.58062903145157,0.0037721878730319,0.0037721878659783,0.999992885270546,0.999992885270545,49.41366066786409,0.0,49.974680920979104,0.0,45.59504862759453,0.0,45.30210950115579,0.0,0.0,0.0,0.0,0.0,0.0,0.0
10.0,5.5808790439522,0.0037722338723649,0.0037722338653079,0.999992885097025,0.999992885097024,49.41366065941746,0.0,49.97468057665621,0.0,45.59504862350814,0.0,45.30210942861084,0.0,0.0,0.0,0.0,0.0,0.0,0.0
10.0,5.58112905645282,0.0037722798731452,0.0037722798660848,0.999992884923496,0.999992884923496,49.41366065098558,0.0,49.97468023231856,0.0,45.595048619421554,0.0,45.30210935606272,0.0,0.0,0.0,0.0,0.0,0.0,0.0
10.0,5.58137906895345,0.0037723258753726,0.0037723258683089,0.99999288474996,0.99999288474996,49.41366064256854,0.0,49.97467988796615,0.0,45.59504861533476,0.0,45.302109283511406,0.0,0.0,0.0,0.0,0.0,0.0,0.0
10.0,5.58162908145407,0.0037723718790472,0.0037723718719801,0.999992884576417,0.999992884576416,49.413660634166376,0.0,49.974679543599,0.0,45.59504861124776,0.0,45.30210921095691,0.0,0.0,0.0,0.0,0.0,0.0,0.0
10.0,5.5818790939547,0.0037724178841688,0.0037724178770984,0.999992884402865,0.999992884402865,49.41366062577918,0.0,49.97467919921711,0.0,45.59504860716057,0.0,45.30210913839922,0.0,0.0,0.0,0.0,0.0,0.0,0.0
10.0,5.58212910645532,0.0037724638907374,0.0037724638836636,0.999992884229306,0.999992884229306,49.41366061740698,0.0,49.974678854820446,0.0,45.59504860307318,0.0,45.30210906583835,0.0,0.0,0.0,0.0,0.0,0.0,0.0
10.0,5.58237911895595,0.0037725098987529,0.0037725098916758,0.99999288405574,0.999992884055739,49.41366060904986,0.0,49.97467851040905,0.0,45.59504859898559,0.0,45.30210899327429,0.0,0.0,0.0,0.0,0.0,0.0,0.0
10.0,5.58262913145657,0.0037725559082153,0.0037725559011349,0.999992883882166,0.999992883882166,49.41366060070788,0.0,49.9746781659829,0.0,45.59504859489778,0.0,45.30210892070705,0.0,0.0,0.0,0.0,0.0,0.0,0.0
10.0,5.5828791439572,0.0037726019191245,0.0037726019120408,0.999992883708585,0.999992883708584,49.413660592381085,0.0,49.974677821542,0.0,45.59504859080979,0.0,45.30210884813661,0.0,0.0,0.0,0.0,0.0,0.0,0.0
10.0,5.58312915645782,0.0037726479314804,0.0037726479243934,0.999992883534995,0.999992883534995,49.41366058406956,0.0,49.97467747708635,0.0,45.5950485867216,0.0,45.30210877556299,0.0,0.0,0.0,0.0,0.0,0.0,0.0
10.0,5.58337916895845,0.0037726939452831,0.0037726939381927,0.999992883361399,0.999992883361398,49.41366057577335,0.0,49.97467713261595,0.0,45.59504858263321,0.0,45.3021087029862,0.0,0.0,0.0,0.0,0.0,0.0,0.0
10.0,5.58362918145907,0.0037727399605324,0.0037727399534387,0.999992883187795,0.999992883187794,49.41366056749253,0.0,49.97467678813081,0.0,45.59504857854462,0.0,45.3021086304062,0.0,0.0,0.0,0.0,0.0,0.0,0.0
10.0,5.5838791939597,0.0037727859772283,0.0037727859701313,0.999992883014183,0.999992883014182,49.413660559227154,0.0,49.974676443630905,0.0,45.59504857445583,0.0,45.30210855782303,0.0,0.0,0.0,0.0,0.0,0.0,0.0
10.0,5.58412920646032,0.0037728319953706,0.0037728319882704,0.9999928828405628,0.999992882840563,49.4136605509773,0.0,49.97467609911626,0.0,45.59504857036684,0.0,45.30210848523667,0.0,0.0,0.0,0.0,0.0,0.0,0.0
10.0,5.58437921896095,0.0037728780149595,0.0037728780078559,0.999992882666936,0.999992882666936,49.41366054274302,0.0,49.97467575458687,0.0,45.59504856627765,0.0,45.30210841264712,0.0,0.0,0.0,0.0,0.0,0.0,0.0
10.0,5.58462923146157,0.0037729240359947,0.0037729240288879,0.999992882493302,0.999992882493301,49.413660534524375,0.0,49.97467541004272,0.0,45.59504856218827,0.0,45.30210834005439,0.0,0.0,0.0,0.0,0.0,0.0,0.0
10.0,5.584879243962201,0.0037729700584763,0.0037729700513661,0.99999288231966,0.9999928823196588,49.41366052632144,0.0,49.97467506548382,0.0,45.59504855809869,0.0,45.30210826745848,0.0,0.0,0.0,0.0,0.0,0.0,0.0
10.0,5.58512925646282,0.0037730160824041,0.0037730160752907,0.99999288214601,0.999992882146009,49.413660518134286,0.0,49.97467472091018,0.0,45.595048554008905,0.0,45.30210819485937,0.0,0.0,0.0,0.0,0.0,0.0,0.0
10.0,5.58537926896345,0.0037730621077781,0.0037730621006615,0.999992881972352,0.999992881972352,49.413660509962966,0.0,49.974674376321786,0.0,45.595048549918914,0.0,45.30210812225708,0.0,0.0,0.0,0.0,0.0,0.0,0.0
10.0,5.58562928146407,0.0037731081345983,0.0037731081274784,0.999992881798688,0.999992881798687,49.41366050180755,0.0,49.97467403171865,0.0,45.59504854582874,0.0,45.3021080496516,0.0,0.0,0.0,0.0,0.0,0.0,0.0
10.0,5.5858792939647,0.0037731541628646,0.0037731541557415,0.999992881625015,0.9999928816250152,49.4136604936681,0.0,49.97467368710076,0.0,45.595048541738365,0.0,45.302107977042944,0.0,0.0,0.0,0.0,0.0,0.0,0.0
10.0,5.58612930646532,0.003773200192577,0.0037732001854506,0.9999928814513352,0.999992881451335,49.41366048554469,0.0,49.97467334246812,0.0,45.59504853764778,0.0,45.3021079044311,0.0,0.0,0.0,0.0,0.0,0.0,0.0
10.0,5.58637931896595,0.0037732462237353,0.0037732462166056,0.999992881277647,0.999992881277647,49.41366047743739,0.0,49.97467299782074,0.0,45.59504853355701,0.0,45.30210783181607,0.0,0.0,0.0,0.0,0.0,0.0,0.0
10.0,5.58662933146657,0.0037732922563395,0.0037732922492066,0.999992881103952,0.999992881103952,49.41366046934625,0.0,49.974672653158606,0.0,45.595048529466034,0.0,45.30210775919784,0.0,0.0,0.0,0.0,0.0,0.0,0.0
10.0,5.5868793439672,0.0037733382903896,0.0037733382832534,0.9999928809302492,0.999992880930249,49.41366046127136,0.0,49.97467230848172,0.0,45.595048525374864,0.0,45.302107686576434,0.0,0.0,0.0,0.0,0.0,0.0,0.0
10.0,5.587129356467821,0.0037733843258855,0.0037733843187461,0.999992880756539,0.999992880756539,49.41366045321276,0.0,49.974671963790094,0.0,45.595048521283495,0.0,45.30210761395184,0.0,0.0,0.0,0.0,0.0,0.0,0.0
10.0,5.58737936896845,0.0037734303628271,0.0037734303556845,0.999992880582821,0.9999928805828208,49.41366044517056,0.0,49.97467161908371,0.0,45.595048517191934,0.0,45.30210754132406,0.0,0.0,0.0,0.0,0.0,0.0,0.0
10.0,5.58762938146907,0.0037734764012144,0.0037734763940685,0.999992880409096,0.999992880409095,49.41366043714478,0.0,49.974671274362585,0.0,45.595048513100174,0.0,45.3021074686931,0.0,0.0,0.0,0.0,0.0,0.0,0.0
10.0,5.5878793939697,0.0037735224410473,0.0037735224338982,0.999992880235363,0.999992880235362,49.41366042913552,0.0,49.97467092962671,0.0,45.5950485090082,0.0,45.30210739605896,0.0,0.0,0.0,0.0,0.0,0.0,0.0
10.0,5.58812940647032,0.0037735684823257,0.0037735684751735,0.999992880061622,0.999992880061621,49.41366042114284,0.0,49.974670584876094,0.0,45.59504850491605,0.0,45.30210732342162,0.0,0.0,0.0,0.0,0.0,0.0,0.0
10.0,5.58837941897095,0.0037736145250497,0.0037736145178942,0.999992879887874,0.999992879887873,49.41366041316682,0.0,49.974670240110726,0.0,45.595048500823694,0.0,45.3021072507811,0.0,0.0,0.0,0.0,0.0,0.0,0.0
10.0,5.58862943147157,0.003773660569219,0.0037736605620604,0.999992879714118,0.999992879714118,49.41366040520753,0.0,49.97466989533061,0.0,45.59504849673114,0.0,45.3021071781374,0.0,0.0,0.0,0.0,0.0,0.0,0.0
10.0,5.5888794439722,0.0037737066148338,0.003773706607672,0.999992879540355,0.999992879540354,49.41366039726503,0.0,49.974669550535744,0.0,45.59504849263839,0.0,45.3021071054905,0.0,0.0,0.0,0.0,0.0,0.0,0.0
10.0,5.58912945647282,0.0037737526618939,0.0037737526547289,0.999992879366584,0.999992879366583,49.41366038933938,0.0,49.97466920572613,0.0,45.59504848854544,0.0,45.302107032840425,0.0,0.0,0.0,0.0,0.0,0.0,0.0
10.0,5.58937946897345,0.0037737987103992,0.003773798703231,0.999992879192805,0.999992879192805,49.413660381430674,0.0,49.97466886090177,0.0,45.5950484844523,0.0,45.30210696018715,0.0,0.0,0.0,0.0,0.0,0.0,0.0
10.0,5.58962948147407,0.0037738447603497,0.0037738447531784,0.9999928790190188,0.999992879019019,49.413660373538974,0.0,49.97466851606266,0.0,45.59504848035896,0.0,45.30210688753071,0.0,0.0,0.0,0.0,0.0,0.0,0.0
10.0,5.5898794939747,0.0037738908117454,0.0037738908045709,0.999992878845226,0.9999928788452248,49.41366036566436,0.0,49.974668171208805,0.0,45.59504847626543,0.0,45.302106814871074,0.0,0.0,0.0,0.0,0.0,0.0,0.0
10.0,5.59012950647532,0.0037739368645862,0.0037739368574084,0.999992878671425,0.999992878671424,49.4136603578069,0.0,49.97466782634021,0.0,45.5950484721717,0.0,45.30210674220825,0.0,0.0,0.0,0.0,0.0,0.0,0.0
10.0,5.590379518975949,0.0037739829188719,0.003773982911691,0.999992878497616,0.999992878497615,49.413660349966655,0.0,49.97466748145686,0.0,45.59504846807776,0.0,45.30210666954224,0.0,0.0,0.0,0.0,0.0,0.0,0.0
10.0,5.59062953147657,0.0037740289746026,0.0037740289674186,0.999992878323799,0.999992878323798,49.413660342143714,0.0,49.974667136558764,0.0,45.59504846398363,0.0,45.30210659687305,0.0,0.0,0.0,0.0,0.0,0.0,0.0
10.0,5.5908795439772,0.0037740750317782,0.0037740750245911,0.999992878149976,0.999992878149975,49.41366033433815,0.0,49.97466679164592,0.0,45.59504845988931,0.0,45.302106524200674,0.0,0.0,0.0,0.0,0.0,0.0,0.0
10.0,5.59112955647782,0.0037741210903987,0.0037741210832084,0.999992877976144,0.999992877976143,49.413660326550016,0.0,49.97466644671834,0.0,45.59504845579479,0.0,45.30210645152511,0.0,0.0,0.0,0.0,0.0,0.0,0.0
10.0,5.59137956897845,0.0037741671504639,0.0037741671432704,0.999992877802305,0.999992877802304,49.41366031877941,0.0,49.974666101776,0.0,45.59504845170007,0.0,45.30210637884636,0.0,0.0,0.0,0.0,0.0,0.0,0.0
10.0,5.59162958147907,0.0037742132119738,0.0037742132047773,0.999992877628458,0.999992877628458,49.413660311026405,0.0,49.97466575681892,0.0,45.595048447605166,0.0,45.302106306164426,0.0,0.0,0.0,0.0,0.0,0.0,0.0
10.0,5.5918795939797,0.0037742592749284,0.0037742592677287,0.999992877454604,0.999992877454603,49.413660303291074,0.0,49.9746654118471,0.0,45.59504844351005,0.0,45.3021062334793,0.0,0.0,0.0,0.0,0.0,0.0,0.0
10.0,5.59212960648032,0.0037743053393276,0.0037743053321248,0.9999928772807422,0.999992877280742,49.41366029557348,0.0,49.97466506686053,0.0,45.595048439414754,0.0,45.30210616079099,0.0,0.0,0.0,0.0,0.0,0.0,0.0
10.0,5.59237961898095,0.0037743514051714,0.0037743513979654,0.999992877106873,0.999992877106872,49.41366028787371,0.0,49.9746647218592,0.0,45.59504843531926,0.0,45.3021060880995,0.0,0.0,0.0,0.0,0.0,0.0,0.0
10.0,5.592629631481571,0.0037743974724596,0.0037743974652505,0.999992876932996,0.999992876932995,49.41366028019184,0.0,49.97466437684313,0.0,45.59504843122356,0.0,45.30210601540482,0.0,0.0,0.0,0.0,0.0,0.0,0.0
10.0,5.5928796439822,0.0037744435411922,0.00377444353398,0.999992876759111,0.9999928767591107,49.41366027252795,0.0,49.97466403181232,0.0,45.59504842712767,0.0,45.30210594270695,0.0,0.0,0.0,0.0,0.0,0.0,0.0
10.0,5.59312965648282,0.0037744896113692,0.0037744896041539,0.999992876585219,0.999992876585219,49.41366026488211,0.0,49.97466368676676,0.0,45.59504842303159,0.0,45.3021058700059,0.0,0.0,0.0,0.0,0.0,0.0,0.0
10.0,5.59337966898345,0.0037745356829905,0.0037745356757721,0.99999287641132,0.999992876411319,49.413660257254406,0.0,49.97466334170645,0.0,45.59504841893531,0.0,45.302105797301664,0.0,0.0,0.0,0.0,0.0,0.0,0.0
10.0,5.59362968148407,0.003774581756056,0.0037745817488345,0.999992876237412,0.999992876237412,49.413660249644906,0.0,49.9746629966314,0.0,45.59504841483884,0.0,45.30210572459424,0.0,0.0,0.0,0.0,0.0,0.0,0.0
10.0,5.5938796939847,0.0037746278305657,0.0037746278233411,0.999992876063497,0.999992876063497,49.413660242053695,0.0,49.974662651541614,0.0,45.59504841074216,0.0,45.30210565188364,0.0,0.0,0.0,0.0,0.0,0.0,0.0
10.0,5.59412970648533,0.0037746739065195,0.0037746738992919,0.9999928758895748,0.999992875889574,49.41366023448086,0.0,49.97466230643708,0.0,45.5950484066453,0.0,45.30210557916985,0.0,0.0,0.0,0.0,0.0,0.0,0.0
10.0,5.59437971898595,0.0037747199839174,0.0037747199766867,0.999992875715645,0.999992875715644,49.41366022692646,0.0,49.974661961317786,0.0,45.59504840254823,0.0,45.30210550645287,0.0,0.0,0.0,0.0,0.0,0.0,0.0
10.0,5.59462973148657,0.0037747660627592,0.0037747660555255,0.999992875541707,0.999992875541707,49.413660219390586,0.0,49.97466161618375,0.0,45.59504839845098,0.0,45.30210543373271,0.0,0.0,0.0,0.0,0.0,0.0,0.0
10.0,5.5948797439872,0.0037748121430451,0.0037748121358082,0.999992875367762,0.999992875367762,49.41366021187333,0.0,49.97466127103497,0.0,45.595048394353526,0.0,45.30210536100935,0.0,0.0,0.0,0.0,0.0,0.0,0.0
10.0,5.59512975648782,0.0037748582247747,0.0037748582175348,0.99999287519381,0.9999928751938092,49.41366020437475,0.0,49.974660925871454,0.0,45.59504839025588,0.0,45.30210528828282,0.0,0.0,0.0,0.0,0.0,0.0,0.0
10.0,5.59537976898845,0.0037749043079482,0.0037749043007053,0.9999928750198488,0.999992875019849,49.41366019689494,0.0,49.97466058069319,0.0,45.59504838615804,0.0,45.3021052155531,0.0,0.0,0.0,0.0,0.0,0.0,0.0
10.0,5.59562978148907,0.0037749503925655,0.0037749503853195,0.999992874845882,0.9999928748458812,49.41366018943399,0.0,49.974660235500174,0.0,45.59504838206001,0.0,45.30210514282019,0.0,0.0,0.0,0.0,0.0,0.0,0.0
10.0,5.595879793989699,0.0037749964786265,0.0037749964713774,0.999992874671906,0.999992874671906,49.41366018199197,0.0,49.97465989029241,0.0,45.59504837796177,0.0,45.302105070084096,0.0,0.0,0.0,0.0,0.0,0.0,0.0
10.0,5.59612980649032,0.0037750425661311,0.003775042558879,0.999992874497923,0.999992874497922,49.41366017456896,0.0,49.97465954506991,0.0,45.59504837386334,0.0,45.30210499734481,0.0,0.0,0.0,0.0,0.0,0.0,0.0
10.0,5.59637981899095,0.0037750886550793,0.0037750886478241,0.999992874323933,0.999992874323932,49.413660167165055,0.0,49.97465919983266,0.0,45.595048369764726,0.0,45.302104924602354,0.0,0.0,0.0,0.0,0.0,0.0,0.0
10.0,5.59662983149157,0.003775134745471,0.0037751347382128,0.999992874149934,0.999992874149934,49.413660159780335,0.0,49.97465885458067,0.0,45.5950483656659,0.0,45.3021048518567,0.0,0.0,0.0,0.0,0.0,0.0,0.0
10.0,5.5968798439922,0.0037751808373061,0.003775180830045,0.999992873975929,0.999992873975928,49.41366015241487,0.0,49.974658509313926,0.0,45.5950483615669,0.0,45.30210477910787,0.0,0.0,0.0,0.0,0.0,0.0,0.0
10.0,5.59712985649282,0.0037752269305847,0.0037752269233205,0.999992873801916,0.999992873801915,49.41366014506877,0.0,49.97465816403245,0.0,45.5950483574677,0.0,45.30210470635585,0.0,0.0,0.0,0.0,0.0,0.0,0.0
10.0,5.59737986899345,0.0037752730253066,0.0037752730180394,0.9999928736278948,0.999992873627894,49.413660137742085,0.0,49.97465781873623,0.0,45.5950483533683,0.0,45.30210463360064,0.0,0.0,0.0,0.0,0.0,0.0,0.0
10.0,5.59762988149407,0.0037753191214718,0.0037753191142015,0.999992873453866,0.999992873453866,49.41366013043494,0.0,49.97465747342525,0.0,45.59504834926871,0.0,45.30210456084225,0.0,0.0,0.0,0.0,0.0,0.0,0.0
10.0,5.5978798939947,0.0037753652190801,0.0037753652118069,0.99999287327983,0.99999287327983,49.41366012314739,0.0,49.97465712809954,0.0,45.59504834516892,0.0,45.30210448808068,0.0,0.0,0.0,0.0,0.0,0.0,0.0
10.0,5.59812990649533,0.0037754113181317,0.0037754113108555,0.9999928731057868,0.999992873105786,49.41366011587955,0.0,49.97465678275908,0.0,45.59504834106894,0.0,45.30210441531591,0.0,0.0,0.0,0.0,0.0,0.0,0.0
10.0,5.59837991899595,0.0037754574186264,0.0037754574113472,0.999992872931736,0.999992872931735,49.41366010863148,0.0,49.97465643740387,0.0,45.595048336968766,0.0,45.30210434254796,0.0,0.0,0.0,0.0,0.0,0.0,0.0
10.0,5.59862993149657,0.0037755035205641,0.0037755035132819,0.999992872757677,0.999992872757676,49.41366010140328,0.0,49.97465609203392,0.0,45.5950483328684,0.0,45.302104269776834,0.0,0.0,0.0,0.0,0.0,0.0,0.0
10.0,5.5988799439972,0.0037755496239447,0.0037755496166596,0.9999928725836112,0.99999287258361,49.41366009419503,0.0,49.97465574664924,0.0,45.59504832876783,0.0,45.302104197002514,0.0,0.0,0.0,0.0,0.0,0.0,0.0
10.0,5.59912995649782,0.0037755957287683,0.0037755957214802,0.999992872409537,0.999992872409536,49.413660087006825,0.0,49.9746554012498,0.0,45.59504832466708,0.0,45.302104124225,0.0,0.0,0.0,0.0,0.0,0.0,0.0
10.0,5.59937996899845,0.0037756418350348,0.0037756418277437,0.999992872235455,0.999992872235455,49.41366007983876,0.0,49.97465505583562,0.0,45.595048320566136,0.0,45.30210405144432,0.0,0.0,0.0,0.0,0.0,0.0,0.0
10.0,5.59962998149908,0.0037756879427441,0.00377568793545,0.999992872061366,0.999992872061366,49.41366007269091,0.0,49.974654710406696,0.0,45.59504831646499,0.0,45.30210397866045,0.0,0.0,0.0,0.0,0.0,0.0,0.0
10.0,5.5998799939997,0.0037757340518961,0.003775734044599,0.99999287188727,0.9999928718872688,49.41366006556337,0.0,49.97465436496303,0.0,45.59504831236365,0.0,45.30210390587338,0.0,0.0,0.0,0.0,0.0,0.0,0.0
10.0,5.60013000650032,0.0037757801624907,0.0037757801551908,0.9999928717131652,0.999992871713165,49.41366005845624,0.0,49.97465401950462,0.0,45.59504830826212,0.0,45.30210383308314,0.0,0.0,0.0,0.0,0.0,0.0,0.0
10.0,5.60038001900095,0.003775826274528,0.0037758262672251,0.999992871539054,0.999992871539053,49.4136600513696,0.0,49.974653674031465,0.0,45.5950483041604,0.0,45.3021037602897,0.0,0.0,0.0,0.0,0.0,0.0,0.0
10.0,5.600630031501581,0.0037758723880079,0.003775872380702,0.999992871364934,0.999992871364934,49.41366004430354,0.0,49.97465332854357,0.0,45.59504830005848,0.0,45.30210368749309,0.0,0.0,0.0,0.0,0.0,0.0,0.0
10.0,5.6008800440022,0.0037759185029303,0.0037759184956215,0.999992871190808,0.9999928711908068,49.41366003725816,0.0,49.97465298304093,0.0,45.59504829595637,0.0,45.30210361469329,0.0,0.0,0.0,0.0,0.0,0.0,0.0
10.0,5.60113005650283,0.0037759646192951,0.0037759646119833,0.9999928710166732,0.999992871016672,49.41366003023354,0.0,49.97465263752354,0.0,45.59504829185406,0.0,45.3021035418903,0.0,0.0,0.0,0.0,0.0,0.0,0.0
10.0,5.60138006900345,0.0037760107371023,0.0037760107297876,0.999992870842531,0.999992870842531,49.4136600232298,0.0,49.97465229199142,0.0,45.59504828775157,0.0,45.30210346908412,0.0,0.0,0.0,0.0,0.0,0.0,0.0
10.0,5.60163008150407,0.0037760568563518,0.0037760568490342,0.999992870668382,0.999992870668381,49.41366001624701,0.0,49.97465194644455,0.0,45.59504828364887,0.0,45.30210339627477,0.0,0.0,0.0,0.0,0.0,0.0,0.0
10.0,5.6018800940047,0.0037761029770435,0.003776102969723,0.999992870494224,0.999992870494224,49.41366000928526,0.0,49.97465160088294,0.0,45.59504827954599,0.0,45.30210332346222,0.0,0.0,0.0,0.0,0.0,0.0,0.0
10.0,5.60213010650533,0.0037761490991775,0.0037761490918541,0.99999287032006,0.999992870320059,49.413660002344656,0.0,49.97465125530658,0.0,45.595048275442906,0.0,45.30210325064649,0.0,0.0,0.0,0.0,0.0,0.0,0.0
10.0,5.60238011900595,0.0037761952227536,0.0037761952154273,0.999992870145887,0.9999928701458868,49.41365999542529,0.0,49.97465090971549,0.0,45.59504827133964,0.0,45.30210317782758,0.0,0.0,0.0,0.0,0.0,0.0,0.0
10.0,5.60263013150657,0.0037762413477718,0.0037762413404426,0.999992869971707,0.999992869971707,49.413659988527264,0.0,49.97465056410965,0.0,45.59504826723618,0.0,45.30210310500547,0.0,0.0,0.0,0.0,0.0,0.0,0.0
10.0,5.6028801440072,0.0037762874742321,0.0037762874668999,0.99999286979752,0.9999928697975188,49.41365998165067,0.0,49.97465021848907,0.0,45.59504826313252,0.0,45.30210303218019,0.0,0.0,0.0,0.0,0.0,0.0,0.0
10.0,5.60313015650783,0.0037763336021342,0.0037763335947992,0.9999928696233248,0.999992869623324,49.4136599747956,0.0,49.97464987285375,0.0,45.59504825902867,0.0,45.30210295935172,0.0,0.0,0.0,0.0,0.0,0.0,0.0
10.0,5.60338016900845,0.0037763797314783,0.0037763797241404,0.999992869449122,0.999992869449122,49.41365996796216,0.0,49.97464952720368,0.0,45.59504825492463,0.0,45.30210288652006,0.0,0.0,0.0,0.0,0.0,0.0,0.0
10.0,5.60363018150908,0.0037764258622642,0.0037764258549234,0.999992869274912,0.999992869274911,49.41365996115043,0.0,49.97464918153887,0.0,45.5950482508204,0.0,45.30210281368522,0.0,0.0,0.0,0.0,0.0,0.0,0.0
10.0,5.6038801940097,0.003776471994492,0.0037764719871483,0.9999928691006938,0.999992869100694,49.413659954360526,0.0,49.97464883585931,0.0,45.59504824671597,0.0,45.3021027408472,0.0,0.0,0.0,0.0,0.0,0.0,0.0
10.0,5.60413020651033,0.0037765181281614,0.0037765181208148,0.999992868926469,0.999992868926469,49.41365994759255,0.0,49.974648490165016,0.0,45.59504824261136,0.0,45.30210266800598,0.0,0.0,0.0,0.0,0.0,0.0,0.0
10.0,5.60438021901095,0.0037765642632725,0.0037765642559231,0.999992868752236,0.999992868752236,49.413659940846586,0.0,49.97464814445598,0.0,45.595048238506536,0.0,45.30210259516158,0.0,0.0,0.0,0.0,0.0,0.0,0.0
10.0,5.60463023151158,0.0037766103998252,0.0037766103924729,0.999992868577996,0.9999928685779952,49.41365993412275,0.0,49.97464779873221,0.0,45.59504823440153,0.0,45.302102522314,0.0,0.0,0.0,0.0,0.0,0.0,0.0
10.0,5.6048802440122,0.0037766565378194,0.0037766565304643,0.999992868403748,0.999992868403747,49.41365992742112,0.0,49.974647452993686,0.0,45.595048230296335,0.0,45.30210244946322,0.0,0.0,0.0,0.0,0.0,0.0,0.0
10.0,5.60513025651283,0.0037767026772552,0.0037767026698972,0.999992868229492,0.9999928682294912,49.41365992074183,0.0,49.97464710724042,0.0,45.59504822619094,0.0,45.30210237660927,0.0,0.0,0.0,0.0,0.0,0.0,0.0
10.0,5.60538026901345,0.0037767488181323,0.0037767488107715,0.9999928680552288,0.999992868055228,49.41365991408495,0.0,49.97464676147242,0.0,45.59504822208536,0.0,45.30210230375213,0.0,0.0,0.0,0.0,0.0,0.0,0.0
10.0,5.60563028151408,0.0037767949604508,0.0037767949530872,0.999992867880958,0.999992867880957,49.4136599074506,0.0,49.97464641568968,0.0,45.59504821797959,0.0,45.30210223089181,0.0,0.0,0.0,0.0,0.0,0.0,0.0
10.0,5.6058802940147,0.0037768411042107,0.0037768410968442,0.99999286770668,0.999992867706679,49.41365990083888,0.0,49.9746460698922,0.0,45.59504821387361,0.0,45.3021021580283,0.0,0.0,0.0,0.0,0.0,0.0,0.0
10.0,5.606130306515331,0.0037768872494117,0.0037768872420424,0.999992867532394,0.999992867532393,49.413659894249896,0.0,49.97464572407997,0.0,45.595048209767455,0.0,45.3021020851616,0.0,0.0,0.0,0.0,0.0,0.0,0.0
10.0,5.60638031901595,0.003776933396054,0.0037769333886818,0.999992867358101,0.9999928673581,49.41365988768375,0.0,49.974645378252994,0.0,45.59504820566111,0.0,45.302102012291726,0.0,0.0,0.0,0.0,0.0,0.0,0.0
10.0,5.60663033151658,0.0037769795441373,0.0037769795367624,0.9999928671838,0.999992867183799,49.41365988114054,0.0,49.97464503241129,0.0,45.59504820155456,0.0,45.302101939418655,0.0,0.0,0.0,0.0,0.0,0.0,0.0
10.0,5.6068803440172,0.0037770256936618,0.003777025686284,0.999992867009491,0.99999286700949,49.41365987462039,0.0,49.97464468655484,0.0,45.595048197447824,0.0,45.30210186654241,0.0,0.0,0.0,0.0,0.0,0.0,0.0
10.0,5.60713035651783,0.0037770718446272,0.0037770718372466,0.999992866835175,0.999992866835174,49.413659868123375,0.0,49.974644340683646,0.0,45.5950481933409,0.0,45.30210179366297,0.0,0.0,0.0,0.0,0.0,0.0,0.0
10.0,5.60738036901845,0.0037771179970336,0.0037771179896502,0.999992866660851,0.99999286666085,49.413659861649634,0.0,49.97464399479771,0.0,45.59504818923377,0.0,45.30210172078035,0.0,0.0,0.0,0.0,0.0,0.0,0.0
10.0,5.60763038151908,0.0037771641508809,0.0037771641434947,0.99999286648652,0.999992866486519,49.41365985519926,0.0,49.97464364889704,0.0,45.59504818512647,0.0,45.30210164789455,0.0,0.0,0.0,0.0,0.0,0.0,0.0
10.0,5.6078803940197,0.003777210306169,0.00377721029878,0.9999928663121812,0.99999286631218,49.41365984877236,0.0,49.974643302981626,0.0,45.59504818101896,0.0,45.30210157500555,0.0,0.0,0.0,0.0,0.0,0.0,0.0
10.0,5.60813040652033,0.0037772564628979,0.0037772564555061,0.999992866137834,0.999992866137833,49.41365984236906,0.0,49.974642957051465,0.0,45.59504817691126,0.0,45.30210150211337,0.0,0.0,0.0,0.0,0.0,0.0,0.0
10.0,5.608380419020951,0.0037773026210674,0.0037773026136729,0.99999286596348,0.9999928659634788,49.41365983598944,0.0,49.974642611106574,0.0,45.595048172803374,0.0,45.30210142921802,0.0,0.0,0.0,0.0,0.0,0.0,0.0
10.0,5.60863043152158,0.0037773487806777,0.0037773487732803,0.999992865789119,0.9999928657891178,49.41365982963362,0.0,49.97464226514693,0.0,45.5950481686953,0.0,45.30210135631946,0.0,0.0,0.0,0.0,0.0,0.0,0.0
10.0,5.6088804440222,0.0037773949417285,0.0037773949343283,0.999992865614749,0.999992865614749,49.41365982330172,0.0,49.97464191917256,0.0,45.59504816458703,0.0,45.30210128341773,0.0,0.0,0.0,0.0,0.0,0.0,0.0
10.0,5.60913045652283,0.0037774411042198,0.0037774410968169,0.999992865440373,0.999992865440372,49.41365981699385,0.0,49.97464157318345,0.0,45.59504816047856,0.0,45.30210121051282,0.0,0.0,0.0,0.0,0.0,0.0,0.0
10.0,5.60938046902345,0.0037774872681516,0.0037774872607459,0.999992865265988,0.999992865265988,49.41365981071012,0.0,49.97464122717959,0.0,45.59504815636991,0.0,45.30210113760471,0.0,0.0,0.0,0.0,0.0,0.0,0.0
10.0,5.60963048152408,0.0037775334335238,0.0037775334261154,0.999992865091596,0.999992865091596,49.41365980445063,0.0,49.974640881160994,0.0,45.59504815226106,0.0,45.302101064693424,0.0,0.0,0.0,0.0,0.0,0.0,0.0
10.0,5.6098804940247,0.0037775796003364,0.0037775795929252,0.9999928649171972,0.999992864917196,49.41365979821551,0.0,49.97464053512765,0.0,45.59504814815202,0.0,45.30210099177895,0.0,0.0,0.0,0.0,0.0,0.0,0.0
10.0,5.61013050652533,0.0037776257685892,0.0037776257611753,0.99999286474279,0.999992864742789,49.413659792004886,0.0,49.97464018907959,0.0,45.59504814404279,0.0,45.30210091886129,0.0,0.0,0.0,0.0,0.0,0.0,0.0
10.0,5.61038051902595,0.0037776719382823,0.0037776719308656,0.999992864568375,0.999992864568374,49.41365978581883,0.0,49.97463984301677,0.0,45.59504813993337,0.0,45.30210084594045,0.0,0.0,0.0,0.0,0.0,0.0,0.0
10.0,5.61063053152658,0.0037777181094155,0.0037777181019961,0.999992864393953,0.999992864393952,49.41365977965749,0.0,49.9746394969392,0.0,45.59504813582376,0.0,45.30210077301642,0.0,0.0,0.0,0.0,0.0,0.0,0.0
10.0,5.6108805440272,0.0037777642819888,0.0037777642745667,0.9999928642195232,0.999992864219522,49.41365977352099,0.0,49.97463915084691,0.0,45.59504813171395,0.0,45.302100700089206,0.0,0.0,0.0,0.0,0.0,0.0,0.0
10.0,5.61113055652783,0.0037778104560022,0.0037778104485774,0.999992864045086,0.999992864045085,49.41365976740942,0.0,49.97463880473988,0.0,45.59504812760396,0.0,45.30210062715881,0.0,0.0,0.0,0.0,0.0,0.0,0.0
10.0,5.61138056902845,0.0037778566314556,0.003777856624028,0.999992863870641,0.99999286387064,49.4136597613229,0.0,49.974638458618095,0.0,45.59504812349377,0.0,45.30210055422523,0.0,0.0,0.0,0.0,0.0,0.0,0.0
10.0,5.611630581529079,0.0037779028083489,0.0037779028009186,0.999992863696188,0.999992863696188,49.41365975526158,0.0,49.97463811248159,0.0,45.59504811938339,0.0,45.302100481288456,0.0,0.0,0.0,0.0,0.0,0.0,0.0
10.0,5.6118805940297,0.0037779489866821,0.0037779489792491,0.999992863521728,0.999992863521728,49.41365974922554,0.0,49.974637766330325,0.0,45.59504811527282,0.0,45.30210040834851,0.0,0.0,0.0,0.0,0.0,0.0,0.0
10.0,5.61213060653033,0.0037779951664551,0.0037779951590193,0.999992863347261,0.99999286334726,49.413659743214914,0.0,49.974637420164335,0.0,45.59504811116207,0.0,45.30210033540536,0.0,0.0,0.0,0.0,0.0,0.0,0.0
10.0,5.61238061903095,0.0037780413476678,0.0037780413402294,0.999992863172786,0.999992863172785,49.41365973722983,0.0,49.9746370739836,0.0,45.59504810705111,0.0,45.30210026245904,0.0,0.0,0.0,0.0,0.0,0.0,0.0
10.0,5.61263063153158,0.0037780875303202,0.0037780875228791,0.9999928629983031,0.999992862998302,49.4136597312704,0.0,49.97463672778814,0.0,45.59504810293997,0.0,45.30210018950952,0.0,0.0,0.0,0.0,0.0,0.0,0.0
10.0,5.6128806440322,0.0037781337144123,0.0037781337069684,0.999992862823813,0.9999928628238118,49.41365972533675,0.0,49.97463638157792,0.0,45.59504809882864,0.0,45.30210011655683,0.0,0.0,0.0,0.0,0.0,0.0,0.0
10.0,5.61313065653283,0.0037781798999439,0.0037781798924974,0.999992862649315,0.999992862649314,49.413659719429006,0.0,49.97463603535297,0.0,45.59504809471712,0.0,45.30210004360095,0.0,0.0,0.0,0.0,0.0,0.0,0.0
10.0,5.61338066903345,0.003778226086915,0.0037782260794658,0.9999928624748088,0.999992862474808,49.41365971354728,0.0,49.974635689113285,0.0,45.5950480906054,0.0,45.30209997064188,0.0,0.0,0.0,0.0,0.0,0.0,0.0
10.0,5.61363068153408,0.0037782722753256,0.0037782722678737,0.999992862300296,0.999992862300295,49.41365970769171,0.0,49.97463534285886,0.0,45.59504808649349,0.0,45.302099897679646,0.0,0.0,0.0,0.0,0.0,0.0,0.0
10.0,5.613880694034699,0.0037783184651756,0.003778318457721,0.999992862125775,0.999992862125775,49.413659701862414,0.0,49.97463499658969,0.0,45.59504808238139,0.0,45.302099824714205,0.0,0.0,0.0,0.0,0.0,0.0,0.0
10.0,5.61413070653533,0.0037783646564649,0.0037783646490076,0.9999928619512471,0.999992861951247,49.41365969605951,0.0,49.9746346503058,0.0,45.5950480782691,0.0,45.30209975174559,0.0,0.0,0.0,0.0,0.0,0.0,0.0
10.0,5.61438071903595,0.0037784108491934,0.0037784108417335,0.999992861776711,0.999992861776711,49.41365969028314,0.0,49.97463430400715,0.0,45.59504807415662,0.0,45.302099678773786,0.0,0.0,0.0,0.0,0.0,0.0,0.0
10.0,5.61463073153658,0.0037784570433612,0.0037784570358987,0.999992861602168,0.999992861602167,49.41365968453342,0.0,49.97463395769376,0.0,45.59504807004394,0.0,45.30209960579879,0.0,0.0,0.0,0.0,0.0,0.0,0.0
10.0,5.6148807440372,0.0037785032389681,0.0037785032315029,0.999992861427617,0.999992861427617,49.41365967881048,0.0,49.97463361136564,0.0,45.59504806593109,0.0,45.30209953282062,0.0,0.0,0.0,0.0,0.0,0.0,0.0
10.0,5.61513075653783,0.0037785494360142,0.0037785494285463,0.999992861253059,0.999992861253058,49.41365967311446,0.0,49.97463326502279,0.0,45.59504806181805,0.0,45.302099459839255,0.0,0.0,0.0,0.0,0.0,0.0,0.0
10.0,5.61538076903845,0.0037785956344992,0.0037785956270287,0.9999928610784928,0.999992861078492,49.41365966744547,0.0,49.97463291866519,0.0,45.5950480577048,0.0,45.30209938685472,0.0,0.0,0.0,0.0,0.0,0.0,0.0
10.0,5.61563078153908,0.0037786418344232,0.0037786418269501,0.999992860903919,0.999992860903918,49.413659661803656,0.0,49.97463257229286,0.0,45.59504805359136,0.0,45.30209931386699,0.0,0.0,0.0,0.0,0.0,0.0,0.0
10.0,5.6158807940397,0.0037786880357862,0.0037786880283104,0.999992860729338,0.999992860729337,49.41365965618914,0.0,49.97463222590579,0.0,45.59504804947775,0.0,45.30209924087607,0.0,0.0,0.0,0.0,0.0,0.0,0.0
10.0,5.61613080654033,0.0037787342385879,0.0037787342311095,0.999992860554749,0.999992860554748,49.41365965060206,0.0,49.97463187950398,0.0,45.59504804536392,0.0,45.30209916788197,0.0,0.0,0.0,0.0,0.0,0.0,0.0
10.0,5.61638081904095,0.0037787804428285,0.0037787804353475,0.999992860380153,0.999992860380152,49.413659645042536,0.0,49.97463153308744,0.0,45.59504804124992,0.0,45.30209909488468,0.0,0.0,0.0,0.0,0.0,0.0,0.0
10.0,5.61663083154158,0.0037788266485078,0.0037788266410242,0.999992860205549,0.999992860205548,49.41365963951071,0.0,49.97463118665616,0.0,45.59504803713572,0.0,45.30209902188422,0.0,0.0,0.0,0.0,0.0,0.0,0.0
10.0,5.6168808440422,0.0037788728556258,0.0037788728481396,0.999992860030937,0.9999928600309372,49.413659634006734,0.0,49.974630840210125,0.0,45.59504803302133,0.0,45.30209894888056,0.0,0.0,0.0,0.0,0.0,0.0,0.0
10.0,5.61713085654283,0.0037789190641824,0.0037789190566935,0.999992859856318,0.999992859856317,49.41365962853072,0.0,49.97463049374937,0.0,45.59504802890676,0.0,45.30209887587372,0.0,0.0,0.0,0.0,0.0,0.0,0.0
10.0,5.61738086904345,0.0037789652741776,0.0037789652666861,0.9999928596816912,0.999992859681691,49.413659623082815,0.0,49.97463014727387,0.0,45.59504802479199,0.0,45.302098802863696,0.0,0.0,0.0,0.0,0.0,0.0,0.0
10.0,5.61763088154408,0.0037790114856112,0.0037790114781171,0.999992859507057,0.999992859507057,49.41365961766314,0.0,49.974629800783646,0.0,45.59504802067704,0.0,45.302098729850485,0.0,0.0,0.0,0.0,0.0,0.0,0.0
10.0,5.6178808940447,0.0037790576984833,0.0037790576909866,0.999992859332416,0.999992859332415,49.41365961227186,0.0,49.97462945427868,0.0,45.59504801656188,0.0,45.3020986568341,0.0,0.0,0.0,0.0,0.0,0.0,0.0
10.0,5.61813090654533,0.0037791039127937,0.0037791039052944,0.999992859157766,0.999992859157765,49.413659606909086,0.0,49.97462910775896,0.0,45.59504801244654,0.0,45.30209858381451,0.0,0.0,0.0,0.0,0.0,0.0,0.0
10.0,5.61838091904595,0.0037791501285425,0.0037791501210406,0.999992858983109,0.999992858983109,49.41365960157498,0.0,49.97462876122452,0.0,45.59504800833101,0.0,45.30209851079176,0.0,0.0,0.0,0.0,0.0,0.0,0.0
10.0,5.61863093154658,0.0037791963457295,0.0037791963382251,0.999992858808445,0.999992858808444,49.41365959626968,0.0,49.97462841467534,0.0,45.59504800421529,0.0,45.30209843776581,0.0,0.0,0.0,0.0,0.0,0.0,0.0
10.0,5.6188809440472,0.0037792425643547,0.0037792425568477,0.999992858633773,0.999992858633772,49.413659590993305,0.0,49.97462806811141,0.0,45.59504800009938,0.0,45.30209836473668,0.0,0.0,0.0,0.0,0.0,0.0,0.0
10.0,5.61913095654783,0.003779288784418,0.0037792887769085,0.999992858459093,0.999992858459092,49.41365958574603,0.0,49.97462772153277,0.0,45.595047995983286,0.0,45.302098291704354,0.0,0.0,0.0,0.0,0.0,0.0,0.0
10.0,5.619380969048449,0.0037793350059194,0.0037793349984073,0.999992858284406,0.999992858284406,49.41365958052797,0.0,49.974627374939374,0.0,45.595047991867,0.0,45.30209821866885,0.0,0.0,0.0,0.0,0.0,0.0,0.0
10.0,5.61963098154908,0.0037793812288589,0.0037793812213442,0.999992858109711,0.9999928581097112,49.41365957533929,0.0,49.97462702833124,0.0,45.59504798775051,0.0,45.30209814563017,0.0,0.0,0.0,0.0,0.0,0.0,0.0
10.0,5.6198809940497,0.0037794274532362,0.003779427445719,0.9999928579350088,0.999992857935008,49.41365957018012,0.0,49.97462668170837,0.0,45.59504798363385,0.0,45.30209807258829,0.0,0.0,0.0,0.0,0.0,0.0,0.0
10.0,5.62013100655033,0.0037794736790515,0.0037794736715317,0.999992857760299,0.999992857760298,49.41365956505061,0.0,49.97462633507077,0.0,45.59504797951698,0.0,45.30209799954324,0.0,0.0,0.0,0.0,0.0,0.0,0.0
10.0,5.62038101905095,0.0037795199063046,0.0037795198987823,0.999992857585582,0.999992857585581,49.41365955995091,0.0,49.97462598841844,0.0,45.595047975399936,0.0,45.302097926494994,0.0,0.0,0.0,0.0,0.0,0.0,0.0
10.0,5.62063103155158,0.0037795661349955,0.0037795661274706,0.999992857410856,0.999992857410856,49.41365955488116,0.0,49.974625641751366,0.0,45.595047971282696,0.0,45.30209785344356,0.0,0.0,0.0,0.0,0.0,0.0,0.0
10.0,5.6208810440522,0.0037796123651241,0.0037796123575967,0.999992857236124,0.9999928572361227,49.41365954984152,0.0,49.97462529506955,0.0,45.59504796716526,0.0,45.30209778038896,0.0,0.0,0.0,0.0,0.0,0.0,0.0
10.0,5.62113105655283,0.0037796585966904,0.0037796585891604,0.999992857061384,0.999992857061383,49.41365954483213,0.0,49.974624948373005,0.0,45.59504796304764,0.0,45.30209770733116,0.0,0.0,0.0,0.0,0.0,0.0,0.0
10.0,5.62138106905345,0.0037797048296942,0.0037797048221618,0.999992856886636,0.999992856886635,49.41365953985316,0.0,49.97462460166172,0.0,45.59504795892983,0.0,45.302097634270176,0.0,0.0,0.0,0.0,0.0,0.0,0.0
10.0,5.62163108155408,0.0037797510641356,0.0037797510566006,0.9999928567118808,0.99999285671188,49.41365953490473,0.0,49.974624254935705,0.0,45.59504795481183,0.0,45.302097561206,0.0,0.0,0.0,0.0,0.0,0.0,0.0
10.0,5.6218810940547,0.0037797973000145,0.003779797292477,0.999992856537118,0.999992856537117,49.41365952998702,0.0,49.97462390819496,0.0,45.59504795069365,0.0,45.302097488138656,0.0,0.0,0.0,0.0,0.0,0.0,0.0
10.0,5.62213110655533,0.0037798435373308,0.0037798435297907,0.9999928563623472,0.999992856362346,49.413659525100165,0.0,49.97462356143947,0.0,45.59504794657527,0.0,45.30209741506812,0.0,0.0,0.0,0.0,0.0,0.0,0.0
10.0,5.62238111905595,0.0037798897760844,0.0037798897685419,0.999992856187569,0.999992856187569,49.41365952024434,0.0,49.97462321466924,0.0,45.59504794245669,0.0,45.3020973419944,0.0,0.0,0.0,0.0,0.0,0.0,0.0
10.0,5.62263113155658,0.0037799360162753,0.0037799360087303,0.999992856012784,0.999992856012783,49.41365951541968,0.0,49.97462286788428,0.0,45.59504793833793,0.0,45.30209726891749,0.0,0.0,0.0,0.0,0.0,0.0,0.0
10.0,5.6228811440572,0.0037799822579035,0.003779982250356,0.99999285583799,0.99999285583799,49.41365951062636,0.0,49.97462252108458,0.0,45.59504793421898,0.0,45.302097195837405,0.0,0.0,0.0,0.0,0.0,0.0,0.0
10.0,5.62313115655783,0.0037800285009689,0.0037800284934189,0.99999285566319,0.999992855663189,49.41365950586452,0.0,49.97462217427015,0.0,45.59504793009984,0.0,45.30209712275413,0.0,0.0,0.0,0.0,0.0,0.0,0.0
10.0,5.62338116905845,0.0037800747454713,0.0037800747379188,0.999992855488381,0.999992855488381,49.413659501134326,0.0,49.97462182744098,0.0,45.59504792598052,0.0,45.30209704966767,0.0,0.0,0.0,0.0,0.0,0.0,0.0
10.0,5.62363118155908,0.0037801209914109,0.0037801209838559,0.999992855313565,0.999992855313565,49.41365949643594,0.0,49.97462148059708,0.0,45.595047921861,0.0,45.30209697657803,0.0,0.0,0.0,0.0,0.0,0.0,0.0
10.0,5.6238811940597,0.0037801672387874,0.0037801672312299,0.999992855138742,0.999992855138741,49.41365949176952,0.0,49.97462113373845,0.0,45.59504791774129,0.0,45.3020969034852,0.0,0.0,0.0,0.0,0.0,0.0,0.0
10.0,5.624131206560331,0.0037802134876008,0.0037802134800409,0.999992854963911,0.99999285496391,49.413659487135234,0.0,49.974620786865074,0.0,45.595047913621386,0.0,45.30209683038918,0.0,0.0,0.0,0.0,0.0,0.0,0.0
10.0,5.62438121906095,0.0037802597378512,0.0037802597302888,0.999992854789072,0.9999928547890718,49.413659482533234,0.0,49.97462043997697,0.0,45.5950479095013,0.0,45.30209675728999,0.0,0.0,0.0,0.0,0.0,0.0,0.0
10.0,5.62463123156158,0.0037803059895383,0.0037803059819735,0.999992854614226,0.999992854614225,49.4136594779637,0.0,49.97462009307413,0.0,45.59504790538102,0.0,45.3020966841876,0.0,0.0,0.0,0.0,0.0,0.0,0.0
10.0,5.6248812440622,0.0037803522426623,0.003780352235095,0.999992854439372,0.999992854439372,49.413659473426776,0.0,49.97461974615655,0.0,45.59504790126056,0.0,45.30209661108204,0.0,0.0,0.0,0.0,0.0,0.0,0.0
10.0,5.62513125656283,0.0037803984972229,0.0037803984896531,0.999992854264511,0.99999285426451,49.413659468922646,0.0,49.97461939922424,0.0,45.5950478971399,0.0,45.30209653797328,0.0,0.0,0.0,0.0,0.0,0.0,0.0
10.0,5.62538126906345,0.0037804447532201,0.0037804447456479,0.999992854089642,0.9999928540896408,49.41365946445147,0.0,49.9746190522772,0.0,45.59504789301905,0.0,45.30209646486135,0.0,0.0,0.0,0.0,0.0,0.0,0.0
10.0,5.62563128156408,0.003780491010654,0.0037804910030793,0.999992853914766,0.9999928539147652,49.413659460013406,0.0,49.974618705315415,0.0,45.59504788889803,0.0,45.30209639174623,0.0,0.0,0.0,0.0,0.0,0.0,0.0
10.0,5.6258812940647,0.0037805372695243,0.0037805372619472,0.999992853739882,0.9999928537398812,49.413659455608645,0.0,49.9746183583389,0.0,45.5950478847768,0.0,45.302096318627925,0.0,0.0,0.0,0.0,0.0,0.0,0.0
10.0,5.62613130656533,0.0037805835298311,0.0037805835222516,0.99999285356499,0.999992853564989,49.41365945123734,0.0,49.97461801134765,0.0,45.595047880655386,0.0,45.302096245506426,0.0,0.0,0.0,0.0,0.0,0.0,0.0
10.0,5.62638131906595,0.0037806297915744,0.0037806297839924,0.999992853390091,0.99999285339009,49.413659446899686,0.0,49.97461766434167,0.0,45.595047876533776,0.0,45.30209617238176,0.0,0.0,0.0,0.0,0.0,0.0,0.0
10.0,5.62663133156658,0.0037806760547539,0.0037806760471695,0.999992853215184,0.999992853215184,49.41365944259582,0.0,49.97461731732096,0.0,45.59504787241199,0.0,45.302096099253895,0.0,0.0,0.0,0.0,0.0,0.0,0.0
10.0,5.6268813440672,0.0037807223193698,0.003780722311783,0.99999285304027,0.999992853040269,49.41365943832594,0.0,49.97461697028551,0.0,45.59504786829,0.0,45.30209602612285,0.0,0.0,0.0,0.0,0.0,0.0,0.0
10.0,5.62713135656783,0.0037807685854218,0.0037807685778326,0.999992852865348,0.999992852865347,49.41365943409023,0.0,49.97461662323532,0.0,45.59504786416783,0.0,45.30209595298862,0.0,0.0,0.0,0.0,0.0,0.0,0.0
10.0,5.62738136906845,0.00378081485291,0.0037808148453184,0.9999928526904182,0.999992852690418,49.413659429888845,0.0,49.97461627617041,0.0,45.59504786004547,0.0,45.30209587985121,0.0,0.0,0.0,0.0,0.0,0.0,0.0
10.0,5.62763138156908,0.0037808611218344,0.0037808611142403,0.999992852515481,0.999992852515481,49.41365942572196,0.0,49.97461592909075,0.0,45.59504785592292,0.0,45.30209580671061,0.0,0.0,0.0,0.0,0.0,0.0,0.0
10.0,5.6278813940697,0.0037809073921947,0.0037809073845983,0.999992852340537,0.999992852340536,49.41365942158978,0.0,49.97461558199637,0.0,45.59504785180018,0.0,45.30209573356682,0.0,0.0,0.0,0.0,0.0,0.0,0.0
10.0,5.62813140657033,0.0037809536639911,0.0037809536563923,0.999992852165585,0.999992852165584,49.41365941749246,0.0,49.974615234887246,0.0,45.59504784767726,0.0,45.30209566041986,0.0,0.0,0.0,0.0,0.0,0.0,0.0
10.0,5.62838141907095,0.0037809999372233,0.0037809999296221,0.999992851990625,0.999992851990624,49.4136594134302,0.0,49.974614887763394,0.0,45.59504784355413,0.0,45.3020955872697,0.0,0.0,0.0,0.0,0.0,0.0,0.0
10.0,5.62863143157158,0.0037810462118915,0.0037810462042879,0.999992851815658,0.9999928518156568,49.41365940940315,0.0,49.97461454062481,0.0,45.59504783943083,0.0,45.30209551411637,0.0,0.0,0.0,0.0,0.0,0.0,0.0
10.0,5.6288814440722,0.0037810924879954,0.0037810924803894,0.9999928516406827,0.999992851640682,49.41365940541154,0.0,49.97461419347149,0.0,45.59504783530733,0.0,45.30209544095985,0.0,0.0,0.0,0.0,0.0,0.0,0.0
10.0,5.62913145657283,0.0037811387655351,0.0037811387579267,0.9999928514657,0.9999928514657,49.413659401455526,0.0,49.97461384630344,0.0,45.59504783118364,0.0,45.30209536780015,0.0,0.0,0.0,0.0,0.0,0.0,0.0
10.0,5.62938146907345,0.0037811850445105,0.0037811850368997,0.99999285129071,0.99999285129071,49.41365939753529,0.0,49.97461349912065,0.0,45.59504782705977,0.0,45.30209529463726,0.0,0.0,0.0,0.0,0.0,0.0,0.0
10.0,5.629631481574081,0.0037812313249214,0.0037812313173083,0.999992851115713,0.999992851115712,49.41365939365104,0.0,49.97461315192314,0.0,45.59504782293571,0.0,45.30209522147118,0.0,0.0,0.0,0.0,0.0,0.0,0.0
10.0,5.6298814940747,0.003781277606768,0.0037812775991525,0.999992850940708,0.999992850940707,49.41365938980295,0.0,49.97461280471088,0.0,45.59504781881145,0.0,45.30209514830192,0.0,0.0,0.0,0.0,0.0,0.0,0.0
10.0,5.63013150657533,0.00378132389005,0.0037813238824322,0.999992850765695,0.999992850765694,49.41365938599121,0.0,49.9746124574839,0.0,45.59504781468701,0.0,45.302095075129486,0.0,0.0,0.0,0.0,0.0,0.0,0.0
10.0,5.63038151907595,0.0037813701747675,0.0037813701671474,0.999992850590675,0.999992850590674,49.41365938221601,0.0,49.97461211024218,0.0,45.59504781056238,0.0,45.30209500195385,0.0,0.0,0.0,0.0,0.0,0.0,0.0
10.0,5.63063153157658,0.0037814164609204,0.0037814164532979,0.999992850415647,0.999992850415646,49.41365937847756,0.0,49.97461176298574,0.0,45.59504780643756,0.0,45.30209492877504,0.0,0.0,0.0,0.0,0.0,0.0,0.0
10.0,5.6308815440772,0.0037814627485086,0.0037814627408838,0.999992850240611,0.999992850240611,49.41365937477603,0.0,49.97461141571456,0.0,45.59504780231255,0.0,45.30209485559304,0.0,0.0,0.0,0.0,0.0,0.0,0.0
10.0,5.63113155657783,0.0037815090375321,0.0037815090299049,0.999992850065568,0.999992850065568,49.41365937111162,0.0,49.97461106842864,0.0,45.59504779818735,0.0,45.302094782407856,0.0,0.0,0.0,0.0,0.0,0.0,0.0
10.0,5.63138156907845,0.0037815553279908,0.0037815553203612,0.999992849890518,0.999992849890517,49.41365936748456,0.0,49.974610721128,0.0,45.59504779406197,0.0,45.30209470921949,0.0,0.0,0.0,0.0,0.0,0.0,0.0
10.0,5.63163158157908,0.0037816016198846,0.0037816016122527,0.99999284971546,0.999992849715459,49.41365936389499,0.0,49.97461037381262,0.0,45.5950477899364,0.0,45.302094636027945,0.0,0.0,0.0,0.0,0.0,0.0,0.0
10.0,5.631881594079701,0.0037816479132135,0.0037816479055793,0.999992849540394,0.999992849540393,49.41365936034315,0.0,49.9746100264825,0.0,45.59504778581062,0.0,45.3020945628332,0.0,0.0,0.0,0.0,0.0,0.0,0.0
10.0,5.63213160658033,0.0037816942079774,0.0037816942003409,0.9999928493653208,0.99999284936532,49.41365935682924,0.0,49.97460967913766,0.0,45.59504778168467,0.0,45.302094489635294,0.0,0.0,0.0,0.0,0.0,0.0,0.0
10.0,5.63238161908095,0.0037817405041763,0.0037817404965375,0.99999284919024,0.9999928491902388,49.41365935335344,0.0,49.97460933177808,0.0,45.59504777755853,0.0,45.30209441643418,0.0,0.0,0.0,0.0,0.0,0.0,0.0
10.0,5.63263163158158,0.0037817868018101,0.003781786794169,0.999992849015152,0.999992849015151,49.41365934991597,0.0,49.97460898440377,0.0,45.5950477734322,0.0,45.302094343229896,0.0,0.0,0.0,0.0,0.0,0.0,0.0
10.0,5.6328816440822,0.0037818331008788,0.0037818330932354,0.999992848840055,0.999992848840055,49.41365934651703,0.0,49.97460863701474,0.0,45.59504776930568,0.0,45.30209427002242,0.0,0.0,0.0,0.0,0.0,0.0,0.0
10.0,5.63313165658283,0.0037818794013822,0.0037818793937365,0.999992848664952,0.999992848664951,49.41365934315682,0.0,49.97460828961096,0.0,45.59504776517897,0.0,45.302094196811765,0.0,0.0,0.0,0.0,0.0,0.0,0.0
10.0,5.63338166908345,0.0037819257033204,0.0037819256956724,0.999992848489841,0.99999284848984,49.41365933983556,0.0,49.97460794219247,0.0,45.59504776105208,0.0,45.302094123597925,0.0,0.0,0.0,0.0,0.0,0.0,0.0
10.0,5.63363168158408,0.0037819720066932,0.0037819719990429,0.999992848314722,0.999992848314721,49.413659336553465,0.0,49.97460759475923,0.0,45.59504775692499,0.0,45.302094050380894,0.0,0.0,0.0,0.0,0.0,0.0,0.0
10.0,5.6338816940847,0.0037820183115007,0.0037820183038481,0.999992848139596,0.999992848139595,49.41365933331072,0.0,49.97460724731126,0.0,45.59504775279771,0.0,45.30209397716069,0.0,0.0,0.0,0.0,0.0,0.0,0.0
10.0,5.63413170658533,0.0037820646177427,0.0037820646100878,0.999992847964462,0.9999928479644608,49.41365933010756,0.0,49.97460689984857,0.0,45.595047748670254,0.0,45.3020939039373,0.0,0.0,0.0,0.0,0.0,0.0,0.0
10.0,5.63438171908595,0.0037821109254191,0.003782110917762,0.999992847789321,0.9999928477893198,49.413659326944185,0.0,49.974606552371135,0.0,45.5950477445426,0.0,45.30209383071072,0.0,0.0,0.0,0.0,0.0,0.0,0.0
10.0,5.63463173158658,0.00378215723453,0.0037821572268706,0.9999928476141718,0.999992847614171,49.413659323820816,0.0,49.974606204878974,0.0,45.59504774041476,0.0,45.30209375748095,0.0,0.0,0.0,0.0,0.0,0.0,0.0
10.0,5.6348817440872,0.0037822035450753,0.0037822035374136,0.999992847439015,0.999992847439014,49.41365932073767,0.0,49.97460585737208,0.0,45.59504773628673,0.0,45.302093684248,0.0,0.0,0.0,0.0,0.0,0.0,0.0
10.0,5.635131756587829,0.0037822498570549,0.0037822498493909,0.999992847263851,0.99999284726385,49.41365931769495,0.0,49.97460550985047,0.0,45.595047732158505,0.0,45.30209361101187,0.0,0.0,0.0,0.0,0.0,0.0,0.0
10.0,5.63538176908845,0.0037822961704687,0.0037822961628025,0.999992847088679,0.999992847088679,49.41365931469291,0.0,49.97460516231411,0.0,45.595047728030096,0.0,45.30209353777256,0.0,0.0,0.0,0.0,0.0,0.0,0.0
10.0,5.63563178158908,0.0037823424853168,0.0037823424776483,0.9999928469135,0.9999928469134988,49.41365931173173,0.0,49.97460481476303,0.0,45.5950477239015,0.0,45.30209346453005,0.0,0.0,0.0,0.0,0.0,0.0,0.0
10.0,5.6358817940897,0.0037823888015989,0.0037823887939282,0.999992846738313,0.999992846738313,49.41365930881167,0.0,49.97460446719722,0.0,45.59504771977272,0.0,45.30209339128437,0.0,0.0,0.0,0.0,0.0,0.0,0.0
10.0,5.63613180659033,0.0037824351193151,0.0037824351116422,0.999992846563119,0.999992846563118,49.41365930593293,0.0,49.97460411961666,0.0,45.59504771564376,0.0,45.302093318035496,0.0,0.0,0.0,0.0,0.0,0.0,0.0
10.0,5.63638181909095,0.0037824814384654,0.0037824814307902,0.999992846387917,0.999992846387916,49.41365930309574,0.0,49.97460377202139,0.0,45.59504771151459,0.0,45.30209324478345,0.0,0.0,0.0,0.0,0.0,0.0,0.0
10.0,5.63663183159158,0.0037825277590496,0.0037825277513721,0.999992846212707,0.999992846212707,49.41365930030033,0.0,49.97460342441138,0.0,45.59504770738524,0.0,45.30209317152821,0.0,0.0,0.0,0.0,0.0,0.0,0.0
10.0,5.6368818440922,0.0037825740810676,0.003782574073388,0.99999284603749,0.99999284603749,49.41365929754695,0.0,49.97460307678665,0.0,45.5950477032557,0.0,45.302093098269786,0.0,0.0,0.0,0.0,0.0,0.0,0.0
10.0,5.63713185659283,0.0037826204045195,0.0037826203968376,0.999992845862266,0.999992845862265,49.4136592948358,0.0,49.97460272914719,0.0,45.59504769912597,0.0,45.30209302500818,0.0,0.0,0.0,0.0,0.0,0.0,0.0
10.0,5.637381869093451,0.0037826667294052,0.0037826667217211,0.999992845687034,0.999992845687033,49.41365929216711,0.0,49.974602381492986,0.0,45.59504769499606,0.0,45.30209295174339,0.0,0.0,0.0,0.0,0.0,0.0,0.0
10.0,5.63763188159408,0.0037827130557246,0.0037827130480383,0.999992845511794,0.9999928455117928,49.41365928954114,0.0,49.97460203382406,0.0,45.595047690865954,0.0,45.30209287847541,0.0,0.0,0.0,0.0,0.0,0.0,0.0
10.0,5.6378818940947,0.0037827593834777,0.0037827593757891,0.999992845336546,0.999992845336546,49.41365928695812,0.0,49.97460168614041,0.0,45.59504768673566,0.0,45.30209280520425,0.0,0.0,0.0,0.0,0.0,0.0,0.0
10.0,5.63813190659533,0.0037828057126643,0.0037828057049735,0.999992845161291,0.9999928451612912,49.41365928441827,0.0,49.974601338442014,0.0,45.595047682605184,0.0,45.3020927319299,0.0,0.0,0.0,0.0,0.0,0.0,0.0
10.0,5.63838191909595,0.0037828520432845,0.0037828520355915,0.999992844986029,0.999992844986028,49.413659281921845,0.0,49.9746009907289,0.0,45.59504767847452,0.0,45.302092658652384,0.0,0.0,0.0,0.0,0.0,0.0,0.0
10.0,5.63863193159658,0.0037828983753381,0.003782898367643,0.999992844810759,0.999992844810758,49.41365927946909,0.0,49.974600643001054,0.0,45.59504767434366,0.0,45.30209258537168,0.0,0.0,0.0,0.0,0.0,0.0,0.0
10.0,5.6388819440972,0.0037829447088252,0.0037829447011278,0.999992844635481,0.999992844635481,49.41365927706023,0.0,49.97460029525848,0.0,45.59504767021261,0.0,45.302092512087775,0.0,0.0,0.0,0.0,0.0,0.0,0.0
10.0,5.63913195659783,0.0037829910437456,0.003782991036046,0.999992844460196,0.999992844460195,49.41365927469551,0.0,49.97459994750116,0.0,45.59504766608138,0.0,45.30209243880069,0.0,0.0,0.0,0.0,0.0,0.0,0.0
10.0,5.63938196909846,0.0037830373800993,0.0037830373723976,0.999992844284903,0.999992844284902,49.4136592723752,0.0,49.97459959972913,0.0,45.59504766194995,0.0,45.30209236551043,0.0,0.0,0.0,0.0,0.0,0.0,0.0
10.0,5.63963198159908,0.0037830837178862,0.0037830837101823,0.999992844109603,0.999992844109602,49.41365927009953,0.0,49.97459925194237,0.0,45.59504765781834,0.0,45.302092292216976,0.0,0.0,0.0,0.0,0.0,0.0,0.0
10.0,5.6398819940997,0.0037831300571063,0.0037831300494002,0.999992843934295,0.999992843934294,49.413659267868745,0.0,49.97459890414087,0.0,45.59504765368654,0.0,45.30209221892035,0.0,0.0,0.0,0.0,0.0,0.0,0.0
10.0,5.64013200660033,0.0037831763977595,0.0037831763900513,0.999992843758979,0.9999928437589788,49.41365926568311,0.0,49.97459855632464,0.0,45.59504764955456,0.0,45.30209214562053,0.0,0.0,0.0,0.0,0.0,0.0,0.0
10.0,5.64038201910096,0.0037832227398458,0.0037832227321354,0.999992843583656,0.999992843583656,49.41365926354288,0.0,49.974598208493695,0.0,45.595047645422376,0.0,45.30209207231753,0.0,0.0,0.0,0.0,0.0,0.0,0.0
10.0,5.64063203160158,0.0037832690833651,0.0037832690756525,0.999992843408326,0.9999928434083248,49.4136592614483,0.0,49.97459786064801,0.0,45.59504764129002,0.0,45.30209199901135,0.0,0.0,0.0,0.0,0.0,0.0,0.0
10.0,5.6408820441022,0.0037833154283173,0.0037833154206026,0.999992843232987,0.999992843232987,49.41365925939964,0.0,49.9745975127876,0.0,45.59504763715746,0.0,45.30209192570197,0.0,0.0,0.0,0.0,0.0,0.0,0.0
10.0,5.64113205660283,0.0037833617747024,0.0037833617669855,0.999992843057642,0.999992843057641,49.41365925739713,0.0,49.97459716491245,0.0,45.59504763302472,0.0,45.302091852389424,0.0,0.0,0.0,0.0,0.0,0.0,0.0
10.0,5.64138206910345,0.0037834081225203,0.0037834081148013,0.999992842882288,0.9999928428822878,49.41365925544107,0.0,49.97459681702259,0.0,45.5950476288918,0.0,45.302091779073685,0.0,0.0,0.0,0.0,0.0,0.0,0.0
10.0,5.64163208160408,0.003783454471771,0.0037834544640498,0.999992842706927,0.9999928427069268,49.41365925353169,0.0,49.974596469118,0.0,45.59504762475868,0.0,45.30209170575476,0.0,0.0,0.0,0.0,0.0,0.0,0.0
10.0,5.64188209410471,0.0037835008224543,0.003783500814731,0.999992842531559,0.9999928425315578,49.41365925166929,0.0,49.974596121198665,0.0,45.59504762062538,0.0,45.302091632432656,0.0,0.0,0.0,0.0,0.0,0.0,0.0
10.0,5.64213210660533,0.0037835471745703,0.0037835471668449,0.999992842356183,0.9999928423561832,49.413659249854085,0.0,49.97459577326461,0.0,45.59504761649188,0.0,45.30209155910737,0.0,0.0,0.0,0.0,0.0,0.0,0.0
10.0,5.64238211910595,0.0037835935281189,0.0037835935203913,0.999992842180799,0.999992842180799,49.4136592480864,0.0,49.97459542531583,0.0,45.5950476123582,0.0,45.30209148577889,0.0,0.0,0.0,0.0,0.0,0.0,0.0
10.0,5.64263213160658,0.0037836398831,0.0037836398753703,0.999992842005408,0.999992842005408,49.41365924636648,0.0,49.97459507735232,0.0,45.595047608224334,0.0,45.30209141244723,0.0,0.0,0.0,0.0,0.0,0.0,0.0
10.0,5.64288214410721,0.0037836862395135,0.0037836862317817,0.999992841830009,0.999992841830009,49.41365924469459,0.0,49.97459472937408,0.0,45.59504760409028,0.0,45.30209133911239,0.0,0.0,0.0,0.0,0.0,0.0,0.0
10.0,5.64313215660783,0.0037837325973594,0.0037837325896255,0.999992841654603,0.999992841654602,49.41365924307103,0.0,49.9745943813811,0.0,45.59504759995603,0.0,45.302091265774365,0.0,0.0,0.0,0.0,0.0,0.0,0.0
10.0,5.64338216910846,0.0037837789566377,0.0037837789489017,0.999992841479189,0.9999928414791888,49.41365924149605,0.0,49.97459403337341,0.0,45.59504759582159,0.0,45.30209119243315,0.0,0.0,0.0,0.0,0.0,0.0,0.0
10.0,5.64363218160908,0.0037838253173483,0.0037838253096102,0.999992841303768,0.999992841303767,49.413659239969945,0.0,49.974593685351,0.0,45.59504759168698,0.0,45.30209111908876,0.0,0.0,0.0,0.0,0.0,0.0,0.0
10.0,5.6438821941097,0.0037838716794911,0.0037838716717508,0.999992841128339,0.999992841128338,49.41365923849299,0.0,49.97459333731384,0.0,45.595047587552166,0.0,45.30209104574118,0.0,0.0,0.0,0.0,0.0,0.0,0.0
10.0,5.64413220661033,0.003783918043066,0.0037839180353237,0.999992840952902,0.999992840952902,49.413659237065474,0.0,49.97459298926197,0.0,45.59504758341717,0.0,45.30209097239041,0.0,0.0,0.0,0.0,0.0,0.0,0.0
10.0,5.64438221911096,0.0037839644080731,0.0037839644003286,0.999992840777458,0.999992840777458,49.41365923568768,0.0,49.97459264119534,0.0,45.59504757928198,0.0,45.30209089903647,0.0,0.0,0.0,0.0,0.0,0.0,0.0
10.0,5.64463223161158,0.0037840107745121,0.0037840107667656,0.999992840602006,0.999992840602006,49.41365923435989,0.0,49.974592293114014,0.0,45.59504757514661,0.0,45.30209082567934,0.0,0.0,0.0,0.0,0.0,0.0,0.0
10.0,5.64488224411221,0.0037840571423832,0.0037840571346346,0.999992840426547,0.999992840426546,49.4136592330824,0.0,49.97459194501795,0.0,45.59504757101105,0.0,45.30209075231903,0.0,0.0,0.0,0.0,0.0,0.0,0.0
10.0,5.64513225661283,0.0037841035116862,0.0037841035039355,0.99999284025108,0.999992840251079,49.41365923185551,0.0,49.97459159690716,0.0,45.5950475668753,0.0,45.30209067895553,0.0,0.0,0.0,0.0,0.0,0.0,0.0
10.0,5.645382269113461,0.003784149882421,0.0037841498746683,0.999992840075606,0.999992840075605,49.41365923067949,0.0,49.97459124878164,0.0,45.59504756273937,0.0,45.30209060558884,0.0,0.0,0.0,0.0,0.0,0.0,0.0
10.0,5.64563228161408,0.0037841962545877,0.0037841962468328,0.999992839900124,0.999992839900123,49.41365922955467,0.0,49.97459090064139,0.0,45.59504755860324,0.0,45.302090532218976,0.0,0.0,0.0,0.0,0.0,0.0,0.0
10.0,5.64588229411471,0.0037842426281861,0.0037842426204292,0.999992839724634,0.999992839724634,49.41365922848132,0.0,49.974590552486426,0.0,45.59504755446693,0.0,45.302090458845925,0.0,0.0,0.0,0.0,0.0,0.0,0.0
10.0,5.64613230661533,0.0037842890032161,0.0037842889954572,0.999992839549137,0.999992839549136,49.41365922745975,0.0,49.97459020431672,0.0,45.59504755033043,0.0,45.30209038546969,0.0,0.0,0.0,0.0,0.0,0.0,0.0
10.0,5.64638231911596,0.0037843353796778,0.0037843353719168,0.999992839373632,0.999992839373632,49.41365922649027,0.0,49.97458985613229,0.0,45.59504754619373,0.0,45.30209031209027,0.0,0.0,0.0,0.0,0.0,0.0,0.0
10.0,5.64663233161658,0.0037843817575711,0.003784381749808,0.99999283919812,0.999992839198119,49.413659225573184,0.0,49.974589507933146,0.0,45.59504754205685,0.0,45.30209023870766,0.0,0.0,0.0,0.0,0.0,0.0,0.0
10.0,5.64688234411721,0.0037844281368958,0.0037844281291307,0.9999928390226,0.9999928390226,49.4136592247088,0.0,49.97458915971927,0.0,45.5950475379198,0.0,45.30209016532188,0.0,0.0,0.0,0.0,0.0,0.0,0.0
10.0,5.64713235661783,0.003784474517652,0.0037844745098849,0.999992838847073,0.999992838847072,49.41365922389741,0.0,49.974588811490655,0.0,45.59504753378254,0.0,45.3020900919329,0.0,0.0,0.0,0.0,0.0,0.0,0.0
10.0,5.64738236911846,0.0037845208998396,0.0037845208920704,0.999992838671538,0.999992838671537,49.41365922313936,0.0,49.97458846324732,0.0,45.59504752964511,0.0,45.30209001854076,0.0,0.0,0.0,0.0,0.0,0.0,0.0
10.0,5.64763238161908,0.0037845672834585,0.0037845672756873,0.999992838495996,0.9999928384959952,49.41365922243493,0.0,49.97458811498926,0.0,45.59504752550748,0.0,45.30208994514541,0.0,0.0,0.0,0.0,0.0,0.0,0.0
10.0,5.6478823941197,0.0037846136685087,0.0037846136607354,0.9999928383204448,0.999992838320445,49.41365922178447,0.0,49.97458776671648,0.0,45.59504752136965,0.0,45.302089871746894,0.0,0.0,0.0,0.0,0.0,0.0,0.0
10.0,5.64813240662033,0.00378466005499,0.0037846600472148,0.999992838144888,0.999992838144887,49.41365922118828,0.0,49.97458741842895,0.0,45.595047517231656,0.0,45.30208979834519,0.0,0.0,0.0,0.0,0.0,0.0,0.0
10.0,5.64838241912096,0.0037847064429026,0.0037847064351252,0.999992837969323,0.999992837969322,49.413659220646686,0.0,49.97458707012672,0.0,45.595047513093455,0.0,45.302089724940295,0.0,0.0,0.0,0.0,0.0,0.0,0.0
10.0,5.64863243162158,0.0037847528322462,0.0037847528244668,0.99999283779375,0.999992837793749,49.41365922016002,0.0,49.97458672180976,0.0,45.59504750895509,0.0,45.30208965153222,0.0,0.0,0.0,0.0,0.0,0.0,0.0
10.0,5.64888244412221,0.0037847992230208,0.0037847992152394,0.999992837618169,0.999992837618169,49.413659219728615,0.0,49.97458637347806,0.0,45.59504750481652,0.0,45.30208957812096,0.0,0.0,0.0,0.0,0.0,0.0,0.0
10.0,5.64913245662283,0.0037848456152264,0.003784845607443,0.9999928374425812,0.999992837442581,49.41365921935278,0.0,49.97458602513164,0.0,45.59504750067776,0.0,45.30208950470652,0.0,0.0,0.0,0.0,0.0,0.0,0.0
10.0,5.64938246912346,0.0037848920088629,0.0037848920010775,0.999992837266986,0.999992837266985,49.41365921903287,0.0,49.97458567677049,0.0,45.59504749653882,0.0,45.30208943128889,0.0,0.0,0.0,0.0,0.0,0.0,0.0
10.0,5.64963248162408,0.0037849384039302,0.0037849383961429,0.999992837091383,0.999992837091382,49.4136592187692,0.0,49.97458532839463,0.0,45.59504749239969,0.0,45.30208935786808,0.0,0.0,0.0,0.0,0.0,0.0,0.0
10.0,5.64988249412471,0.0037849848004284,0.003784984792639,0.999992836915772,0.999992836915771,49.41365921856212,0.0,49.974584980004025,0.0,45.59504748826038,0.0,45.302089284444094,0.0,0.0,0.0,0.0,0.0,0.0,0.0
10.0,5.65013250662533,0.0037850311983572,0.0037850311905659,0.999992836740154,0.999992836740153,49.41365921841197,0.0,49.97458463159871,0.0,45.59504748412088,0.0,45.30208921101691,0.0,0.0,0.0,0.0,0.0,0.0,0.0
10.0,5.65038251912596,0.0037850775977167,0.0037850775899234,0.999992836564528,0.999992836564527,49.4136592183191,0.0,49.974584283178665,0.0,45.59504747998117,0.0,45.30208913758655,0.0,0.0,0.0,0.0,0.0,0.0,0.0
10.0,5.65063253162658,0.0037851239985069,0.0037851239907116,0.9999928363888952,0.999992836388894,49.413659218283854,0.0,49.97458393474389,0.0,45.59504747584129,0.0,45.302089064153,0.0,0.0,0.0,0.0,0.0,0.0,0.0
10.0,5.650882544127209,0.0037851704007276,0.0037851703929303,0.999992836213254,0.999992836213253,49.41365921830656,0.0,49.97458358629439,0.0,45.59504747170123,0.0,45.30208899071627,0.0,0.0,0.0,0.0,0.0,0.0,0.0
10.0,5.65113255662783,0.0037852168043787,0.0037852167965795,0.999992836037605,0.999992836037605,49.41365921838759,0.0,49.97458323783017,0.0,45.59504746756097,0.0,45.302088917276365,0.0,0.0,0.0,0.0,0.0,0.0,0.0
10.0,5.65138256912846,0.0037852632094603,0.0037852632016591,0.9999928358619492,0.999992835861949,49.41365921852731,0.0,49.97458288935122,0.0,45.595047463420535,0.0,45.30208884383326,0.0,0.0,0.0,0.0,0.0,0.0,0.0
10.0,5.65163258162908,0.0037853096159723,0.0037853096081691,0.999992835686286,0.9999928356862848,49.413659218726046,0.0,49.97458254085754,0.0,45.5950474592799,0.0,45.30208877038698,0.0,0.0,0.0,0.0,0.0,0.0,0.0
10.0,5.65188259412971,0.0037853560239146,0.0037853560161094,0.999992835510614,0.999992835510614,49.413659218984186,0.0,49.974582192349146,0.0,45.595047455139074,0.0,45.30208869693752,0.0,0.0,0.0,0.0,0.0,0.0,0.0
10.0,5.65213260663033,0.0037854024332871,0.00378540242548,0.999992835334936,0.9999928353349352,49.41365921930208,0.0,49.97458184382602,0.0,45.59504745099808,0.0,45.30208862348487,0.0,0.0,0.0,0.0,0.0,0.0,0.0
10.0,5.65238261913096,0.0037854488440898,0.0037854488362808,0.999992835159249,0.999992835159249,49.41365921968009,0.0,49.97458149528817,0.0,45.59504744685688,0.0,45.30208855002904,0.0,0.0,0.0,0.0,0.0,0.0,0.0
10.0,5.65263263163158,0.0037854952563227,0.0037854952485117,0.999992834983556,0.999992834983555,49.4136592201186,0.0,49.9745811467356,0.0,45.59504744271549,0.0,45.30208847657002,0.0,0.0,0.0,0.0,0.0,0.0,0.0
10.0,5.65288264413221,0.0037855416699856,0.0037855416621726,0.999992834807854,0.999992834807853,49.413659220617966,0.0,49.9745807981683,0.0,45.59504743857393,0.0,45.302088403107824,0.0,0.0,0.0,0.0,0.0,0.0,0.0
10.0,5.653132656632831,0.0037855880850785,0.0037855880772636,0.999992834632145,0.999992834632144,49.41365922117858,0.0,49.97458044958627,0.0,45.59504743443217,0.0,45.30208832964244,0.0,0.0,0.0,0.0,0.0,0.0,0.0
10.0,5.65338266913346,0.0037856345016014,0.0037856344937846,0.999992834456429,0.9999928344564278,49.4136592218008,0.0,49.97458010098953,0.0,45.59504743029023,0.0,45.302088256173874,0.0,0.0,0.0,0.0,0.0,0.0,0.0
10.0,5.65363268163408,0.0037856809195542,0.0037856809117354,0.999992834280704,0.999992834280704,49.41365922248502,0.0,49.974579752378055,0.0,45.5950474261481,0.0,45.30208818270212,0.0,0.0,0.0,0.0,0.0,0.0,0.0
10.0,5.65388269413471,0.0037857273389368,0.0037857273311161,0.999992834104973,0.999992834104972,49.41365922323163,0.0,49.974579403751854,0.0,45.59504742200578,0.0,45.30208810922719,0.0,0.0,0.0,0.0,0.0,0.0,0.0
10.0,5.65413270663533,0.0037857737597491,0.0037857737519266,0.999992833929233,0.999992833929233,49.413659224041,0.0,49.974579055110944,0.0,45.59504741786326,0.0,45.30208803574906,0.0,0.0,0.0,0.0,0.0,0.0,0.0
10.0,5.65438271913596,0.0037858201819912,0.0037858201741667,0.999992833753486,0.999992833753486,49.41365922491354,0.0,49.97457870645529,0.0,45.59504741372058,0.0,45.30208796226776,0.0,0.0,0.0,0.0,0.0,0.0,0.0
10.0,5.65463273163658,0.003785866605663,0.0037858665978366,0.999992833577732,0.999992833577731,49.41365922584963,0.0,49.97457835778492,0.0,45.59504740957769,0.0,45.30208788878328,0.0,0.0,0.0,0.0,0.0,0.0,0.0
10.0,5.65488274413721,0.0037859130307643,0.003785913022936,0.99999283340197,0.99999283340197,49.41365922684967,0.0,49.97457800909983,0.0,45.59504740543463,0.0,45.30208781529561,0.0,0.0,0.0,0.0,0.0,0.0,0.0
10.0,5.65513275663783,0.0037859594572952,0.0037859594494649,0.9999928332262,0.9999928332262,49.41365922791406,0.0,49.97457766040001,0.0,45.59504740129137,0.0,45.30208774180475,0.0,0.0,0.0,0.0,0.0,0.0,0.0
10.0,5.65538276913846,0.0037860058852555,0.0037860058774234,0.999992833050423,0.999992833050423,49.413659229043205,0.0,49.97457731168547,0.0,45.59504739714792,0.0,45.30208766831072,0.0,0.0,0.0,0.0,0.0,0.0,0.0
10.0,5.65563278163908,0.0037860523146453,0.0037860523068113,0.999992832874639,0.999992832874638,49.41365923023751,0.0,49.974576962956206,0.0,45.59504739300429,0.0,45.30208759481349,0.0,0.0,0.0,0.0,0.0,0.0,0.0
10.0,5.65588279413971,0.0037860987454644,0.0037860987376285,0.999992832698846,0.999992832698846,49.4136592314974,0.0,49.97457661421221,0.0,45.59504738886048,0.0,45.30208752131309,0.0,0.0,0.0,0.0,0.0,0.0,0.0
10.0,5.65613280664033,0.0037861451777128,0.003786145169875,0.999992832523047,0.999992832523046,49.413659232823264,0.0,49.9745762654535,0.0,45.59504738471647,0.0,45.30208744780951,0.0,0.0,0.0,0.0,0.0,0.0,0.0
10.0,5.656382819140959,0.0037861916113904,0.0037861916035508,0.9999928323472388,0.999992832347238,49.41365923421554,0.0,49.97457591668007,0.0,45.59504738057228,0.0,45.30208737430274,0.0,0.0,0.0,0.0,0.0,0.0,0.0
10.0,5.65663283164158,0.0037862380464972,0.0037862380386557,0.999992832171424,0.999992832171424,49.413659235674615,0.0,49.97457556789191,0.0,45.59504737642789,0.0,45.30208730079278,0.0,0.0,0.0,0.0,0.0,0.0,0.0
10.0,5.65688284414221,0.0037862844830332,0.0037862844751898,0.999992831995602,0.999992831995601,49.41365923720096,0.0,49.97457521908903,0.0,45.595047372283325,0.0,45.30208722727964,0.0,0.0,0.0,0.0,0.0,0.0,0.0
10.0,5.65713285664283,0.0037863309209982,0.0037863309131529,0.999992831819772,0.999992831819771,49.41365923879498,0.0,49.97457487027142,0.0,45.59504736813857,0.0,45.30208715376332,0.0,0.0,0.0,0.0,0.0,0.0,0.0
10.0,5.65738286914346,0.0037863773603921,0.003786377352545,0.999992831643934,0.999992831643933,49.4136592404571,0.0,49.974574521439095,0.0,45.59504736399364,0.0,45.30208708024381,0.0,0.0,0.0,0.0,0.0,0.0,0.0
10.0,5.65763288164408,0.0037864238012151,0.0037864237933661,0.9999928314680891,0.999992831468088,49.41365924218776,0.0,49.97457417259204,0.0,45.5950473598485,0.0,45.30208700672112,0.0,0.0,0.0,0.0,0.0,0.0,0.0
10.0,5.65788289414471,0.0037864702434669,0.003786470235616,0.999992831292236,0.999992831292235,49.41365924398741,0.0,49.97457382373027,0.0,45.59504735570318,0.0,45.30208693319524,0.0,0.0,0.0,0.0,0.0,0.0,0.0
10.0,5.65813290664533,0.0037865166871475,0.0037865166792948,0.9999928311163748,0.999992831116375,49.41365924585647,0.0,49.97457347485377,0.0,45.59504735155768,0.0,45.30208685966618,0.0,0.0,0.0,0.0,0.0,0.0,0.0
10.0,5.65838291914596,0.0037865631322569,0.0037865631244023,0.999992830940508,0.999992830940507,49.41365924779541,0.0,49.97457312596255,0.0,45.59504734741199,0.0,45.30208678613394,0.0,0.0,0.0,0.0,0.0,0.0,0.0
10.0,5.658632931646579,0.0037866095787949,0.0037866095709385,0.999992830764632,0.999992830764631,49.41365924980465,0.0,49.9745727770566,0.0,45.59504734326611,0.0,45.30208671259852,0.0,0.0,0.0,0.0,0.0,0.0,0.0
10.0,5.65888294414721,0.0037866560267617,0.0037866560189034,0.999992830588749,0.999992830588748,49.413659251884674,0.0,49.97457242813594,0.0,45.59504733912004,0.0,45.30208663905991,0.0,0.0,0.0,0.0,0.0,0.0,0.0
10.0,5.65913295664783,0.0037867024761569,0.0037867024682969,0.999992830412858,0.999992830412858,49.41365925403593,0.0,49.97457207920056,0.0,45.595047334973785,0.0,45.30208656551812,0.0,0.0,0.0,0.0,0.0,0.0,0.0
10.0,5.65938296914846,0.0037867489269808,0.0037867489191189,0.99999283023696,0.9999928302369598,49.41365925625887,0.0,49.97457173025044,0.0,45.59504733082734,0.0,45.30208649197314,0.0,0.0,0.0,0.0,0.0,0.0,0.0
10.0,5.65963298164908,0.003786795379233,0.0037867953713693,0.999992830061054,0.999992830061054,49.41365925855396,0.0,49.97457138128561,0.0,45.59504732668072,0.0,45.30208641842498,0.0,0.0,0.0,0.0,0.0,0.0,0.0
10.0,5.65988299414971,0.0037868418329137,0.0037868418250482,0.999992829885141,0.99999282988514,49.41365926092168,0.0,49.97457103230606,0.0,45.5950473225339,0.0,45.30208634487364,0.0,0.0,0.0,0.0,0.0,0.0,0.0
10.0,5.66013300665033,0.0037868882880227,0.0037868882801553,0.99999282970922,0.99999282970922,49.4136592633625,0.0,49.97457068331178,0.0,45.5950473183869,0.0,45.30208627131911,0.0,0.0,0.0,0.0,0.0,0.0,0.0
10.0,5.66038301915096,0.00378693474456,0.0037869347366908,0.999992829533292,0.9999928295332912,49.413659265876895,0.0,49.97457033430278,0.0,45.595047314239714,0.0,45.302086197761405,0.0,0.0,0.0,0.0,0.0,0.0,0.0
10.0,5.66063303165158,0.0037869812025255,0.0037869811946545,0.999992829357356,0.999992829357355,49.41365926846534,0.0,49.974569985279054,0.0,45.595047310092326,0.0,45.302086124200514,0.0,0.0,0.0,0.0,0.0,0.0,0.0
10.0,5.66088304415221,0.0037870276619192,0.0037870276540464,0.999992829181412,0.999992829181412,49.41365927112833,0.0,49.97456963624061,0.0,45.59504730594477,0.0,45.30208605063643,0.0,0.0,0.0,0.0,0.0,0.0,0.0
10.0,5.66113305665283,0.003787074122741,0.0037870741148664,0.999992829005461,0.99999282900546,49.41365927386635,0.0,49.97456928718744,0.0,45.59504730179702,0.0,45.302085977069176,0.0,0.0,0.0,0.0,0.0,0.0,0.0
10.0,5.66138306915346,0.0037871205849908,0.0037871205771144,0.999992828829502,0.999992828829502,49.4136592766799,0.0,49.97456893811956,0.0,45.59504729764908,0.0,45.302085903498735,0.0,0.0,0.0,0.0,0.0,0.0,0.0
10.0,5.66163308165408,0.0037871670486686,0.0037871670407904,0.999992828653536,0.999992828653535,49.41365927956948,0.0,49.97456858903696,0.0,45.59504729350096,0.0,45.30208582992511,0.0,0.0,0.0,0.0,0.0,0.0,0.0
10.0,5.66188309415471,0.0037872135137744,0.0037872135058944,0.999992828477562,0.9999928284775608,49.41365928253557,0.0,49.97456823993962,0.0,45.59504728935264,0.0,45.30208575634829,0.0,0.0,0.0,0.0,0.0,0.0,0.0
10.0,5.66213310665533,0.0037872599803079,0.0037872599724262,0.9999928283015808,0.99999282830158,49.413659285578696,0.0,49.97456789082758,0.0,45.59504728520415,0.0,45.30208568276829,0.0,0.0,0.0,0.0,0.0,0.0,0.0
10.0,5.66238311915596,0.0037873064482693,0.0037873064403858,0.999992828125592,0.9999928281255908,49.41365928869937,0.0,49.97456754170081,0.0,45.59504728105545,0.0,45.30208560918512,0.0,0.0,0.0,0.0,0.0,0.0,0.0
10.0,5.66263313165658,0.0037873529176585,0.0037873529097732,0.999992827949595,0.999992827949595,49.41365929189811,0.0,49.974567192559306,0.0,45.59504727690658,0.0,45.30208553559876,0.0,0.0,0.0,0.0,0.0,0.0,0.0
10.0,5.66288314415721,0.0037873993884753,0.0037873993805882,0.9999928277735912,0.99999282777359,49.41365929517542,0.0,49.974566843403096,0.0,45.59504727275752,0.0,45.30208546200922,0.0,0.0,0.0,0.0,0.0,0.0,0.0
10.0,5.66313315665783,0.0037874458607198,0.0037874458528309,0.999992827597579,0.999992827597579,49.41365929853185,0.0,49.97456649423215,0.0,45.59504726860827,0.0,45.302085388416494,0.0,0.0,0.0,0.0,0.0,0.0,0.0
10.0,5.66338316915846,0.0037874923343918,0.0037874923265012,0.99999282742156,0.9999928274215591,49.413659301967904,0.0,49.9745661450465,0.0,45.595047264458834,0.0,45.30208531482058,0.0,0.0,0.0,0.0,0.0,0.0,0.0
10.0,5.66363318165908,0.0037875388094913,0.0037875388015989,0.999992827245533,0.9999928272455332,49.41365930548413,0.0,49.97456579584612,0.0,45.595047260309215,0.0,45.30208524122148,0.0,0.0,0.0,0.0,0.0,0.0,0.0
10.0,5.66388319415971,0.0037875852860183,0.0037875852781242,0.999992827069499,0.999992827069498,49.41365930908107,0.0,49.97456544663103,0.0,45.59504725615941,0.0,45.3020851676192,0.0,0.0,0.0,0.0,0.0,0.0,0.0
10.0,5.664133206660329,0.0037876317639726,0.0037876317560768,0.9999928268934568,0.999992826893456,49.41365931275927,0.0,49.9745650974012,0.0,45.5950472520094,0.0,45.30208509401375,0.0,0.0,0.0,0.0,0.0,0.0,0.0
10.0,5.66438321916096,0.0037876782433543,0.0037876782354567,0.9999928267174072,0.999992826717407,49.41365931651925,0.0,49.974564748156666,0.0,45.59504724785922,0.0,45.30208502040509,0.0,0.0,0.0,0.0,0.0,0.0,0.0
10.0,5.66463323166158,0.0037877247241633,0.0037877247162639,0.99999282654135,0.9999928265413488,49.4136593203616,0.0,49.9745643988974,0.0,45.595047243708855,0.0,45.30208494679327,0.0,0.0,0.0,0.0,0.0,0.0,0.0
10.0,5.66488324416221,0.0037877712063994,0.0037877711984983,0.999992826365286,0.999992826365285,49.41365932428685,0.0,49.974564049623424,0.0,45.5950472395583,0.0,45.30208487317825,0.0,0.0,0.0,0.0,0.0,0.0,0.0
10.0,5.66513325666283,0.0037878176900627,0.0037878176821599,0.999992826189213,0.999992826189213,49.4136593282956,0.0,49.97456370033472,0.0,45.59504723540754,0.0,45.30208479956006,0.0,0.0,0.0,0.0,0.0,0.0,0.0
10.0,5.66538326916346,0.0037878641751531,0.0037878641672486,0.999992826013134,0.999992826013133,49.41365933238838,0.0,49.9745633510313,0.0,45.595047231256615,0.0,45.30208472593868,0.0,0.0,0.0,0.0,0.0,0.0,0.0
10.0,5.66563328166408,0.0037879106616705,0.0037879106537643,0.999992825837046,0.999992825837046,49.41365933656579,0.0,49.97456300171316,0.0,45.595047227105496,0.0,45.30208465231412,0.0,0.0,0.0,0.0,0.0,0.0,0.0
10.0,5.66588329416471,0.0037879571496149,0.0037879571417069,0.999992825660951,0.999992825660951,49.41365934082839,0.0,49.97456265238029,0.0,45.595047222954186,0.0,45.302084578686376,0.0,0.0,0.0,0.0,0.0,0.0,0.0
10.0,5.66613330666533,0.0037880036389862,0.0037880036310765,0.999992825484849,0.999992825484848,49.41365934517677,0.0,49.97456230303271,0.0,45.5950472188027,0.0,45.30208450505545,0.0,0.0,0.0,0.0,0.0,0.0,0.0
10.0,5.66638331916596,0.0037880501297844,0.003788050121873,0.999992825308739,0.999992825308738,49.41365934961153,0.0,49.97456195367041,0.0,45.59504721465101,0.0,45.30208443142133,0.0,0.0,0.0,0.0,0.0,0.0,0.0
10.0,5.66663333166658,0.0037880966220093,0.0037880966140962,0.999992825132621,0.999992825132621,49.41365935413325,0.0,49.974561604293385,0.0,45.59504721049915,0.0,45.30208435778405,0.0,0.0,0.0,0.0,0.0,0.0,0.0
10.0,5.66688334416721,0.003788143115661,0.0037881431077462,0.999992824956496,0.999992824956495,49.41365935874254,0.0,49.97456125490165,0.0,45.59504720634709,0.0,45.302084284143554,0.0,0.0,0.0,0.0,0.0,0.0,0.0
10.0,5.66713335666783,0.0037881896107394,0.0037881896028228,0.999992824780363,0.9999928247803628,49.41365936344,0.0,49.97456090549519,0.0,45.595047202194856,0.0,45.3020842104999,0.0,0.0,0.0,0.0,0.0,0.0,0.0
10.0,5.66738336916846,0.0037882361072443,0.0037882360993261,0.999992824604223,0.999992824604222,49.41365936822625,0.0,49.974560556074,0.0,45.59504719804243,0.0,45.302084136853054,0.0,0.0,0.0,0.0,0.0,0.0,0.0
10.0,5.66763338166908,0.0037882826051758,0.0037882825972559,0.999992824428075,0.999992824428074,49.41365937310189,0.0,49.9745602066381,0.0,45.59504719388981,0.0,45.30208406320303,0.0,0.0,0.0,0.0,0.0,0.0,0.0
10.0,5.66788339416971,0.0037883291045338,0.0037883290966122,0.99999282425192,0.999992824251919,49.41365937806757,0.0,49.97455985718749,0.0,45.59504718973701,0.0,45.30208398954981,0.0,0.0,0.0,0.0,0.0,0.0,0.0
10.0,5.66813340667033,0.0037883756053183,0.003788375597395,0.9999928240757568,0.999992824075756,49.413659383123886,0.0,49.97455950772214,0.0,45.59504718558402,0.0,45.30208391589342,0.0,0.0,0.0,0.0,0.0,0.0,0.0
10.0,5.66838341917096,0.0037884221075291,0.0037884220996041,0.999992823899586,0.999992823899586,49.41365938827148,0.0,49.97455915824209,0.0,45.59504718143085,0.0,45.30208384223384,0.0,0.0,0.0,0.0,0.0,0.0,0.0
10.0,5.66863343167158,0.0037884686111662,0.0037884686032396,0.999992823723408,0.999992823723407,49.41365939351102,0.0,49.97455880874732,0.0,45.59504717727748,0.0,45.30208376857108,0.0,0.0,0.0,0.0,0.0,0.0,0.0
10.0,5.668883444172211,0.0037885151162296,0.0037885151083013,0.999992823547222,0.999992823547222,49.41365939884312,0.0,49.97455845923782,0.0,45.59504717312393,0.0,45.30208369490513,0.0,0.0,0.0,0.0,0.0,0.0,0.0
10.0,5.66913345667283,0.0037885616227191,0.0037885616147892,0.9999928233710292,0.999992823371028,49.41365940426844,0.0,49.9745581097136,0.0,45.5950471689702,0.0,45.30208362123601,0.0,0.0,0.0,0.0,0.0,0.0,0.0
10.0,5.66938346917346,0.0037886081306348,0.0037886081227032,0.999992823194828,0.999992823194828,49.41365940978764,0.0,49.97455776017466,0.0,45.59504716481627,0.0,45.30208354756369,0.0,0.0,0.0,0.0,0.0,0.0,0.0
10.0,5.66963348167408,0.0037886546399766,0.0037886546320433,0.99999282301862,0.999992823018619,49.41365941540138,0.0,49.97455741062101,0.0,45.59504716066217,0.0,45.3020834738882,0.0,0.0,0.0,0.0,0.0,0.0,0.0
10.0,5.66988349417471,0.0037887011507444,0.0037887011428095,0.999992822842404,0.999992822842403,49.413659421110346,0.0,49.97455706105264,0.0,45.59504715650787,0.0,45.30208340020952,0.0,0.0,0.0,0.0,0.0,0.0,0.0
10.0,5.67013350667533,0.0037887476629382,0.0037887476550016,0.99999282266618,0.999992822666179,49.4136594269152,0.0,49.974556711469546,0.0,45.59504715235339,0.0,45.30208332652765,0.0,0.0,0.0,0.0,0.0,0.0,0.0
10.0,5.67038351917596,0.0037887941765578,0.0037887941686196,0.999992822489949,0.999992822489949,49.41365943281662,0.0,49.97455636187174,0.0,45.59504714819872,0.0,45.30208325284261,0.0,0.0,0.0,0.0,0.0,0.0,0.0
10.0,5.67063353167658,0.0037888406916033,0.0037888406836634,0.99999282231371,0.99999282231371,49.41365943881531,0.0,49.97455601225922,0.0,45.59504714404386,0.0,45.30208317915439,0.0,0.0,0.0,0.0,0.0,0.0,0.0
10.0,5.67088354417721,0.0037888872080746,0.0037888872001331,0.999992822137464,0.999992822137464,49.41365944491195,0.0,49.97455566263197,0.0,45.59504713988881,0.0,45.30208310546297,0.0,0.0,0.0,0.0,0.0,0.0,0.0
10.0,5.67113355667783,0.0037889337259715,0.0037889337180284,0.99999282196121,0.99999282196121,49.413659451107264,0.0,49.974555312990006,0.0,45.59504713573358,0.0,45.302083031768376,0.0,0.0,0.0,0.0,0.0,0.0,0.0
10.0,5.67138356917846,0.0037889802452942,0.0037889802373494,0.9999928217849492,0.999992821784948,49.413659457401934,0.0,49.974554963333325,0.0,45.59504713157816,0.0,45.30208295807059,0.0,0.0,0.0,0.0,0.0,0.0,0.0
10.0,5.67163358167908,0.0037890267660424,0.003789026758096,0.99999282160868,0.9999928216086788,49.41365946379669,0.0,49.97455461366192,0.0,45.59504712742256,0.0,45.30208288436964,0.0,0.0,0.0,0.0,0.0,0.0,0.0
10.0,5.67188359417971,0.0037890732882162,0.0037890732802682,0.999992821432404,0.999992821432403,49.41365947029226,0.0,49.97455426397581,0.0,45.59504712326677,0.0,45.30208281066549,0.0,0.0,0.0,0.0,0.0,0.0,0.0
10.0,5.67213360668033,0.0037891198118154,0.0037891198038658,0.99999282125612,0.999992821256119,49.41365947688936,0.0,49.97455391427497,0.0,45.59504711911079,0.0,45.30208273695816,0.0,0.0,0.0,0.0,0.0,0.0,0.0
10.0,5.67238361918096,0.0037891663368401,0.0037891663288889,0.999992821079828,0.999992821079827,49.413659483588745,0.0,49.97455356455942,0.0,45.59504711495463,0.0,45.30208266324765,0.0,0.0,0.0,0.0,0.0,0.0,0.0
10.0,5.67263363168158,0.0037892128632902,0.0037892128553373,0.999992820903529,0.999992820903528,49.41365949039115,0.0,49.97455321482915,0.0,45.59504711079827,0.0,45.30208258953397,0.0,0.0,0.0,0.0,0.0,0.0,0.0
10.0,5.67288364418221,0.0037892593911655,0.003789259383211,0.999992820727222,0.999992820727221,49.41365949729731,0.0,49.97455286508416,0.0,45.595047106641736,0.0,45.30208251581709,0.0,0.0,0.0,0.0,0.0,0.0,0.0
10.0,5.67313365668283,0.0037893059204661,0.00378930591251,0.999992820550908,0.9999928205509068,49.413659504308,0.0,49.97455251532445,0.0,45.595047102485005,0.0,45.30208244209702,0.0,0.0,0.0,0.0,0.0,0.0,0.0
10.0,5.67338366918346,0.0037893524511918,0.0037893524432342,0.999992820374586,0.999992820374585,49.41365951142399,0.0,49.97455216555002,0.0,45.595047098328095,0.0,45.30208236837378,0.0,0.0,0.0,0.0,0.0,0.0,0.0
10.0,5.67363368168408,0.0037893989833427,0.0037893989753835,0.999992820198257,0.999992820198256,49.41365951864603,0.0,49.97455181576089,0.0,45.595047094171,0.0,45.30208229464735,0.0,0.0,0.0,0.0,0.0,0.0,0.0
10.0,5.67388369418471,0.0037894455169187,0.0037894455089578,0.9999928200219192,0.999992820021919,49.41365952597492,0.0,49.97455146595702,0.0,45.59504709001372,0.0,45.30208222091775,0.0,0.0,0.0,0.0,0.0,0.0,0.0
10.0,5.67413370668533,0.0037894920519196,0.0037894920439572,0.9999928198455752,0.999992819845574,49.41365953341144,0.0,49.97455111613845,0.0,45.59504708585624,0.0,45.30208214718496,0.0,0.0,0.0,0.0,0.0,0.0,0.0
10.0,5.674383719185961,0.0037895385883455,0.0037895385803815,0.999992819669223,0.9999928196692222,49.4136595409564,0.0,49.97455076630516,0.0,45.59504708169858,0.0,45.30208207344897,0.0,0.0,0.0,0.0,0.0,0.0,0.0
10.0,5.67463373168658,0.0037895851261963,0.0037895851182307,0.999992819492863,0.999992819492862,49.413659548610575,0.0,49.97455041645715,0.0,45.59504707754073,0.0,45.30208199970982,0.0,0.0,0.0,0.0,0.0,0.0,0.0
10.0,5.67488374418721,0.0037896316654718,0.0037896316575047,0.999992819316496,0.999992819316495,49.4136595563748,0.0,49.974550066594425,0.0,45.5950470733827,0.0,45.30208192596747,0.0,0.0,0.0,0.0,0.0,0.0,0.0
10.0,5.67513375668783,0.0037896782061722,0.0037896781982035,0.999992819140121,0.99999281914012,49.41365956424988,0.0,49.97454971671698,0.0,45.59504706922448,0.0,45.30208185222196,0.0,0.0,0.0,0.0,0.0,0.0,0.0
10.0,5.67538376918846,0.0037897247482973,0.003789724740327,0.999992818963738,0.999992818963738,49.41365957223665,0.0,49.97454936682482,0.0,45.59504706506608,0.0,45.30208177847325,0.0,0.0,0.0,0.0,0.0,0.0,0.0
10.0,5.67563378168909,0.003789771291847,0.0037897712838751,0.999992818787348,0.999992818787348,49.413659580335946,0.0,49.97454901691794,0.0,45.59504706090748,0.0,45.30208170472135,0.0,0.0,0.0,0.0,0.0,0.0,0.0
10.0,5.67588379418971,0.0037898178368213,0.0037898178288479,0.999992818610951,0.99999281861095,49.41365958854861,0.0,49.97454866699635,0.0,45.59504705674871,0.0,45.30208163096628,0.0,0.0,0.0,0.0,0.0,0.0,0.0
10.0,5.67613380669033,0.0037898643832201,0.0037898643752451,0.999992818434546,0.999992818434545,49.41365959687548,0.0,49.97454831706004,0.0,45.59504705258973,0.0,45.30208155720803,0.0,0.0,0.0,0.0,0.0,0.0,0.0
10.0,5.67638381919096,0.0037899109310434,0.0037899109230669,0.999992818258133,0.999992818258132,49.41365960531745,0.0,49.97454796710901,0.0,45.59504704843059,0.0,45.302081483446585,0.0,0.0,0.0,0.0,0.0,0.0,0.0
10.0,5.676633831691581,0.0037899574802911,0.003789957472313,0.9999928180817133,0.999992818081712,49.41365961387535,0.0,49.97454761714327,0.0,45.59504704427125,0.0,45.30208140968196,0.0,0.0,0.0,0.0,0.0,0.0,0.0
10.0,5.67688384419221,0.0037900040309631,0.0037900040229835,0.999992817905285,0.999992817905284,49.41365962255009,0.0,49.97454726716281,0.0,45.59504704011172,0.0,45.30208133591415,0.0,0.0,0.0,0.0,0.0,0.0,0.0
10.0,5.67713385669283,0.0037900505830594,0.0037900505750783,0.99999281772885,0.999992817728849,49.41365963134254,0.0,49.97454691716764,0.0,45.595047035952,0.0,45.30208126214316,0.0,0.0,0.0,0.0,0.0,0.0,0.0
10.0,5.67738386919346,0.00379009713658,0.0037900971285973,0.999992817552407,0.999992817552406,49.4136596402536,0.0,49.97454656715775,0.0,45.595047031792106,0.0,45.302081188368994,0.0,0.0,0.0,0.0,0.0,0.0,0.0
10.0,5.67763388169408,0.0037901436915247,0.0037901436835405,0.999992817375956,0.999992817375955,49.41365964928418,0.0,49.974546217133145,0.0,45.59504702763202,0.0,45.30208111459164,0.0,0.0,0.0,0.0,0.0,0.0,0.0
10.0,5.67788389419471,0.0037901902478936,0.0037901902399079,0.999992817199498,0.999992817199497,49.41365965843517,0.0,49.974545867093816,0.0,45.59504702347174,0.0,45.302081040811096,0.0,0.0,0.0,0.0,0.0,0.0,0.0
10.0,5.67813390669534,0.0037902368056865,0.0037902367976992,0.9999928170230332,0.999992817023032,49.41365966770751,0.0,49.97454551703978,0.0,45.59504701931129,0.0,45.30208096702738,0.0,0.0,0.0,0.0,0.0,0.0,0.0
10.0,5.67838391919596,0.0037902833649033,0.0037902833569146,0.999992816846559,0.9999928168465588,49.41365967710215,0.0,49.97454516697103,0.0,45.59504701515064,0.0,45.30208089324048,0.0,0.0,0.0,0.0,0.0,0.0,0.0
10.0,5.67863393169658,0.0037903299255441,0.0037903299175539,0.999992816670079,0.999992816670078,49.41365968662,0.0,49.97454481688756,0.0,45.595047010989816,0.0,45.30208081945039,0.0,0.0,0.0,0.0,0.0,0.0,0.0
10.0,5.67888394419721,0.0037903764876088,0.003790376479617,0.999992816493591,0.99999281649359,49.41365969626203,0.0,49.974544466789375,0.0,45.59504700682879,0.0,45.30208074565712,0.0,0.0,0.0,0.0,0.0,0.0,0.0
10.0,5.67913395669783,0.0037904230510973,0.003790423043104,0.999992816317095,0.999992816317094,49.4136597060292,0.0,49.97454411667648,0.0,45.595047002667584,0.0,45.302080671860665,0.0,0.0,0.0,0.0,0.0,0.0,0.0
10.0,5.67938396919846,0.0037904696160095,0.0037904696080148,0.999992816140591,0.99999281614059,49.41365971592248,0.0,49.974543766548855,0.0,45.59504699850619,0.0,45.30208059806103,0.0,0.0,0.0,0.0,0.0,0.0,0.0
10.0,5.67963398169909,0.0037905161823455,0.0037905161743492,0.99999281596408,0.999992815964079,49.41365972594284,0.0,49.97454341640653,0.0,45.59504699434461,0.0,45.3020805242582,0.0,0.0,0.0,0.0,0.0,0.0,0.0
10.0,5.6798839941997095,0.003790562750105,0.0037905627421073,0.9999928157875608,0.9999928157875608,49.41365973609129,0.0,49.97454306624948,0.0,45.59504699018285,0.0,45.30208045045221,0.0,0.0,0.0,0.0,0.0,0.0,0.0
10.0,5.68013400670033,0.0037906093192882,0.0037906093112889,0.999992815611035,0.999992815611035,49.413659746368815,0.0,49.97454271607772,0.0,45.5950469860209,0.0,45.30208037664302,0.0,0.0,0.0,0.0,0.0,0.0,0.0
10.0,5.68038401920096,0.0037906558898948,0.0037906558818941,0.999992815434502,0.999992815434501,49.41365975677644,0.0,49.97454236589125,0.0,45.59504698185876,0.0,45.302080302830646,0.0,0.0,0.0,0.0,0.0,0.0,0.0
10.0,5.68063403170158,0.0037907024619249,0.0037907024539227,0.99999281525796,0.99999281525796,49.41365976731518,0.0,49.974542015690055,0.0,45.59504697769643,0.0,45.302080229015104,0.0,0.0,0.0,0.0,0.0,0.0,0.0
10.0,5.68088404420221,0.0037907490353784,0.0037907490273747,0.999992815081412,0.999992815081411,49.41365977798606,0.0,49.97454166547416,0.0,45.59504697353391,0.0,45.30208015519637,0.0,0.0,0.0,0.0,0.0,0.0,0.0
10.0,5.68113405670284,0.0037907956102552,0.0037907956022501,0.999992814904855,0.9999928149048548,49.41365978879014,0.0,49.974541315243535,0.0,45.595046969371225,0.0,45.30208008137445,0.0,0.0,0.0,0.0,0.0,0.0,0.0
10.0,5.68138406920346,0.0037908421865553,0.0037908421785487,0.999992814728291,0.999992814728291,49.41365979972847,0.0,49.9745409649982,0.0,45.59504696520833,0.0,45.30208000754935,0.0,0.0,0.0,0.0,0.0,0.0,0.0
10.0,5.68163408170409,0.0037908887642787,0.0037908887562706,0.99999281455172,0.999992814551719,49.41365981080212,0.0,49.97454061473815,0.0,45.59504696104526,0.0,45.30207993372107,0.0,0.0,0.0,0.0,0.0,0.0,0.0
10.0,5.68188409420471,0.0037909353434252,0.0037909353354156,0.999992814375141,0.99999281437514,49.41365982201214,0.0,49.974540264463386,0.0,45.59504695688201,0.0,45.3020798598896,0.0,0.0,0.0,0.0,0.0,0.0,0.0
10.0,5.68213410670534,0.0037909819239947,0.0037909819159837,0.999992814198554,0.999992814198553,49.41365983335965,0.0,49.97453991417391,0.0,45.59504695271856,0.0,45.30207978605496,0.0,0.0,0.0,0.0,0.0,0.0,0.0
10.0,5.68238411920596,0.0037910285059873,0.0037910284979749,0.99999281402196,0.9999928140219592,49.41365984484575,0.0,49.97453956386972,0.0,45.59504694855494,0.0,45.30207971221713,0.0,0.0,0.0,0.0,0.0,0.0,0.0
10.0,5.68263413170658,0.0037910750894029,0.003791075081389,0.999992813845358,0.999992813845358,49.41365985647153,0.0,49.97453921355081,0.0,45.59504694439112,0.0,45.302079638376114,0.0,0.0,0.0,0.0,0.0,0.0,0.0
10.0,5.68288414420721,0.0037911216742414,0.0037911216662261,0.999992813668749,0.999992813668748,49.41365986823813,0.0,49.97453886321719,0.0,45.59504694022712,0.0,45.30207956453192,0.0,0.0,0.0,0.0,0.0,0.0,0.0
10.0,5.68313415670784,0.0037911682605028,0.003791168252486,0.999992813492132,0.999992813492131,49.41365988014667,0.0,49.97453851286886,0.0,45.59504693606292,0.0,45.30207949068453,0.0,0.0,0.0,0.0,0.0,0.0,0.0
10.0,5.68338416920846,0.003791214848187,0.0037912148401687,0.999992813315507,0.999992813315507,49.41365989219831,0.0,49.974538162505816,0.0,45.595046931898544,0.0,45.302079416833976,0.0,0.0,0.0,0.0,0.0,0.0,0.0
10.0,5.68363418170909,0.0037912614372939,0.0037912614292742,0.999992813138875,0.9999928131388752,49.41365990439422,0.0,49.97453781212805,0.0,45.59504692773398,0.0,45.30207934298024,0.0,0.0,0.0,0.0,0.0,0.0,0.0
10.0,5.68388419420971,0.0037913080278235,0.0037913080198023,0.999992812962236,0.999992812962235,49.41365991673555,0.0,49.974537461735565,0.0,45.59504692356923,0.0,45.30207926912331,0.0,0.0,0.0,0.0,0.0,0.0,0.0
10.0,5.68413420671033,0.0037913546197757,0.0037913546117531,0.999992812785589,0.999992812785588,49.4136599292235,0.0,49.97453711132839,0.0,45.59504691940429,0.0,45.3020791952632,0.0,0.0,0.0,0.0,0.0,0.0,0.0
10.0,5.68438421921096,0.0037914012131504,0.0037914012051265,0.999992812608934,0.9999928126089328,49.41365994185927,0.0,49.97453676090648,0.0,45.595046915239166,0.0,45.3020791213999,0.0,0.0,0.0,0.0,0.0,0.0,0.0
10.0,5.68463423171159,0.0037914478079477,0.0037914477999223,0.999992812432272,0.999992812432271,49.41365995464405,0.0,49.97453641046987,0.0,45.59504691107386,0.0,45.30207904753343,0.0,0.0,0.0,0.0,0.0,0.0,0.0
10.0,5.68488424421221,0.0037914944041674,0.0037914943961406,0.999992812255602,0.999992812255601,49.41365996757908,0.0,49.974536060018536,0.0,45.59504690690836,0.0,45.30207897366376,0.0,0.0,0.0,0.0,0.0,0.0,0.0
10.0,5.68513425671284,0.0037915410018095,0.0037915409937813,0.999992812078924,0.999992812078924,49.41365998066561,0.0,49.9745357095525,0.0,45.59504690274269,0.0,45.30207889979092,0.0,0.0,0.0,0.0,0.0,0.0,0.0
10.0,5.68538426921346,0.0037915876008739,0.0037915875928443,0.99999281190224,0.999992811902239,49.41365999390486,0.0,49.97453535907174,0.0,45.59504689857681,0.0,45.3020788259149,0.0,0.0,0.0,0.0,0.0,0.0,0.0
10.0,5.68563428171409,0.0037916342013606,0.0037916341933296,0.999992811725547,0.999992811725546,49.41366000729812,0.0,49.97453500857627,0.0,45.59504689441077,0.0,45.30207875203569,0.0,0.0,0.0,0.0,0.0,0.0,0.0
10.0,5.68588429421471,0.0037916808032695,0.003791680795237,0.999992811548847,0.999992811548846,49.41366002084666,0.0,49.97453465806608,0.0,45.59504689024452,0.0,45.30207867815329,0.0,0.0,0.0,0.0,0.0,0.0,0.0
10.0,5.68613430671534,0.0037917274066005,0.0037917273985667,0.999992811372139,0.999992811372138,49.413660034551775,0.0,49.9745343075412,0.0,45.59504688607809,0.0,45.30207860426773,0.0,0.0,0.0,0.0,0.0,0.0,0.0
10.0,5.68638431921596,0.0037917740113536,0.0037917740033184,0.999992811195424,0.9999928111954232,49.41366004841477,0.0,49.97453395700159,0.0,45.59504688191148,0.0,45.30207853037897,0.0,0.0,0.0,0.0,0.0,0.0,0.0
10.0,5.68663433171659,0.0037918206175287,0.0037918206094921,0.999992811018701,0.9999928110187,49.41366006243697,0.0,49.97453360644727,0.0,45.59504687774467,0.0,45.30207845648703,0.0,0.0,0.0,0.0,0.0,0.0,0.0
10.0,5.68688434421721,0.0037918672251258,0.0037918672170878,0.999992810841971,0.99999281084197,49.413660076619706,0.0,49.97453325587824,0.0,45.59504687357769,0.0,45.30207838259192,0.0,0.0,0.0,0.0,0.0,0.0,0.0
10.0,5.68713435671784,0.0037919138341448,0.0037919138261055,0.999992810665233,0.9999928106652322,49.41366009096433,0.0,49.97453290529449,0.0,45.59504686941052,0.0,45.30207830869361,0.0,0.0,0.0,0.0,0.0,0.0,0.0
10.0,5.68738436921846,0.0037919604445857,0.0037919604365449,0.999992810488487,0.999992810488487,49.41366010547221,0.0,49.97453255469603,0.0,45.59504686524315,0.0,45.30207823479213,0.0,0.0,0.0,0.0,0.0,0.0,0.0
10.0,5.68763438171909,0.0037920070564483,0.0037920070484062,0.999992810311734,0.999992810311733,49.41366012014473,0.0,49.97453220408286,0.0,45.5950468610756,0.0,45.302078160887454,0.0,0.0,0.0,0.0,0.0,0.0,0.0
10.0,5.68788439421971,0.0037920536697327,0.0037920536616892,0.999992810134974,0.9999928101349728,49.41366013498328,0.0,49.97453185345498,0.0,45.59504685690787,0.0,45.302078086979606,0.0,0.0,0.0,0.0,0.0,0.0,0.0
10.0,5.68813440672034,0.0037921002844387,0.0037921002763939,0.999992809958205,0.999992809958205,49.41366014998928,0.0,49.97453150281238,0.0,45.59504685273995,0.0,45.30207801306857,0.0,0.0,0.0,0.0,0.0,0.0,0.0
10.0,5.68838441922096,0.0037921469005663,0.0037921468925201,0.999992809781429,0.999992809781429,49.41366016516417,0.0,49.97453115215508,0.0,45.595046848571855,0.0,45.30207793915435,0.0,0.0,0.0,0.0,0.0,0.0,0.0
10.0,5.688634431721589,0.0037921935181155,0.003792193510068,0.999992809604646,0.999992809604646,49.41366018050937,0.0,49.974530801483056,0.0,45.59504684440356,0.0,45.30207786523695,0.0,0.0,0.0,0.0,0.0,0.0,0.0
10.0,5.68888444422221,0.0037922401370862,0.0037922401290373,0.999992809427855,0.9999928094278552,49.41366019602635,0.0,49.97453045079633,0.0,45.595046840235085,0.0,45.30207779131638,0.0,0.0,0.0,0.0,0.0,0.0,0.0
10.0,5.68913445672284,0.0037922867574783,0.003792286749428,0.999992809251057,0.999992809251056,49.41366021171659,0.0,49.97453010009488,0.0,45.59504683606641,0.0,45.3020777173926,0.0,0.0,0.0,0.0,0.0,0.0,0.0
10.0,5.68938446922346,0.0037923333792918,0.0037923333712402,0.9999928090742508,0.99999280907425,49.4136602275816,0.0,49.97452974937873,0.0,45.59504683189756,0.0,45.30207764346565,0.0,0.0,0.0,0.0,0.0,0.0,0.0
10.0,5.68963448172409,0.0037923800025266,0.0037923799944736,0.9999928088974372,0.999992808897437,49.41366024362287,0.0,49.97452939864787,0.0,45.59504682772852,0.0,45.30207756953553,0.0,0.0,0.0,0.0,0.0,0.0,0.0
10.0,5.68988449422471,0.0037924266271826,0.0037924266191283,0.999992808720616,0.999992808720616,49.41366025984193,0.0,49.97452904790229,0.0,45.5950468235593,0.0,45.30207749560221,0.0,0.0,0.0,0.0,0.0,0.0,0.0
10.0,5.690134506725341,0.0037924732532598,0.0037924732452042,0.999992808543788,0.999992808543787,49.41366027624036,0.0,49.974528697142,0.0,45.59504681938989,0.0,45.30207742166572,0.0,0.0,0.0,0.0,0.0,0.0,0.0
10.0,5.69038451922596,0.0037925198807582,0.0037925198727012,0.999992808366951,0.999992808366951,49.41366029281969,0.0,49.974528346367,0.0,45.5950468152203,0.0,45.30207734772604,0.0,0.0,0.0,0.0,0.0,0.0,0.0
10.0,5.69063453172659,0.0037925665096776,0.0037925665016193,0.999992808190108,0.9999928081901068,49.41366030958151,0.0,49.97452799557729,0.0,45.59504681105051,0.0,45.302077273783176,0.0,0.0,0.0,0.0,0.0,0.0,0.0
10.0,5.6908845442272105,0.0037926131400181,0.0037926131319585,0.999992808013256,0.999992808013256,49.41366032652743,0.0,49.97452764477286,0.0,45.59504680688055,0.0,45.302077199837136,0.0,0.0,0.0,0.0,0.0,0.0,0.0
10.0,5.69113455672784,0.0037926597717795,0.0037926597637185,0.9999928078363968,0.999992807836397,49.41366034365907,0.0,49.97452729395373,0.0,45.59504680271039,0.0,45.30207712588791,0.0,0.0,0.0,0.0,0.0,0.0,0.0
10.0,5.69138456922846,0.0037927064049618,0.0037927063968995,0.999992807659531,0.99999280765953,49.41366036097807,0.0,49.9745269431199,0.0,45.59504679854005,0.0,45.30207705193551,0.0,0.0,0.0,0.0,0.0,0.0,0.0
10.0,5.69163458172909,0.0037927530395649,0.0037927530315013,0.999992807482657,0.999992807482656,49.41366037848607,0.0,49.97452659227133,0.0,45.59504679436952,0.0,45.30207697797991,0.0,0.0,0.0,0.0,0.0,0.0,0.0
10.0,5.69188459422971,0.0037927996755888,0.0037927996675239,0.999992807305775,0.999992807305774,49.41366039618478,0.0,49.97452624140807,0.0,45.5950467901988,0.0,45.302076904021135,0.0,0.0,0.0,0.0,0.0,0.0,0.0
10.0,5.69213460673034,0.0037928463130334,0.0037928463049672,0.999992807128886,0.9999928071288852,49.413660414075885,0.0,49.97452589053009,0.0,45.5950467860279,0.0,45.30207683005918,0.0,0.0,0.0,0.0,0.0,0.0,0.0
10.0,5.692384619230961,0.0037928929518987,0.0037928929438312,0.999992806951989,0.999992806951988,49.41366043216109,0.0,49.974525539637405,0.0,45.595046781856816,0.0,45.30207675609404,0.0,0.0,0.0,0.0,0.0,0.0,0.0
10.0,5.69263463173159,0.0037929395921846,0.0037929395841158,0.999992806775085,0.9999928067750838,49.41366045044215,0.0,49.974525188730006,0.0,45.595046777685546,0.0,45.30207668212572,0.0,0.0,0.0,0.0,0.0,0.0,0.0
10.0,5.69288464423221,0.003792986233891,0.0037929862258209,0.999992806598173,0.999992806598172,49.41366046892082,0.0,49.97452483780789,0.0,45.595046773514085,0.0,45.302076608154216,0.0,0.0,0.0,0.0,0.0,0.0,0.0
10.0,5.69313465673284,0.0037930328770178,0.0037930328689465,0.999992806421253,0.999992806421253,49.41366048759888,0.0,49.97452448687108,0.0,45.59504676934244,0.0,45.302076534179534,0.0,0.0,0.0,0.0,0.0,0.0,0.0
10.0,5.69338466923346,0.0037930795215651,0.0037930795134925,0.999992806244327,0.999992806244326,49.41366050647813,0.0,49.974524135919545,0.0,45.59504676517061,0.0,45.30207646020166,0.0,0.0,0.0,0.0,0.0,0.0,0.0
10.0,5.69363468173409,0.0037931261675328,0.0037931261594589,0.999992806067392,0.999992806067391,49.41366052556038,0.0,49.974523784953305,0.0,45.59504676099859,0.0,45.302076386220605,0.0,0.0,0.0,0.0,0.0,0.0,0.0
10.0,5.69388469423471,0.0037931728149208,0.0037931728068456,0.99999280589045,0.999992805890449,49.41366054484751,0.0,49.97452343397235,0.0,45.59504675682639,0.0,45.30207631223637,0.0,0.0,0.0,0.0,0.0,0.0,0.0
10.0,5.694134706735339,0.003793219463729,0.0037932194556525,0.9999928057135,0.999992805713499,49.41366056434136,0.0,49.974523082976695,0.0,45.59504675265399,0.0,45.302076238248965,0.0,0.0,0.0,0.0,0.0,0.0,0.0
10.0,5.69438471923596,0.0037932661139573,0.0037932661058796,0.999992805536543,0.999992805536542,49.41366058404384,0.0,49.97452273196632,0.0,45.59504674848141,0.0,45.30207616425836,0.0,0.0,0.0,0.0,0.0,0.0,0.0
10.0,5.69463473173659,0.0037933127656058,0.0037933127575268,0.999992805359578,0.999992805359577,49.41366060395684,0.0,49.974522380941245,0.0,45.59504674430865,0.0,45.302076090264585,0.0,0.0,0.0,0.0,0.0,0.0,0.0
10.0,5.69488474423721,0.0037933594186744,0.0037933594105941,0.999992805182606,0.999992805182605,49.41366062408231,0.0,49.97452202990146,0.0,45.5950467401357,0.0,45.30207601626762,0.0,0.0,0.0,0.0,0.0,0.0,0.0
10.0,5.69513475673784,0.003793406073163,0.0037934060650814,0.999992805005626,0.999992805005625,49.41366064442222,0.0,49.97452167884696,0.0,45.59504673596256,0.0,45.30207594226746,0.0,0.0,0.0,0.0,0.0,0.0,0.0
10.0,5.69538476923846,0.0037934527290715,0.0037934527209887,0.999992804828638,0.999992804828638,49.413660664978536,0.0,49.97452132777775,0.0,45.59504673178923,0.0,45.30207586826415,0.0,0.0,0.0,0.0,0.0,0.0,0.0
10.0,5.6956347817390895,0.0037934993863998,0.0037934993783158,0.999992804651643,0.999992804651642,49.41366068575327,0.0,49.97452097669383,0.0,45.59504672761573,0.0,45.30207579425763,0.0,0.0,0.0,0.0,0.0,0.0,0.0
10.0,5.69588479423971,0.0037935460451481,0.0037935460370628,0.99999280447464,0.99999280447464,49.41366070674847,0.0,49.97452062559521,0.0,45.59504672344204,0.0,45.302075720247934,0.0,0.0,0.0,0.0,0.0,0.0,0.0
10.0,5.69613480674034,0.003793592705316,0.0037935926972295,0.99999280429763,0.9999928042976288,49.41366072796619,0.0,49.97452027448187,0.0,45.59504671926816,0.0,45.30207564623506,0.0,0.0,0.0,0.0,0.0,0.0,0.0
10.0,5.696384819240959,0.0037936393669037,0.0037936393588159,0.999992804120612,0.999992804120612,49.4136607494085,0.0,49.974519923353824,0.0,45.59504671509409,0.0,45.302075572219,0.0,0.0,0.0,0.0,0.0,0.0,0.0
10.0,5.69663483174159,0.003793686029911,0.003793686021822,0.9999928039435872,0.999992803943587,49.41366077107753,0.0,49.974519572211065,0.0,45.59504671091984,0.0,45.30207549819976,0.0,0.0,0.0,0.0,0.0,0.0,0.0
10.0,5.69688484424221,0.0037937326943379,0.0037937326862477,0.999992803766554,0.999992803766554,49.41366079297541,0.0,49.974519221053605,0.0,45.59504670674539,0.0,45.30207542417733,0.0,0.0,0.0,0.0,0.0,0.0,0.0
10.0,5.69713485674284,0.0037937793601843,0.0037937793520929,0.999992803589514,0.9999928035895131,49.4136608151043,0.0,49.97451886988143,0.0,45.59504670257077,0.0,45.30207535015173,0.0,0.0,0.0,0.0,0.0,0.0,0.0
10.0,5.69738486924346,0.0037938260274502,0.0037938260193575,0.999992803412466,0.999992803412465,49.4136608374664,0.0,49.97451851869455,0.0,45.595046698395954,0.0,45.30207527612294,0.0,0.0,0.0,0.0,0.0,0.0,0.0
10.0,5.69763488174409,0.0037938726961355,0.0037938726880416,0.9999928032354098,0.99999280323541,49.41366086006392,0.0,49.97451816749295,0.0,45.59504669422096,0.0,45.302075202090975,0.0,0.0,0.0,0.0,0.0,0.0,0.0
10.0,5.69788489424471,0.0037939193662402,0.0037939193581451,0.9999928030583468,0.999992803058346,49.41366088289911,0.0,49.97451781627666,0.0,45.59504669004577,0.0,45.30207512805583,0.0,0.0,0.0,0.0,0.0,0.0,0.0
10.0,5.69813490674534,0.0037939660377641,0.0037939660296678,0.999992802881276,0.999992802881276,49.41366090597425,0.0,49.97451746504565,0.0,45.59504668587041,0.0,45.302075054017486,0.0,0.0,0.0,0.0,0.0,0.0,0.0
10.0,5.69838491924596,0.0037940127107073,0.0037940127026097,0.999992802704198,0.999992802704198,49.41366092929164,0.0,49.97451711379993,0.0,45.595046681694846,0.0,45.30207497997596,0.0,0.0,0.0,0.0,0.0,0.0,0.0
10.0,5.69863493174659,0.0037940593850696,0.0037940593769709,0.999992802527112,0.999992802527112,49.41366095285362,0.0,49.97451676253951,0.0,45.59504667751911,0.0,45.30207490593127,0.0,0.0,0.0,0.0,0.0,0.0,0.0
10.0,5.69888494424721,0.0037941060608511,0.0037941060527511,0.9999928023500192,0.999992802350018,49.41366097666254,0.0,49.974516411264375,0.0,45.59504667334318,0.0,45.30207483188338,0.0,0.0,0.0,0.0,0.0,0.0,0.0
10.0,5.69913495674784,0.0037941527380515,0.0037941527299504,0.999992802172918,0.9999928021729168,49.41366100072081,0.0,49.97451605997453,0.0,45.59504666916707,0.0,45.30207475783232,0.0,0.0,0.0,0.0,0.0,0.0,0.0
10.0,5.69938496924846,0.003794199416671,0.0037941994085687,0.99999280199581,0.9999928019958092,49.41366102503084,0.0,49.97451570866998,0.0,45.595046664990754,0.0,45.30207468377807,0.0,0.0,0.0,0.0,0.0,0.0,0.0
10.0,5.69963498174909,0.0037942460967094,0.0037942460886059,0.999992801818694,0.999992801818693,49.41366104959511,0.0,49.97451535735072,0.0,45.59504666081427,0.0,45.30207460972064,0.0,0.0,0.0,0.0,0.0,0.0,0.0
10.0,5.69988499424971,0.0037942927781667,0.003794292770062,0.99999280164157,0.999992801641569,49.41366107441609,0.0,49.97451500601676,0.0,45.59504665663761,0.0,45.30207453566003,0.0,0.0,0.0,0.0,0.0,0.0,0.0
10.0,5.70013500675034,0.0037943394610428,0.0037943394529369,0.999992801464439,0.999992801464438,49.41366109949632,0.0,49.97451465466808,0.0,45.59504665246074,0.0,45.30207446159624,0.0,0.0,0.0,0.0,0.0,0.0,0.0
10.0,5.70038501925096,0.0037943861453377,0.0037943861372306,0.9999928012873,0.999992801287299,49.413661124838335,0.0,49.97451430330471,0.0,45.5950466482837,0.0,45.30207438752927,0.0,0.0,0.0,0.0,0.0,0.0,0.0
10.0,5.70063503175159,0.0037944328310512,0.0037944328229429,0.999992801110154,0.999992801110153,49.413661150444725,0.0,49.97451395192661,0.0,45.59504664410646,0.0,45.30207431345911,0.0,0.0,0.0,0.0,0.0,0.0,0.0
10.0,5.70088504425221,0.0037944795181834,0.0037944795100739,0.999992800933,0.999992800932999,49.41366117631812,0.0,49.97451360053382,0.0,45.59504663992905,0.0,45.30207423938577,0.0,0.0,0.0,0.0,0.0,0.0,0.0
10.0,5.70113505675284,0.0037945262067341,0.0037945261986235,0.999992800755838,0.9999928007558369,49.41366120246117,0.0,49.97451324912631,0.0,45.59504663575144,0.0,45.30207416530924,0.0,0.0,0.0,0.0,0.0,0.0,0.0
10.0,5.70138506925346,0.0037945728967034,0.0037945728885916,0.999992800578669,0.999992800578669,49.41366122887656,0.0,49.9745128977041,0.0,45.59504663157365,0.0,45.302074091229535,0.0,0.0,0.0,0.0,0.0,0.0,0.0
10.0,5.70163508175409,0.0037946195880911,0.0037946195799781,0.999992800401493,0.999992800401492,49.41366125556706,0.0,49.97451254626718,0.0,45.59504662739567,0.0,45.30207401714664,0.0,0.0,0.0,0.0,0.0,0.0,0.0
10.0,5.70188509425471,0.0037946662808972,0.0037946662727831,0.999992800224308,0.999992800224308,49.41366128253538,0.0,49.97451219481555,0.0,45.59504662321751,0.0,45.30207394306058,0.0,0.0,0.0,0.0,0.0,0.0,0.0
10.0,5.70213510675534,0.0037947129751216,0.0037947129670064,0.9999928000471168,0.999992800047116,49.413661309784345,0.0,49.97451184334922,0.0,45.59504661903916,0.0,45.30207386897133,0.0,0.0,0.0,0.0,0.0,0.0,0.0
10.0,5.70238511925596,0.0037947596707644,0.0037947596626479,0.999992799869918,0.999992799869917,49.41366133731679,0.0,49.97451149186818,0.0,45.59504661486062,0.0,45.302073794878886,0.0,0.0,0.0,0.0,0.0,0.0,0.0
10.0,5.70263513175659,0.0037948063678253,0.0037948063597077,0.9999927996927108,0.9999927996927102,49.4136613651356,0.0,49.97451114037243,0.0,45.5950466106819,0.0,45.30207372078327,0.0,0.0,0.0,0.0,0.0,0.0,0.0
10.0,5.70288514425721,0.0037948530663044,0.0037948530581857,0.999992799515496,0.999992799515496,49.41366139324369,0.0,49.974510788861984,0.0,45.59504660650299,0.0,45.30207364668447,0.0,0.0,0.0,0.0,0.0,0.0,0.0
10.0,5.70313515675784,0.0037948997662016,0.0037948997580817,0.999992799338275,0.999992799338274,49.41366142164401,0.0,49.97451043733681,0.0,45.5950466023239,0.0,45.30207357258249,0.0,0.0,0.0,0.0,0.0,0.0,0.0
10.0,5.70338516925846,0.0037949464675168,0.0037949464593958,0.9999927991610452,0.999992799161044,49.413661450339546,0.0,49.97451008579695,0.0,45.59504659814462,0.0,45.30207349847733,0.0,0.0,0.0,0.0,0.0,0.0,0.0
10.0,5.70363518175909,0.00379499317025,0.0037949931621279,0.999992798983808,0.999992798983807,49.41366147933336,0.0,49.97450973424237,0.0,45.59504659396515,0.0,45.30207342436899,0.0,0.0,0.0,0.0,0.0,0.0,0.0
10.0,5.70388519425971,0.0037950398744012,0.0037950398662779,0.9999927988065632,0.999992798806563,49.4136615086285,0.0,49.97450938267309,0.0,45.595046589785504,0.0,45.30207335025746,0.0,0.0,0.0,0.0,0.0,0.0,0.0
10.0,5.70413520676034,0.0037950865799702,0.0037950865718458,0.999992798629311,0.99999279862931,49.41366153822812,0.0,49.9745090310891,0.0,45.59504658560567,0.0,45.30207327614274,0.0,0.0,0.0,0.0,0.0,0.0,0.0
10.0,5.70438521926096,0.003795133286957,0.0037951332788314,0.999992798452051,0.999992798452051,49.41366156813537,0.0,49.974508679490405,0.0,45.59504658142564,0.0,45.30207320202486,0.0,0.0,0.0,0.0,0.0,0.0,0.0
10.0,5.70463523176159,0.0037951799953615,0.0037951799872348,0.999992798274784,0.999992798274783,49.41366159835344,0.0,49.97450832787701,0.0,45.59504657724543,0.0,45.30207312790379,0.0,0.0,0.0,0.0,0.0,0.0,0.0
10.0,5.70488524426221,0.0037952267051837,0.0037952266970559,0.999992798097509,0.999992798097508,49.413661628885606,0.0,49.9745079762489,0.0,45.59504657306504,0.0,45.30207305377953,0.0,0.0,0.0,0.0,0.0,0.0,0.0
10.0,5.70513525676284,0.0037952734164235,0.0037952734082946,0.999992797920227,0.999992797920226,49.41366165973517,0.0,49.97450762460608,0.0,45.59504656888445,0.0,45.30207297965209,0.0,0.0,0.0,0.0,0.0,0.0,0.0
10.0,5.70538526926346,0.0037953201290809,0.0037953201209509,0.9999927977429371,0.999992797742936,49.41366169090544,0.0,49.97450727294856,0.0,45.595046564703686,0.0,45.30207290552147,0.0,0.0,0.0,0.0,0.0,0.0,0.0
10.0,5.70563528176409,0.0037953668431558,0.0037953668350247,0.999992797565639,0.999992797565638,49.41366172239985,0.0,49.97450692127634,0.0,45.595046560522725,0.0,45.30207283138766,0.0,0.0,0.0,0.0,0.0,0.0,0.0
10.0,5.70588529426471,0.0037954135586482,0.003795413550516,0.999992797388334,0.999992797388333,49.41366175422181,0.0,49.97450656958941,0.0,45.59504655634159,0.0,45.30207275725069,0.0,0.0,0.0,0.0,0.0,0.0,0.0
10.0,5.70613530676534,0.0037954602755579,0.0037954602674246,0.999992797211021,0.9999927972110207,49.41366178637482,0.0,49.97450621788777,0.0,45.59504655216026,0.0,45.30207268311051,0.0,0.0,0.0,0.0,0.0,0.0,0.0
10.0,5.70638531926596,0.003795506993885,0.0037955069857506,0.999992797033701,0.9999927970337,49.41366181886242,0.0,49.97450586617143,0.0,45.595046547978754,0.0,45.302072608967165,0.0,0.0,0.0,0.0,0.0,0.0,0.0
10.0,5.706635331766591,0.0037955537136293,0.0037955537054938,0.999992796856373,0.999992796856373,49.41366185168819,0.0,49.97450551444039,0.0,45.595046543797054,0.0,45.30207253482064,0.0,0.0,0.0,0.0,0.0,0.0,0.0
10.0,5.70688534426721,0.0037956004347908,0.0037956004266542,0.9999927966790378,0.999992796679037,49.41366188485578,0.0,49.97450516269463,0.0,45.59504653961517,0.0,45.30207246067092,0.0,0.0,0.0,0.0,0.0,0.0,0.0
10.0,5.70713535676784,0.0037956471573695,0.0037956471492318,0.999992796501695,0.999992796501694,49.41366191836886,0.0,49.97450481093416,0.0,45.5950465354331,0.0,45.30207238651802,0.0,0.0,0.0,0.0,0.0,0.0,0.0
10.0,5.70738536926846,0.0037956938813653,0.0037956938732265,0.999992796324344,0.999992796324344,49.41366195223119,0.0,49.974504459159,0.0,45.59504653125084,0.0,45.30207231236194,0.0,0.0,0.0,0.0,0.0,0.0,0.0
10.0,5.70763538176909,0.003795740606778,0.0037957405986382,0.9999927961469872,0.999992796146986,49.41366198644657,0.0,49.974504107369135,0.0,45.5950465270684,0.0,45.30207223820269,0.0,0.0,0.0,0.0,0.0,0.0,0.0
10.0,5.70788539426971,0.0037957873336078,0.0037957873254669,0.999992795969621,0.99999279596962,49.41366202101884,0.0,49.97450375556457,0.0,45.59504652288577,0.0,45.30207216404025,0.0,0.0,0.0,0.0,0.0,0.0,0.0
10.0,5.70813540677034,0.0037958340618545,0.0037958340537125,0.999992795792248,0.999992795792247,49.41366205595192,0.0,49.97450340374528,0.0,45.59504651870295,0.0,45.30207208987462,0.0,0.0,0.0,0.0,0.0,0.0,0.0
10.0,5.70838541927096,0.003795880791518,0.0037958807833749,0.999992795614867,0.999992795614866,49.41366209124977,0.0,49.9745030519113,0.0,45.59504651451996,0.0,45.30207201570581,0.0,0.0,0.0,0.0,0.0,0.0,0.0
10.0,5.70863543177159,0.0037959275225983,0.0037959275144542,0.999992795437479,0.999992795437478,49.41366212691643,0.0,49.97450270006261,0.0,45.595046510336765,0.0,45.30207194153383,0.0,0.0,0.0,0.0,0.0,0.0,0.0
10.0,5.708885444272211,0.0037959742550953,0.0037959742469501,0.9999927952600832,0.999992795260082,49.41366216295597,0.0,49.974502348199216,0.0,45.5950465061534,0.0,45.30207186735865,0.0,0.0,0.0,0.0,0.0,0.0,0.0
10.0,5.70913545677284,0.003796020989009,0.0037960209808628,0.999992795082679,0.9999927950826792,49.41366219937255,0.0,49.97450199632112,0.0,45.59504650196983,0.0,45.3020717931803,0.0,0.0,0.0,0.0,0.0,0.0,0.0
10.0,5.70938546927346,0.0037960677243393,0.0037960677161921,0.999992794905268,0.999992794905268,49.413662236170346,0.0,49.97450164442832,0.0,45.595046497786086,0.0,45.30207171899877,0.0,0.0,0.0,0.0,0.0,0.0,0.0
10.0,5.70963548177409,0.0037961144610862,0.0037961144529379,0.99999279472785,0.999992794727849,49.41366227335366,0.0,49.974501292520806,0.0,45.59504649360216,0.0,45.302071644814056,0.0,0.0,0.0,0.0,0.0,0.0,0.0
10.0,5.70988549427471,0.0037961611992496,0.0037961611911002,0.999992794550424,0.999992794550423,49.41366231092681,0.0,49.97450094059859,0.0,45.595046489418046,0.0,45.30207157062616,0.0,0.0,0.0,0.0,0.0,0.0,0.0
10.0,5.71013550677534,0.0037962079388294,0.0037962079306789,0.9999927943729902,0.999992794372989,49.413662348894185,0.0,49.97450058866168,0.0,45.59504648523374,0.0,45.30207149643507,0.0,0.0,0.0,0.0,0.0,0.0,0.0
10.0,5.71038551927596,0.0037962546798255,0.0037962546716741,0.999992794195549,0.999992794195548,49.41366238726027,0.0,49.97450023671006,0.0,45.59504648104925,0.0,45.30207142224082,0.0,0.0,0.0,0.0,0.0,0.0,0.0
10.0,5.71063553177659,0.003796301422238,0.0037963014140855,0.9999927940181,0.9999927940180988,49.413662426029575,0.0,49.97449988474373,0.0,45.595046476864574,0.0,45.30207134804336,0.0,0.0,0.0,0.0,0.0,0.0,0.0
10.0,5.71088554427721,0.0037963481660668,0.0037963481579132,0.999992793840644,0.999992793840643,49.41366246520672,0.0,49.97449953276271,0.0,45.59504647267972,0.0,45.30207127384274,0.0,0.0,0.0,0.0,0.0,0.0,0.0
10.0,5.71113555677784,0.0037963949113117,0.0037963949031571,0.99999279366318,0.999992793663179,49.41366250479636,0.0,49.97449918076697,0.0,45.595046468494665,0.0,45.30207119963894,0.0,0.0,0.0,0.0,0.0,0.0,0.0
10.0,5.71138556927846,0.0037964416579728,0.0037964416498172,0.999992793485708,0.999992793485708,49.41366254480324,0.0,49.97449882875653,0.0,45.59504646430943,0.0,45.30207112543194,0.0,0.0,0.0,0.0,0.0,0.0,0.0
10.0,5.71163558177909,0.0037964884060499,0.0037964883978933,0.999992793308229,0.9999927933082292,49.413662585232174,0.0,49.97449847673139,0.0,45.59504646012402,0.0,45.30207105122177,0.0,0.0,0.0,0.0,0.0,0.0,0.0
10.0,5.71188559427971,0.0037965351555431,0.0037965351473854,0.9999927931307432,0.999992793130742,49.41366262608805,0.0,49.97449812469155,0.0,45.59504645593841,0.0,45.30207097700842,0.0,0.0,0.0,0.0,0.0,0.0,0.0
10.0,5.712135606780339,0.0037965819064522,0.0037965818982935,0.999992792953249,0.999992792953248,49.413662667375846,0.0,49.974497772637,0.0,45.595046451752616,0.0,45.30207090279188,0.0,0.0,0.0,0.0,0.0,0.0,0.0
10.0,5.71238561928096,0.0037966286587772,0.0037966286506176,0.9999927927757472,0.999992792775746,49.413662709100585,0.0,49.97449742056775,0.0,45.595046447566645,0.0,45.30207082857217,0.0,0.0,0.0,0.0,0.0,0.0,0.0
10.0,5.71263563178159,0.0037966754125181,0.0037966754043574,0.999992792598238,0.999992792598237,49.4136627512674,0.0,49.97449706848379,0.0,45.59504644338048,0.0,45.30207075434926,0.0,0.0,0.0,0.0,0.0,0.0,0.0
10.0,5.71288564428221,0.0037967221676747,0.003796722159513,0.9999927924207213,0.99999279242072,49.41366279388147,0.0,49.97449671638513,0.0,45.595046439194135,0.0,45.30207068012319,0.0,0.0,0.0,0.0,0.0,0.0,0.0
10.0,5.71313565678284,0.0037967689242471,0.0037967689160844,0.999992792243196,0.999992792243196,49.413662836948106,0.0,49.97449636427177,0.0,45.5950464350076,0.0,45.30207060589392,0.0,0.0,0.0,0.0,0.0,0.0,0.0
10.0,5.71338566928346,0.0037968156822351,0.0037968156740714,0.999992792065665,0.999992792065664,49.41366288047265,0.0,49.97449601214371,0.0,45.59504643082087,0.0,45.30207053166148,0.0,0.0,0.0,0.0,0.0,0.0,0.0
10.0,5.71363568178409,0.0037968624416387,0.003796862433474,0.9999927918881248,0.999992791888124,49.41366292446056,0.0,49.97449566000094,0.0,45.59504642663397,0.0,45.30207045742585,0.0,0.0,0.0,0.0,0.0,0.0,0.0
10.0,5.71388569428471,0.0037969092024579,0.0037969091942922,0.999992791710578,0.999992791710577,49.41366296891738,0.0,49.97449530784347,0.0,45.59504642244688,0.0,45.30207038318704,0.0,0.0,0.0,0.0,0.0,0.0,0.0
10.0,5.71413570678534,0.0037969559646925,0.0037969559565259,0.999992791533023,0.999992791533023,49.41366301384872,0.0,49.9744949556713,0.0,45.59504641825959,0.0,45.30207030894505,0.0,0.0,0.0,0.0,0.0,0.0,0.0
10.0,5.714385719285961,0.0037970027283426,0.003797002720175,0.9999927913554608,0.99999279135546,49.4136630592603,0.0,49.974494603484416,0.0,45.59504641407213,0.0,45.30207023469988,0.0,0.0,0.0,0.0,0.0,0.0,0.0
10.0,5.71463573178659,0.003797049493408,0.0037970494852394,0.9999927911778912,0.99999279117789,49.41366310515794,0.0,49.97449425128285,0.0,45.59504640988448,0.0,45.30207016045152,0.0,0.0,0.0,0.0,0.0,0.0,0.0
10.0,5.71488574428721,0.0037970962598888,0.0037970962517192,0.999992791000314,0.9999927910003132,49.41366315154752,0.0,49.97449389906656,0.0,45.59504640569664,0.0,45.30207008619998,0.0,0.0,0.0,0.0,0.0,0.0,0.0
10.0,5.71513575678784,0.0037971430277847,0.0037971430196142,0.999992790822729,0.999992790822728,49.413663198435046,0.0,49.974493546835575,0.0,45.59504640150863,0.0,45.30207001194526,0.0,0.0,0.0,0.0,0.0,0.0,0.0
10.0,5.71538576928846,0.0037971897970959,0.0037971897889244,0.9999927906451368,0.999992790645136,49.41366324582662,0.0,49.97449319458989,0.0,45.59504639732041,0.0,45.30206993768736,0.0,0.0,0.0,0.0,0.0,0.0,0.0
10.0,5.71563578178909,0.0037972365678222,0.0037972365596497,0.999992790467537,0.999992790467536,49.413663293728426,0.0,49.9744928423295,0.0,45.59504639313202,0.0,45.30206986342628,0.0,0.0,0.0,0.0,0.0,0.0,0.0
10.0,5.71588579428971,0.0037972833399636,0.0037972833317901,0.999992790289929,0.999992790289928,49.41366334214676,0.0,49.97449249005441,0.0,45.59504638894343,0.0,45.30206978916201,0.0,0.0,0.0,0.0,0.0,0.0,0.0
10.0,5.71613580679034,0.0037973301135199,0.0037973301053455,0.999992790112314,0.9999927901123132,49.41366339108802,0.0,49.97449213776462,0.0,45.595046384754674,0.0,45.30206971489457,0.0,0.0,0.0,0.0,0.0,0.0,0.0
10.0,5.71638581929096,0.0037973768884912,0.0037973768803158,0.999992789934691,0.999992789934691,49.41366344055872,0.0,49.97449178546012,0.0,45.59504638056572,0.0,45.30206964062395,0.0,0.0,0.0,0.0,0.0,0.0,0.0
10.0,5.71663583179159,0.0037974236648774,0.0037974236567011,0.999992789757061,0.99999278975706,49.41366349056546,0.0,49.97449143314092,0.0,45.59504637637659,0.0,45.30206956635013,0.0,0.0,0.0,0.0,0.0,0.0,0.0
10.0,5.71688584429221,0.0037974704426785,0.0037974704345012,0.999992789579423,0.9999927895794232,49.413663541114985,0.0,49.97449108080702,0.0,45.595046372187255,0.0,45.30206949207314,0.0,0.0,0.0,0.0,0.0,0.0,0.0
10.0,5.71713585679284,0.0037975172218943,0.003797517213716,0.999992789401778,0.999992789401777,49.41366359221411,0.0,49.97449072845842,0.0,45.59504636799775,0.0,45.30206941779297,0.0,0.0,0.0,0.0,0.0,0.0,0.0
10.0,5.71738586929346,0.0037975640025248,0.0037975639943456,0.999992789224125,0.999992789224124,49.4136636438698,0.0,49.97449037609512,0.0,45.59504636380806,0.0,45.30206934350961,0.0,0.0,0.0,0.0,0.0,0.0,0.0
10.0,5.717635881794089,0.0037976107845699,0.0037976107763898,0.999992789046465,0.999992789046464,49.41366369608911,0.0,49.97449002371711,0.0,45.59504635961817,0.0,45.30206926922308,0.0,0.0,0.0,0.0,0.0,0.0,0.0
10.0,5.71788589429471,0.0037976575680297,0.0037976575598486,0.999992788868796,0.999992788868796,49.41366374887924,0.0,49.974489671324406,0.0,45.5950463554281,0.0,45.30206919493336,0.0,0.0,0.0,0.0,0.0,0.0,0.0
10.0,5.71813590679534,0.003797704352904,0.003797704344722,0.999992788691121,0.99999278869112,49.41366380224751,0.0,49.974489318917,0.0,45.59504635123785,0.0,45.30206912064046,0.0,0.0,0.0,0.0,0.0,0.0,0.0
10.0,5.71838591929597,0.0037977511391927,0.0037977511310098,0.999992788513438,0.9999927885134368,49.41366385620133,0.0,49.974488966494896,0.0,45.59504634704741,0.0,45.30206904634439,0.0,0.0,0.0,0.0,0.0,0.0,0.0
10.0,5.71863593179659,0.0037977979268959,0.003797797918712,0.999992788335747,0.999992788335746,49.41366391074829,0.0,49.97448861405808,0.0,45.59504634285679,0.0,45.30206897204511,0.0,0.0,0.0,0.0,0.0,0.0,0.0
10.0,5.71888594429721,0.0037978447160134,0.0037978447078286,0.999992788158049,0.9999927881580482,49.413663965896085,0.0,49.97448826160657,0.0,45.59504633866597,0.0,45.30206889774267,0.0,0.0,0.0,0.0,0.0,0.0,0.0
10.0,5.71913595679784,0.0037978915065452,0.0037978914983595,0.999992787980343,0.999992787980342,49.41366402165252,0.0,49.97448790914035,0.0,45.59504633447497,0.0,45.30206882343704,0.0,0.0,0.0,0.0,0.0,0.0,0.0
10.0,5.71938596929846,0.0037979382984913,0.0037979382903047,0.999992787802629,0.999992787802629,49.41366407802558,0.0,49.97448755665944,0.0,45.595046330283786,0.0,45.30206874912824,0.0,0.0,0.0,0.0,0.0,0.0,0.0
10.0,5.71963598179909,0.0037979850918515,0.003797985083664,0.9999927876249078,0.9999927876249078,49.413664135023375,0.0,49.97448720416383,0.0,45.59504632609243,0.0,45.30206867481624,0.0,0.0,0.0,0.0,0.0,0.0,0.0
10.0,5.71988599429972,0.0037980318866258,0.0037980318784374,0.99999278744718,0.999992787447179,49.41366419265413,0.0,49.97448685165352,0.0,45.59504632190088,0.0,45.302068600501066,0.0,0.0,0.0,0.0,0.0,0.0,0.0
10.0,5.72013600680034,0.0037980786828142,0.0037980786746249,0.999992787269444,0.999992787269443,49.41366425092626,0.0,49.974486499128496,0.0,45.595046317709134,0.0,45.30206852618272,0.0,0.0,0.0,0.0,0.0,0.0,0.0
10.0,5.72038601930096,0.0037981254804166,0.0037981254722264,0.9999927870917,0.999992787091699,49.41366430984829,0.0,49.97448614658877,0.0,45.59504631351721,0.0,45.30206845186117,0.0,0.0,0.0,0.0,0.0,0.0,0.0
10.0,5.72063603180159,0.003798172279433,0.0037981722712418,0.999992786913949,0.999992786913948,49.41366436942892,0.0,49.97448579403436,0.0,45.59504630932509,0.0,45.30206837753646,0.0,0.0,0.0,0.0,0.0,0.0,0.0
10.0,5.72088604430222,0.0037982190798632,0.0037982190716711,0.99999278673619,0.999992786736189,49.413664429677,0.0,49.97448544146524,0.0,45.5950463051328,0.0,45.30206830320856,0.0,0.0,0.0,0.0,0.0,0.0,0.0
10.0,5.72113605680284,0.0037982658817072,0.0037982658735143,0.999992786558424,0.9999927865584228,49.41366449060155,0.0,49.97448508888142,0.0,45.59504630094031,0.0,45.30206822887748,0.0,0.0,0.0,0.0,0.0,0.0,0.0
10.0,5.72138606930347,0.003798312684965,0.0037983126767712,0.99999278638065,0.999992786380649,49.413664552211706,0.0,49.97448473628291,0.0,45.59504629674764,0.0,45.30206815454322,0.0,0.0,0.0,0.0,0.0,0.0,0.0
10.0,5.72163608180409,0.0037983594896365,0.0037983594814418,0.999992786202869,0.999992786202868,49.41366461451684,0.0,49.97448438366969,0.0,45.595046292554784,0.0,45.30206808020578,0.0,0.0,0.0,0.0,0.0,0.0,0.0
10.0,5.72188609430471,0.0037984062957216,0.003798406287526,0.99999278602508,0.999992786025079,49.41366467752644,0.0,49.97448403104177,0.0,45.59504628836174,0.0,45.302068005865145,0.0,0.0,0.0,0.0,0.0,0.0,0.0
10.0,5.72213610680534,0.0037984531032203,0.0037984530950239,0.999992785847283,0.999992785847282,49.41366474125021,0.0,49.97448367839915,0.0,45.59504628416851,0.0,45.302067931521336,0.0,0.0,0.0,0.0,0.0,0.0,0.0
10.0,5.722386119305971,0.0037984999121326,0.0037984999039352,0.999992785669479,0.999992785669478,49.41366480569796,0.0,49.97448332574182,0.0,45.59504627997511,0.0,45.30206785717436,0.0,0.0,0.0,0.0,0.0,0.0,0.0
10.0,5.72263613180659,0.0037985467224583,0.00379854671426,0.999992785491667,0.999992785491666,49.41366487087979,0.0,49.97448297306981,0.0,45.59504627578151,0.0,45.30206778282418,0.0,0.0,0.0,0.0,0.0,0.0,0.0
10.0,5.72288614430721,0.0037985935341974,0.0037985935259983,0.9999927853138482,0.999992785313847,49.41366493680589,0.0,49.974482620383085,0.0,45.59504627158772,0.0,45.30206770847084,0.0,0.0,0.0,0.0,0.0,0.0,0.0
10.0,5.72313615680784,0.0037986403473498,0.0037986403391499,0.999992785136021,0.999992785136021,49.413665003486685,0.0,49.97448226768167,0.0,45.59504626739374,0.0,45.30206763411429,0.0,0.0,0.0,0.0,0.0,0.0,0.0
10.0,5.72338616930847,0.0037986871619156,0.0037986871537147,0.999992784958187,0.999992784958186,49.4136650709328,0.0,49.97448191496556,0.0,45.5950462631996,0.0,45.302067559754576,0.0,0.0,0.0,0.0,0.0,0.0,0.0
10.0,5.72363618180909,0.0037987339778945,0.0037987339696928,0.999992784780345,0.999992784780344,49.41366513915504,0.0,49.974481562234736,0.0,45.59504625900525,0.0,45.30206748539169,0.0,0.0,0.0,0.0,0.0,0.0,0.0
10.0,5.72388619430972,0.0037987807952866,0.0037987807870841,0.9999927846024952,0.9999927846024952,49.41366520816441,0.0,49.97448120948922,0.0,45.595046254810725,0.0,45.3020674110256,0.0,0.0,0.0,0.0,0.0,0.0,0.0
10.0,5.72413620681034,0.0037988276140919,0.0037988276058885,0.999992784424638,0.999992784424638,49.41366527797214,0.0,49.974480856729,0.0,45.59504625061601,0.0,45.30206733665634,0.0,0.0,0.0,0.0,0.0,0.0,0.0
10.0,5.72438621931097,0.0037988744343101,0.0037988744261059,0.999992784246774,0.9999927842467732,49.41366534858969,0.0,49.97448050395408,0.0,45.59504624642111,0.0,45.3020672622839,0.0,0.0,0.0,0.0,0.0,0.0,0.0
10.0,5.72463623181159,0.0037989212559414,0.0037989212477363,0.999992784068902,0.9999927840689008,49.41366542002869,0.0,49.97448015116447,0.0,45.595046242226026,0.0,45.30206718790828,0.0,0.0,0.0,0.0,0.0,0.0,0.0
10.0,5.72488624431222,0.0037989680789856,0.0037989680707796,0.999992783891022,0.999992783891021,49.41366549230106,0.0,49.97447979836016,0.0,45.595046238030754,0.0,45.30206711352948,0.0,0.0,0.0,0.0,0.0,0.0,0.0
10.0,5.72513625681284,0.0037990149034426,0.0037990148952359,0.999992783713134,0.999992783713134,49.413665565418896,0.0,49.97447944554116,0.0,45.59504623383529,0.0,45.302067039147495,0.0,0.0,0.0,0.0,0.0,0.0,0.0
10.0,5.72538626931347,0.0037990617293125,0.0037990617211049,0.99999278353524,0.999992783535239,49.413665639394544,0.0,49.97447909270743,0.0,45.59504622963965,0.0,45.302066964762325,0.0,0.0,0.0,0.0,0.0,0.0,0.0
10.0,5.72563628181409,0.0037991085565951,0.0037991085483867,0.999992783357337,0.999992783357336,49.413665714240594,0.0,49.97447873985903,0.0,45.59504622544382,0.0,45.30206689037397,0.0,0.0,0.0,0.0,0.0,0.0,0.0
10.0,5.72588629431472,0.0037991553852904,0.0037991553770811,0.999992783179427,0.999992783179427,49.4136657899699,0.0,49.97447838699592,0.0,45.595046221247806,0.0,45.30206681598244,0.0,0.0,0.0,0.0,0.0,0.0,0.0
10.0,5.72613630681534,0.0037992022153984,0.0037992022071883,0.9999927830015098,0.999992783001509,49.41366586659553,0.0,49.9744780341181,0.0,45.5950462170516,0.0,45.30206674158772,0.0,0.0,0.0,0.0,0.0,0.0,0.0
10.0,5.72638631931597,0.0037992490469189,0.0037992490387079,0.999992782823585,0.999992782823584,49.41366594413087,0.0,49.9744776812256,0.0,45.59504621285521,0.0,45.30206666718984,0.0,0.0,0.0,0.0,0.0,0.0,0.0
10.0,5.72663633181659,0.0037992958798519,0.0037992958716402,0.999992782645652,0.9999927826456508,49.4136660225895,0.0,49.97447732831839,0.0,45.59504620865864,0.0,45.30206659278876,0.0,0.0,0.0,0.0,0.0,0.0,0.0
10.0,5.72688634431722,0.0037993427141974,0.0037993427059848,0.999992782467712,0.9999927824677108,49.41366610198535,0.0,49.9744769753965,0.0,45.59504620446189,0.0,45.3020665183845,0.0,0.0,0.0,0.0,0.0,0.0,0.0
10.0,5.72713635681784,0.0037993895499553,0.0037993895417419,0.999992782289764,0.9999927822897628,49.41366618233256,0.0,49.974476622459896,0.0,45.59504620026495,0.0,45.302066443977054,0.0,0.0,0.0,0.0,0.0,0.0,0.0
10.0,5.72738636931847,0.0037994363871255,0.0037994363789113,0.999992782111809,0.999992782111808,49.41366626364561,0.0,49.97447626950859,0.0,45.595046196067806,0.0,45.30206636956643,0.0,0.0,0.0,0.0,0.0,0.0,0.0
10.0,5.72763638181909,0.003799483225708,0.0037994832174929,0.999992781933846,0.999992781933845,49.41366634593924,0.0,49.9744759165426,0.0,45.595046191870495,0.0,45.30206629515264,0.0,0.0,0.0,0.0,0.0,0.0,0.0
10.0,5.727886394319721,0.0037995300657026,0.0037995300574868,0.999992781755875,0.999992781755875,49.4136664292285,0.0,49.9744755635619,0.0,45.59504618767299,0.0,45.30206622073565,0.0,0.0,0.0,0.0,0.0,0.0,0.0
10.0,5.72813640682034,0.0037995769071095,0.0037995768988929,0.999992781577898,0.999992781577897,49.41366651352876,0.0,49.97447521056651,0.0,45.5950461834753,0.0,45.30206614631549,0.0,0.0,0.0,0.0,0.0,0.0,0.0
10.0,5.72838641932097,0.0037996237499284,0.003799623741711,0.999992781399912,0.9999927813999108,49.41366659885571,0.0,49.97447485755641,0.0,45.59504617927743,0.0,45.30206607189215,0.0,0.0,0.0,0.0,0.0,0.0,0.0
10.0,5.72863643182159,0.0037996705941594,0.0037996705859412,0.999992781221919,0.999992781221918,49.41366668522534,0.0,49.97447450453163,0.0,45.59504617507938,0.0,45.30206599746562,0.0,0.0,0.0,0.0,0.0,0.0,0.0
10.0,5.72888644432222,0.0037997174398024,0.0037997174315834,0.999992781043918,0.999992781043918,49.41366677265399,0.0,49.97447415149215,0.0,45.59504617088113,0.0,45.302065923035904,0.0,0.0,0.0,0.0,0.0,0.0,0.0
10.0,5.72913645682284,0.0037997642868573,0.0037997642786375,0.99999278086591,0.999992780865909,49.41366686115837,0.0,49.97447379843795,0.0,45.5950461666827,0.0,45.30206584860302,0.0,0.0,0.0,0.0,0.0,0.0,0.0
10.0,5.72938646932347,0.003799811135324,0.0037998111271035,0.999992780687894,0.999992780687894,49.41366695075548,0.0,49.97447344536907,0.0,45.59504616248409,0.0,45.30206577416694,0.0,0.0,0.0,0.0,0.0,0.0,0.0
10.0,5.72963648182409,0.0037998579852026,0.0037998579769812,0.9999927805098708,0.99999278050987,49.41366704146273,0.0,49.97447309228549,0.0,45.595046158285285,0.0,45.3020656997277,0.0,0.0,0.0,0.0,0.0,0.0,0.0
10.0,5.72988649432472,0.0037999048364929,0.0037999048282707,0.99999278033184,0.999992780331839,49.4136671332979,0.0,49.97447273918722,0.0,45.5950461540863,0.0,45.30206562528525,0.0,0.0,0.0,0.0,0.0,0.0,0.0
10.0,5.730136506825341,0.0037999516891948,0.0037999516809719,0.999992780153802,0.999992780153801,49.41366722627912,0.0,49.97447238607424,0.0,45.59504614988711,0.0,45.30206555083964,0.0,0.0,0.0,0.0,0.0,0.0,0.0
10.0,5.73038651932597,0.0037999985433084,0.0037999985350847,0.999992779975755,0.9999927799757552,49.41366732042494,0.0,49.97447203294658,0.0,45.59504614568776,0.0,45.30206547639085,0.0,0.0,0.0,0.0,0.0,0.0,0.0
10.0,5.73063653182659,0.0038000453988336,0.0038000453906091,0.999992779797702,0.9999927797977012,49.4136674157543,0.0,49.9744716798042,0.0,45.59504614148822,0.0,45.30206540193887,0.0,0.0,0.0,0.0,0.0,0.0,0.0
10.0,5.73088654432722,0.0038000922557702,0.003800092247545,0.999992779619641,0.99999277961964,49.413667512286544,0.0,49.97447132664715,0.0,45.595046137288485,0.0,45.30206532748371,0.0,0.0,0.0,0.0,0.0,0.0,0.0
10.0,5.73113655682784,0.0038001391141183,0.0038001391058923,0.999992779441572,0.9999927794415708,49.413667610041465,0.0,49.97447097347538,0.0,45.595046133088566,0.0,45.30206525302537,0.0,0.0,0.0,0.0,0.0,0.0,0.0
10.0,5.73138656932847,0.0038001859738778,0.0038001859656511,0.999992779263496,0.9999927792634948,49.41366770903928,0.0,49.974470620288926,0.0,45.59504612888847,0.0,45.30206517856384,0.0,0.0,0.0,0.0,0.0,0.0,0.0
10.0,5.73163658182909,0.0038002328350486,0.0038002328268211,0.999992779085412,0.9999927790854108,49.41366780930061,0.0,49.97447026708777,0.0,45.595046124688174,0.0,45.302065104099135,0.0,0.0,0.0,0.0,0.0,0.0,0.0
10.0,5.73188659432972,0.0038002796976307,0.0038002796894025,0.99999277890732,0.99999277890732,49.41366791084664,0.0,49.97446991387192,0.0,45.59504612048772,0.0,45.30206502963125,0.0,0.0,0.0,0.0,0.0,0.0,0.0
10.0,5.73213660683034,0.003800326561624,0.003800326553395,0.999992778729222,0.999992778729221,49.4136680136989,0.0,49.97446956064137,0.0,45.59504611628704,0.0,45.30206495516019,0.0,0.0,0.0,0.0,0.0,0.0,0.0
10.0,5.73238661933097,0.0038003734270284,0.0038003734187987,0.9999927785511152,0.999992778551114,49.41366811787951,0.0,49.97446920739612,0.0,45.59504611208621,0.0,45.30206488068594,0.0,0.0,0.0,0.0,0.0,0.0,0.0
10.0,5.73263663183159,0.003800420293844,0.0038004202856135,0.9999927783730008,0.9999927783730002,49.41366822341104,0.0,49.97446885413618,0.0,45.59504610788517,0.0,45.30206480620851,0.0,0.0,0.0,0.0,0.0,0.0,0.0
10.0,5.73288664433222,0.0038004671620705,0.0038004671538393,0.99999277819488,0.999992778194879,49.41366833031658,0.0,49.97446850086156,0.0,45.59504610368395,0.0,45.302064731727896,0.0,0.0,0.0,0.0,0.0,0.0,0.0
10.0,5.73313665683284,0.003800514031708,0.003800514023476,0.99999277801675,0.99999277801675,49.413668438619766,0.0,49.97446814757222,0.0,45.59504609948255,0.0,45.3020646572441,0.0,0.0,0.0,0.0,0.0,0.0,0.0
10.0,5.733386669333469,0.0038005609027564,0.0038005608945237,0.999992777838614,0.999992777838613,49.413668548344745,0.0,49.97446779426819,0.0,45.59504609528096,0.0,45.30206458275713,0.0,0.0,0.0,0.0,0.0,0.0,0.0
10.0,5.73363668183409,0.0038006077752157,0.0038006077669823,0.999992777660469,0.999992777660469,49.41366865951628,0.0,49.97446744094947,0.0,45.59504609107919,0.0,45.30206450826697,0.0,0.0,0.0,0.0,0.0,0.0,0.0
10.0,5.73388669433472,0.0038006546490858,0.0038006546408516,0.999992777482317,0.999992777482317,49.41366877215964,0.0,49.97446708761604,0.0,45.595046086877225,0.0,45.30206443377365,0.0,0.0,0.0,0.0,0.0,0.0,0.0
10.0,5.73413670683534,0.0038007015243666,0.0038007015161317,0.999992777304158,0.999992777304157,49.413668886300734,0.0,49.97446673426793,0.0,45.59504608267508,0.0,45.302064359277125,0.0,0.0,0.0,0.0,0.0,0.0,0.0
10.0,5.73438671933597,0.0038007484010581,0.0038007483928225,0.999992777125991,0.99999277712599,49.413669001966085,0.0,49.97446638090512,0.0,45.59504607847275,0.0,45.30206428477742,0.0,0.0,0.0,0.0,0.0,0.0,0.0
10.0,5.73463673183659,0.0038007952791601,0.0038007952709238,0.999992776947817,0.999992776947816,49.4136691191828,0.0,49.97446602752761,0.0,45.59504607427024,0.0,45.30206421027455,0.0,0.0,0.0,0.0,0.0,0.0,0.0
10.0,5.73488674433722,0.0038008421586728,0.0038008421504358,0.9999927767696342,0.999992776769634,49.4136692379787,0.0,49.9744656741354,0.0,45.59504607006753,0.0,45.30206413576848,0.0,0.0,0.0,0.0,0.0,0.0,0.0
10.0,5.73513675683784,0.0038008890395959,0.0038008890313582,0.9999927765914453,0.999992776591444,49.413669358382215,0.0,49.97446532072851,0.0,45.59504606586465,0.0,45.30206406125924,0.0,0.0,0.0,0.0,0.0,0.0,0.0
10.0,5.73538676933847,0.0038009359219295,0.003800935913691,0.999992776413248,0.999992776413247,49.413669480422485,0.0,49.97446496730692,0.0,45.59504606166157,0.0,45.30206398674682,0.0,0.0,0.0,0.0,0.0,0.0,0.0
10.0,5.735636781839091,0.0038009828056734,0.0038009827974343,0.999992776235043,0.999992776235042,49.41366960412937,0.0,49.97446461387063,0.0,45.59504605745831,0.0,45.30206391223122,0.0,0.0,0.0,0.0,0.0,0.0,0.0
10.0,5.73588679433972,0.0038010296908277,0.0038010296825878,0.99999277605683,0.99999277605683,49.41366972953344,0.0,49.97446426041965,0.0,45.59504605325486,0.0,45.30206383771242,0.0,0.0,0.0,0.0,0.0,0.0,0.0
10.0,5.73613680684034,0.0038010765773922,0.0038010765691517,0.999992775878611,0.99999277587861,49.41366985666601,0.0,49.974463906953964,0.0,45.595046049051234,0.0,45.30206376319046,0.0,0.0,0.0,0.0,0.0,0.0,0.0
10.0,5.73638681934097,0.003801123465367,0.0038011234571257,0.999992775700383,0.999992775700382,49.41366998555921,0.0,49.97446355347358,0.0,45.59504604484742,0.0,45.302063688665314,0.0,0.0,0.0,0.0,0.0,0.0,0.0
10.0,5.73663683184159,0.0038011703547518,0.0038011703465098,0.9999927755221482,0.999992775522148,49.413670116245925,0.0,49.97446319997852,0.0,45.59504604064341,0.0,45.302063614136976,0.0,0.0,0.0,0.0,0.0,0.0,0.0
10.0,5.73688684434222,0.0038012172455468,0.0038012172373041,0.999992775343906,0.9999927753439048,49.41367024875989,0.0,49.97446284646876,0.0,45.59504603643922,0.0,45.30206353960548,0.0,0.0,0.0,0.0,0.0,0.0,0.0
10.0,5.73713685684284,0.0038012641377517,0.0038012641295084,0.999992775165656,0.9999927751656548,49.413670383135695,0.0,49.97446249294431,0.0,45.59504603223485,0.0,45.30206346507078,0.0,0.0,0.0,0.0,0.0,0.0,0.0
10.0,5.73738686934347,0.0038013110313666,0.0038013110231226,0.999992774987398,0.999992774987397,49.413670519408775,0.0,49.97446213940515,0.0,45.59504602803029,0.0,45.3020633905329,0.0,0.0,0.0,0.0,0.0,0.0,0.0
10.0,5.73763688184409,0.0038013579263914,0.0038013579181467,0.999992774809133,0.999992774809132,49.41367065761552,0.0,49.9744617858513,0.0,45.595046023825546,0.0,45.30206331599185,0.0,0.0,0.0,0.0,0.0,0.0,0.0
10.0,5.73788689434472,0.0038014048228261,0.0038014048145807,0.99999277463086,0.999992774630859,49.4136707977932,0.0,49.97446143228276,0.0,45.59504601962061,0.0,45.30206324144762,0.0,0.0,0.0,0.0,0.0,0.0,0.0
10.0,5.73813690684534,0.0038014517206706,0.0038014517124245,0.99999277445258,0.999992774452579,49.41367093998009,0.0,49.97446107869953,0.0,45.5950460154155,0.0,45.3020631669002,0.0,0.0,0.0,0.0,0.0,0.0,0.0
10.0,5.73838691934597,0.0038014986199247,0.003801498611678,0.999992774274292,0.9999927742742908,49.41367108421545,0.0,49.97446072510159,0.0,45.595046011210194,0.0,45.3020630923496,0.0,0.0,0.0,0.0,0.0,0.0,0.0
10.0,5.73863693184659,0.0038015455205885,0.0038015455123411,0.999992774095996,0.999992774095996,49.41367123053956,0.0,49.974460371488966,0.0,45.59504600700471,0.0,45.302063017795824,0.0,0.0,0.0,0.0,0.0,0.0,0.0
10.0,5.73888694434722,0.003801592422662,0.0038015924144139,0.9999927739176931,0.999992773917692,49.4136713789938,0.0,49.974460017861645,0.0,45.59504600279903,0.0,45.30206294323887,0.0,0.0,0.0,0.0,0.0,0.0,0.0
10.0,5.73913695684784,0.003801639326145,0.0038016393178962,0.999992773739382,0.999992773739382,49.413671529620565,0.0,49.97445966421964,0.0,45.59504599859317,0.0,45.302062868678725,0.0,0.0,0.0,0.0,0.0,0.0,0.0
10.0,5.73938696934847,0.0038016862310374,0.003801686222788,0.999992773561065,0.999992773561064,49.41367168246348,0.0,49.97445931056293,0.0,45.59504599438712,0.0,45.30206279411539,0.0,0.0,0.0,0.0,0.0,0.0,0.0
10.0,5.73963698184909,0.0038017331373393,0.0038017331290893,0.999992773382739,0.999992773382738,49.413671837567286,0.0,49.97445895689153,0.0,45.59504599018089,0.0,45.3020627195489,0.0,0.0,0.0,0.0,0.0,0.0,0.0
10.0,5.73988699434972,0.0038017800450506,0.0038017800367999,0.999992773204405,0.999992773204405,49.41367199497797,0.0,49.97445860320544,0.0,45.59504598597448,0.0,45.30206264497921,0.0,0.0,0.0,0.0,0.0,0.0,0.0
10.0,5.74013700685034,0.0038018269541712,0.0038018269459198,0.999992773026065,0.999992773026064,49.413672154742734,0.0,49.97445824950465,0.0,45.59504598176788,0.0,45.30206257040634,0.0,0.0,0.0,0.0,0.0,0.0,0.0
10.0,5.74038701935097,0.003801873864701,0.003801873856449,0.999992772847716,0.999992772847716,49.4136723169101,0.0,49.97445789578918,0.0,45.595045977561085,0.0,45.30206249583029,0.0,0.0,0.0,0.0,0.0,0.0,0.0
10.0,5.74063703185159,0.00380192077664,0.0038019207683874,0.99999277266936,0.99999277266936,49.41367248152994,0.0,49.974457542059,0.0,45.59504597335411,0.0,45.30206242125107,0.0,0.0,0.0,0.0,0.0,0.0,0.0
10.0,5.74088704435222,0.0038019676899881,0.0038019676817348,0.9999927724909968,0.999992772490996,49.41367264865351,0.0,49.97445718831413,0.0,45.59504596914696,0.0,45.302062346668656,0.0,0.0,0.0,0.0,0.0,0.0,0.0
10.0,5.741137056852839,0.0038020146047453,0.0038020145964914,0.999992772312626,0.999992772312625,49.41367281833349,0.0,49.97445683455457,0.0,45.59504596493961,0.0,45.30206227208306,0.0,0.0,0.0,0.0,0.0,0.0,0.0
10.0,5.74138706935347,0.0038020615209116,0.003802061512657,0.999992772134247,0.999992772134247,49.41367299062407,0.0,49.97445648078032,0.0,45.59504596073209,0.0,45.30206219749429,0.0,0.0,0.0,0.0,0.0,0.0,0.0
10.0,5.74163708185409,0.0038021084384867,0.0038021084302315,0.999992771955861,0.999992771955861,49.41367316558093,0.0,49.97445612699137,0.0,45.59504595652436,0.0,45.30206212290236,0.0,0.0,0.0,0.0,0.0,0.0,0.0
10.0,5.74188709435472,0.0038021553574708,0.003802155349215,0.999992771777467,0.9999927717774671,49.41367334326144,0.0,49.97445577318772,0.0,45.59504595231646,0.0,45.302062048307214,0.0,0.0,0.0,0.0,0.0,0.0,0.0
10.0,5.74213710685534,0.0038022022778637,0.0038022022696073,0.999992771599066,0.999992771599066,49.41367352372455,0.0,49.9744554193694,0.0,45.59504594810837,0.0,45.30206197370889,0.0,0.0,0.0,0.0,0.0,0.0,0.0
10.0,5.74238711935597,0.0038022491996654,0.0038022491914083,0.999992771420657,0.999992771420657,49.41367370703093,0.0,49.974455065536375,0.0,45.59504594390009,0.0,45.30206189910741,0.0,0.0,0.0,0.0,0.0,0.0,0.0
10.0,5.74263713185659,0.0038022961228758,0.0038022961146181,0.999992771242241,0.99999277124224,49.41367389324304,0.0,49.97445471168865,0.0,45.59504593969164,0.0,45.30206182450273,0.0,0.0,0.0,0.0,0.0,0.0,0.0
10.0,5.74288714435722,0.0038023430474948,0.0038023430392365,0.999992771063817,0.999992771063816,49.41367408242519,0.0,49.97445435782624,0.0,45.595045935483,0.0,45.30206174989488,0.0,0.0,0.0,0.0,0.0,0.0,0.0
10.0,5.74313715685784,0.0038023899735224,0.0038023899652635,0.999992770885386,0.999992770885385,49.4136742746436,0.0,49.974454003949134,0.0,45.59504593127416,0.0,45.30206167528383,0.0,0.0,0.0,0.0,0.0,0.0,0.0
10.0,5.74338716935847,0.0038024369009586,0.0038024368926991,0.999992770706946,0.999992770706946,49.41367446996645,0.0,49.974453650057335,0.0,45.59504592706514,0.0,45.30206160066961,0.0,0.0,0.0,0.0,0.0,0.0,0.0
10.0,5.74363718185909,0.0038024838298033,0.0038024838215432,0.9999927705285,0.999992770528499,49.41367466846401,0.0,49.974453296150855,0.0,45.595045922855945,0.0,45.30206152605221,0.0,0.0,0.0,0.0,0.0,0.0,0.0
10.0,5.74388719435972,0.0038025307600564,0.0038025307517956,0.999992770350046,0.999992770350045,49.41367487020865,0.0,49.97445294222967,0.0,45.59504591864656,0.0,45.302061451431626,0.0,0.0,0.0,0.0,0.0,0.0,0.0
10.0,5.74413720686034,0.0038025776917178,0.0038025776834565,0.999992770171584,0.999992770171583,49.41367507527499,0.0,49.9744525882938,0.0,45.59504591443699,0.0,45.30206137680787,0.0,0.0,0.0,0.0,0.0,0.0,0.0
10.0,5.74438721936097,0.0038026246247875,0.0038026246165256,0.999992769993115,0.999992769993114,49.41367528373992,0.0,49.97445223434323,0.0,45.59504591022723,0.0,45.30206130218092,0.0,0.0,0.0,0.0,0.0,0.0,0.0
10.0,5.74463723186159,0.0038026715592655,0.003802671551003,0.999992769814638,0.9999927698146373,49.41367549568275,0.0,49.97445188037798,0.0,45.59504590601728,0.0,45.3020612275508,0.0,0.0,0.0,0.0,0.0,0.0,0.0
10.0,5.74488724436222,0.0038027184951516,0.0038027184868885,0.999992769636154,0.999992769636153,49.41367571118526,0.0,49.97445152639803,0.0,45.595045901807154,0.0,45.302061152917496,0.0,0.0,0.0,0.0,0.0,0.0,0.0
10.0,5.74513725686284,0.0038027654324459,0.0038027654241822,0.999992769457662,0.9999927694576608,49.41367593033183,0.0,49.97445117240338,0.0,45.59504589759683,0.0,45.30206107828101,0.0,0.0,0.0,0.0,0.0,0.0,0.0
10.0,5.74538726936347,0.0038028123711483,0.003802812362884,0.999992769279162,0.9999927692791613,49.41367615320949,0.0,49.97445081839405,0.0,45.595045893386335,0.0,45.30206100364135,0.0,0.0,0.0,0.0,0.0,0.0,0.0
10.0,5.74563728186409,0.0038028593112586,0.0038028593029937,0.9999927691006552,0.999992769100654,49.413676379908125,0.0,49.97445046437004,0.0,45.59504588917565,0.0,45.302060928998486,0.0,0.0,0.0,0.0,0.0,0.0,0.0
10.0,5.745887294364721,0.0038029062527769,0.0038029062445115,0.99999276892214,0.99999276892214,49.41367661052045,0.0,49.97445011033131,0.0,45.595045884964776,0.0,45.30206085435246,0.0,0.0,0.0,0.0,0.0,0.0,0.0
10.0,5.74613730686534,0.0038029531957031,0.0038029531874371,0.999992768743618,0.999992768743618,49.41367684514228,0.0,49.97444975627791,0.0,45.59504588075372,0.0,45.30206077970325,0.0,0.0,0.0,0.0,0.0,0.0,0.0
10.0,5.74638731936597,0.0038030001400371,0.0038030001317705,0.999992768565088,0.999992768565088,49.41367708387253,0.0,49.9744494022098,0.0,45.59504587654247,0.0,45.30206070505086,0.0,0.0,0.0,0.0,0.0,0.0,0.0
10.0,5.74663733186659,0.0038030470857788,0.0038030470775117,0.999992768386551,0.99999276838655,49.41367732681342,0.0,49.97444904812702,0.0,45.59504587233104,0.0,45.30206063039529,0.0,0.0,0.0,0.0,0.0,0.0,0.0
10.0,5.74688734436722,0.0038030940329283,0.0038030940246606,0.999992768208006,0.999992768208006,49.41367757407058,0.0,49.97444869402954,0.0,45.59504586811942,0.0,45.30206055573653,0.0,0.0,0.0,0.0,0.0,0.0,0.0
10.0,5.74713735686784,0.0038031409814854,0.0038031409732171,0.999992768029454,0.999992768029453,49.41367782575322,0.0,49.97444833991736,0.0,45.59504586390762,0.0,45.302060481074605,0.0,0.0,0.0,0.0,0.0,0.0,0.0
10.0,5.74738736936847,0.0038031879314502,0.0038031879231813,0.999992767850894,0.999992767850893,49.41367808197422,0.0,49.974447985790505,0.0,45.59504585969563,0.0,45.30206040640949,0.0,0.0,0.0,0.0,0.0,0.0,0.0
10.0,5.74763738186909,0.0038032348828224,0.003803234874553,0.999992767672326,0.999992767672326,49.41367834285038,0.0,49.97444763164895,0.0,45.59504585548347,0.0,45.3020603317412,0.0,0.0,0.0,0.0,0.0,0.0,0.0
10.0,5.74788739436972,0.0038032818356021,0.0038032818273321,0.999992767493751,0.9999927674937512,49.41367860850253,0.0,49.97444727749271,0.0,45.59504585127111,0.0,45.30206025706971,0.0,0.0,0.0,0.0,0.0,0.0,0.0
10.0,5.74813740687034,0.0038033287897892,0.0038033287815187,0.999992767315169,0.999992767315168,49.41367887905568,0.0,49.97444692332176,0.0,45.59504584705857,0.0,45.30206018239505,0.0,0.0,0.0,0.0,0.0,0.0,0.0
10.0,5.74838741937097,0.0038033757453837,0.0038033757371126,0.999992767136578,0.999992767136578,49.41367915463929,0.0,49.97444656913615,0.0,45.59504584284584,0.0,45.30206010771722,0.0,0.0,0.0,0.0,0.0,0.0,0.0
10.0,5.74863743187159,0.0038034227023854,0.0038034226941138,0.9999927669579808,0.99999276695798,49.4136794353874,0.0,49.97444621493583,0.0,45.59504583863292,0.0,45.3020600330362,0.0,0.0,0.0,0.0,0.0,0.0,0.0
10.0,5.74888744437222,0.0038034696607944,0.0038034696525223,0.999992766779375,0.999992766779375,49.41367972143884,0.0,49.97444586072082,0.0,45.59504583441983,0.0,45.302059958352,0.0,0.0,0.0,0.0,0.0,0.0,0.0
10.0,5.74913745687284,0.0038035166206106,0.0038035166123379,0.999992766600762,0.999992766600762,49.41368001293748,0.0,49.97444550649112,0.0,45.59504583020654,0.0,45.30205988366463,0.0,0.0,0.0,0.0,0.0,0.0,0.0
10.0,5.74938746937347,0.0038035635818339,0.0038035635735606,0.999992766422142,0.999992766422141,49.41368031003244,0.0,49.97444515224673,0.0,45.59504582599307,0.0,45.30205980897406,0.0,0.0,0.0,0.0,0.0,0.0,0.0
10.0,5.74963748187409,0.0038036105444642,0.0038036105361904,0.999992766243514,0.999992766243514,49.41368061287832,0.0,49.97444479798766,0.0,45.59504582177941,0.0,45.30205973428032,0.0,0.0,0.0,0.0,0.0,0.0,0.0
10.0,5.74988749437472,0.0038036575085016,0.0038036575002272,0.999992766064879,0.999992766064878,49.41368092163547,0.0,49.97444444371389,0.0,45.59504581756556,0.0,45.302059659583406,0.0,0.0,0.0,0.0,0.0,0.0,0.0
10.0,5.75013750687534,0.0038037044739458,0.003803704465671,0.999992765886236,0.999992765886235,49.41368123647024,0.0,49.97444408942543,0.0,45.59504581335153,0.0,45.302059584883295,0.0,0.0,0.0,0.0,0.0,0.0,0.0
10.0,5.75038751937597,0.003803751440797,0.0038037514325216,0.999992765707585,0.999992765707584,49.41368155755532,0.0,49.97444373512228,0.0,45.59504580913732,0.0,45.30205951018001,0.0,0.0,0.0,0.0,0.0,0.0,0.0
10.0,5.75063753187659,0.0038037984090549,0.003803798400779,0.999992765528927,0.999992765528926,49.413681885069984,0.0,49.974443380804445,0.0,45.595045804922925,0.0,45.302059435473545,0.0,0.0,0.0,0.0,0.0,0.0,0.0
10.0,5.75088754437722,0.0038038453787197,0.0038038453704432,0.999992765350261,0.99999276535026,49.41368221920041,0.0,49.97444302647192,0.0,45.595045800708334,0.0,45.3020593607639,0.0,0.0,0.0,0.0,0.0,0.0,0.0
10.0,5.75113755687784,0.0038038923497911,0.0038038923415141,0.999992765171588,0.999992765171587,49.41368256014005,0.0,49.974442672124695,0.0,45.595045796493565,0.0,45.30205928605108,0.0,0.0,0.0,0.0,0.0,0.0,0.0
10.0,5.751387569378471,0.0038039393222691,0.0038039393139917,0.9999927649929068,0.999992764992906,49.41368290808998,0.0,49.9744423177628,0.0,45.59504579227861,0.0,45.30205921133506,0.0,0.0,0.0,0.0,0.0,0.0,0.0
10.0,5.75163758187909,0.0038039862961538,0.0038039862878758,0.999992764814218,0.999992764814218,49.41368326325925,0.0,49.9744419633862,0.0,45.59504578806347,0.0,45.30205913661588,0.0,0.0,0.0,0.0,0.0,0.0,0.0
10.0,5.75188759437972,0.003804033271445,0.0038040332631665,0.999992764635522,0.9999927646355208,49.4136836258653,0.0,49.97444160899491,0.0,45.59504578384814,0.0,45.30205906189351,0.0,0.0,0.0,0.0,0.0,0.0,0.0
10.0,5.75213760688034,0.0038040802481426,0.0038040802398636,0.9999927644568188,0.999992764456818,49.41368399613443,0.0,49.97444125458894,0.0,45.59504577963263,0.0,45.30205898716795,0.0,0.0,0.0,0.0,0.0,0.0,0.0
10.0,5.75238761938097,0.0038041272262466,0.0038041272179671,0.999992764278108,0.999992764278107,49.41368437430216,0.0,49.97444090016827,0.0,45.59504577541693,0.0,45.30205891243923,0.0,0.0,0.0,0.0,0.0,0.0,0.0
10.0,5.75263763188159,0.003804174205757,0.003804174197477,0.999992764099389,0.999992764099388,49.41368476061382,0.0,49.97444054573292,0.0,45.59504577120104,0.0,45.302058837707314,0.0,0.0,0.0,0.0,0.0,0.0,0.0
10.0,5.75288764438222,0.0038042211866737,0.0038042211783932,0.999992763920663,0.999992763920662,49.41368515532495,0.0,49.97444019128287,0.0,45.595045766984974,0.0,45.30205876297222,0.0,0.0,0.0,0.0,0.0,0.0,0.0
10.0,5.75313765688284,0.0038042681689965,0.0038042681607156,0.999992763741929,0.999992763741928,49.41368555870192,0.0,49.97443983681814,0.0,45.59504576276872,0.0,45.30205868823395,0.0,0.0,0.0,0.0,0.0,0.0,0.0
10.0,5.75338766938347,0.0038043151527256,0.0038043151444441,0.999992763563188,0.9999927635631872,49.41368597102247,0.0,49.97443948233873,0.0,45.595045758552274,0.0,45.3020586134925,0.0,0.0,0.0,0.0,0.0,0.0,0.0
10.0,5.753637681884091,0.0038043621378607,0.0038043621295788,0.999992763384439,0.999992763384438,49.41368639257635,0.0,49.97443912784461,0.0,45.59504575433565,0.0,45.302058538747865,0.0,0.0,0.0,0.0,0.0,0.0,0.0
10.0,5.75388769438472,0.0038044091244019,0.0038044091161195,0.999992763205682,0.999992763205681,49.41368682366596,0.0,49.97443877333582,0.0,45.59504575011884,0.0,45.30205846400005,0.0,0.0,0.0,0.0,0.0,0.0,0.0
10.0,5.75413770688534,0.0038044561123491,0.0038044561040662,0.999992763026918,0.999992763026918,49.41368726460704,0.0,49.974438418812326,0.0,45.59504574590184,0.0,45.30205838924905,0.0,0.0,0.0,0.0,0.0,0.0,0.0
10.0,5.75438771938597,0.0038045031017023,0.0038045030934189,0.999992762848147,0.999992762848146,49.41368771572942,0.0,49.97443806427415,0.0,45.59504574168465,0.0,45.30205831449487,0.0,0.0,0.0,0.0,0.0,0.0,0.0
10.0,5.75463773188659,0.0038045500924612,0.0038045500841774,0.999992762669367,0.999992762669367,49.41368817737783,0.0,49.974437709721286,0.0,45.59504573746729,0.0,45.30205823973752,0.0,0.0,0.0,0.0,0.0,0.0,0.0
10.0,5.75488774438722,0.003804597084626,0.0038045970763417,0.999992762490581,0.99999276249058,49.41368864991273,0.0,49.97443735515375,0.0,45.59504573324973,0.0,45.30205816497698,0.0,0.0,0.0,0.0,0.0,0.0,0.0
10.0,5.75513775688784,0.0038046440781966,0.0038046440699118,0.999992762311787,0.999992762311786,49.413689133711244,0.0,49.9744370005715,0.0,45.595045729032,0.0,45.30205809021325,0.0,0.0,0.0,0.0,0.0,0.0,0.0
10.0,5.75538776938847,0.0038046910731728,0.0038046910648875,0.999992762132985,0.999992762132984,49.4136896291681,0.0,49.97443664597457,0.0,45.59504572481407,0.0,45.30205801544636,0.0,0.0,0.0,0.0,0.0,0.0,0.0
10.0,5.75563778188909,0.0038047380695547,0.003804738061269,0.999992761954175,0.999992761954175,49.41369013669669,0.0,49.97443629136296,0.0,45.59504572059596,0.0,45.302057940676285,0.0,0.0,0.0,0.0,0.0,0.0,0.0
10.0,5.75588779438972,0.0038047850673422,0.003804785059056,0.9999927617753588,0.999992761775358,49.41369065673018,0.0,49.97443593673665,0.0,45.595045716377655,0.0,45.30205786590302,0.0,0.0,0.0,0.0,0.0,0.0,0.0
10.0,5.75613780689034,0.0038048320665351,0.0038048320582485,0.999992761596534,0.9999927615965328,49.41369118972271,0.0,49.97443558209566,0.0,45.59504571215917,0.0,45.302057791126586,0.0,0.0,0.0,0.0,0.0,0.0,0.0
10.0,5.75638781939097,0.0038048790671336,0.0038048790588464,0.999992761417702,0.999992761417702,49.41369173615069,0.0,49.97443522743998,0.0,45.595045707940514,0.0,45.30205771634696,0.0,0.0,0.0,0.0,0.0,0.0,0.0
10.0,5.75663783189159,0.0038049260691374,0.0038049260608498,0.999992761238863,0.999992761238862,49.41369229651415,0.0,49.97443487276961,0.0,45.59504570372165,0.0,45.30205764156416,0.0,0.0,0.0,0.0,0.0,0.0,0.0
10.0,5.756887844392219,0.0038049730725465,0.0038049730642585,0.999992761060015,0.999992761060015,49.41369287133826,0.0,49.97443451808456,0.0,45.59504569950261,0.0,45.30205756677818,0.0,0.0,0.0,0.0,0.0,0.0,0.0
10.0,5.75713785689284,0.003805020077361,0.0038050200690725,0.999992760881161,0.99999276088116,49.41369346117492,0.0,49.97443416338482,0.0,45.5950456952834,0.0,45.30205749198901,0.0,0.0,0.0,0.0,0.0,0.0,0.0
10.0,5.75738786939347,0.0038050670835806,0.0038050670752917,0.999992760702299,0.999992760702298,49.41369406660445,0.0,49.97443380867039,0.0,45.59504569106398,0.0,45.30205741719667,0.0,0.0,0.0,0.0,0.0,0.0,0.0
10.0,5.75763788189409,0.0038051140912054,0.003805114082916,0.9999927605234288,0.999992760523428,49.41369468823746,0.0,49.97443345394127,0.0,45.59504568684439,0.0,45.30205734240115,0.0,0.0,0.0,0.0,0.0,0.0,0.0
10.0,5.75788789439472,0.0038051611002353,0.0038051610919455,0.9999927603445508,0.999992760344551,49.41369532671691,0.0,49.97443309919746,0.0,45.5950456826246,0.0,45.30205726760244,0.0,0.0,0.0,0.0,0.0,0.0,0.0
10.0,5.75813790689535,0.0038052081106703,0.00380520810238,0.999992760165667,0.999992760165666,49.4136959827202,0.0,49.97443274443897,0.0,45.59504567840463,0.0,45.30205719280056,0.0,0.0,0.0,0.0,0.0,0.0,0.0
10.0,5.75838791939597,0.0038052551225102,0.0038052551142195,0.999992759986774,0.999992759986774,49.41369665696151,0.0,49.97443238966579,0.0,45.59504567418448,0.0,45.302057117995496,0.0,0.0,0.0,0.0,0.0,0.0,0.0
10.0,5.75863793189659,0.003805302135755,0.0038053021274639,0.999992759807874,0.9999927598078732,49.413697350194425,0.0,49.97443203487793,0.0,45.59504566996414,0.0,45.30205704318724,0.0,0.0,0.0,0.0,0.0,0.0,0.0
10.0,5.75888794439722,0.0038053491504047,0.0038053491421132,0.999992759628966,0.999992759628966,49.41369806321458,0.0,49.97443168007538,0.0,45.59504566574362,0.0,45.302056968375815,0.0,0.0,0.0,0.0,0.0,0.0,0.0
10.0,5.759137956897841,0.0038053961664593,0.0038053961581673,0.999992759450051,0.999992759450051,49.41369879686269,0.0,49.97443132525813,0.0,45.59504566152292,0.0,45.30205689356121,0.0,0.0,0.0,0.0,0.0,0.0,0.0
10.0,5.75938796939847,0.0038054431839185,0.0038054431756261,0.9999927592711292,0.999992759271128,49.41369955202778,0.0,49.974430970426205,0.0,45.595045657302016,0.0,45.30205681874342,0.0,0.0,0.0,0.0,0.0,0.0,0.0
10.0,5.7596379818991,0.0038054902027824,0.0038054901944896,0.999992759092198,0.999992759092198,49.41370032965071,0.0,49.97443061557959,0.0,45.59504565308094,0.0,45.30205674392245,0.0,0.0,0.0,0.0,0.0,0.0,0.0
10.0,5.75988799439972,0.003805537223051,0.0038055372147578,0.999992758913261,0.99999275891326,49.41370113072799,0.0,49.97443026071829,0.0,45.59504564885967,0.0,45.3020566690983,0.0,0.0,0.0,0.0,0.0,0.0,0.0
10.0,5.76013800690034,0.0038055842447241,0.0038055842364305,0.999992758734315,0.999992758734315,49.41370195631597,0.0,49.97442990584232,0.0,45.59504564463822,0.0,45.302056594270965,0.0,0.0,0.0,0.0,0.0,0.0,0.0
10.0,5.76038801940097,0.0038056312678018,0.0038056312595077,0.999992758555363,0.9999927585553618,49.41370280753542,0.0,49.97442955095164,0.0,45.59504564041658,0.0,45.302056519440455,0.0,0.0,0.0,0.0,0.0,0.0,0.0
10.0,5.7606380319016,0.0038056782922839,0.0038056782839894,0.999992758376402,0.999992758376401,49.41370368557647,0.0,49.97442919604628,0.0,45.59504563619476,0.0,45.30205644460677,0.0,0.0,0.0,0.0,0.0,0.0,0.0
10.0,5.76088804440222,0.0038057253181704,0.0038057253098755,0.9999927581974342,0.9999927581974332,49.4137045917041,0.0,49.97442884112623,0.0,45.59504563197275,0.0,45.30205636976989,0.0,0.0,0.0,0.0,0.0,0.0,0.0
10.0,5.76113805690284,0.0038057723454612,0.0038057723371659,0.999992758018458,0.999992758018458,49.4137055272641,0.0,49.9744284861915,0.0,45.59504562775056,0.0,45.30205629492984,0.0,0.0,0.0,0.0,0.0,0.0,0.0
10.0,5.76138806940347,0.0038058193741563,0.0038058193658606,0.9999927578394752,0.999992757839475,49.41370649368963,0.0,49.974428131242085,0.0,45.59504562352818,0.0,45.30205622008662,0.0,0.0,0.0,0.0,0.0,0.0,0.0
10.0,5.76163808190409,0.0038058664042555,0.0038058663959595,0.999992757660485,0.999992757660484,49.41370749250844,0.0,49.974427776277984,0.0,45.595045619305616,0.0,45.3020561452402,0.0,0.0,0.0,0.0,0.0,0.0,0.0
10.0,5.76188809440472,0.003805913435759,0.0038059134274625,0.999992757481486,0.999992757481486,49.41370852535078,0.0,49.9744274212992,0.0,45.59504561508286,0.0,45.30205607039061,0.0,0.0,0.0,0.0,0.0,0.0,0.0
10.0,5.76213810690535,0.0038059604686665,0.0038059604603697,0.999992757302481,0.99999275730248,49.41370959395816,0.0,49.97442706630572,0.0,45.59504561085993,0.0,45.30205599553784,0.0,0.0,0.0,0.0,0.0,0.0,0.0
10.0,5.762388119405969,0.0038060075029781,0.0038060074946808,0.999992757123467,0.999992757123467,49.41371070019301,0.0,49.97442671129756,0.0,45.5950456066368,0.0,45.30205592068188,0.0,0.0,0.0,0.0,0.0,0.0,0.0
10.0,5.76263813190659,0.0038060545386936,0.003806054530396,0.999992756944446,0.999992756944446,49.41371184604934,0.0,49.97442635627471,0.0,45.59504560241351,0.0,45.30205584582275,0.0,0.0,0.0,0.0,0.0,0.0,0.0
10.0,5.76288814440722,0.0038061015758131,0.0038061015675151,0.999992756765418,0.999992756765417,49.4137130336646,0.0,49.97442600123719,0.0,45.595045598190005,0.0,45.30205577096043,0.0,0.0,0.0,0.0,0.0,0.0,0.0
10.0,5.76313815690785,0.0038061486143364,0.003806148606038,0.999992756586382,0.9999927565863812,49.41371426533277,0.0,49.97442564618497,0.0,45.59504559396633,0.0,45.30205569609493,0.0,0.0,0.0,0.0,0.0,0.0,0.0
10.0,5.76338816940847,0.0038061956542635,0.0038061956459647,0.999992756407338,0.999992756407338,49.41371554351901,0.0,49.97442529111807,0.0,45.59504558974247,0.0,45.30205562122626,0.0,0.0,0.0,0.0,0.0,0.0,0.0
10.0,5.7636381819091,0.0038062426955943,0.0038062426872952,0.9999927562282872,0.999992756228286,49.413716870875895,0.0,49.974424936036485,0.0,45.59504558551841,0.0,45.3020555463544,0.0,0.0,0.0,0.0,0.0,0.0,0.0
10.0,5.76388819440972,0.0038062897383289,0.0038062897300293,0.999992756049228,0.999992756049228,49.41371825026157,0.0,49.974424580940216,0.0,45.59504558129418,0.0,45.30205547147937,0.0,0.0,0.0,0.0,0.0,0.0,0.0
10.0,5.76413820691034,0.003806336782467,0.0038063367741671,0.999992755870162,0.999992755870162,49.41371968476008,0.0,49.97442422582925,0.0,45.59504557706976,0.0,45.30205539660116,0.0,0.0,0.0,0.0,0.0,0.0,0.0
10.0,5.76438821941097,0.0038063838280087,0.0038063838197085,0.999992755691089,0.999992755691088,49.41372117770409,0.0,49.97442387070361,0.0,45.59504557284516,0.0,45.30205532171976,0.0,0.0,0.0,0.0,0.0,0.0,0.0
10.0,5.7646382319116,0.0038064308749539,0.0038064308666533,0.9999927555120072,0.9999927555120072,49.41372273270053,0.0,49.97442351556329,0.0,45.59504556862037,0.0,45.30205524683517,0.0,0.0,0.0,0.0,0.0,0.0,0.0
10.0,5.76488824441222,0.0038064779233025,0.0038064779150016,0.999992755332918,0.999992755332918,49.41372435365934,0.0,49.97442316040827,0.0,45.59504556439538,0.0,45.30205517194742,0.0,0.0,0.0,0.0,0.0,0.0,0.0
10.0,5.76513825691285,0.0038065249730546,0.0038065249647532,0.999992755153822,0.9999927551538208,49.41372604482599,0.0,49.974422805238575,0.0,45.59504556017023,0.0,45.30205509705648,0.0,0.0,0.0,0.0,0.0,0.0,0.0
10.0,5.76538826941347,0.0038065720242099,0.0038065720159082,0.999992754974718,0.999992754974717,49.413727810818266,0.0,49.9744224500542,0.0,45.59504555594487,0.0,45.30205502216237,0.0,0.0,0.0,0.0,0.0,0.0,0.0
10.0,5.76563828191409,0.0038066190767685,0.0038066190684665,0.999992754795606,0.999992754795606,49.41372965666799,0.0,49.97442209485513,0.0,45.59504555171935,0.0,45.30205494726506,0.0,0.0,0.0,0.0,0.0,0.0,0.0
10.0,5.76588829441472,0.0038066661307303,0.003806666122428,0.999992754616487,0.999992754616486,49.41373158786848,0.0,49.974421739641386,0.0,45.595045547493626,0.0,45.302054872364586,0.0,0.0,0.0,0.0,0.0,0.0,0.0
10.0,5.76613830691535,0.0038067131860953,0.0038067131777926,0.999992754437361,0.99999275443736,49.41373361042874,0.0,49.97442138441295,0.0,45.59504554326772,0.0,45.302054797460926,0.0,0.0,0.0,0.0,0.0,0.0,0.0
10.0,5.76638831941597,0.0038067602428633,0.0038067602345603,0.999992754258226,0.999992754258226,49.41373573093538,0.0,49.97442102916983,0.0,45.59504553904164,0.0,45.30205472255408,0.0,0.0,0.0,0.0,0.0,0.0,0.0
10.0,5.7666383319166,0.0038068073010344,0.003806807292731,0.9999927540790838,0.999992754079084,49.41373795662373,0.0,49.97442067391203,0.0,45.59504553481536,0.0,45.302054647644056,0.0,0.0,0.0,0.0,0.0,0.0,0.0
10.0,5.76688834441722,0.0038068543606085,0.0038068543523047,0.999992753899935,0.999992753899934,49.413740295459775,0.0,49.974420318639545,0.0,45.5950455305889,0.0,45.30205457273087,0.0,0.0,0.0,0.0,0.0,0.0,0.0
10.0,5.767138356917851,0.0038069014215854,0.0038069014132813,0.999992753720778,0.999992753720777,49.41374275623469,0.0,49.974419963352375,0.0,45.59504552636225,0.0,45.30205449781448,0.0,0.0,0.0,0.0,0.0,0.0,0.0
10.0,5.76738836941847,0.0038069484839652,0.0038069484756608,0.999992753541614,0.999992753541613,49.413745348674624,0.0,49.974419608050525,0.0,45.595045522135415,0.0,45.30205442289492,0.0,0.0,0.0,0.0,0.0,0.0,0.0
10.0,5.7676383819191,0.0038069955477478,0.003806995539443,0.999992753362442,0.999992753362441,49.41374808356831,0.0,49.97441925273398,0.0,45.5950455179084,0.0,45.302054347972174,0.0,0.0,0.0,0.0,0.0,0.0,0.0
10.0,5.76788839441972,0.0038070426129331,0.003807042604628,0.999992753183262,0.999992753183262,49.41375097291631,0.0,49.97441889740277,0.0,45.5950455136812,0.0,45.30205427304625,0.0,0.0,0.0,0.0,0.0,0.0,0.0
10.0,5.76813840692034,0.0038070896795211,0.0038070896712157,0.999992753004075,0.999992753004074,49.413754030106055,0.0,49.97441854205685,0.0,45.59504550945381,0.0,45.30205419811716,0.0,0.0,0.0,0.0,0.0,0.0,0.0
10.0,5.76838841942097,0.0038071367475117,0.003807136739206,0.99999275282488,0.99999275282488,49.41375727011811,0.0,49.97441818669627,0.0,45.59504550522623,0.0,45.30205412318488,0.0,0.0,0.0,0.0,0.0,0.0,0.0
10.0,5.7686384319216,0.0038071838169049,0.0038071838085988,0.999992752645678,0.999992752645678,49.413760709770514,0.0,49.97441783132099,0.0,45.59504550099848,0.0,45.30205404824941,0.0,0.0,0.0,0.0,0.0,0.0,0.0
10.0,5.76888844442222,0.0038072308877005,0.0038072308793941,0.999992752466468,0.999992752466468,49.41376436800933,0.0,49.97441747593104,0.0,45.59504549677053,0.0,45.30205397331077,0.0,0.0,0.0,0.0,0.0,0.0,0.0
10.0,5.76913845692285,0.0038072779598986,0.0038072779515919,0.999992752287251,0.99999275228725,49.41376826625628,0.0,49.9744171205264,0.0,45.5950454925424,0.0,45.30205389836895,0.0,0.0,0.0,0.0,0.0,0.0,0.0
10.0,5.76938846942347,0.0038073250334991,0.0038073250251921,0.999992752108026,0.999992752108025,49.413772428826704,0.0,49.97441676510708,0.0,45.595045488314085,0.0,45.30205382342394,0.0,0.0,0.0,0.0,0.0,0.0,0.0
10.0,5.7696384819241,0.0038073721085018,0.0038073721001945,0.999992751928794,0.999992751928793,49.41377688343529,0.0,49.97441640967308,0.0,45.59504548408558,0.0,45.30205374847576,0.0,0.0,0.0,0.0,0.0,0.0,0.0
10.0,5.76988849442472,0.0038074191849069,0.0038074191765993,0.999992751749554,0.9999927517495528,49.4137816618116,0.0,49.97441605422439,0.0,45.59504547985689,0.0,45.3020536735244,0.0,0.0,0.0,0.0,0.0,0.0,0.0
10.0,5.77013850692535,0.0038074662627141,0.0038074662544062,0.999992751570306,0.999992751570306,49.41378680045434,0.0,49.97441569876101,0.0,45.59504547562803,0.0,45.30205359856985,0.0,0.0,0.0,0.0,0.0,0.0,0.0
10.0,5.77038851942597,0.0038075133419235,0.0038075133336153,0.9999927513910508,0.99999275139105,49.41379234156254,0.0,49.97441534328296,0.0,45.59504547139897,0.0,45.30205352361212,0.0,0.0,0.0,0.0,0.0,0.0,0.0
10.0,5.7706385319266,0.0038075604225349,0.0038075604142264,0.999992751211788,0.999992751211788,49.41379833419345,0.0,49.97441498779023,0.0,45.595045467169726,0.0,45.30205344865122,0.0,0.0,0.0,0.0,0.0,0.0,0.0
10.0,5.77088854442722,0.0038076075045484,0.0038076074962396,0.999992751032518,0.999992751032518,49.41380483571489,0.0,49.97441463228281,0.0,45.59504546294029,0.0,45.30205337368714,0.0,0.0,0.0,0.0,0.0,0.0,0.0
10.0,5.77113855692785,0.0038076545879638,0.0038076545796547,0.99999275085324,0.99999275085324,49.41381191364286,0.0,49.97441427676071,0.0,45.59504545871068,0.0,45.30205329871987,0.0,0.0,0.0,0.0,0.0,0.0,0.0
10.0,5.77138856942847,0.0038077016727811,0.0038077016644718,0.999992750673955,0.999992750673955,49.413819647989385,0.0,49.974413921223935,0.0,45.59504545448088,0.0,45.30205322374943,0.0,0.0,0.0,0.0,0.0,0.0,0.0
10.0,5.7716385819291,0.0038077487590003,0.0038077487506906,0.999992750494662,0.999992750494662,49.41382813429367,0.0,49.974413565672464,0.0,45.59504545025089,0.0,45.3020531487758,0.0,0.0,0.0,0.0,0.0,0.0,0.0
10.0,5.77188859442972,0.0038077958466213,0.0038077958383113,0.999992750315362,0.999992750315361,49.413837487580814,0.0,49.97441321010631,0.0,45.59504544602073,0.0,45.302053073798994,0.0,0.0,0.0,0.0,0.0,0.0,0.0
10.0,5.77213860693035,0.003807842935644,0.0038078429273337,0.999992750136054,0.999992750136053,49.41384784759645,0.0,49.97441285452548,0.0,45.59504544179037,0.0,45.302052998819015,0.0,0.0,0.0,0.0,0.0,0.0,0.0
10.0,5.77238861943097,0.0038078900260683,0.0038078900177578,0.999992749956738,0.999992749956738,49.413859385824914,0.0,49.97441249892998,0.0,45.59504543755983,0.0,45.302052923835845,0.0,0.0,0.0,0.0,0.0,0.0,0.0
10.0,5.772638631931601,0.0038079371178943,0.0038079371095835,0.999992749777415,0.999992749777415,49.41387231504207,0.0,49.97441214331978,0.0,45.5950454333291,0.0,45.3020528488495,0.0,0.0,0.0,0.0,0.0,0.0,0.0
10.0,5.77288864443222,0.0038079842111218,0.0038079842028107,0.999992749598085,0.999992749598084,49.41388690253968,0.0,49.974411787694905,0.0,45.595045429098185,0.0,45.30205277385998,0.0,0.0,0.0,0.0,0.0,0.0,0.0
10.0,5.77313865693285,0.0038080313057508,0.0038080312974394,0.999992749418746,0.999992749418746,49.41390348877973,0.0,49.97441143205535,0.0,45.595045424867095,0.0,45.30205269886727,0.0,0.0,0.0,0.0,0.0,0.0,0.0
10.0,5.77338866943347,0.0038080784017812,0.0038080783934696,0.999992749239401,0.9999927492394,49.41392251427156,0.0,49.97441107640111,0.0,45.595045420635806,0.0,45.30205262387138,0.0,0.0,0.0,0.0,0.0,0.0,0.0
10.0,5.7736386819341,0.003808125499213,0.0038081254909011,0.999992749060047,0.999992749060047,49.41394455923522,0.0,49.97441072073219,0.0,45.59504541640433,0.0,45.30205254887232,0.0,0.0,0.0,0.0,0.0,0.0,0.0
10.0,5.77388869443472,0.0038081725980461,0.0038081725897339,0.999992748880686,0.999992748880686,49.41397040375922,0.0,49.97441036504859,0.0,45.59504541217268,0.0,45.30205247387006,0.0,0.0,0.0,0.0,0.0,0.0,0.0
10.0,5.77413870693535,0.0038082196982804,0.003808219689968,0.999992748701318,0.9999927487013168,49.414001121971154,0.0,49.97441000935029,0.0,45.595045407940844,0.0,45.30205239886464,0.0,0.0,0.0,0.0,0.0,0.0,0.0
10.0,5.77438871943597,0.003808266799916,0.0038082667916033,0.999992748521942,0.999992748521941,49.41403823499114,0.0,49.97440965363734,0.0,45.595045403708816,0.0,45.30205232385603,0.0,0.0,0.0,0.0,0.0,0.0,0.0
10.0,5.7746387319366,0.0038083139029526,0.0038083138946397,0.999992748342558,0.999992748342558,49.41408397044801,0.0,49.97440929790969,0.0,45.59504539947661,0.0,45.30205224884424,0.0,0.0,0.0,0.0,0.0,0.0,0.0
10.0,5.774888744437221,0.0038083610073904,0.0038083609990772,0.999992748163168,0.999992748163167,49.41414172655247,0.0,49.974408942167365,0.0,45.595045395244206,0.0,45.30205217382928,0.0,0.0,0.0,0.0,0.0,0.0,0.0
10.0,5.77513875693785,0.0038084081132291,0.0038084081049157,0.9999927479837688,0.999992747983768,49.4142169572868,0.0,49.97440858641035,0.0,45.59504539101163,0.0,45.30205209881113,0.0,0.0,0.0,0.0,0.0,0.0,0.0
10.0,5.77538876943847,0.0038084552204689,0.0038084552121552,0.9999927478043632,0.999992747804362,49.41431900397761,0.0,49.97440823063866,0.0,45.59504538677886,0.0,45.30205202378981,0.0,0.0,0.0,0.0,0.0,0.0,0.0
10.0,5.7756387819391,0.0038085023291095,0.0038085023207956,0.999992747624949,0.999992747624948,49.41446530963998,0.0,49.9744078748523,0.0,45.59504538254591,0.0,45.3020519487653,0.0,0.0,0.0,0.0,0.0,0.0,0.0
10.0,5.77588879443972,0.0038085494391509,0.0038085494308368,0.999992747445528,0.999992747445527,49.41469263381719,0.0,49.97440751905124,0.0,45.59504537831277,0.0,45.30205187373761,0.0,0.0,0.0,0.0,0.0,0.0,0.0
10.0,5.77613880694035,0.0038085965505932,0.0038085965422788,0.999992747266099,0.999992747266098,49.415094028532096,0.0,49.97440716323551,0.0,45.59504537407944,0.0,45.30205179870675,0.0,0.0,0.0,0.0,0.0,0.0,0.0
10.0,5.77638881944097,0.0038086436634361,0.0038086436551215,0.999992747086662,0.999992747086662,49.4159934384879,0.0,49.974406807405096,0.0,45.59504536984594,0.0,45.302051723672704,0.0,0.0,0.0,0.0,0.0,0.0,0.0
10.0,5.7766388319416,0.0038086907776797,0.0038086907693649,0.999992746907218,0.999992746907218,49.41983195783274,0.0,49.97440645156001,0.0,45.59504536561224,0.0,45.30205164863547,0.0,0.0,0.0,0.0,0.0,0.0,0.0
10.0,5.77688884444222,0.0038087378933239,0.0038087378850088,0.9999927467277668,0.999992746727766,49.40388220756445,0.0,49.97440609570023,0.0,45.595045361378354,0.0,45.302051573595065,0.0,0.0,0.0,0.0,0.0,0.0,0.0
10.0,5.77713885694285,0.0038087850103687,0.0038087850020534,0.999992746548308,0.999992746548307,49.41091543624858,0.0,49.97440573982578,0.0,45.59504535714429,0.0,45.30205149855148,0.0,0.0,0.0,0.0,0.0,0.0,0.0
10.0,5.77738886944347,0.0038088321288139,0.0038088321204984,0.9999927463688412,0.99999274636884,49.41205807862641,0.0,49.97440538393664,0.0,45.59504535291004,0.0,45.30205142350471,0.0,0.0,0.0,0.0,0.0,0.0,0.0
10.0,5.7776388819441,0.0038088792486595,0.0038088792403438,0.9999927461893668,0.999992746189366,49.412526180839365,0.0,49.97440502803283,0.0,45.5950453486756,0.0,45.30205134845476,0.0,0.0,0.0,0.0,0.0,0.0,0.0
10.0,5.77788889444472,0.0038089263699056,0.0038089263615896,0.999992746009885,0.999992746009885,49.41278091851448,0.0,49.97440467211433,0.0,45.59504534444098,0.0,45.30205127340164,0.0,0.0,0.0,0.0,0.0,0.0,0.0
10.0,5.778138906945349,0.0038089734925519,0.0038089734842357,0.999992745830396,0.999992745830395,49.41294109237344,0.0,49.97440431618116,0.0,45.59504534020617,0.0,45.30205119834533,0.0,0.0,0.0,0.0,0.0,0.0,0.0
10.0,5.77838891944597,0.0038090206165984,0.003809020608282,0.999992745650899,0.999992745650898,49.41305111274724,0.0,49.97440396023331,0.0,45.59504533597119,0.0,45.30205112328585,0.0,0.0,0.0,0.0,0.0,0.0,0.0
10.0,5.7786389319466,0.0038090677420452,0.0038090677337286,0.999992745471395,0.999992745471394,49.41313134526314,0.0,49.974403604270776,0.0,45.595045331736,0.0,45.30205104822318,0.0,0.0,0.0,0.0,0.0,0.0,0.0
10.0,5.77888894444722,0.0038091148688921,0.0038091148605752,0.999992745291883,0.999992745291882,49.41319244371112,0.0,49.97440324829356,0.0,45.59504532750064,0.0,45.30205097315733,0.0,0.0,0.0,0.0,0.0,0.0,0.0
10.0,5.77913895694785,0.003809161997139,0.003809161988822,0.999992745112363,0.9999927451123632,49.41324052253956,0.0,49.97440289230166,0.0,45.59504532326509,0.0,45.302050898088304,0.0,0.0,0.0,0.0,0.0,0.0,0.0
10.0,5.77938896944847,0.003809209126786,0.0038092091184687,0.999992744932836,0.999992744932836,49.41327934176039,0.0,49.97440253629509,0.0,45.59504531902935,0.0,45.302050823016096,0.0,0.0,0.0,0.0,0.0,0.0,0.0
10.0,5.7796389819491,0.0038092562578329,0.0038092562495154,0.999992744753302,0.999992744753301,49.413311340688296,0.0,49.97440218027384,0.0,45.59504531479344,0.0,45.30205074794071,0.0,0.0,0.0,0.0,0.0,0.0,0.0
10.0,5.77988899444972,0.0038093033902797,0.003809303381962,0.999992744573759,0.999992744573759,49.41333817099756,0.0,49.97440182423791,0.0,45.59504531055733,0.0,45.302050672862144,0.0,0.0,0.0,0.0,0.0,0.0,0.0
10.0,5.78013900695035,0.0038093505241263,0.0038093505158085,0.99999274439421,0.999992744394209,49.413360990881976,0.0,49.974401468187295,0.0,45.59504530632103,0.0,45.3020505977804,0.0,0.0,0.0,0.0,0.0,0.0,0.0
10.0,5.780389019450969,0.0038093976593727,0.0038093976510547,0.999992744214652,0.999992744214652,49.41338063654564,0.0,49.974401112122,0.0,45.59504530208456,0.0,45.30205052269547,0.0,0.0,0.0,0.0,0.0,0.0,0.0
10.0,5.7806390319516,0.0038094447960188,0.0038094447877006,0.999992744035088,0.999992744035087,49.41339772682685,0.0,49.97440075604203,0.0,45.5950452978479,0.0,45.30205044760736,0.0,0.0,0.0,0.0,0.0,0.0,0.0
10.0,5.78088904445222,0.0038094919340646,0.0038094919257462,0.999992743855515,0.9999927438555152,49.41341272951682,0.0,49.974400399947385,0.0,45.59504529361105,0.0,45.30205037251607,0.0,0.0,0.0,0.0,0.0,0.0,0.0
10.0,5.78113905695285,0.0038095390735099,0.0038095390651913,0.999992743675935,0.999992743675934,49.41342600479413,0.0,49.97440004383806,0.0,45.59504528937402,0.0,45.30205029742161,0.0,0.0,0.0,0.0,0.0,0.0,0.0
10.0,5.78138906945347,0.0038095862143548,0.003809586206036,0.999992743496348,0.9999927434963471,49.41343783448641,0.0,49.97439968771405,0.0,45.5950452851368,0.0,45.30205022232396,0.0,0.0,0.0,0.0,0.0,0.0,0.0
10.0,5.7816390819541,0.0038096333565992,0.0038096333482802,0.999992743316753,0.999992743316752,49.41344844227637,0.0,49.97439933157537,0.0,45.59504528089938,0.0,45.30205014722314,0.0,0.0,0.0,0.0,0.0,0.0,0.0
10.0,5.78188909445472,0.003809680500243,0.0038096804919238,0.99999274313715,0.999992743137149,49.4134580079615,0.0,49.974398975422005,0.0,45.59504527666181,0.0,45.30205007211913,0.0,0.0,0.0,0.0,0.0,0.0,0.0
10.0,5.78213910695535,0.0038097276452861,0.0038097276369668,0.99999274295754,0.999992742957539,49.41346667771337,0.0,49.97439861925396,0.0,45.59504527242403,0.0,45.30204999701194,0.0,0.0,0.0,0.0,0.0,0.0,0.0
10.0,5.78238911945597,0.0038097747917286,0.0038097747834091,0.999992742777922,0.999992742777922,49.413474571587415,0.0,49.97439826307124,0.0,45.59504526818608,0.0,45.30204992190159,0.0,0.0,0.0,0.0,0.0,0.0,0.0
10.0,5.7826391319566,0.0038098219395703,0.0038098219312506,0.9999927425982972,0.9999927425982972,49.41348178910624,0.0,49.97439790687385,0.0,45.59504526394792,0.0,45.30204984678804,0.0,0.0,0.0,0.0,0.0,0.0,0.0
10.0,5.78288914445722,0.0038098690888112,0.0038098690804913,0.999992742418664,0.999992742418664,49.41348841346922,0.0,49.97439755066177,0.0,45.59504525970959,0.0,45.302049771671314,0.0,0.0,0.0,0.0,0.0,0.0,0.0
10.0,5.78313915695785,0.0038099162394511,0.0038099162311311,0.999992742239024,0.999992742239023,49.4134945147672,0.0,49.97439719443501,0.0,45.59504525547108,0.0,45.30204969655141,0.0,0.0,0.0,0.0,0.0,0.0,0.0
10.0,5.78338916945847,0.0038099633914902,0.00380996338317,0.999992742059376,0.999992742059375,49.41350015246642,0.0,49.97439683819358,0.0,45.59504525123238,0.0,45.30204962142832,0.0,0.0,0.0,0.0,0.0,0.0,0.0
10.0,5.7836391819591,0.0038100105449282,0.0038100105366079,0.999992741879721,0.99999274187972,49.41350537734806,0.0,49.97439648193747,0.0,45.595045246993486,0.0,45.30204954630205,0.0,0.0,0.0,0.0,0.0,0.0,0.0
10.0,5.78388919445972,0.0038100576997652,0.0038100576914448,0.999992741700058,0.999992741700057,49.413510233038,0.0,49.97439612566668,0.0,45.595045242754416,0.0,45.30204947117261,0.0,0.0,0.0,0.0,0.0,0.0,0.0
10.0,5.78413920696035,0.0038101048560011,0.0038101048476805,0.9999927415203868,0.999992741520386,49.413514757224206,0.0,49.97439576938121,0.0,45.59504523851516,0.0,45.30204939603998,0.0,0.0,0.0,0.0,0.0,0.0,0.0
10.0,5.78438921946097,0.0038101520136358,0.003810152005315,0.999992741340709,0.999992741340708,49.41351898263371,0.0,49.97439541308107,0.0,45.59504523427572,0.0,45.30204932090418,0.0,0.0,0.0,0.0,0.0,0.0,0.0
10.0,5.7846392319616,0.0038101991726693,0.0038101991643484,0.9999927411610232,0.999992741161022,49.413522937822925,0.0,49.97439505676624,0.0,45.595045230036085,0.0,45.3020492457652,0.0,0.0,0.0,0.0,0.0,0.0,0.0
10.0,5.78488924446222,0.0038102463331015,0.0038102463247804,0.99999274098133,0.999992740981329,49.41352664782144,0.0,49.97439470043675,0.0,45.59504522579627,0.0,45.30204917062303,0.0,0.0,0.0,0.0,0.0,0.0,0.0
10.0,5.78513925696285,0.0038102934949323,0.0038102934866111,0.999992740801629,0.9999927408016288,49.41353013466024,0.0,49.974394344092566,0.0,45.59504522155627,0.0,45.30204909547769,0.0,0.0,0.0,0.0,0.0,0.0,0.0
10.0,5.78538926946347,0.0038103406581618,0.0038103406498404,0.999992740621921,0.99999274062192,49.41353341780765,0.0,49.974393987733706,0.0,45.59504521731609,0.0,45.30204902032917,0.0,0.0,0.0,0.0,0.0,0.0,0.0
10.0,5.7856392819641,0.0038103878227897,0.0038103878144682,0.999992740442205,0.999992740442204,49.41353651453143,0.0,49.97439363136018,0.0,45.595045213075714,0.0,45.30204894517747,0.0,0.0,0.0,0.0,0.0,0.0,0.0
10.0,5.785889294464719,0.0038104349888161,0.0038104349804945,0.999992740262482,0.999992740262481,49.413539440201184,0.0,49.974393274971966,0.0,45.59504520883515,0.0,45.30204887002259,0.0,0.0,0.0,0.0,0.0,0.0,0.0
10.0,5.78613930696535,0.003810482156241,0.0038104821479192,0.999992740082751,0.99999274008275,49.41354220854216,0.0,49.97439291856908,0.0,45.59504520459441,0.0,45.30204879486452,0.0,0.0,0.0,0.0,0.0,0.0,0.0
10.0,5.78638931946597,0.0038105293250642,0.0038105293167422,0.999992739903012,0.999992739903012,49.41354483184943,0.0,49.97439256215152,0.0,45.595045200353496,0.0,45.30204871970327,0.0,0.0,0.0,0.0,0.0,0.0,0.0
10.0,5.7866393319666,0.0038105764952856,0.0038105764869636,0.999992739723266,0.999992739723265,49.413547321169474,0.0,49.97439220571927,0.0,45.59504519611238,0.0,45.30204864453886,0.0,0.0,0.0,0.0,0.0,0.0,0.0
10.0,5.78688934446722,0.0038106236669054,0.0038106236585832,0.999992739543512,0.999992739543512,49.41354968645475,0.0,49.97439184927236,0.0,45.59504519187108,0.0,45.30204856937126,0.0,0.0,0.0,0.0,0.0,0.0,0.0
10.0,5.78713935696785,0.0038106708399233,0.0038106708316009,0.999992739363751,0.99999273936375,49.41355193669581,0.0,49.97439149281077,0.0,45.5950451876296,0.0,45.30204849420047,0.0,0.0,0.0,0.0,0.0,0.0,0.0
10.0,5.78738936946847,0.0038107180143393,0.0038107180060168,0.999992739183982,0.999992739183982,49.413554080034814,0.0,49.97439113633449,0.0,45.59504518338792,0.0,45.30204841902651,0.0,0.0,0.0,0.0,0.0,0.0,0.0
10.0,5.7876393819691,0.0038107651901533,0.0038107651818308,0.999992739004206,0.999992739004205,49.413556123863295,0.0,49.974390779843546,0.0,45.59504517914607,0.0,45.30204834384937,0.0,0.0,0.0,0.0,0.0,0.0,0.0
10.0,5.78788939446972,0.0038108123673654,0.0038108123590427,0.999992738824422,0.999992738824422,49.413558074906696,0.0,49.97439042333792,0.0,45.59504517490403,0.0,45.302048268669054,0.0,0.0,0.0,0.0,0.0,0.0,0.0
10.0,5.78813940697035,0.0038108595459754,0.0038108595376526,0.999992738644631,0.99999273864463,49.41355993929775,0.0,49.97439006681763,0.0,45.595045170661805,0.0,45.30204819348555,0.0,0.0,0.0,0.0,0.0,0.0,0.0
10.0,5.78838941947097,0.0038109067259833,0.0038109067176604,0.999992738464832,0.9999927384648308,49.41356172264035,0.0,49.97438971028264,0.0,45.5950451664194,0.0,45.30204811829887,0.0,0.0,0.0,0.0,0.0,0.0,0.0
10.0,5.7886394319716,0.003810953907389,0.003810953899066,0.999992738285025,0.999992738285025,49.4135634300654,0.0,49.97438935373299,0.0,45.5950451621768,0.0,45.30204804310901,0.0,0.0,0.0,0.0,0.0,0.0,0.0
10.0,5.78888944447222,0.0038110010901925,0.0038110010818693,0.999992738105211,0.9999927381052112,49.41356506627966,0.0,49.97438899716867,0.0,45.59504515793402,0.0,45.30204796791597,0.0,0.0,0.0,0.0,0.0,0.0,0.0
10.0,5.78913945697285,0.0038110482743936,0.0038110482660704,0.99999273792539,0.999992737925389,49.41356663560864,0.0,49.97438864058966,0.0,45.59504515369105,0.0,45.30204789271976,0.0,0.0,0.0,0.0,0.0,0.0,0.0
10.0,5.78938946947347,0.0038110954599924,0.0038110954516691,0.9999927377455607,0.99999273774556,49.41356814203451,0.0,49.97438828399597,0.0,45.5950451494479,0.0,45.30204781752036,0.0,0.0,0.0,0.0,0.0,0.0,0.0
10.0,5.7896394819741,0.0038111426469888,0.0038111426386654,0.999992737565724,0.9999927375657228,49.41356958922945,0.0,49.97438792738762,0.0,45.59504514520456,0.0,45.30204774231777,0.0,0.0,0.0,0.0,0.0,0.0,0.0
10.0,5.78988949447472,0.0038111898353828,0.0038111898270592,0.99999273738588,0.9999927373858788,49.41357098058528,0.0,49.97438757076458,0.0,45.59504514096104,0.0,45.302047667112014,0.0,0.0,0.0,0.0,0.0,0.0,0.0
10.0,5.79013950697535,0.0038112370251742,0.0038112370168505,0.999992737206028,0.999992737206027,49.41357231923968,0.0,49.97438721412688,0.0,45.59504513671733,0.0,45.30204759190308,0.0,0.0,0.0,0.0,0.0,0.0,0.0
10.0,5.79038951947597,0.0038112842163629,0.0038112842080392,0.999992737026168,0.999992737026168,49.413573608099554,0.0,49.97438685747449,0.0,45.59504513247344,0.0,45.30204751669096,0.0,0.0,0.0,0.0,0.0,0.0,0.0
10.0,5.790639531976601,0.0038113314089491,0.0038113314006253,0.999992736846301,0.999992736846301,49.41357484986189,0.0,49.97438650080744,0.0,45.59504512822936,0.0,45.30204744147567,0.0,0.0,0.0,0.0,0.0,0.0,0.0
10.0,5.79088954447722,0.0038113786029325,0.0038113785946086,0.999992736666427,0.999992736666426,49.41357604703238,0.0,49.9743861441257,0.0,45.595045123985095,0.0,45.30204736625719,0.0,0.0,0.0,0.0,0.0,0.0,0.0
10.0,5.79113955697785,0.0038114257983132,0.0038114257899892,0.999992736486545,0.999992736486544,49.41357720194202,0.0,49.97438578742929,0.0,45.59504511974064,0.0,45.302047291035535,0.0,0.0,0.0,0.0,0.0,0.0,0.0
10.0,5.79138956947847,0.003811472995091,0.003811472986767,0.9999927363066548,0.999992736306655,49.41357831676215,0.0,49.97438543071821,0.0,45.595045115496006,0.0,45.3020472158107,0.0,0.0,0.0,0.0,0.0,0.0,0.0
10.0,5.7916395819791,0.003811520193266,0.0038115201849418,0.999992736126758,0.999992736126757,49.41357939351785,0.0,49.97438507399245,0.0,45.59504511125119,0.0,45.30204714058269,0.0,0.0,0.0,0.0,0.0,0.0,0.0
10.0,5.79188959447972,0.003811567392838,0.0038115673845138,0.999992735946853,0.9999927359468532,49.41358043410008,0.0,49.974384717252015,0.0,45.59504510700618,0.0,45.302047065351495,0.0,0.0,0.0,0.0,0.0,0.0,0.0
10.0,5.79213960698035,0.003811614593807,0.0038116145854827,0.999992735766941,0.99999273576694,49.41358144027655,0.0,49.9743843604969,0.0,45.59504510276099,0.0,45.30204699011712,0.0,0.0,0.0,0.0,0.0,0.0,0.0
10.0,5.79238961948097,0.0038116617961729,0.0038116617878485,0.999992735587021,0.9999927355870208,49.41358241370167,0.0,49.97438400372711,0.0,45.59504509851561,0.0,45.30204691487956,0.0,0.0,0.0,0.0,0.0,0.0,0.0
10.0,5.7926396319816,0.0038117089999357,0.0038117089916113,0.999992735407094,0.999992735407093,49.41358335592543,0.0,49.97438364694265,0.0,45.59504509427005,0.0,45.30204683963883,0.0,0.0,0.0,0.0,0.0,0.0,0.0
10.0,5.79288964448222,0.0038117562050953,0.0038117561967708,0.999992735227159,0.999992735227158,49.413584268401536,0.0,49.97438329014352,0.0,45.5950450900243,0.0,45.30204676439491,0.0,0.0,0.0,0.0,0.0,0.0,0.0
10.0,5.79313965698285,0.0038118034116517,0.0038118034033271,0.999992735047217,0.999992735047216,49.413585152494754,0.0,49.97438293332971,0.0,45.59504508577837,0.0,45.30204668914782,0.0,0.0,0.0,0.0,0.0,0.0,0.0
10.0,5.79338966948347,0.0038118506196048,0.0038118506112801,0.9999927348672673,0.999992734867266,49.413586009487645,0.0,49.97438257650123,0.0,45.59504508153225,0.0,45.30204661389755,0.0,0.0,0.0,0.0,0.0,0.0,0.0
10.0,5.7936396819841,0.0038118978289545,0.0038118978206298,0.999992734687309,0.9999927346873088,49.41358684058663,0.0,49.97438221965807,0.0,45.595045077285945,0.0,45.3020465386441,0.0,0.0,0.0,0.0,0.0,0.0,0.0
10.0,5.79388969448472,0.0038119450397008,0.003811945031376,0.999992734507344,0.9999927345073432,49.413587646927546,0.0,49.97438186280023,0.0,45.59504507303945,0.0,45.30204646338747,0.0,0.0,0.0,0.0,0.0,0.0,0.0
10.0,5.79413970698535,0.0038119922518436,0.0038119922435188,0.999992734327371,0.999992734327371,49.41358842958079,0.0,49.97438150592773,0.0,45.59504506879279,0.0,45.30204638812766,0.0,0.0,0.0,0.0,0.0,0.0,0.0
10.0,5.79438971948597,0.0038120394653829,0.003812039457058,0.9999927341473912,0.99999273414739,49.41358918955589,0.0,49.97438114904054,0.0,45.59504506454592,0.0,45.30204631286467,0.0,0.0,0.0,0.0,0.0,0.0,0.0
10.0,5.7946397319866,0.0038120866803185,0.0038120866719936,0.999992733967403,0.999992733967403,49.41358992780585,0.0,49.97438079213869,0.0,45.59504506029887,0.0,45.30204623759849,0.0,0.0,0.0,0.0,0.0,0.0,0.0
10.0,5.79488974448722,0.0038121338966506,0.0038121338883256,0.999992733787408,0.999992733787407,49.41359064523097,0.0,49.97438043522215,0.0,45.59504505605164,0.0,45.30204616232915,0.0,0.0,0.0,0.0,0.0,0.0,0.0
10.0,5.79513975698785,0.0038121811143789,0.0038121811060539,0.999992733607405,0.999992733607404,49.41359134268251,0.0,49.97438007829096,0.0,45.59504505180422,0.0,45.30204608705662,0.0,0.0,0.0,0.0,0.0,0.0,0.0
10.0,5.79538976948847,0.0038122283335034,0.0038122283251784,0.999992733427395,0.999992733427394,49.413592020965936,0.0,49.97437972134508,0.0,45.59504504755662,0.0,45.30204601178091,0.0,0.0,0.0,0.0,0.0,0.0,0.0
10.0,5.7956397819891,0.0038122755540241,0.003812275545699,0.9999927332473768,0.999992733247376,49.41359268084401,0.0,49.974379364384525,0.0,45.59504504330884,0.0,45.302045936502026,0.0,0.0,0.0,0.0,0.0,0.0,0.0
10.0,5.79588979448972,0.0038123227759409,0.0038123227676158,0.999992733067351,0.99999273306735,49.41359332303952,0.0,49.9743790074093,0.0,45.595045039060864,0.0,45.30204586121995,0.0,0.0,0.0,0.0,0.0,0.0,0.0
10.0,5.796139806990351,0.0038123699992538,0.0038123699909286,0.999992732887318,0.9999927328873168,49.41359394823788,0.0,49.9743786504194,0.0,45.59504503481271,0.0,45.30204578593471,0.0,0.0,0.0,0.0,0.0,0.0,0.0
10.0,5.79638981949097,0.0038124172239626,0.0038124172156374,0.999992732707278,0.999992732707277,49.4135945570896,0.0,49.97437829341484,0.0,45.59504503056437,0.0,45.30204571064629,0.0,0.0,0.0,0.0,0.0,0.0,0.0
10.0,5.7966398319916,0.0038124644500674,0.0038124644417421,0.9999927325272288,0.999992732527229,49.41359515021233,0.0,49.97437793639559,0.0,45.59504502631583,0.0,45.30204563535467,0.0,0.0,0.0,0.0,0.0,0.0,0.0
10.0,5.79688984449222,0.003812511677568,0.0038125116692428,0.999992732347174,0.999992732347173,49.41359572819304,0.0,49.97437757936167,0.0,45.59504502206712,0.0,45.302045560059895,0.0,0.0,0.0,0.0,0.0,0.0,0.0
10.0,5.79713985699285,0.0038125589064645,0.0038125588981392,0.99999273216711,0.9999927321671092,49.41359629158983,0.0,49.97437722231307,0.0,45.595045017818215,0.0,45.30204548476193,0.0,0.0,0.0,0.0,0.0,0.0,0.0
10.0,5.79738986949348,0.0038126061367567,0.0038126061284314,0.9999927319870392,0.9999927319870392,49.41359684093371,0.0,49.97437686524982,0.0,45.595045013569134,0.0,45.30204540946079,0.0,0.0,0.0,0.0,0.0,0.0,0.0
10.0,5.7976398819941,0.0038126533684446,0.0038126533601193,0.999992731806961,0.99999273180696,49.41359737673022,0.0,49.97437650817188,0.0,45.59504500931987,0.0,45.30204533415646,0.0,0.0,0.0,0.0,0.0,0.0,0.0
10.0,5.79788989449472,0.0038127006015281,0.0038127005932028,0.999992731626875,0.999992731626874,49.413597899460925,0.0,49.97437615107927,0.0,45.5950450050704,0.0,45.30204525884896,0.0,0.0,0.0,0.0,0.0,0.0,0.0
10.0,5.79813990699535,0.0038127478360072,0.0038127478276819,0.999992731446782,0.999992731446781,49.413598409584864,0.0,49.97437579397199,0.0,45.59504500082077,0.0,45.30204518353828,0.0,0.0,0.0,0.0,0.0,0.0,0.0
10.0,5.798389919495971,0.0038127950718819,0.0038127950635565,0.99999273126668,0.99999273126668,49.41359890753977,0.0,49.97437543685003,0.0,45.59504499657094,0.0,45.30204510822442,0.0,0.0,0.0,0.0,0.0,0.0,0.0
10.0,5.7986399319966,0.0038128423091519,0.0038128423008265,0.999992731086572,0.999992731086571,49.41359939374338,0.0,49.97437507971341,0.0,45.59504499232093,0.0,45.30204503290737,0.0,0.0,0.0,0.0,0.0,0.0,0.0
10.0,5.79888994449722,0.0038128895478174,0.003812889539492,0.999992730906456,0.9999927309064552,49.41359986859453,0.0,49.9743747225621,0.0,45.59504498807073,0.0,45.30204495758716,0.0,0.0,0.0,0.0,0.0,0.0,0.0
10.0,5.79913995699785,0.0038129367878783,0.0038129367795528,0.999992730726332,0.999992730726332,49.413600332474175,0.0,49.97437436539612,0.0,45.59504498382035,0.0,45.30204488226376,0.0,0.0,0.0,0.0,0.0,0.0,0.0
10.0,5.79938996949847,0.0038129840293344,0.0038129840210089,0.9999927305462012,0.9999927305462,49.41360078574643,0.0,49.97437400821549,0.0,45.595044979569785,0.0,45.30204480693718,0.0,0.0,0.0,0.0,0.0,0.0,0.0
10.0,5.7996399819991,0.0038130312721857,0.0038130312638603,0.999992730366062,0.999992730366061,49.41360122875948,0.0,49.97437365102017,0.0,45.59504497531902,0.0,45.302044731607424,0.0,0.0,0.0,0.0,0.0,0.0,0.0
10.0,5.79988999449973,0.0038130785164322,0.0038130785081067,0.999992730185916,0.999992730185915,49.413601661846414,0.0,49.974373293810174,0.0,45.59504497106809,0.0,45.30204465627448,0.0,0.0,0.0,0.0,0.0,0.0,0.0
10.0,5.80014000700035,0.0038131257620738,0.0038131257537483,0.9999927300057622,0.999992730005761,49.41360208532608,0.0,49.97437293658552,0.0,45.59504496681696,0.0,45.302044580938365,0.0,0.0,0.0,0.0,0.0,0.0,0.0
10.0,5.80039001950097,0.0038131730091104,0.003813173000785,0.9999927298256,0.9999927298255998,49.41360249950379,0.0,49.97437257934617,0.0,45.59504496256565,0.0,45.30204450559907,0.0,0.0,0.0,0.0,0.0,0.0,0.0
10.0,5.8006400320016,0.003813220257542,0.0038132202492166,0.999992729645431,0.999992729645431,49.41360290467208,0.0,49.97437222209216,0.0,45.59504495831416,0.0,45.3020444302566,0.0,0.0,0.0,0.0,0.0,0.0,0.0
10.0,5.80089004450222,0.0038132675073686,0.0038132674990432,0.999992729465255,0.999992729465254,49.41360330111131,0.0,49.974371864823496,0.0,45.59504495406247,0.0,45.30204435491093,0.0,0.0,0.0,0.0,0.0,0.0,0.0
10.0,5.80114005700285,0.00381331475859,0.0038133147502646,0.999992729285071,0.99999272928507,49.413603689090365,0.0,49.97437150754014,0.0,45.59504494981061,0.0,45.3020442795621,0.0,0.0,0.0,0.0,0.0,0.0,0.0
10.0,5.80139006950348,0.0038133620112062,0.0038133620028808,0.999992729104879,0.999992729104878,49.41360406886716,0.0,49.97437115024213,0.0,45.59504494555856,0.0,45.3020442042101,0.0,0.0,0.0,0.0,0.0,0.0,0.0
10.0,5.801640082004099,0.0038134092652171,0.0038134092568918,0.99999272892468,0.999992728924679,49.413604440689255,0.0,49.97437079292943,0.0,45.59504494130632,0.0,45.3020441288549,0.0,0.0,0.0,0.0,0.0,0.0,0.0
10.0,5.80189009450472,0.0038134565206228,0.0038134565122975,0.999992728744473,0.999992728744472,49.41360480479435,0.0,49.97437043560208,0.0,45.5950449370539,0.0,45.30204405349652,0.0,0.0,0.0,0.0,0.0,0.0,0.0
10.0,5.80214010700535,0.0038135037774231,0.0038135037690978,0.999992728564259,0.999992728564258,49.41360516141074,0.0,49.97437007826003,0.0,45.595044932801294,0.0,45.30204397813498,0.0,0.0,0.0,0.0,0.0,0.0,0.0
10.0,5.80239011950598,0.003813551035618,0.0038135510272927,0.999992728384037,0.999992728384036,49.41360551075783,0.0,49.974369720903326,0.0,45.5950449285485,0.0,45.30204390277025,0.0,0.0,0.0,0.0,0.0,0.0,0.0
10.0,5.8026401320066,0.0038135982952073,0.0038135982868821,0.9999927282038072,0.9999927282038072,49.41360585304652,0.0,49.97436936353195,0.0,45.59504492429552,0.0,45.302043827402336,0.0,0.0,0.0,0.0,0.0,0.0,0.0
10.0,5.80289014450723,0.0038136455561911,0.0038136455478659,0.99999272802357,0.99999272802357,49.41360618847963,0.0,49.9743690061459,0.0,45.59504492004236,0.0,45.302043752031246,0.0,0.0,0.0,0.0,0.0,0.0,0.0
10.0,5.80314015700785,0.0038136928185694,0.0038136928102442,0.999992727843326,0.999992727843325,49.41360651725228,0.0,49.97436864874518,0.0,45.59504491578901,0.0,45.30204367665698,0.0,0.0,0.0,0.0,0.0,0.0,0.0
10.0,5.80339016950848,0.0038137400823419,0.0038137400740168,0.999992727663074,0.999992727663073,49.41360683955227,0.0,49.97436829132979,0.0,45.595044911535474,0.0,45.30204360127953,0.0,0.0,0.0,0.0,0.0,0.0,0.0
10.0,5.8036401820091,0.0038137873475088,0.0038137873391836,0.999992727482814,0.999992727482814,49.41360715556039,0.0,49.97436793389972,0.0,45.59504490728175,0.0,45.3020435258989,0.0,0.0,0.0,0.0,0.0,0.0,0.0
10.0,5.80389019450973,0.0038138346140698,0.0038138346057447,0.999992727302547,0.999992727302546,49.413607465450745,0.0,49.974367576455,0.0,45.595044903027855,0.0,45.3020434505151,0.0,0.0,0.0,0.0,0.0,0.0,0.0
10.0,5.80414020701035,0.003813881882025,0.0038138818737,0.999992727122272,0.999992727122272,49.41360776939111,0.0,49.97436721899559,0.0,45.59504489877376,0.0,45.30204337512811,0.0,0.0,0.0,0.0,0.0,0.0,0.0
10.0,5.80439021951097,0.0038139291513743,0.0038139291430493,0.99999272694199,0.999992726941989,49.41360806754314,0.0,49.97436686152152,0.0,45.595044894519496,0.0,45.302043299737946,0.0,0.0,0.0,0.0,0.0,0.0,0.0
10.0,5.8046402320116,0.0038139764221177,0.0038139764137927,0.9999927267617,0.999992726761699,49.413608360062725,0.0,49.97436650403277,0.0,45.59504489026502,0.0,45.30204322434461,0.0,0.0,0.0,0.0,0.0,0.0,0.0
10.0,5.80489024451223,0.003814023694255,0.0038140236859301,0.9999927265814028,0.999992726581402,49.41360864710018,0.0,49.97436614652936,0.0,45.59504488601038,0.0,45.30204314894808,0.0,0.0,0.0,0.0,0.0,0.0,0.0
10.0,5.80514025701285,0.0038140709677862,0.0038140709594614,0.999992726401098,0.9999927264010968,49.41360892880052,0.0,49.97436578901127,0.0,45.59504488175555,0.0,45.30204307354838,0.0,0.0,0.0,0.0,0.0,0.0,0.0
10.0,5.80539026951348,0.0038141182427113,0.0038141182343865,0.999992726220786,0.9999927262207848,49.41360920530371,0.0,49.97436543147852,0.0,45.59504487750053,0.0,45.302042998145495,0.0,0.0,0.0,0.0,0.0,0.0,0.0
10.0,5.8056402820141,0.0038141655190303,0.0038141655107055,0.999992726040466,0.9999927260404649,49.4136094767448,0.0,49.9743650739311,0.0,45.59504487324533,0.0,45.30204292273944,0.0,0.0,0.0,0.0,0.0,0.0,0.0
10.0,5.80589029451473,0.0038142127967429,0.0038142127884182,0.999992725860138,0.9999927258601368,49.41360974325431,0.0,49.974364716369,0.0,45.595044868989945,0.0,45.3020428473302,0.0,0.0,0.0,0.0,0.0,0.0,0.0
10.0,5.80614030701535,0.0038142600758493,0.0038142600675246,0.999992725679803,0.999992725679802,49.41361000495819,0.0,49.97436435879224,0.0,45.59504486473437,0.0,45.302042771917776,0.0,0.0,0.0,0.0,0.0,0.0,0.0
10.0,5.80639031951598,0.0038143073563492,0.0038143073480247,0.9999927254994598,0.9999927254994598,49.41361026197823,0.0,49.9743640012008,0.0,45.59504486047861,0.0,45.30204269650218,0.0,0.0,0.0,0.0,0.0,0.0,0.0
10.0,5.8066403320166,0.0038143546382428,0.0038143546299183,0.99999272531911,0.999992725319109,49.41361051443207,0.0,49.97436364359469,0.0,45.59504485622266,0.0,45.30204262108341,0.0,0.0,0.0,0.0,0.0,0.0,0.0
10.0,5.80689034451723,0.0038144019215298,0.0038144019132054,0.999992725138752,0.999992725138751,49.4136107624335,0.0,49.97436328597392,0.0,45.59504485196653,0.0,45.30204254566145,0.0,0.0,0.0,0.0,0.0,0.0,0.0
10.0,5.80714035701785,0.0038144492062103,0.0038144491978859,0.9999927249583868,0.999992724958386,49.41361100609252,0.0,49.97436292833847,0.0,45.59504484771021,0.0,45.30204247023632,0.0,0.0,0.0,0.0,0.0,0.0,0.0
10.0,5.80739036951848,0.0038144964922842,0.0038144964839599,0.999992724778014,0.999992724778013,49.41361124551554,0.0,49.97436257068835,0.0,45.59504484345373,0.0,45.302042394808,0.0,0.0,0.0,0.0,0.0,0.0,0.0
10.0,5.8076403820191,0.0038145437797515,0.0038145437714272,0.999992724597633,0.999992724597633,49.41361148080555,0.0,49.974362213023575,0.0,45.59504483919704,0.0,45.3020423193765,0.0,0.0,0.0,0.0,0.0,0.0,0.0
10.0,5.80789039451973,0.0038145910686119,0.0038145910602878,0.999992724417245,0.999992724417245,49.413611712062185,0.0,49.97436185534412,0.0,45.59504483494016,0.0,45.30204224394183,0.0,0.0,0.0,0.0,0.0,0.0,0.0
10.0,5.80814040702035,0.0038146383588657,0.0038146383505416,0.99999272423685,0.9999927242368488,49.41361193938193,0.0,49.97436149765001,0.0,45.59504483068312,0.0,45.30204216850398,0.0,0.0,0.0,0.0,0.0,0.0,0.0
10.0,5.80839041952098,0.0038146856505125,0.0038146856421885,0.999992724056447,0.999992724056446,49.413612162858215,0.0,49.974361139941216,0.0,45.59504482642587,0.0,45.30204209306295,0.0,0.0,0.0,0.0,0.0,0.0,0.0
10.0,5.8086404320216,0.0038147329435525,0.0038147329352285,0.999992723876036,0.999992723876036,49.413612382581526,0.0,49.97436078221775,0.0,45.59504482216844,0.0,45.30204201761874,0.0,0.0,0.0,0.0,0.0,0.0,0.0
10.0,5.80889044452223,0.0038147802379855,0.0038147802296616,0.999992723695618,0.999992723695617,49.41361259863953,0.0,49.97436042447963,0.0,45.59504481791083,0.0,45.30204194217134,0.0,0.0,0.0,0.0,0.0,0.0,0.0
10.0,5.80914045702285,0.0038148275338114,0.0038148275254877,0.999992723515192,0.999992723515192,49.4136128111172,0.0,49.97436006672682,0.0,45.59504481365303,0.0,45.30204186672079,0.0,0.0,0.0,0.0,0.0,0.0,0.0
10.0,5.80939046952348,0.0038148748310303,0.0038148748227067,0.999992723334759,0.999992723334758,49.41361302009688,0.0,49.97435970895936,0.0,45.59504480939504,0.0,45.30204179126704,0.0,0.0,0.0,0.0,0.0,0.0,0.0
10.0,5.8096404820241,0.0038149221296421,0.0038149221213185,0.999992723154318,0.999992723154317,49.4136132256584,0.0,49.97435935117723,0.0,45.59504480513689,0.0,45.30204171581011,0.0,0.0,0.0,0.0,0.0,0.0,0.0
10.0,5.80989049452473,0.0038149694296466,0.0038149694213232,0.99999272297387,0.9999927229738688,49.41361342787924,0.0,49.97435899338043,0.0,45.595044800878526,0.0,45.30204164035,0.0,0.0,0.0,0.0,0.0,0.0,0.0
10.0,5.81014050702535,0.0038150167310439,0.0038150167227205,0.999992722793414,0.999992722793413,49.41361362683448,0.0,49.97435863556895,0.0,45.59504479661999,0.0,45.30204156488672,0.0,0.0,0.0,0.0,0.0,0.0,0.0
10.0,5.81039051952598,0.0038150640338339,0.0038150640255106,0.99999272261295,0.99999272261295,49.413613822597,0.0,49.974358277742816,0.0,45.595044792361264,0.0,45.302041489420255,0.0,0.0,0.0,0.0,0.0,0.0,0.0
10.0,5.8106405320266,0.0038151113380165,0.0038151113296933,0.999992722432479,0.999992722432478,49.413614015237535,0.0,49.974357919902005,0.0,45.59504478810236,0.0,45.30204141395061,0.0,0.0,0.0,0.0,0.0,0.0,0.0
10.0,5.81089054452723,0.0038151586435917,0.0038151586352686,0.9999927222520008,0.999992722252,49.41361420482472,0.0,49.97435756204653,0.0,45.59504478384326,0.0,45.302041338477785,0.0,0.0,0.0,0.0,0.0,0.0,0.0
10.0,5.81114055702785,0.0038152059505593,0.0038152059422364,0.999992722071515,0.999992722071514,49.41361439142522,0.0,49.97435720417638,0.0,45.59504477958398,0.0,45.30204126300178,0.0,0.0,0.0,0.0,0.0,0.0,0.0
10.0,5.81139056952848,0.0038152532589195,0.0038152532505966,0.999992721891021,0.9999927218910198,49.41361457510374,0.0,49.97435684629157,0.0,45.59504477532452,0.0,45.302041187522605,0.0,0.0,0.0,0.0,0.0,0.0,0.0
10.0,5.8116405820291,0.003815300568672,0.0038153005603492,0.99999272171052,0.999992721710519,49.41361475592318,0.0,49.97435648839208,0.0,45.59504477106486,0.0,45.30204111204025,0.0,0.0,0.0,0.0,0.0,0.0,0.0
10.0,5.811890594529731,0.0038153478798168,0.0038153478714941,0.999992721530011,0.99999272153001,49.413614933944594,0.0,49.974356130477936,0.0,45.595044766805024,0.0,45.30204103655471,0.0,0.0,0.0,0.0,0.0,0.0,0.0
10.0,5.81214060703035,0.0038153951923539,0.0038153951840314,0.999992721349495,0.999992721349494,49.41361510922733,0.0,49.97435577254912,0.0,45.59504476254501,0.0,45.30204096106599,0.0,0.0,0.0,0.0,0.0,0.0,0.0
10.0,5.81239061953098,0.0038154425062832,0.0038154424979608,0.999992721168971,0.99999272116897,49.41361528182906,0.0,49.97435541460564,0.0,45.5950447582848,0.0,45.302040885574094,0.0,0.0,0.0,0.0,0.0,0.0,0.0
10.0,5.8126406320316,0.0038154898216047,0.0038154898132824,0.999992720988439,0.9999927209884382,49.41361545180588,0.0,49.97435505664748,0.0,45.59504475402441,0.0,45.30204081007903,0.0,0.0,0.0,0.0,0.0,0.0,0.0
10.0,5.81289064453223,0.0038155371383182,0.003815537129996,0.9999927208079,0.9999927208079,49.41361561921228,0.0,49.974354698674674,0.0,45.59504474976382,0.0,45.30204073458077,0.0,0.0,0.0,0.0,0.0,0.0,0.0
10.0,5.81314065703285,0.0038155844564238,0.0038155844481018,0.999992720627354,0.999992720627353,49.4136157841013,0.0,49.97435434068718,0.0,45.59504474550307,0.0,45.30204065907933,0.0,0.0,0.0,0.0,0.0,0.0,0.0
10.0,5.81339066953348,0.0038156317759214,0.0038156317675994,0.9999927204468,0.999992720446799,49.41361594652452,0.0,49.974353982685024,0.0,45.59504474124212,0.0,45.30204058357473,0.0,0.0,0.0,0.0,0.0,0.0,0.0
10.0,5.8136406820341,0.0038156790968109,0.003815679088489,0.999992720266238,0.999992720266237,49.41361610653207,0.0,49.97435362466821,0.0,45.59504473698098,0.0,45.30204050806693,0.0,0.0,0.0,0.0,0.0,0.0,0.0
10.0,5.81389069453473,0.0038157264190922,0.0038157264107705,0.999992720085669,0.999992720085668,49.4136162641728,0.0,49.97435326663672,0.0,45.59504473271966,0.0,45.30204043255596,0.0,0.0,0.0,0.0,0.0,0.0,0.0
10.0,5.814140707035351,0.0038157737427653,0.0038157737344438,0.999992719905092,0.999992719905091,49.41361641949421,0.0,49.97435290859056,0.0,45.59504472845816,0.0,45.30204035704182,0.0,0.0,0.0,0.0,0.0,0.0,0.0
10.0,5.81439071953598,0.0038158210678302,0.0038158210595088,0.999992719724508,0.999992719724507,49.413616572542544,0.0,49.97435255052974,0.0,45.59504472419648,0.0,45.30204028152448,0.0,0.0,0.0,0.0,0.0,0.0,0.0
10.0,5.8146407320366,0.0038158683942867,0.0038158683859655,0.999992719543916,0.9999927195439148,49.41361672336284,0.0,49.97435219245425,0.0,45.59504471993459,0.0,45.30204020600398,0.0,0.0,0.0,0.0,0.0,0.0,0.0
10.0,5.81489074453723,0.0038159157221349,0.0038159157138138,0.999992719363317,0.999992719363316,49.413616871998926,0.0,49.974351834364086,0.0,45.59504471567253,0.0,45.3020401304803,0.0,0.0,0.0,0.0,0.0,0.0,0.0
10.0,5.81514075703785,0.0038159630513746,0.0038159630430536,0.99999271918271,0.999992719182709,49.413617018493504,0.0,49.97435147625927,0.0,45.595044711410296,0.0,45.30204005495343,0.0,0.0,0.0,0.0,0.0,0.0,0.0
10.0,5.81539076953848,0.0038160103820059,0.003816010373685,0.999992719002095,0.999992719002094,49.41361716288818,0.0,49.974351118139786,0.0,45.595044707147856,0.0,45.30203997942339,0.0,0.0,0.0,0.0,0.0,0.0,0.0
10.0,5.8156407820391,0.0038160577140286,0.0038160577057078,0.999992718821473,0.999992718821472,49.41361730522346,0.0,49.97435076000563,0.0,45.59504470288524,0.0,45.30203990389017,0.0,0.0,0.0,0.0,0.0,0.0,0.0
10.0,5.815890794539729,0.0038161050474426,0.0038161050391221,0.999992718640844,0.999992718640843,49.41361744553884,0.0,49.9743504018568,0.0,45.59504469862244,0.0,45.30203982835377,0.0,0.0,0.0,0.0,0.0,0.0,0.0
10.0,5.81614080704035,0.003816152382248,0.0038161523739276,0.999992718460206,0.999992718460206,49.41361758387281,0.0,49.97435004369331,0.0,45.59504469435945,0.0,45.30203975281418,0.0,0.0,0.0,0.0,0.0,0.0,0.0
10.0,5.81639081954098,0.0038161997184446,0.0038161997101244,0.9999927182795622,0.9999927182795612,49.41361772026286,0.0,49.97434968551515,0.0,45.59504469009627,0.0,45.30203967727143,0.0,0.0,0.0,0.0,0.0,0.0,0.0
10.0,5.8166408320416,0.0038162470560325,0.0038162470477124,0.999992718098909,0.999992718098909,49.41361785474558,0.0,49.97434932732234,0.0,45.59504468583292,0.0,45.30203960172548,0.0,0.0,0.0,0.0,0.0,0.0,0.0
10.0,5.81689084454223,0.0038162943950115,0.0038162943866916,0.99999271791825,0.999992717918249,49.413617987356616,0.0,49.97434896911485,0.0,45.59504468156938,0.0,45.30203952617637,0.0,0.0,0.0,0.0,0.0,0.0,0.0
10.0,5.81714085704285,0.0038163417353816,0.0038163417270618,0.999992717737582,0.999992717737582,49.41361811813074,0.0,49.97434861089269,0.0,45.59504467730565,0.0,45.30203945062408,0.0,0.0,0.0,0.0,0.0,0.0,0.0
10.0,5.81739086954348,0.0038163890771428,0.0038163890688231,0.999992717556908,0.999992717556907,49.41361824710187,0.0,49.97434825265587,0.0,45.59504467304173,0.0,45.3020393750686,0.0,0.0,0.0,0.0,0.0,0.0,0.0
10.0,5.8176408820441,0.0038164364202949,0.0038164364119754,0.999992717376225,0.999992717376224,49.41361837430311,0.0,49.97434789440439,0.0,45.59504466877763,0.0,45.30203929950995,0.0,0.0,0.0,0.0,0.0,0.0,0.0
10.0,5.81789089454473,0.0038164837648379,0.0038164837565186,0.999992717195535,0.999992717195534,49.41361849976673,0.0,49.97434753613824,0.0,45.59504466451335,0.0,45.30203922394812,0.0,0.0,0.0,0.0,0.0,0.0,0.0
10.0,5.818140907045349,0.0038165311107717,0.0038165311024526,0.999992717014838,0.999992717014837,49.413618623524215,0.0,49.97434717785743,0.0,45.59504466024889,0.0,45.3020391483831,0.0,0.0,0.0,0.0,0.0,0.0,0.0
10.0,5.81839091954598,0.0038165784580964,0.0038165784497774,0.999992716834132,0.999992716834132,49.41361874560633,0.0,49.97434681956194,0.0,45.59504465598423,0.0,45.302039072814914,0.0,0.0,0.0,0.0,0.0,0.0,0.0
10.0,5.8186409320466,0.0038166258068118,0.003816625798493,0.99999271665342,0.9999927166534192,49.41361886604307,0.0,49.9743464612518,0.0,45.59504465171938,0.0,45.30203899724355,0.0,0.0,0.0,0.0,0.0,0.0,0.0
10.0,5.81889094454723,0.0038166731569179,0.0038166731485993,0.9999927164727,0.9999927164726988,49.41361898486375,0.0,49.97434610292698,0.0,45.59504464745436,0.0,45.302038921669,0.0,0.0,0.0,0.0,0.0,0.0,0.0
10.0,5.81914095704785,0.0038167205084146,0.0038167205000961,0.999992716291972,0.999992716291971,49.41361910209696,0.0,49.9743457445875,0.0,45.59504464318916,0.0,45.30203884609128,0.0,0.0,0.0,0.0,0.0,0.0,0.0
10.0,5.81939096954848,0.0038167678613018,0.0038167678529836,0.999992716111237,0.999992716111236,49.41361921777062,0.0,49.97434538623337,0.0,45.59504463892375,0.0,45.30203877051037,0.0,0.0,0.0,0.0,0.0,0.0,0.0
10.0,5.819640982049101,0.0038168152155796,0.0038168152072615,0.999992715930494,0.9999927159304928,49.413619331912045,0.0,49.97434502786455,0.0,45.59504463465817,0.0,45.30203869492629,0.0,0.0,0.0,0.0,0.0,0.0,0.0
10.0,5.81989099454973,0.0038168625712477,0.0038168625629299,0.999992715749743,0.999992715749743,49.41361944454785,0.0,49.97434466948109,0.0,45.5950446303924,0.0,45.30203861933902,0.0,0.0,0.0,0.0,0.0,0.0,0.0
10.0,5.82014100705035,0.0038169099283063,0.0038169099199886,0.999992715568986,0.999992715568985,49.41361955570409,0.0,49.97434431108295,0.0,45.59504462612645,0.0,45.30203854374859,0.0,0.0,0.0,0.0,0.0,0.0,0.0
10.0,5.82039101955098,0.0038169572867552,0.0038169572784377,0.99999271538822,0.999992715388219,49.41361966540619,0.0,49.97434395267015,0.0,45.59504462186032,0.0,45.30203846815496,0.0,0.0,0.0,0.0,0.0,0.0,0.0
10.0,5.8206410320516,0.0038170046465944,0.003817004638277,0.999992715207447,0.999992715207446,49.41361977367901,0.0,49.97434359424268,0.0,45.59504461759399,0.0,45.30203839255817,0.0,0.0,0.0,0.0,0.0,0.0,0.0
10.0,5.82089104455223,0.0038170520078237,0.0038170519995066,0.999992715026666,0.999992715026666,49.41361988054684,0.0,49.97434323580055,0.0,45.59504461332749,0.0,45.30203831695819,0.0,0.0,0.0,0.0,0.0,0.0,0.0
10.0,5.82114105705285,0.0038170993704432,0.0038170993621263,0.9999927148458782,0.999992714845878,49.41361998603342,0.0,49.97434287734375,0.0,45.59504460906079,0.0,45.30203824135503,0.0,0.0,0.0,0.0,0.0,0.0,0.0
10.0,5.82139106955348,0.0038171467344528,0.0038171467261361,0.999992714665083,0.999992714665082,49.41362009016198,0.0,49.97434251887229,0.0,45.59504460479391,0.0,45.3020381657487,0.0,0.0,0.0,0.0,0.0,0.0,0.0
10.0,5.8216410820541,0.0038171940998525,0.0038171940915359,0.99999271448428,0.999992714484279,49.41362019295519,0.0,49.97434216038616,0.0,45.59504460052685,0.0,45.30203809013919,0.0,0.0,0.0,0.0,0.0,0.0,0.0
10.0,5.82189109455473,0.0038172414666421,0.0038172414583257,0.999992714303469,0.999992714303468,49.41362029443526,0.0,49.974341801885366,0.0,45.5950445962596,0.0,45.30203801452649,0.0,0.0,0.0,0.0,0.0,0.0,0.0
10.0,5.82214110705535,0.0038172888348216,0.0038172888265054,0.999992714122651,0.99999271412265,49.41362039462389,0.0,49.97434144336992,0.0,45.59504459199216,0.0,45.30203793891062,0.0,0.0,0.0,0.0,0.0,0.0,0.0
10.0,5.82239111955598,0.0038173362043909,0.003817336196075,0.999992713941825,0.999992713941824,49.41362049354229,0.0,49.97434108483981,0.0,45.595044587724544,0.0,45.30203786329157,0.0,0.0,0.0,0.0,0.0,0.0,0.0
10.0,5.8226411320566,0.0038173835753501,0.0038173835670343,0.999992713760991,0.99999271376099,49.41362059121124,0.0,49.97434072629502,0.0,45.59504458345673,0.0,45.30203778766934,0.0,0.0,0.0,0.0,0.0,0.0,0.0
10.0,5.82289114455723,0.0038174309476989,0.0038174309393834,0.99999271358015,0.99999271358015,49.41362068765105,0.0,49.97434036773558,0.0,45.59504457918874,0.0,45.30203771204393,0.0,0.0,0.0,0.0,0.0,0.0,0.0
10.0,5.82314115705785,0.0038174783214375,0.0038174783131222,0.999992713399302,0.999992713399301,49.41362078288158,0.0,49.974340009161466,0.0,45.59504457492057,0.0,45.30203763641535,0.0,0.0,0.0,0.0,0.0,0.0,0.0
10.0,5.82339116955848,0.0038175256965657,0.0038175256882506,0.999992713218446,0.999992713218445,49.413620876922295,0.0,49.974339650572695,0.0,45.59504457065221,0.0,45.30203756078359,0.0,0.0,0.0,0.0,0.0,0.0,0.0
10.0,5.8236411820591,0.0038175730730834,0.0038175730647685,0.999992713037582,0.999992713037581,49.41362096979221,0.0,49.97433929196925,0.0,45.59504456638365,0.0,45.30203748514864,0.0,0.0,0.0,0.0,0.0,0.0,0.0
10.0,5.82389119455973,0.0038176204509906,0.0038176204426759,0.999992712856711,0.99999271285671,49.41362106150999,0.0,49.97433893335116,0.0,45.59504456211493,0.0,45.30203740951052,0.0,0.0,0.0,0.0,0.0,0.0,0.0
10.0,5.82414120706035,0.0038176678302873,0.0038176678219728,0.999992712675832,0.999992712675832,49.41362115209382,0.0,49.97433857471839,0.0,45.59504455784601,0.0,45.30203733386922,0.0,0.0,0.0,0.0,0.0,0.0,0.0
10.0,5.82439121956098,0.0038177152109733,0.0038177152026591,0.999992712494946,0.999992712494945,49.41362124156158,0.0,49.97433821607096,0.0,45.595044553576905,0.0,45.302037258224736,0.0,0.0,0.0,0.0,0.0,0.0,0.0
10.0,5.8246412320616,0.0038177625930487,0.0038177625847347,0.9999927123140518,0.9999927123140518,49.41362132993075,0.0,49.97433785740888,0.0,45.595044549307616,0.0,45.30203718257709,0.0,0.0,0.0,0.0,0.0,0.0,0.0
10.0,5.82489124456223,0.0038178099765133,0.0038178099681995,0.999992712133151,0.99999271213315,49.41362141721844,0.0,49.97433749873211,0.0,45.59504454503814,0.0,45.30203710692625,0.0,0.0,0.0,0.0,0.0,0.0,0.0
10.0,5.82514125706285,0.0038178573613671,0.0038178573530536,0.999992711952242,0.999992711952241,49.413621503441405,0.0,49.974337140040696,0.0,45.59504454076848,0.0,45.30203703127224,0.0,0.0,0.0,0.0,0.0,0.0,0.0
10.0,5.82539126956348,0.0038179047476101,0.0038179047392968,0.999992711771325,0.9999927117713252,49.41362158861609,0.0,49.97433678133463,0.0,45.59504453649864,0.0,45.30203695561504,0.0,0.0,0.0,0.0,0.0,0.0,0.0
10.0,5.8256412820641,0.0038179521352421,0.003817952126929,0.999992711590401,0.999992711590401,49.41362167275854,0.0,49.97433642261388,0.0,45.59504453222861,0.0,45.30203687995466,0.0,0.0,0.0,0.0,0.0,0.0,0.0
10.0,5.82589129456473,0.0038179995242632,0.0038179995159503,0.99999271140947,0.999992711409469,49.41362175588451,0.0,49.97433606387848,0.0,45.5950445279584,0.0,45.30203680429112,0.0,0.0,0.0,0.0,0.0,0.0,0.0
10.0,5.82614130706535,0.0038180469146732,0.0038180469063606,0.999992711228531,0.99999271122853,49.413621838009455,0.0,49.97433570512841,0.0,45.595044523688,0.0,45.30203672862439,0.0,0.0,0.0,0.0,0.0,0.0,0.0
10.0,5.82639131956598,0.0038180943064722,0.0038180942981598,0.999992711047584,0.999992711047583,49.41362191914849,0.0,49.97433534636368,0.0,45.59504451941741,0.0,45.30203665295448,0.0,0.0,0.0,0.0,0.0,0.0,0.0
10.0,5.8266413320666,0.00381814169966,0.0038181416913479,0.99999271086663,0.999992710866629,49.413621999316426,0.0,49.974334987584285,0.0,45.59504451514664,0.0,45.30203657728139,0.0,0.0,0.0,0.0,0.0,0.0,0.0
10.0,5.82689134456723,0.0038181890942366,0.0038181890859247,0.999992710685668,0.999992710685667,49.413622078527794,0.0,49.97433462879023,0.0,45.59504451087568,0.0,45.30203650160512,0.0,0.0,0.0,0.0,0.0,0.0,0.0
10.0,5.82714135706785,0.0038182364902019,0.0038182364818903,0.9999927105046988,0.9999927105046978,49.41362215679683,0.0,49.97433426998151,0.0,45.59504450660455,0.0,45.30203642592568,0.0,0.0,0.0,0.0,0.0,0.0,0.0
10.0,5.82739136956848,0.0038182838875559,0.0038182838792445,0.9999927103237218,0.9999927103237218,49.41362223413748,0.0,49.97433391115813,0.0,45.59504450233322,0.0,45.30203635024306,0.0,0.0,0.0,0.0,0.0,0.0,0.0
10.0,5.8276413820691,0.0038183312862985,0.0038183312779874,0.999992710142738,0.999992710142737,49.41362231056343,0.0,49.9743335523201,0.0,45.5950444980617,0.0,45.30203627455725,0.0,0.0,0.0,0.0,0.0,0.0,0.0
10.0,5.82789139456973,0.0038183786864297,0.0038183786781188,0.999992709961746,0.999992709961745,49.41362238608809,0.0,49.97433319346739,0.0,45.595044493790006,0.0,45.30203619886828,0.0,0.0,0.0,0.0,0.0,0.0,0.0
10.0,5.82814140707035,0.0038184260879493,0.0038184260796387,0.9999927097807472,0.999992709780746,49.41362246072462,0.0,49.97433283460001,0.0,45.59504448951812,0.0,45.30203612317612,0.0,0.0,0.0,0.0,0.0,0.0,0.0
10.0,5.8283914195709805,0.0038184734908574,0.003818473482547,0.999992709599739,0.999992709599739,49.41362253448588,0.0,49.97433247571799,0.0,45.595044485246056,0.0,45.30203604748079,0.0,0.0,0.0,0.0,0.0,0.0,0.0
10.0,5.8286414320716,0.0038185208951539,0.0038185208868438,0.999992709418725,0.999992709418724,49.41362260738455,0.0,49.9743321168213,0.0,45.5950444809738,0.0,45.30203597178227,0.0,0.0,0.0,0.0,0.0,0.0,0.0
10.0,5.82889144457223,0.0038185683008386,0.0038185682925288,0.999992709237703,0.999992709237702,49.41362267943303,0.0,49.97433175790994,0.0,45.59504447670137,0.0,45.302035896080575,0.0,0.0,0.0,0.0,0.0,0.0,0.0
10.0,5.82914145707285,0.0038186157079117,0.0038186156996021,0.999992709056673,0.999992709056672,49.41362275064348,0.0,49.974331398983935,0.0,45.59504447242874,0.0,45.3020358203757,0.0,0.0,0.0,0.0,0.0,0.0,0.0
10.0,5.82939146957348,0.0038186631163729,0.0038186631080636,0.9999927088756358,0.999992708875635,49.41362282102784,0.0,49.97433104004326,0.0,45.595044468155926,0.0,45.302035744667656,0.0,0.0,0.0,0.0,0.0,0.0,0.0
10.0,5.8296414820741,0.0038187105262223,0.0038187105179133,0.999992708694591,0.99999270869459,49.41362289059781,0.0,49.97433068108792,0.0,45.595044463882935,0.0,45.30203566895643,0.0,0.0,0.0,0.0,0.0,0.0,0.0
10.0,5.82989149457473,0.0038187579374598,0.003818757929151,0.999992708513539,0.999992708513538,49.413622959364886,0.0,49.97433032211793,0.0,45.59504445960976,0.0,45.30203559324202,0.0,0.0,0.0,0.0,0.0,0.0,0.0
10.0,5.83014150707535,0.0038188053500853,0.0038188053417768,0.999992708332479,0.999992708332478,49.41362302734035,0.0,49.97432996313327,0.0,45.59504445533639,0.0,45.30203551752443,0.0,0.0,0.0,0.0,0.0,0.0,0.0
10.0,5.83039151957598,0.0038188527640988,0.0038188527557905,0.999992708151412,0.999992708151411,49.41362309453525,0.0,49.97432960413394,0.0,45.59504445106285,0.0,45.30203544180366,0.0,0.0,0.0,0.0,0.0,0.0,0.0
10.0,5.8306415320766,0.0038189001795001,0.0038189001711922,0.999992707970336,0.999992707970336,49.413623160960455,0.0,49.97432924511996,0.0,45.59504444678911,0.0,45.30203536607972,0.0,0.0,0.0,0.0,0.0,0.0,0.0
10.0,5.83089154457723,0.0038189475962893,0.0038189475879816,0.999992707789254,0.999992707789253,49.41362322662661,0.0,49.97432888609132,0.0,45.59504444251519,0.0,45.3020352903526,0.0,0.0,0.0,0.0,0.0,0.0,0.0
10.0,5.83114155707785,0.0038189950144663,0.0038189950061589,0.999992707608164,0.999992707608163,49.41362329154419,0.0,49.974328527048016,0.0,45.59504443824108,0.0,45.3020352146223,0.0,0.0,0.0,0.0,0.0,0.0,0.0
10.0,5.83139156957848,0.0038190424340311,0.0038190424257239,0.999992707427066,0.999992707427066,49.41362335572346,0.0,49.97432816799005,0.0,45.595044433966784,0.0,45.30203513888882,0.0,0.0,0.0,0.0,0.0,0.0,0.0
10.0,5.8316415820791,0.0038190898549834,0.0038190898466766,0.999992707245961,0.99999270724596,49.413623419174506,0.0,49.97432780891742,0.0,45.59504442969231,0.0,45.30203506315216,0.0,0.0,0.0,0.0,0.0,0.0,0.0
10.0,5.83189159457973,0.0038191372773235,0.0038191372690169,0.999992707064848,0.999992707064848,49.413623481907216,0.0,49.974327449830135,0.0,45.59504442541765,0.0,45.302034987412334,0.0,0.0,0.0,0.0,0.0,0.0,0.0
10.0,5.83214160708035,0.003819184701051,0.0038191846927448,0.999992706883728,0.9999927068837268,49.41362354393132,0.0,49.9743270907282,0.0,45.5950444211428,0.0,45.30203491166932,0.0,0.0,0.0,0.0,0.0,0.0,0.0
10.0,5.83239161958098,0.0038192321261661,0.0038192321178601,0.9999927067026,0.9999927067026,49.41362360525636,0.0,49.97432673161159,0.0,45.595044416867765,0.0,45.30203483592312,0.0,0.0,0.0,0.0,0.0,0.0,0.0
10.0,5.8326416320816,0.0038192795526686,0.0038192795443629,0.9999927065214648,0.999992706521464,49.41362366589171,0.0,49.97432637248031,0.0,45.59504441259254,0.0,45.30203476017376,0.0,0.0,0.0,0.0,0.0,0.0,0.0
10.0,5.83289164458223,0.0038193269805584,0.003819326972253,0.999992706340322,0.999992706340321,49.41362372584658,0.0,49.97432601333439,0.0,45.59504440831714,0.0,45.3020346844212,0.0,0.0,0.0,0.0,0.0,0.0,0.0
10.0,5.83314165708285,0.0038193744098356,0.0038193744015305,0.999992706159172,0.999992706159171,49.413623785130014,0.0,49.9743256541738,0.0,45.59504440404156,0.0,45.30203460866547,0.0,0.0,0.0,0.0,0.0,0.0,0.0
10.0,5.83339166958348,0.0038194218405001,0.0038194218321953,0.999992705978014,0.999992705978013,49.4136238437509,0.0,49.97432529499856,0.0,45.59504439976578,0.0,45.30203453290657,0.0,0.0,0.0,0.0,0.0,0.0,0.0
10.0,5.8336416820841,0.0038194692725517,0.0038194692642472,0.999992705796848,0.999992705796848,49.41362390171796,0.0,49.97432493580865,0.0,45.59504439548982,0.0,45.30203445714449,0.0,0.0,0.0,0.0,0.0,0.0,0.0
10.0,5.833891694584729,0.0038195167059905,0.0038195166976863,0.999992705615675,0.999992705615674,49.41362395903976,0.0,49.97432457660408,0.0,45.59504439121368,0.0,45.30203438137922,0.0,0.0,0.0,0.0,0.0,0.0,0.0
10.0,5.83414170708535,0.0038195641408163,0.0038195641325125,0.999992705434494,0.999992705434494,49.41362401572475,0.0,49.97432421738486,0.0,45.59504438693735,0.0,45.30203430561078,0.0,0.0,0.0,0.0,0.0,0.0,0.0
10.0,5.83439171958598,0.0038196115770292,0.0038196115687256,0.999992705253306,0.999992705253306,49.41362407178119,0.0,49.97432385815097,0.0,45.59504438266083,0.0,45.302034229839165,0.0,0.0,0.0,0.0,0.0,0.0,0.0
10.0,5.8346417320866,0.003819659014629,0.0038196590063258,0.9999927050721112,0.99999270507211,49.413624127217226,0.0,49.974323498902415,0.0,45.59504437838413,0.0,45.302034154064366,0.0,0.0,0.0,0.0,0.0,0.0,0.0
10.0,5.83489174458723,0.0038197064536158,0.0038197064453128,0.9999927048909072,0.999992704890907,49.413624182040856,0.0,49.97432313963921,0.0,45.59504437410724,0.0,45.30203407828638,0.0,0.0,0.0,0.0,0.0,0.0,0.0
10.0,5.83514175708785,0.0038197538939894,0.0038197538856868,0.999992704709696,0.999992704709696,49.41362423625992,0.0,49.97432278036134,0.0,45.59504436983018,0.0,45.30203400250523,0.0,0.0,0.0,0.0,0.0,0.0,0.0
10.0,5.83539176958848,0.0038198013357498,0.0038198013274475,0.999992704528478,0.999992704528477,49.413624289882165,0.0,49.97432242106882,0.0,45.59504436555292,0.0,45.3020339267209,0.0,0.0,0.0,0.0,0.0,0.0,0.0
10.0,5.8356417820891,0.0038198487788969,0.0038198487705949,0.999992704347252,0.999992704347252,49.41362434291518,0.0,49.974322061761626,0.0,45.59504436127548,0.0,45.30203385093339,0.0,0.0,0.0,0.0,0.0,0.0,0.0
10.0,5.83589179458973,0.0038198962234307,0.003819896215129,0.9999927041660188,0.999992704166018,49.41362439536642,0.0,49.97432170243979,0.0,45.595044356997846,0.0,45.302033775142704,0.0,0.0,0.0,0.0,0.0,0.0,0.0
10.0,5.83614180709036,0.003819943669351,0.0038199436610497,0.999992703984778,0.999992703984777,49.41362444724324,0.0,49.97432134310329,0.0,45.59504435272004,0.0,45.30203369934884,0.0,0.0,0.0,0.0,0.0,0.0,0.0
10.0,5.83639181959098,0.003819991116658,0.0038199911083569,0.999992703803529,0.9999927038035292,49.41362449855284,0.0,49.97432098375212,0.0,45.59504434844204,0.0,45.302033623551786,0.0,0.0,0.0,0.0,0.0,0.0,0.0
10.0,5.8366418320916,0.0038200385653514,0.0038200385570507,0.999992703622273,0.999992703622272,49.41362454930233,0.0,49.9743206243863,0.0,45.59504434416385,0.0,45.30203354775156,0.0,0.0,0.0,0.0,0.0,0.0,0.0
10.0,5.83689184459223,0.0038200860154313,0.0038200860071309,0.999992703441009,0.9999927034410088,49.41362459949868,0.0,49.97432026500583,0.0,45.59504433988549,0.0,45.30203347194816,0.0,0.0,0.0,0.0,0.0,0.0,0.0
10.0,5.83714185709285,0.0038201334668975,0.0038201334585975,0.999992703259738,0.999992703259738,49.41362464914874,0.0,49.974319905610685,0.0,45.595044335606936,0.0,45.30203339614157,0.0,0.0,0.0,0.0,0.0,0.0,0.0
10.0,5.83739186959348,0.00382018091975,0.0038201809114503,0.999992703078459,0.999992703078459,49.41362469825929,0.0,49.97431954620089,0.0,45.5950443313282,0.0,45.302033320331816,0.0,0.0,0.0,0.0,0.0,0.0,0.0
10.0,5.8376418820941,0.0038202283739889,0.0038202283656895,0.999992702897173,0.999992702897172,49.41362474683695,0.0,49.97431918677643,0.0,45.59504432704928,0.0,45.30203324451888,0.0,0.0,0.0,0.0,0.0,0.0,0.0
10.0,5.83789189459473,0.0038202758296139,0.0038202758213148,0.999992702715879,0.999992702715879,49.41362479488824,0.0,49.974318827337314,0.0,45.59504432277016,0.0,45.30203316870276,0.0,0.0,0.0,0.0,0.0,0.0,0.0
10.0,5.83814190709535,0.003820323286625,0.0038203232783263,0.999992702534578,0.999992702534578,49.4136248424196,0.0,49.97431846788354,0.0,45.595044318490864,0.0,45.30203309288347,0.0,0.0,0.0,0.0,0.0,0.0,0.0
10.0,5.83839191959598,0.0038203707450222,0.0038203707367239,0.9999927023532692,0.999992702353268,49.41362488943734,0.0,49.97431810841511,0.0,45.595044314211385,0.0,45.30203301706101,0.0,0.0,0.0,0.0,0.0,0.0,0.0
10.0,5.83864193209661,0.0038204182048055,0.0038204181965074,0.999992702171953,0.999992702171952,49.41362493594768,0.0,49.974317748932016,0.0,45.59504430993172,0.0,45.30203294123535,0.0,0.0,0.0,0.0,0.0,0.0,0.0
10.0,5.83889194459723,0.0038204656659747,0.003820465657677,0.9999927019906288,0.9999927019906278,49.41362498195672,0.0,49.97431738943428,0.0,45.59504430565188,0.0,45.30203286540653,0.0,0.0,0.0,0.0,0.0,0.0,0.0
10.0,5.83914195709785,0.0038205131285298,0.0038205131202324,0.999992701809297,0.999992701809296,49.41362502747051,0.0,49.97431702992187,0.0,45.59504430137184,0.0,45.30203278957451,0.0,0.0,0.0,0.0,0.0,0.0,0.0
10.0,5.839391969598479,0.0038205605924707,0.0038205605841737,0.9999927016279578,0.999992701627957,49.41362507249494,0.0,49.974316670394806,0.0,45.59504429709162,0.0,45.30203271373933,0.0,0.0,0.0,0.0,0.0,0.0,0.0
10.0,5.8396419820991,0.0038206080577975,0.0038206080495008,0.999992701446611,0.9999927014466112,49.413625117035856,0.0,49.97431631085308,0.0,45.59504429281121,0.0,45.302032637900965,0.0,0.0,0.0,0.0,0.0,0.0,0.0
10.0,5.83989199459973,0.0038206555245099,0.0038206555162136,0.999992701265257,0.999992701265256,49.41362516109899,0.0,49.9743159512967,0.0,45.595044288530616,0.0,45.30203256205942,0.0,0.0,0.0,0.0,0.0,0.0,0.0
10.0,5.84014200710036,0.0038207029926081,0.0038207029843121,0.9999927010838952,0.999992701083894,49.41362520468999,0.0,49.97431559172567,0.0,45.595044284249845,0.0,45.3020324862147,0.0,0.0,0.0,0.0,0.0,0.0,0.0
10.0,5.84039201960098,0.0038207504620918,0.0038207504537962,0.999992700902526,0.999992700902525,49.4136252478144,0.0,49.97431523213998,0.0,45.59504427996888,0.0,45.302032410366806,0.0,0.0,0.0,0.0,0.0,0.0,0.0
10.0,5.8406420321016,0.0038207979329611,0.0038207979246659,0.999992700721149,0.999992700721148,49.41362529047771,0.0,49.97431487253962,0.0,45.59504427568773,0.0,45.30203233451573,0.0,0.0,0.0,0.0,0.0,0.0,0.0
10.0,5.84089204460223,0.0038208454052159,0.003820845396921,0.999992700539765,0.999992700539764,49.41362533268528,0.0,49.97431451292461,0.0,45.5950442714064,0.0,45.30203225866147,0.0,0.0,0.0,0.0,0.0,0.0,0.0
10.0,5.84114205710286,0.0038208928788561,0.0038208928705616,0.9999927003583732,0.999992700358372,49.413625374442425,0.0,49.97431415329496,0.0,45.59504426712488,0.0,45.302032182804034,0.0,0.0,0.0,0.0,0.0,0.0,0.0
10.0,5.84139206960348,0.0038209403538817,0.0038209403455875,0.9999927001769732,0.999992700176973,49.41362541575437,0.0,49.97431379365062,0.0,45.59504426284317,0.0,45.30203210694343,0.0,0.0,0.0,0.0,0.0,0.0,0.0
10.0,5.84164208210411,0.0038209878302925,0.0038209878219988,0.999992699995566,0.999992699995566,49.41362545662623,0.0,49.97431343399164,0.0,45.59504425856129,0.0,45.30203203107964,0.0,0.0,0.0,0.0,0.0,0.0,0.0
10.0,5.84189209460473,0.0038210353080887,0.0038210352997953,0.9999926998141518,0.999992699814151,49.41362549706307,0.0,49.974313074318005,0.0,45.5950442542792,0.0,45.30203195521268,0.0,0.0,0.0,0.0,0.0,0.0,0.0
10.0,5.84214210710536,0.0038210827872701,0.003821082778977,0.999992699632729,0.9999926996327292,49.41362553706989,0.0,49.97431271462972,0.0,45.59504424999695,0.0,45.30203187934253,0.0,0.0,0.0,0.0,0.0,0.0,0.0
10.0,5.84239211960598,0.0038211302678365,0.0038211302595439,0.9999926994513,0.999992699451299,49.413625576651576,0.0,49.97431235492676,0.0,45.59504424571451,0.0,45.302031803469205,0.0,0.0,0.0,0.0,0.0,0.0,0.0
10.0,5.84264213210661,0.0038211777497881,0.0038211777414958,0.999992699269863,0.999992699269862,49.41362561581297,0.0,49.97431199520916,0.0,45.59504424143188,0.0,45.3020317275927,0.0,0.0,0.0,0.0,0.0,0.0,0.0
10.0,5.84289214460723,0.0038212252331247,0.0038212252248328,0.999992699088418,0.999992699088417,49.41362565455882,0.0,49.97431163547688,0.0,45.595044237149054,0.0,45.302031651713015,0.0,0.0,0.0,0.0,0.0,0.0,0.0
10.0,5.84314215710786,0.0038212727178462,0.0038212727095547,0.999992698906966,0.999992698906965,49.41362569289382,0.0,49.97431127572997,0.0,45.59504423286607,0.0,45.30203157583016,0.0,0.0,0.0,0.0,0.0,0.0,0.0
10.0,5.84339216960848,0.0038213202039527,0.0038213201956615,0.999992698725506,0.999992698725505,49.41362573082258,0.0,49.97431091596838,0.0,45.59504422858288,0.0,45.30203149994413,0.0,0.0,0.0,0.0,0.0,0.0,0.0
10.0,5.84364218210911,0.003821367691444,0.0038213676831532,0.999992698544038,0.999992698544037,49.41362576834965,0.0,49.97431055619215,0.0,45.5950442242995,0.0,45.30203142405491,0.0,0.0,0.0,0.0,0.0,0.0,0.0
10.0,5.84389219460973,0.00382141518032,0.0038214151720297,0.999992698362563,0.999992698362562,49.41362580547951,0.0,49.974310196401255,0.0,45.59504422001594,0.0,45.30203134816252,0.0,0.0,0.0,0.0,0.0,0.0,0.0
10.0,5.844142207110361,0.0038214626705808,0.0038214626622909,0.999992698181081,0.99999269818108,49.41362584221658,0.0,49.97430983659571,0.0,45.59504421573221,0.0,45.30203127226695,0.0,0.0,0.0,0.0,0.0,0.0,0.0
10.0,5.84439221961098,0.0038215101622263,0.0038215101539367,0.9999926979995908,0.99999269799959,49.41362587856519,0.0,49.97430947677551,0.0,45.59504421144828,0.0,45.302031196368205,0.0,0.0,0.0,0.0,0.0,0.0,0.0
10.0,5.84464223211161,0.0038215576552564,0.0038215576469672,0.999992697818093,0.999992697818092,49.413625914529625,0.0,49.97430911694065,0.0,45.595044207164165,0.0,45.30203112046628,0.0,0.0,0.0,0.0,0.0,0.0,0.0
10.0,5.84489224461223,0.003821605149671,0.0038216051413822,0.999992697636588,0.999992697636587,49.41362595011412,0.0,49.97430875709113,0.0,45.59504420287987,0.0,45.30203104456117,0.0,0.0,0.0,0.0,0.0,0.0,0.0
10.0,5.84514225711286,0.0038216526454701,0.0038216526371817,0.999992697455075,0.999992697455075,49.41362598532281,0.0,49.97430839722696,0.0,45.59504419859539,0.0,45.30203096865289,0.0,0.0,0.0,0.0,0.0,0.0,0.0
10.0,5.84539226961348,0.0038217001426537,0.0038217001343656,0.9999926972735548,0.999992697273554,49.41362602015983,0.0,49.97430803734813,0.0,45.59504419431072,0.0,45.30203089274144,0.0,0.0,0.0,0.0,0.0,0.0,0.0
10.0,5.84564228211411,0.0038217476412216,0.0038217476329339,0.999992697092027,0.999992697092026,49.41362605462918,0.0,49.97430767745465,0.0,45.59504419002587,0.0,45.30203081682679,0.0,0.0,0.0,0.0,0.0,0.0,0.0
10.0,5.84589229461473,0.0038217951411738,0.0038217951328866,0.999992696910492,0.999992696910491,49.41362608873486,0.0,49.9743073175465,0.0,45.59504418574083,0.0,45.302030740908975,0.0,0.0,0.0,0.0,0.0,0.0,0.0
10.0,5.84614230711536,0.0038218426425103,0.0038218426342235,0.999992696728949,0.999992696728948,49.41362612248079,0.0,49.97430695762372,0.0,45.595044181455606,0.0,45.30203066498798,0.0,0.0,0.0,0.0,0.0,0.0,0.0
10.0,5.84639231961598,0.003821890145231,0.0038218901369446,0.999992696547399,0.999992696547398,49.41362615587082,0.0,49.974306597686265,0.0,45.59504417717019,0.0,45.30203058906381,0.0,0.0,0.0,0.0,0.0,0.0,0.0
10.0,5.84664233211661,0.0038219376493358,0.0038219376410498,0.999992696365841,0.99999269636584,49.41362618890878,0.0,49.97430623773416,0.0,45.5950441728846,0.0,45.30203051313646,0.0,0.0,0.0,0.0,0.0,0.0,0.0
10.0,5.84689234461723,0.0038219851548247,0.0038219851465391,0.999992696184275,0.999992696184274,49.41362622159843,0.0,49.97430587776741,0.0,45.595044168598825,0.0,45.30203043720593,0.0,0.0,0.0,0.0,0.0,0.0,0.0
10.0,5.84714235711786,0.0038220326616976,0.0038220326534124,0.999992696002702,0.999992696002701,49.41362625394346,0.0,49.97430551778599,0.0,45.59504416431286,0.0,45.302030361272216,0.0,0.0,0.0,0.0,0.0,0.0,0.0
10.0,5.84739236961848,0.0038220801699545,0.0038220801616697,0.9999926958211212,0.9999926958211212,49.41362628594752,0.0,49.97430515778992,0.0,45.5950441600267,0.0,45.30203028533533,0.0,0.0,0.0,0.0,0.0,0.0,0.0
10.0,5.84764238211911,0.0038221276795952,0.0038221276713109,0.999992695639533,0.999992695639533,49.413626317614224,0.0,49.9743047977792,0.0,45.59504415574037,0.0,45.30203020939527,0.0,0.0,0.0,0.0,0.0,0.0,0.0
10.0,5.84789239461973,0.0038221751906199,0.0038221751823359,0.999992695457938,0.9999926954579368,49.4136263489471,0.0,49.974304437753815,0.0,45.59504415145385,0.0,45.30203013345203,0.0,0.0,0.0,0.0,0.0,0.0,0.0
10.0,5.84814240712036,0.0038222227030283,0.0038222226947447,0.9999926952763342,0.999992695276334,49.413626379949655,0.0,49.974304077713775,0.0,45.59504414716714,0.0,45.30203005750561,0.0,0.0,0.0,0.0,0.0,0.0,0.0
10.0,5.84839241962098,0.0038222702168204,0.0038222702085373,0.999992695094724,0.9999926950947232,49.41362641062534,0.0,49.97430371765909,0.0,45.59504414288025,0.0,45.30202998155601,0.0,0.0,0.0,0.0,0.0,0.0,0.0
10.0,5.84864243212161,0.0038223177319962,0.0038223177237135,0.999992694913105,0.999992694913104,49.413626440977566,0.0,49.97430335758975,0.0,45.59504413859317,0.0,45.302029905603234,0.0,0.0,0.0,0.0,0.0,0.0,0.0
10.0,5.84889244462223,0.0038223652485556,0.0038223652402733,0.999992694731479,0.999992694731479,49.413626471009664,0.0,49.97430299750575,0.0,45.59504413430592,0.0,45.30202982964729,0.0,0.0,0.0,0.0,0.0,0.0,0.0
10.0,5.84914245712286,0.0038224127664985,0.0038224127582167,0.999992694549846,0.999992694549845,49.413626500724966,0.0,49.97430263740709,0.0,45.59504413001847,0.0,45.30202975368815,0.0,0.0,0.0,0.0,0.0,0.0,0.0
10.0,5.84939246962348,0.003822460285825,0.0038224602775435,0.999992694368205,0.999992694368204,49.41362653012672,0.0,49.97430227729379,0.0,45.59504412573083,0.0,45.30202967772585,0.0,0.0,0.0,0.0,0.0,0.0,0.0
10.0,5.849642482124111,0.0038225078065348,0.0038225077982538,0.999992694186556,0.999992694186556,49.41362655921815,0.0,49.97430191716582,0.0,45.59504412144301,0.0,45.30202960176036,0.0,0.0,0.0,0.0,0.0,0.0,0.0
10.0,5.84989249462473,0.0038225553286281,0.0038225553203475,0.9999926940049,0.9999926940049,49.41362658800243,0.0,49.9743015570232,0.0,45.59504411715501,0.0,45.302029525791696,0.0,0.0,0.0,0.0,0.0,0.0,0.0
10.0,5.85014250712536,0.0038226028521046,0.0038226028438245,0.999992693823237,0.999992693823236,49.413626616482695,0.0,49.97430119686594,0.0,45.595044112866816,0.0,45.302029449819855,0.0,0.0,0.0,0.0,0.0,0.0,0.0
10.0,5.85039251962598,0.0038226503769644,0.0038226503686847,0.999992693641565,0.999992693641565,49.41362664466202,0.0,49.97430083669401,0.0,45.59504410857845,0.0,45.302029373844825,0.0,0.0,0.0,0.0,0.0,0.0,0.0
10.0,5.85064253212661,0.0038226979032074,0.0038226978949282,0.999992693459887,0.999992693459886,49.41362667254345,0.0,49.97430047650744,0.0,45.59504410428989,0.0,45.30202929786663,0.0,0.0,0.0,0.0,0.0,0.0,0.0
10.0,5.85089254462723,0.0038227454308336,0.0038227454225547,0.9999926932782,0.9999926932782,49.41362670013001,0.0,49.97430011630621,0.0,45.595044100001154,0.0,45.302029221885256,0.0,0.0,0.0,0.0,0.0,0.0,0.0
10.0,5.85114255712786,0.0038227929598428,0.0038227929515644,0.999992693096507,0.999992693096506,49.41362672742465,0.0,49.974299756090325,0.0,45.59504409571222,0.0,45.302029145900704,0.0,0.0,0.0,0.0,0.0,0.0,0.0
10.0,5.85139256962848,0.003822840490235,0.0038228404819571,0.999992692914805,0.999992692914805,49.413626754430304,0.0,49.97429939585978,0.0,45.5950440914231,0.0,45.302029069912976,0.0,0.0,0.0,0.0,0.0,0.0,0.0
10.0,5.85164258212911,0.0038228880220102,0.0038228880137327,0.9999926927330972,0.999992692733096,49.41362678114984,0.0,49.97429903561459,0.0,45.59504408713379,0.0,45.30202899392207,0.0,0.0,0.0,0.0,0.0,0.0,0.0
10.0,5.851892594629731,0.0038229355551683,0.0038229355468913,0.99999269255138,0.99999269255138,49.41362680758613,0.0,49.974298675354746,0.0,45.595044082844325,0.0,45.30202891792797,0.0,0.0,0.0,0.0,0.0,0.0,0.0
10.0,5.85214260713036,0.0038229830897092,0.0038229830814326,0.999992692369656,0.999992692369655,49.41362683374195,0.0,49.97429831508025,0.0,45.59504407855464,0.0,45.30202884193071,0.0,0.0,0.0,0.0,0.0,0.0,0.0
10.0,5.85239261963098,0.0038230306256329,0.0038230306173568,0.999992692187925,0.999992692187924,49.41362685962012,0.0,49.97429795479109,0.0,45.59504407426479,0.0,45.30202876593027,0.0,0.0,0.0,0.0,0.0,0.0,0.0
10.0,5.85264263213161,0.0038230781629394,0.0038230781546637,0.999992692006186,0.9999926920061852,49.41362688522333,0.0,49.97429759448728,0.0,45.59504406997475,0.0,45.30202868992664,0.0,0.0,0.0,0.0,0.0,0.0,0.0
10.0,5.85289264463223,0.0038231257016285,0.0038231256933533,0.999992691824439,0.999992691824438,49.4136269105543,0.0,49.97429723416883,0.0,45.595044065684526,0.0,45.302028613919845,0.0,0.0,0.0,0.0,0.0,0.0,0.0
10.0,5.85314265713286,0.0038231732417002,0.0038231732334254,0.9999926916426848,0.999992691642684,49.4136269356157,0.0,49.97429687383572,0.0,45.595044061394105,0.0,45.30202853790986,0.0,0.0,0.0,0.0,0.0,0.0,0.0
10.0,5.85339266963348,0.0038232207831545,0.0038232207748802,0.999992691460923,0.999992691460922,49.41362696041015,0.0,49.97429651348796,0.0,45.59504405710352,0.0,45.30202846189671,0.0,0.0,0.0,0.0,0.0,0.0,0.0
10.0,5.85364268213411,0.0038232683259912,0.0038232683177174,0.999992691279154,0.999992691279153,49.41362698494024,0.0,49.97429615312553,0.0,45.595044052812725,0.0,45.30202838588038,0.0,0.0,0.0,0.0,0.0,0.0,0.0
10.0,5.85389269463473,0.0038233158702104,0.003823315861937,0.999992691097377,0.999992691097376,49.41362700920856,0.0,49.974295792748464,0.0,45.59504404852176,0.0,45.30202830986087,0.0,0.0,0.0,0.0,0.0,0.0,0.0
10.0,5.85414270713536,0.003823363415812,0.003823363407539,0.999992690915593,0.999992690915592,49.41362703321761,0.0,49.97429543235675,0.0,45.59504404423061,0.0,45.30202823383818,0.0,0.0,0.0,0.0,0.0,0.0,0.0
10.0,5.85439271963598,0.0038234109627958,0.0038234109545234,0.999992690733801,0.9999926907338,49.41362705696989,0.0,49.97429507195037,0.0,45.59504403993927,0.0,45.30202815781231,0.0,0.0,0.0,0.0,0.0,0.0,0.0
10.0,5.85464273213661,0.003823458511162,0.00382345850289,0.999992690552001,0.999992690552001,49.41362708046788,0.0,49.97429471152934,0.0,45.59504403564775,0.0,45.30202808178327,0.0,0.0,0.0,0.0,0.0,0.0,0.0
10.0,5.85489274463723,0.0038235060609103,0.0038235060526387,0.999992690370194,0.999992690370194,49.413627103714,0.0,49.97429435109365,0.0,45.59504403135604,0.0,45.30202800575104,0.0,0.0,0.0,0.0,0.0,0.0,0.0
10.0,5.855142757137859,0.0038235536120407,0.0038235536037697,0.99999269018838,0.999992690188379,49.41362712671064,0.0,49.974293990643325,0.0,45.59504402706415,0.0,45.30202792971564,0.0,0.0,0.0,0.0,0.0,0.0,0.0
10.0,5.85539276963848,0.0038236011645533,0.0038236011562827,0.999992690006558,0.999992690006557,49.41362714946021,0.0,49.97429363017834,0.0,45.59504402277207,0.0,45.30202785367707,0.0,0.0,0.0,0.0,0.0,0.0,0.0
10.0,5.85564278213911,0.0038236487184478,0.0038236487101777,0.999992689824728,0.999992689824727,49.41362717196501,0.0,49.97429326969871,0.0,45.59504401847981,0.0,45.30202777763531,0.0,0.0,0.0,0.0,0.0,0.0,0.0
10.0,5.85589279463973,0.0038236962737243,0.0038236962654547,0.999992689642891,0.99999268964289,49.41362719422737,0.0,49.974292909204415,0.0,45.59504401418735,0.0,45.30202770159038,0.0,0.0,0.0,0.0,0.0,0.0,0.0
10.0,5.85614280714036,0.0038237438303827,0.0038237438221136,0.999992689461046,0.999992689461046,49.41362721624956,0.0,49.97429254869547,0.0,45.59504400989472,0.0,45.302027625542266,0.0,0.0,0.0,0.0,0.0,0.0,0.0
10.0,5.85639281964098,0.003823791388423,0.0038237913801543,0.999992689279194,0.999992689279193,49.413627238033854,0.0,49.97429218817189,0.0,45.5950440056019,0.0,45.30202754949098,0.0,0.0,0.0,0.0,0.0,0.0,0.0
10.0,5.85664283214161,0.003823838947845,0.0038238389395768,0.999992689097334,0.999992689097334,49.41362725958246,0.0,49.97429182763364,0.0,45.59504400130889,0.0,45.30202747343651,0.0,0.0,0.0,0.0,0.0,0.0,0.0
10.0,5.85689284464223,0.0038238865086488,0.0038238865003811,0.999992688915467,0.999992688915466,49.41362728089759,0.0,49.97429146708075,0.0,45.59504399701571,0.0,45.30202739737887,0.0,0.0,0.0,0.0,0.0,0.0,0.0
10.0,5.85714285714286,0.0038239340708342,0.003823934062567,0.999992688733592,0.9999926887335912,49.41362730198139,0.0,49.9742911065132,0.0,45.59504399272233,0.0,45.30202732131804,0.0,0.0,0.0,0.0,0.0,0.0,0.0
10.0,5.857392869643481,0.0038239816344012,0.0038239816261345,0.99999268855171,0.999992688551709,49.41362732283604,0.0,49.97429074593101,0.0,45.59504398842876,0.0,45.302027245254045,0.0,0.0,0.0,0.0,0.0,0.0,0.0
10.0,5.85764288214411,0.0038240291993498,0.0038240291910836,0.99999268836982,0.999992688369819,49.41362734346362,0.0,49.97429038533415,0.0,45.59504398413502,0.0,45.30202716918688,0.0,0.0,0.0,0.0,0.0,0.0,0.0
10.0,5.85789289464473,0.0038240767656799,0.0038240767574141,0.999992688187922,0.999992688187921,49.41362736386623,0.0,49.97429002472265,0.0,45.59504397984109,0.0,45.302027093116514,0.0,0.0,0.0,0.0,0.0,0.0,0.0
10.0,5.85814290714536,0.0038241243333914,0.0038241243251261,0.9999926880060168,0.999992688006016,49.41362738404596,0.0,49.974289664096496,0.0,45.59504397554697,0.0,45.30202701704298,0.0,0.0,0.0,0.0,0.0,0.0,0.0
10.0,5.85839291964598,0.0038241719024842,0.0038241718942195,0.999992687824105,0.999992687824104,49.41362740400482,0.0,49.9742893034557,0.0,45.59504397125267,0.0,45.30202694096627,0.0,0.0,0.0,0.0,0.0,0.0,0.0
10.0,5.85864293214661,0.0038242194729584,0.0038242194646942,0.999992687642184,0.9999926876421829,49.41362742374484,0.0,49.97428894280024,0.0,45.59504396695818,0.0,45.30202686488639,0.0,0.0,0.0,0.0,0.0,0.0,0.0
10.0,5.85889294464723,0.0038242670448139,0.0038242670365501,0.999992687460257,0.999992687460256,49.41362744326799,0.0,49.974288582130136,0.0,45.59504396266351,0.0,45.30202678880332,0.0,0.0,0.0,0.0,0.0,0.0,0.0
10.0,5.85914295714786,0.0038243146180505,0.0038243146097873,0.999992687278321,0.999992687278321,49.41362746257627,0.0,49.97428822144538,0.0,45.595043958368656,0.0,45.30202671271707,0.0,0.0,0.0,0.0,0.0,0.0,0.0
10.0,5.85939296964848,0.0038243621926683,0.0038243621844055,0.999992687096378,0.999992687096378,49.41362748167159,0.0,49.97428786074597,0.0,45.59504395407361,0.0,45.30202663662766,0.0,0.0,0.0,0.0,0.0,0.0,0.0
10.0,5.85964298214911,0.0038244097686671,0.0038244097604049,0.999992686914428,0.999992686914428,49.41362750055589,0.0,49.97428750003191,0.0,45.59504394977838,0.0,45.302026560535055,0.0,0.0,0.0,0.0,0.0,0.0,0.0
10.0,5.85989299464973,0.003824457346047,0.0038244573377853,0.99999268673247,0.99999268673247,49.41362751923106,0.0,49.97428713930321,0.0,45.59504394548297,0.0,45.30202648443928,0.0,0.0,0.0,0.0,0.0,0.0,0.0
10.0,5.86014300715036,0.0038245049248078,0.0038245049165466,0.999992686550505,0.999992686550504,49.41362753769896,0.0,49.97428677855985,0.0,45.59504394118737,0.0,45.302026408340325,0.0,0.0,0.0,0.0,0.0,0.0,0.0
10.0,5.86039301965098,0.0038245525049495,0.0038245524966888,0.999992686368532,0.999992686368531,49.41362755596146,0.0,49.97428641780184,0.0,45.59504393689159,0.0,45.30202633223819,0.0,0.0,0.0,0.0,0.0,0.0,0.0
10.0,5.860643032151609,0.0038246000864721,0.0038246000782119,0.999992686186551,0.999992686186551,49.41362757402039,0.0,49.97428605702918,0.0,45.59504393259561,0.0,45.30202625613288,0.0,0.0,0.0,0.0,0.0,0.0,0.0
10.0,5.86089304465223,0.0038246476693755,0.0038246476611158,0.9999926860045631,0.9999926860045631,49.413627591877535,0.0,49.97428569624187,0.0,45.59504392829946,0.0,45.3020261800244,0.0,0.0,0.0,0.0,0.0,0.0,0.0
10.0,5.86114305715286,0.0038246952536596,0.0038246952454004,0.999992685822568,0.999992685822567,49.413627609534686,0.0,49.97428533543992,0.0,45.59504392400312,0.0,45.30202610391273,0.0,0.0,0.0,0.0,0.0,0.0,0.0
10.0,5.86139306965348,0.0038247428393243,0.0038247428310657,0.999992685640565,0.999992685640564,49.413627626993616,0.0,49.97428497462331,0.0,45.59504391970659,0.0,45.30202602779789,0.0,0.0,0.0,0.0,0.0,0.0,0.0
10.0,5.86164308215411,0.0038247904263697,0.0038247904181115,0.999992685458554,0.999992685458553,49.41362764425607,0.0,49.97428461379205,0.0,45.59504391540988,0.0,45.302025951679866,0.0,0.0,0.0,0.0,0.0,0.0,0.0
10.0,5.86189309465473,0.0038248380147955,0.003824838006538,0.999992685276536,0.999992685276535,49.413627661323765,0.0,49.97428425294614,0.0,45.59504391111298,0.0,45.30202587555867,0.0,0.0,0.0,0.0,0.0,0.0,0.0
10.0,5.86214310715536,0.0038248856046019,0.0038248855963449,0.99999268509451,0.999992685094509,49.4136276781984,0.0,49.97428389208558,0.0,45.5950439068159,0.0,45.30202579943429,0.0,0.0,0.0,0.0,0.0,0.0,0.0
10.0,5.86239311965598,0.0038249331957888,0.0038249331875322,0.9999926849124768,0.999992684912476,49.41362769488167,0.0,49.974283531210375,0.0,45.59504390251864,0.0,45.30202572330674,0.0,0.0,0.0,0.0,0.0,0.0,0.0
10.0,5.86264313215661,0.003824980788356,0.0038249807800999,0.999992684730436,0.9999926847304348,49.41362771137522,0.0,49.97428317032052,0.0,45.59504389822119,0.0,45.302025647176016,0.0,0.0,0.0,0.0,0.0,0.0,0.0
10.0,5.862893144657229,0.0038250283823035,0.003825028374048,0.999992684548387,0.999992684548387,49.41362772768071,0.0,49.974282809416,0.0,45.595043893923545,0.0,45.3020255710421,0.0,0.0,0.0,0.0,0.0,0.0,0.0
10.0,5.86314315715786,0.0038250759776312,0.0038250759693763,0.999992684366331,0.999992684366331,49.41362774379976,0.0,49.97428244849685,0.0,45.59504388962573,0.0,45.30202549490502,0.0,0.0,0.0,0.0,0.0,0.0,0.0
10.0,5.86339316965848,0.0038251235743392,0.0038251235660848,0.999992684184268,0.9999926841842668,49.41362775973398,0.0,49.97428208756305,0.0,45.59504388532772,0.0,45.30202541876476,0.0,0.0,0.0,0.0,0.0,0.0,0.0
10.0,5.86364318215911,0.0038251711724273,0.0038251711641734,0.999992684002197,0.999992684002196,49.41362777548494,0.0,49.97428172661459,0.0,45.595043881029525,0.0,45.30202534262132,0.0,0.0,0.0,0.0,0.0,0.0,0.0
10.0,5.86389319465973,0.0038252187718955,0.0038252187636421,0.999992683820118,0.999992683820117,49.41362779105423,0.0,49.974281365651485,0.0,45.59504387673115,0.0,45.3020252664747,0.0,0.0,0.0,0.0,0.0,0.0,0.0
10.0,5.86414320716036,0.0038252663727437,0.0038252663644908,0.999992683638032,0.999992683638032,49.413627806443394,0.0,49.97428100467373,0.0,45.59504387243259,0.0,45.302025190324905,0.0,0.0,0.0,0.0,0.0,0.0,0.0
10.0,5.86439321966098,0.0038253139749718,0.0038253139667195,0.999992683455939,0.999992683455938,49.41362782165397,0.0,49.97428064368133,0.0,45.59504386813384,0.0,45.30202511417193,0.0,0.0,0.0,0.0,0.0,0.0,0.0
10.0,5.86464323216161,0.0038253615785799,0.0038253615703281,0.999992683273837,0.999992683273837,49.41362783668746,0.0,49.97428028267428,0.0,45.5950438638349,0.0,45.30202503801578,0.0,0.0,0.0,0.0,0.0,0.0,0.0
10.0,5.86489324466223,0.0038254091835678,0.0038254091753166,0.999992683091729,0.9999926830917278,49.41362785154538,0.0,49.97427992165258,0.0,45.59504385953578,0.0,45.30202496185645,0.0,0.0,0.0,0.0,0.0,0.0,0.0
10.0,5.86514325716286,0.0038254567899355,0.0038254567816848,0.999992682909612,0.999992682909611,49.4136278662292,0.0,49.97427956061623,0.0,45.59504385523648,0.0,45.302024885693946,0.0,0.0,0.0,0.0,0.0,0.0,0.0
10.0,5.86539326966348,0.0038255043976829,0.0038255043894328,0.999992682727488,0.999992682727488,49.41362788074039,0.0,49.97427919956524,0.0,45.59504385093699,0.0,45.30202480952826,0.0,0.0,0.0,0.0,0.0,0.0,0.0
10.0,5.86564328216411,0.0038255520068099,0.0038255519985604,0.9999926825453572,0.999992682545356,49.4136278950804,0.0,49.97427883849959,0.0,45.59504384663731,0.0,45.3020247333594,0.0,0.0,0.0,0.0,0.0,0.0,0.0
10.0,5.86589329466473,0.0038255996173166,0.0038255996090676,0.999992682363218,0.9999926823632171,49.41362790925067,0.0,49.9742784774193,0.0,45.595043842337454,0.0,45.30202465718736,0.0,0.0,0.0,0.0,0.0,0.0,0.0
10.0,5.86614330716536,0.0038256472292029,0.0038256472209544,0.999992682181072,0.999992682181071,49.4136279232526,0.0,49.97427811632436,0.0,45.595043838037405,0.0,45.30202458101215,0.0,0.0,0.0,0.0,0.0,0.0,0.0
10.0,5.86639331966598,0.0038256948424686,0.0038256948342207,0.9999926819989168,0.9999926819989168,49.4136279370876,0.0,49.97427775521477,0.0,45.59504383373718,0.0,45.30202450483375,0.0,0.0,0.0,0.0,0.0,0.0,0.0
10.0,5.86664333216661,0.0038257424571137,0.0038257424488664,0.999992681816756,0.999992681816755,49.413627950757046,0.0,49.97427739409052,0.0,45.59504382943676,0.0,45.30202442865219,0.0,0.0,0.0,0.0,0.0,0.0,0.0
10.0,5.86689334466723,0.0038257900731383,0.0038257900648915,0.9999926816345872,0.999992681634586,49.41362796426232,0.0,49.97427703295163,0.0,45.59504382513616,0.0,45.30202435246744,0.0,0.0,0.0,0.0,0.0,0.0,0.0
10.0,5.86714335716786,0.0038258376905421,0.0038258376822959,0.99999268145241,0.999992681452409,49.413627977604776,0.0,49.97427667179811,0.0,45.59504382083537,0.0,45.30202427627951,0.0,0.0,0.0,0.0,0.0,0.0,0.0
10.0,5.86739336966848,0.0038258853093252,0.0038258853010796,0.999992681270226,0.9999926812702252,49.41362799078575,0.0,49.974276310629925,0.0,45.59504381653441,0.0,45.30202420008841,0.0,0.0,0.0,0.0,0.0,0.0,0.0
10.0,5.86764338216911,0.0038259329294875,0.0038259329212424,0.999992681088034,0.999992681088034,49.41362800380656,0.0,49.9742759494471,0.0,45.59504381223324,0.0,45.30202412389413,0.0,0.0,0.0,0.0,0.0,0.0,0.0
10.0,5.86789339466973,0.0038259805510289,0.0038259805427844,0.999992680905835,0.999992680905834,49.413628016668525,0.0,49.97427558824962,0.0,45.5950438079319,0.0,45.30202404769667,0.0,0.0,0.0,0.0,0.0,0.0,0.0
10.0,5.86814340717036,0.0038260281739495,0.0038260281657055,0.999992680723628,0.999992680723627,49.41362802937294,0.0,49.974275227037495,0.0,45.595043803630375,0.0,45.302023971496034,0.0,0.0,0.0,0.0,0.0,0.0,0.0
10.0,5.86839341967098,0.003826075798249,0.0038260757900056,0.999992680541414,0.999992680541413,49.413628041921086,0.0,49.97427486581071,0.0,45.59504379932866,0.0,45.30202389529222,0.0,0.0,0.0,0.0,0.0,0.0,0.0
10.0,5.86864343217161,0.0038261234239275,0.0038261234156847,0.999992680359192,0.999992680359191,49.41362805431423,0.0,49.9742745045693,0.0,45.59504379502677,0.0,45.30202381908524,0.0,0.0,0.0,0.0,0.0,0.0,0.0
10.0,5.86889344467223,0.0038261710509849,0.0038261710427427,0.999992680176962,0.999992680176962,49.41362806655363,0.0,49.97427414331324,0.0,45.59504379072469,0.0,45.302023742875065,0.0,0.0,0.0,0.0,0.0,0.0,0.0
10.0,5.86914345717286,0.0038262186794211,0.0038262186711795,0.999992679994725,0.999992679994725,49.41362807864052,0.0,49.97427378204252,0.0,45.595043786422416,0.0,45.30202366666172,0.0,0.0,0.0,0.0,0.0,0.0,0.0
10.0,5.86939346967348,0.0038262663092362,0.0038262663009951,0.999992679812481,0.99999267981248,49.413628090576125,0.0,49.97427342075716,0.0,45.59504378211996,0.0,45.3020235904452,0.0,0.0,0.0,0.0,0.0,0.0,0.0
10.0,5.86964348217411,0.0038263139404299,0.0038263139321894,0.999992679630229,0.999992679630228,49.41362810236167,0.0,49.974273059457154,0.0,45.59504377781733,0.0,45.30202351422549,0.0,0.0,0.0,0.0,0.0,0.0,0.0
10.0,5.86989349467473,0.0038263615730023,0.0038263615647624,0.9999926794479688,0.999992679447968,49.41362811399835,0.0,49.9742726981425,0.0,45.5950437735145,0.0,45.30202343800263,0.0,0.0,0.0,0.0,0.0,0.0,0.0
10.0,5.87014350717536,0.0038264092069534,0.003826409198714,0.999992679265702,0.999992679265701,49.41362812548736,0.0,49.9742723368132,0.0,45.595043769211486,0.0,45.30202336177656,0.0,0.0,0.0,0.0,0.0,0.0,0.0
10.0,5.87039351967598,0.0038264568422829,0.0038264568340442,0.9999926790834268,0.999992679083426,49.41362813682985,0.0,49.97427197546924,0.0,45.5950437649083,0.0,45.302023285547335,0.0,0.0,0.0,0.0,0.0,0.0,0.0
10.0,5.87064353217661,0.003826504478991,0.0038265044707529,0.9999926789011452,0.999992678901144,49.413628148027016,0.0,49.97427161411065,0.0,45.59504376060492,0.0,45.30202320931493,0.0,0.0,0.0,0.0,0.0,0.0,0.0
10.0,5.87089354467723,0.0038265521170775,0.00382655210884,0.999992678718855,0.999992678718854,49.41362815908,0.0,49.97427125273741,0.0,45.595043756301344,0.0,45.30202313307934,0.0,0.0,0.0,0.0,0.0,0.0,0.0
10.0,5.87114355717786,0.0038265997565424,0.0038265997483054,0.999992678536558,0.999992678536557,49.41362816998992,0.0,49.97427089134952,0.0,45.5950437519976,0.0,45.302023056840575,0.0,0.0,0.0,0.0,0.0,0.0,0.0
10.0,5.87139356967848,0.0038266473973856,0.0038266473891492,0.999992678354253,0.999992678354252,49.413628180757925,0.0,49.974270529946985,0.0,45.59504374769367,0.0,45.30202298059864,0.0,0.0,0.0,0.0,0.0,0.0,0.0
10.0,5.87164358217911,0.0038266950396071,0.0038266950313713,0.99999267817194,0.99999267817194,49.41362819138512,0.0,49.9742701685298,0.0,45.59504374338954,0.0,45.30202290435352,0.0,0.0,0.0,0.0,0.0,0.0,0.0
10.0,5.87189359467973,0.0038267426832067,0.0038267426749715,0.99999267798962,0.999992677989619,49.4136282018726,0.0,49.974269807097976,0.0,45.59504373908524,0.0,45.302022828105216,0.0,0.0,0.0,0.0,0.0,0.0,0.0
10.0,5.87214360718036,0.0038267903281845,0.0038267903199499,0.999992677807293,0.999992677807292,49.41362821222147,0.0,49.9742694456515,0.0,45.595043734780745,0.0,45.30202275185374,0.0,0.0,0.0,0.0,0.0,0.0,0.0
10.0,5.87239361968098,0.0038268379745404,0.0038268379663064,0.999992677624958,0.999992677624957,49.4136282224328,0.0,49.974269084190375,0.0,45.595043730476064,0.0,45.30202267559909,0.0,0.0,0.0,0.0,0.0,0.0,0.0
10.0,5.87264363218161,0.0038268856222742,0.0038268856140408,0.999992677442615,0.999992677442614,49.41362823250767,0.0,49.97426872271462,0.0,45.595043726171205,0.0,45.30202259934127,0.0,0.0,0.0,0.0,0.0,0.0,0.0
10.0,5.87289364468223,0.0038269332713861,0.0038269332631533,0.999992677260265,0.999992677260264,49.413628242447125,0.0,49.974268361224205,0.0,45.59504372186616,0.0,45.30202252308026,0.0,0.0,0.0,0.0,0.0,0.0,0.0
10.0,5.873143657182861,0.0038269809218759,0.0038269809136437,0.999992677077907,0.999992677077907,49.41362825225221,0.0,49.974267999719146,0.0,45.59504371756093,0.0,45.30202244681608,0.0,0.0,0.0,0.0,0.0,0.0,0.0
10.0,5.87339366968348,0.0038270285737435,0.0038270285655119,0.999992676895542,0.999992676895541,49.413628261923975,0.0,49.97426763819945,0.0,45.59504371325552,0.0,45.30202237054872,0.0,0.0,0.0,0.0,0.0,0.0,0.0
10.0,5.87364368218411,0.0038270762269889,0.0038270762187579,0.999992676713169,0.999992676713168,49.41362827146343,0.0,49.974267276665095,0.0,45.59504370894991,0.0,45.302022294278174,0.0,0.0,0.0,0.0,0.0,0.0,0.0
10.0,5.87389369468473,0.003827123881612,0.0038271238733816,0.999992676530789,0.999992676530788,49.413628280871606,0.0,49.9742669151161,0.0,45.59504370464412,0.0,45.30202221800447,0.0,0.0,0.0,0.0,0.0,0.0,0.0
10.0,5.87414370718536,0.0038271715376128,0.003827171529383,0.999992676348401,0.9999926763484,49.41362829014949,0.0,49.97426655355247,0.0,45.59504370033814,0.0,45.302022141727576,0.0,0.0,0.0,0.0,0.0,0.0,0.0
10.0,5.87439371968598,0.0038272191949912,0.003827219186762,0.9999926761660058,0.999992676166005,49.41362829929808,0.0,49.97426619197419,0.0,45.59504369603199,0.0,45.3020220654475,0.0,0.0,0.0,0.0,0.0,0.0,0.0
10.0,5.87464373218661,0.0038272668537471,0.0038272668455186,0.999992675983602,0.999992675983602,49.41362830831836,0.0,49.974265830381256,0.0,45.59504369172564,0.0,45.30202198916426,0.0,0.0,0.0,0.0,0.0,0.0,0.0
10.0,5.87489374468723,0.0038273145138806,0.0038273145056526,0.999992675801192,0.999992675801191,49.413628317211305,0.0,49.97426546877368,0.0,45.59504368741912,0.0,45.30202191287784,0.0,0.0,0.0,0.0,0.0,0.0,0.0
10.0,5.87514375718786,0.0038273621753914,0.0038273621671641,0.999992675618774,0.999992675618773,49.41362832597788,0.0,49.97426510715146,0.0,45.5950436831124,0.0,45.30202183658824,0.0,0.0,0.0,0.0,0.0,0.0,0.0
10.0,5.875393769688481,0.0038274098382797,0.003827409830053,0.999992675436348,0.999992675436348,49.41362833461904,0.0,49.9742647455146,0.0,45.5950436788055,0.0,45.30202176029546,0.0,0.0,0.0,0.0,0.0,0.0,0.0
10.0,5.87564378218911,0.0038274575025453,0.0038274574943192,0.9999926752539148,0.9999926752539148,49.41362834313572,0.0,49.97426438386309,0.0,45.595043674498406,0.0,45.30202168399951,0.0,0.0,0.0,0.0,0.0,0.0,0.0
10.0,5.87589379468973,0.0038275051681881,0.0038275051599627,0.999992675071474,0.999992675071474,49.41362835152886,0.0,49.97426402219693,0.0,45.595043670191146,0.0,45.30202160770037,0.0,0.0,0.0,0.0,0.0,0.0,0.0
10.0,5.87614380719036,0.0038275528352081,0.0038275528269833,0.999992674889026,0.999992674889026,49.41362835979938,0.0,49.97426366051614,0.0,45.595043665883686,0.0,45.30202153139806,0.0,0.0,0.0,0.0,0.0,0.0,0.0
10.0,5.87639381969098,0.0038276005036053,0.0038276004953811,0.99999267470657,0.99999267470657,49.41362836794821,0.0,49.974263298820695,0.0,45.59504366157604,0.0,45.30202145509257,0.0,0.0,0.0,0.0,0.0,0.0,0.0
10.0,5.87664383219161,0.0038276481733795,0.003827648165156,0.999992674524107,0.999992674524106,49.413628375976245,0.0,49.9742629371106,0.0,45.59504365726823,0.0,45.30202137878391,0.0,0.0,0.0,0.0,0.0,0.0,0.0
10.0,5.87689384469223,0.0038276958445308,0.0038276958363079,0.999992674341636,0.999992674341636,49.41362838388439,0.0,49.97426257538587,0.0,45.59504365296021,0.0,45.30202130247207,0.0,0.0,0.0,0.0,0.0,0.0,0.0
10.0,5.87714385719286,0.0038277435170591,0.0038277435088368,0.999992674159158,0.999992674159157,49.41362839167352,0.0,49.9742622136465,0.0,45.59504364865201,0.0,45.302021226157045,0.0,0.0,0.0,0.0,0.0,0.0,0.0
10.0,5.87739386969348,0.0038277911909642,0.0038277911827425,0.999992673976672,0.999992673976671,49.413628399344525,0.0,49.97426185189248,0.0,45.59504364434363,0.0,45.30202114983886,0.0,0.0,0.0,0.0,0.0,0.0,0.0
10.0,5.87764388219411,0.0038278388662462,0.0038278388580252,0.999992673794178,0.999992673794178,49.41362840689828,0.0,49.97426149012381,0.0,45.595043640035065,0.0,45.30202107351749,0.0,0.0,0.0,0.0,0.0,0.0,0.0
10.0,5.87789389469473,0.003827886542905,0.0038278865346846,0.999992673611678,0.999992673611677,49.41362841433564,0.0,49.9742611283405,0.0,45.59504363572631,0.0,45.30202099719293,0.0,0.0,0.0,0.0,0.0,0.0,0.0
10.0,5.87814390719536,0.0038279342209405,0.0038279342127207,0.999992673429169,0.999992673429168,49.41362842165746,0.0,49.97426076654254,0.0,45.595043631417376,0.0,45.3020209208652,0.0,0.0,0.0,0.0,0.0,0.0,0.0
10.0,5.87839391969599,0.0038279819003527,0.0038279818921336,0.999992673246653,0.999992673246652,49.41362842886458,0.0,49.974260404729954,0.0,45.595043627108254,0.0,45.302020844534304,0.0,0.0,0.0,0.0,0.0,0.0,0.0
10.0,5.878643932196609,0.0038280295811415,0.003828029572923,0.9999926730641292,0.9999926730641292,49.41362843595786,0.0,49.97426004290271,0.0,45.59504362279894,0.0,45.30202076820022,0.0,0.0,0.0,0.0,0.0,0.0,0.0
10.0,5.87889394469723,0.0038280772633068,0.003828077255089,0.999992672881598,0.999992672881597,49.4136284429381,0.0,49.97425968106083,0.0,45.59504361848945,0.0,45.30202069186296,0.0,0.0,0.0,0.0,0.0,0.0,0.0
10.0,5.87914395719786,0.0038281249468487,0.0038281249386315,0.999992672699059,0.999992672699059,49.41362844980614,0.0,49.9742593192043,0.0,45.59504361417977,0.0,45.30202061552252,0.0,0.0,0.0,0.0,0.0,0.0,0.0
10.0,5.87939396969848,0.0038281726317669,0.0038281726235504,0.9999926725165132,0.999992672516512,49.41362845656278,0.0,49.97425895733313,0.0,45.59504360986991,0.0,45.30202053917892,0.0,0.0,0.0,0.0,0.0,0.0,0.0
10.0,5.87964398219911,0.0038282203180616,0.0038282203098457,0.9999926723339588,0.999992672333958,49.41362846320883,0.0,49.97425859544731,0.0,45.595043605559866,0.0,45.30202046283212,0.0,0.0,0.0,0.0,0.0,0.0,0.0
10.0,5.87989399469974,0.0038282680057326,0.0038282679975173,0.999992672151398,0.999992672151397,49.4136284697451,0.0,49.974258233546855,0.0,45.59504360124962,0.0,45.30202038648216,0.0,0.0,0.0,0.0,0.0,0.0,0.0
10.0,5.88014400720036,0.0038283156947798,0.0038283156865652,0.999992671968829,0.999992671968828,49.41362847617236,0.0,49.97425787163176,0.0,45.595043596939206,0.0,45.302020310129016,0.0,0.0,0.0,0.0,0.0,0.0,0.0
10.0,5.88039401970098,0.0038283633852032,0.0038283633769893,0.999992671786252,0.999992671786252,49.41362848249141,0.0,49.974257509702014,0.0,45.595043592628606,0.0,45.30202023377269,0.0,0.0,0.0,0.0,0.0,0.0,0.0
10.0,5.88064403220161,0.0038284110770028,0.0038284110687895,0.999992671603668,0.999992671603668,49.41362848870299,0.0,49.974257147757626,0.0,45.59504358831781,0.0,45.3020201574132,0.0,0.0,0.0,0.0,0.0,0.0,0.0
10.0,5.88089404470224,0.0038284587701785,0.0038284587619659,0.9999926714210772,0.999992671421076,49.41362849480792,0.0,49.9742567857986,0.0,45.59504358400684,0.0,45.30202008105052,0.0,0.0,0.0,0.0,0.0,0.0,0.0
10.0,5.88114405720286,0.0038285064647302,0.0038285064565182,0.999992671238478,0.999992671238477,49.41362850080692,0.0,49.974256423824926,0.0,45.59504357969568,0.0,45.30202000468467,0.0,0.0,0.0,0.0,0.0,0.0,0.0
10.0,5.88139406970349,0.0038285541606578,0.0038285541524465,0.9999926710558708,0.9999926710558708,49.413628506700746,0.0,49.97425606183661,0.0,45.59504357538433,0.0,45.30201992831564,0.0,0.0,0.0,0.0,0.0,0.0,0.0
10.0,5.88164408220411,0.0038286018579614,0.0038286018497507,0.999992670873257,0.999992670873256,49.41362851249016,0.0,49.974255699833655,0.0,45.5950435710728,0.0,45.30201985194344,0.0,0.0,0.0,0.0,0.0,0.0,0.0
10.0,5.88189409470473,0.0038286495566408,0.0038286495484308,0.999992670690635,0.999992670690635,49.41362851817589,0.0,49.97425533781605,0.0,45.595043566761085,0.0,45.30201977556805,0.0,0.0,0.0,0.0,0.0,0.0,0.0
10.0,5.88214410720536,0.003828697256696,0.0038286972484867,0.999992670508006,0.999992670508005,49.41362852375866,0.0,49.97425497578381,0.0,45.59504356244919,0.0,45.302019699189486,0.0,0.0,0.0,0.0,0.0,0.0,0.0
10.0,5.88239411970599,0.0038287449581269,0.0038287449499183,0.999992670325369,0.9999926703253688,49.41362852923921,0.0,49.97425461373693,0.0,45.59504355813709,0.0,45.30201962280775,0.0,0.0,0.0,0.0,0.0,0.0,0.0
10.0,5.88264413220661,0.0038287926609335,0.0038287926527256,0.999992670142725,0.999992670142724,49.41362853461825,0.0,49.97425425167539,0.0,45.59504355382483,0.0,45.302019546422834,0.0,0.0,0.0,0.0,0.0,0.0,0.0
10.0,5.88289414470723,0.0038288403651158,0.0038288403569085,0.999992669960073,0.999992669960072,49.41362853989648,0.0,49.974253889599225,0.0,45.59504354951237,0.0,45.30201947003474,0.0,0.0,0.0,0.0,0.0,0.0,0.0
10.0,5.88314415720786,0.0038288880706735,0.0038288880624669,0.999992669777414,0.999992669777413,49.413628545074616,0.0,49.97425352750842,0.0,45.59504354519973,0.0,45.30201939364348,0.0,0.0,0.0,0.0,0.0,0.0,0.0
10.0,5.88339416970848,0.0038289357776068,0.0038289357694009,0.999992669594747,0.999992669594746,49.41362855015336,0.0,49.97425316540296,0.0,45.5950435408869,0.0,45.30201931724903,0.0,0.0,0.0,0.0,0.0,0.0,0.0
10.0,5.88364418220911,0.0038289834859155,0.0038289834777103,0.999992669412072,0.999992669412071,49.41362855513339,0.0,49.97425280328286,0.0,45.59504353657389,0.0,45.30201924085141,0.0,0.0,0.0,0.0,0.0,0.0,0.0
10.0,5.88389419470974,0.0038290311955996,0.003829031187395,0.99999266922939,0.99999266922939,49.4136285600154,0.0,49.97425244114813,0.0,45.59504353226069,0.0,45.302019164450606,0.0,0.0,0.0,0.0,0.0,0.0,0.0
10.0,5.884144207210359,0.003829078906659,0.0038290788984551,0.999992669046701,0.9999926690467,49.41362856480006,0.0,49.974252078998745,0.0,45.5950435279473,0.0,45.30201908804664,0.0,0.0,0.0,0.0,0.0,0.0,0.0
10.0,5.88439421971098,0.0038291266190937,0.0038291266108905,0.999992668864004,0.9999926688640032,49.41362856948804,0.0,49.97425171683472,0.0,45.59504352363374,0.0,45.30201901163948,0.0,0.0,0.0,0.0,0.0,0.0,0.0
10.0,5.88464423221161,0.0038291743329036,0.003829174324701,0.999992668681299,0.999992668681298,49.41362857408001,0.0,49.97425135465606,0.0,45.59504351931999,0.0,45.30201893522914,0.0,0.0,0.0,0.0,0.0,0.0,0.0
10.0,5.88489424471224,0.0038292220480886,0.0038292220398867,0.999992668498587,0.999992668498586,49.41362857857664,0.0,49.97425099246276,0.0,45.59504351500605,0.0,45.30201885881564,0.0,0.0,0.0,0.0,0.0,0.0,0.0
10.0,5.88514425721286,0.0038292697646487,0.0038292697564475,0.9999926683158672,0.999992668315866,49.41362858297856,0.0,49.97425063025481,0.0,45.59504351069192,0.0,45.30201878239895,0.0,0.0,0.0,0.0,0.0,0.0,0.0
10.0,5.88539426971349,0.0038293174825838,0.0038293174743834,0.99999266813314,0.999992668133139,49.41362858728644,0.0,49.97425026803222,0.0,45.59504350637761,0.0,45.30201870597909,0.0,0.0,0.0,0.0,0.0,0.0,0.0
10.0,5.88564428221411,0.0038293652018939,0.0038293651936941,0.999992667950405,0.999992667950404,49.4136285915009,0.0,49.97424990579499,0.0,45.59504350206312,0.0,45.30201862955605,0.0,0.0,0.0,0.0,0.0,0.0,0.0
10.0,5.88589429471473,0.003829412922579,0.0038294129143799,0.999992667767662,0.999992667767662,49.4136285956226,0.0,49.97424954354312,0.0,45.59504349774844,0.0,45.30201855312984,0.0,0.0,0.0,0.0,0.0,0.0,0.0
10.0,5.88614430721536,0.0038294606446388,0.0038294606364404,0.999992667584912,0.999992667584912,49.41362859965214,0.0,49.97424918127661,0.0,45.59504349343357,0.0,45.30201847670045,0.0,0.0,0.0,0.0,0.0,0.0,0.0
10.0,5.88639431971599,0.0038295083680735,0.0038295083598758,0.999992667402155,0.999992667402154,49.413628603590176,0.0,49.97424881899546,0.0,45.59504348911852,0.0,45.30201840026788,0.0,0.0,0.0,0.0,0.0,0.0,0.0
10.0,5.88664433221661,0.0038295560928829,0.0038295560846859,0.9999926672193898,0.9999926672193888,49.413628607437296,0.0,49.97424845669968,0.0,45.59504348480328,0.0,45.30201832383213,0.0,0.0,0.0,0.0,0.0,0.0,0.0
10.0,5.88689434471724,0.0038296038190669,0.0038296038108706,0.999992667036617,0.999992667036617,49.41362861119413,0.0,49.97424809438923,0.0,45.59504348048786,0.0,45.30201824739321,0.0,0.0,0.0,0.0,0.0,0.0,0.0
10.0,5.88714435721786,0.0038296515466256,0.00382965153843,0.999992666853837,0.9999926668538368,49.41362861486128,0.0,49.97424773206417,0.0,45.59504347617226,0.0,45.30201817095111,0.0,0.0,0.0,0.0,0.0,0.0,0.0
10.0,5.88739436971849,0.0038296992755589,0.003829699267364,0.99999266667105,0.999992666671049,49.41362861843935,0.0,49.97424736972445,0.0,45.595043471856464,0.0,45.30201809450583,0.0,0.0,0.0,0.0,0.0,0.0,0.0
10.0,5.88764438221911,0.0038297470058666,0.0038297469976724,0.999992666488255,0.999992666488254,49.41362862192893,0.0,49.974247007370096,0.0,45.595043467540485,0.0,45.302018018057375,0.0,0.0,0.0,0.0,0.0,0.0,0.0
10.0,5.88789439471974,0.0038297947375488,0.0038297947293553,0.999992666305452,0.999992666305451,49.41362862533062,0.0,49.9742466450011,0.0,45.595043463224336,0.0,45.30201794160574,0.0,0.0,0.0,0.0,0.0,0.0,0.0
10.0,5.88814440722036,0.0038298424706054,0.0038298424624126,0.999992666122642,0.999992666122641,49.41362862864499,0.0,49.97424628261746,0.0,45.59504345890798,0.0,45.30201786515094,0.0,0.0,0.0,0.0,0.0,0.0,0.0
10.0,5.88839441972098,0.0038298902050362,0.0038298901968441,0.9999926659398242,0.999992665939823,49.41362863187263,0.0,49.9742459202192,0.0,45.59504345459145,0.0,45.30201778869296,0.0,0.0,0.0,0.0,0.0,0.0,0.0
10.0,5.88864443222161,0.0038299379408414,0.00382993793265,0.9999926657569989,0.999992665756998,49.413628635014135,0.0,49.97424555780627,0.0,45.59504345027473,0.0,45.30201771223179,0.0,0.0,0.0,0.0,0.0,0.0,0.0
10.0,5.888894444722241,0.0038299856780208,0.0038299856698301,0.999992665574166,0.9999926655741648,49.41362863807004,0.0,49.97424519537873,0.0,45.59504344595783,0.0,45.30201763576745,0.0,0.0,0.0,0.0,0.0,0.0,0.0
10.0,5.88914445722286,0.0038300334165743,0.0038300334083843,0.9999926653913248,0.999992665391324,49.41362864104092,0.0,49.97424483293653,0.0,45.59504344164074,0.0,45.30201755929994,0.0,0.0,0.0,0.0,0.0,0.0,0.0
10.0,5.88939446972349,0.0038300811565019,0.0038300811483126,0.9999926652084772,0.9999926652084772,49.41362864392735,0.0,49.97424447047969,0.0,45.59504343732347,0.0,45.30201748282924,0.0,0.0,0.0,0.0,0.0,0.0,0.0
10.0,5.88964448222411,0.0038301288978035,0.003830128889615,0.999992665025622,0.999992665025621,49.41362864672986,0.0,49.97424410800821,0.0,45.59504343300601,0.0,45.302017406355375,0.0,0.0,0.0,0.0,0.0,0.0,0.0
10.0,5.88989449472474,0.0038301766404791,0.0038301766322913,0.9999926648427592,0.999992664842758,49.413628649449024,0.0,49.974243745522095,0.0,45.59504342868836,0.0,45.30201732987834,0.0,0.0,0.0,0.0,0.0,0.0,0.0
10.0,5.89014450722536,0.0038302243845286,0.0038302243763415,0.999992664659888,0.999992664659888,49.41362865208536,0.0,49.97424338302135,0.0,45.59504342437054,0.0,45.302017253398105,0.0,0.0,0.0,0.0,0.0,0.0,0.0
10.0,5.89039451972599,0.003830272129952,0.0038302721217656,0.99999266447701,0.999992664477009,49.413628654639446,0.0,49.97424302050595,0.0,45.59504342005252,0.0,45.30201717691472,0.0,0.0,0.0,0.0,0.0,0.0,0.0
10.0,5.89064453222661,0.0038303198767491,0.0038303198685635,0.999992664294124,0.999992664294124,49.41362865711178,0.0,49.97424265797592,0.0,45.59504341573432,0.0,45.30201710042813,0.0,0.0,0.0,0.0,0.0,0.0,0.0
10.0,5.89089454472724,0.00383036762492,0.0038303676167351,0.999992664111231,0.99999266411123,49.41362865950292,0.0,49.974242295431246,0.0,45.59504341141594,0.0,45.302017023938376,0.0,0.0,0.0,0.0,0.0,0.0,0.0
10.0,5.89114455722786,0.0038304153744646,0.0038304153662804,0.99999266392833,0.99999266392833,49.41362866181338,0.0,49.974241932871934,0.0,45.59504340709737,0.0,45.302016947445445,0.0,0.0,0.0,0.0,0.0,0.0,0.0
10.0,5.89139456972849,0.0038304631253828,0.0038304631171993,0.999992663745422,0.999992663745421,49.41362866404367,0.0,49.974241570297984,0.0,45.59504340277861,0.0,45.30201687094935,0.0,0.0,0.0,0.0,0.0,0.0,0.0
10.0,5.89164458222911,0.0038305108776745,0.0038305108694918,0.9999926635625062,0.999992663562505,49.41362866619432,0.0,49.97424120770939,0.0,45.59504339845967,0.0,45.30201679445006,0.0,0.0,0.0,0.0,0.0,0.0,0.0
10.0,5.89189459472974,0.0038305586313398,0.0038305586231578,0.999992663379583,0.999992663379582,49.41362866826584,0.0,49.97424084510616,0.0,45.59504339414055,0.0,45.3020167179476,0.0,0.0,0.0,0.0,0.0,0.0,0.0
10.0,5.89214460723036,0.0038306063863785,0.0038306063781972,0.999992663196652,0.999992663196651,49.41362867025875,0.0,49.9742404824883,0.0,45.59504338982124,0.0,45.30201664144196,0.0,0.0,0.0,0.0,0.0,0.0,0.0
10.0,5.89239461973099,0.0038306541427906,0.00383065413461,0.999992663013713,0.999992663013713,49.41362867217354,0.0,49.974240119855786,0.0,45.59504338550174,0.0,45.30201656493316,0.0,0.0,0.0,0.0,0.0,0.0,0.0
10.0,5.89264463223161,0.003830701900576,0.0038307018923962,0.9999926628307668,0.999992662830767,49.41362867401071,0.0,49.97423975720864,0.0,45.59504338118206,0.0,45.30201648842116,0.0,0.0,0.0,0.0,0.0,0.0,0.0
10.0,5.89289464473224,0.0038307496597347,0.0038307496515556,0.999992662647814,0.999992662647813,49.41362867577077,0.0,49.97423939454686,0.0,45.595043376862186,0.0,45.302016411906,0.0,0.0,0.0,0.0,0.0,0.0,0.0
10.0,5.89314465723286,0.0038307974202665,0.0038307974120882,0.9999926624648532,0.999992662464852,49.41362867745418,0.0,49.97423903187044,0.0,45.595043372542136,0.0,45.30201633538765,0.0,0.0,0.0,0.0,0.0,0.0,0.0
10.0,5.89339466973349,0.0038308451821716,0.003830845173994,0.999992662281884,0.999992662281884,49.413628679061446,0.0,49.97423866917937,0.0,45.5950433682219,0.0,45.30201625886613,0.0,0.0,0.0,0.0,0.0,0.0,0.0
10.0,5.89364468223411,0.0038308929454497,0.0038308929372729,0.999992662098908,0.999992662098907,49.41362868059305,0.0,49.97423830647368,0.0,45.59504336390149,0.0,45.30201618234143,0.0,0.0,0.0,0.0,0.0,0.0,0.0
10.0,5.89389469473474,0.0038309407101009,0.0038309407019248,0.999992661915925,0.9999926619159238,49.41362868204948,0.0,49.974237943753344,0.0,45.59504335958087,0.0,45.30201610581355,0.0,0.0,0.0,0.0,0.0,0.0,0.0
10.0,5.89414470723536,0.003830988476125,0.0038309884679497,0.999992661732933,0.999992661732932,49.41362868343119,0.0,49.97423758101837,0.0,45.59504335526008,0.0,45.302016029282505,0.0,0.0,0.0,0.0,0.0,0.0,0.0
10.0,5.894394719735991,0.0038310362435221,0.0038310362353475,0.999992661549935,0.9999926615499342,49.41362868473865,0.0,49.97423721826876,0.0,45.5950433509391,0.0,45.302015952748285,0.0,0.0,0.0,0.0,0.0,0.0,0.0
10.0,5.89464473223661,0.003831084012292,0.0038310840041181,0.999992661366928,0.999992661366927,49.41362868597234,0.0,49.97423685550449,0.0,45.59504334661794,0.0,45.30201587621088,0.0,0.0,0.0,0.0,0.0,0.0,0.0
10.0,5.89489474473724,0.0038311317824347,0.0038311317742616,0.9999926611839138,0.9999926611839138,49.41362868713272,0.0,49.974236492725616,0.0,45.59504334229659,0.0,45.30201579967029,0.0,0.0,0.0,0.0,0.0,0.0,0.0
10.0,5.89514475723786,0.0038311795539501,0.0038311795457778,0.9999926610008932,0.999992661000892,49.41362868822024,0.0,49.97423612993208,0.0,45.595043337975056,0.0,45.30201572312653,0.0,0.0,0.0,0.0,0.0,0.0,0.0
10.0,5.89539476973849,0.0038312273268382,0.0038312273186666,0.999992660817864,0.999992660817863,49.413628689235374,0.0,49.97423576712392,0.0,45.59504333365334,0.0,45.302015646579605,0.0,0.0,0.0,0.0,0.0,0.0,0.0
10.0,5.89564478223911,0.003831275101099,0.0038312750929282,0.999992660634827,0.999992660634827,49.41362869017855,0.0,49.97423540430112,0.0,45.59504332933144,0.0,45.30201557002949,0.0,0.0,0.0,0.0,0.0,0.0,0.0
10.0,5.89589479473974,0.0038313228767323,0.0038313228685622,0.999992660451783,0.999992660451783,49.41362869105023,0.0,49.97423504146368,0.0,45.59504332500934,0.0,45.3020154934762,0.0,0.0,0.0,0.0,0.0,0.0,0.0
10.0,5.89614480724036,0.0038313706537381,0.0038313706455688,0.999992660268732,0.9999926602687308,49.41362869185084,0.0,49.97423467861161,0.0,45.59504332068708,0.0,45.30201541691974,0.0,0.0,0.0,0.0,0.0,0.0,0.0
10.0,5.89639481974099,0.0038314184321164,0.0038314184239478,0.999992660085673,0.999992660085672,49.41362869258084,0.0,49.974234315744894,0.0,45.59504331636461,0.0,45.3020153403601,0.0,0.0,0.0,0.0,0.0,0.0,0.0
10.0,5.896644832241611,0.003831466211867,0.0038314662036992,0.999992659902606,0.999992659902605,49.41362869324064,0.0,49.974233952863536,0.0,45.595043312041966,0.0,45.30201526379727,0.0,0.0,0.0,0.0,0.0,0.0,0.0
10.0,5.89689484474224,0.00383151399299,0.003831513984823,0.999992659719532,0.999992659719531,49.41362869383069,0.0,49.97423358996754,0.0,45.59504330771914,0.0,45.30201518723128,0.0,0.0,0.0,0.0,0.0,0.0,0.0
10.0,5.89714485724286,0.0038315617754853,0.003831561767319,0.99999265953645,0.9999926595364488,49.41362869435143,0.0,49.97423322705692,0.0,45.595043303396125,0.0,45.30201511066211,0.0,0.0,0.0,0.0,0.0,0.0,0.0
10.0,5.89739486974349,0.0038316095593527,0.0038316095511872,0.999992659353361,0.99999265935336,49.41362869480326,0.0,49.97423286413167,0.0,45.59504329907291,0.0,45.30201503408977,0.0,0.0,0.0,0.0,0.0,0.0,0.0
10.0,5.89764488224411,0.0038316573445924,0.0038316573364276,0.999992659170264,0.999992659170263,49.41362869518662,0.0,49.97423250119176,0.0,45.59504329474953,0.0,45.30201495751424,0.0,0.0,0.0,0.0,0.0,0.0,0.0
10.0,5.89789489474474,0.0038317051312041,0.0038317051230401,0.999992658987159,0.999992658987159,49.41362869550191,0.0,49.97423213823723,0.0,45.59504329042596,0.0,45.30201488093554,0.0,0.0,0.0,0.0,0.0,0.0,0.0
10.0,5.89814490724536,0.0038317529191878,0.0038317529110246,0.999992658804048,0.9999926588040468,49.41362869574956,0.0,49.97423177526805,0.0,45.59504328610221,0.0,45.30201480435366,0.0,0.0,0.0,0.0,0.0,0.0,0.0
10.0,5.89839491974599,0.0038318007085435,0.0038318007003811,0.999992658620928,0.999992658620928,49.413628695929965,0.0,49.97423141228424,0.0,45.59504328177827,0.0,45.3020147277686,0.0,0.0,0.0,0.0,0.0,0.0,0.0
10.0,5.89864493224661,0.0038318484992712,0.0038318484911096,0.9999926584378008,0.9999926584378008,49.41362869604356,0.0,49.9742310492858,0.0,45.59504327745413,0.0,45.30201465118037,0.0,0.0,0.0,0.0,0.0,0.0,0.0
10.0,5.89889494474724,0.0038318962913707,0.0038318962832098,0.999992658254667,0.999992658254666,49.413628696090726,0.0,49.97423068627271,0.0,45.59504327312982,0.0,45.30201457458897,0.0,0.0,0.0,0.0,0.0,0.0,0.0
10.0,5.89914495724786,0.003831944084842,0.0038319440766819,0.999992658071525,0.999992658071524,49.41362869607187,0.0,49.974230323245,0.0,45.59504326880533,0.0,45.30201449799439,0.0,0.0,0.0,0.0,0.0,0.0,0.0
10.0,5.89939496974849,0.003831991879685,0.0038319918715257,0.999992657888375,0.999992657888375,49.41362869598738,0.0,49.97422996020264,0.0,45.59504326448064,0.0,45.30201442139663,0.0,0.0,0.0,0.0,0.0,0.0,0.0
10.0,5.89964498224911,0.0038320396758998,0.0038320396677413,0.999992657705218,0.999992657705218,49.41362869583767,0.0,49.97422959714565,0.0,45.59504326015578,0.0,45.30201434479569,0.0,0.0,0.0,0.0,0.0,0.0,0.0
10.0,5.899894994749739,0.0038320874734861,0.0038320874653284,0.999992657522054,0.999992657522053,49.413628695623125,0.0,49.974229234074016,0.0,45.59504325583072,0.0,45.30201426819158,0.0,0.0,0.0,0.0,0.0,0.0,0.0
10.0,5.90014500725036,0.0038321352724441,0.0038321352642871,0.999992657338881,0.99999265733888,49.41362869534412,0.0,49.97422887098776,0.0,45.59504325150548,0.0,45.30201419158429,0.0,0.0,0.0,0.0,0.0,0.0,0.0
10.0,5.90039501975099,0.0038321830727735,0.0038321830646173,0.999992657155701,0.999992657155701,49.41362869500107,0.0,49.97422850788686,0.0,45.59504324718006,0.0,45.302014114973815,0.0,0.0,0.0,0.0,0.0,0.0,0.0
10.0,5.90064503225161,0.0038322308744744,0.003832230866319,0.999992656972514,0.9999926569725128,49.41362869459432,0.0,49.97422814477133,0.0,45.59504324285445,0.0,45.30201403836017,0.0,0.0,0.0,0.0,0.0,0.0,0.0
10.0,5.90089504475224,0.0038322786775467,0.0038322786693921,0.999992656789319,0.999992656789318,49.41362869412427,0.0,49.974227781641154,0.0,45.59504323852866,0.0,45.30201396174336,0.0,0.0,0.0,0.0,0.0,0.0,0.0
10.0,5.90114505725286,0.0038323264819903,0.0038323264738365,0.999992656606117,0.999992656606116,49.4136286935913,0.0,49.97422741849635,0.0,45.59504323420269,0.0,45.30201388512336,0.0,0.0,0.0,0.0,0.0,0.0,0.0
10.0,5.90139506975349,0.0038323742878052,0.0038323742796522,0.9999926564229068,0.999992656422906,49.41362869299576,0.0,49.9742270553369,0.0,45.59504322987652,0.0,45.302013808500185,0.0,0.0,0.0,0.0,0.0,0.0,0.0
10.0,5.90164508225411,0.0038324220949913,0.0038324220868391,0.99999265623969,0.999992656239689,49.41362869233805,0.0,49.97422669216284,0.0,45.59504322555016,0.0,45.30201373187384,0.0,0.0,0.0,0.0,0.0,0.0,0.0
10.0,5.90189509475474,0.0038324699035485,0.0038324698953971,0.999992656056465,0.999992656056464,49.4136286916185,0.0,49.974226328974126,0.0,45.595043221223634,0.0,45.30201365524432,0.0,0.0,0.0,0.0,0.0,0.0,0.0
10.0,5.902145107255359,0.0038325177134769,0.0038325177053263,0.999992655873232,0.999992655873231,49.41362869083751,0.0,49.97422596577078,0.0,45.59504321689691,0.0,45.30201357861161,0.0,0.0,0.0,0.0,0.0,0.0,0.0
10.0,5.90239511975599,0.0038325655247763,0.0038325655166265,0.999992655689992,0.9999926556899912,49.41362868999543,0.0,49.97422560255279,0.0,45.595043212570005,0.0,45.302013501975736,0.0,0.0,0.0,0.0,0.0,0.0,0.0
10.0,5.90264513225661,0.0038326133374466,0.0038326133292976,0.999992655506744,0.999992655506744,49.41362868909261,0.0,49.97422523932018,0.0,45.59504320824292,0.0,45.30201342533668,0.0,0.0,0.0,0.0,0.0,0.0,0.0
10.0,5.90289514475724,0.0038326611514879,0.0038326611433397,0.9999926553234888,0.9999926553234888,49.41362868812939,0.0,49.97422487607292,0.0,45.59504320391564,0.0,45.302013348694445,0.0,0.0,0.0,0.0,0.0,0.0,0.0
10.0,5.90314515725786,0.0038327089669001,0.0038327089587527,0.9999926551402268,0.9999926551402258,49.41362868710616,0.0,49.97422451281104,0.0,45.595043199588176,0.0,45.30201327204904,0.0,0.0,0.0,0.0,0.0,0.0,0.0
10.0,5.90339516975849,0.0038327567836831,0.0038327567755365,0.999992654956956,0.999992654956956,49.41362868602326,0.0,49.974224149534514,0.0,45.59504319526053,0.0,45.30201319540045,0.0,0.0,0.0,0.0,0.0,0.0,0.0
10.0,5.90364518225911,0.0038328046018368,0.003832804593691,0.999992654773678,0.999992654773678,49.41362868488102,0.0,49.97422378624336,0.0,45.5950431909327,0.0,45.3020131187487,0.0,0.0,0.0,0.0,0.0,0.0,0.0
10.0,5.90389519475974,0.0038328524213612,0.0038328524132162,0.999992654590393,0.999992654590392,49.41362868367978,0.0,49.97422342293756,0.0,45.59504318660469,0.0,45.30201304209376,0.0,0.0,0.0,0.0,0.0,0.0,0.0
10.0,5.90414520726036,0.0038329002422562,0.003832900234112,0.9999926544071,0.9999926544071,49.41362868241991,0.0,49.97422305961714,0.0,45.59504318227648,0.0,45.30201296543564,0.0,0.0,0.0,0.0,0.0,0.0,0.0
10.0,5.90439521976099,0.0038329480645218,0.0038329480563785,0.9999926542238,0.999992654223799,49.41362868110173,0.0,49.97422269628208,0.0,45.59504317794809,0.0,45.30201288877434,0.0,0.0,0.0,0.0,0.0,0.0,0.0
10.0,5.90464523226161,0.0038329958881579,0.0038329958800154,0.999992654040492,0.999992654040491,49.413628679725576,0.0,49.97422233293239,0.0,45.59504317361952,0.0,45.30201281210988,0.0,0.0,0.0,0.0,0.0,0.0,0.0
10.0,5.90489524476224,0.0038330437131645,0.0038330437050228,0.9999926538571772,0.999992653857176,49.413628678291786,0.0,49.974221969568056,0.0,45.59504316929076,0.0,45.30201273544224,0.0,0.0,0.0,0.0,0.0,0.0,0.0
10.0,5.90514525726286,0.0038330915395415,0.0038330915314005,0.999992653673854,0.999992653673853,49.41362867680069,0.0,49.9742216061891,0.0,45.59504316496182,0.0,45.30201265877141,0.0,0.0,0.0,0.0,0.0,0.0,0.0
10.0,5.90539526976349,0.0038331393672888,0.0038331393591487,0.9999926534905232,0.999992653490522,49.41362867525262,0.0,49.97422124279549,0.0,45.5950431606327,0.0,45.30201258209742,0.0,0.0,0.0,0.0,0.0,0.0,0.0
10.0,5.90564528226411,0.0038331871964063,0.0038331871882671,0.999992653307185,0.999992653307184,49.41362867364789,0.0,49.97422087938727,0.0,45.595043156303376,0.0,45.30201250542024,0.0,0.0,0.0,0.0,0.0,0.0,0.0
10.0,5.90589529476474,0.0038332350268941,0.0038332350187557,0.999992653123839,0.999992653123839,49.41362867198684,0.0,49.9742205159644,0.0,45.59504315197388,0.0,45.3020124287399,0.0,0.0,0.0,0.0,0.0,0.0,0.0
10.0,5.90614530726536,0.0038332828587521,0.0038332828506145,0.999992652940486,0.999992652940485,49.41362867026977,0.0,49.9742201525269,0.0,45.59504314764419,0.0,45.30201235205637,0.0,0.0,0.0,0.0,0.0,0.0,0.0
10.0,5.90639531976599,0.0038333306919802,0.0038333306838433,0.999992652757125,0.999992652757125,49.41362866849702,0.0,49.97421978907477,0.0,45.59504314331433,0.0,45.30201227536967,0.0,0.0,0.0,0.0,0.0,0.0,0.0
10.0,5.90664533226661,0.0038333785265783,0.0038333785184423,0.999992652573757,0.999992652573757,49.413628666668885,0.0,49.974219425608005,0.0,45.59504313898427,0.0,45.3020121986798,0.0,0.0,0.0,0.0,0.0,0.0,0.0
10.0,5.90689534476724,0.0038334263625464,0.0038334263544112,0.999992652390381,0.999992652390381,49.413628664785705,0.0,49.97421906212661,0.0,45.595043134654034,0.0,45.30201212198674,0.0,0.0,0.0,0.0,0.0,0.0,0.0
10.0,5.90714535726786,0.0038334741998844,0.00383347419175,0.999992652206998,0.999992652206997,49.41362866284776,0.0,49.97421869863057,0.0,45.59504313032361,0.0,45.30201204529051,0.0,0.0,0.0,0.0,0.0,0.0,0.0
10.0,5.90739536976849,0.0038335220385923,0.0038335220304587,0.999992652023607,0.999992652023606,49.41362866085539,0.0,49.97421833511991,0.0,45.595043125993,0.0,45.3020119685911,0.0,0.0,0.0,0.0,0.0,0.0,0.0
10.0,5.907645382269109,0.0038335698786699,0.0038335698705373,0.999992651840209,0.999992651840208,49.41362865880888,0.0,49.97421797159461,0.0,45.5950431216622,0.0,45.30201189188852,0.0,0.0,0.0,0.0,0.0,0.0,0.0
10.0,5.90789539476974,0.0038336177201174,0.0038336177119855,0.9999926516568028,0.9999926516568018,49.41362865670854,0.0,49.97421760805468,0.0,45.59504311733122,0.0,45.30201181518275,0.0,0.0,0.0,0.0,0.0,0.0,0.0
10.0,5.90814540727036,0.0038336655629345,0.0038336655548035,0.9999926514733888,0.9999926514733888,49.41362865455466,0.0,49.97421724450012,0.0,45.59504311300005,0.0,45.302011738473816,0.0,0.0,0.0,0.0,0.0,0.0,0.0
10.0,5.90839541977099,0.0038337134071213,0.0038337133989911,0.999992651289968,0.999992651289968,49.41362865234756,0.0,49.97421688093092,0.0,45.59504310866871,0.0,45.30201166176171,0.0,0.0,0.0,0.0,0.0,0.0,0.0
10.0,5.90864543227161,0.0038337612526776,0.0038337612445483,0.99999265110654,0.9999926511065388,49.41362865008752,0.0,49.97421651734709,0.0,45.595043104337165,0.0,45.302011585046415,0.0,0.0,0.0,0.0,0.0,0.0,0.0
10.0,5.90889544477224,0.0038338090996035,0.003833809091475,0.999992650923104,0.999992650923103,49.41362864777486,0.0,49.97421615374862,0.0,45.59504310000545,0.0,45.30201150832795,0.0,0.0,0.0,0.0,0.0,0.0,0.0
10.0,5.90914545727286,0.0038338569478988,0.0038338569397712,0.99999265073966,0.999992650739659,49.41362864540984,0.0,49.97421579013552,0.0,45.595043095673546,0.0,45.30201143160631,0.0,0.0,0.0,0.0,0.0,0.0,0.0
10.0,5.90939546977349,0.0038339047975635,0.0038339047894367,0.999992650556209,0.999992650556208,49.41362864299277,0.0,49.97421542650781,0.0,45.59504309134145,0.0,45.302011354881486,0.0,0.0,0.0,0.0,0.0,0.0,0.0
10.0,5.90964548227411,0.0038339526485976,0.0038339526404716,0.99999265037275,0.9999926503727492,49.41362864052393,0.0,49.97421506286543,0.0,45.59504308700917,0.0,45.3020112781535,0.0,0.0,0.0,0.0,0.0,0.0,0.0
10.0,5.90989549477474,0.0038340005010009,0.0038340004928758,0.999992650189284,0.999992650189283,49.413628638003615,0.0,49.97421469920844,0.0,45.59504308267672,0.0,45.30201120142232,0.0,0.0,0.0,0.0,0.0,0.0,0.0
10.0,5.91014550727536,0.0038340483547735,0.0038340483466492,0.99999265000581,0.99999265000581,49.4136286354321,0.0,49.97421433553681,0.0,45.59504307834407,0.0,45.30201112468798,0.0,0.0,0.0,0.0,0.0,0.0,0.0
10.0,5.91039551977599,0.0038340962099152,0.0038340962017918,0.9999926498223288,0.999992649822328,49.41362863280967,0.0,49.97421397185055,0.0,45.59504307401124,0.0,45.30201104795045,0.0,0.0,0.0,0.0,0.0,0.0,0.0
10.0,5.91064553227661,0.0038341440664261,0.0038341440583035,0.9999926496388402,0.9999926496388392,49.41362863013661,0.0,49.97421360814967,0.0,45.59504306967821,0.0,45.30201097120976,0.0,0.0,0.0,0.0,0.0,0.0,0.0
10.0,5.91089554477724,0.0038341919243059,0.0038341919161842,0.999992649455343,0.999992649455343,49.41362862741319,0.0,49.97421324443414,0.0,45.59504306534501,0.0,45.30201089446588,0.0,0.0,0.0,0.0,0.0,0.0,0.0
10.0,5.91114555727786,0.0038342397835548,0.0038342397754339,0.99999264927184,0.999992649271839,49.413628624639685,0.0,49.97421288070399,0.0,45.59504306101162,0.0,45.30201081771883,0.0,0.0,0.0,0.0,0.0,0.0,0.0
10.0,5.91139556977849,0.0038342876441726,0.0038342876360526,0.999992649088328,0.999992649088327,49.41362862181637,0.0,49.974212516959206,0.0,45.59504305667805,0.0,45.302010740968605,0.0,0.0,0.0,0.0,0.0,0.0,0.0
10.0,5.91164558227911,0.0038343355061593,0.0038343354980401,0.999992648904809,0.999992648904808,49.413628618943534,0.0,49.97421215319979,0.0,45.595043052344295,0.0,45.3020106642152,0.0,0.0,0.0,0.0,0.0,0.0,0.0
10.0,5.91189559477974,0.0038343833695148,0.0038343833613965,0.999992648721282,0.999992648721282,49.41362861602141,0.0,49.97421178942574,0.0,45.595043048010346,0.0,45.30201058745861,0.0,0.0,0.0,0.0,0.0,0.0,0.0
10.0,5.91214560728036,0.003834431234239,0.0038344312261216,0.999992648537748,0.999992648537748,49.41362861305031,0.0,49.97421142563706,0.0,45.59504304367621,0.0,45.30201051069886,0.0,0.0,0.0,0.0,0.0,0.0,0.0
10.0,5.912395619780991,0.003834479100332,0.0038344790922154,0.999992648354207,0.999992648354206,49.41362861003045,0.0,49.97421106183374,0.0,45.5950430393419,0.0,45.302010433935926,0.0,0.0,0.0,0.0,0.0,0.0,0.0
10.0,5.91264563228161,0.0038345269677935,0.0038345269596778,0.999992648170657,0.999992648170657,49.41362860696213,0.0,49.9742106980158,0.0,45.5950430350074,0.0,45.30201035716981,0.0,0.0,0.0,0.0,0.0,0.0,0.0
10.0,5.91289564478224,0.0038345748366237,0.0038345748285088,0.999992647987101,0.9999926479871,49.4136286038456,0.0,49.97421033418322,0.0,45.59504303067271,0.0,45.30201028040053,0.0,0.0,0.0,0.0,0.0,0.0,0.0
10.0,5.91314565728286,0.0038346227068224,0.0038346226987084,0.999992647803536,0.999992647803536,49.41362860068112,0.0,49.97420997033601,0.0,45.59504302633785,0.0,45.30201020362807,0.0,0.0,0.0,0.0,0.0,0.0,0.0
10.0,5.91339566978349,0.0038346705783895,0.0038346705702764,0.999992647619965,0.999992647619964,49.41362859746896,0.0,49.974209606474176,0.0,45.5950430220028,0.0,45.30201012685243,0.0,0.0,0.0,0.0,0.0,0.0,0.0
10.0,5.91364568228411,0.0038347184513251,0.0038347184432128,0.999992647436385,0.999992647436385,49.41362859420934,0.0,49.97420924259771,0.0,45.59504301766756,0.0,45.30201005007362,0.0,0.0,0.0,0.0,0.0,0.0,0.0
10.0,5.91389569478474,0.0038347663256289,0.0038347663175176,0.999992647252798,0.999992647252798,49.41362859090256,0.0,49.974208878706605,0.0,45.59504301333212,0.0,45.302009973291625,0.0,0.0,0.0,0.0,0.0,0.0,0.0
10.0,5.91414570728536,0.0038348142013011,0.0038348141931906,0.999992647069204,0.999992647069203,49.41362858754884,0.0,49.97420851480088,0.0,45.59504300899652,0.0,45.302009896506455,0.0,0.0,0.0,0.0,0.0,0.0,0.0
10.0,5.91439571978599,0.0038348620783415,0.0038348620702319,0.999992646885602,0.9999926468856009,49.41362858414844,0.0,49.97420815088052,0.0,45.59504300466072,0.0,45.30200981971812,0.0,0.0,0.0,0.0,0.0,0.0,0.0
10.0,5.91464573228661,0.0038349099567501,0.0038349099486413,0.999992646701993,0.9999926467019918,49.41362858070161,0.0,49.97420778694553,0.0,45.595043000324736,0.0,45.3020097429266,0.0,0.0,0.0,0.0,0.0,0.0,0.0
10.0,5.91489574478724,0.0038349578365268,0.0038349578284189,0.999992646518375,0.999992646518375,49.4136285772086,0.0,49.9742074229959,0.0,45.59504299598857,0.0,45.3020096661319,0.0,0.0,0.0,0.0,0.0,0.0,0.0
10.0,5.91514575728786,0.0038350057176715,0.0038350057095645,0.999992646334751,0.99999264633475,49.41362857366964,0.0,49.974207059031656,0.0,45.59504299165222,0.0,45.30200958933403,0.0,0.0,0.0,0.0,0.0,0.0,0.0
10.0,5.91539576978849,0.0038350536001842,0.0038350535920781,0.9999926461511192,0.999992646151118,49.413628570085,0.0,49.97420669505277,0.0,45.59504298731568,0.0,45.30200951253298,0.0,0.0,0.0,0.0,0.0,0.0,0.0
10.0,5.91564578228911,0.0038351014840649,0.0038351014759596,0.9999926459674792,0.999992645967478,49.41362856645489,0.0,49.97420633105925,0.0,45.59504298297896,0.0,45.30200943572876,0.0,0.0,0.0,0.0,0.0,0.0,0.0
10.0,5.91589579478974,0.0038351493693134,0.0038351493612091,0.999992645783832,0.999992645783831,49.41362856277957,0.0,49.97420596705111,0.0,45.595042978642056,0.0,45.30200935892136,0.0,0.0,0.0,0.0,0.0,0.0,0.0
10.0,5.91614580729036,0.0038351972559298,0.0038351972478263,0.999992645600177,0.999992645600177,49.41362855905928,0.0,49.97420560302833,0.0,45.59504297430496,0.0,45.30200928211078,0.0,0.0,0.0,0.0,0.0,0.0,0.0
10.0,5.91639581979099,0.0038352451439139,0.0038352451358113,0.999992645416515,0.999992645416514,49.41362855529423,0.0,49.97420523899093,0.0,45.59504296996767,0.0,45.30200920529703,0.0,0.0,0.0,0.0,0.0,0.0,0.0
10.0,5.91664583229161,0.0038352930332657,0.003835293025164,0.9999926452328448,0.9999926452328448,49.41362855148469,0.0,49.9742048749389,0.0,45.59504296563021,0.0,45.3020091284801,0.0,0.0,0.0,0.0,0.0,0.0,0.0
10.0,5.91689584479224,0.0038353409239852,0.0038353409158844,0.999992645049168,0.999992645049167,49.41362854763087,0.0,49.97420451087224,0.0,45.59504296129258,0.0,45.30200905166,0.0,0.0,0.0,0.0,0.0,0.0,0.0
10.0,5.91714585729286,0.0038353888160722,0.0038353888079723,0.999992644865483,0.999992644865482,49.41362854373301,0.0,49.97420414679094,0.0,45.59504295695474,0.0,45.30200897483672,0.0,0.0,0.0,0.0,0.0,0.0,0.0
10.0,5.91739586979349,0.0038354367095268,0.0038354367014278,0.999992644681791,0.99999264468179,49.41362853979135,0.0,49.97420378269502,0.0,45.59504295261672,0.0,45.30200889801026,0.0,0.0,0.0,0.0,0.0,0.0,0.0
10.0,5.91764588229412,0.0038354846043489,0.0038354845962507,0.99999264449809,0.99999264449809,49.41362853580608,0.0,49.97420341858446,0.0,45.59504294827851,0.0,45.30200882118063,0.0,0.0,0.0,0.0,0.0,0.0,0.0
10.0,5.917895894794741,0.0038355325005383,0.003835532492441,0.999992644314383,0.9999926443143818,49.41362853177746,0.0,49.97420305445928,0.0,45.59504294394012,0.0,45.30200874434782,0.0,0.0,0.0,0.0,0.0,0.0,0.0
10.0,5.91814590729536,0.0038355803980951,0.0038355803899987,0.999992644130668,0.999992644130667,49.41362852770572,0.0,49.97420269031947,0.0,45.59504293960154,0.0,45.30200866751183,0.0,0.0,0.0,0.0,0.0,0.0,0.0
10.0,5.91839591979599,0.0038356282970192,0.0038356282889237,0.9999926439469448,0.9999926439469448,49.41362852359105,0.0,49.97420232616502,0.0,45.59504293526279,0.0,45.30200859067267,0.0,0.0,0.0,0.0,0.0,0.0,0.0
10.0,5.91864593229661,0.0038356761973105,0.0038356761892159,0.9999926437632148,0.9999926437632148,49.41362851943371,0.0,49.974201961995966,0.0,45.595042930923846,0.0,45.30200851383034,0.0,0.0,0.0,0.0,0.0,0.0,0.0
10.0,5.91889594479724,0.003835724098969,0.0038357240908753,0.999992643579478,0.999992643579477,49.41362851523389,0.0,49.974201597812254,0.0,45.59504292658471,0.0,45.30200843698483,0.0,0.0,0.0,0.0,0.0,0.0,0.0
10.0,5.91914595729787,0.0038357720019946,0.0038357719939018,0.999992643395732,0.999992643395732,49.41362851099182,0.0,49.97420123361393,0.0,45.595042922245405,0.0,45.302008360136135,0.0,0.0,0.0,0.0,0.0,0.0,0.0
10.0,5.91939596979849,0.0038358199063873,0.0038358198982954,0.99999264321198,0.999992643211979,49.41362850670772,0.0,49.974200869400974,0.0,45.5950429179059,0.0,45.30200828328427,0.0,0.0,0.0,0.0,0.0,0.0,0.0
10.0,5.91964598229911,0.003835867812147,0.003835867804056,0.999992643028219,0.999992643028219,49.4136285023818,0.0,49.974200505173386,0.0,45.59504291356621,0.0,45.30200820642923,0.0,0.0,0.0,0.0,0.0,0.0,0.0
10.0,5.91989599479974,0.0038359157192736,0.0038359157111835,0.999992642844452,0.999992642844451,49.41362849801428,0.0,49.97420014093117,0.0,45.59504290922634,0.0,45.30200812957101,0.0,0.0,0.0,0.0,0.0,0.0,0.0
10.0,5.92014600730037,0.0038359636277671,0.0038359636196779,0.999992642660676,0.999992642660676,49.41362849360536,0.0,49.974199776674325,0.0,45.59504290488629,0.0,45.30200805270962,0.0,0.0,0.0,0.0,0.0,0.0,0.0
10.0,5.92039601980099,0.0038360115376274,0.0038360115295391,0.9999926424768928,0.999992642476893,49.41362848915527,0.0,49.97419941240286,0.0,45.59504290054604,0.0,45.30200797584506,0.0,0.0,0.0,0.0,0.0,0.0,0.0
10.0,5.92064603230161,0.0038360594488544,0.0038360594407671,0.9999926422931028,0.999992642293102,49.41362848466419,0.0,49.97419904811675,0.0,45.59504289620562,0.0,45.3020078989773,0.0,0.0,0.0,0.0,0.0,0.0,0.0
10.0,5.92089604480224,0.0038361073614482,0.0038361073533618,0.9999926421093052,0.9999926421093052,49.41362848013236,0.0,49.974198683816034,0.0,45.595042891865006,0.0,45.30200782210638,0.0,0.0,0.0,0.0,0.0,0.0,0.0
10.0,5.92114605730286,0.0038361552754087,0.0038361552673231,0.9999926419255,0.9999926419254987,49.413628475559975,0.0,49.974198319500665,0.0,45.59504288752421,0.0,45.30200774523229,0.0,0.0,0.0,0.0,0.0,0.0,0.0
10.0,5.92139606980349,0.0038362031907357,0.0038362031826511,0.999992641741687,0.999992641741686,49.41362847094724,0.0,49.97419795517069,0.0,45.595042883183226,0.0,45.30200766835502,0.0,0.0,0.0,0.0,0.0,0.0,0.0
10.0,5.92164608230412,0.0038362511074292,0.0038362510993455,0.999992641557866,0.999992641557865,49.41362846629435,0.0,49.97419759082607,0.0,45.59504287884205,0.0,45.30200759147456,0.0,0.0,0.0,0.0,0.0,0.0,0.0
10.0,5.92189609480474,0.0038362990254892,0.0038362990174065,0.999992641374038,0.999992641374037,49.41362846160152,0.0,49.97419722646684,0.0,45.5950428745007,0.0,45.30200751459093,0.0,0.0,0.0,0.0,0.0,0.0,0.0
10.0,5.92214610730536,0.0038363469449157,0.0038363469368338,0.999992641190202,0.999992641190202,49.41362845686895,0.0,49.97419686209297,0.0,45.59504287015916,0.0,45.30200743770414,0.0,0.0,0.0,0.0,0.0,0.0,0.0
10.0,5.92239611980599,0.0038363948657085,0.0038363948576275,0.999992641006359,0.999992641006359,49.413628452096816,0.0,49.97419649770446,0.0,45.59504286581744,0.0,45.302007360814166,0.0,0.0,0.0,0.0,0.0,0.0,0.0
10.0,5.92264613230662,0.0038364427878676,0.0038364427797876,0.999992640822508,0.999992640822508,49.41362844728536,0.0,49.97419613330133,0.0,45.595042861475534,0.0,45.30200728392101,0.0,0.0,0.0,0.0,0.0,0.0,0.0
10.0,5.92289614480724,0.0038364907113929,0.0038364907033138,0.99999264063865,0.9999926406386488,49.41362844243473,0.0,49.97419576888359,0.0,45.59504285713344,0.0,45.30200720702467,0.0,0.0,0.0,0.0,0.0,0.0,0.0
10.0,5.92314615730787,0.0038365386362844,0.0038365386282062,0.999992640454784,0.999992640454784,49.41362843754516,0.0,49.97419540445121,0.0,45.59504285279116,0.0,45.30200713012517,0.0,0.0,0.0,0.0,0.0,0.0,0.0
10.0,5.923396169808489,0.003836586562542,0.0038365865544648,0.999992640270911,0.99999264027091,49.41362843261683,0.0,49.9741950400042,0.0,45.5950428484487,0.0,45.302007053222496,0.0,0.0,0.0,0.0,0.0,0.0,0.0
10.0,5.92364618230912,0.0038366344901657,0.0038366344820894,0.99999264008703,0.999992640087029,49.413628427649925,0.0,49.97419467554256,0.0,45.59504284410605,0.0,45.30200697631664,0.0,0.0,0.0,0.0,0.0,0.0,0.0
10.0,5.92389619480974,0.0038366824191554,0.00383668241108,0.999992639903142,0.999992639903141,49.41362842264464,0.0,49.9741943110663,0.0,45.59504283976321,0.0,45.3020068994076,0.0,0.0,0.0,0.0,0.0,0.0,0.0
10.0,5.92414620731037,0.003836730349511,0.0038367303414366,0.999992639719246,0.999992639719245,49.41362841760119,0.0,49.97419394657541,0.0,45.59504283542019,0.0,45.30200682249539,0.0,0.0,0.0,0.0,0.0,0.0,0.0
10.0,5.92439621981099,0.0038367782812326,0.003836778273159,0.999992639535342,0.999992639535342,49.41362841251973,0.0,49.97419358206989,0.0,45.59504283107699,0.0,45.30200674558001,0.0,0.0,0.0,0.0,0.0,0.0,0.0
10.0,5.92464623231162,0.0038368262143199,0.0038368262062473,0.999992639351431,0.999992639351431,49.41362840740046,0.0,49.97419321754975,0.0,45.5950428267336,0.0,45.30200666866145,0.0,0.0,0.0,0.0,0.0,0.0,0.0
10.0,5.92489624481224,0.003836874148773,0.0038368741407014,0.999992639167513,0.999992639167512,49.41362840224357,0.0,49.974192853014976,0.0,45.59504282239002,0.0,45.30200659173971,0.0,0.0,0.0,0.0,0.0,0.0,0.0
10.0,5.92514625731287,0.0038369220845919,0.0038369220765212,0.999992638983587,0.999992638983586,49.41362839704924,0.0,49.97419248846558,0.0,45.59504281804625,0.0,45.3020065148148,0.0,0.0,0.0,0.0,0.0,0.0,0.0
10.0,5.92539626981349,0.0038369700217764,0.0038369700137066,0.999992638799653,0.999992638799652,49.41362839181765,0.0,49.97419212390156,0.0,45.59504281370232,0.0,45.30200643788672,0.0,0.0,0.0,0.0,0.0,0.0,0.0
10.0,5.92564628231412,0.0038370179603264,0.0038370179522576,0.999992638615712,0.999992638615711,49.41362838654901,0.0,49.9741917593229,0.0,45.595042809358176,0.0,45.30200636095545,0.0,0.0,0.0,0.0,0.0,0.0,0.0
10.0,5.92589629481474,0.0038370659002421,0.0038370658921742,0.999992638431763,0.999992638431762,49.413628381243456,0.0,49.97419139472963,0.0,45.59504280501386,0.0,45.30200628402101,0.0,0.0,0.0,0.0,0.0,0.0,0.0
10.0,5.92614630731537,0.0038371138415232,0.0038371138334562,0.999992638247807,0.999992638247806,49.41362837590121,0.0,49.97419103012172,0.0,45.59504280066936,0.0,45.30200620708339,0.0,0.0,0.0,0.0,0.0,0.0,0.0
10.0,5.92639631981599,0.0038371617841697,0.0038371617761037,0.999992638063843,0.999992638063842,49.41362837052242,0.0,49.9741906654992,0.0,45.59504279632468,0.0,45.3020061301426,0.0,0.0,0.0,0.0,0.0,0.0,0.0
10.0,5.92664633231662,0.0038372097281815,0.0038372097201165,0.999992637879872,0.999992637879871,49.41362836510729,0.0,49.974190300862034,0.0,45.5950427919798,0.0,45.30200605319863,0.0,0.0,0.0,0.0,0.0,0.0,0.0
10.0,5.92689634481724,0.0038372576735587,0.0038372576654946,0.9999926376958932,0.999992637695892,49.41362835965598,0.0,49.97418993621025,0.0,45.595042787634746,0.0,45.302005976251486,0.0,0.0,0.0,0.0,0.0,0.0,0.0
10.0,5.92714635731787,0.0038373056203011,0.003837305612238,0.999992637511907,0.999992637511906,49.41362835416867,0.0,49.974189571543846,0.0,45.59504278328951,0.0,45.302005899301165,0.0,0.0,0.0,0.0,0.0,0.0,0.0
10.0,5.92739636981849,0.0038373535684087,0.0038373535603465,0.9999926373279132,0.999992637327912,49.41362834864553,0.0,49.9741892068628,0.0,45.59504277894407,0.0,45.30200582234768,0.0,0.0,0.0,0.0,0.0,0.0,0.0
10.0,5.92764638231912,0.0038374015178815,0.0038374015098202,0.999992637143911,0.9999926371439098,49.41362834308674,0.0,49.974188842167145,0.0,45.59504277459846,0.0,45.30200574539101,0.0,0.0,0.0,0.0,0.0,0.0,0.0
10.0,5.92789639481974,0.0038374494687193,0.003837449460659,0.999992636959902,0.999992636959901,49.41362833749247,0.0,49.97418847745686,0.0,45.59504277025266,0.0,45.30200566843117,0.0,0.0,0.0,0.0,0.0,0.0,0.0
10.0,5.92814640732037,0.0038374974209221,0.0038374974128627,0.999992636775886,0.999992636775885,49.41362833186289,0.0,49.97418811273195,0.0,45.59504276590668,0.0,45.30200559146814,0.0,0.0,0.0,0.0,0.0,0.0,0.0
10.0,5.92839641982099,0.0038375453744898,0.0038375453664314,0.999992636591862,0.999992636591861,49.413628326198165,0.0,49.97418774799242,0.0,45.595042761560514,0.0,45.30200551450194,0.0,0.0,0.0,0.0,0.0,0.0,0.0
10.0,5.92864643232162,0.0038375933294225,0.003837593321365,0.99999263640783,0.9999926364078292,49.41362832049847,0.0,49.97418738323825,0.0,45.59504275721416,0.0,45.30200543753256,0.0,0.0,0.0,0.0,0.0,0.0,0.0
10.0,5.92889644482224,0.00383764128572,0.0038376412776635,0.999992636223791,0.99999263622379,49.413628314763976,0.0,49.97418701846945,0.0,45.59504275286762,0.0,45.30200536056002,0.0,0.0,0.0,0.0,0.0,0.0,0.0
10.0,5.92914645732287,0.0038376892433822,0.0038376892353267,0.999992636039744,0.9999926360397428,49.41362830899483,0.0,49.97418665368605,0.0,45.59504274852089,0.0,45.30200528358429,0.0,0.0,0.0,0.0,0.0,0.0,0.0
10.0,5.92939646982349,0.0038377372024092,0.0038377371943546,0.99999263585569,0.999992635855689,49.41362830319122,0.0,49.974186288888006,0.0,45.59504274417399,0.0,45.302005206605386,0.0,0.0,0.0,0.0,0.0,0.0,0.0
10.0,5.92964648232412,0.0038377851628009,0.0038377851547472,0.999992635671628,0.999992635671627,49.413628297353306,0.0,49.974185924075336,0.0,45.595042739826894,0.0,45.30200512962331,0.0,0.0,0.0,0.0,0.0,0.0,0.0
10.0,5.92989649482474,0.0038378331245571,0.0038378331165044,0.999992635487559,0.999992635487558,49.413628291481245,0.0,49.97418555924805,0.0,45.59504273547961,0.0,45.30200505263806,0.0,0.0,0.0,0.0,0.0,0.0,0.0
10.0,5.93014650732537,0.0038378810876779,0.0038378810796262,0.999992635303482,0.999992635303481,49.4136282855752,0.0,49.97418519440613,0.0,45.59504273113215,0.0,45.30200497564963,0.0,0.0,0.0,0.0,0.0,0.0,0.0
10.0,5.93039651982599,0.0038379290521631,0.0038379290441124,0.999992635119398,0.999992635119397,49.41362827963533,0.0,49.97418482954959,0.0,45.59504272678449,0.0,45.302004898658026,0.0,0.0,0.0,0.0,0.0,0.0,0.0
10.0,5.93064653232662,0.0038379770180128,0.0038379770099631,0.999992634935306,0.999992634935305,49.4136282736618,0.0,49.97418446467843,0.0,45.59504272243666,0.0,45.30200482166325,0.0,0.0,0.0,0.0,0.0,0.0,0.0
10.0,5.93089654482724,0.0038380249852269,0.0038380249771781,0.999992634751206,0.999992634751205,49.413628267654765,0.0,49.974184099792645,0.0,45.59504271808864,0.0,45.30200474466529,0.0,0.0,0.0,0.0,0.0,0.0,0.0
10.0,5.93114655732787,0.0038380729538052,0.0038380729457574,0.999992634567099,0.999992634567099,49.413628261614384,0.0,49.97418373489223,0.0,45.59504271374043,0.0,45.30200466766416,0.0,0.0,0.0,0.0,0.0,0.0,0.0
10.0,5.93139656982849,0.0038381209237479,0.003838120915701,0.9999926343829848,0.999992634382984,49.413628255540814,0.0,49.97418336997719,0.0,45.59504270939204,0.0,45.302004590659855,0.0,0.0,0.0,0.0,0.0,0.0,0.0
10.0,5.93164658232912,0.0038381688950547,0.0038381688870088,0.999992634198863,0.999992634198862,49.41362824943421,0.0,49.97418300504752,0.0,45.59504270504346,0.0,45.30200451365237,0.0,0.0,0.0,0.0,0.0,0.0,0.0
10.0,5.93189659482974,0.0038382168677256,0.0038382168596807,0.999992634014733,0.999992634014732,49.41362824329473,0.0,49.97418264010324,0.0,45.5950427006947,0.0,45.30200443664171,0.0,0.0,0.0,0.0,0.0,0.0,0.0
10.0,5.93214660733037,0.0038382648417606,0.0038382648337167,0.999992633830596,0.9999926338305952,49.41362823712253,0.0,49.97418227514432,0.0,45.59504269634576,0.0,45.30200435962788,0.0,0.0,0.0,0.0,0.0,0.0,0.0
10.0,5.93239661983099,0.0038383128171596,0.0038383128091167,0.999992633646451,0.999992633646451,49.41362823091776,0.0,49.97418191017078,0.0,45.59504269199662,0.0,45.30200428261087,0.0,0.0,0.0,0.0,0.0,0.0,0.0
10.0,5.93264663233162,0.0038383607939226,0.0038383607858806,0.999992633462299,0.999992633462298,49.413628224680565,0.0,49.97418154518263,0.0,45.5950426876473,0.0,45.30200420559068,0.0,0.0,0.0,0.0,0.0,0.0,0.0
10.0,5.93289664483224,0.0038384087720495,0.0038384087640085,0.999992633278139,0.999992633278139,49.41362821841111,0.0,49.97418118017983,0.0,45.5950426832978,0.0,45.30200412856732,0.0,0.0,0.0,0.0,0.0,0.0,0.0
10.0,5.93314665733287,0.0038384567515402,0.0038384567435002,0.999992633093972,0.999992633093971,49.41362821210953,0.0,49.974180815162434,0.0,45.59504267894812,0.0,45.30200405154078,0.0,0.0,0.0,0.0,0.0,0.0,0.0
10.0,5.93339666983349,0.0038385047323947,0.0038385047243557,0.999992632909797,0.999992632909797,49.41362820577599,0.0,49.974180450130405,0.0,45.59504267459824,0.0,45.30200397451107,0.0,0.0,0.0,0.0,0.0,0.0,0.0
10.0,5.933646682334121,0.0038385527146129,0.0038385527065749,0.999992632725615,0.999992632725614,49.41362819941062,0.0,49.97418008508375,0.0,45.59504267024818,0.0,45.30200389747818,0.0,0.0,0.0,0.0,0.0,0.0,0.0
10.0,5.93389669483474,0.0038386006981948,0.0038386006901578,0.999992632541425,0.999992632541424,49.41362819301357,0.0,49.97417972002246,0.0,45.59504266589794,0.0,45.30200382044212,0.0,0.0,0.0,0.0,0.0,0.0,0.0
10.0,5.93414670733537,0.0038386486831403,0.0038386486751042,0.999992632357228,0.999992632357227,49.413628186584994,0.0,49.97417935494656,0.0,45.59504266154752,0.0,45.30200374340288,0.0,0.0,0.0,0.0,0.0,0.0,0.0
10.0,5.93439671983599,0.0038386966694494,0.0038386966614143,0.999992632173023,0.999992632173022,49.413628180125045,0.0,49.97417898985604,0.0,45.59504265719689,0.0,45.30200366636046,0.0,0.0,0.0,0.0,0.0,0.0,0.0
10.0,5.93464673233662,0.0038387446571219,0.0038387446490878,0.99999263198881,0.999992631988809,49.41362817363386,0.0,49.97417862475088,0.0,45.5950426528461,0.0,45.30200358931487,0.0,0.0,0.0,0.0,0.0,0.0,0.0
10.0,5.93489674483724,0.0038387926461578,0.0038387926381248,0.99999263180459,0.99999263180459,49.41362816711157,0.0,49.97417825963111,0.0,45.59504264849511,0.0,45.3020035122661,0.0,0.0,0.0,0.0,0.0,0.0,0.0
10.0,5.93514675733787,0.0038388406365572,0.0038388406285251,0.999992631620362,0.999992631620362,49.41362816055833,0.0,49.97417789449671,0.0,45.59504264414394,0.0,45.30200343521417,0.0,0.0,0.0,0.0,0.0,0.0,0.0
10.0,5.93539676983849,0.0038388886283198,0.0038388886202887,0.999992631436127,0.999992631436127,49.41362815397429,0.0,49.9741775293477,0.0,45.59504263979259,0.0,45.30200335815904,0.0,0.0,0.0,0.0,0.0,0.0,0.0
10.0,5.93564678233912,0.0038389366214457,0.0038389366134156,0.999992631251885,0.999992631251884,49.41362814735957,0.0,49.974177164184056,0.0,45.59504263544105,0.0,45.30200328110075,0.0,0.0,0.0,0.0,0.0,0.0,0.0
10.0,5.93589679483974,0.0038389846159348,0.0038389846079057,0.999992631067635,0.999992631067634,49.41362814071433,0.0,49.97417679900578,0.0,45.59504263108932,0.0,45.30200320403928,0.0,0.0,0.0,0.0,0.0,0.0,0.0
10.0,5.93614680734037,0.0038390326117871,0.003839032603759,0.999992630883377,0.999992630883376,49.41362813403868,0.0,49.9741764338129,0.0,45.59504262673742,0.0,45.30200312697463,0.0,0.0,0.0,0.0,0.0,0.0,0.0
10.0,5.93639681984099,0.0038390806090024,0.0038390806009753,0.999992630699112,0.999992630699111,49.41362812733279,0.0,49.97417606860539,0.0,45.595042622385314,0.0,45.302003049906816,0.0,0.0,0.0,0.0,0.0,0.0,0.0
10.0,5.93664683234162,0.0038391286075807,0.0038391285995546,0.999992630514839,0.999992630514838,49.41362812059678,0.0,49.97417570338325,0.0,45.59504261803304,0.0,45.30200297283582,0.0,0.0,0.0,0.0,0.0,0.0,0.0
10.0,5.93689684484224,0.003839176607522,0.0038391765994969,0.999992630330559,0.999992630330558,49.4136281138308,0.0,49.974175338146495,0.0,45.59504261368057,0.0,45.302002895761646,0.0,0.0,0.0,0.0,0.0,0.0,0.0
10.0,5.93714685734287,0.0038392246088263,0.0038392246008021,0.999992630146271,0.99999263014627,49.41362810703496,0.0,49.97417497289513,0.0,45.59504260932792,0.0,45.3020028186843,0.0,0.0,0.0,0.0,0.0,0.0,0.0
10.0,5.93739686984349,0.0038392726114933,0.0038392726034702,0.999992629961975,0.999992629961975,49.41362810020943,0.0,49.97417460762912,0.0,45.59504260497507,0.0,45.30200274160378,0.0,0.0,0.0,0.0,0.0,0.0,0.0
10.0,5.93764688234412,0.0038393206155232,0.003839320607501,0.999992629777672,0.999992629777672,49.41362809335431,0.0,49.9741742423485,0.0,45.59504260062205,0.0,45.30200266452009,0.0,0.0,0.0,0.0,0.0,0.0,0.0
10.0,5.93789689484474,0.0038393686209157,0.0038393686128946,0.999992629593362,0.999992629593361,49.41362808646976,0.0,49.974173877053246,0.0,45.59504259626885,0.0,45.30200258743321,0.0,0.0,0.0,0.0,0.0,0.0,0.0
10.0,5.93814690734537,0.003839416627671,0.0038394166196509,0.999992629409044,0.9999926294090428,49.413628079555885,0.0,49.97417351174338,0.0,45.59504259191546,0.0,45.30200251034315,0.0,0.0,0.0,0.0,0.0,0.0,0.0
10.0,5.93839691984599,0.0038394646357888,0.0038394646277698,0.999992629224718,0.999992629224718,49.413628072612845,0.0,49.97417314641889,0.0,45.595042587561885,0.0,45.30200243324993,0.0,0.0,0.0,0.0,0.0,0.0,0.0
10.0,5.93864693234662,0.0038395126452692,0.0038395126372512,0.9999926290403848,0.9999926290403848,49.41362806564074,0.0,49.97417278107978,0.0,45.59504258320812,0.0,45.30200235615354,0.0,0.0,0.0,0.0,0.0,0.0,0.0
10.0,5.93889694484724,0.0038395606561121,0.0038395606480951,0.999992628856045,0.999992628856044,49.41362805863974,0.0,49.974172415726045,0.0,45.59504257885417,0.0,45.30200227905396,0.0,0.0,0.0,0.0,0.0,0.0,0.0
10.0,5.9391469573478695,0.0038396086683175,0.0038396086603015,0.999992628671696,0.999992628671696,49.41362805160993,0.0,49.97417205035769,0.0,45.59504257450004,0.0,45.30200220195121,0.0,0.0,0.0,0.0,0.0,0.0,0.0
10.0,5.93939696984849,0.0038396566818852,0.0038396566738702,0.999992628487341,0.99999262848734,49.41362804455147,0.0,49.97417168497471,0.0,45.59504257014572,0.0,45.30200212484527,0.0,0.0,0.0,0.0,0.0,0.0,0.0
10.0,5.93964698234912,0.0038397046968153,0.0038397046888013,0.999992628302978,0.999992628302977,49.41362803746448,0.0,49.97417131957711,0.0,45.59504256579122,0.0,45.30200204773618,0.0,0.0,0.0,0.0,0.0,0.0,0.0
10.0,5.93989699484974,0.0038397527131076,0.0038397527050946,0.9999926281186072,0.999992628118606,49.413628030349074,0.0,49.9741709541649,0.0,45.59504256143652,0.0,45.3020019706239,0.0,0.0,0.0,0.0,0.0,0.0,0.0
10.0,5.94014700735037,0.0038398007307621,0.0038398007227501,0.999992627934229,0.999992627934228,49.41362802320538,0.0,49.97417058873806,0.0,45.59504255708165,0.0,45.30200189350845,0.0,0.0,0.0,0.0,0.0,0.0,0.0
10.0,5.94039701985099,0.0038398487497787,0.0038398487417678,0.9999926277498432,0.999992627749842,49.41362801603354,0.0,49.9741702232966,0.0,45.5950425527266,0.0,45.30200181638982,0.0,0.0,0.0,0.0,0.0,0.0,0.0
10.0,5.94064703235162,0.0038398967701575,0.0038398967621475,0.9999926275654492,0.9999926275654492,49.41362800883367,0.0,49.97416985784051,0.0,45.59504254837135,0.0,45.30200173926801,0.0,0.0,0.0,0.0,0.0,0.0,0.0
10.0,5.94089704485224,0.0038399447918982,0.0038399447838893,0.999992627381049,0.999992627381048,49.413628001605886,0.0,49.97416949236981,0.0,45.59504254401592,0.0,45.30200166214304,0.0,0.0,0.0,0.0,0.0,0.0,0.0
10.0,5.94114705735287,0.003839992815001,0.0038399928069931,0.99999262719664,0.9999926271966388,49.41362799435032,0.0,49.97416912688448,0.0,45.59504253966031,0.0,45.30200158501488,0.0,0.0,0.0,0.0,0.0,0.0,0.0
10.0,5.941397069853491,0.0038400408394656,0.0038400408314588,0.999992627012224,0.999992627012223,49.41362798706708,0.0,49.97416876138453,0.0,45.59504253530451,0.0,45.302001507883546,0.0,0.0,0.0,0.0,0.0,0.0,0.0
10.0,5.94164708235412,0.0038400888652921,0.0038400888572863,0.9999926268278008,0.9999926268278,49.41362797975631,0.0,49.97416839586996,0.0,45.59504253094852,0.0,45.30200143074904,0.0,0.0,0.0,0.0,0.0,0.0,0.0
10.0,5.94189709485474,0.0038401368924804,0.0038401368844756,0.99999262664337,0.999992626643369,49.41362797241812,0.0,49.97416803034079,0.0,45.59504252659234,0.0,45.30200135361135,0.0,0.0,0.0,0.0,0.0,0.0,0.0
10.0,5.94214710735537,0.0038401849210305,0.0038401849130267,0.9999926264589308,0.9999926264589298,49.41362796505261,0.0,49.97416766479697,0.0,45.59504252223599,0.0,45.3020012764705,0.0,0.0,0.0,0.0,0.0,0.0,0.0
10.0,5.94239711985599,0.0038402329509422,0.0038402329429394,0.999992626274485,0.999992626274484,49.41362795765993,0.0,49.97416729923854,0.0,45.59504251787945,0.0,45.30200119932647,0.0,0.0,0.0,0.0,0.0,0.0,0.0
10.0,5.94264713235662,0.0038402809822155,0.0038402809742138,0.999992626090031,0.999992626090031,49.41362795024018,0.0,49.97416693366549,0.0,45.59504251352272,0.0,45.302001122179256,0.0,0.0,0.0,0.0,0.0,0.0,0.0
10.0,5.94289714485724,0.0038403290148504,0.0038403290068497,0.99999262590557,0.999992625905569,49.41362794279349,0.0,49.97416656807782,0.0,45.595042509165815,0.0,45.30200104502888,0.0,0.0,0.0,0.0,0.0,0.0,0.0
10.0,5.94314715735787,0.0038403770488468,0.0038403770408472,0.999992625721101,0.999992625721101,49.41362793531997,0.0,49.97416620247553,0.0,45.59504250480872,0.0,45.30200096787532,0.0,0.0,0.0,0.0,0.0,0.0,0.0
10.0,5.94339716985849,0.0038404250842046,0.003840425076206,0.999992625536625,0.999992625536624,49.41362792781973,0.0,49.97416583685862,0.0,45.59504250045144,0.0,45.30200089071859,0.0,0.0,0.0,0.0,0.0,0.0,0.0
10.0,5.94364718235912,0.0038404731209238,0.0038404731129263,0.999992625352141,0.9999926253521412,49.41362792029289,0.0,49.97416547122709,0.0,45.59504249609397,0.0,45.30200081355867,0.0,0.0,0.0,0.0,0.0,0.0,0.0
10.0,5.94389719485974,0.0038405211590044,0.0038405211510079,0.99999262516765,0.99999262516765,49.41362791273958,0.0,49.97416510558094,0.0,45.59504249173632,0.0,45.302000736395584,0.0,0.0,0.0,0.0,0.0,0.0,0.0
10.0,5.94414720736037,0.0038405691984462,0.0038405691904508,0.9999926249831508,0.9999926249831508,49.413627905159885,0.0,49.97416473992017,0.0,45.59504248737848,0.0,45.30200065922932,0.0,0.0,0.0,0.0,0.0,0.0,0.0
10.0,5.94439721986099,0.0038406172392492,0.0038406172312548,0.999992624798645,0.999992624798644,49.41362789755394,0.0,49.97416437424478,0.0,45.59504248302046,0.0,45.30200058205989,0.0,0.0,0.0,0.0,0.0,0.0,0.0
10.0,5.94464723236162,0.0038406652814134,0.0038406652734201,0.999992624614131,0.99999262461413,49.413627889921855,0.0,49.97416400855477,0.0,45.59504247866224,0.0,45.30200050488728,0.0,0.0,0.0,0.0,0.0,0.0,0.0
10.0,5.94489724486224,0.0038407133249387,0.0038407133169464,0.99999262442961,0.999992624429609,49.41362788226374,0.0,49.97416364285014,0.0,45.595042474303845,0.0,45.30200042771149,0.0,0.0,0.0,0.0,0.0,0.0,0.0
10.0,5.94514725736287,0.003840761369825,0.0038407613618337,0.99999262424508,0.99999262424508,49.413627874579696,0.0,49.97416327713089,0.0,45.59504246994528,0.0,45.30200035053253,0.0,0.0,0.0,0.0,0.0,0.0,0.0
10.0,5.945397269863489,0.0038408094160723,0.0038408094080821,0.999992624060544,0.9999926240605428,49.41362786686985,0.0,49.974162911397016,0.0,45.59504246558651,0.0,45.3020002733504,0.0,0.0,0.0,0.0,0.0,0.0,0.0
10.0,5.94564728236412,0.0038408574636805,0.0038408574556913,0.999992623876,0.999992623875999,49.41362785913432,0.0,49.974162545648525,0.0,45.59504246122756,0.0,45.30200019616509,0.0,0.0,0.0,0.0,0.0,0.0,0.0
10.0,5.94589729486474,0.0038409055126496,0.0038409055046614,0.999992623691448,0.999992623691448,49.41362785137319,0.0,49.97416217988543,0.0,45.59504245686843,0.0,45.3020001189766,0.0,0.0,0.0,0.0,0.0,0.0,0.0
10.0,5.94614730736537,0.0038409535629794,0.0038409535549924,0.999992623506889,0.999992623506888,49.413627843586575,0.0,49.974161814107696,0.0,45.59504245250911,0.0,45.302000041784936,0.0,0.0,0.0,0.0,0.0,0.0,0.0
10.0,5.94639731986599,0.0038410016146701,0.003841001606684,0.999992623322323,0.999992623322322,49.41362783577459,0.0,49.97416144831535,0.0,45.595042448149606,0.0,45.301999964590095,0.0,0.0,0.0,0.0,0.0,0.0,0.0
10.0,5.94664733236662,0.0038410496677213,0.0038410496597364,0.999992623137748,0.999992623137747,49.41362782793735,0.0,49.97416108250839,0.0,45.59504244378992,0.0,45.30199988739208,0.0,0.0,0.0,0.0,0.0,0.0,0.0
10.0,5.94689734486724,0.0038410977221333,0.0038410977141494,0.999992622953166,0.999992622953166,49.41362782007494,0.0,49.9741607166868,0.0,45.59504243943004,0.0,45.30199981019089,0.0,0.0,0.0,0.0,0.0,0.0,0.0
10.0,5.94714735736787,0.0038411457779058,0.0038411457699229,0.999992622768577,0.999992622768576,49.413627812187485,0.0,49.9741603508506,0.0,45.59504243506999,0.0,45.30199973298653,0.0,0.0,0.0,0.0,0.0,0.0,0.0
10.0,5.94739736986849,0.0038411938350388,0.003841193827057,0.99999262258398,0.99999262258398,49.41362780427509,0.0,49.97415998499978,0.0,45.59504243070973,0.0,45.301999655778985,0.0,0.0,0.0,0.0,0.0,0.0,0.0
10.0,5.94764738236912,0.0038412418935322,0.0038412418855515,0.999992622399376,0.9999926223993748,49.41362779633784,0.0,49.97415961913434,0.0,45.5950424263493,0.0,45.30199957856827,0.0,0.0,0.0,0.0,0.0,0.0,0.0
10.0,5.94789739486974,0.0038412899533861,0.0038412899454064,0.999992622214764,0.999992622214763,49.41362778837587,0.0,49.97415925325428,0.0,45.59504242198869,0.0,45.30199950135438,0.0,0.0,0.0,0.0,0.0,0.0,0.0
10.0,5.94814740737037,0.0038413380146002,0.0038413380066216,0.999992622030145,0.999992622030144,49.41362778038927,0.0,49.97415888735961,0.0,45.59504241762789,0.0,45.301999424137314,0.0,0.0,0.0,0.0,0.0,0.0,0.0
10.0,5.94839741987099,0.0038413860771747,0.0038413860691971,0.999992621845518,0.999992621845517,49.413627772378135,0.0,49.97415852145031,0.0,45.595042413266896,0.0,45.30199934691708,0.0,0.0,0.0,0.0,0.0,0.0,0.0
10.0,5.94864743237162,0.0038414341411094,0.0038414341331329,0.999992621660883,0.999992621660883,49.41362776434258,0.0,49.9741581555264,0.0,45.59504240890572,0.0,45.30199926969365,0.0,0.0,0.0,0.0,0.0,0.0,0.0
10.0,5.94889744487224,0.0038414822064042,0.0038414821984288,0.999992621476241,0.999992621476241,49.41362775628269,0.0,49.97415778958787,0.0,45.59504240454437,0.0,45.301999192467065,0.0,0.0,0.0,0.0,0.0,0.0,0.0
10.0,5.94914745737287,0.0038415302730591,0.0038415302650848,0.999992621291592,0.999992621291591,49.413627748198586,0.0,49.97415742363472,0.0,45.59504240018283,0.0,45.301999115237294,0.0,0.0,0.0,0.0,0.0,0.0,0.0
10.0,5.94939746987349,0.0038415783410741,0.0038415783331008,0.999992621106935,0.999992621106934,49.41362774009036,0.0,49.97415705766695,0.0,45.5950423958211,0.0,45.30199903800436,0.0,0.0,0.0,0.0,0.0,0.0,0.0
10.0,5.94964748237412,0.0038416264104491,0.0038416264024768,0.99999262092227,0.9999926209222688,49.41362773195811,0.0,49.97415669168457,0.0,45.5950423914592,0.0,45.301998960768245,0.0,0.0,0.0,0.0,0.0,0.0,0.0
10.0,5.94989749487474,0.0038416744811839,0.0038416744732128,0.999992620737598,0.999992620737597,49.413627723801945,0.0,49.97415632568757,0.0,45.595042387097095,0.0,45.30199888352895,0.0,0.0,0.0,0.0,0.0,0.0,0.0
10.0,5.9501475073753705,0.0038417225532787,0.0038417225453086,0.999992620552918,0.9999926205529172,49.41362771562196,0.0,49.97415595967594,0.0,45.59504238273481,0.0,45.30199880628648,0.0,0.0,0.0,0.0,0.0,0.0,0.0
10.0,5.95039751987599,0.0038417706267332,0.0038417706187643,0.999992620368231,0.99999262036823,49.41362770741824,0.0,49.974155593649705,0.0,45.59504237837234,0.0,45.30199872904085,0.0,0.0,0.0,0.0,0.0,0.0,0.0
10.0,5.95064753237662,0.0038418187015476,0.0038418186935796,0.999992620183536,0.999992620183535,49.4136276991909,0.0,49.97415522760885,0.0,45.59504237400969,0.0,45.30199865179202,0.0,0.0,0.0,0.0,0.0,0.0,0.0
10.0,5.95089754487724,0.0038418667777216,0.0038418667697547,0.999992619998834,0.999992619998833,49.41362769094004,0.0,49.97415486155337,0.0,45.59504236964685,0.0,45.30199857454002,0.0,0.0,0.0,0.0,0.0,0.0,0.0
10.0,5.95114755737787,0.0038419148552552,0.0038419148472894,0.999992619814124,0.999992619814123,49.41362768266574,0.0,49.97415449548328,0.0,45.59504236528383,0.0,45.30199849728486,0.0,0.0,0.0,0.0,0.0,0.0,0.0
10.0,5.95139756987849,0.0038419629341484,0.0038419629261837,0.999992619629407,0.999992619629406,49.4136276743681,0.0,49.97415412939858,0.0,45.595042360920615,0.0,45.301998420026514,0.0,0.0,0.0,0.0,0.0,0.0,0.0
10.0,5.95164758237912,0.0038420110144011,0.0038420110064375,0.999992619444682,0.999992619444681,49.41362766604723,0.0,49.97415376329924,0.0,45.59504235655722,0.0,45.301998342765,0.0,0.0,0.0,0.0,0.0,0.0,0.0
10.0,5.95189759487974,0.0038420590960133,0.0038420590880508,0.999992619259949,0.999992619259948,49.413627657703216,0.0,49.9741533971853,0.0,45.59504235219365,0.0,45.3019982655003,0.0,0.0,0.0,0.0,0.0,0.0,0.0
10.0,5.95214760738037,0.0038421071789849,0.0038421071710235,0.999992619075209,0.999992619075209,49.41362764933615,0.0,49.97415303105674,0.0,45.59504234782988,0.0,45.30199818823243,0.0,0.0,0.0,0.0,0.0,0.0,0.0
10.0,5.95239761988099,0.0038421552633158,0.0038421552553555,0.999992618890462,0.999992618890461,49.41362764094613,0.0,49.974152664913575,0.0,45.59504234346593,0.0,45.30199811096139,0.0,0.0,0.0,0.0,0.0,0.0,0.0
10.0,5.95264763238162,0.0038422033490061,0.0038422033410468,0.9999926187057068,0.999992618705706,49.41362763253325,0.0,49.97415229875578,0.0,45.5950423391018,0.0,45.30199803368717,0.0,0.0,0.0,0.0,0.0,0.0,0.0
10.0,5.95289764488224,0.0038422514360555,0.0038422514280973,0.999992618520944,0.999992618520944,49.4136276240976,0.0,49.974151932583375,0.0,45.59504233473748,0.0,45.30199795640977,0.0,0.0,0.0,0.0,0.0,0.0,0.0
10.0,5.95314765738287,0.0038422995244641,0.003842299516507,0.999992618336174,0.999992618336174,49.41362761563928,0.0,49.97415156639634,0.0,45.59504233037297,0.0,45.3019978791292,0.0,0.0,0.0,0.0,0.0,0.0,0.0
10.0,5.95339766988349,0.0038423476142318,0.0038423476062758,0.999992618151396,0.999992618151396,49.413627607158375,0.0,49.974151200194704,0.0,45.59504232600828,0.0,45.30199780184546,0.0,0.0,0.0,0.0,0.0,0.0,0.0
10.0,5.95364768238412,0.0038423957053586,0.0038423956974037,0.999992617966611,0.999992617966611,49.41362759865497,0.0,49.97415083397845,0.0,45.595042321643405,0.0,45.30199772455853,0.0,0.0,0.0,0.0,0.0,0.0,0.0
10.0,5.95389769488474,0.0038424437978443,0.0038424437898905,0.999992617781818,0.999992617781818,49.41362759012917,0.0,49.97415046774756,0.0,45.59504231727834,0.0,45.30199764726844,0.0,0.0,0.0,0.0,0.0,0.0,0.0
10.0,5.95414770738537,0.003842491891689,0.0038424918837363,0.999992617597018,0.999992617597018,49.41362758158106,0.0,49.97415010150208,0.0,45.59504231291309,0.0,45.30199756997517,0.0,0.0,0.0,0.0,0.0,0.0,0.0
10.0,5.95439771988599,0.0038425399868926,0.003842539978941,0.999992617412211,0.99999261741221,49.41362757301073,0.0,49.974149735241966,0.0,45.59504230854766,0.0,45.30199749267872,0.0,0.0,0.0,0.0,0.0,0.0,0.0
10.0,5.95464773238662,0.003842588083455,0.0038425880755044,0.999992617227395,0.9999926172273952,49.41362756441826,0.0,49.97414936896724,0.0,45.59504230418205,0.0,45.30199741537911,0.0,0.0,0.0,0.0,0.0,0.0,0.0
10.0,5.95489774488724,0.0038426361813761,0.0038426361734267,0.999992617042572,0.999992617042572,49.41362755580376,0.0,49.97414900267791,0.0,45.59504229981625,0.0,45.30199733807631,0.0,0.0,0.0,0.0,0.0,0.0,0.0
10.0,5.95514775738787,0.0038426842806559,0.0038426842727076,0.999992616857742,0.9999926168577408,49.4136275471673,0.0,49.97414863637395,0.0,45.595042295450256,0.0,45.301997260770335,0.0,0.0,0.0,0.0,0.0,0.0,0.0
10.0,5.95539776988849,0.0038427323812944,0.0038427323733472,0.999992616672904,0.999992616672903,49.413627538508976,0.0,49.97414827005537,0.0,45.59504229108408,0.0,45.3019971834612,0.0,0.0,0.0,0.0,0.0,0.0,0.0
10.0,5.9556477823891205,0.0038427804832915,0.0038427804753454,0.999992616488059,0.999992616488058,49.41362752982887,0.0,49.97414790372219,0.0,45.59504228671773,0.0,45.30199710614887,0.0,0.0,0.0,0.0,0.0,0.0,0.0
10.0,5.95589779488974,0.0038428285866471,0.0038428285787021,0.999992616303206,0.999992616303205,49.41362752112708,0.0,49.97414753737439,0.0,45.59504228235119,0.0,45.30199702883338,0.0,0.0,0.0,0.0,0.0,0.0,0.0
10.0,5.95614780739037,0.0038428766913611,0.0038428766834172,0.999992616118345,0.999992616118345,49.41362751240368,0.0,49.97414717101197,0.0,45.59504227798445,0.0,45.3019969515147,0.0,0.0,0.0,0.0,0.0,0.0,0.0
10.0,5.956397819891,0.0038429247974336,0.0038429247894908,0.9999926159334772,0.999992615933476,49.413627503658766,0.0,49.97414680463493,0.0,45.59504227361755,0.0,45.30199687419286,0.0,0.0,0.0,0.0,0.0,0.0,0.0
10.0,5.95664783239162,0.0038429729048644,0.0038429728969227,0.999992615748601,0.999992615748601,49.41362749489242,0.0,49.97414643824329,0.0,45.59504226925045,0.0,45.30199679686784,0.0,0.0,0.0,0.0,0.0,0.0,0.0
10.0,5.95689784489224,0.0038430210136535,0.0038430210057129,0.999992615563718,0.999992615563718,49.41362748610471,0.0,49.97414607183702,0.0,45.59504226488316,0.0,45.301996719539645,0.0,0.0,0.0,0.0,0.0,0.0,0.0
10.0,5.95714785739287,0.0038430691238008,0.0038430691158614,0.999992615378828,0.999992615378827,49.41362747729576,0.0,49.97414570541614,0.0,45.5950422605157,0.0,45.30199664220827,0.0,0.0,0.0,0.0,0.0,0.0,0.0
10.0,5.95739786989349,0.0038431172353063,0.003843117227368,0.999992615193929,0.999992615193929,49.413627468465606,0.0,49.97414533898065,0.0,45.59504225614804,0.0,45.30199656487372,0.0,0.0,0.0,0.0,0.0,0.0,0.0
10.0,5.95764788239412,0.00384316534817,0.0038431653402327,0.999992615009024,0.9999926150090231,49.413627459614375,0.0,49.97414497253053,0.0,45.5950422517802,0.0,45.301996487536,0.0,0.0,0.0,0.0,0.0,0.0,0.0
10.0,5.9578978948947405,0.0038432134623917,0.0038432134544555,0.99999261482411,0.99999261482411,49.41362745074211,0.0,49.97414460606581,0.0,45.595042247412174,0.0,45.3019964101951,0.0,0.0,0.0,0.0,0.0,0.0,0.0
10.0,5.95814790739537,0.0038432615779713,0.0038432615700363,0.99999261463919,0.999992614639189,49.41362744184894,0.0,49.97414423958647,0.0,45.59504224304396,0.0,45.30199633285103,0.0,0.0,0.0,0.0,0.0,0.0,0.0
10.0,5.95839791989599,0.003843309694909,0.0038433096869751,0.999992614454261,0.999992614454261,49.41362743293491,0.0,49.97414387309252,0.0,45.59504223867557,0.0,45.30199625550379,0.0,0.0,0.0,0.0,0.0,0.0,0.0
10.0,5.95864793239662,0.0038433578132045,0.0038433578052717,0.999992614269326,0.999992614269325,49.41362742400012,0.0,49.97414350658396,0.0,45.59504223430699,0.0,45.30199617815337,0.0,0.0,0.0,0.0,0.0,0.0,0.0
10.0,5.95889794489725,0.0038434059328578,0.0038434059249261,0.999992614084382,0.999992614084382,49.41362741504464,0.0,49.97414314006077,0.0,45.595042229938215,0.0,45.30199610079978,0.0,0.0,0.0,0.0,0.0,0.0,0.0
10.0,5.95914795739787,0.0038434540538689,0.0038434540459384,0.9999926138994312,0.9999926138994312,49.41362740606856,0.0,49.97414277352297,0.0,45.59504222556927,0.0,45.301996023443,0.0,0.0,0.0,0.0,0.0,0.0,0.0
10.0,5.95939796989849,0.0038435021762377,0.0038435021683083,0.999992613714473,0.999992613714472,49.41362739707195,0.0,49.97414240697055,0.0,45.59504222120015,0.0,45.30199594608305,0.0,0.0,0.0,0.0,0.0,0.0,0.0
10.0,5.95964798239912,0.0038435502999642,0.0038435502920359,0.999992613529507,0.999992613529506,49.41362738805491,0.0,49.97414204040353,0.0,45.59504221683082,0.0,45.30199586871993,0.0,0.0,0.0,0.0,0.0,0.0,0.0
10.0,5.95989799489974,0.0038435984250482,0.003843598417121,0.9999926133445332,0.999992613344533,49.41362737901749,0.0,49.97414167382189,0.0,45.59504221246131,0.0,45.30199579135363,0.0,0.0,0.0,0.0,0.0,0.0,0.0
10.0,5.96014800740037,0.0038436465514898,0.0038436465435637,0.999992613159552,0.999992613159552,49.4136273699598,0.0,49.97414130722564,0.0,45.59504220809162,0.0,45.30199571398417,0.0,0.0,0.0,0.0,0.0,0.0,0.0
10.0,5.960398019901,0.0038436946792889,0.0038436946713639,0.999992612974564,0.9999926129745632,49.413627360881904,0.0,49.97414094061477,0.0,45.59504220372174,0.0,45.30199563661152,0.0,0.0,0.0,0.0,0.0,0.0,0.0
10.0,5.96064803240162,0.0038437428084453,0.0038437428005215,0.999992612789568,0.9999926127895667,49.41362735178387,0.0,49.97414057398928,0.0,45.59504219935168,0.0,45.30199555923569,0.0,0.0,0.0,0.0,0.0,0.0,0.0
10.0,5.96089804490224,0.0038437909389592,0.0038437909310365,0.999992612604564,0.999992612604563,49.4136273426658,0.0,49.97414020734919,0.0,45.59504219498143,0.0,45.3019954818567,0.0,0.0,0.0,0.0,0.0,0.0,0.0
10.0,5.961148057402869,0.0038438390708303,0.0038438390629087,0.999992612419553,0.999992612419552,49.41362733352776,0.0,49.97413984069448,0.0,45.595042190611,0.0,45.301995404474525,0.0,0.0,0.0,0.0,0.0,0.0,0.0
10.0,5.9613980699035,0.0038438872040587,0.0038438871961382,0.999992612234534,0.999992612234533,49.41362732436981,0.0,49.97413947402516,0.0,45.595042186240384,0.0,45.30199532708919,0.0,0.0,0.0,0.0,0.0,0.0,0.0
10.0,5.96164808240412,0.0038439353386442,0.0038439353307249,0.999992612049508,0.999992612049507,49.41362731519205,0.0,49.97413910734122,0.0,45.59504218186958,0.0,45.30199524970066,0.0,0.0,0.0,0.0,0.0,0.0,0.0
10.0,5.96189809490475,0.0038439834745869,0.0038439834666687,0.999992611864474,0.999992611864473,49.41362730599456,0.0,49.97413874064267,0.0,45.59504217749859,0.0,45.30199517230896,0.0,0.0,0.0,0.0,0.0,0.0,0.0
10.0,5.96214810740537,0.0038440316118866,0.0038440316039696,0.9999926116794328,0.999992611679432,49.41362729677738,0.0,49.97413837392951,0.0,45.59504217312742,0.0,45.30199509491409,0.0,0.0,0.0,0.0,0.0,0.0,0.0
10.0,5.962398119906,0.0038440797505434,0.0038440797426275,0.999992611494384,0.999992611494383,49.41362728754062,0.0,49.97413800720173,0.0,45.59504216875606,0.0,45.30199501751605,0.0,0.0,0.0,0.0,0.0,0.0,0.0
10.0,5.96264813240662,0.0038441278905571,0.0038441278826423,0.999992611309327,0.999992611309327,49.41362727828435,0.0,49.97413764045935,0.0,45.59504216438452,0.0,45.30199494011482,0.0,0.0,0.0,0.0,0.0,0.0,0.0
10.0,5.96289814490725,0.0038441760319277,0.0038441760240141,0.999992611124264,0.999992611124263,49.41362726900864,0.0,49.97413727370233,0.0,45.59504216001278,0.0,45.30199486271043,0.0,0.0,0.0,0.0,0.0,0.0,0.0
10.0,5.96314815740787,0.0038442241746551,0.0038442241667426,0.999992610939192,0.999992610939191,49.41362725971356,0.0,49.97413690693072,0.0,45.59504215564087,0.0,45.30199478530286,0.0,0.0,0.0,0.0,0.0,0.0,0.0
10.0,5.9633981699085,0.0038442723187393,0.003844272310828,0.999992610754113,0.999992610754112,49.41362725039919,0.0,49.97413654014449,0.0,45.59504215126877,0.0,45.30199470789212,0.0,0.0,0.0,0.0,0.0,0.0,0.0
10.0,5.96364818240912,0.0038443204641802,0.00384432045627,0.9999926105690268,0.999992610569026,49.4136272410656,0.0,49.97413617334365,0.0,45.59504214689649,0.0,45.30199463047819,0.0,0.0,0.0,0.0,0.0,0.0,0.0
10.0,5.96389819490975,0.0038443686109778,0.0038443686030688,0.999992610383933,0.999992610383932,49.41362723171286,0.0,49.9741358065282,0.0,45.59504214252402,0.0,45.3019945530611,0.0,0.0,0.0,0.0,0.0,0.0,0.0
10.0,5.96414820741037,0.003844416759132,0.0038444167512241,0.999992610198831,0.99999261019883,49.41362722234104,0.0,49.97413543969813,0.0,45.59504213815136,0.0,45.30199447564083,0.0,0.0,0.0,0.0,0.0,0.0,0.0
10.0,5.964398219911,0.0038444649086427,0.0038444649007359,0.999992610013722,0.999992610013721,49.41362721295023,0.0,49.97413507285346,0.0,45.59504213377853,0.0,45.30199439821739,0.0,0.0,0.0,0.0,0.0,0.0,0.0
10.0,5.96464823241162,0.0038445130595099,0.0038445130516043,0.999992609828605,0.999992609828604,49.413627203540486,0.0,49.97413470599416,0.0,45.5950421294055,0.0,45.301994320790776,0.0,0.0,0.0,0.0,0.0,0.0,0.0
10.0,5.96489824491225,0.0038445612117335,0.0038445612038291,0.999992609643481,0.99999260964348,49.41362719411188,0.0,49.974134339120255,0.0,45.595042125032286,0.0,45.30199424336097,0.0,0.0,0.0,0.0,0.0,0.0,0.0
10.0,5.96514825741287,0.0038446093653135,0.0038446093574102,0.999992609458349,0.999992609458348,49.4136271846645,0.0,49.97413397223174,0.0,45.59504212065889,0.0,45.301994165928,0.0,0.0,0.0,0.0,0.0,0.0,0.0
10.0,5.9653982699135,0.0038446575202498,0.0038446575123476,0.99999260927321,0.9999926092732088,49.41362717519839,0.0,49.97413360532861,0.0,45.59504211628531,0.0,45.30199408849186,0.0,0.0,0.0,0.0,0.0,0.0,0.0
10.0,5.96564828241412,0.0038447056765423,0.0038447056686414,0.9999926090880628,0.9999926090880628,49.41362716571364,0.0,49.97413323841087,0.0,45.595042111911546,0.0,45.30199401105254,0.0,0.0,0.0,0.0,0.0,0.0,0.0
10.0,5.96589829491475,0.0038447538341911,0.0038447538262912,0.9999926089029092,0.999992608902908,49.41362715621031,0.0,49.97413287147853,0.0,45.59504210753759,0.0,45.30199393361005,0.0,0.0,0.0,0.0,0.0,0.0,0.0
10.0,5.96614830741537,0.003844801993196,0.0038448019852973,0.999992608717747,0.999992608717746,49.41362714668847,0.0,49.97413250453156,0.0,45.59504210316345,0.0,45.30199385616438,0.0,0.0,0.0,0.0,0.0,0.0,0.0
10.0,5.966398319916,0.0038448501535569,0.0038448501456594,0.999992608532578,0.9999926085325772,49.41362713714821,0.0,49.97413213756997,0.0,45.595042098789136,0.0,45.301993778715534,0.0,0.0,0.0,0.0,0.0,0.0,0.0
10.0,5.96664833241662,0.0038448983152739,0.0038448983073775,0.999992608347401,0.9999926083474,49.41362712758956,0.0,49.97413177059379,0.0,45.59504209441462,0.0,45.30199370126351,0.0,0.0,0.0,0.0,0.0,0.0,0.0
10.0,5.96689834491725,0.0038449464783468,0.0038449464704516,0.999992608162216,0.999992608162215,49.41362711801262,0.0,49.974131403603,0.0,45.59504209003993,0.0,45.30199362380832,0.0,0.0,0.0,0.0,0.0,0.0,0.0
10.0,5.96714835741787,0.0038449946427756,0.0038449946348816,0.999992607977024,0.999992607977023,49.41362710841744,0.0,49.97413103659759,0.0,45.59504208566505,0.0,45.30199354634996,0.0,0.0,0.0,0.0,0.0,0.0,0.0
10.0,5.9673983699185,0.0038450428085603,0.0038450428006674,0.999992607791825,0.999992607791824,49.413627098804106,0.0,49.97413066957756,0.0,45.59504208129,0.0,45.30199346888841,0.0,0.0,0.0,0.0,0.0,0.0,0.0
10.0,5.96764838241912,0.0038450909757007,0.003845090967809,0.999992607606618,0.999992607606617,49.41362708917268,0.0,49.97413030254293,0.0,45.59504207691474,0.0,45.30199339142369,0.0,0.0,0.0,0.0,0.0,0.0,0.0
10.0,5.96789839491975,0.0038451391441969,0.0038451391363063,0.999992607421403,0.999992607421402,49.41362707952322,0.0,49.974129935493686,0.0,45.59504207253931,0.0,45.301993313955805,0.0,0.0,0.0,0.0,0.0,0.0,0.0
10.0,5.96814840742037,0.0038451873140487,0.0038451873061593,0.999992607236181,0.99999260723618,49.41362706985579,0.0,49.97412956842983,0.0,45.595042068163686,0.0,45.30199323648474,0.0,0.0,0.0,0.0,0.0,0.0,0.0
10.0,5.968398419921,0.0038452354852562,0.003845235477368,0.999992607050951,0.999992607050951,49.41362706017047,0.0,49.97412920135136,0.0,45.595042063787886,0.0,45.30199315901049,0.0,0.0,0.0,0.0,0.0,0.0,0.0
10.0,5.96864843242162,0.0038452836578192,0.0038452836499321,0.999992606865714,0.999992606865714,49.41362705046731,0.0,49.97412883425829,0.0,45.5950420594119,0.0,45.30199308153308,0.0,0.0,0.0,0.0,0.0,0.0,0.0
10.0,5.96889844492225,0.0038453318317377,0.0038453318238518,0.999992606680469,0.999992606680469,49.41362704074639,0.0,49.9741284671506,0.0,45.59504205503573,0.0,45.30199300405249,0.0,0.0,0.0,0.0,0.0,0.0,0.0
10.0,5.96914845742287,0.0038453800070116,0.0038453799991269,0.9999926064952172,0.9999926064952172,49.413627031007785,0.0,49.974128100028295,0.0,45.595042050659366,0.0,45.30199292656872,0.0,0.0,0.0,0.0,0.0,0.0,0.0
10.0,5.9693984699235,0.0038454281836409,0.0038454281757573,0.999992606309958,0.999992606309957,49.41362702125153,0.0,49.97412773289139,0.0,45.59504204628283,0.0,45.30199284908178,0.0,0.0,0.0,0.0,0.0,0.0,0.0
10.0,5.96964848242412,0.0038454763616255,0.0038454763537431,0.99999260612469,0.999992606124689,49.41362701147771,0.0,49.97412736573987,0.0,45.59504204190609,0.0,45.301992771591664,0.0,0.0,0.0,0.0,0.0,0.0,0.0
10.0,5.96989849492475,0.0038455245409654,0.0038455245330842,0.999992605939415,0.999992605939415,49.41362700168639,0.0,49.97412699857375,0.0,45.595042037529176,0.0,45.30199269409837,0.0,0.0,0.0,0.0,0.0,0.0,0.0
10.0,5.97014850742537,0.0038455727216605,0.0038455727137804,0.999992605754133,0.999992605754132,49.41362699187762,0.0,49.974126631393,0.0,45.59504203315208,0.0,45.30199261660191,0.0,0.0,0.0,0.0,0.0,0.0,0.0
10.0,5.970398519926,0.0038456209037107,0.0038456208958318,0.999992605568843,0.999992605568842,49.41362698205148,0.0,49.97412626419764,0.0,45.59504202877479,0.0,45.30199253910227,0.0,0.0,0.0,0.0,0.0,0.0,0.0
10.0,5.97064853242662,0.003845669087116,0.0038456690792383,0.999992605383546,0.999992605383545,49.413626972208014,0.0,49.97412589698768,0.0,45.59504202439732,0.0,45.301992461599454,0.0,0.0,0.0,0.0,0.0,0.0,0.0
10.0,5.97089854492725,0.0038457172718763,0.0038457172639998,0.9999926051982408,0.99999260519824,49.41362696234731,0.0,49.97412552976312,0.0,45.59504202001967,0.0,45.30199238409347,0.0,0.0,0.0,0.0,0.0,0.0,0.0
10.0,5.97114855742787,0.0038457654579916,0.0038457654501163,0.999992605012928,0.999992605012927,49.4136269524694,0.0,49.97412516252393,0.0,45.595042015641816,0.0,45.30199230658431,0.0,0.0,0.0,0.0,0.0,0.0,0.0
10.0,5.971398569928501,0.0038458136454618,0.0038458136375877,0.999992604827608,0.999992604827607,49.41362694257438,0.0,49.97412479527014,0.0,45.59504201126379,0.0,45.30199222907196,0.0,0.0,0.0,0.0,0.0,0.0,0.0
10.0,5.97164858242912,0.0038458618342869,0.0038458618264139,0.999992604642281,0.99999260464228,49.41362693266228,0.0,49.97412442800174,0.0,45.59504200688559,0.0,45.301992151556455,0.0,0.0,0.0,0.0,0.0,0.0,0.0
10.0,5.97189859492975,0.0038459100244667,0.0038459100165949,0.999992604456945,0.999992604456945,49.41362692273319,0.0,49.97412406071873,0.0,45.59504200250719,0.0,45.30199207403777,0.0,0.0,0.0,0.0,0.0,0.0,0.0
10.0,5.97214860743037,0.0038459582160013,0.0038459582081307,0.999992604271603,0.999992604271602,49.413626912787166,0.0,49.97412369342111,0.0,45.59504199812861,0.0,45.30199199651591,0.0,0.0,0.0,0.0,0.0,0.0,0.0
10.0,5.972398619931,0.0038460064088905,0.0038460064010211,0.999992604086253,0.999992604086252,49.41362690282424,0.0,49.97412332610888,0.0,45.59504199374984,0.0,45.30199191899087,0.0,0.0,0.0,0.0,0.0,0.0,0.0
10.0,5.97264863243162,0.0038460546031344,0.0038460545952662,0.9999926039008952,0.999992603900894,49.41362689284451,0.0,49.97412295878204,0.0,45.59504198937089,0.0,45.30199184146266,0.0,0.0,0.0,0.0,0.0,0.0,0.0
10.0,5.97289864493225,0.0038461027987328,0.0038461027908658,0.99999260371553,0.999992603715529,49.413626882848014,0.0,49.97412259144058,0.0,45.59504198499175,0.0,45.30199176393127,0.0,0.0,0.0,0.0,0.0,0.0,0.0
10.0,5.97314865743287,0.0038461509956858,0.0038461509878199,0.999992603530157,0.999992603530156,49.413626872834826,0.0,49.97412222408453,0.0,45.59504198061242,0.0,45.30199168639671,0.0,0.0,0.0,0.0,0.0,0.0,0.0
10.0,5.9733986699335,0.0038461991939932,0.0038461991861285,0.999992603344777,0.999992603344776,49.413626862805,0.0,49.974121856713865,0.0,45.59504197623291,0.0,45.30199160885898,0.0,0.0,0.0,0.0,0.0,0.0,0.0
10.0,5.973648682434121,0.0038462473936549,0.0038462473857914,0.999992603159389,0.999992603159388,49.4136268527586,0.0,49.974121489328574,0.0,45.59504197185322,0.0,45.30199153131806,0.0,0.0,0.0,0.0,0.0,0.0,0.0
10.0,5.97389869493475,0.003846295594671,0.0038462955868087,0.999992602973994,0.999992602973993,49.41362684269566,0.0,49.97412112192869,0.0,45.59504196747334,0.0,45.30199145377398,0.0,0.0,0.0,0.0,0.0,0.0,0.0
10.0,5.97414870743537,0.0038463437970414,0.0038463437891803,0.999992602788591,0.99999260278859,49.41362683261627,0.0,49.9741207545142,0.0,45.59504196309328,0.0,45.30199137622672,0.0,0.0,0.0,0.0,0.0,0.0,0.0
10.0,5.974398719936,0.0038463920007659,0.003846391992906,0.99999260260318,0.99999260260318,49.41362682252048,0.0,49.97412038708509,0.0,45.59504195871303,0.0,45.301991298676285,0.0,0.0,0.0,0.0,0.0,0.0,0.0
10.0,5.97464873243662,0.0038464402058446,0.0038464401979859,0.999992602417762,0.999992602417762,49.41362681240835,0.0,49.97412001964139,0.0,45.5950419543326,0.0,45.30199122112269,0.0,0.0,0.0,0.0,0.0,0.0,0.0
10.0,5.97489874493725,0.0038464884122774,0.0038464884044199,0.999992602232337,0.999992602232336,49.41362680227993,0.0,49.97411965218306,0.0,45.59504194995197,0.0,45.30199114356589,0.0,0.0,0.0,0.0,0.0,0.0,0.0
10.0,5.97514875743787,0.0038465366200643,0.003846536612208,0.999992602046904,0.9999926020469028,49.41362679213528,0.0,49.97411928471013,0.0,45.595041945571175,0.0,45.30199106600594,0.0,0.0,0.0,0.0,0.0,0.0,0.0
10.0,5.9753987699385,0.0038465848292051,0.00384658482135,0.9999926018614632,0.999992601861462,49.41362678197446,0.0,49.9741189172226,0.0,45.59504194119018,0.0,45.30199098844281,0.0,0.0,0.0,0.0,0.0,0.0,0.0
10.0,5.97564878243912,0.0038466330396998,0.0038466330318459,0.999992601676015,0.999992601676015,49.41362677179752,0.0,49.97411854972045,0.0,45.59504193680901,0.0,45.3019909108765,0.0,0.0,0.0,0.0,0.0,0.0,0.0
10.0,5.97589879493975,0.0038466812515484,0.0038466812436958,0.999992601490559,0.999992601490559,49.41362676160453,0.0,49.97411818220369,0.0,45.595041932427655,0.0,45.30199083330702,0.0,0.0,0.0,0.0,0.0,0.0,0.0
10.0,5.97614880744037,0.0038467294647509,0.0038467294568993,0.999992601305096,0.999992601305096,49.41362675139555,0.0,49.97411781467233,0.0,45.59504192804611,0.0,45.30199075573436,0.0,0.0,0.0,0.0,0.0,0.0,0.0
10.0,5.976398819941,0.003846777679307,0.0038467776714567,0.999992601119626,0.999992601119625,49.41362674117061,0.0,49.97411744712637,0.0,45.595041923664375,0.0,45.30199067815853,0.0,0.0,0.0,0.0,0.0,0.0,0.0
10.0,5.97664883244162,0.0038468258952168,0.0038468258873677,0.999992600934148,0.9999926009341472,49.41362673092979,0.0,49.97411707956579,0.0,45.59504191928246,0.0,45.30199060057953,0.0,0.0,0.0,0.0,0.0,0.0,0.0
10.0,5.976898844942249,0.0038468741124803,0.0038468741046324,0.999992600748662,0.999992600748661,49.41362672067314,0.0,49.9741167119906,0.0,45.59504191490035,0.0,45.30199052299736,0.0,0.0,0.0,0.0,0.0,0.0,0.0
10.0,5.97714885744287,0.0038469223310973,0.0038469223232506,0.999992600563169,0.999992600563168,49.41362671040071,0.0,49.97411634440079,0.0,45.59504191051807,0.0,45.301990445412,0.0,0.0,0.0,0.0,0.0,0.0,0.0
10.0,5.9773988699435,0.0038469705510678,0.0038469705432224,0.9999926003776668,0.9999926003776668,49.413626700112566,0.0,49.9741159767964,0.0,45.595041906135606,0.0,45.30199036782346,0.0,0.0,0.0,0.0,0.0,0.0,0.0
10.0,5.97764888244412,0.0038470187723918,0.0038470187645476,0.99999260019216,0.999992600192159,49.41362668980875,0.0,49.97411560917739,0.0,45.59504190175294,0.0,45.30199029023176,0.0,0.0,0.0,0.0,0.0,0.0,0.0
10.0,5.97789889494475,0.0038470669950692,0.0038470669872262,0.999992600006643,0.999992600006643,49.413626679489326,0.0,49.97411524154376,0.0,45.595041897370095,0.0,45.30199021263689,0.0,0.0,0.0,0.0,0.0,0.0,0.0
10.0,5.97814890744537,0.0038471152190999,0.0038471152112581,0.99999259982112,0.9999925998211192,49.41362666915433,0.0,49.974114873895545,0.0,45.59504189298707,0.0,45.30199013503884,0.0,0.0,0.0,0.0,0.0,0.0,0.0
10.0,5.978398919946,0.0038471634444839,0.0038471634366433,0.999992599635589,0.999992599635589,49.41362665880385,0.0,49.97411450623271,0.0,45.59504188860386,0.0,45.301990057437614,0.0,0.0,0.0,0.0,0.0,0.0,0.0
10.0,5.97864893244662,0.0038472116712211,0.0038472116633817,0.9999925994500508,0.99999259945005,49.41362664843791,0.0,49.97411413855527,0.0,45.595041884220464,0.0,45.30198997983321,0.0,0.0,0.0,0.0,0.0,0.0,0.0
10.0,5.97889894494725,0.0038472598993115,0.0038472598914733,0.9999925992645052,0.999992599264504,49.41362663805659,0.0,49.97411377086323,0.0,45.59504187983687,0.0,45.30198990222563,0.0,0.0,0.0,0.0,0.0,0.0,0.0
10.0,5.979148957447871,0.003847308128755,0.003847308120918,0.999992599078951,0.99999259907895,49.41362662765991,0.0,49.974113403156565,0.0,45.59504187545311,0.0,45.301989824614886,0.0,0.0,0.0,0.0,0.0,0.0,0.0
10.0,5.9793989699485,0.0038473563595515,0.0038473563517158,0.99999259889339,0.999992598893389,49.41362661724795,0.0,49.97411303543532,0.0,45.59504187106916,0.0,45.30198974700097,0.0,0.0,0.0,0.0,0.0,0.0,0.0
10.0,5.97964898244912,0.003847404591701,0.0038474045838665,0.999992598707822,0.999992598707821,49.41362660682076,0.0,49.97411266769944,0.0,45.595041866685015,0.0,45.30198966938385,0.0,0.0,0.0,0.0,0.0,0.0,0.0
10.0,5.97989899494975,0.0038474528252035,0.0038474528173702,0.999992598522246,0.9999925985222448,49.41362659637837,0.0,49.97411229994896,0.0,45.5950418623007,0.0,45.30198959176359,0.0,0.0,0.0,0.0,0.0,0.0,0.0
10.0,5.98014900745037,0.0038475010600588,0.0038475010522267,0.999992598336662,0.999992598336661,49.41362658592085,0.0,49.97411193218389,0.0,45.59504185791618,0.0,45.30198951414013,0.0,0.0,0.0,0.0,0.0,0.0,0.0
10.0,5.980399019951,0.0038475492962669,0.003847549288436,0.999992598151071,0.99999259815107,49.41362657544827,0.0,49.9741115644042,0.0,45.59504185353149,0.0,45.30198943651352,0.0,0.0,0.0,0.0,0.0,0.0,0.0
10.0,5.98064903245162,0.0038475975338278,0.0038475975259981,0.999992597965472,0.999992597965471,49.41362656496064,0.0,49.9741111966099,0.0,45.59504184914661,0.0,45.30198935888372,0.0,0.0,0.0,0.0,0.0,0.0,0.0
10.0,5.98089904495225,0.0038476457727413,0.0038476457649129,0.999992597779866,0.999992597779865,49.413626554458055,0.0,49.974110828801,0.0,45.595041844761546,0.0,45.30198928125076,0.0,0.0,0.0,0.0,0.0,0.0,0.0
10.0,5.98114905745287,0.0038476940130075,0.0038476940051804,0.999992597594252,0.999992597594251,49.41362654394053,0.0,49.97411046097749,0.0,45.5950418403763,0.0,45.3019892036146,0.0,0.0,0.0,0.0,0.0,0.0,0.0
10.0,5.9813990699535,0.0038477422546263,0.0038477422468004,0.999992597408631,0.99999259740863,49.41362653340814,0.0,49.97411009313938,0.0,45.595041835990855,0.0,45.30198912597528,0.0,0.0,0.0,0.0,0.0,0.0,0.0
10.0,5.98164908245412,0.0038477904975976,0.0038477904897729,0.999992597223002,0.9999925972230008,49.41362652286092,0.0,49.97410972528666,0.0,45.59504183160524,0.0,45.30198904833279,0.0,0.0,0.0,0.0,0.0,0.0,0.0
10.0,5.98189909495475,0.0038478387419214,0.0038478387340979,0.999992597037365,0.999992597037365,49.41362651229893,0.0,49.97410935741933,0.0,45.59504182721943,0.0,45.30198897068712,0.0,0.0,0.0,0.0,0.0,0.0,0.0
10.0,5.98214910745537,0.0038478869875975,0.0038478869797753,0.999992596851721,0.999992596851721,49.41362650172222,0.0,49.9741089895374,0.0,45.59504182283344,0.0,45.30198889303828,0.0,0.0,0.0,0.0,0.0,0.0,0.0
10.0,5.982399119955999,0.0038479352346261,0.003847935226805,0.99999259666607,0.999992596666069,49.413626491130834,0.0,49.97410862164087,0.0,45.595041818447264,0.0,45.30198881538626,0.0,0.0,0.0,0.0,0.0,0.0,0.0
10.0,5.98264913245662,0.0038479834830069,0.0038479834751871,0.999992596480411,0.99999259648041,49.413626480524826,0.0,49.974108253729725,0.0,45.595041814060906,0.0,45.30198873773107,0.0,0.0,0.0,0.0,0.0,0.0,0.0
10.0,5.98289914495725,0.0038480317327399,0.0038480317249213,0.999992596294745,0.999992596294744,49.41362646990425,0.0,49.97410788580397,0.0,45.59504180967436,0.0,45.30198866007271,0.0,0.0,0.0,0.0,0.0,0.0,0.0
10.0,5.98314915745787,0.0038480799838251,0.0038480799760078,0.999992596109071,0.99999259610907,49.413626459269146,0.0,49.97410751786362,0.0,45.59504180528762,0.0,45.30198858241116,0.0,0.0,0.0,0.0,0.0,0.0,0.0
10.0,5.9833991699585,0.0038481282362624,0.0038481282284463,0.999992595923389,0.999992595923388,49.41362644861957,0.0,49.97410714990866,0.0,45.59504180090071,0.0,45.30198850474644,0.0,0.0,0.0,0.0,0.0,0.0,0.0
10.0,5.98364918245912,0.0038481764900518,0.0038481764822369,0.9999925957377,0.999992595737699,49.41362643795557,0.0,49.97410678193909,0.0,45.595041796513605,0.0,45.30198842707856,0.0,0.0,0.0,0.0,0.0,0.0,0.0
10.0,5.98389919495975,0.0038482247451932,0.0038482247373796,0.999992595552003,0.999992595552003,49.4136264272772,0.0,49.974106413954914,0.0,45.59504179212632,0.0,45.3019883494075,0.0,0.0,0.0,0.0,0.0,0.0,0.0
10.0,5.98414920746037,0.0038482730016865,0.0038482729938741,0.999992595366299,0.999992595366299,49.41362641658448,0.0,49.97410604595615,0.0,45.59504178773885,0.0,45.30198827173326,0.0,0.0,0.0,0.0,0.0,0.0,0.0
10.0,5.984399219961,0.0038483212595316,0.0038483212517205,0.999992595180588,0.999992595180587,49.41362640587749,0.0,49.97410567794276,0.0,45.59504178335119,0.0,45.301988194055845,0.0,0.0,0.0,0.0,0.0,0.0,0.0
10.0,5.984649232461619,0.0038483695187287,0.0038483695109188,0.999992594994869,0.999992594994868,49.41362639515627,0.0,49.974105309914776,0.0,45.59504177896335,0.0,45.301988116375256,0.0,0.0,0.0,0.0,0.0,0.0,0.0
10.0,5.98489924496225,0.0038484177792774,0.0038484177714688,0.999992594809142,0.9999925948091408,49.41362638442086,0.0,49.97410494187218,0.0,45.59504177457532,0.0,45.3019880386915,0.0,0.0,0.0,0.0,0.0,0.0,0.0
10.0,5.98514925746287,0.0038484660411779,0.0038484660333705,0.999992594623408,0.999992594623407,49.41362637367132,0.0,49.97410457381498,0.0,45.5950417701871,0.0,45.30198796100457,0.0,0.0,0.0,0.0,0.0,0.0,0.0
10.0,5.9853992699635,0.00384851430443,0.0038485142966239,0.999992594437666,0.999992594437665,49.41362636290769,0.0,49.97410420574319,0.0,45.59504176579871,0.0,45.30198788331445,0.0,0.0,0.0,0.0,0.0,0.0,0.0
10.0,5.98564928246412,0.0038485625690337,0.0038485625612288,0.999992594251916,0.999992594251916,49.41362635213002,0.0,49.97410383765678,0.0,45.59504176141012,0.0,45.30198780562117,0.0,0.0,0.0,0.0,0.0,0.0,0.0
10.0,5.98589929496475,0.003848610834989,0.0038486108271853,0.99999259406616,0.999992594066159,49.413626341338336,0.0,49.97410346955577,0.0,45.59504175702136,0.0,45.30198772792471,0.0,0.0,0.0,0.0,0.0,0.0,0.0
10.0,5.98614930746537,0.0038486591022957,0.0038486590944933,0.9999925938803949,0.999992593880394,49.41362633053271,0.0,49.97410310144016,0.0,45.5950417526324,0.0,45.30198765022509,0.0,0.0,0.0,0.0,0.0,0.0,0.0
10.0,5.986399319966,0.0038487073709538,0.0038487073631527,0.999992593694623,0.999992593694622,49.41362631971319,0.0,49.974102733309934,0.0,45.59504174824326,0.0,45.30198757252228,0.0,0.0,0.0,0.0,0.0,0.0,0.0
10.0,5.98664933246662,0.0038487556409633,0.0038487556331634,0.999992593508844,0.999992593508843,49.413626308879806,0.0,49.97410236516511,0.0,45.59504174385393,0.0,45.301987494816295,0.0,0.0,0.0,0.0,0.0,0.0,0.0
10.0,5.98689934496725,0.0038488039123241,0.0038488039045254,0.9999925933230568,0.999992593323056,49.41362629803261,0.0,49.97410199700568,0.0,45.59504173946442,0.0,45.301987417107135,0.0,0.0,0.0,0.0,0.0,0.0,0.0
10.0,5.98714935746787,0.0038488521850361,0.0038488521772387,0.999992593137262,0.999992593137262,49.41362628717164,0.0,49.97410162883165,0.0,45.59504173507472,0.0,45.301987339394806,0.0,0.0,0.0,0.0,0.0,0.0,0.0
10.0,5.9873993699685,0.0038489004590993,0.0038489004513032,0.99999259295146,0.9999925929514591,49.41362627629696,0.0,49.97410126064302,0.0,45.59504173068485,0.0,45.30198726167931,0.0,0.0,0.0,0.0,0.0,0.0,0.0
10.0,5.98764938246912,0.0038489487345136,0.0038489487267187,0.9999925927656512,0.99999259276565,49.4136262654086,0.0,49.97410089243977,0.0,45.59504172629477,0.0,45.30198718396063,0.0,0.0,0.0,0.0,0.0,0.0,0.0
10.0,5.98789939496975,0.003848997011279,0.0038489970034854,0.999992592579834,0.999992592579833,49.41362625450662,0.0,49.97410052422193,0.0,45.595041721904536,0.0,45.30198710623877,0.0,0.0,0.0,0.0,0.0,0.0,0.0
10.0,5.98814940747037,0.0038490452893954,0.0038490452816031,0.999992592394009,0.999992592394008,49.41362624359103,0.0,49.97410015598948,0.0,45.5950417175141,0.0,45.30198702851375,0.0,0.0,0.0,0.0,0.0,0.0,0.0
10.0,5.988399419971,0.0038490935688628,0.0038490935610717,0.9999925922081772,0.9999925922081762,49.413626232661926,0.0,49.97409978774243,0.0,45.59504171312348,0.0,45.30198695078555,0.0,0.0,0.0,0.0,0.0,0.0,0.0
10.0,5.98864943247162,0.003849141849681,0.0038491418418912,0.999992592022337,0.999992592022336,49.41362622171931,0.0,49.97409941948078,0.0,45.59504170873267,0.0,45.301986873054176,0.0,0.0,0.0,0.0,0.0,0.0,0.0
10.0,5.98889944497225,0.0038491901318501,0.0038491901240615,0.99999259183649,0.999992591836489,49.41362621076325,0.0,49.97409905120452,0.0,45.59504170434168,0.0,45.30198679531963,0.0,0.0,0.0,0.0,0.0,0.0,0.0
10.0,5.98914945747287,0.0038492384153699,0.0038492384075826,0.999992591650635,0.999992591650634,49.41362619979377,0.0,49.974098682913656,0.0,45.59504169995051,0.0,45.3019867175819,0.0,0.0,0.0,0.0,0.0,0.0,0.0
10.0,5.9893994699735,0.0038492867002405,0.0038492866924544,0.999992591464773,0.999992591464772,49.41362618881093,0.0,49.9740983146082,0.0,45.59504169555914,0.0,45.301986639841004,0.0,0.0,0.0,0.0,0.0,0.0,0.0
10.0,5.98964948247412,0.0038493349864617,0.0038493349786769,0.999992591278903,0.999992591278902,49.41362617781478,0.0,49.97409794628812,0.0,45.5950416911676,0.0,45.30198656209693,0.0,0.0,0.0,0.0,0.0,0.0,0.0
10.0,5.98989949497475,0.0038493832740335,0.00384938326625,0.999992591093026,0.9999925910930249,49.41362616680534,0.0,49.97409757795344,0.0,45.59504168677586,0.0,45.30198648434969,0.0,0.0,0.0,0.0,0.0,0.0,0.0
10.0,5.99014950747537,0.0038494315629558,0.0038494315551736,0.999992590907141,0.99999259090714,49.413626155782666,0.0,49.974097209604174,0.0,45.59504168238394,0.0,45.30198640659926,0.0,0.0,0.0,0.0,0.0,0.0,0.0
10.0,5.990399519976,0.0038494798532287,0.0038494798454477,0.999992590721248,0.999992590721248,49.4136261447468,0.0,49.974096841240296,0.0,45.59504167799184,0.0,45.30198632884567,0.0,0.0,0.0,0.0,0.0,0.0,0.0
10.0,5.99064953247662,0.0038495281448519,0.0038495281370722,0.9999925905353488,0.9999925905353478,49.41362613369778,0.0,49.97409647286182,0.0,45.59504167359955,0.0,45.301986251088906,0.0,0.0,0.0,0.0,0.0,0.0,0.0
10.0,5.99089954497725,0.0038495764378256,0.0038495764300471,0.999992590349441,0.99999259034944,49.41362612263567,0.0,49.97409610446873,0.0,45.59504166920708,0.0,45.30198617332896,0.0,0.0,0.0,0.0,0.0,0.0,0.0
10.0,5.99114955747787,0.0038496247321495,0.0038496247243723,0.999992590163526,0.999992590163525,49.41362611156049,0.0,49.974095736061045,0.0,45.59504166481442,0.0,45.30198609556584,0.0,0.0,0.0,0.0,0.0,0.0,0.0
10.0,5.9913995699785,0.0038496730278237,0.0038496730200478,0.999992589977604,0.9999925899776032,49.41362610047228,0.0,49.97409536763875,0.0,45.59504166042158,0.0,45.30198601779956,0.0,0.0,0.0,0.0,0.0,0.0,0.0
10.0,5.99164958247912,0.0038497213248481,0.0038497213170735,0.999992589791673,0.999992589791673,49.4136260893711,0.0,49.97409499920187,0.0,45.59504165602854,0.0,45.301985940030086,0.0,0.0,0.0,0.0,0.0,0.0,0.0
10.0,5.99189959497975,0.0038497696232226,0.0038497696154493,0.999992589605736,0.9999925896057348,49.413626078256975,0.0,49.97409463075037,0.0,45.59504165163533,0.0,45.301985862257446,0.0,0.0,0.0,0.0,0.0,0.0,0.0
10.0,5.99214960748037,0.0038498179229472,0.0038498179151751,0.999992589419791,0.99999258941979,49.413626067129954,0.0,49.97409426228428,0.0,45.59504164724193,0.0,45.30198578448164,0.0,0.0,0.0,0.0,0.0,0.0,0.0
10.0,5.992399619981,0.0038498662240218,0.003849866216251,0.999992589233838,0.999992589233838,49.41362605599007,0.0,49.97409389380357,0.0,45.59504164284835,0.0,45.30198570670265,0.0,0.0,0.0,0.0,0.0,0.0,0.0
10.0,5.99264963248162,0.0038499145264463,0.0038499145186769,0.999992589047878,0.999992589047877,49.413626044837386,0.0,49.97409352530828,0.0,45.595041638454575,0.0,45.30198562892049,0.0,0.0,0.0,0.0,0.0,0.0,0.0
10.0,5.99289964498225,0.0038499628302208,0.0038499628224526,0.99999258886191,0.99999258886191,49.41362603367192,0.0,49.974093156798375,0.0,45.59504163406062,0.0,45.301985551135154,0.0,0.0,0.0,0.0,0.0,0.0,0.0
10.0,5.99314965748287,0.0038500111353451,0.0038500111275782,0.9999925886759352,0.999992588675934,49.41362602249373,0.0,49.97409278827388,0.0,45.59504162966648,0.0,45.30198547334664,0.0,0.0,0.0,0.0,0.0,0.0,0.0
10.0,5.9933996699835,0.0038500594418192,0.0038500594340536,0.999992588489952,0.999992588489952,49.41362601130284,0.0,49.97409241973476,0.0,45.59504162527215,0.0,45.30198539555496,0.0,0.0,0.0,0.0,0.0,0.0,0.0
10.0,5.99364968248412,0.003850107749643,0.0038501077418787,0.999992588303962,0.999992588303961,49.4136260000993,0.0,49.97409205118106,0.0,45.59504162087764,0.0,45.3019853177601,0.0,0.0,0.0,0.0,0.0,0.0,0.0
10.0,5.99389969498475,0.0038501560588165,0.0038501560510534,0.999992588117964,0.9999925881179632,49.41362598888316,0.0,49.974091682612745,0.0,45.59504161648295,0.0,45.30198523996207,0.0,0.0,0.0,0.0,0.0,0.0,0.0
10.0,5.99414970748537,0.0038502043693396,0.0038502043615778,0.999992587931959,0.999992587931958,49.413625977654426,0.0,49.97409131402984,0.0,45.59504161208807,0.0,45.30198516216085,0.0,0.0,0.0,0.0,0.0,0.0,0.0
10.0,5.994399719986,0.0038502526812123,0.0038502526734518,0.999992587745946,0.999992587745945,49.41362596641317,0.0,49.97409094543232,0.0,45.595041607693,0.0,45.30198508435648,0.0,0.0,0.0,0.0,0.0,0.0,0.0
10.0,5.99464973248662,0.0038503009944344,0.0038503009866752,0.999992587559925,0.9999925875599252,49.41362595515943,0.0,49.97409057682021,0.0,45.595041603297744,0.0,45.301985006548925,0.0,0.0,0.0,0.0,0.0,0.0,0.0
10.0,5.994899744987251,0.003850349309006,0.0038503493012481,0.999992587373898,0.999992587373897,49.41362594389322,0.0,49.974090208193495,0.0,45.59504159890231,0.0,45.3019849287382,0.0,0.0,0.0,0.0,0.0,0.0,0.0
10.0,5.99514975748787,0.003850397624927,0.0038503976171703,0.999992587187862,0.999992587187862,49.413625932614615,0.0,49.974089839552185,0.0,45.59504159450668,0.0,45.3019848509243,0.0,0.0,0.0,0.0,0.0,0.0,0.0
10.0,5.9953997699885,0.0038504459421972,0.0038504459344419,0.999992587001819,0.999992587001819,49.41362592132364,0.0,49.97408947089626,0.0,45.59504159011088,0.0,45.30198477310722,0.0,0.0,0.0,0.0,0.0,0.0,0.0
10.0,5.99564978248912,0.0038504942608168,0.0038504942530627,0.999992586815769,0.999992586815768,49.41362591002032,0.0,49.97408910222574,0.0,45.59504158571489,0.0,45.30198469528697,0.0,0.0,0.0,0.0,0.0,0.0,0.0
10.0,5.99589979498975,0.0038505425807855,0.0038505425730328,0.999992586629711,0.99999258662971,49.4136258987047,0.0,49.97408873354063,0.0,45.59504158131871,0.0,45.301984617463546,0.0,0.0,0.0,0.0,0.0,0.0,0.0
10.0,5.99614980749037,0.0038505909021034,0.0038505908943519,0.999992586443645,0.999992586443644,49.41362588737682,0.0,49.9740883648409,0.0,45.59504157692235,0.0,45.30198453963695,0.0,0.0,0.0,0.0,0.0,0.0,0.0
10.0,5.996399819991,0.0038506392247704,0.0038506392170202,0.999992586257572,0.999992586257571,49.413625876036726,0.0,49.974087996126585,0.0,45.595041572525794,0.0,45.30198446180717,0.0,0.0,0.0,0.0,0.0,0.0,0.0
10.0,5.99664983249162,0.0038506875487864,0.0038506875410375,0.9999925860714908,0.9999925860714908,49.41362586468446,0.0,49.97408762739767,0.0,45.59504156812906,0.0,45.30198438397422,0.0,0.0,0.0,0.0,0.0,0.0,0.0
10.0,5.99689984499225,0.0038507358741514,0.0038507358664038,0.999992585885403,0.999992585885403,49.41362585332004,0.0,49.97408725865414,0.0,45.59504156373215,0.0,45.3019843061381,0.0,0.0,0.0,0.0,0.0,0.0,0.0
10.0,5.997149857492871,0.0038507842008652,0.003850784193119,0.999992585699307,0.999992585699306,49.41362584194353,0.0,49.974086889896014,0.0,45.59504155933504,0.0,45.30198422829881,0.0,0.0,0.0,0.0,0.0,0.0,0.0
10.0,5.9973998699935,0.003850832528928,0.003850832521183,0.999992585513204,0.999992585513203,49.41362583055493,0.0,49.9740865211233,0.0,45.59504155493775,0.0,45.30198415045634,0.0,0.0,0.0,0.0,0.0,0.0,0.0
10.0,5.99764988249412,0.0038508808583395,0.0038508808505958,0.999992585327093,0.9999925853270932,49.41362581915432,0.0,49.97408615233597,0.0,45.59504155054027,0.0,45.3019840726107,0.0,0.0,0.0,0.0,0.0,0.0,0.0
10.0,5.99789989499475,0.0038509291890998,0.0038509291813574,0.999992585140975,0.999992585140974,49.41362580774171,0.0,49.97408578353404,0.0,45.59504154614261,0.0,45.30198399476188,0.0,0.0,0.0,0.0,0.0,0.0,0.0
10.0,5.99814990749537,0.0038509775212087,0.0038509775134677,0.9999925849548492,0.9999925849548492,49.41362579631715,0.0,49.97408541471752,0.0,45.59504154174477,0.0,45.30198391690989,0.0,0.0,0.0,0.0,0.0,0.0,0.0
10.0,5.998399919996,0.0038510258546663,0.0038510258469266,0.999992584768716,0.9999925847687148,49.41362578488067,0.0,49.9740850458864,0.0,45.59504153734674,0.0,45.30198383905473,0.0,0.0,0.0,0.0,0.0,0.0,0.0
10.0,5.99864993249663,0.0038510741894724,0.003851074181734,0.999992584582575,0.999992584582574,49.4136257734323,0.0,49.97408467704068,0.0,45.59504153294852,0.0,45.30198376119638,0.0,0.0,0.0,0.0,0.0,0.0,0.0
10.0,5.99889994499725,0.0038511225256271,0.0038511225178899,0.9999925843964268,0.999992584396426,49.4136257619721,0.0,49.974084308180345,0.0,45.59504152855012,0.0,45.30198368333488,0.0,0.0,0.0,0.0,0.0,0.0,0.0
10.0,5.99914995749787,0.0038511708631302,0.0038511708553943,0.99999258421027,0.99999258421027,49.41362575050008,0.0,49.97408393930542,0.0,45.59504152415153,0.0,45.30198360547019,0.0,0.0,0.0,0.0,0.0,0.0,0.0
10.0,5.9993999699985,0.0038512192019817,0.0038512191942471,0.999992584024107,0.999992584024107,49.4136257390163,0.0,49.97408357041591,0.0,45.59504151975277,0.0,45.30198352760233,0.0,0.0,0.0,0.0,0.0,0.0,0.0
10.0,5.99964998249912,0.0038512675421815,0.0038512675344482,0.999992583837936,0.999992583837936,49.41362572752077,0.0,49.97408320151178,0.0,45.595041515353806,0.0,45.301983449731296,0.0,0.0,0.0,0.0,0.0,0.0,0.0
10.0,5.99989999499975,0.0038513158837295,0.0038513158759976,0.999992583651758,0.999992583651757,49.41362571601356,0.0,49.974082832593055,0.0,45.595041510954665,0.0,45.30198337185709,0.0,0.0,0.0,0.0,0.0,0.0,0.0
10.0,6.00015000750038,0.0038513642266258,0.0038513642188952,0.999992583465572,0.999992583465571,49.41362570449468,0.0,49.97408246365973,0.0,45.59504150655534,0.0,45.3019832939797,0.0,0.0,0.0,0.0,0.0,0.0,0.0
10.0,6.000400020000999,0.0038514125708703,0.003851412563141,0.999992583279378,0.999992583279377,49.41362569296416,0.0,49.97408209471183,0.0,45.59504150215582,0.0,45.30198321609915,0.0,0.0,0.0,0.0,0.0,0.0,0.0
10.0,6.00065003250162,0.0038514609164628,0.0038514609087349,0.999992583093177,0.999992583093176,49.41362568142206,0.0,49.97408172574929,0.0,45.595041497756135,0.0,45.30198313821542,0.0,0.0,0.0,0.0,0.0,0.0,0.0
10.0,6.00090004500225,0.0038515092634034,0.0038515092556768,0.999992582906969,0.999992582906968,49.4136256698684,0.0,49.974081356772174,0.0,45.59504149335625,0.0,45.30198306032851,0.0,0.0,0.0,0.0,0.0,0.0,0.0
10.0,6.00115005750287,0.003851557611692,0.0038515576039667,0.999992582720752,0.999992582720751,49.413625658303225,0.0,49.97408098778046,0.0,45.59504148895618,0.0,45.30198298243844,0.0,0.0,0.0,0.0,0.0,0.0,0.0
10.0,6.0014000700035,0.0038516059613285,0.0038516059536045,0.999992582534528,0.999992582534528,49.41362564672656,0.0,49.97408061877414,0.0,45.59504148455593,0.0,45.301982904545184,0.0,0.0,0.0,0.0,0.0,0.0,0.0
10.0,6.00165008250413,0.0038516543123128,0.0038516543045901,0.999992582348297,0.999992582348297,49.413625635138445,0.0,49.97408024975323,0.0,45.59504148015549,0.0,45.30198282664876,0.0,0.0,0.0,0.0,0.0,0.0,0.0
10.0,6.00190009500475,0.003851702664645,0.0038517026569236,0.999992582162059,0.999992582162058,49.41362562353891,0.0,49.97407988071771,0.0,45.59504147575487,0.0,45.301982748749154,0.0,0.0,0.0,0.0,0.0,0.0,0.0
10.0,6.00215010750537,0.0038517510183249,0.0038517510106049,0.999992581975812,0.999992581975812,49.41362561192799,0.0,49.9740795116676,0.0,45.59504147135406,0.0,45.30198267084639,0.0,0.0,0.0,0.0,0.0,0.0,0.0
10.0,6.002400120006,0.0038517993733525,0.0038517993656338,0.999992581789559,0.999992581789558,49.413625600305735,0.0,49.97407914260288,0.0,45.59504146695306,0.0,45.30198259294044,0.0,0.0,0.0,0.0,0.0,0.0,0.0
10.0,6.00265013250663,0.0038518477297278,0.0038518477220104,0.999992581603297,0.999992581603296,49.41362558867216,0.0,49.97407877352358,0.0,45.59504146255188,0.0,45.30198251503132,0.0,0.0,0.0,0.0,0.0,0.0,0.0
10.0,6.00290014500725,0.0038518960874506,0.0038518960797345,0.9999925814170278,0.999992581417027,49.4136255770273,0.0,49.97407840442968,0.0,45.59504145815052,0.0,45.30198243711902,0.0,0.0,0.0,0.0,0.0,0.0,0.0
10.0,6.00315015750788,0.0038519444465209,0.0038519444388062,0.999992581230752,0.9999925812307512,49.413625565371206,0.0,49.97407803532117,0.0,45.59504145374897,0.0,45.30198235920355,0.0,0.0,0.0,0.0,0.0,0.0,0.0
10.0,6.0034001700085,0.0038519928069387,0.0038519927992253,0.999992581044468,0.999992581044467,49.4136255537039,0.0,49.97407766619806,0.0,45.59504144934723,0.0,45.301982281284914,0.0,0.0,0.0,0.0,0.0,0.0,0.0
10.0,6.00365018250912,0.0038520411687039,0.0038520411609918,0.999992580858176,0.999992580858176,49.41362554202541,0.0,49.974077297060354,0.0,45.59504144494531,0.0,45.301982203363096,0.0,0.0,0.0,0.0,0.0,0.0,0.0
10.0,6.00390019500975,0.0038520895318164,0.0038520895241057,0.999992580671877,0.999992580671877,49.41362553033578,0.0,49.97407692790806,0.0,45.59504144054321,0.0,45.30198212543811,0.0,0.0,0.0,0.0,0.0,0.0,0.0
10.0,6.00415020751038,0.0038521378962762,0.0038521378885668,0.999992580485571,0.99999258048557,49.41362551863504,0.0,49.97407655874116,0.0,45.59504143614093,0.0,45.30198204750994,0.0,0.0,0.0,0.0,0.0,0.0,0.0
10.0,6.004400220011,0.0038521862620833,0.0038521862543752,0.999992580299257,0.999992580299256,49.41362550692323,0.0,49.97407618955966,0.0,45.59504143173845,0.0,45.301981969578605,0.0,0.0,0.0,0.0,0.0,0.0,0.0
10.0,6.00465023251162,0.0038522346292375,0.0038522346215307,0.9999925801129348,0.9999925801129348,49.41362549520038,0.0,49.97407582036357,0.0,45.59504142733578,0.0,45.30198189164409,0.0,0.0,0.0,0.0,0.0,0.0,0.0
10.0,6.00490024501225,0.0038522829977388,0.0038522829900334,0.999992579926606,0.999992579926606,49.4136254834665,0.0,49.97407545115287,0.0,45.59504142293294,0.0,45.301981813706405,0.0,0.0,0.0,0.0,0.0,0.0,0.0
10.0,6.00515025751288,0.0038523313675872,0.0038523313598831,0.99999257974027,0.999992579740269,49.41362547172166,0.0,49.97407508192758,0.0,45.59504141852991,0.0,45.30198173576554,0.0,0.0,0.0,0.0,0.0,0.0,0.0
10.0,6.0054002700135,0.0038523797387826,0.0038523797310798,0.999992579553926,0.999992579553925,49.41362545996586,0.0,49.9740747126877,0.0,45.59504141412669,0.0,45.30198165782152,0.0,0.0,0.0,0.0,0.0,0.0,0.0
10.0,6.00565028251413,0.0038524281113249,0.0038524281036234,0.999992579367574,0.999992579367573,49.41362544819916,0.0,49.974074343433216,0.0,45.595041409723294,0.0,45.30198157987431,0.0,0.0,0.0,0.0,0.0,0.0,0.0
10.0,6.005900295014749,0.003852476485214,0.0038524764775139,0.999992579181215,0.999992579181214,49.413625436421576,0.0,49.97407397416413,0.0,45.595041405319705,0.0,45.30198150192392,0.0,0.0,0.0,0.0,0.0,0.0,0.0
10.0,6.00615030751537,0.00385252486045,0.0038525248527513,0.999992578994848,0.9999925789948468,49.41362542463314,0.0,49.97407360488046,0.0,45.59504140091593,0.0,45.301981423970375,0.0,0.0,0.0,0.0,0.0,0.0,0.0
10.0,6.006400320016,0.0038525732370328,0.0038525732293354,0.999992578808474,0.999992578808473,49.4136254128339,0.0,49.974073235582175,0.0,45.59504139651197,0.0,45.30198134601364,0.0,0.0,0.0,0.0,0.0,0.0,0.0
10.0,6.00665033251663,0.0038526216149623,0.0038526216072662,0.999992578622092,0.999992578622091,49.41362540102386,0.0,49.97407286626931,0.0,45.595041392107824,0.0,45.301981268053744,0.0,0.0,0.0,0.0,0.0,0.0,0.0
10.0,6.00690034501725,0.0038526699942384,0.0038526699865436,0.999992578435702,0.999992578435702,49.41362538920309,0.0,49.97407249694184,0.0,45.5950413877035,0.0,45.301981190090665,0.0,0.0,0.0,0.0,0.0,0.0,0.0
10.0,6.00715035751788,0.0038527183748611,0.0038527183671677,0.999992578249306,0.999992578249305,49.41362537737158,0.0,49.974072127599776,0.0,45.59504138329899,0.0,45.30198111212441,0.0,0.0,0.0,0.0,0.0,0.0,0.0
10.0,6.0074003700185,0.0038527667568303,0.0038527667491382,0.9999925780629012,0.9999925780629012,49.4136253655294,0.0,49.97407175824311,0.0,45.59504137889429,0.0,45.30198103415499,0.0,0.0,0.0,0.0,0.0,0.0,0.0
10.0,6.00765038251913,0.003852815140146,0.0038528151324553,0.999992577876489,0.999992577876489,49.413625353676544,0.0,49.97407138887185,0.0,45.595041374489405,0.0,45.30198095618239,0.0,0.0,0.0,0.0,0.0,0.0,0.0
10.0,6.00790039501975,0.0038528635248081,0.0038528635171187,0.99999257769007,0.999992577690069,49.413625341813066,0.0,49.974071019486,0.0,45.59504137008434,0.0,45.30198087820662,0.0,0.0,0.0,0.0,0.0,0.0,0.0
10.0,6.00815040752038,0.0038529119108165,0.0038529119031285,0.999992577503643,0.999992577503642,49.413625329939,0.0,49.97407065008554,0.0,45.59504136567909,0.0,45.30198080022768,0.0,0.0,0.0,0.0,0.0,0.0,0.0
10.0,6.008400420021,0.0038529602981713,0.0038529602904846,0.999992577317209,0.999992577317208,49.41362531805437,0.0,49.97407028067049,0.0,45.59504136127365,0.0,45.30198072224555,0.0,0.0,0.0,0.0,0.0,0.0,0.0
10.0,6.00865043252163,0.0038530086868723,0.003853008679187,0.999992577130767,0.9999925771307658,49.41362530615921,0.0,49.97406991124085,0.0,45.59504135686802,0.0,45.30198064426026,0.0,0.0,0.0,0.0,0.0,0.0,0.0
10.0,6.00890044502225,0.0038530570769195,0.0038530570692355,0.999992576944317,0.999992576944316,49.41362529425354,0.0,49.97406954179661,0.0,45.59504135246221,0.0,45.3019805662718,0.0,0.0,0.0,0.0,0.0,0.0,0.0
10.0,6.00915045752288,0.0038531054683127,0.0038531054606301,0.99999257675786,0.999992576757859,49.41362528233741,0.0,49.97406917233777,0.0,45.59504134805622,0.0,45.301980488280165,0.0,0.0,0.0,0.0,0.0,0.0,0.0
10.0,6.0094004700235,0.0038531538610521,0.0038531538533708,0.9999925765713948,0.9999925765713948,49.413625270410826,0.0,49.97406880286434,0.0,45.59504134365003,0.0,45.30198041028535,0.0,0.0,0.0,0.0,0.0,0.0,0.0
10.0,6.00965048252413,0.0038532022551375,0.0038532022474576,0.999992576384923,0.999992576384923,49.41362525847384,0.0,49.9740684333763,0.0,45.59504133924367,0.0,45.30198033228736,0.0,0.0,0.0,0.0,0.0,0.0,0.0
10.0,6.00990049502475,0.0038532506505688,0.0038532506428902,0.999992576198444,0.999992576198443,49.41362524652648,0.0,49.97406806387368,0.0,45.59504133483711,0.0,45.3019802542862,0.0,0.0,0.0,0.0,0.0,0.0,0.0
10.0,6.01015050752538,0.003853299047346,0.0038532990396688,0.999992576011956,0.999992576011956,49.41362523456876,0.0,49.974067694356464,0.0,45.595041330430384,0.0,45.30198017628187,0.0,0.0,0.0,0.0,0.0,0.0,0.0
10.0,6.010400520026,0.003853347445469,0.0038533474377932,0.999992575825462,0.999992575825461,49.41362522260072,0.0,49.974067324824645,0.0,45.59504132602346,0.0,45.30198009827436,0.0,0.0,0.0,0.0,0.0,0.0,0.0
10.0,6.010650532526631,0.0038533958449378,0.0038533958372633,0.999992575638959,0.999992575638959,49.41362521062239,0.0,49.97406695527824,0.0,45.59504132161635,0.0,45.30198002026367,0.0,0.0,0.0,0.0,0.0,0.0,0.0
10.0,6.01090054502725,0.0038534442457523,0.0038534442380792,0.99999257545245,0.999992575452449,49.41362519863382,0.0,49.97406658571723,0.0,45.59504131720906,0.0,45.30197994224982,0.0,0.0,0.0,0.0,0.0,0.0,0.0
10.0,6.01115055752788,0.0038534926479125,0.0038534926402408,0.999992575265932,0.999992575265932,49.413625186635,0.0,49.97406621614163,0.0,45.595041312801584,0.0,45.30197986423279,0.0,0.0,0.0,0.0,0.0,0.0,0.0
10.0,6.0114005700285,0.0038535410514183,0.0038535410437479,0.999992575079408,0.999992575079407,49.41362517462598,0.0,49.97406584655143,0.0,45.59504130839392,0.0,45.30197978621258,0.0,0.0,0.0,0.0,0.0,0.0,0.0
10.0,6.01165058252913,0.0038535894562696,0.0038535894486006,0.999992574892875,0.999992574892874,49.41362516260679,0.0,49.97406547694664,0.0,45.59504130398607,0.0,45.301979708189215,0.0,0.0,0.0,0.0,0.0,0.0,0.0
10.0,6.01190059502975,0.0038536378624664,0.0038536378547987,0.9999925747063348,0.999992574706334,49.41362515057746,0.0,49.97406510732725,0.0,45.59504129957805,0.0,45.30197963016267,0.0,0.0,0.0,0.0,0.0,0.0,0.0
10.0,6.01215060753038,0.0038536862700086,0.0038536862623423,0.999992574519788,0.999992574519787,49.413625138538016,0.0,49.97406473769327,0.0,45.59504129516983,0.0,45.30197955213294,0.0,0.0,0.0,0.0,0.0,0.0,0.0
10.0,6.012400620031,0.0038537346788962,0.0038537346712313,0.999992574333233,0.999992574333232,49.41362512648848,0.0,49.97406436804469,0.0,45.59504129076142,0.0,45.30197947410005,0.0,0.0,0.0,0.0,0.0,0.0,0.0
10.0,6.01265063253163,0.0038537830891291,0.0038537830814655,0.9999925741466712,0.99999257414667,49.413625114428896,0.0,49.97406399838152,0.0,45.59504128635283,0.0,45.30197939606397,0.0,0.0,0.0,0.0,0.0,0.0,0.0
10.0,6.01290064503225,0.0038538315007073,0.0038538314930451,0.9999925739601,0.9999925739601,49.41362510235928,0.0,49.97406362870375,0.0,45.59504128194406,0.0,45.301979318024735,0.0,0.0,0.0,0.0,0.0,0.0,0.0
10.0,6.01315065753288,0.0038538799136306,0.0038538799059698,0.999992573773523,0.999992573773522,49.41362509027967,0.0,49.97406325901139,0.0,45.5950412775351,0.0,45.30197923998232,0.0,0.0,0.0,0.0,0.0,0.0,0.0
10.0,6.0134006700335,0.0038539283278991,0.0038539283202396,0.999992573586938,0.999992573586937,49.413625078190094,0.0,49.97406288930444,0.0,45.59504127312596,0.0,45.30197916193672,0.0,0.0,0.0,0.0,0.0,0.0,0.0
10.0,6.01365068253413,0.0038539767435127,0.0038539767358546,0.999992573400345,0.999992573400345,49.41362506609057,0.0,49.97406251958289,0.0,45.59504126871663,0.0,45.30197908388796,0.0,0.0,0.0,0.0,0.0,0.0,0.0
10.0,6.01390069503475,0.0038540251604712,0.0038540251528145,0.999992573213745,0.999992573213744,49.413625053981136,0.0,49.97406214984674,0.0,45.59504126430712,0.0,45.30197900583601,0.0,0.0,0.0,0.0,0.0,0.0,0.0
10.0,6.01415070753538,0.0038540735787748,0.0038540735711194,0.9999925730271378,0.9999925730271368,49.41362504186181,0.0,49.974061780096,0.0,45.59504125989741,0.0,45.30197892778091,0.0,0.0,0.0,0.0,0.0,0.0,0.0
10.0,6.014400720036,0.0038541219984232,0.0038541219907692,0.9999925728405232,0.999992572840522,49.41362502973264,0.0,49.97406141033067,0.0,45.59504125548754,0.0,45.301978849722616,0.0,0.0,0.0,0.0,0.0,0.0,0.0
10.0,6.01465073253663,0.0038541704194165,0.0038541704117639,0.9999925726539,0.999992572653899,49.413625017593645,0.0,49.97406104055074,0.0,45.59504125107747,0.0,45.30197877166117,0.0,0.0,0.0,0.0,0.0,0.0,0.0
10.0,6.01490074503725,0.0038542188417545,0.0038542188341033,0.99999257246727,0.999992572467269,49.41362500544484,0.0,49.97406067075622,0.0,45.595041246667215,0.0,45.30197869359653,0.0,0.0,0.0,0.0,0.0,0.0,0.0
10.0,6.01515075753788,0.0038542672654373,0.0038542672577875,0.999992572280632,0.999992572280631,49.413624993286255,0.0,49.9740603009471,0.0,45.59504124225677,0.0,45.301978615528725,0.0,0.0,0.0,0.0,0.0,0.0,0.0
10.0,6.0154007700385,0.0038543156904648,0.0038543156828163,0.9999925720939872,0.999992572093986,49.41362498111793,0.0,49.97405993112339,0.0,45.59504123784615,0.0,45.30197853745774,0.0,0.0,0.0,0.0,0.0,0.0,0.0
10.0,6.01565078253913,0.0038543641168369,0.0038543641091898,0.999992571907334,0.999992571907333,49.413624968939885,0.0,49.97405956128509,0.0,45.59504123343533,0.0,45.30197845938359,0.0,0.0,0.0,0.0,0.0,0.0,0.0
10.0,6.01590079503975,0.0038544125445535,0.0038544125369078,0.999992571720673,0.999992571720673,49.41362495675215,0.0,49.97405919143219,0.0,45.59504122902433,0.0,45.30197838130627,0.0,0.0,0.0,0.0,0.0,0.0,0.0
10.0,6.016150807540381,0.0038544609736146,0.0038544609659703,0.9999925715340052,0.9999925715340052,49.41362494455476,0.0,49.97405882156471,0.0,45.59504122461316,0.0,45.301978303225766,0.0,0.0,0.0,0.0,0.0,0.0,0.0
10.0,6.016400820041,0.0038545094040202,0.0038545093963772,0.99999257134733,0.999992571347329,49.41362493234771,0.0,49.97405845168262,0.0,45.59504122020179,0.0,45.30197822514209,0.0,0.0,0.0,0.0,0.0,0.0,0.0
10.0,6.01665083254163,0.0038545578357701,0.0038545578281285,0.9999925711606468,0.9999925711606468,49.41362492013106,0.0,49.97405808178596,0.0,45.59504121579023,0.0,45.301978147055245,0.0,0.0,0.0,0.0,0.0,0.0,0.0
10.0,6.01690084504225,0.0038546062688644,0.0038546062612242,0.999992570973957,0.999992570973956,49.41362490790485,0.0,49.97405771187468,0.0,45.59504121137849,0.0,45.30197806896523,0.0,0.0,0.0,0.0,0.0,0.0,0.0
10.0,6.01715085754288,0.0038546547033029,0.0038546546956641,0.999992570787259,0.999992570787258,49.41362489566906,0.0,49.97405734194882,0.0,45.59504120696658,0.0,45.30197799087203,0.0,0.0,0.0,0.0,0.0,0.0,0.0
10.0,6.0174008700435,0.0038547031390856,0.0038547031314482,0.999992570600554,0.999992570600553,49.41362488342374,0.0,49.97405697200836,0.0,45.59504120255447,0.0,45.30197791277566,0.0,0.0,0.0,0.0,0.0,0.0,0.0
10.0,6.01765088254413,0.0038547515762125,0.0038547515685765,0.99999257041384,0.99999257041384,49.41362487116892,0.0,49.97405660205331,0.0,45.59504119814218,0.0,45.30197783467612,0.0,0.0,0.0,0.0,0.0,0.0,0.0
10.0,6.01790089504475,0.0038548000146835,0.0038548000070488,0.99999257022712,0.9999925702271192,49.41362485890463,0.0,49.97405623208368,0.0,45.5950411937297,0.0,45.3019777565734,0.0,0.0,0.0,0.0,0.0,0.0,0.0
10.0,6.01815090754538,0.0038548484544985,0.0038548484468652,0.999992570040392,0.999992570040391,49.41362484663088,0.0,49.97405586209943,0.0,45.59504118931704,0.0,45.30197767846752,0.0,0.0,0.0,0.0,0.0,0.0,0.0
10.0,6.018400920046001,0.0038548968956574,0.0038548968880256,0.999992569853656,0.999992569853656,49.41362483434772,0.0,49.97405549210061,0.0,45.59504118490418,0.0,45.301977600358455,0.0,0.0,0.0,0.0,0.0,0.0,0.0
10.0,6.01865093254663,0.0038549453381603,0.0038549453305298,0.999992569666913,0.999992569666912,49.41362482205515,0.0,49.9740551220872,0.0,45.59504118049115,0.0,45.30197752224622,0.0,0.0,0.0,0.0,0.0,0.0,0.0
10.0,6.01890094504725,0.0038549937820071,0.003854993774378,0.999992569480163,0.999992569480162,49.41362480975321,0.0,49.97405475205918,0.0,45.595041176077935,0.0,45.30197744413081,0.0,0.0,0.0,0.0,0.0,0.0,0.0
10.0,6.01915095754788,0.0038550422271976,0.0038550422195699,0.999992569293404,0.999992569293404,49.413624797441926,0.0,49.97405438201658,0.0,45.59504117166453,0.0,45.30197736601223,0.0,0.0,0.0,0.0,0.0,0.0,0.0
10.0,6.0194009700485,0.0038550906737319,0.0038550906661056,0.999992569106639,0.999992569106638,49.41362478512132,0.0,49.97405401195938,0.0,45.59504116725094,0.0,45.30197728789047,0.0,0.0,0.0,0.0,0.0,0.0,0.0
10.0,6.01965098254913,0.0038551391216098,0.0038551391139849,0.999992568919865,0.999992568919865,49.413624772791415,0.0,49.9740536418876,0.0,45.59504116283717,0.0,45.301977209765546,0.0,0.0,0.0,0.0,0.0,0.0,0.0
10.0,6.01990099504975,0.0038551875708314,0.0038551875632079,0.999992568733085,0.999992568733084,49.41362476045224,0.0,49.97405327180122,0.0,45.595041158423214,0.0,45.30197713163744,0.0,0.0,0.0,0.0,0.0,0.0,0.0
10.0,6.02015100755038,0.0038552360213966,0.0038552360137745,0.999992568546296,0.999992568546296,49.41362474810384,0.0,49.97405290170025,0.0,45.59504115400907,0.0,45.30197705350616,0.0,0.0,0.0,0.0,0.0,0.0,0.0
10.0,6.020401020051,0.0038552844733053,0.0038552844656845,0.999992568359501,0.9999925683595,49.41362473574621,0.0,49.97405253158468,0.0,45.595041149594735,0.0,45.30197697537172,0.0,0.0,0.0,0.0,0.0,0.0,0.0
10.0,6.02065103255163,0.0038553329265574,0.003855332918938,0.9999925681726968,0.9999925681726968,49.413624723379385,0.0,49.97405216145452,0.0,45.59504114518022,0.0,45.3019768972341,0.0,0.0,0.0,0.0,0.0,0.0,0.0
10.0,6.02090104505225,0.0038553813811529,0.0038553813735349,0.999992567985886,0.999992567985886,49.41362471100339,0.0,49.97405179130978,0.0,45.59504114076552,0.0,45.3019768190933,0.0,0.0,0.0,0.0,0.0,0.0,0.0
10.0,6.02115105755288,0.0038554298370917,0.0038554298294752,0.999992567799068,0.999992567799067,49.41362469861825,0.0,49.97405142115044,0.0,45.59504113635064,0.0,45.30197674094933,0.0,0.0,0.0,0.0,0.0,0.0,0.0
10.0,6.0214010700535,0.0038554782943738,0.0038554782867587,0.999992567612242,0.999992567612242,49.413624686224,0.0,49.974051050976506,0.0,45.59504113193556,0.0,45.30197666280218,0.0,0.0,0.0,0.0,0.0,0.0,0.0
10.0,6.021651082554129,0.0038555267529992,0.0038555267453854,0.999992567425409,0.999992567425408,49.41362467382066,0.0,49.97405068078798,0.0,45.595041127520304,0.0,45.30197658465187,0.0,0.0,0.0,0.0,0.0,0.0,0.0
10.0,6.02190109505475,0.0038555752129677,0.0038555752053553,0.999992567238568,0.999992567238567,49.41362466140824,0.0,49.97405031058487,0.0,45.595041123104856,0.0,45.30197650649838,0.0,0.0,0.0,0.0,0.0,0.0,0.0
10.0,6.02215110755538,0.0038556236742793,0.0038556236666683,0.999992567051719,0.9999925670517188,49.41362464898679,0.0,49.974049940367166,0.0,45.59504111868923,0.0,45.30197642834172,0.0,0.0,0.0,0.0,0.0,0.0,0.0
10.0,6.022401120056,0.0038556721369339,0.0038556721293244,0.999992566864863,0.999992566864862,49.41362463655631,0.0,49.97404957013487,0.0,45.59504111427342,0.0,45.301976350181874,0.0,0.0,0.0,0.0,0.0,0.0,0.0
10.0,6.02265113255663,0.0038557206009315,0.0038557205933234,0.999992566678,0.999992566677999,49.41362462411683,0.0,49.97404919988798,0.0,45.59504110985742,0.0,45.30197627201888,0.0,0.0,0.0,0.0,0.0,0.0,0.0
10.0,6.02290114505725,0.0038557690662721,0.0038557690586654,0.9999925664911292,0.999992566491128,49.41362461166839,0.0,49.9740488296265,0.0,45.59504110544124,0.0,45.30197619385268,0.0,0.0,0.0,0.0,0.0,0.0,0.0
10.0,6.02315115755788,0.0038558175329555,0.0038558175253502,0.99999256630425,0.999992566304249,49.413624599211005,0.0,49.97404845935044,0.0,45.59504110102488,0.0,45.30197611568333,0.0,0.0,0.0,0.0,0.0,0.0,0.0
10.0,6.0234011700585,0.0038558660009817,0.0038558659933779,0.999992566117364,0.9999925661173632,49.41362458674469,0.0,49.97404808905978,0.0,45.59504109660833,0.0,45.301976037510805,0.0,0.0,0.0,0.0,0.0,0.0,0.0
10.0,6.02365118255913,0.0038559144703507,0.0038559144627483,0.99999256593047,0.99999256593047,49.41362457426948,0.0,49.97404771875452,0.0,45.59504109219159,0.0,45.3019759593351,0.0,0.0,0.0,0.0,0.0,0.0,0.0
10.0,6.023901195059749,0.0038559629410624,0.0038559629334614,0.9999925657435688,0.999992565743568,49.4136245617854,0.0,49.974047348434695,0.0,45.59504108777466,0.0,45.301975881156224,0.0,0.0,0.0,0.0,0.0,0.0,0.0
10.0,6.02415120756038,0.0038560114131167,0.0038560114055171,0.99999256555666,0.99999256555666,49.413624549292464,0.0,49.974046978100255,0.0,45.59504108335755,0.0,45.30197580297418,0.0,0.0,0.0,0.0,0.0,0.0,0.0
10.0,6.024401220061,0.0038560598865136,0.0038560598789154,0.999992565369744,0.999992565369744,49.41362453679071,0.0,49.974046607751234,0.0,45.595041078940255,0.0,45.30197572478895,0.0,0.0,0.0,0.0,0.0,0.0,0.0
10.0,6.02465123256163,0.0038561083612531,0.0038561083536563,0.999992565182821,0.99999256518282,49.41362452428015,0.0,49.97404623738762,0.0,45.59504107452278,0.0,45.30197564660055,0.0,0.0,0.0,0.0,0.0,0.0,0.0
10.0,6.02490124506225,0.003856156837335,0.0038561568297396,0.999992564995889,0.999992564995889,49.4136245117608,0.0,49.974045867009416,0.0,45.59504107010512,0.0,45.30197556840898,0.0,0.0,0.0,0.0,0.0,0.0,0.0
10.0,6.02515125756288,0.0038562053147593,0.0038562053071653,0.99999256480895,0.99999256480895,49.413624499232704,0.0,49.97404549661663,0.0,45.59504106568726,0.0,45.30197549021425,0.0,0.0,0.0,0.0,0.0,0.0,0.0
10.0,6.0254012700635,0.0038562537935259,0.0038562537859333,0.999992564622004,0.999992564622003,49.41362448669588,0.0,49.97404512620924,0.0,45.59504106126923,0.0,45.30197541201633,0.0,0.0,0.0,0.0,0.0,0.0,0.0
10.0,6.02565128256413,0.0038563022736348,0.0038563022660437,0.99999256443505,0.99999256443505,49.41362447415034,0.0,49.97404475578727,0.0,45.59504105685101,0.0,45.30197533381524,0.0,0.0,0.0,0.0,0.0,0.0,0.0
10.0,6.02590129506475,0.003856350755086,0.0038563507474963,0.999992564248089,0.999992564248088,49.41362446159612,0.0,49.97404438535071,0.0,45.595041052432606,0.0,45.30197525561098,0.0,0.0,0.0,0.0,0.0,0.0,0.0
10.0,6.02615130756538,0.0038563992378793,0.0038563992302911,0.99999256406112,0.999992564061119,49.41362444903323,0.0,49.97404401489956,0.0,45.595041048014,0.0,45.301975177403534,0.0,0.0,0.0,0.0,0.0,0.0,0.0
10.0,6.026401320066,0.0038564477220148,0.0038564477144279,0.999992563874144,0.999992563874143,49.413624436461696,0.0,49.97404364443381,0.0,45.59504104359523,0.0,45.30197509919292,0.0,0.0,0.0,0.0,0.0,0.0,0.0
10.0,6.02665133256663,0.0038564962074923,0.0038564961999069,0.999992563687159,0.999992563687159,49.41362442388155,0.0,49.97404327395349,0.0,45.59504103917627,0.0,45.30197502097914,0.0,0.0,0.0,0.0,0.0,0.0,0.0
10.0,6.02690134506725,0.0038565446943118,0.0038565446867278,0.999992563500168,0.999992563500167,49.413624411292815,0.0,49.97404290345856,0.0,45.59504103475713,0.0,45.30197494276219,0.0,0.0,0.0,0.0,0.0,0.0,0.0
10.0,6.02715135756788,0.0038565931824733,0.0038565931748907,0.999992563313169,0.999992563313169,49.413624398695504,0.0,49.974042532949056,0.0,45.5950410303378,0.0,45.30197486454205,0.0,0.0,0.0,0.0,0.0,0.0,0.0
10.0,6.0274013700685,0.0038566416719766,0.0038566416643954,0.9999925631261632,0.999992563126162,49.41362438608965,0.0,49.97404216242495,0.0,45.595041025918285,0.0,45.30197478631876,0.0,0.0,0.0,0.0,0.0,0.0,0.0
10.0,6.02765138256913,0.0038566901628218,0.003856690155242,0.999992562939148,0.999992562939148,49.41362437347527,0.0,49.974041791886265,0.0,45.59504102149858,0.0,45.30197470809229,0.0,0.0,0.0,0.0,0.0,0.0,0.0
10.0,6.02790139506975,0.0038567386550087,0.0038567386474304,0.9999925627521268,0.999992562752126,49.41362436085237,0.0,49.97404142133298,0.0,45.5950410170787,0.0,45.30197462986264,0.0,0.0,0.0,0.0,0.0,0.0,0.0
10.0,6.02815140757038,0.0038567871485374,0.0038567871409605,0.999992562565098,0.999992562565097,49.413624348221006,0.0,49.97404105076512,0.0,45.59504101265862,0.0,45.30197455162981,0.0,0.0,0.0,0.0,0.0,0.0,0.0
10.0,6.028401420071,0.0038568356434076,0.0038568356358322,0.999992562378061,0.99999256237806,49.41362433558118,0.0,49.97404068018266,0.0,45.59504100823836,0.0,45.30197447339383,0.0,0.0,0.0,0.0,0.0,0.0,0.0
10.0,6.02865143257163,0.0038568841396195,0.0038568841320455,0.999992562191017,0.999992562191016,49.41362432293291,0.0,49.97404030958561,0.0,45.59504100381792,0.0,45.30197439515465,0.0,0.0,0.0,0.0,0.0,0.0,0.0
10.0,6.02890144507225,0.003856932637173,0.0038569326296004,0.999992562003965,0.9999925620039648,49.41362431027624,0.0,49.97403993897398,0.0,45.59504099939729,0.0,45.30197431691232,0.0,0.0,0.0,0.0,0.0,0.0,0.0
10.0,6.02915145757288,0.0038569811360678,0.0038569811284967,0.999992561816906,0.999992561816905,49.41362429761116,0.0,49.97403956834776,0.0,45.59504099497648,0.0,45.3019742386668,0.0,0.0,0.0,0.0,0.0,0.0,0.0
10.0,6.029401470073499,0.0038570296363042,0.0038570296287344,0.9999925616298388,0.999992561629839,49.41362428493772,0.0,49.97403919770695,0.0,45.59504099055548,0.0,45.30197416041811,0.0,0.0,0.0,0.0,0.0,0.0,0.0
10.0,6.02965148257413,0.0038570781378818,0.0038570781303136,0.999992561442765,0.999992561442764,49.41362427225592,0.0,49.97403882705155,0.0,45.5950409861343,0.0,45.301974082166254,0.0,0.0,0.0,0.0,0.0,0.0,0.0
10.0,6.02990149507475,0.0038571266408008,0.003857126633234,0.999992561255683,0.999992561255683,49.4136242595658,0.0,49.97403845638156,0.0,45.59504098171293,0.0,45.30197400391121,0.0,0.0,0.0,0.0,0.0,0.0,0.0
10.0,6.03015150757538,0.0038571751450611,0.0038571751374956,0.999992561068594,0.999992561068593,49.413624246867386,0.0,49.97403808569698,0.0,45.595040977291376,0.0,45.301973925653,0.0,0.0,0.0,0.0,0.0,0.0,0.0
10.0,6.030401520076,0.0038572236506625,0.0038572236430985,0.999992560881497,0.999992560881496,49.41362423416067,0.0,49.97403771499781,0.0,45.59504097286963,0.0,45.30197384739162,0.0,0.0,0.0,0.0,0.0,0.0,0.0
10.0,6.03065153257663,0.003857272157605,0.0038572721500425,0.999992560694393,0.999992560694392,49.4136242214457,0.0,49.97403734428406,0.0,45.595040968447705,0.0,45.301973769127066,0.0,0.0,0.0,0.0,0.0,0.0,0.0
10.0,6.03090154507725,0.0038573206658886,0.0038573206583275,0.9999925605072808,0.99999256050728,49.41362420872248,0.0,49.97403697355573,0.0,45.59504096402559,0.0,45.30197369085935,0.0,0.0,0.0,0.0,0.0,0.0,0.0
10.0,6.03115155757788,0.0038573691755133,0.0038573691679536,0.999992560320162,0.999992560320161,49.413624195991055,0.0,49.9740366028128,0.0,45.5950409596033,0.0,45.301973612588455,0.0,0.0,0.0,0.0,0.0,0.0,0.0
10.0,6.0314015700785,0.0038574176864788,0.0038574176789206,0.999992560133034,0.999992560133034,49.41362418325142,0.0,49.97403623205528,0.0,45.59504095518082,0.0,45.30197353431438,0.0,0.0,0.0,0.0,0.0,0.0,0.0
10.0,6.03165158257913,0.0038574661987853,0.0038574661912286,0.9999925599459,0.999992559945899,49.41362417050361,0.0,49.97403586128318,0.0,45.59504095075816,0.0,45.301973456037125,0.0,0.0,0.0,0.0,0.0,0.0,0.0
10.0,6.03190159507975,0.0038575147124327,0.0038575147048773,0.999992559758758,0.999992559758758,49.41362415774764,0.0,49.97403549049648,0.0,45.59504094633531,0.0,45.30197337775671,0.0,0.0,0.0,0.0,0.0,0.0,0.0
10.0,6.03215160758038,0.0038575632274208,0.0038575632198669,0.999992559571608,0.999992559571608,49.41362414498355,0.0,49.97403511969521,0.0,45.59504094191227,0.0,45.30197329947312,0.0,0.0,0.0,0.0,0.0,0.0,0.0
10.0,6.032401620081,0.0038576117437496,0.0038576117361972,0.999992559384452,0.999992559384451,49.41362413221134,0.0,49.97403474887934,0.0,45.59504093748905,0.0,45.30197322118635,0.0,0.0,0.0,0.0,0.0,0.0,0.0
10.0,6.03265163258163,0.0038576602614191,0.0038576602538681,0.9999925591972868,0.999992559197286,49.41362411943102,0.0,49.97403437804888,0.0,45.59504093306565,0.0,45.301973142896415,0.0,0.0,0.0,0.0,0.0,0.0,0.0
10.0,6.03290164508225,0.0038577087804292,0.0038577087728796,0.999992559010115,0.999992559010114,49.41362410664264,0.0,49.97403400720384,0.0,45.59504092864206,0.0,45.30197306460331,0.0,0.0,0.0,0.0,0.0,0.0,0.0
10.0,6.03315165758288,0.0038577573007799,0.0038577572932318,0.999992558822935,0.999992558822935,49.41362409384621,0.0,49.97403363634422,0.0,45.59504092421828,0.0,45.30197298630701,0.0,0.0,0.0,0.0,0.0,0.0,0.0
10.0,6.0334016700835,0.003857805822471,0.0038578058149243,0.999992558635748,0.999992558635748,49.41362408104175,0.0,49.97403326547,0.0,45.59504091979431,0.0,45.30197290800756,0.0,0.0,0.0,0.0,0.0,0.0,0.0
10.0,6.03365168258413,0.0038578543455026,0.0038578543379574,0.999992558448553,0.999992558448553,49.41362406822927,0.0,49.97403289458119,0.0,45.59504091537016,0.0,45.30197282970493,0.0,0.0,0.0,0.0,0.0,0.0,0.0
10.0,6.03390169508475,0.0038579028698745,0.0038579028623308,0.9999925582613512,0.9999925582613512,49.4136240554088,0.0,49.974032523677806,0.0,45.59504091094583,0.0,45.30197275139913,0.0,0.0,0.0,0.0,0.0,0.0,0.0
10.0,6.034151707585381,0.0038579513955868,0.0038579513880445,0.999992558074141,0.999992558074141,49.41362404258036,0.0,49.97403215275983,0.0,45.59504090652131,0.0,45.30197267309015,0.0,0.0,0.0,0.0,0.0,0.0,0.0
10.0,6.034401720086,0.0038579999226393,0.0038579999150985,0.999992557886924,0.999992557886923,49.41362402974398,0.0,49.974031781827264,0.0,45.595040902096606,0.0,45.301972594778,0.0,0.0,0.0,0.0,0.0,0.0,0.0
10.0,6.03465173258663,0.0038580484510321,0.0038580484434927,0.999992557699699,0.999992557699699,49.41362401689966,0.0,49.97403141088012,0.0,45.59504089767172,0.0,45.30197251646268,0.0,0.0,0.0,0.0,0.0,0.0,0.0
10.0,6.03490174508725,0.0038580969807649,0.003858096973227,0.999992557512467,0.999992557512466,49.41362400404744,0.0,49.97403103991838,0.0,45.595040893246654,0.0,45.301972438144176,0.0,0.0,0.0,0.0,0.0,0.0,0.0
10.0,6.03515175758788,0.0038581455118379,0.0038581455043014,0.999992557325227,0.999992557325227,49.41362399118732,0.0,49.974030668942056,0.0,45.59504088882139,0.0,45.301972359822514,0.0,0.0,0.0,0.0,0.0,0.0,0.0
10.0,6.03540177008851,0.0038581940442509,0.0038581940367159,0.99999255713798,0.9999925571379789,49.41362397831933,0.0,49.97403029795114,0.0,45.59504088439595,0.0,45.30197228149767,0.0,0.0,0.0,0.0,0.0,0.0,0.0
10.0,6.03565178258913,0.0038582425780038,0.0038582425704703,0.999992556950725,0.999992556950725,49.41362396544349,0.0,49.97402992694565,0.0,45.59504087997032,0.0,45.301972203169655,0.0,0.0,0.0,0.0,0.0,0.0,0.0
10.0,6.03590179508975,0.0038582911130967,0.0038582911055646,0.9999925567634632,0.999992556763462,49.41362395255983,0.0,49.97402955592557,0.0,45.595040875544505,0.0,45.301972124838464,0.0,0.0,0.0,0.0,0.0,0.0,0.0
10.0,6.03615180759038,0.0038583396495294,0.0038583396419988,0.999992556576193,0.999992556576192,49.41362393966836,0.0,49.9740291848909,0.0,45.595040871118506,0.0,45.301972046504105,0.0,0.0,0.0,0.0,0.0,0.0,0.0
10.0,6.036401820091,0.003858388187302,0.0038583881797728,0.999992556388915,0.999992556388915,49.41362392676909,0.0,49.97402881384165,0.0,45.59504086669232,0.0,45.30197196816657,0.0,0.0,0.0,0.0,0.0,0.0,0.0
10.0,6.03665183259163,0.0038584367264142,0.0038584367188865,0.99999255620163,0.99999255620163,49.41362391386205,0.0,49.97402844277781,0.0,45.59504086226595,0.0,45.301971889825865,0.0,0.0,0.0,0.0,0.0,0.0,0.0
10.0,6.03690184509225,0.0038584852668662,0.0038584852593399,0.999992556014338,0.999992556014337,49.41362390094727,0.0,49.97402807169939,0.0,45.595040857839386,0.0,45.301971811481984,0.0,0.0,0.0,0.0,0.0,0.0,0.0
10.0,6.03715185759288,0.0038585338086577,0.0038585338011329,0.999992555827038,0.999992555827037,49.41362388802474,0.0,49.97402770060637,0.0,45.59504085341265,0.0,45.30197173313493,0.0,0.0,0.0,0.0,0.0,0.0,0.0
10.0,6.0374018700935,0.0038585823517889,0.0038585823442655,0.99999255563973,0.99999255563973,49.4136238750945,0.0,49.97402732949877,0.0,45.595040848985725,0.0,45.30197165478471,0.0,0.0,0.0,0.0,0.0,0.0,0.0
10.0,6.03765188259413,0.0038586308962595,0.0038586308887376,0.999992555452415,0.999992555452415,49.41362386215658,0.0,49.97402695837659,0.0,45.59504084455861,0.0,45.301971576431306,0.0,0.0,0.0,0.0,0.0,0.0,0.0
10.0,6.03790189509476,0.0038586794420696,0.0038586794345492,0.999992555265093,0.999992555265092,49.41362384921098,0.0,49.97402658723982,0.0,45.59504084013132,0.0,45.30197149807473,0.0,0.0,0.0,0.0,0.0,0.0,0.0
10.0,6.03815190759538,0.003858727989219,0.0038587279817001,0.999992555077762,0.999992555077762,49.41362383625772,0.0,49.97402621608848,0.0,45.59504083570384,0.0,45.30197141971499,0.0,0.0,0.0,0.0,0.0,0.0,0.0
10.0,6.038401920096,0.0038587765377078,0.0038587765301904,0.9999925548904248,0.999992554890424,49.41362382329682,0.0,49.97402584492254,0.0,45.595040831276165,0.0,45.30197134135207,0.0,0.0,0.0,0.0,0.0,0.0,0.0
10.0,6.03865193259663,0.0038588250875359,0.0038588250800199,0.99999255470308,0.999992554703079,49.41362381032831,0.0,49.97402547374201,0.0,45.59504082684832,0.0,45.30197126298597,0.0,0.0,0.0,0.0,0.0,0.0,0.0
10.0,6.03890194509725,0.0038588736387032,0.0038588736311887,0.999992554515727,0.999992554515726,49.413623797352216,0.0,49.9740251025469,0.0,45.59504082242028,0.0,45.30197118461671,0.0,0.0,0.0,0.0,0.0,0.0,0.0
10.0,6.03915195759788,0.0038589221912097,0.0038589221836966,0.999992554328367,0.999992554328366,49.41362378436852,0.0,49.97402473133721,0.0,45.59504081799206,0.0,45.301971106244274,0.0,0.0,0.0,0.0,0.0,0.0,0.0
10.0,6.03940197009851,0.0038589707450552,0.0038589707375436,0.999992554140999,0.999992554140998,49.41362377137727,0.0,49.97402436011293,0.0,45.59504081356365,0.0,45.30197102786867,0.0,0.0,0.0,0.0,0.0,0.0,0.0
10.0,6.039651982599131,0.0038590193002398,0.0038590192927297,0.999992553953624,0.999992553953623,49.413623758378485,0.0,49.97402398887407,0.0,45.59504080913505,0.0,45.301970949489885,0.0,0.0,0.0,0.0,0.0,0.0,0.0
10.0,6.03990199509975,0.0038590678567634,0.0038590678492548,0.999992553766241,0.99999255376624,49.41362374537216,0.0,49.974023617620624,0.0,45.59504080470628,0.0,45.301970871107926,0.0,0.0,0.0,0.0,0.0,0.0,0.0
10.0,6.04015200760038,0.0038591164146259,0.0038591164071187,0.999992553578851,0.99999255357885,49.413623732358346,0.0,49.97402324635259,0.0,45.59504080027731,0.0,45.3019707927228,0.0,0.0,0.0,0.0,0.0,0.0,0.0
10.0,6.04040202010101,0.0038591649738273,0.0038591649663216,0.999992553391453,0.999992553391452,49.41362371933704,0.0,49.97402287506997,0.0,45.59504079584816,0.0,45.3019707143345,0.0,0.0,0.0,0.0,0.0,0.0,0.0
10.0,6.04065203260163,0.0038592135343674,0.0038592135268632,0.999992553204048,0.999992553204047,49.41362370630827,0.0,49.97402250377277,0.0,45.595040791418825,0.0,45.30197063594302,0.0,0.0,0.0,0.0,0.0,0.0,0.0
10.0,6.04090204510226,0.0038592620962464,0.0038592620887437,0.999992553016634,0.999992553016634,49.41362369327205,0.0,49.97402213246098,0.0,45.59504078698931,0.0,45.30197055754838,0.0,0.0,0.0,0.0,0.0,0.0,0.0
10.0,6.04115205760288,0.003859310659464,0.0038593106519628,0.999992552829214,0.999992552829214,49.4136236802284,0.0,49.974021761134615,0.0,45.59504078255961,0.0,45.30197047915056,0.0,0.0,0.0,0.0,0.0,0.0,0.0
10.0,6.0414020701035,0.0038593592240203,0.0038593592165205,0.999992552641786,0.999992552641786,49.41362366717733,0.0,49.974021389793656,0.0,45.59504077812972,0.0,45.30197040074956,0.0,0.0,0.0,0.0,0.0,0.0,0.0
10.0,6.04165208260413,0.0038594077899151,0.0038594077824168,0.999992552454351,0.99999255245435,49.41362365411887,0.0,49.97402101843812,0.0,45.59504077369965,0.0,45.30197032234541,0.0,0.0,0.0,0.0,0.0,0.0,0.0
10.0,6.04190209510476,0.0038594563571485,0.0038594563496517,0.999992552266908,0.9999925522669068,49.41362364105303,0.0,49.974020647068,0.0,45.59504076926938,0.0,45.30197024393806,0.0,0.0,0.0,0.0,0.0,0.0,0.0
10.0,6.04215210760538,0.0038595049257203,0.003859504918225,0.9999925520794573,0.999992552079456,49.41362362797983,0.0,49.974020275683294,0.0,45.59504076483894,0.0,45.30197016552755,0.0,0.0,0.0,0.0,0.0,0.0,0.0
10.0,6.042402120106,0.0038595534956306,0.0038595534881367,0.999992551891999,0.999992551891999,49.4136236148993,0.0,49.974019904284,0.0,45.5950407604083,0.0,45.301970087113865,0.0,0.0,0.0,0.0,0.0,0.0,0.0
10.0,6.04265213260663,0.0038596020668791,0.0038596020593868,0.999992551704534,0.999992551704533,49.41362360181144,0.0,49.97401953287013,0.0,45.59504075597749,0.0,45.30197000869701,0.0,0.0,0.0,0.0,0.0,0.0,0.0
10.0,6.042902145107259,0.003859650639466,0.0038596506319752,0.999992551517061,0.99999255151706,49.41362358871626,0.0,49.97401916144167,0.0,45.59504075154649,0.0,45.301969930276975,0.0,0.0,0.0,0.0,0.0,0.0,0.0
10.0,6.04315215760788,0.0038596992133911,0.0038596992059017,0.99999255132958,0.999992551329579,49.413623575613805,0.0,49.97401878999863,0.0,45.5950407471153,0.0,45.30196985185378,0.0,0.0,0.0,0.0,0.0,0.0,0.0
10.0,6.04340217010851,0.0038597477886544,0.0038597477811665,0.999992551142092,0.999992551142091,49.413623562504085,0.0,49.97401841854101,0.0,45.59504074268393,0.0,45.3019697734274,0.0,0.0,0.0,0.0,0.0,0.0,0.0
10.0,6.04365218260913,0.0038597963652558,0.0038597963577694,0.999992550954596,0.999992550954595,49.413623549387104,0.0,49.97401804706879,0.0,45.59504073825237,0.0,45.30196969499785,0.0,0.0,0.0,0.0,0.0,0.0,0.0
10.0,6.04390219510976,0.0038598449431952,0.0038598449357103,0.999992550767093,0.999992550767092,49.4136235362629,0.0,49.97401767558201,0.0,45.59504073382064,0.0,45.30196961656513,0.0,0.0,0.0,0.0,0.0,0.0,0.0
10.0,6.04415220761038,0.0038598935224727,0.0038598935149893,0.999992550579582,0.999992550579582,49.41362352313147,0.0,49.97401730408064,0.0,45.5950407293887,0.0,45.30196953812924,0.0,0.0,0.0,0.0,0.0,0.0,0.0
10.0,6.04440222011101,0.0038599421030881,0.0038599420956062,0.999992550392064,0.999992550392063,49.413623509992846,0.0,49.97401693256468,0.0,45.59504072495659,0.0,45.30196945969017,0.0,0.0,0.0,0.0,0.0,0.0,0.0
10.0,6.04465223261163,0.0038599906850413,0.0038599906775609,0.999992550204538,0.999992550204538,49.41362349684703,0.0,49.97401656103413,0.0,45.595040720524295,0.0,45.30196938124793,0.0,0.0,0.0,0.0,0.0,0.0,0.0
10.0,6.04490224511226,0.0038600392683324,0.0038600392608535,0.999992550017005,0.999992550017004,49.41362348369406,0.0,49.97401618948902,0.0,45.59504071609181,0.0,45.30196930280251,0.0,0.0,0.0,0.0,0.0,0.0,0.0
10.0,6.045152257612879,0.0038600878529613,0.0038600878454839,0.999992549829464,0.999992549829464,49.41362347053393,0.0,49.97401581792931,0.0,45.59504071165914,0.0,45.30196922435393,0.0,0.0,0.0,0.0,0.0,0.0,0.0
10.0,6.04540227011351,0.0038601364389279,0.0038601364314519,0.999992549641916,0.9999925496419148,49.41362345736668,0.0,49.97401544635503,0.0,45.59504070722629,0.0,45.30196914590217,0.0,0.0,0.0,0.0,0.0,0.0,0.0
10.0,6.04565228261413,0.0038601850262321,0.0038601850187577,0.99999254945436,0.99999254945436,49.41362344419231,0.0,49.97401507476616,0.0,45.59504070279324,0.0,45.301969067447246,0.0,0.0,0.0,0.0,0.0,0.0,0.0
10.0,6.04590229511476,0.0038602336148739,0.003860233607401,0.999992549266797,0.999992549266796,49.41362343101085,0.0,49.9740147031627,0.0,45.59504069836002,0.0,45.30196898898914,0.0,0.0,0.0,0.0,0.0,0.0,0.0
10.0,6.04615230761538,0.0038602822048533,0.0038602821973818,0.999992549079226,0.999992549079225,49.4136234178223,0.0,49.974014331544666,0.0,45.59504069392661,0.0,45.30196891052786,0.0,0.0,0.0,0.0,0.0,0.0,0.0
10.0,6.04640232011601,0.0038603307961701,0.0038603307887002,0.999992548891647,0.9999925488916468,49.41362340462669,0.0,49.97401395991204,0.0,45.59504068949302,0.0,45.30196883206341,0.0,0.0,0.0,0.0,0.0,0.0,0.0
10.0,6.04665233261663,0.0038603793888244,0.0038603793813559,0.999992548704061,0.999992548704061,49.41362339142403,0.0,49.974013588264846,0.0,45.59504068505924,0.0,45.301968753595794,0.0,0.0,0.0,0.0,0.0,0.0,0.0
10.0,6.04690234511726,0.003860427982816,0.0038604279753491,0.999992548516468,0.9999925485164672,49.41362337821435,0.0,49.97401321660306,0.0,45.59504068062528,0.0,45.301968675125,0.0,0.0,0.0,0.0,0.0,0.0,0.0
10.0,6.04715235761788,0.0038604765781449,0.0038604765706795,0.999992548328867,0.999992548328866,49.41362336499766,0.0,49.9740128449267,0.0,45.595040676191125,0.0,45.30196859665103,0.0,0.0,0.0,0.0,0.0,0.0,0.0
10.0,6.04740237011851,0.0038605251748111,0.0038605251673471,0.999992548141258,0.999992548141258,49.41362335177397,0.0,49.97401247323576,0.0,45.595040671756784,0.0,45.30196851817389,0.0,0.0,0.0,0.0,0.0,0.0,0.0
10.0,6.04765238261913,0.0038605737728145,0.003860573765352,0.999992547953643,0.999992547953642,49.413623338543296,0.0,49.97401210153022,0.0,45.595040667322266,0.0,45.30196843969358,0.0,0.0,0.0,0.0,0.0,0.0,0.0
10.0,6.04790239511976,0.0038606223721549,0.003860622364694,0.999992547766019,0.999992547766018,49.413623325305664,0.0,49.97401172981012,0.0,45.59504066288756,0.0,45.30196836121009,0.0,0.0,0.0,0.0,0.0,0.0,0.0
10.0,6.04815240762038,0.0038606709728325,0.0038606709653731,0.999992547578388,0.999992547578387,49.41362331206108,0.0,49.97401135807543,0.0,45.59504065845267,0.0,45.30196828272343,0.0,0.0,0.0,0.0,0.0,0.0,0.0
10.0,6.04840242012101,0.0038607195748471,0.0038607195673892,0.999992547390749,0.999992547390748,49.41362329880957,0.0,49.97401098632616,0.0,45.5950406540176,0.0,45.3019682042336,0.0,0.0,0.0,0.0,0.0,0.0,0.0
10.0,6.04865243262163,0.0038607681781986,0.0038607681707422,0.999992547203103,0.999992547203102,49.41362328555114,0.0,49.9740106145623,0.0,45.59504064958233,0.0,45.3019681257406,0.0,0.0,0.0,0.0,0.0,0.0,0.0
10.0,6.04890244512226,0.0038608167828871,0.0038608167754321,0.99999254701545,0.999992547015449,49.41362327228582,0.0,49.97401024278387,0.0,45.59504064514689,0.0,45.30196804724442,0.0,0.0,0.0,0.0,0.0,0.0,0.0
10.0,6.04915245762288,0.0038608653889123,0.0038608653814589,0.999992546827788,0.999992546827788,49.41362325901362,0.0,49.974009870990855,0.0,45.59504064071125,0.0,45.30196796874508,0.0,0.0,0.0,0.0,0.0,0.0,0.0
10.0,6.04940247012351,0.0038609139962744,0.0038609139888225,0.999992546640119,0.999992546640119,49.41362324573454,0.0,49.97400949918325,0.0,45.59504063627544,0.0,45.30196789024255,0.0,0.0,0.0,0.0,0.0,0.0,0.0
10.0,6.04965248262413,0.0038609626049732,0.0038609625975228,0.999992546452443,0.9999925464524432,49.41362323244863,0.0,49.97400912736107,0.0,45.59504063183944,0.0,45.30196781173686,0.0,0.0,0.0,0.0,0.0,0.0,0.0
10.0,6.04990249512476,0.0038610112150086,0.0038610112075597,0.99999254626476,0.9999925462647592,49.41362321915588,0.0,49.97400875552431,0.0,45.59504062740324,0.0,45.301967733228,0.0,0.0,0.0,0.0,0.0,0.0,0.0
10.0,6.05015250762538,0.0038610598263807,0.0038610598189333,0.999992546077068,0.999992546077068,49.41362320585631,0.0,49.97400838367297,0.0,45.59504062296688,0.0,45.301967654715945,0.0,0.0,0.0,0.0,0.0,0.0,0.0
10.0,6.05040252012601,0.0038611084390893,0.0038611084316434,0.99999254588937,0.999992545889369,49.41362319254994,0.0,49.97400801180704,0.0,45.59504061853031,0.0,45.30196757620074,0.0,0.0,0.0,0.0,0.0,0.0,0.0
10.0,6.050652532626629,0.0038611570531344,0.0038611570456901,0.999992545701663,0.999992545701663,49.4136231792368,0.0,49.97400763992655,0.0,45.59504061409357,0.0,45.30196749768236,0.0,0.0,0.0,0.0,0.0,0.0,0.0
10.0,6.05090254512726,0.0038612056685159,0.0038612056610731,0.999992545513949,0.999992545513949,49.41362316591687,0.0,49.97400726803146,0.0,45.59504060965664,0.0,45.3019674191608,0.0,0.0,0.0,0.0,0.0,0.0,0.0
10.0,6.05115255762788,0.0038612542852338,0.0038612542777926,0.9999925453262282,0.999992545326227,49.41362315259018,0.0,49.9740068961218,0.0,45.59504060521953,0.0,45.30196734063607,0.0,0.0,0.0,0.0,0.0,0.0,0.0
10.0,6.05140257012851,0.0038613029032881,0.0038613028958483,0.999992545138499,0.999992545138498,49.41362313925677,0.0,49.97400652419756,0.0,45.59504060078224,0.0,45.30196726210816,0.0,0.0,0.0,0.0,0.0,0.0,0.0
10.0,6.05165258262913,0.0038613515226786,0.0038613515152403,0.999992544950763,0.9999925449507618,49.41362312591664,0.0,49.97400615225873,0.0,45.59504059634475,0.0,45.30196718357709,0.0,0.0,0.0,0.0,0.0,0.0,0.0
10.0,6.05190259512976,0.0038614001434053,0.0038614001359685,0.999992544763019,0.999992544763018,49.4136231125698,0.0,49.97400578030533,0.0,45.59504059190708,0.0,45.30196710504285,0.0,0.0,0.0,0.0,0.0,0.0,0.0
10.0,6.05215260763038,0.0038614487654681,0.0038614487580329,0.999992544575267,0.999992544575267,49.41362309921626,0.0,49.97400540833735,0.0,45.595040587469214,0.0,45.30196702650542,0.0,0.0,0.0,0.0,0.0,0.0,0.0
10.0,6.05240262013101,0.0038614973888671,0.0038614973814334,0.999992544387509,0.999992544387508,49.41362308585604,0.0,49.974005036354775,0.0,45.59504058303119,0.0,45.30196694796483,0.0,0.0,0.0,0.0,0.0,0.0,0.0
10.0,6.05265263263163,0.003861546013602,0.0038615460061699,0.999992544199742,0.999992544199741,49.41362307248917,0.0,49.97400466435764,0.0,45.59504057859296,0.0,45.301966869421065,0.0,0.0,0.0,0.0,0.0,0.0,0.0
10.0,6.05290264513226,0.003861594639673,0.0038615946322423,0.999992544011968,0.999992544011967,49.41362305911565,0.0,49.97400429234592,0.0,45.59504057415455,0.0,45.301966790874125,0.0,0.0,0.0,0.0,0.0,0.0,0.0
10.0,6.05315265763288,0.0038616432670798,0.0038616432596507,0.999992543824186,0.999992543824186,49.41362304573551,0.0,49.9740039203196,0.0,45.59504056971594,0.0,45.30196671232402,0.0,0.0,0.0,0.0,0.0,0.0,0.0
10.0,6.05340267013351,0.0038616918958226,0.0038616918883949,0.999992543636397,0.999992543636397,49.413623032348745,0.0,49.97400354827872,0.0,45.59504056527716,0.0,45.30196663377073,0.0,0.0,0.0,0.0,0.0,0.0,0.0
10.0,6.05365268263413,0.0038617405259011,0.003861740518475,0.999992543448601,0.9999925434486,49.41362301895539,0.0,49.974003176223256,0.0,45.5950405608382,0.0,45.30196655521428,0.0,0.0,0.0,0.0,0.0,0.0,0.0
10.0,6.05390269513476,0.0038617891573153,0.0038617891498908,0.999992543260797,0.999992543260796,49.41362300555544,0.0,49.97400280415321,0.0,45.59504055639905,0.0,45.30196647665464,0.0,0.0,0.0,0.0,0.0,0.0,0.0
10.0,6.05415270763538,0.0038618377900653,0.0038618377826422,0.999992543072985,0.999992543072984,49.41362299214893,0.0,49.9740024320686,0.0,45.59504055195971,0.0,45.30196639809185,0.0,0.0,0.0,0.0,0.0,0.0,0.0
10.0,6.05440272013601,0.0038618864241508,0.0038618864167293,0.999992542885166,0.9999925428851651,49.41362297873586,0.0,49.97400205996939,0.0,45.595040547520185,0.0,45.301966319525874,0.0,0.0,0.0,0.0,0.0,0.0,0.0
10.0,6.05465273263663,0.0038619350595719,0.003861935052152,0.999992542697339,0.999992542697338,49.41362296531626,0.0,49.97400168785561,0.0,45.595040543080486,0.0,45.30196624095672,0.0,0.0,0.0,0.0,0.0,0.0,0.0
10.0,6.05490274513726,0.0038619836963286,0.0038619836889101,0.999992542509505,0.999992542509504,49.413622951890126,0.0,49.97400131572724,0.0,45.59504053864059,0.0,45.3019661623844,0.0,0.0,0.0,0.0,0.0,0.0,0.0
10.0,6.05515275763788,0.0038620323344207,0.0038620323270038,0.999992542321663,0.999992542321663,49.413622938457486,0.0,49.97400094358431,0.0,45.59504053420051,0.0,45.301966083808914,0.0,0.0,0.0,0.0,0.0,0.0,0.0
10.0,6.055402770138511,0.0038620809738482,0.0038620809664328,0.999992542133814,0.999992542133813,49.41362292501836,0.0,49.9740005714268,0.0,45.59504052976025,0.0,45.301966005230256,0.0,0.0,0.0,0.0,0.0,0.0,0.0
10.0,6.05565278263913,0.003862129614611,0.0038621296071971,0.999992541945957,0.999992541945956,49.41362291157274,0.0,49.97400019925469,0.0,45.5950405253198,0.0,45.30196592664842,0.0,0.0,0.0,0.0,0.0,0.0,0.0
10.0,6.05590279513976,0.0038621782567091,0.0038621782492968,0.9999925417580932,0.999992541758092,49.41362289812066,0.0,49.97399982706801,0.0,45.59504052087917,0.0,45.3019658480634,0.0,0.0,0.0,0.0,0.0,0.0,0.0
10.0,6.05615280764038,0.0038622269001424,0.0038622268927316,0.999992541570221,0.99999254157022,49.41362288466213,0.0,49.97399945486676,0.0,45.59504051643834,0.0,45.30196576947523,0.0,0.0,0.0,0.0,0.0,0.0,0.0
10.0,6.05640282014101,0.0038622755449109,0.0038622755375016,0.999992541382342,0.9999925413823412,49.41362287119717,0.0,49.97399908265093,0.0,45.59504051199734,0.0,45.30196569088388,0.0,0.0,0.0,0.0,0.0,0.0,0.0
10.0,6.05665283264163,0.0038623241910145,0.0038623241836067,0.999992541194455,0.999992541194454,49.41362285772578,0.0,49.97399871042052,0.0,45.59504050755615,0.0,45.301965612289344,0.0,0.0,0.0,0.0,0.0,0.0,0.0
10.0,6.05690284514226,0.0038623728384531,0.0038623728310469,0.99999254100656,0.99999254100656,49.41362284424799,0.0,49.97399833817553,0.0,45.59504050311477,0.0,45.30196553369164,0.0,0.0,0.0,0.0,0.0,0.0,0.0
10.0,6.05715285764288,0.0038624214872267,0.0038624214798221,0.999992540818659,0.999992540818658,49.413622830763806,0.0,49.97399796591596,0.0,45.595040498673214,0.0,45.30196545509077,0.0,0.0,0.0,0.0,0.0,0.0,0.0
10.0,6.05740287014351,0.0038624701373353,0.0038624701299322,0.999992540630749,0.999992540630748,49.41362281727324,0.0,49.97399759364181,0.0,45.59504049423147,0.0,45.30196537648673,0.0,0.0,0.0,0.0,0.0,0.0,0.0
10.0,6.05765288264413,0.0038625187887787,0.0038625187813771,0.999992540442832,0.999992540442831,49.41362280377631,0.0,49.97399722135308,0.0,45.59504048978954,0.0,45.30196529787951,0.0,0.0,0.0,0.0,0.0,0.0,0.0
10.0,6.05790289514476,0.0038625674415569,0.0038625674341569,0.999992540254908,0.999992540254907,49.41362279027304,0.0,49.97399684904978,0.0,45.59504048534743,0.0,45.30196521926912,0.0,0.0,0.0,0.0,0.0,0.0,0.0
10.0,6.05815290764538,0.0038626160956699,0.0038626160882714,0.999992540066976,0.999992540066975,49.41362277676343,0.0,49.97399647673191,0.0,45.595040480905126,0.0,45.30196514065557,0.0,0.0,0.0,0.0,0.0,0.0,0.0
10.0,6.05840292014601,0.0038626647511176,0.0038626647437207,0.999992539879036,0.9999925398790352,49.413622763247496,0.0,49.97399610439944,0.0,45.59504047646264,0.0,45.30196506203883,0.0,0.0,0.0,0.0,0.0,0.0,0.0
10.0,6.05865293264663,0.0038627134078999,0.0038627134005046,0.999992539691089,0.999992539691088,49.413622749725256,0.0,49.97399573205241,0.0,45.59504047201997,0.0,45.30196498341892,0.0,0.0,0.0,0.0,0.0,0.0,0.0
10.0,6.05890294514726,0.0038627620660169,0.003862762058623,0.999992539503134,0.999992539503134,49.41362273619672,0.0,49.97399535969079,0.0,45.59504046757711,0.0,45.30196490479585,0.0,0.0,0.0,0.0,0.0,0.0,0.0
10.0,6.05915295764788,0.0038628107254683,0.003862810718076,0.999992539315173,0.999992539315172,49.41362272266191,0.0,49.973994987314605,0.0,45.59504046313407,0.0,45.3019648261696,0.0,0.0,0.0,0.0,0.0,0.0,0.0
10.0,6.05940297014851,0.0038628593862542,0.0038628593788635,0.999992539127203,0.999992539127202,49.41362270912085,0.0,49.97399461492383,0.0,45.59504045869084,0.0,45.301964747540175,0.0,0.0,0.0,0.0,0.0,0.0,0.0
10.0,6.05965298264913,0.0038629080483745,0.0038629080409853,0.999992538939226,0.999992538939225,49.41362269557351,0.0,49.973994242518486,0.0,45.59504045424743,0.0,45.30196466890757,0.0,0.0,0.0,0.0,0.0,0.0,0.0
10.0,6.05990299514976,0.0038629567118292,0.0038629567044416,0.999992538751241,0.99999253875124,49.41362268201996,0.0,49.97399387009856,0.0,45.59504044980383,0.0,45.30196459027181,0.0,0.0,0.0,0.0,0.0,0.0,0.0
10.0,6.06015300765038,0.0038630053766182,0.0038630053692321,0.999992538563249,0.999992538563248,49.41362266846016,0.0,49.97399349766405,0.0,45.59504044536005,0.0,45.30196451163287,0.0,0.0,0.0,0.0,0.0,0.0,0.0
10.0,6.06040302015101,0.0038630540427414,0.0038630540353568,0.999992538375249,0.999992538375248,49.413622654894176,0.0,49.97399312521499,0.0,45.59504044091609,0.0,45.30196443299076,0.0,0.0,0.0,0.0,0.0,0.0,0.0
10.0,6.06065303265163,0.0038631027101988,0.0038631027028158,0.999992538187242,0.999992538187241,49.41362264132198,0.0,49.97399275275132,0.0,45.595040436471926,0.0,45.30196435434547,0.0,0.0,0.0,0.0,0.0,0.0,0.0
10.0,6.060903045152261,0.0038631513789903,0.0038631513716088,0.999992537999227,0.999992537999226,49.41362262774361,0.0,49.973992380273096,0.0,45.59504043202759,0.0,45.30196427569702,0.0,0.0,0.0,0.0,0.0,0.0,0.0
10.0,6.06115305765288,0.0038632000491159,0.003863200041736,0.999992537811205,0.999992537811204,49.41362261415907,0.0,49.973992007780296,0.0,45.59504042758306,0.0,45.30196419704538,0.0,0.0,0.0,0.0,0.0,0.0,0.0
10.0,6.06140307015351,0.0038632487205754,0.0038632487131971,0.999992537623175,0.999992537623174,49.41362260056837,0.0,49.973991635272895,0.0,45.59504042313835,0.0,45.30196411839058,0.0,0.0,0.0,0.0,0.0,0.0,0.0
10.0,6.06165308265413,0.0038632973933689,0.0038632973859922,0.999992537435138,0.999992537435137,49.41362258697154,0.0,49.97399126275094,0.0,45.59504041869346,0.0,45.3019640397326,0.0,0.0,0.0,0.0,0.0,0.0,0.0
10.0,6.06190309515476,0.0038633460674964,0.0038633460601211,0.999992537247093,0.999992537247092,49.41362257336858,0.0,49.9739908902144,0.0,45.59504041424838,0.0,45.30196396107146,0.0,0.0,0.0,0.0,0.0,0.0,0.0
10.0,6.06215310765538,0.0038633947429576,0.0038633947355839,0.99999253705904,0.99999253705904,49.4136225597595,0.0,49.97399051766328,0.0,45.59504040980312,0.0,45.30196388240714,0.0,0.0,0.0,0.0,0.0,0.0,0.0
10.0,6.06240312015601,0.0038634434197526,0.0038634434123805,0.999992536870981,0.99999253687098,49.41362254614432,0.0,49.9739901450976,0.0,45.59504040535767,0.0,45.30196380373964,0.0,0.0,0.0,0.0,0.0,0.0,0.0
10.0,6.06265313265663,0.0038634920978813,0.0038634920905108,0.999992536682913,0.999992536682913,49.41362253252306,0.0,49.97398977251733,0.0,45.595040400912026,0.0,45.30196372506898,0.0,0.0,0.0,0.0,0.0,0.0,0.0
10.0,6.06290314515726,0.0038635407773437,0.0038635407699747,0.999992536494838,0.999992536494838,49.41362251889572,0.0,49.97398939992248,0.0,45.59504039646621,0.0,45.30196364639514,0.0,0.0,0.0,0.0,0.0,0.0,0.0
10.0,6.063153157657881,0.0038635894581397,0.0038635894507723,0.999992536306756,0.999992536306755,49.413622505262325,0.0,49.97398902731307,0.0,45.5950403920202,0.0,45.30196356771814,0.0,0.0,0.0,0.0,0.0,0.0,0.0
10.0,6.06340317015851,0.0038636381402693,0.0038636381329034,0.999992536118666,0.999992536118665,49.41362249162288,0.0,49.973988654689066,0.0,45.59504038757402,0.0,45.30196348903795,0.0,0.0,0.0,0.0,0.0,0.0,0.0
10.0,6.06365318265913,0.0038636868237323,0.0038636868163679,0.999992535930569,0.999992535930568,49.41362247797739,0.0,49.97398828205049,0.0,45.59504038312763,0.0,45.30196341035461,0.0,0.0,0.0,0.0,0.0,0.0,0.0
10.0,6.06390319515976,0.0038637355085287,0.0038637355011659,0.9999925357424632,0.9999925357424632,49.41362246432589,0.0,49.97398790939735,0.0,45.59504037868108,0.0,45.30196333166808,0.0,0.0,0.0,0.0,0.0,0.0,0.0
10.0,6.06415320766038,0.0038637841946585,0.0038637841872973,0.9999925355543512,0.9999925355543512,49.41362245066839,0.0,49.97398753672962,0.0,45.59504037423433,0.0,45.30196325297838,0.0,0.0,0.0,0.0,0.0,0.0,0.0
10.0,6.06440322016101,0.0038638328821216,0.003863832874762,0.999992535366231,0.99999253536623,49.41362243700488,0.0,49.97398716404732,0.0,45.59504036978739,0.0,45.30196317428551,0.0,0.0,0.0,0.0,0.0,0.0,0.0
10.0,6.06465323266163,0.003863881570918,0.00386388156356,0.999992535178103,0.999992535178103,49.41362242333538,0.0,49.97398679135045,0.0,45.59504036534028,0.0,45.30196309558946,0.0,0.0,0.0,0.0,0.0,0.0,0.0
10.0,6.06490324516226,0.0038639302610476,0.0038639302536911,0.9999925349899688,0.999992534989968,49.41362240965993,0.0,49.973986418638994,0.0,45.59504036089297,0.0,45.30196301689025,0.0,0.0,0.0,0.0,0.0,0.0,0.0
10.0,6.06515325766288,0.0038639789525103,0.0038639789451554,0.999992534801826,0.999992534801825,49.41362239597852,0.0,49.97398604591298,0.0,45.59504035644549,0.0,45.30196293818786,0.0,0.0,0.0,0.0,0.0,0.0,0.0
10.0,6.06540327016351,0.0038640276453061,0.0038640276379527,0.999992534613676,0.999992534613675,49.41362238229116,0.0,49.97398567317238,0.0,45.59504035199781,0.0,45.30196285948231,0.0,0.0,0.0,0.0,0.0,0.0,0.0
10.0,6.06565328266413,0.0038640763394349,0.0038640763320831,0.999992534425518,0.999992534425517,49.413622368597885,0.0,49.9739853004172,0.0,45.59504034754996,0.0,45.30196278077357,0.0,0.0,0.0,0.0,0.0,0.0,0.0
10.0,6.06590329516476,0.0038641250348967,0.0038641250275464,0.999992534237353,0.999992534237352,49.41362235489867,0.0,49.97398492764745,0.0,45.59504034310192,0.0,45.30196270206167,0.0,0.0,0.0,0.0,0.0,0.0,0.0
10.0,6.06615330766538,0.0038641737316914,0.0038641737243427,0.99999253404918,0.9999925340491788,49.413622341193566,0.0,49.97398455486312,0.0,45.59504033865369,0.0,45.30196262334659,0.0,0.0,0.0,0.0,0.0,0.0,0.0
10.0,6.0664033201660095,0.0038642224298189,0.0038642224224718,0.999992533861,0.999992533860999,49.41362232748256,0.0,49.97398418206422,0.0,45.59504033420527,0.0,45.30196254462834,0.0,0.0,0.0,0.0,0.0,0.0,0.0
10.0,6.06665333266663,0.0038642711292792,0.0038642711219337,0.999992533672812,0.9999925336728108,49.41362231376568,0.0,49.97398380925075,0.0,45.59504032975667,0.0,45.301962465906925,0.0,0.0,0.0,0.0,0.0,0.0,0.0
10.0,6.06690334516726,0.0038643198300722,0.0038643198227283,0.999992533484617,0.999992533484616,49.41362230004293,0.0,49.9739834364227,0.0,45.595040325307885,0.0,45.30196238718233,0.0,0.0,0.0,0.0,0.0,0.0,0.0
10.0,6.06715335766788,0.003864368532198,0.0038643685248556,0.999992533296414,0.999992533296413,49.41362228631432,0.0,49.97398306358007,0.0,45.595040320858914,0.0,45.30196230845457,0.0,0.0,0.0,0.0,0.0,0.0,0.0
10.0,6.06740337016851,0.0038644172356563,0.0038644172283155,0.999992533108204,0.999992533108203,49.413622272579886,0.0,49.97398269072287,0.0,45.59504031640976,0.0,45.30196222972363,0.0,0.0,0.0,0.0,0.0,0.0,0.0
10.0,6.06765338266913,0.0038644659404472,0.003864465933108,0.999992532919986,0.999992532919985,49.41362225883961,0.0,49.9739823178511,0.0,45.595040311960425,0.0,45.301962150989525,0.0,0.0,0.0,0.0,0.0,0.0,0.0
10.0,6.06790339516976,0.0038645146465706,0.003864514639233,0.999992532731761,0.99999253273176,49.41362224509352,0.0,49.97398194496475,0.0,45.5950403075109,0.0,45.301962072252245,0.0,0.0,0.0,0.0,0.0,0.0,0.0
10.0,6.06815340767038,0.0038645633540265,0.0038645633466904,0.999992532543528,0.999992532543527,49.41362223134162,0.0,49.97398157206383,0.0,45.59504030306118,0.0,45.30196199351178,0.0,0.0,0.0,0.0,0.0,0.0,0.0
10.0,6.06840342017101,0.0038646120628147,0.0038646120554802,0.999992532355287,0.999992532355287,49.41362221758393,0.0,49.97398119914834,0.0,45.59504029861129,0.0,45.30196191476816,0.0,0.0,0.0,0.0,0.0,0.0,0.0
10.0,6.0686534326716295,0.0038646607729353,0.0038646607656024,0.99999253216704,0.9999925321670392,49.41362220382046,0.0,49.97398082621826,0.0,45.5950402941612,0.0,45.30196183602136,0.0,0.0,0.0,0.0,0.0,0.0,0.0
10.0,6.06890344517226,0.0038647094843881,0.0038647094770568,0.999992531978784,0.9999925319787828,49.41362219005123,0.0,49.97398045327362,0.0,45.595040289710944,0.0,45.30196175727138,0.0,0.0,0.0,0.0,0.0,0.0,0.0
10.0,6.06915345767288,0.0038647581971732,0.0038647581898434,0.999992531790521,0.99999253179052,49.41362217627624,0.0,49.9739800803144,0.0,45.59504028526049,0.0,45.301961678518246,0.0,0.0,0.0,0.0,0.0,0.0,0.0
10.0,6.06940347017351,0.0038648069112904,0.0038648069039622,0.99999253160225,0.99999253160225,49.41362216249549,0.0,49.97397970734062,0.0,45.595040280809854,0.0,45.30196159976193,0.0,0.0,0.0,0.0,0.0,0.0,0.0
10.0,6.06965348267413,0.0038648556267397,0.0038648556194131,0.999992531413973,0.999992531413972,49.413622148709024,0.0,49.97397933435224,0.0,45.59504027635904,0.0,45.30196152100244,0.0,0.0,0.0,0.0,0.0,0.0,0.0
10.0,6.06990349517476,0.003864904343521,0.003864904336196,0.999992531225687,0.999992531225686,49.41362213491684,0.0,49.9739789613493,0.0,45.59504027190802,0.0,45.30196144223979,0.0,0.0,0.0,0.0,0.0,0.0,0.0
10.0,6.07015350767538,0.0038649530616343,0.0038649530543109,0.999992531037394,0.999992531037393,49.41362212111894,0.0,49.97397858833179,0.0,45.59504026745682,0.0,45.30196136347395,0.0,0.0,0.0,0.0,0.0,0.0,0.0
10.0,6.07040352017601,0.0038650017810795,0.0038650017737577,0.999992530849094,0.999992530849093,49.41362210731536,0.0,49.97397821529971,0.0,45.59504026300545,0.0,45.301961284704944,0.0,0.0,0.0,0.0,0.0,0.0,0.0
10.0,6.07065353267663,0.0038650505018566,0.0038650504945364,0.9999925306607852,0.999992530660785,49.413622093506085,0.0,49.97397784225304,0.0,45.59504025855389,0.0,45.30196120593278,0.0,0.0,0.0,0.0,0.0,0.0,0.0
10.0,6.07090354517726,0.0038650992239656,0.0038650992166469,0.99999253047247,0.9999925304724692,49.41362207969114,0.0,49.973977469191816,0.0,45.59504025410215,0.0,45.30196112715743,0.0,0.0,0.0,0.0,0.0,0.0,0.0
10.0,6.07115355767788,0.0038651479474062,0.0038651479400891,0.999992530284147,0.999992530284146,49.41362206587053,0.0,49.97397709611601,0.0,45.59504024965021,0.0,45.3019610483789,0.0,0.0,0.0,0.0,0.0,0.0,0.0
10.0,6.07140357017851,0.0038651966721786,0.0038651966648631,0.999992530095816,0.999992530095815,49.41362205204428,0.0,49.97397672302563,0.0,45.59504024519809,0.0,45.30196096959721,0.0,0.0,0.0,0.0,0.0,0.0,0.0
10.0,6.07165358267913,0.0038652453982826,0.0038652453909686,0.999992529907478,0.9999925299074772,49.41362203821239,0.0,49.97397634992068,0.0,45.595040240745774,0.0,45.30196089081235,0.0,0.0,0.0,0.0,0.0,0.0,0.0
10.0,6.07190359517976,0.0038652941257181,0.0038652941184058,0.999992529719132,0.999992529719131,49.41362202437488,0.0,49.97397597680117,0.0,45.595040236293286,0.0,45.30196081202432,0.0,0.0,0.0,0.0,0.0,0.0,0.0
10.0,6.07215360768038,0.0038653428544852,0.0038653428471745,0.999992529530779,0.999992529530778,49.41362201053175,0.0,49.97397560366706,0.0,45.59504023184061,0.0,45.3019607332331,0.0,0.0,0.0,0.0,0.0,0.0,0.0
10.0,6.07240362018101,0.0038653915845838,0.0038653915772746,0.999992529342418,0.999992529342418,49.41362199668304,0.0,49.97397523051839,0.0,45.59504022738776,0.0,45.30196065443872,0.0,0.0,0.0,0.0,0.0,0.0,0.0
10.0,6.07265363268163,0.0038654403160137,0.0038654403087062,0.99999252915405,0.9999925291540492,49.41362198282872,0.0,49.97397485735514,0.0,45.59504022293471,0.0,45.30196057564117,0.0,0.0,0.0,0.0,0.0,0.0,0.0
10.0,6.07290364518226,0.003865489048775,0.0038654890414691,0.999992528965674,0.999992528965673,49.413621968968826,0.0,49.973974484177326,0.0,45.59504021848148,0.0,45.30196049684045,0.0,0.0,0.0,0.0,0.0,0.0,0.0
10.0,6.07315365768288,0.0038655377828676,0.0038655377755632,0.999992528777291,0.99999252877729,49.41362195510337,0.0,49.97397411098495,0.0,45.59504021402807,0.0,45.30196041803655,0.0,0.0,0.0,0.0,0.0,0.0,0.0
10.0,6.07340367018351,0.0038655865182914,0.0038655865109886,0.9999925285889,0.9999925285888992,49.41362194123236,0.0,49.97397373777799,0.0,45.595040209574464,0.0,45.30196033922949,0.0,0.0,0.0,0.0,0.0,0.0,0.0
10.0,6.07365368268413,0.0038656352550464,0.0038656352477452,0.999992528400502,0.999992528400501,49.413621927355805,0.0,49.97397336455645,0.0,45.59504020512068,0.0,45.30196026041924,0.0,0.0,0.0,0.0,0.0,0.0,0.0
10.0,6.07390369518476,0.0038656839931325,0.0038656839858329,0.999992528212096,0.9999925282120948,49.41362191347372,0.0,49.97397299132035,0.0,45.5950402006667,0.0,45.30196018160583,0.0,0.0,0.0,0.0,0.0,0.0,0.0
10.0,6.07415370768538,0.0038657327325496,0.0038657327252517,0.999992528023683,0.999992528023682,49.4136218995861,0.0,49.97397261806967,0.0,45.59504019621255,0.0,45.30196010278924,0.0,0.0,0.0,0.0,0.0,0.0,0.0
10.0,6.07440372018601,0.0038657814732978,0.0038657814660014,0.999992527835262,0.999992527835261,49.41362188569299,0.0,49.97397224480443,0.0,45.595040191758216,0.0,45.30196002396949,0.0,0.0,0.0,0.0,0.0,0.0,0.0
10.0,6.07465373268663,0.0038658302153769,0.0038658302080821,0.999992527646833,0.999992527646833,49.413621871794376,0.0,49.97397187152461,0.0,45.59504018730368,0.0,45.30195994514656,0.0,0.0,0.0,0.0,0.0,0.0,0.0
10.0,6.07490374518726,0.0038658789587869,0.0038658789514937,0.999992527458398,0.999992527458397,49.41362185789029,0.0,49.97397149823021,0.0,45.59504018284896,0.0,45.30195986632046,0.0,0.0,0.0,0.0,0.0,0.0,0.0
10.0,6.07515375768788,0.0038659277035277,0.0038659276962361,0.999992527269954,0.999992527269953,49.41362184398071,0.0,49.97397112492125,0.0,45.59504017839407,0.0,45.30195978749119,0.0,0.0,0.0,0.0,0.0,0.0,0.0
10.0,6.07540377018851,0.0038659764495992,0.0038659764423093,0.999992527081503,0.999992527081502,49.41362183006567,0.0,49.973970751597726,0.0,45.59504017393899,0.0,45.30195970865874,0.0,0.0,0.0,0.0,0.0,0.0,0.0
10.0,6.07565378268913,0.0038660251970015,0.0038660251897131,0.999992526893045,0.999992526893044,49.41362181614519,0.0,49.973970378259615,0.0,45.59504016948372,0.0,45.30195962982312,0.0,0.0,0.0,0.0,0.0,0.0,0.0
10.0,6.07590379518976,0.0038660739457345,0.0038660739384477,0.999992526704579,0.9999925267045782,49.41362180221925,0.0,49.97397000490693,0.0,45.59504016502826,0.0,45.30195955098433,0.0,0.0,0.0,0.0,0.0,0.0,0.0
10.0,6.07615380769038,0.003866122695798,0.0038661226885128,0.9999925265161048,0.999992526516104,49.41362178828789,0.0,49.97396963153969,0.0,45.59504016057262,0.0,45.30195947214237,0.0,0.0,0.0,0.0,0.0,0.0,0.0
10.0,6.07640382019101,0.003866171447192,0.0038661714399085,0.999992526327624,0.999992526327623,49.41362177435111,0.0,49.973969258157865,0.0,45.5950401561168,0.0,45.30195939329724,0.0,0.0,0.0,0.0,0.0,0.0,0.0
10.0,6.076653832691641,0.0038662201999166,0.0038662201926346,0.999992526139135,0.999992526139135,49.41362176040892,0.0,49.97396888476148,0.0,45.59504015166079,0.0,45.301959314448936,0.0,0.0,0.0,0.0,0.0,0.0,0.0
10.0,6.07690384519226,0.0038662689539715,0.0038662689466912,0.999992525950639,0.9999925259506388,49.41362174646134,0.0,49.97396851135051,0.0,45.5950401472046,0.0,45.30195923559746,0.0,0.0,0.0,0.0,0.0,0.0,0.0
10.0,6.07715385769288,0.0038663177093569,0.0038663177020781,0.999992525762136,0.999992525762135,49.41362173250837,0.0,49.97396813792498,0.0,45.59504014274822,0.0,45.3019591567428,0.0,0.0,0.0,0.0,0.0,0.0,0.0
10.0,6.077403870193511,0.0038663664660725,0.0038663664587954,0.9999925255736252,0.999992525573624,49.41362171855002,0.0,49.97396776448488,0.0,45.59504013829165,0.0,45.30195907788499,0.0,0.0,0.0,0.0,0.0,0.0,0.0
10.0,6.07765388269413,0.0038664152241184,0.0038664152168429,0.999992525385106,0.999992525385105,49.41362170458631,0.0,49.97396739103021,0.0,45.5950401338349,0.0,45.30195899902399,0.0,0.0,0.0,0.0,0.0,0.0,0.0
10.0,6.07790389519476,0.0038664639834945,0.0038664639762205,0.99999252519658,0.9999925251965788,49.41362169061724,0.0,49.97396701756096,0.0,45.59504012937797,0.0,45.30195892015983,0.0,0.0,0.0,0.0,0.0,0.0,0.0
10.0,6.07815390769538,0.0038665127442006,0.0038665127369283,0.999992525008046,0.9999925250080453,49.41362167664283,0.0,49.97396664407714,0.0,45.59504012492084,0.0,45.301958841292496,0.0,0.0,0.0,0.0,0.0,0.0,0.0
10.0,6.07840392019601,0.0038665615062369,0.0038665614989662,0.999992524819505,0.999992524819504,49.41362166266309,0.0,49.97396627057877,0.0,45.59504012046354,0.0,45.30195876242198,0.0,0.0,0.0,0.0,0.0,0.0,0.0
10.0,6.07865393269663,0.0038666102696032,0.0038666102623341,0.999992524630956,0.999992524630955,49.41362164867803,0.0,49.9739658970658,0.0,45.59504011600605,0.0,45.30195868354831,0.0,0.0,0.0,0.0,0.0,0.0,0.0
10.0,6.078903945197261,0.0038666590342995,0.003866659027032,0.9999925244424,0.999992524442399,49.41362163468766,0.0,49.97396552353828,0.0,45.59504011154837,0.0,45.30195860467145,0.0,0.0,0.0,0.0,0.0,0.0,0.0
10.0,6.07915395769788,0.0038667078003256,0.0038667077930598,0.999992524253836,0.999992524253835,49.41362162069199,0.0,49.97396514999618,0.0,45.59504010709051,0.0,45.30195852579143,0.0,0.0,0.0,0.0,0.0,0.0,0.0
10.0,6.07940397019851,0.0038667565676816,0.0038667565604174,0.999992524065265,0.999992524065264,49.41362160669103,0.0,49.97396477643952,0.0,45.59504010263247,0.0,45.30195844690823,0.0,0.0,0.0,0.0,0.0,0.0,0.0
10.0,6.0796539826991305,0.0038668053363674,0.0038668053291048,0.999992523876686,0.999992523876685,49.41362159268479,0.0,49.97396440286828,0.0,45.59504009817423,0.0,45.30195836802186,0.0,0.0,0.0,0.0,0.0,0.0,0.0
10.0,6.07990399519976,0.0038668541063829,0.0038668540991219,0.9999925236881,0.999992523688099,49.413621578673286,0.0,49.97396402928248,0.0,45.59504009371581,0.0,45.30195828913232,0.0,0.0,0.0,0.0,0.0,0.0,0.0
10.0,6.08015400770039,0.0038669028777281,0.0038669028704687,0.9999925234995058,0.9999925234995048,49.41362156465652,0.0,49.9739636556821,0.0,45.59504008925721,0.0,45.30195821023961,0.0,0.0,0.0,0.0,0.0,0.0,0.0
10.0,6.08040402020101,0.0038669516504029,0.0038669516431451,0.999992523310904,0.999992523310904,49.41362155063451,0.0,49.97396328206716,0.0,45.59504008479842,0.0,45.30195813134373,0.0,0.0,0.0,0.0,0.0,0.0,0.0
10.0,6.080654032701639,0.0038670004244072,0.0038670004171511,0.9999925231222953,0.9999925231222953,49.41362153660727,0.0,49.97396290843764,0.0,45.59504008033945,0.0,45.30195805244467,0.0,0.0,0.0,0.0,0.0,0.0,0.0
10.0,6.08090404520226,0.0038670491997411,0.0038670491924865,0.999992522933679,0.999992522933678,49.41362152257479,0.0,49.97396253479356,0.0,45.59504007588029,0.0,45.30195797354244,0.0,0.0,0.0,0.0,0.0,0.0,0.0
10.0,6.08115405770288,0.0038670979764043,0.0038670979691514,0.999992522745055,0.999992522745054,49.41362150853711,0.0,49.97396216113491,0.0,45.59504007142095,0.0,45.30195789463704,0.0,0.0,0.0,0.0,0.0,0.0,0.0
10.0,6.08140407020351,0.003867146754397,0.0038671467471457,0.999992522556424,0.999992522556423,49.413621494494215,0.0,49.97396178746168,0.0,45.59504006696141,0.0,45.30195781572847,0.0,0.0,0.0,0.0,0.0,0.0,0.0
10.0,6.08165408270413,0.003867195533719,0.0038671955264693,0.9999925223677852,0.999992522367784,49.413621480446125,0.0,49.973961413773885,0.0,45.5950400625017,0.0,45.301957736816725,0.0,0.0,0.0,0.0,0.0,0.0,0.0
10.0,6.08190409520476,0.0038672443143702,0.0038672443071222,0.999992522179138,0.999992522179137,49.41362146639285,0.0,49.97396104007153,0.0,45.5950400580418,0.0,45.30195765790181,0.0,0.0,0.0,0.0,0.0,0.0,0.0
10.0,6.08215410770539,0.0038672930963507,0.0038672930891043,0.999992521990484,0.999992521990483,49.4136214523344,0.0,49.973960666354586,0.0,45.59504005358171,0.0,45.301957578983725,0.0,0.0,0.0,0.0,0.0,0.0,0.0
10.0,6.08240412020601,0.0038673418796603,0.0038673418724155,0.9999925218018232,0.999992521801822,49.41362143827079,0.0,49.973960292623104,0.0,45.59504004912145,0.0,45.301957500062464,0.0,0.0,0.0,0.0,0.0,0.0,0.0
10.0,6.08265413270663,0.003867390664299,0.0038673906570558,0.999992521613154,0.9999925216131528,49.41362142420203,0.0,49.97395991887703,0.0,45.59504004466099,0.0,45.301957421138034,0.0,0.0,0.0,0.0,0.0,0.0,0.0
10.0,6.082904145207259,0.0038674394502667,0.0038674394430252,0.999992521424477,0.999992521424476,49.41362141012811,0.0,49.97395954511639,0.0,45.595040040200345,0.0,45.30195734221043,0.0,0.0,0.0,0.0,0.0,0.0,0.0
10.0,6.08315415770789,0.0038674882375635,0.0038674882303235,0.9999925212357929,0.999992521235792,49.41362139604907,0.0,49.97395917134119,0.0,45.59504003573952,0.0,45.30195726327966,0.0,0.0,0.0,0.0,0.0,0.0,0.0
10.0,6.08340417020851,0.0038675370261891,0.0038675370189508,0.999992521047101,0.999992521047101,49.413621381964894,0.0,49.97395879755141,0.0,45.59504003127851,0.0,45.30195718434571,0.0,0.0,0.0,0.0,0.0,0.0,0.0
10.0,6.08365418270914,0.0038675858161436,0.0038675858089069,0.999992520858402,0.999992520858402,49.413621367875606,0.0,49.97395842374706,0.0,45.59504002681732,0.0,45.3019571054086,0.0,0.0,0.0,0.0,0.0,0.0,0.0
10.0,6.08390419520976,0.0038676346074269,0.0038676346001918,0.999992520669696,0.999992520669695,49.41362135378122,0.0,49.97395804992815,0.0,45.59504002235594,0.0,45.3019570264683,0.0,0.0,0.0,0.0,0.0,0.0,0.0
10.0,6.08415420771039,0.0038676834000389,0.0038676833928055,0.999992520480981,0.999992520480981,49.41362133968176,0.0,49.97395767609468,0.0,45.59504001789437,0.0,45.30195694752484,0.0,0.0,0.0,0.0,0.0,0.0,0.0
10.0,6.08440422021101,0.0038677321939797,0.0038677321867479,0.99999252029226,0.999992520292259,49.41362132557718,0.0,49.97395730224663,0.0,45.595040013432616,0.0,45.30195686857821,0.0,0.0,0.0,0.0,0.0,0.0,0.0
10.0,6.08465423271164,0.003867780989249,0.0038677809820189,0.999992520103531,0.99999252010353,49.41362131146755,0.0,49.97395692838402,0.0,45.59504000897068,0.0,45.301956789628406,0.0,0.0,0.0,0.0,0.0,0.0,0.0
10.0,6.08490424521226,0.003867829785847,0.0038678297786184,0.999992519914794,0.999992519914793,49.41362129735285,0.0,49.973956554506834,0.0,45.59504000450856,0.0,45.30195671067542,0.0,0.0,0.0,0.0,0.0,0.0,0.0
10.0,6.085154257712879,0.0038678785837734,0.0038678785765465,0.99999251972605,0.999992519726049,49.4136212832331,0.0,49.97395618061509,0.0,45.59504000004625,0.0,45.30195663171928,0.0,0.0,0.0,0.0,0.0,0.0,0.0
10.0,6.08540427021351,0.0038679273830283,0.0038679273758031,0.9999925195372978,0.999992519537297,49.4136212691083,0.0,49.973955806708766,0.0,45.59503999558376,0.0,45.30195655275996,0.0,0.0,0.0,0.0,0.0,0.0,0.0
10.0,6.08565428271414,0.0038679761836116,0.003867976176388,0.999992519348539,0.999992519348538,49.41362125497847,0.0,49.97395543278788,0.0,45.59503999112108,0.0,45.30195647379747,0.0,0.0,0.0,0.0,0.0,0.0,0.0
10.0,6.08590429521476,0.0038680249855233,0.0038680249783013,0.999992519159772,0.9999925191597708,49.41362124084361,0.0,49.973955058852425,0.0,45.59503998665821,0.0,45.3019563948318,0.0,0.0,0.0,0.0,0.0,0.0,0.0
10.0,6.08615430771539,0.0038680737887632,0.0038680737815429,0.999992518970998,0.999992518970997,49.41362122670373,0.0,49.9739546849024,0.0,45.59503998219516,0.0,45.30195631586297,0.0,0.0,0.0,0.0,0.0,0.0,0.0
10.0,6.08640432021601,0.0038681225933314,0.0038681225861127,0.9999925187822158,0.9999925187822148,49.41362121255886,0.0,49.97395431093781,0.0,45.59503997773193,0.0,45.30195623689096,0.0,0.0,0.0,0.0,0.0,0.0,0.0
10.0,6.08665433271664,0.0038681713992277,0.0038681713920106,0.999992518593426,0.999992518593425,49.41362119840898,0.0,49.97395393695865,0.0,45.595039973268506,0.0,45.30195615791578,0.0,0.0,0.0,0.0,0.0,0.0,0.0
10.0,6.08690434521726,0.0038682202064521,0.0038682201992367,0.999992518404629,0.999992518404629,49.413621184254126,0.0,49.97395356296494,0.0,45.595039968804905,0.0,45.30195607893743,0.0,0.0,0.0,0.0,0.0,0.0,0.0
10.0,6.08715435771789,0.0038682690150046,0.0038682690077909,0.999992518215825,0.999992518215824,49.413621170094295,0.0,49.97395318895664,0.0,45.59503996434112,0.0,45.30195599995591,0.0,0.0,0.0,0.0,0.0,0.0,0.0
10.0,6.08740437021851,0.0038683178248851,0.003868317817673,0.999992518027013,0.9999925180270118,49.41362115592949,0.0,49.973952814933774,0.0,45.595039959877134,0.0,45.3019559209712,0.0,0.0,0.0,0.0,0.0,0.0,0.0
10.0,6.08765438271914,0.0038683666360936,0.0038683666288831,0.999992517838194,0.9999925178381932,49.41362114175974,0.0,49.97395244089636,0.0,45.59503995541297,0.0,45.30195584198334,0.0,0.0,0.0,0.0,0.0,0.0,0.0
10.0,6.08790439521976,0.0038684154486299,0.003868415441421,0.999992517649367,0.999992517649366,49.41362112758503,0.0,49.97395206684436,0.0,45.59503995094863,0.0,45.3019557629923,0.0,0.0,0.0,0.0,0.0,0.0,0.0
10.0,6.08815440772039,0.003868464262494,0.0038684642552868,0.999992517460532,0.999992517460532,49.41362111340538,0.0,49.9739516927778,0.0,45.59503994648411,0.0,45.301955683998095,0.0,0.0,0.0,0.0,0.0,0.0,0.0
10.0,6.08840442022101,0.0038685130776859,0.0038685130704803,0.99999251727169,0.999992517271689,49.41362109922082,0.0,49.97395131869668,0.0,45.59503994201938,0.0,45.30195560500072,0.0,0.0,0.0,0.0,0.0,0.0,0.0
10.0,6.08865443272164,0.0038685618942055,0.0038685618870016,0.999992517082841,0.99999251708284,49.41362108503132,0.0,49.973950944600986,0.0,45.59503993755448,0.0,45.30195552600016,0.0,0.0,0.0,0.0,0.0,0.0,0.0
10.0,6.08890444522226,0.0038686107120527,0.0038686107048505,0.999992516893984,0.999992516893983,49.41362107083692,0.0,49.97395057049073,0.0,45.5950399330894,0.0,45.30195544699643,0.0,0.0,0.0,0.0,0.0,0.0,0.0
10.0,6.08915445772289,0.0038686595312276,0.003868659524027,0.999992516705119,0.999992516705118,49.41362105663762,0.0,49.97395019636591,0.0,45.595039928624125,0.0,45.301955367989535,0.0,0.0,0.0,0.0,0.0,0.0,0.0
10.0,6.08940447022351,0.00386870835173,0.003868708344531,0.999992516516247,0.999992516516246,49.41362104243343,0.0,49.97394982222651,0.0,45.59503992415867,0.0,45.30195528897947,0.0,0.0,0.0,0.0,0.0,0.0,0.0
10.0,6.08965448272414,0.0038687571735598,0.0038687571663625,0.9999925163273669,0.999992516327367,49.41362102822435,0.0,49.97394944807255,0.0,45.59503991969302,0.0,45.30195520996624,0.0,0.0,0.0,0.0,0.0,0.0,0.0
10.0,6.08990449522476,0.0038688059967171,0.0038688059895214,0.99999251613848,0.99999251613848,49.4136210140104,0.0,49.97394907390403,0.0,45.59503991522719,0.0,45.30195513094982,0.0,0.0,0.0,0.0,0.0,0.0,0.0
10.0,6.09015450772539,0.0038688548212017,0.0038688548140077,0.999992515949586,0.999992515949585,49.41362099979159,0.0,49.973948699720935,0.0,45.59503991076118,0.0,45.30195505193024,0.0,0.0,0.0,0.0,0.0,0.0,0.0
10.0,6.09040452022601,0.0038689036470137,0.0038689036398213,0.999992515760684,0.999992515760683,49.41362098556793,0.0,49.97394832552328,0.0,45.595039906294986,0.0,45.30195497290749,0.0,0.0,0.0,0.0,0.0,0.0,0.0
10.0,6.09065453272664,0.0038689524741528,0.0038689524669621,0.999992515571774,0.999992515571773,49.41362097133942,0.0,49.97394795131106,0.0,45.595039901828606,0.0,45.30195489388156,0.0,0.0,0.0,0.0,0.0,0.0,0.0
10.0,6.09090454522726,0.0038690013026192,0.0038690012954301,0.999992515382857,0.999992515382856,49.41362095710608,0.0,49.973947577084274,0.0,45.59503989736204,0.0,45.30195481485247,0.0,0.0,0.0,0.0,0.0,0.0,0.0
10.0,6.09115455772789,0.0038690501324127,0.0038690501252253,0.999992515193932,0.999992515193932,49.4136209428679,0.0,49.97394720284292,0.0,45.59503989289527,0.0,45.30195473582019,0.0,0.0,0.0,0.0,0.0,0.0,0.0
10.0,6.09140457022851,0.0038690989635333,0.0038690989563475,0.999992515005,0.999992515004999,49.41362092862492,0.0,49.973946828587,0.0,45.59503988842833,0.0,45.30195465678475,0.0,0.0,0.0,0.0,0.0,0.0,0.0
10.0,6.09165458272914,0.0038691477959809,0.0038691477887967,0.99999251481606,0.999992514816059,49.41362091437711,0.0,49.97394645431652,0.0,45.59503988396121,0.0,45.30195457774614,0.0,0.0,0.0,0.0,0.0,0.0,0.0
10.0,6.09190459522976,0.0038691966297554,0.0038691966225729,0.9999925146271128,0.999992514627112,49.41362090012452,0.0,49.97394608003147,0.0,45.59503987949391,0.0,45.30195449870436,0.0,0.0,0.0,0.0,0.0,0.0,0.0
10.0,6.09215460773039,0.0038692454648569,0.003869245457676,0.999992514438158,0.9999925144381572,49.413620885867125,0.0,49.97394570573185,0.0,45.59503987502641,0.0,45.3019544196594,0.0,0.0,0.0,0.0,0.0,0.0,0.0
10.0,6.09240462023101,0.0038692943012851,0.003869294294106,0.999992514249196,0.999992514249195,49.41362087160497,0.0,49.97394533141767,0.0,45.59503987055872,0.0,45.30195434061128,0.0,0.0,0.0,0.0,0.0,0.0,0.0
10.0,6.09265463273164,0.0038693431390402,0.0038693431318627,0.999992514060226,0.9999925140602248,49.41362085733802,0.0,49.97394495708893,0.0,45.59503986609087,0.0,45.30195426155997,0.0,0.0,0.0,0.0,0.0,0.0,0.0
10.0,6.09290464523226,0.003869391978122,0.0038693919709462,0.9999925138712488,0.999992513871248,49.41362084306632,0.0,49.97394458274562,0.0,45.595039861622816,0.0,45.301954182505504,0.0,0.0,0.0,0.0,0.0,0.0,0.0
10.0,6.0931546577328906,0.0038694408185305,0.0038694408113563,0.999992513682264,0.999992513682263,49.41362082878985,0.0,49.97394420838774,0.0,45.595039857154575,0.0,45.30195410344786,0.0,0.0,0.0,0.0,0.0,0.0,0.0
10.0,6.09340467023351,0.0038694896602655,0.003869489653093,0.999992513493272,0.999992513493271,49.413620814508654,0.0,49.97394383401531,0.0,45.59503985268616,0.0,45.30195402438704,0.0,0.0,0.0,0.0,0.0,0.0,0.0
10.0,6.09365468273414,0.0038695385033272,0.0038695384961563,0.999992513304272,0.9999925133042712,49.41362080022272,0.0,49.973943459628295,0.0,45.595039848217546,0.0,45.301953945323056,0.0,0.0,0.0,0.0,0.0,0.0,0.0
10.0,6.09390469523476,0.0038695873477153,0.0038695873405461,0.999992513115264,0.999992513115263,49.413620785932046,0.0,49.97394308522673,0.0,45.59503984374875,0.0,45.3019538662559,0.0,0.0,0.0,0.0,0.0,0.0,0.0
10.0,6.09415470773539,0.0038696361934298,0.0038696361862623,0.999992512926249,0.999992512926249,49.41362077163666,0.0,49.97394271081059,0.0,45.59503983927978,0.0,45.30195378718558,0.0,0.0,0.0,0.0,0.0,0.0,0.0
10.0,6.09440472023601,0.0038696850404708,0.0038696850333049,0.999992512737227,0.999992512737226,49.41362075733656,0.0,49.97394233637989,0.0,45.59503983481061,0.0,45.30195370811208,0.0,0.0,0.0,0.0,0.0,0.0,0.0
10.0,6.09465473273664,0.0038697338888381,0.0038697338816738,0.999992512548197,0.999992512548196,49.41362074303176,0.0,49.97394196193464,0.0,45.595039830341264,0.0,45.30195362903541,0.0,0.0,0.0,0.0,0.0,0.0,0.0
10.0,6.09490474523726,0.0038697827385316,0.003869782731369,0.999992512359159,0.999992512359159,49.41362072872227,0.0,49.97394158747481,0.0,45.59503982587174,0.0,45.30195354995556,0.0,0.0,0.0,0.0,0.0,0.0,0.0
10.0,6.09515475773789,0.0038698315895513,0.0038698315823904,0.999992512170114,0.999992512170114,49.41362071440808,0.0,49.973941213000415,0.0,45.59503982140201,0.0,45.30195347087255,0.0,0.0,0.0,0.0,0.0,0.0,0.0
10.0,6.095404770238511,0.0038698804418972,0.003869880434738,0.999992511981062,0.999992511981061,49.413620700089226,0.0,49.97394083851146,0.0,45.59503981693211,0.0,45.30195339178636,0.0,0.0,0.0,0.0,0.0,0.0,0.0
10.0,6.09565478273914,0.0038699292955692,0.0038699292884116,0.999992511792002,0.999992511792001,49.41362068576571,0.0,49.973940464007946,0.0,45.595039812462026,0.0,45.301953312697,0.0,0.0,0.0,0.0,0.0,0.0,0.0
10.0,6.09590479523976,0.0038699781505672,0.0038699781434113,0.999992511602934,0.999992511602934,49.41362067143753,0.0,49.97394008948986,0.0,45.59503980799175,0.0,45.30195323360448,0.0,0.0,0.0,0.0,0.0,0.0,0.0
10.0,6.09615480774039,0.0038700270068912,0.003870026999737,0.999992511413859,0.999992511413859,49.4136206571047,0.0,49.97393971495721,0.0,45.595039803521296,0.0,45.30195315450878,0.0,0.0,0.0,0.0,0.0,0.0,0.0
10.0,6.09640482024101,0.0038700758645411,0.0038700758573885,0.999992511224777,0.999992511224776,49.41362064276723,0.0,49.973939340410006,0.0,45.59503979905064,0.0,45.30195307540991,0.0,0.0,0.0,0.0,0.0,0.0,0.0
10.0,6.09665483274164,0.0038701247235168,0.003870124716366,0.999992511035687,0.999992511035686,49.41362062842513,0.0,49.97393896584824,0.0,45.59503979457981,0.0,45.30195299630786,0.0,0.0,0.0,0.0,0.0,0.0,0.0
10.0,6.09690484524226,0.0038701735838184,0.0038701735766692,0.999992510846589,0.999992510846588,49.4136206140784,0.0,49.973938591271896,0.0,45.5950397901088,0.0,45.30195291720265,0.0,0.0,0.0,0.0,0.0,0.0,0.0
10.0,6.09715485774289,0.0038702224454457,0.0038702224382982,0.999992510657484,0.999992510657483,49.413620599727054,0.0,49.97393821668099,0.0,45.5950397856376,0.0,45.30195283809426,0.0,0.0,0.0,0.0,0.0,0.0,0.0
10.0,6.09740487024351,0.0038702713083987,0.0038702713012529,0.999992510468371,0.999992510468371,49.41362058537111,0.0,49.97393784207553,0.0,45.59503978116621,0.0,45.3019527589827,0.0,0.0,0.0,0.0,0.0,0.0,0.0
10.0,6.09765488274414,0.0038703201726773,0.0038703201655332,0.999992510279251,0.99999251027925,49.41362057101056,0.0,49.97393746745549,0.0,45.59503977669464,0.0,45.30195267986797,0.0,0.0,0.0,0.0,0.0,0.0,0.0
10.0,6.09790489524476,0.0038703690382816,0.003870369031139,0.9999925100901232,0.9999925100901232,49.41362055664541,0.0,49.97393709282091,0.0,45.59503977222288,0.0,45.30195260075007,0.0,0.0,0.0,0.0,0.0,0.0,0.0
10.0,6.09815490774539,0.0038704179052113,0.0038704178980704,0.999992509900988,0.999992509900988,49.41362054227569,0.0,49.97393671817175,0.0,45.59503976775095,0.0,45.301952521629005,0.0,0.0,0.0,0.0,0.0,0.0,0.0
10.0,6.09840492024601,0.0038704667734664,0.0038704667663273,0.999992509711846,0.999992509711845,49.41362052790139,0.0,49.97393634350804,0.0,45.59503976327882,0.0,45.30195244250476,0.0,0.0,0.0,0.0,0.0,0.0,0.0
10.0,6.098654932746639,0.003870515643047,0.0038705156359095,0.999992509522695,0.999992509522695,49.41362051352253,0.0,49.97393596882975,0.0,45.59503975880651,0.0,45.30195236337734,0.0,0.0,0.0,0.0,0.0,0.0,0.0
10.0,6.09890494524726,0.0038705645139529,0.0038705645068171,0.999992509333538,0.9999925093335368,49.4136204991391,0.0,49.97393559413691,0.0,45.595039754334,0.0,45.30195228424675,0.0,0.0,0.0,0.0,0.0,0.0,0.0
10.0,6.09915495774789,0.0038706133861841,0.00387061337905,0.999992509144372,0.999992509144372,49.41362048475114,0.0,49.97393521942952,0.0,45.59503974986132,0.0,45.301952205113,0.0,0.0,0.0,0.0,0.0,0.0,0.0
10.0,6.09940497024851,0.0038706622597406,0.0038706622526081,0.999992508955199,0.999992508955199,49.41362047035863,0.0,49.97393484470754,0.0,45.595039745388455,0.0,45.30195212597607,0.0,0.0,0.0,0.0,0.0,0.0,0.0
10.0,6.09965498274914,0.0038707111346222,0.0038707111274914,0.999992508766019,0.999992508766018,49.41362045596159,0.0,49.973934469971006,0.0,45.59503974091541,0.0,45.30195204683597,0.0,0.0,0.0,0.0,0.0,0.0,0.0
10.0,6.09990499524976,0.0038707600108289,0.0038707600036998,0.999992508576831,0.999992508576831,49.41362044156002,0.0,49.97393409521991,0.0,45.59503973644216,0.0,45.301951967692695,0.0,0.0,0.0,0.0,0.0,0.0,0.0
10.0,6.10015500775039,0.0038708088883606,0.0038708088812332,0.999992508387636,0.999992508387635,49.41362042715393,0.0,49.97393372045427,0.0,45.59503973196873,0.0,45.30195188854625,0.0,0.0,0.0,0.0,0.0,0.0,0.0
10.0,6.10040502025101,0.0038708577672174,0.0038708577600917,0.999992508198433,0.999992508198432,49.41362041274334,0.0,49.97393334567404,0.0,45.59503972749513,0.0,45.30195180939664,0.0,0.0,0.0,0.0,0.0,0.0,0.0
10.0,6.10065503275164,0.0038709066473991,0.0038709066402751,0.999992508009223,0.999992508009222,49.41362039832825,0.0,49.97393297087926,0.0,45.59503972302134,0.0,45.30195173024385,0.0,0.0,0.0,0.0,0.0,0.0,0.0
10.0,6.100905045252261,0.0038709555289057,0.0038709555217833,0.999992507820005,0.999992507820004,49.41362038390866,0.0,49.97393259606992,0.0,45.59503971854736,0.0,45.30195165108789,0.0,0.0,0.0,0.0,0.0,0.0,0.0
10.0,6.10115505775289,0.0038710044117371,0.0038710044046164,0.9999925076307792,0.999992507630779,49.4136203694846,0.0,49.97393222124602,0.0,45.5950397140732,0.0,45.30195157192877,0.0,0.0,0.0,0.0,0.0,0.0,0.0
10.0,6.10140507025351,0.0038710532958932,0.0038710532887743,0.999992507441546,0.999992507441546,49.41362035505605,0.0,49.97393184640755,0.0,45.59503970959884,0.0,45.30195149276646,0.0,0.0,0.0,0.0,0.0,0.0,0.0
10.0,6.10165508275414,0.0038711021813741,0.0038711021742568,0.999992507252306,0.999992507252305,49.41362034062304,0.0,49.97393147155453,0.0,45.5950397051243,0.0,45.30195141360099,0.0,0.0,0.0,0.0,0.0,0.0,0.0
10.0,6.10190509525476,0.0038711510681796,0.003871151061064,0.999992507063058,0.999992507063057,49.41362032618557,0.0,49.97393109668694,0.0,45.59503970064959,0.0,45.301951334432346,0.0,0.0,0.0,0.0,0.0,0.0,0.0
10.0,6.10215510775539,0.0038711999563098,0.0038711999491958,0.999992506873802,0.999992506873802,49.41362031174364,0.0,49.97393072180479,0.0,45.59503969617468,0.0,45.301951255260526,0.0,0.0,0.0,0.0,0.0,0.0,0.0
10.0,6.10240512025601,0.0038712488457644,0.0038712488386522,0.99999250668454,0.999992506684539,49.41362029729727,0.0,49.97393034690807,0.0,45.59503969169959,0.0,45.301951176085545,0.0,0.0,0.0,0.0,0.0,0.0,0.0
10.0,6.10265513275664,0.0038712977365435,0.003871297729433,0.999992506495269,0.999992506495268,49.41362028284647,0.0,49.9739299719968,0.0,45.59503968722432,0.0,45.30195109690739,0.0,0.0,0.0,0.0,0.0,0.0,0.0
10.0,6.10290514525726,0.0038713466286471,0.0038713466215382,0.999992506305991,0.99999250630599,49.413620268391234,0.0,49.97392959707096,0.0,45.59503968274885,0.0,45.30195101772606,0.0,0.0,0.0,0.0,0.0,0.0,0.0
10.0,6.10315515775789,0.003871395522075,0.0038713955149678,0.999992506116706,0.999992506116705,49.41362025393158,0.0,49.97392922213058,0.0,45.59503967827321,0.0,45.301950938541566,0.0,0.0,0.0,0.0,0.0,0.0,0.0
10.0,6.10340517025851,0.0038714444168272,0.0038714444097217,0.999992505927412,0.999992505927412,49.41362023946751,0.0,49.97392884717562,0.0,45.59503967379738,0.0,45.30195085935389,0.0,0.0,0.0,0.0,0.0,0.0,0.0
10.0,6.10365518275914,0.0038714933129037,0.0038714933057999,0.999992505738112,0.999992505738111,49.41362022499904,0.0,49.9739284722061,0.0,45.59503966932136,0.0,45.301950780163054,0.0,0.0,0.0,0.0,0.0,0.0,0.0
10.0,6.10390519525976,0.0038715422103043,0.0038715422032022,0.999992505548804,0.999992505548803,49.413620210526176,0.0,49.97392809722202,0.0,45.595039664845146,0.0,45.30195070096904,0.0,0.0,0.0,0.0,0.0,0.0,0.0
10.0,6.104155207760389,0.0038715911090291,0.0038715911019287,0.999992505359488,0.999992505359487,49.41362019604892,0.0,49.97392772222339,0.0,45.59503966036876,0.0,45.30195062177185,0.0,0.0,0.0,0.0,0.0,0.0,0.0
10.0,6.10440522026101,0.0038716400090779,0.0038716400019793,0.999992505170165,0.999992505170164,49.41362018156728,0.0,49.973927347210186,0.0,45.59503965589219,0.0,45.3019505425715,0.0,0.0,0.0,0.0,0.0,0.0,0.0
10.0,6.10465523276164,0.0038716889104508,0.0038716889033538,0.999992504980834,0.999992504980834,49.41362016708127,0.0,49.97392697218242,0.0,45.59503965141543,0.0,45.301950463367966,0.0,0.0,0.0,0.0,0.0,0.0,0.0
10.0,6.10490524526226,0.0038717378131477,0.0038717378060523,0.999992504791496,0.999992504791496,49.413620152590894,0.0,49.9739265971401,0.0,45.59503964693849,0.0,45.30195038416127,0.0,0.0,0.0,0.0,0.0,0.0,0.0
10.0,6.10515525776289,0.0038717867171684,0.0038717867100748,0.99999250460215,0.99999250460215,49.41362013809616,0.0,49.973926222083215,0.0,45.59503964246136,0.0,45.3019503049514,0.0,0.0,0.0,0.0,0.0,0.0,0.0
10.0,6.10540527026351,0.003871835622513,0.003871835615421,0.999992504412797,0.999992504412796,49.41362012359707,0.0,49.97392584701178,0.0,45.59503963798405,0.0,45.30195022573836,0.0,0.0,0.0,0.0,0.0,0.0,0.0
10.0,6.10565528276414,0.0038718845291813,0.0038718845220911,0.999992504223437,0.999992504223436,49.41362010909364,0.0,49.973925471925774,0.0,45.59503963350654,0.0,45.30195014652215,0.0,0.0,0.0,0.0,0.0,0.0,0.0
10.0,6.10590529526476,0.0038719334371734,0.0038719334300849,0.999992504034068,0.999992504034068,49.413620094585866,0.0,49.97392509682521,0.0,45.59503962902886,0.0,45.30195006730276,0.0,0.0,0.0,0.0,0.0,0.0,0.0
10.0,6.10615530776539,0.0038719823464892,0.0038719823394023,0.999992503844693,0.999992503844692,49.41362008007377,0.0,49.97392472171009,0.0,45.595039624550985,0.0,45.3019499880802,0.0,0.0,0.0,0.0,0.0,0.0,0.0
10.0,6.106405320266009,0.0038720312571285,0.0038720312500434,0.9999925036553092,0.999992503655308,49.41362006555736,0.0,49.9739243465804,0.0,45.59503962007294,0.0,45.30194990885448,0.0,0.0,0.0,0.0,0.0,0.0,0.0
10.0,6.10665533276664,0.0038720801690915,0.003872080162008,0.999992503465919,0.999992503465918,49.41362005103663,0.0,49.97392397143616,0.0,45.59503961559469,0.0,45.30194982962559,0.0,0.0,0.0,0.0,0.0,0.0,0.0
10.0,6.10690534526726,0.0038721290823779,0.0038721290752962,0.99999250327652,0.999992503276519,49.4136200365116,0.0,49.97392359627736,0.0,45.59503961111627,0.0,45.30194975039351,0.0,0.0,0.0,0.0,0.0,0.0,0.0
10.0,6.10715535776789,0.0038721779969877,0.0038721779899077,0.999992503087114,0.999992503087114,49.41362002198227,0.0,49.973923221104,0.0,45.59503960663766,0.0,45.30194967115827,0.0,0.0,0.0,0.0,0.0,0.0,0.0
10.0,6.10740537026851,0.003872226912921,0.0038722269058427,0.999992502897701,0.9999925028977,49.41362000744865,0.0,49.97392284591607,0.0,45.595039602158856,0.0,45.30194959191986,0.0,0.0,0.0,0.0,0.0,0.0,0.0
10.0,6.10765538276914,0.0038722758301776,0.0038722758231009,0.99999250270828,0.999992502708279,49.413619992910746,0.0,49.9739224707136,0.0,45.59503959767988,0.0,45.30194951267828,0.0,0.0,0.0,0.0,0.0,0.0,0.0
10.0,6.10790539526976,0.0038723247487574,0.0038723247416825,0.999992502518852,0.999992502518851,49.41361997836856,0.0,49.97392209549656,0.0,45.59503959320072,0.0,45.30194943343352,0.0,0.0,0.0,0.0,0.0,0.0,0.0
10.0,6.10815540777039,0.0038723736686604,0.0038723736615872,0.999992502329416,0.999992502329415,49.413619963822114,0.0,49.97392172026496,0.0,45.59503958872136,0.0,45.3019493541856,0.0,0.0,0.0,0.0,0.0,0.0,0.0
10.0,6.10840542027101,0.0038724225898866,0.0038724225828151,0.999992502139972,0.999992502139972,49.41361994927141,0.0,49.9739213450188,0.0,45.59503958424183,0.0,45.30194927493451,0.0,0.0,0.0,0.0,0.0,0.0,0.0
10.0,6.10865543277164,0.0038724715124359,0.0038724715053661,0.999992501950521,0.999992501950521,49.41361993471644,0.0,49.97392096975808,0.0,45.5950395797621,0.0,45.30194919568024,0.0,0.0,0.0,0.0,0.0,0.0,0.0
10.0,6.10890544527226,0.0038725204363083,0.0038725204292402,0.999992501761063,0.999992501761062,49.41361992015724,0.0,49.973920594482806,0.0,45.59503957528219,0.0,45.3019491164228,0.0,0.0,0.0,0.0,0.0,0.0,0.0
10.0,6.10915545777289,0.0038725693615036,0.0038725693544372,0.999992501571597,0.999992501571596,49.41361990559378,0.0,49.97392021919297,0.0,45.5950395708021,0.0,45.3019490371622,0.0,0.0,0.0,0.0,0.0,0.0,0.0
10.0,6.10940547027351,0.0038726182880218,0.0038726182809571,0.999992501382124,0.999992501382123,49.41361989102611,0.0,49.973919843888574,0.0,45.59503956632182,0.0,45.30194895789841,0.0,0.0,0.0,0.0,0.0,0.0,0.0
10.0,6.10965548277414,0.0038726672158629,0.0038726672087999,0.999992501192643,0.999992501192642,49.4136198764542,0.0,49.97391946856962,0.0,45.59503956184135,0.0,45.30194887863146,0.0,0.0,0.0,0.0,0.0,0.0,0.0
10.0,6.10990549527476,0.0038727161450268,0.0038727161379655,0.999992501003154,0.999992501003154,49.41361986187808,0.0,49.973919093236105,0.0,45.59503955736071,0.0,45.30194879936133,0.0,0.0,0.0,0.0,0.0,0.0,0.0
10.0,6.11015550777539,0.0038727650755134,0.0038727650684539,0.999992500813658,0.9999925008136568,49.41361984729775,0.0,49.97391871788804,0.0,45.59503955287987,0.0,45.30194872008804,0.0,0.0,0.0,0.0,0.0,0.0,0.0
10.0,6.11040552027601,0.0038728140073228,0.0038728140002649,0.999992500624155,0.999992500624154,49.41361983271322,0.0,49.9739183425254,0.0,45.59503954839885,0.0,45.30194864081157,0.0,0.0,0.0,0.0,0.0,0.0,0.0
10.0,6.11065553277664,0.0038728629404547,0.0038728629333986,0.999992500434644,0.999992500434643,49.41361981812449,0.0,49.97391796714822,0.0,45.59503954391765,0.0,45.30194856153194,0.0,0.0,0.0,0.0,0.0,0.0,0.0
10.0,6.11090554527726,0.0038729118749093,0.0038729118678549,0.999992500245125,0.999992500245124,49.41361980353157,0.0,49.97391759175648,0.0,45.59503953943626,0.0,45.30194848224913,0.0,0.0,0.0,0.0,0.0,0.0,0.0
10.0,6.11115555777789,0.0038729608106863,0.0038729608036337,0.999992500055599,0.999992500055598,49.41361978893447,0.0,49.97391721635016,0.0,45.59503953495468,0.0,45.30194840296315,0.0,0.0,0.0,0.0,0.0,0.0,0.0
10.0,6.11140557027851,0.0038730097477859,0.0038730097407349,0.999992499866065,0.999992499866065,49.4136197743332,0.0,49.973916840929306,0.0,45.59503953047292,0.0,45.301948323674,0.0,0.0,0.0,0.0,0.0,0.0,0.0
10.0,6.11165558277914,0.0038730586862078,0.0038730586791586,0.999992499676524,0.999992499676524,49.41361975972776,0.0,49.973916465493886,0.0,45.59503952599097,0.0,45.30194824438168,0.0,0.0,0.0,0.0,0.0,0.0,0.0
10.0,6.11190559527976,0.0038731076259521,0.0038731076189045,0.999992499486976,0.9999924994869748,49.41361974511816,0.0,49.97391609004391,0.0,45.59503952150884,0.0,45.3019481650862,0.0,0.0,0.0,0.0,0.0,0.0,0.0
10.0,6.11215560778039,0.0038731565670186,0.0038731565599728,0.999992499297419,0.999992499297419,49.41361973050441,0.0,49.97391571457936,0.0,45.59503951702653,0.0,45.30194808578752,0.0,0.0,0.0,0.0,0.0,0.0,0.0
10.0,6.11240562028101,0.0038732055094074,0.0038732055023633,0.999992499107856,0.9999924991078548,49.41361971588651,0.0,49.97391533910028,0.0,45.59503951254402,0.0,45.301948006485695,0.0,0.0,0.0,0.0,0.0,0.0,0.0
10.0,6.11265563278164,0.0038732544531184,0.003873254446076,0.999992498918284,0.999992498918284,49.41361970126447,0.0,49.97391496360662,0.0,45.59503950806133,0.0,45.30194792718069,0.0,0.0,0.0,0.0,0.0,0.0,0.0
10.0,6.11290564528226,0.0038733033981515,0.0038733033911108,0.999992498728706,0.9999924987287048,49.41361968663831,0.0,49.97391458809841,0.0,45.59503950357847,0.0,45.30194784787251,0.0,0.0,0.0,0.0,0.0,0.0,0.0
10.0,6.11315565778289,0.0038733523445066,0.0038733523374677,0.99999249853912,0.999992498539119,49.41361967200801,0.0,49.97391421257564,0.0,45.59503949909541,0.0,45.30194776856116,0.0,0.0,0.0,0.0,0.0,0.0,0.0
10.0,6.11340567028351,0.0038734012921837,0.0038734012851465,0.999992498349526,0.999992498349525,49.4136196573736,0.0,49.97391383703832,0.0,45.595039494612166,0.0,45.301947689246646,0.0,0.0,0.0,0.0,0.0,0.0,0.0
10.0,6.11365568278414,0.0038734502411828,0.0038734502341473,0.999992498159925,0.999992498159924,49.41361964273508,0.0,49.97391346148644,0.0,45.59503949012874,0.0,45.30194760992895,0.0,0.0,0.0,0.0,0.0,0.0,0.0
10.0,6.11390569528476,0.0038734991915038,0.00387349918447,0.999992497970316,0.9999924979703152,49.41361962809245,0.0,49.97391308592001,0.0,45.59503948564512,0.0,45.30194753060809,0.0,0.0,0.0,0.0,0.0,0.0,0.0
10.0,6.11415570778539,0.0038735481431466,0.0038735481361145,0.999992497780699,0.999992497780699,49.41361961344573,0.0,49.97391271033901,0.0,45.59503948116132,0.0,45.30194745128407,0.0,0.0,0.0,0.0,0.0,0.0,0.0
10.0,6.11440572028601,0.0038735970961111,0.0038735970890808,0.999992497591076,0.999992497591075,49.41361959879491,0.0,49.97391233474345,0.0,45.595039476677336,0.0,45.30194737195686,0.0,0.0,0.0,0.0,0.0,0.0,0.0
10.0,6.11465573278664,0.0038736460503974,0.0038736460433688,0.999992497401444,0.999992497401444,49.413619584140015,0.0,49.97391195913335,0.0,45.59503947219317,0.0,45.30194729262649,0.0,0.0,0.0,0.0,0.0,0.0,0.0
10.0,6.11490574528726,0.0038736950060053,0.0038736949989784,0.999992497211806,0.9999924972118048,49.41361956948104,0.0,49.973911583508674,0.0,45.59503946770882,0.0,45.30194721329294,0.0,0.0,0.0,0.0,0.0,0.0,0.0
10.0,6.11515575778789,0.0038737439629348,0.0038737439559097,0.999992497022159,0.999992497022159,49.41361955481799,0.0,49.973911207869456,0.0,45.59503946322428,0.0,45.30194713395622,0.0,0.0,0.0,0.0,0.0,0.0,0.0
10.0,6.11540577028851,0.0038737929211859,0.0038737929141625,0.999992496832506,0.999992496832505,49.41361954015089,0.0,49.97391083221567,0.0,45.59503945873955,0.0,45.30194705461634,0.0,0.0,0.0,0.0,0.0,0.0,0.0
10.0,6.11565578278914,0.0038738418807584,0.0038738418737367,0.999992496642844,0.999992496642843,49.41361952547973,0.0,49.97391045654734,0.0,45.59503945425464,0.0,45.30194697527328,0.0,0.0,0.0,0.0,0.0,0.0,0.0
10.0,6.11590579528976,0.0038738908416524,0.0038738908346324,0.999992496453175,0.999992496453174,49.4136195108045,0.0,49.97391008086444,0.0,45.59503944976954,0.0,45.30194689592705,0.0,0.0,0.0,0.0,0.0,0.0,0.0
10.0,6.11615580779039,0.0038739398038677,0.0038739397968495,0.999992496263499,0.999992496263498,49.41361949612526,0.0,49.97390970516699,0.0,45.59503944528427,0.0,45.30194681657765,0.0,0.0,0.0,0.0,0.0,0.0,0.0
10.0,6.11640582029101,0.0038739887674044,0.0038739887603879,0.999992496073815,0.999992496073814,49.41361948144196,0.0,49.97390932945499,0.0,45.59503944079879,0.0,45.30194673722509,0.0,0.0,0.0,0.0,0.0,0.0,0.0
10.0,6.116655832791641,0.0038740377322623,0.0038740377252475,0.999992495884124,0.999992495884123,49.41361946675464,0.0,49.97390895372843,0.0,45.59503943631314,0.0,45.30194665786934,0.0,0.0,0.0,0.0,0.0,0.0,0.0
10.0,6.11690584529226,0.0038740866984413,0.0038740866914283,0.9999924956944248,0.999992495694424,49.41361945206329,0.0,49.97390857798732,0.0,45.59503943182732,0.0,45.301946578510425,0.0,0.0,0.0,0.0,0.0,0.0,0.0
10.0,6.11715585779289,0.0038741356659416,0.0038741356589303,0.999992495504718,0.9999924955047172,49.41361943736793,0.0,49.973908202231634,0.0,45.59503942734129,0.0,45.30194649914834,0.0,0.0,0.0,0.0,0.0,0.0,0.0
10.0,6.11740587029351,0.0038741846347629,0.0038741846277533,0.999992495315004,0.999992495315003,49.41361942266856,0.0,49.97390782646141,0.0,45.59503942285508,0.0,45.30194641978309,0.0,0.0,0.0,0.0,0.0,0.0,0.0
10.0,6.11765588279414,0.0038742336049052,0.0038742335978973,0.999992495125283,0.999992495125282,49.41361940796518,0.0,49.97390745067663,0.0,45.595039418368685,0.0,45.301946340414666,0.0,0.0,0.0,0.0,0.0,0.0,0.0
10.0,6.11790589529476,0.0038742825763685,0.0038742825693624,0.999992494935554,0.999992494935553,49.41361939325781,0.0,49.97390707487729,0.0,45.595039413882105,0.0,45.30194626104307,0.0,0.0,0.0,0.0,0.0,0.0,0.0
10.0,6.11815590779539,0.0038743315491527,0.0038743315421483,0.9999924947458168,0.999992494745816,49.41361937854645,0.0,49.97390669906338,0.0,45.59503940939535,0.0,45.3019461816683,0.0,0.0,0.0,0.0,0.0,0.0,0.0
10.0,6.11840592029601,0.0038743805232577,0.0038743805162551,0.999992494556073,0.999992494556072,49.41361936383111,0.0,49.97390632323494,0.0,45.59503940490839,0.0,45.301946102290366,0.0,0.0,0.0,0.0,0.0,0.0,0.0
10.0,6.11865593279664,0.0038744294986835,0.0038744294916826,0.999992494366322,0.999992494366321,49.41361934911178,0.0,49.97390594739193,0.0,45.595039400421264,0.0,45.301946022909256,0.0,0.0,0.0,0.0,0.0,0.0,0.0
10.0,6.11890594529726,0.0038744784754301,0.0038744784684309,0.999992494176562,0.999992494176561,49.41361933438849,0.0,49.97390557153437,0.0,45.595039395933945,0.0,45.30194594352498,0.0,0.0,0.0,0.0,0.0,0.0,0.0
10.0,6.11915595779789,0.0038745274534973,0.0038745274464999,0.999992493986796,0.999992493986795,49.41361931966124,0.0,49.97390519566225,0.0,45.59503939144645,0.0,45.30194586413753,0.0,0.0,0.0,0.0,0.0,0.0,0.0
10.0,6.11940597029852,0.0038745764328852,0.0038745764258895,0.9999924937970222,0.999992493797021,49.41361930493003,0.0,49.973904819775576,0.0,45.59503938695875,0.0,45.3019457847469,0.0,0.0,0.0,0.0,0.0,0.0,0.0
10.0,6.11965598279914,0.0038746254135936,0.0038746254065997,0.99999249360724,0.999992493607239,49.41361929019486,0.0,49.97390444387435,0.0,45.59503938247087,0.0,45.30194570535311,0.0,0.0,0.0,0.0,0.0,0.0,0.0
10.0,6.11990599529976,0.0038746743956225,0.0038746743886303,0.999992493417451,0.99999249341745,49.41361927545575,0.0,49.97390406795856,0.0,45.59503937798282,0.0,45.301945625956144,0.0,0.0,0.0,0.0,0.0,0.0,0.0
10.0,6.12015600780039,0.0038747233789719,0.0038747233719814,0.9999924932276542,0.999992493227653,49.41361926071271,0.0,49.97390369202822,0.0,45.59503937349457,0.0,45.30194554655601,0.0,0.0,0.0,0.0,0.0,0.0,0.0
10.0,6.12040602030102,0.0038747723636416,0.0038747723566529,0.99999249303785,0.999992493037849,49.41361924596572,0.0,49.97390331608334,0.0,45.59503936900614,0.0,45.30194546715271,0.0,0.0,0.0,0.0,0.0,0.0,0.0
10.0,6.12065603280164,0.0038748213496317,0.0038748213426447,0.999992492848038,0.999992492848038,49.41361923121483,0.0,49.97390294012389,0.0,45.595039364517525,0.0,45.30194538774623,0.0,0.0,0.0,0.0,0.0,0.0,0.0
10.0,6.12090604530226,0.0038748703369421,0.0038748703299568,0.999992492658219,0.999992492658218,49.41361921646,0.0,49.97390256414989,0.0,45.59503936002872,0.0,45.301945308336585,0.0,0.0,0.0,0.0,0.0,0.0,0.0
10.0,6.12115605780289,0.0038749193255726,0.0038749193185891,0.999992492468392,0.9999924924683918,49.41361920170127,0.0,49.973902188161325,0.0,45.59503935553974,0.0,45.30194522892376,0.0,0.0,0.0,0.0,0.0,0.0,0.0
10.0,6.12140607030351,0.0038749683155234,0.0038749683085416,0.999992492278558,0.999992492278558,49.41361918693863,0.0,49.97390181215823,0.0,45.595039351050566,0.0,45.301945149507766,0.0,0.0,0.0,0.0,0.0,0.0,0.0
10.0,6.12165608280414,0.0038750173067942,0.0038750172998142,0.999992492088716,0.999992492088716,49.41361917217208,0.0,49.97390143614056,0.0,45.59503934656121,0.0,45.30194507008861,0.0,0.0,0.0,0.0,0.0,0.0,0.0
10.0,6.12190609530477,0.0038750662993851,0.0038750662924068,0.999992491898867,0.9999924918988669,49.413619157401655,0.0,49.97390106010833,0.0,45.59503934207167,0.0,45.30194499066628,0.0,0.0,0.0,0.0,0.0,0.0,0.0
10.0,6.122156107805389,0.0038751152932959,0.0038751152863194,0.9999924917090098,0.9999924917090098,49.41361914262733,0.0,49.97390068406157,0.0,45.59503933758194,0.0,45.30194491124077,0.0,0.0,0.0,0.0,0.0,0.0,0.0
10.0,6.12240612030601,0.0038751642885267,0.0038751642815519,0.999992491519146,0.999992491519146,49.41361912784913,0.0,49.97390030800023,0.0,45.59503933309203,0.0,45.30194483181211,0.0,0.0,0.0,0.0,0.0,0.0,0.0
10.0,6.12265613280664,0.0038752132850773,0.0038752132781043,0.999992491329274,0.999992491329274,49.41361911306706,0.0,49.97389993192435,0.0,45.59503932860193,0.0,45.301944752380265,0.0,0.0,0.0,0.0,0.0,0.0,0.0
10.0,6.12290614530727,0.0038752622829478,0.0038752622759765,0.999992491139395,0.999992491139394,49.41361909828111,0.0,49.97389955583392,0.0,45.59503932411164,0.0,45.30194467294525,0.0,0.0,0.0,0.0,0.0,0.0,0.0
10.0,6.12315615780789,0.003875311282138,0.0038753112751685,0.999992490949508,0.999992490949507,49.4136190834913,0.0,49.97389917972893,0.0,45.59503931962118,0.0,45.301944593507066,0.0,0.0,0.0,0.0,0.0,0.0,0.0
10.0,6.12340617030852,0.0038753602826479,0.0038753602756802,0.999992490759614,0.999992490759613,49.41361906869763,0.0,49.97389880360939,0.0,45.59503931513053,0.0,45.30194451406571,0.0,0.0,0.0,0.0,0.0,0.0,0.0
10.0,6.12365618280914,0.0038754092844775,0.0038754092775115,0.999992490569712,0.999992490569712,49.41361905390011,0.0,49.9738984274753,0.0,45.595039310639685,0.0,45.301944434621184,0.0,0.0,0.0,0.0,0.0,0.0,0.0
10.0,6.12390619530976,0.0038754582876266,0.0038754582806624,0.999992490379803,0.999992490379802,49.41361903909874,0.0,49.97389805132665,0.0,45.59503930614866,0.0,45.30194435517349,0.0,0.0,0.0,0.0,0.0,0.0,0.0
10.0,6.12415620781039,0.0038755072920953,0.0038755072851328,0.999992490189886,0.999992490189885,49.41361902429355,0.0,49.97389767516345,0.0,45.59503930165745,0.0,45.30194427572261,0.0,0.0,0.0,0.0,0.0,0.0,0.0
10.0,6.12440622031102,0.0038755562978834,0.0038755562909227,0.999992489999961,0.999992489999961,49.41361900948452,0.0,49.97389729898569,0.0,45.59503929716605,0.0,45.30194419626857,0.0,0.0,0.0,0.0,0.0,0.0,0.0
10.0,6.12465623281164,0.003875605304991,0.003875605298032,0.99999248981003,0.999992489810029,49.41361899467167,0.0,49.97389692279338,0.0,45.59503929267447,0.0,45.30194411681137,0.0,0.0,0.0,0.0,0.0,0.0,0.0
10.0,6.12490624531227,0.0038756543134179,0.0038756543064606,0.99999248962009,0.9999924896200888,49.41361897985499,0.0,49.97389654658652,0.0,45.59503928818271,0.0,45.301944037350985,0.0,0.0,0.0,0.0,0.0,0.0,0.0
10.0,6.12515625781289,0.003875703323164,0.0038757033162086,0.999992489430143,0.999992489430142,49.41361896503451,0.0,49.97389617036511,0.0,45.59503928369075,0.0,45.30194395788744,0.0,0.0,0.0,0.0,0.0,0.0,0.0
10.0,6.12540627031352,0.0038757523342295,0.0038757523272757,0.9999924892401888,0.999992489240188,49.41361895021021,0.0,49.973895794129135,0.0,45.59503927919862,0.0,45.30194387842072,0.0,0.0,0.0,0.0,0.0,0.0,0.0
10.0,6.12565628281414,0.0038758013466141,0.0038758013396621,0.999992489050227,0.999992489050226,49.41361893538211,0.0,49.973895417878616,0.0,45.595039274706295,0.0,45.30194379895082,0.0,0.0,0.0,0.0,0.0,0.0,0.0
10.0,6.12590629531477,0.0038758503603178,0.0038758503533676,0.999992488860257,0.999992488860256,49.41361892055022,0.0,49.973895041613545,0.0,45.5950392702138,0.0,45.30194371947776,0.0,0.0,0.0,0.0,0.0,0.0,0.0
10.0,6.12615630781539,0.0038758993753406,0.0038758993683921,0.99999248867028,0.999992488670279,49.413618905714536,0.0,49.97389466533392,0.0,45.5950392657211,0.0,45.301943640001525,0.0,0.0,0.0,0.0,0.0,0.0,0.0
10.0,6.12640632031601,0.0038759483916824,0.0038759483847357,0.999992488480296,0.9999924884802948,49.41361889087506,0.0,49.97389428903974,0.0,45.59503926122822,0.0,45.301943560522126,0.0,0.0,0.0,0.0,0.0,0.0,0.0
10.0,6.12665633281664,0.0038759974093431,0.0038759974023982,0.999992488290304,0.999992488290303,49.41361887603183,0.0,49.97389391273101,0.0,45.59503925673516,0.0,45.30194348103954,0.0,0.0,0.0,0.0,0.0,0.0,0.0
10.0,6.12690634531727,0.0038760464283228,0.0038760464213796,0.999992488100304,0.999992488100303,49.4136188611848,0.0,49.97389353640772,0.0,45.59503925224191,0.0,45.30194340155379,0.0,0.0,0.0,0.0,0.0,0.0,0.0
10.0,6.12715635781789,0.0038760954486212,0.0038760954416798,0.999992487910297,0.999992487910296,49.41361884633403,0.0,49.973893160069885,0.0,45.59503924774848,0.0,45.30194332206488,0.0,0.0,0.0,0.0,0.0,0.0,0.0
10.0,6.12740637031852,0.0038761444702385,0.0038761444632988,0.999992487720283,0.999992487720282,49.41361883147949,0.0,49.9738927837175,0.0,45.59503924325486,0.0,45.30194324257279,0.0,0.0,0.0,0.0,0.0,0.0,0.0
10.0,6.127656382819139,0.0038761934931744,0.0038761934862365,0.99999248753026,0.99999248753026,49.41361881662119,0.0,49.97389240735056,0.0,45.59503923876105,0.0,45.30194316307753,0.0,0.0,0.0,0.0,0.0,0.0,0.0
10.0,6.12790639531977,0.0038762425174291,0.0038762425104929,0.9999924873402308,0.99999248734023,49.41361880175915,0.0,49.97389203096907,0.0,45.59503923426707,0.0,45.301943083579104,0.0,0.0,0.0,0.0,0.0,0.0,0.0
10.0,6.12815640782039,0.0038762915430023,0.0038762915360679,0.999992487150194,0.999992487150193,49.41361878689335,0.0,49.97389165457303,0.0,45.595039229772894,0.0,45.3019430040775,0.0,0.0,0.0,0.0,0.0,0.0,0.0
10.0,6.12840642032102,0.0038763405698941,0.0038763405629615,0.999992486960149,0.999992486960148,49.41361877202383,0.0,49.973891278162434,0.0,45.59503922527853,0.0,45.30194292457273,0.0,0.0,0.0,0.0,0.0,0.0,0.0
10.0,6.12865643282164,0.0038763895981043,0.0038763895911735,0.999992486770097,0.999992486770096,49.41361875715058,0.0,49.973890901737285,0.0,45.59503922078398,0.0,45.3019428450648,0.0,0.0,0.0,0.0,0.0,0.0,0.0
10.0,6.12890644532227,0.003876438627633,0.003876438620704,0.9999924865800368,0.999992486580036,49.4136187422736,0.0,49.973890525297584,0.0,45.59503921628926,0.0,45.30194276555368,0.0,0.0,0.0,0.0,0.0,0.0,0.0
10.0,6.12915645782289,0.0038764876584801,0.0038764876515528,0.99999248638997,0.999992486389969,49.41361872739291,0.0,49.97389014884334,0.0,45.59503921179434,0.0,45.3019426860394,0.0,0.0,0.0,0.0,0.0,0.0,0.0
10.0,6.12940647032352,0.0038765366906455,0.00387653668372,0.9999924861998948,0.999992486199894,49.413618712508494,0.0,49.97388977237453,0.0,45.59503920729925,0.0,45.30194260652195,0.0,0.0,0.0,0.0,0.0,0.0,0.0
10.0,6.12965648282414,0.0038765857241292,0.0038765857172054,0.999992486009813,0.999992486009812,49.413618697620365,0.0,49.97388939589119,0.0,45.59503920280395,0.0,45.30194252700132,0.0,0.0,0.0,0.0,0.0,0.0,0.0
10.0,6.12990649532477,0.003876634758931,0.003876634752009,0.9999924858197232,0.9999924858197232,49.41361868272855,0.0,49.97388901939328,0.0,45.59503919830848,0.0,45.30194244747752,0.0,0.0,0.0,0.0,0.0,0.0,0.0
10.0,6.13015650782539,0.003876683795051,0.0038766837881308,0.9999924856296258,0.9999924856296248,49.41361866783304,0.0,49.97388864288083,0.0,45.59503919381282,0.0,45.30194236795056,0.0,0.0,0.0,0.0,0.0,0.0,0.0
10.0,6.13040652032602,0.0038767328324891,0.0038767328255706,0.999992485439521,0.999992485439521,49.41361865293382,0.0,49.97388826635383,0.0,45.595039189316985,0.0,45.30194228842042,0.0,0.0,0.0,0.0,0.0,0.0,0.0
10.0,6.13065653282664,0.0038767818712452,0.0038767818643285,0.999992485249409,0.999992485249408,49.41361863803094,0.0,49.97388788981226,0.0,45.59503918482095,0.0,45.30194220888712,0.0,0.0,0.0,0.0,0.0,0.0,0.0
10.0,6.13090654532727,0.0038768309113193,0.0038768309044044,0.9999924850592892,0.999992485059289,49.41361862312437,0.0,49.97388751325616,0.0,45.59503918032475,0.0,45.30194212935064,0.0,0.0,0.0,0.0,0.0,0.0,0.0
10.0,6.13115655782789,0.0038768799527113,0.0038768799457981,0.999992484869162,0.999992484869161,49.41361860821412,0.0,49.97388713668551,0.0,45.59503917582835,0.0,45.30194204981101,0.0,0.0,0.0,0.0,0.0,0.0,0.0
10.0,6.13140657032852,0.0038769289954211,0.0038769289885098,0.999992484679027,0.999992484679027,49.41361859330021,0.0,49.97388676010029,0.0,45.59503917133176,0.0,45.301941970268174,0.0,0.0,0.0,0.0,0.0,0.0,0.0
10.0,6.13165658282914,0.0038769780394488,0.0038769780325392,0.999992484488885,0.999992484488884,49.41361857838263,0.0,49.973886383500535,0.0,45.595039166834994,0.0,45.30194189072218,0.0,0.0,0.0,0.0,0.0,0.0,0.0
10.0,6.13190659532977,0.0038770270847942,0.0038770270778864,0.9999924842987352,0.999992484298734,49.4136185634614,0.0,49.97388600688623,0.0,45.59503916233804,0.0,45.30194181117303,0.0,0.0,0.0,0.0,0.0,0.0,0.0
10.0,6.13215660783039,0.0038770761314573,0.0038770761245512,0.999992484108578,0.999992484108577,49.413618548536526,0.0,49.97388563025736,0.0,45.5950391578409,0.0,45.3019417316207,0.0,0.0,0.0,0.0,0.0,0.0,0.0
10.0,6.132406620331021,0.003877125179438,0.0038771251725337,0.999992483918413,0.999992483918412,49.41361853360798,0.0,49.97388525361395,0.0,45.59503915334358,0.0,45.3019416520652,0.0,0.0,0.0,0.0,0.0,0.0,0.0
10.0,6.13265663283164,0.0038771742287363,0.0038771742218338,0.99999248372824,0.99999248372824,49.41361851867583,0.0,49.97388487695599,0.0,45.59503914884607,0.0,45.30194157250652,0.0,0.0,0.0,0.0,0.0,0.0,0.0
10.0,6.13290664533227,0.003877223279352,0.0038772232724513,0.999992483538061,0.99999248353806,49.41361850374002,0.0,49.97388450028348,0.0,45.59503914434838,0.0,45.301941492944685,0.0,0.0,0.0,0.0,0.0,0.0,0.0
10.0,6.13315665783289,0.0038772723312853,0.0038772723243863,0.999992483347873,0.999992483347872,49.41361848880059,0.0,49.97388412359642,0.0,45.5950391398505,0.0,45.30194141337967,0.0,0.0,0.0,0.0,0.0,0.0,0.0
10.0,6.13340667033352,0.0038773213845359,0.0038773213776388,0.999992483157678,0.999992483157677,49.41361847385753,0.0,49.973883746894806,0.0,45.59503913535243,0.0,45.301941333811484,0.0,0.0,0.0,0.0,0.0,0.0,0.0
10.0,6.13365668283414,0.0038773704391039,0.0038773704322085,0.999992482967476,0.999992482967475,49.41361845891086,0.0,49.973883370178655,0.0,45.59503913085418,0.0,45.30194125424013,0.0,0.0,0.0,0.0,0.0,0.0,0.0
10.0,6.13390669533477,0.0038774194949892,0.0038774194880955,0.999992482777266,0.999992482777265,49.41361844396058,0.0,49.97388299344794,0.0,45.59503912635574,0.0,45.30194117466561,0.0,0.0,0.0,0.0,0.0,0.0,0.0
10.0,6.13415670783539,0.0038774685521916,0.0038774685452998,0.999992482587048,0.999992482587048,49.41361842900669,0.0,49.97388261670268,0.0,45.59503912185712,0.0,45.30194109508791,0.0,0.0,0.0,0.0,0.0,0.0,0.0
10.0,6.13440672033602,0.0038775176107113,0.0038775176038212,0.999992482396823,0.999992482396823,49.4136184140492,0.0,49.97388223994288,0.0,45.59503911735832,0.0,45.301941015507055,0.0,0.0,0.0,0.0,0.0,0.0,0.0
10.0,6.13465673283664,0.003877566670548,0.0038775666636598,0.9999924822065912,0.99999248220659,49.41361839908811,0.0,49.97388186316852,0.0,45.59503911285932,0.0,45.30194093592302,0.0,0.0,0.0,0.0,0.0,0.0,0.0
10.0,6.13490674533727,0.0038776157317019,0.0038776157248154,0.999992482016351,0.99999248201635,49.413618384123424,0.0,49.9738814863796,0.0,45.59503910836015,0.0,45.30194085633581,0.0,0.0,0.0,0.0,0.0,0.0,0.0
10.0,6.13515675783789,0.0038776647941727,0.003877664787288,0.999992481826103,0.999992481826103,49.41361836915516,0.0,49.97388110957616,0.0,45.59503910386079,0.0,45.30194077674543,0.0,0.0,0.0,0.0,0.0,0.0,0.0
10.0,6.13540677033852,0.0038777138579604,0.0038777138510775,0.999992481635848,0.999992481635848,49.41361835418332,0.0,49.97388073275815,0.0,45.59503909936124,0.0,45.30194069715188,0.0,0.0,0.0,0.0,0.0,0.0,0.0
10.0,6.13565678283914,0.003877762923065,0.0038777629161839,0.999992481445586,0.999992481445585,49.4136183392079,0.0,49.97388035592559,0.0,45.5950390948615,0.0,45.30194061755516,0.0,0.0,0.0,0.0,0.0,0.0,0.0
10.0,6.13590679533977,0.0038778119894865,0.0038778119826071,0.999992481255316,0.9999924812553148,49.41361832422891,0.0,49.97387997907849,0.0,45.59503909036159,0.0,45.30194053795528,0.0,0.0,0.0,0.0,0.0,0.0,0.0
10.0,6.13615680784039,0.0038778610572247,0.0038778610503471,0.999992481065038,0.999992481065038,49.41361830924637,0.0,49.97387960221683,0.0,45.59503908586148,0.0,45.30194045835221,0.0,0.0,0.0,0.0,0.0,0.0,0.0
10.0,6.13640682034102,0.0038779101262796,0.0038779101194038,0.999992480874753,0.999992480874752,49.41361829426025,0.0,49.97387922534063,0.0,45.59503908136119,0.0,45.30194037874599,0.0,0.0,0.0,0.0,0.0,0.0,0.0
10.0,6.13665683284164,0.0038779591966512,0.0038779591897772,0.999992480684461,0.99999248068446,49.41361827927059,0.0,49.973878848449885,0.0,45.59503907686072,0.0,45.30194029913658,0.0,0.0,0.0,0.0,0.0,0.0,0.0
10.0,6.13690684534227,0.0038780082683393,0.0038780082614671,0.99999248049416,0.99999248049416,49.41361826427738,0.0,49.97387847154459,0.0,45.59503907236007,0.0,45.30194021952402,0.0,0.0,0.0,0.0,0.0,0.0,0.0
10.0,6.13715685784289,0.003878057341344,0.0038780573344736,0.999992480303853,0.999992480303852,49.413618249280624,0.0,49.97387809462474,0.0,45.59503906785921,0.0,45.30194013990828,0.0,0.0,0.0,0.0,0.0,0.0,0.0
10.0,6.13740687034352,0.0038781064156652,0.0038781064087966,0.999992480113538,0.999992480113537,49.413618234280335,0.0,49.97387771769034,0.0,45.595039063358186,0.0,45.30194006028936,0.0,0.0,0.0,0.0,0.0,0.0,0.0
10.0,6.13765688284414,0.0038781554913028,0.0038781554844359,0.999992479923215,0.999992479923214,49.41361821927652,0.0,49.9738773407414,0.0,45.59503905885697,0.0,45.301939980667285,0.0,0.0,0.0,0.0,0.0,0.0,0.0
10.0,6.137906895344771,0.0038782045682567,0.0038782045613917,0.9999924797328852,0.999992479732884,49.41361820426916,0.0,49.97387696377791,0.0,45.59503905435557,0.0,45.30193990104203,0.0,0.0,0.0,0.0,0.0,0.0,0.0
10.0,6.13815690784539,0.003878253646527,0.0038782536396637,0.999992479542547,0.999992479542547,49.41361818925829,0.0,49.97387658679987,0.0,45.59503904985399,0.0,45.30193982141361,0.0,0.0,0.0,0.0,0.0,0.0,0.0
10.0,6.13840692034602,0.0038783027261135,0.003878302719252,0.999992479352202,0.999992479352201,49.41361817424391,0.0,49.97387620980728,0.0,45.59503904535221,0.0,45.30193974178202,0.0,0.0,0.0,0.0,0.0,0.0,0.0
10.0,6.13865693284664,0.0038783518070162,0.0038783518001565,0.999992479161849,0.999992479161849,49.41361815922601,0.0,49.97387583280013,0.0,45.59503904085025,0.0,45.301939662147255,0.0,0.0,0.0,0.0,0.0,0.0,0.0
10.0,6.13890694534727,0.003878400889235,0.0038784008823771,0.999992478971489,0.999992478971488,49.413618144204605,0.0,49.973875455778455,0.0,45.59503903634812,0.0,45.30193958250932,0.0,0.0,0.0,0.0,0.0,0.0,0.0
10.0,6.13915695784789,0.0038784499727699,0.0038784499659138,0.999992478781122,0.999992478781121,49.4136181291797,0.0,49.97387507874223,0.0,45.595039031845786,0.0,45.301939502868215,0.0,0.0,0.0,0.0,0.0,0.0,0.0
10.0,6.13940697034852,0.0038784990576208,0.0038784990507665,0.999992478590746,0.999992478590745,49.41361811415131,0.0,49.97387470169144,0.0,45.59503902734328,0.0,45.30193942322394,0.0,0.0,0.0,0.0,0.0,0.0,0.0
10.0,6.13965698284914,0.0038785481437877,0.0038785481369352,0.999992478400364,0.999992478400363,49.41361809911941,0.0,49.97387432462612,0.0,45.59503902284058,0.0,45.3019393435765,0.0,0.0,0.0,0.0,0.0,0.0,0.0
10.0,6.13990699534977,0.0038785972312705,0.0038785972244198,0.999992478209973,0.999992478209973,49.41361808408404,0.0,49.973873947546245,0.0,45.595039018337694,0.0,45.30193926392588,0.0,0.0,0.0,0.0,0.0,0.0,0.0
10.0,6.140157007850391,0.0038786463200691,0.0038786463132202,0.999992478019575,0.999992478019575,49.41361806904519,0.0,49.97387357045182,0.0,45.59503901383463,0.0,45.3019391842721,0.0,0.0,0.0,0.0,0.0,0.0,0.0
10.0,6.14040702035102,0.0038786954101835,0.0038786954033364,0.99999247782917,0.99999247782917,49.41361805400285,0.0,49.97387319334285,0.0,45.59503900933137,0.0,45.30193910461514,0.0,0.0,0.0,0.0,0.0,0.0,0.0
10.0,6.14065703285164,0.0038787445016136,0.0038787444947684,0.999992477638757,0.999992477638757,49.413618038957054,0.0,49.97387281621933,0.0,45.59503900482793,0.0,45.30193902495502,0.0,0.0,0.0,0.0,0.0,0.0,0.0
10.0,6.14090704535227,0.0038787935943595,0.003878793587516,0.999992477448337,0.999992477448336,49.41361802390779,0.0,49.97387243908127,0.0,45.59503900032432,0.0,45.30193894529172,0.0,0.0,0.0,0.0,0.0,0.0,0.0
10.0,6.14115705785289,0.0038788426884209,0.0038788426815792,0.999992477257909,0.999992477257908,49.41361800885507,0.0,49.97387206192867,0.0,45.59503899582051,0.0,45.30193886562525,0.0,0.0,0.0,0.0,0.0,0.0,0.0
10.0,6.14140707035352,0.0038788917837979,0.003878891776958,0.999992477067474,0.999992477067473,49.41361799379888,0.0,49.97387168476151,0.0,45.595038991316514,0.0,45.301938785955606,0.0,0.0,0.0,0.0,0.0,0.0,0.0
10.0,6.14165708285414,0.0038789408804904,0.0038789408736523,0.999992476877031,0.99999247687703,49.41361797873925,0.0,49.9738713075798,0.0,45.59503898681233,0.0,45.301938706282805,0.0,0.0,0.0,0.0,0.0,0.0,0.0
10.0,6.14190709535477,0.0038789899784983,0.003878989971662,0.999992476686581,0.99999247668658,49.413617963676174,0.0,49.97387093038356,0.0,45.59503898230796,0.0,45.30193862660683,0.0,0.0,0.0,0.0,0.0,0.0,0.0
10.0,6.14215710785539,0.0038790390778216,0.0038790390709871,0.999992476496123,0.999992476496122,49.41361794860966,0.0,49.97387055317275,0.0,45.59503897780341,0.0,45.30193854692768,0.0,0.0,0.0,0.0,0.0,0.0,0.0
10.0,6.14240712035602,0.0038790881784603,0.0038790881716276,0.999992476305657,0.999992476305657,49.41361793353972,0.0,49.97387017594741,0.0,45.59503897329867,0.0,45.30193846724536,0.0,0.0,0.0,0.0,0.0,0.0,0.0
10.0,6.14265713285664,0.0038791372804142,0.0038791372735833,0.999992476115184,0.999992476115184,49.413617918466336,0.0,49.97386979870752,0.0,45.59503896879376,0.0,45.301938387559865,0.0,0.0,0.0,0.0,0.0,0.0,0.0
10.0,6.14290714535727,0.0038791863836833,0.0038791863768542,0.999992475924704,0.9999924759247028,49.413617903389536,0.0,49.97386942145308,0.0,45.595038964288655,0.0,45.3019383078712,0.0,0.0,0.0,0.0,0.0,0.0,0.0
10.0,6.14315715785789,0.0038792354882676,0.0038792354814403,0.999992475734216,0.999992475734215,49.41361788830931,0.0,49.9738690441841,0.0,45.595038959783366,0.0,45.301938228179374,0.0,0.0,0.0,0.0,0.0,0.0,0.0
10.0,6.143407170358519,0.003879284594167,0.0038792845873415,0.9999924755437212,0.99999247554372,49.41361787322567,0.0,49.973868666900565,0.0,45.595038955277886,0.0,45.301938148484375,0.0,0.0,0.0,0.0,0.0,0.0,0.0
10.0,6.14365718285914,0.0038793337013814,0.0038793336945577,0.999992475353218,0.9999924753532172,49.41361785813862,0.0,49.9738682896025,0.0,45.59503895077222,0.0,45.30193806878621,0.0,0.0,0.0,0.0,0.0,0.0,0.0
10.0,6.14390719535977,0.0038793828099108,0.0038793828030889,0.999992475162707,0.999992475162707,49.413617843048165,0.0,49.97386791228988,0.0,45.59503894626638,0.0,45.30193798908487,0.0,0.0,0.0,0.0,0.0,0.0,0.0
10.0,6.14415720786039,0.0038794319197551,0.0038794319129351,0.999992474972189,0.999992474972188,49.41361782795431,0.0,49.97386753496272,0.0,45.59503894176034,0.0,45.30193790938035,0.0,0.0,0.0,0.0,0.0,0.0,0.0
10.0,6.14440722036102,0.0038794810309143,0.0038794810240961,0.999992474781664,0.999992474781663,49.41361781285706,0.0,49.973867157621,0.0,45.59503893725412,0.0,45.30193782967268,0.0,0.0,0.0,0.0,0.0,0.0,0.0
10.0,6.14465723286164,0.0038795301433883,0.0038795301365719,0.999992474591131,0.99999247459113,49.41361779775642,0.0,49.97386678026474,0.0,45.59503893274772,0.0,45.30193774996182,0.0,0.0,0.0,0.0,0.0,0.0,0.0
10.0,6.14490724536227,0.0038795792571771,0.0038795792503625,0.99999247440059,0.99999247440059,49.4136177826524,0.0,49.97386640289393,0.0,45.59503892824113,0.0,45.3019376702478,0.0,0.0,0.0,0.0,0.0,0.0,0.0
10.0,6.14515725786289,0.0038796283722806,0.0038796283654678,0.999992474210042,0.999992474210042,49.41361776754499,0.0,49.97386602550859,0.0,45.59503892373436,0.0,45.30193759053061,0.0,0.0,0.0,0.0,0.0,0.0,0.0
10.0,6.14540727036352,0.0038796774886987,0.0038796774818877,0.9999924740194872,0.999992474019486,49.413617752434206,0.0,49.97386564810869,0.0,45.5950389192274,0.0,45.30193751081024,0.0,0.0,0.0,0.0,0.0,0.0,0.0
10.0,6.145657282864141,0.0038797266064314,0.0038797265996222,0.999992473828924,0.999992473828923,49.41361773732005,0.0,49.97386527069425,0.0,45.595038914720256,0.0,45.30193743108672,0.0,0.0,0.0,0.0,0.0,0.0,0.0
10.0,6.14590729536477,0.0038797757254786,0.0038797757186712,0.999992473638353,0.9999924736383528,49.41361772220254,0.0,49.97386489326527,0.0,45.59503891021292,0.0,45.30193735136,0.0,0.0,0.0,0.0,0.0,0.0,0.0
10.0,6.14615730786539,0.0038798248458402,0.0038798248390347,0.999992473447775,0.999992473447774,49.41361770708165,0.0,49.97386451582175,0.0,45.59503890570541,0.0,45.30193727163013,0.0,0.0,0.0,0.0,0.0,0.0,0.0
10.0,6.14640732036602,0.0038798739675163,0.0038798739607126,0.99999247325719,0.999992473257189,49.41361769195741,0.0,49.97386413836367,0.0,45.59503890119771,0.0,45.30193719189709,0.0,0.0,0.0,0.0,0.0,0.0,0.0
10.0,6.14665733286664,0.0038799230905068,0.0038799230837048,0.999992473066596,0.999992473066596,49.41361767682982,0.0,49.97386376089104,0.0,45.59503889668983,0.0,45.30193711216088,0.0,0.0,0.0,0.0,0.0,0.0,0.0
10.0,6.14690734536727,0.0038799722148115,0.0038799722080114,0.999992472875996,0.999992472875995,49.413617661698886,0.0,49.97386338340388,0.0,45.59503889218175,0.0,45.30193703242149,0.0,0.0,0.0,0.0,0.0,0.0,0.0
10.0,6.14715735786789,0.0038800213404304,0.0038800213336322,0.999992472685388,0.999992472685387,49.4136176465646,0.0,49.973863005902174,0.0,45.595038887673496,0.0,45.301936952678936,0.0,0.0,0.0,0.0,0.0,0.0,0.0
10.0,6.14740737036852,0.0038800704673636,0.0038800704605671,0.999992472494772,0.9999924724947707,49.41361763142699,0.0,49.97386262838592,0.0,45.59503888316506,0.0,45.30193687293321,0.0,0.0,0.0,0.0,0.0,0.0,0.0
10.0,6.14765738286914,0.0038801195956109,0.0038801195888162,0.999992472304149,0.999992472304148,49.41361761628604,0.0,49.97386225085512,0.0,45.595038878656425,0.0,45.301936793184325,0.0,0.0,0.0,0.0,0.0,0.0,0.0
10.0,6.14790739536977,0.0038801687251722,0.0038801687183793,0.999992472113518,0.999992472113518,49.413617601141766,0.0,49.97386187330978,0.0,45.59503887414761,0.0,45.301936713432255,0.0,0.0,0.0,0.0,0.0,0.0,0.0
10.0,6.14815740787039,0.0038802178560475,0.0038802178492565,0.99999247192288,0.9999924719228792,49.41361758599415,0.0,49.97386149574988,0.0,45.59503886963862,0.0,45.30193663367702,0.0,0.0,0.0,0.0,0.0,0.0,0.0
10.0,6.14840742037102,0.0038802669882368,0.0038802669814476,0.9999924717322342,0.9999924717322342,49.41361757084323,0.0,49.973861118175456,0.0,45.59503886512943,0.0,45.30193655391862,0.0,0.0,0.0,0.0,0.0,0.0,0.0
10.0,6.14865743287164,0.00388031612174,0.0038803161149526,0.999992471541581,0.999992471541581,49.413617555689,0.0,49.97386074058648,0.0,45.59503886062007,0.0,45.30193647415704,0.0,0.0,0.0,0.0,0.0,0.0,0.0
10.0,6.148907445372269,0.003880365256557,0.0038803652497714,0.99999247135092,0.99999247135092,49.41361754053145,0.0,49.97386036298296,0.0,45.59503885611051,0.0,45.3019363943923,0.0,0.0,0.0,0.0,0.0,0.0,0.0
10.0,6.14915745787289,0.0038804143926878,0.0038804143859041,0.999992471160252,0.999992471160252,49.4136175253706,0.0,49.973859985364896,0.0,45.595038851600776,0.0,45.30193631462438,0.0,0.0,0.0,0.0,0.0,0.0,0.0
10.0,6.14940747037352,0.0038804635301323,0.0038804635233504,0.9999924709695768,0.999992470969576,49.41361751020644,0.0,49.97385960773229,0.0,45.595038847090855,0.0,45.301936234853294,0.0,0.0,0.0,0.0,0.0,0.0,0.0
10.0,6.14965748287414,0.0038805126688905,0.0038805126621104,0.999992470778893,0.999992470778893,49.413617495039,0.0,49.97385923008513,0.0,45.59503884258074,0.0,45.30193615507904,0.0,0.0,0.0,0.0,0.0,0.0,0.0
10.0,6.14990749537477,0.0038805618089623,0.003880561802184,0.9999924705882028,0.999992470588202,49.41361747986826,0.0,49.97385885242344,0.0,45.59503883807045,0.0,45.3019360753016,0.0,0.0,0.0,0.0,0.0,0.0,0.0
10.0,6.15015750787539,0.0038806109503476,0.0038806109435712,0.999992470397504,0.9999924703975028,49.41361746469424,0.0,49.97385847474721,0.0,45.59503883355996,0.0,45.301935995521006,0.0,0.0,0.0,0.0,0.0,0.0,0.0
10.0,6.15040752037602,0.0038806600930464,0.0038806600862718,0.999992470206799,0.999992470206798,49.41361744951692,0.0,49.97385809705642,0.0,45.59503882904931,0.0,45.301935915737246,0.0,0.0,0.0,0.0,0.0,0.0,0.0
10.0,6.15065753287664,0.0038807092370587,0.0038807092302859,0.9999924700160848,0.9999924700160848,49.41361743433634,0.0,49.973857719351095,0.0,45.595038824538456,0.0,45.30193583595031,0.0,0.0,0.0,0.0,0.0,0.0,0.0
10.0,6.15090754537727,0.0038807583823843,0.0038807583756133,0.999992469825364,0.999992469825364,49.41361741915248,0.0,49.97385734163122,0.0,45.59503882002742,0.0,45.301935756160205,0.0,0.0,0.0,0.0,0.0,0.0,0.0
10.0,6.151157557877889,0.0038808075290233,0.0038808075222541,0.999992469634636,0.999992469634635,49.41361740396536,0.0,49.973856963896814,0.0,45.59503881551619,0.0,45.30193567636693,0.0,0.0,0.0,0.0,0.0,0.0,0.0
10.0,6.15140757037852,0.0038808566769755,0.0038808566702081,0.9999924694439,0.9999924694439,49.41361738877496,0.0,49.97385658614786,0.0,45.59503881100479,0.0,45.30193559657048,0.0,0.0,0.0,0.0,0.0,0.0,0.0
10.0,6.15165758287914,0.0038809058262409,0.0038809058194754,0.9999924692531572,0.999992469253156,49.41361737358131,0.0,49.97385620838436,0.0,45.59503880649321,0.0,45.30193551677087,0.0,0.0,0.0,0.0,0.0,0.0,0.0
10.0,6.15190759537977,0.0038809549768195,0.0038809549700558,0.999992469062406,0.999992469062405,49.41361735838441,0.0,49.973855830606325,0.0,45.59503880198142,0.0,45.30193543696808,0.0,0.0,0.0,0.0,0.0,0.0,0.0
10.0,6.15215760788039,0.0038810041287111,0.0038810041219492,0.999992468871647,0.999992468871647,49.41361734318425,0.0,49.97385545281374,0.0,45.59503879746946,0.0,45.30193535716212,0.0,0.0,0.0,0.0,0.0,0.0,0.0
10.0,6.15240762038102,0.0038810532819158,0.0038810532751557,0.999992468680882,0.999992468680881,49.413617327980845,0.0,49.97385507500661,0.0,45.59503879295732,0.0,45.30193527735299,0.0,0.0,0.0,0.0,0.0,0.0,0.0
10.0,6.15265763288164,0.0038811024364334,0.0038811024296752,0.999992468490109,0.999992468490108,49.4136173127742,0.0,49.97385469718494,0.0,45.595038788444974,0.0,45.3019351975407,0.0,0.0,0.0,0.0,0.0,0.0,0.0
10.0,6.15290764538227,0.003881151592264,0.0038811515855076,0.9999924682993272,0.9999924682993272,49.41361729756432,0.0,49.973854319348725,0.0,45.59503878393247,0.0,45.30193511772523,0.0,0.0,0.0,0.0,0.0,0.0,0.0
10.0,6.15315765788289,0.0038812007494074,0.0038812007426529,0.999992468108539,0.999992468108538,49.41361728235121,0.0,49.97385394149797,0.0,45.59503877941976,0.0,45.30193503790659,0.0,0.0,0.0,0.0,0.0,0.0,0.0
10.0,6.15340767038352,0.0038812499078637,0.003881249901111,0.999992467917743,0.999992467917743,49.41361726713486,0.0,49.97385356363267,0.0,45.59503877490687,0.0,45.30193495808478,0.0,0.0,0.0,0.0,0.0,0.0,0.0
10.0,6.15365768288414,0.0038812990676326,0.0038812990608818,0.99999246772694,0.999992467726939,49.4136172519153,0.0,49.97385318575284,0.0,45.5950387703938,0.0,45.3019348782598,0.0,0.0,0.0,0.0,0.0,0.0,0.0
10.0,6.15390769538477,0.0038813482287143,0.0038813482219653,0.9999924675361292,0.999992467536128,49.41361723669252,0.0,49.97385280785846,0.0,45.59503876588054,0.0,45.30193479843166,0.0,0.0,0.0,0.0,0.0,0.0,0.0
10.0,6.15415770788539,0.0038813973911086,0.0038813973843614,0.99999246734531,0.99999246734531,49.41361722146651,0.0,49.97385242994953,0.0,45.59503876136709,0.0,45.301934718600336,0.0,0.0,0.0,0.0,0.0,0.0,0.0
10.0,6.15440772038602,0.0038814465548155,0.0038814465480701,0.999992467154484,0.999992467154484,49.41361720623731,0.0,49.97385205202606,0.0,45.59503875685346,0.0,45.30193463876586,0.0,0.0,0.0,0.0,0.0,0.0,0.0
10.0,6.15465773288664,0.0038814957198348,0.0038814957130913,0.999992466963651,0.99999246696365,49.413617191004896,0.0,49.97385167408806,0.0,45.59503875233965,0.0,45.3019345589282,0.0,0.0,0.0,0.0,0.0,0.0,0.0
10.0,6.15490774538727,0.0038815448861667,0.003881544879425,0.99999246677281,0.999992466772809,49.41361717576927,0.0,49.97385129613551,0.0,45.59503874782565,0.0,45.30193447908737,0.0,0.0,0.0,0.0,0.0,0.0,0.0
10.0,6.15515775788789,0.0038815940538109,0.0038815940470711,0.999992466581961,0.999992466581961,49.41361716053046,0.0,49.97385091816842,0.0,45.59503874331146,0.0,45.301934399243365,0.0,0.0,0.0,0.0,0.0,0.0,0.0
10.0,6.15540777038852,0.0038816432227675,0.0038816432160295,0.999992466391105,0.999992466391105,49.41361714528845,0.0,49.97385054018679,0.0,45.595038738797086,0.0,45.3019343193962,0.0,0.0,0.0,0.0,0.0,0.0,0.0
10.0,6.15565778288915,0.0038816923930364,0.0038816923863002,0.999992466200242,0.999992466200241,49.41361713004325,0.0,49.97385016219061,0.0,45.59503873428254,0.0,45.301934239545865,0.0,0.0,0.0,0.0,0.0,0.0,0.0
10.0,6.15590779538977,0.0038817415646175,0.0038817415578831,0.9999924660093712,0.99999246600937,49.41361711479488,0.0,49.97384978417989,0.0,45.595038729767786,0.0,45.30193415969236,0.0,0.0,0.0,0.0,0.0,0.0,0.0
10.0,6.15615780789039,0.0038817907375107,0.0038817907307782,0.999992465818492,0.999992465818492,49.4136170995433,0.0,49.97384940615464,0.0,45.59503872525287,0.0,45.30193407983568,0.0,0.0,0.0,0.0,0.0,0.0,0.0
10.0,6.15640782039102,0.0038818399117161,0.0038818399049854,0.999992465627606,0.9999924656276048,49.41361708428857,0.0,49.97384902811484,0.0,45.59503872073776,0.0,45.30193399997583,0.0,0.0,0.0,0.0,0.0,0.0,0.0
10.0,6.15665783289164,0.0038818890872335,0.0038818890805047,0.999992465436713,0.999992465436712,49.41361706903065,0.0,49.973848650060496,0.0,45.59503871622245,0.0,45.30193392011281,0.0,0.0,0.0,0.0,0.0,0.0,0.0
10.0,6.15690784539227,0.003881938264063,0.003881938257336,0.999992465245812,0.9999924652458112,49.41361705376959,0.0,49.97384827199162,0.0,45.59503871170697,0.0,45.30193384024663,0.0,0.0,0.0,0.0,0.0,0.0,0.0
10.0,6.1571578578929,0.0038819874422043,0.0038819874354792,0.999992465054903,0.999992465054902,49.413617038505336,0.0,49.9738478939082,0.0,45.59503870719131,0.0,45.30193376037727,0.0,0.0,0.0,0.0,0.0,0.0,0.0
10.0,6.15740787039352,0.0038820366216576,0.0038820366149343,0.9999924648639869,0.999992464863986,49.41361702323794,0.0,49.97384751581024,0.0,45.59503870267545,0.0,45.30193368050474,0.0,0.0,0.0,0.0,0.0,0.0,0.0
10.0,6.15765788289414,0.0038820858024227,0.0038820857957012,0.999992464673064,0.999992464673063,49.41361700796739,0.0,49.97384713769774,0.0,45.59503869815941,0.0,45.30193360062905,0.0,0.0,0.0,0.0,0.0,0.0,0.0
10.0,6.15790789539477,0.0038821349844995,0.0038821349777799,0.999992464482132,0.999992464482132,49.41361699269369,0.0,49.97384675957069,0.0,45.59503869364319,0.0,45.301933520750175,0.0,0.0,0.0,0.0,0.0,0.0,0.0
10.0,6.1581579078954,0.0038821841678881,0.0038821841611703,0.999992464291194,0.999992464291193,49.41361697741683,0.0,49.97384638142911,0.0,45.59503868912678,0.0,45.30193344086813,0.0,0.0,0.0,0.0,0.0,0.0,0.0
10.0,6.15840792039602,0.0038822333525883,0.0038822333458724,0.999992464100248,0.999992464100247,49.41361696213684,0.0,49.97384600327298,0.0,45.59503868461019,0.0,45.30193336098293,0.0,0.0,0.0,0.0,0.0,0.0,0.0
10.0,6.15865793289664,0.0038822825386001,0.003882282531886,0.999992463909294,0.999992463909293,49.41361694685371,0.0,49.97384562510232,0.0,45.59503868009341,0.0,45.30193328109456,0.0,0.0,0.0,0.0,0.0,0.0,0.0
10.0,6.15890794539727,0.0038823317259235,0.0038823317192112,0.999992463718333,0.999992463718332,49.41361693156745,0.0,49.97384524691712,0.0,45.59503867557645,0.0,45.301933201203006,0.0,0.0,0.0,0.0,0.0,0.0,0.0
10.0,6.15915795789789,0.0038823809145583,0.0038823809078479,0.999992463527364,0.999992463527363,49.41361691627805,0.0,49.97384486871737,0.0,45.59503867105929,0.0,45.30193312130829,0.0,0.0,0.0,0.0,0.0,0.0,0.0
10.0,6.15940797039852,0.0038824301045046,0.003882430097796,0.999992463336388,0.999992463336387,49.41361690098554,0.0,49.97384449050308,0.0,45.59503866654195,0.0,45.3019330414104,0.0,0.0,0.0,0.0,0.0,0.0,0.0
10.0,6.15965798289915,0.0038824792957622,0.0038824792890555,0.999992463145404,0.999992463145404,49.4136168856899,0.0,49.97384411227426,0.0,45.59503866202444,0.0,45.30193296150934,0.0,0.0,0.0,0.0,0.0,0.0,0.0
10.0,6.15990799539977,0.0038825284883312,0.0038825284816263,0.999992462954413,0.999992462954412,49.41361687039114,0.0,49.97384373403089,0.0,45.595038657506734,0.0,45.30193288160511,0.0,0.0,0.0,0.0,0.0,0.0,0.0
10.0,6.16015800790039,0.0038825776822114,0.0038825776755084,0.999992462763414,0.999992462763413,49.41361685508927,0.0,49.973843355772985,0.0,45.59503865298883,0.0,45.30193280169772,0.0,0.0,0.0,0.0,0.0,0.0,0.0
10.0,6.16040802040102,0.0038826268774027,0.0038826268707016,0.999992462572408,0.9999924625724071,49.41361683978428,0.0,49.97384297750054,0.0,45.59503864847076,0.0,45.30193272178715,0.0,0.0,0.0,0.0,0.0,0.0,0.0
10.0,6.16065803290165,0.0038826760739053,0.003882676067206,0.999992462381394,0.999992462381394,49.4136168244762,0.0,49.97384259921356,0.0,45.5950386439525,0.0,45.30193264187341,0.0,0.0,0.0,0.0,0.0,0.0,0.0
10.0,6.16090804540227,0.0038827252717189,0.0038827252650214,0.999992462190373,0.999992462190373,49.41361680916502,0.0,49.973842220912026,0.0,45.59503863943405,0.0,45.30193256195651,0.0,0.0,0.0,0.0,0.0,0.0,0.0
10.0,6.1611580579029,0.0038827744708435,0.0038827744641479,0.999992461999344,0.999992461999344,49.413616793850736,0.0,49.97384184259596,0.0,45.59503863491542,0.0,45.30193248203644,0.0,0.0,0.0,0.0,0.0,0.0,0.0
10.0,6.161408070403521,0.0038828236712791,0.0038828236645854,0.999992461808308,0.999992461808307,49.41361677853337,0.0,49.97384146426537,0.0,45.595038630396594,0.0,45.30193240211319,0.0,0.0,0.0,0.0,0.0,0.0,0.0
10.0,6.16165808290414,0.0038828728730256,0.0038828728663337,0.999992461617265,0.999992461617264,49.4136167632129,0.0,49.97384108592021,0.0,45.5950386258776,0.0,45.30193232218677,0.0,0.0,0.0,0.0,0.0,0.0,0.0
10.0,6.16190809540477,0.003882922076083,0.0038829220693929,0.999992461426213,0.999992461426212,49.41361674788936,0.0,49.97384070756053,0.0,45.595038621358405,0.0,45.30193224225719,0.0,0.0,0.0,0.0,0.0,0.0,0.0
10.0,6.1621581079054,0.0038829712804511,0.003882971273763,0.999992461235154,0.999992461235154,49.41361673256274,0.0,49.97384032918632,0.0,45.59503861683903,0.0,45.30193216232443,0.0,0.0,0.0,0.0,0.0,0.0,0.0
10.0,6.16240812040602,0.00388302048613,0.0038830204794437,0.999992461044088,0.9999924610440868,49.41361671723304,0.0,49.97383995079756,0.0,45.59503861231947,0.0,45.3019320823885,0.0,0.0,0.0,0.0,0.0,0.0,0.0
10.0,6.16265813290665,0.0038830696931196,0.0038830696864351,0.999992460853014,0.999992460853013,49.41361670190026,0.0,49.973839572394255,0.0,45.59503860779973,0.0,45.301932002449405,0.0,0.0,0.0,0.0,0.0,0.0,0.0
10.0,6.16290814540727,0.0038831189014198,0.0038831188947372,0.999992460661933,0.999992460661932,49.41361668656442,0.0,49.97383919397642,0.0,45.5950386032798,0.0,45.30193192250714,0.0,0.0,0.0,0.0,0.0,0.0,0.0
10.0,6.16315815790789,0.0038831681110305,0.0038831681043498,0.999992460470844,0.999992460470843,49.41361667122551,0.0,49.97383881554405,0.0,45.595038598759686,0.0,45.30193184256171,0.0,0.0,0.0,0.0,0.0,0.0,0.0
10.0,6.16340817040852,0.0038832173219518,0.0038832173152729,0.999992460279748,0.999992460279747,49.41361665588354,0.0,49.973838437097136,0.0,45.59503859423939,0.0,45.3019317626131,0.0,0.0,0.0,0.0,0.0,0.0,0.0
10.0,6.16365818290915,0.0038832665341835,0.0038832665275065,0.999992460088644,0.999992460088643,49.41361664053853,0.0,49.97383805863567,0.0,45.5950385897189,0.0,45.301931682661326,0.0,0.0,0.0,0.0,0.0,0.0,0.0
10.0,6.16390819540977,0.0038833157477256,0.0038833157410504,0.999992459897532,0.999992459897532,49.41361662519045,0.0,49.97383768015969,0.0,45.59503858519823,0.0,45.30193160270638,0.0,0.0,0.0,0.0,0.0,0.0,0.0
10.0,6.1641582079104,0.0038833649625781,0.0038833649559047,0.999992459706414,0.999992459706413,49.41361660983933,0.0,49.97383730166916,0.0,45.59503858067737,0.0,45.30193152274828,0.0,0.0,0.0,0.0,0.0,0.0,0.0
10.0,6.16440822041102,0.0038834141787408,0.0038834141720693,0.9999924595152871,0.999992459515286,49.41361659448516,0.0,49.973836923164086,0.0,45.595038576156334,0.0,45.301931442786994,0.0,0.0,0.0,0.0,0.0,0.0,0.0
10.0,6.164658232911649,0.0038834633962137,0.0038834633895441,0.999992459324153,0.999992459324153,49.41361657912795,0.0,49.97383654464448,0.0,45.59503857163511,0.0,45.301931362822536,0.0,0.0,0.0,0.0,0.0,0.0,0.0
10.0,6.16490824541227,0.0038835126149968,0.0038835126083291,0.999992459133012,0.999992459133011,49.4136165637677,0.0,49.97383616611034,0.0,45.59503856711369,0.0,45.30193128285491,0.0,0.0,0.0,0.0,0.0,0.0,0.0
10.0,6.1651582579129,0.00388356183509,0.0038835618284242,0.999992458941863,0.999992458941862,49.41361654840443,0.0,49.97383578756165,0.0,45.595038562592094,0.0,45.30193120288412,0.0,0.0,0.0,0.0,0.0,0.0,0.0
10.0,6.16540827041352,0.0038836110564933,0.0038836110498293,0.999992458750707,0.999992458750706,49.41361653303812,0.0,49.97383540899843,0.0,45.59503855807032,0.0,45.30193112291015,0.0,0.0,0.0,0.0,0.0,0.0,0.0
10.0,6.16565828291415,0.0038836602792066,0.0038836602725444,0.999992458559543,0.999992458559542,49.41361651766879,0.0,49.97383503042067,0.0,45.59503855354834,0.0,45.30193104293303,0.0,0.0,0.0,0.0,0.0,0.0,0.0
10.0,6.16590829541477,0.0038837095032297,0.0038837094965695,0.999992458368371,0.99999245836837,49.41361650229644,0.0,49.97383465182838,0.0,45.59503854902619,0.0,45.30193096295272,0.0,0.0,0.0,0.0,0.0,0.0,0.0
10.0,6.1661583079154,0.0038837587285628,0.0038837587219044,0.999992458177192,0.999992458177192,49.41361648692107,0.0,49.97383427322155,0.0,45.59503854450384,0.0,45.301930882969245,0.0,0.0,0.0,0.0,0.0,0.0,0.0
10.0,6.16640832041602,0.0038838079552057,0.0038838079485491,0.999992457986006,0.999992457986005,49.41361647154269,0.0,49.973833894600176,0.0,45.59503853998133,0.0,45.3019308029826,0.0,0.0,0.0,0.0,0.0,0.0,0.0
10.0,6.16665833291665,0.0038838571831583,0.0038838571765036,0.999992457794812,0.999992457794811,49.4136164561613,0.0,49.973833515964266,0.0,45.59503853545862,0.0,45.30193072299279,0.0,0.0,0.0,0.0,0.0,0.0,0.0
10.0,6.166908345417269,0.0038839064124207,0.0038839064057679,0.99999245760361,0.99999245760361,49.4136164407769,0.0,49.97383313731383,0.0,45.59503853093572,0.0,45.30193064299981,0.0,0.0,0.0,0.0,0.0,0.0,0.0
10.0,6.1671583579179,0.0038839556429927,0.0038839556363417,0.999992457412401,0.999992457412401,49.4136164253895,0.0,49.97383275864884,0.0,45.59503852641264,0.0,45.30193056300366,0.0,0.0,0.0,0.0,0.0,0.0,0.0
10.0,6.16740837041852,0.0038840048748743,0.0038840048682252,0.999992457221185,0.999992457221184,49.41361640999911,0.0,49.97383237996932,0.0,45.59503852188938,0.0,45.30193048300434,0.0,0.0,0.0,0.0,0.0,0.0,0.0
10.0,6.16765838291915,0.0038840541080654,0.0038840541014182,0.999992457029961,0.99999245702996,49.41361639460572,0.0,49.97383200127526,0.0,45.59503851736592,0.0,45.301930403001855,0.0,0.0,0.0,0.0,0.0,0.0,0.0
10.0,6.16790839541977,0.003884103342566,0.0038841033359206,0.999992456838729,0.999992456838728,49.413616379209344,0.0,49.97383162256666,0.0,45.59503851284229,0.0,45.301930322996185,0.0,0.0,0.0,0.0,0.0,0.0,0.0
10.0,6.1681584079204,0.003884152578376,0.0038841525717325,0.99999245664749,0.9999924566474888,49.41361636380998,0.0,49.973831243843534,0.0,45.59503850831847,0.0,45.30193024298737,0.0,0.0,0.0,0.0,0.0,0.0,0.0
10.0,6.16840842042102,0.0038842018154954,0.0038842018088538,0.999992456456244,0.999992456456243,49.41361634840762,0.0,49.97383086510588,0.0,45.595038503794456,0.0,45.30193016297536,0.0,0.0,0.0,0.0,0.0,0.0,0.0
10.0,6.16865843292165,0.0038842510539241,0.0038842510472843,0.99999245626499,0.999992456264989,49.413616333002295,0.0,49.97383048635366,0.0,45.59503849927026,0.0,45.30193008296019,0.0,0.0,0.0,0.0,0.0,0.0,0.0
10.0,6.16890844542227,0.003884300293662,0.0038843002870241,0.999992456073728,0.9999924560737272,49.413616317594,0.0,49.97383010758693,0.0,45.59503849474589,0.0,45.30193000294185,0.0,0.0,0.0,0.0,0.0,0.0,0.0
10.0,6.1691584579229,0.0038843495347091,0.0038843495280731,0.999992455882459,0.999992455882458,49.41361630218272,0.0,49.97382972880565,0.0,45.59503849022133,0.0,45.30192992292034,0.0,0.0,0.0,0.0,0.0,0.0,0.0
10.0,6.16940847042352,0.0038843987770654,0.0038843987704312,0.999992455691182,0.9999924556911812,49.41361628676848,0.0,49.97382935000984,0.0,45.59503848569658,0.0,45.30192984289567,0.0,0.0,0.0,0.0,0.0,0.0,0.0
10.0,6.16965848292415,0.0038844480207307,0.0038844480140984,0.999992455499898,0.999992455499897,49.41361627135128,0.0,49.97382897119949,0.0,45.59503848117165,0.0,45.301929762867815,0.0,0.0,0.0,0.0,0.0,0.0,0.0
10.0,6.16990849542477,0.003884497265705,0.0038844972590746,0.999992455308606,0.999992455308606,49.41361625593112,0.0,49.9738285923746,0.0,45.59503847664653,0.0,45.3019296828368,0.0,0.0,0.0,0.0,0.0,0.0,0.0
10.0,6.1701585079254,0.0038845465119883,0.0038845465053598,0.999992455117308,0.999992455117307,49.41361624050799,0.0,49.97382821353519,0.0,45.595038472121225,0.0,45.30192960280261,0.0,0.0,0.0,0.0,0.0,0.0,0.0
10.0,6.17040852042602,0.0038845957595805,0.0038845957529539,0.999992454926001,0.999992454926,49.41361622508192,0.0,49.97382783468122,0.0,45.59503846759574,0.0,45.301929522765256,0.0,0.0,0.0,0.0,0.0,0.0,0.0
10.0,6.17065853292665,0.0038846450084816,0.0038846450018568,0.999992454734687,0.999992454734686,49.41361620965289,0.0,49.97382745581273,0.0,45.59503846307006,0.0,45.30192944272473,0.0,0.0,0.0,0.0,0.0,0.0,0.0
10.0,6.17090854542727,0.0038846942586914,0.0038846942520685,0.9999924545433652,0.9999924545433642,49.41361619422093,0.0,49.973827076929695,0.0,45.5950384585442,0.0,45.30192936268104,0.0,0.0,0.0,0.0,0.0,0.0,0.0
10.0,6.1711585579279,0.00388474351021,0.003884743503589,0.999992454352036,0.999992454352035,49.41361617878602,0.0,49.97382669803213,0.0,45.59503845401816,0.0,45.30192928263417,0.0,0.0,0.0,0.0,0.0,0.0,0.0
10.0,6.17140857042852,0.0038847927630372,0.0038847927564181,0.999992454160699,0.999992454160699,49.41361616334817,0.0,49.97382631912003,0.0,45.59503844949192,0.0,45.30192920258413,0.0,0.0,0.0,0.0,0.0,0.0,0.0
10.0,6.17165858292915,0.0038848420171731,0.0038848420105558,0.999992453969355,0.999992453969354,49.41361614790739,0.0,49.97382594019339,0.0,45.59503844496551,0.0,45.30192912253093,0.0,0.0,0.0,0.0,0.0,0.0,0.0
10.0,6.17190859542977,0.0038848912726175,0.0038848912660021,0.999992453778003,0.9999924537780032,49.41361613246368,0.0,49.97382556125222,0.0,45.59503844043891,0.0,45.30192904247456,0.0,0.0,0.0,0.0,0.0,0.0,0.0
10.0,6.1721586079304,0.0038849405293704,0.0038849405227569,0.999992453586644,0.999992453586644,49.41361611701704,0.0,49.97382518229652,0.0,45.59503843591212,0.0,45.30192896241501,0.0,0.0,0.0,0.0,0.0,0.0,0.0
10.0,6.172408620431019,0.0038849897874318,0.0038849897808201,0.999992453395278,0.9999924533952772,49.41361610156748,0.0,49.97382480332627,0.0,45.59503843138515,0.0,45.3019288823523,0.0,0.0,0.0,0.0,0.0,0.0,0.0
10.0,6.17265863293165,0.0038850390468015,0.0038850390401918,0.999992453203903,0.999992453203903,49.413616086115,0.0,49.97382442434149,0.0,45.595038426858,0.0,45.30192880228641,0.0,0.0,0.0,0.0,0.0,0.0,0.0
10.0,6.17290864543227,0.0038850883074796,0.0038850883008717,0.999992453012522,0.999992453012521,49.41361607065961,0.0,49.97382404534218,0.0,45.59503842233065,0.0,45.30192872221736,0.0,0.0,0.0,0.0,0.0,0.0,0.0
10.0,6.1731586579329,0.0038851375694659,0.00388513756286,0.999992452821133,0.999992452821132,49.413616055201295,0.0,49.97382366632833,0.0,45.59503841780312,0.0,45.30192864214514,0.0,0.0,0.0,0.0,0.0,0.0,0.0
10.0,6.17340867043352,0.0038851868327605,0.0038851868261564,0.999992452629736,0.999992452629735,49.41361603974007,0.0,49.97382328729996,0.0,45.59503841327541,0.0,45.30192856206975,0.0,0.0,0.0,0.0,0.0,0.0,0.0
10.0,6.17365868293415,0.0038852360973632,0.003885236090761,0.9999924524383312,0.9999924524383312,49.413616024275946,0.0,49.97382290825704,0.0,45.59503840874751,0.0,45.30192848199119,0.0,0.0,0.0,0.0,0.0,0.0,0.0
10.0,6.17390869543477,0.003885285363274,0.0038852853566737,0.99999245224692,0.999992452246919,49.41361600880893,0.0,49.97382252919958,0.0,45.59503840421943,0.0,45.30192840190945,0.0,0.0,0.0,0.0,0.0,0.0,0.0
10.0,6.1741587079354,0.0038853346304929,0.0038853346238945,0.999992452055501,0.9999924520555,49.41361599333901,0.0,49.9738221501276,0.0,45.59503839969116,0.0,45.30192832182455,0.0,0.0,0.0,0.0,0.0,0.0,0.0
10.0,6.17440872043602,0.0038853838990198,0.0038853838924232,0.999992451864074,0.999992451864073,49.413615977866186,0.0,49.973821771041074,0.0,45.59503839516271,0.0,45.30192824173648,0.0,0.0,0.0,0.0,0.0,0.0,0.0
10.0,6.17465873293665,0.0038854331688545,0.0038854331622599,0.9999924516726398,0.9999924516726388,49.41361596239048,0.0,49.97382139194003,0.0,45.59503839063407,0.0,45.30192816164524,0.0,0.0,0.0,0.0,0.0,0.0,0.0
10.0,6.17490874543727,0.0038854824399972,0.0038854824334044,0.999992451481198,0.999992451481197,49.41361594691188,0.0,49.97382101282442,0.0,45.59503838610525,0.0,45.30192808155083,0.0,0.0,0.0,0.0,0.0,0.0,0.0
10.0,6.1751587579379,0.0038855317124477,0.0038855317058568,0.999992451289748,0.999992451289748,49.41361593143041,0.0,49.97382063369431,0.0,45.59503838157623,0.0,45.30192800145325,0.0,0.0,0.0,0.0,0.0,0.0,0.0
10.0,6.17540877043852,0.0038855809862059,0.0038855809796169,0.999992451098292,0.999992451098291,49.413615915946046,0.0,49.97382025454965,0.0,45.59503837704704,0.0,45.3019279213525,0.0,0.0,0.0,0.0,0.0,0.0,0.0
10.0,6.17565878293915,0.0038856302612718,0.0038856302546847,0.9999924509068268,0.9999924509068268,49.41361590045881,0.0,49.97381987539045,0.0,45.59503837251766,0.0,45.301927841248585,0.0,0.0,0.0,0.0,0.0,0.0,0.0
10.0,6.17590879543977,0.0038856795376454,0.0038856795310601,0.999992450715356,0.999992450715355,49.4136158849687,0.0,49.973819496216734,0.0,45.59503836798809,0.0,45.3019277611415,0.0,0.0,0.0,0.0,0.0,0.0,0.0
10.0,6.1761588079404,0.0038857288153265,0.0038857288087432,0.999992450523876,0.999992450523875,49.41361586947572,0.0,49.97381911702848,0.0,45.59503836345834,0.0,45.301927681031245,0.0,0.0,0.0,0.0,0.0,0.0,0.0
10.0,6.17640882044102,0.0038857780943152,0.0038857780877337,0.999992450332389,0.999992450332388,49.41361585397988,0.0,49.97381873782568,0.0,45.595038358928406,0.0,45.30192760091782,0.0,0.0,0.0,0.0,0.0,0.0,0.0
10.0,6.17665883294165,0.0038858273746114,0.0038858273680318,0.9999924501408952,0.999992450140894,49.41361583848117,0.0,49.97381835860836,0.0,45.59503835439829,0.0,45.30192752080123,0.0,0.0,0.0,0.0,0.0,0.0,0.0
10.0,6.17690884544227,0.0038858766562149,0.0038858766496372,0.999992449949393,0.999992449949392,49.4136158229796,0.0,49.97381797937649,0.0,45.59503834986798,0.0,45.30192744068145,0.0,0.0,0.0,0.0,0.0,0.0,0.0
10.0,6.177158857942901,0.0038859259391259,0.00388592593255,0.999992449757884,0.999992449757883,49.413615807475175,0.0,49.9738176001301,0.0,45.59503834533748,0.0,45.30192736055852,0.0,0.0,0.0,0.0,0.0,0.0,0.0
10.0,6.17740887044352,0.0038859752233441,0.0038859752167702,0.9999924495663672,0.999992449566366,49.4136157919679,0.0,49.97381722086918,0.0,45.5950383408068,0.0,45.30192728043242,0.0,0.0,0.0,0.0,0.0,0.0,0.0
10.0,6.17765888294415,0.0038860245088695,0.0038860245022975,0.999992449374843,0.999992449374842,49.413615776457775,0.0,49.97381684159372,0.0,45.59503833627595,0.0,45.30192720030315,0.0,0.0,0.0,0.0,0.0,0.0,0.0
10.0,6.17790889544477,0.0038860737957022,0.0038860737891321,0.999992449183311,0.99999244918331,49.41361576094481,0.0,49.97381646230372,0.0,45.59503833174489,0.0,45.30192712017071,0.0,0.0,0.0,0.0,0.0,0.0,0.0
10.0,6.1781589079454,0.0038861230838419,0.0038861230772737,0.999992448991771,0.999992448991771,49.413615745429,0.0,49.97381608299919,0.0,45.59503832721366,0.0,45.30192704003509,0.0,0.0,0.0,0.0,0.0,0.0,0.0
10.0,6.17840892044602,0.0038861723732888,0.0038861723667224,0.999992448800224,0.999992448800224,49.41361572991035,0.0,49.97381570368014,0.0,45.59503832268224,0.0,45.30192695989631,0.0,0.0,0.0,0.0,0.0,0.0,0.0
10.0,6.17865893294665,0.0038862216640426,0.0038862216574782,0.99999244860867,0.999992448608669,49.41361571438886,0.0,49.97381532434655,0.0,45.59503831815064,0.0,45.30192687975436,0.0,0.0,0.0,0.0,0.0,0.0,0.0
10.0,6.17890894544727,0.0038862709561035,0.0038862709495409,0.999992448417108,0.9999924484171072,49.41361569886454,0.0,49.973814944998416,0.0,45.59503831361884,0.0,45.30192679960924,0.0,0.0,0.0,0.0,0.0,0.0,0.0
10.0,6.1791589579479,0.0038863202494712,0.0038863202429105,0.9999924482255388,0.999992448225538,49.4136156833374,0.0,49.97381456563576,0.0,45.59503830908687,0.0,45.30192671946095,0.0,0.0,0.0,0.0,0.0,0.0,0.0
10.0,6.17940897044852,0.0038863695441457,0.0038863695375869,0.999992448033962,0.9999924480339611,49.41361566780744,0.0,49.97381418625857,0.0,45.59503830455471,0.0,45.301926639309485,0.0,0.0,0.0,0.0,0.0,0.0,0.0
10.0,6.17965898294915,0.003886418840127,0.0038864188335702,0.9999924478423772,0.999992447842376,49.41361565227464,0.0,49.97381380686685,0.0,45.59503830002237,0.0,45.30192655915486,0.0,0.0,0.0,0.0,0.0,0.0,0.0
10.0,6.17990899544977,0.0038864681374151,0.0038864681308601,0.999992447650785,0.999992447650785,49.413615636739024,0.0,49.97381342746059,0.0,45.59503829548983,0.0,45.30192647899706,0.0,0.0,0.0,0.0,0.0,0.0,0.0
10.0,6.1801590079504,0.0038865174360098,0.0038865174294568,0.999992447459186,0.999992447459185,49.4136156212006,0.0,49.97381304803981,0.0,45.59503829095712,0.0,45.30192639883609,0.0,0.0,0.0,0.0,0.0,0.0,0.0
10.0,6.18040902045102,0.0038865667359112,0.00388656672936,0.999992447267579,0.999992447267578,49.41361560565936,0.0,49.97381266860448,0.0,45.59503828642421,0.0,45.30192631867196,0.0,0.0,0.0,0.0,0.0,0.0,0.0
10.0,6.18065903295165,0.0038866160371191,0.0038866160305698,0.999992447075964,0.999992447075964,49.41361559011532,0.0,49.97381228915464,0.0,45.595038281891135,0.0,45.301926238504656,0.0,0.0,0.0,0.0,0.0,0.0,0.0
10.0,6.18090904545227,0.0038866653396334,0.0038866653330861,0.999992446884342,0.999992446884342,49.41361557456847,0.0,49.973811909690255,0.0,45.59503827735785,0.0,45.301926158334176,0.0,0.0,0.0,0.0,0.0,0.0,0.0
10.0,6.1811590579529,0.0038867146434543,0.0038867146369088,0.999992446692713,0.999992446692712,49.41361555901882,0.0,49.973811530211336,0.0,45.5950382728244,0.0,45.30192607816053,0.0,0.0,0.0,0.0,0.0,0.0,0.0
10.0,6.18140907045352,0.0038867639485815,0.0038867639420379,0.999992446501076,0.999992446501075,49.41361554346638,0.0,49.973811150717886,0.0,45.59503826829076,0.0,45.30192599798372,0.0,0.0,0.0,0.0,0.0,0.0,0.0
10.0,6.18165908295415,0.003886813255015,0.0038868132484734,0.999992446309431,0.9999924463094312,49.413615527911126,0.0,49.97381077120991,0.0,45.59503826375693,0.0,45.30192591780373,0.0,0.0,0.0,0.0,0.0,0.0,0.0
10.0,6.18190909545477,0.0038868625627548,0.0038868625562151,0.9999924461177788,0.999992446117779,49.41361551235309,0.0,49.97381039168739,0.0,45.59503825922292,0.0,45.30192583762058,0.0,0.0,0.0,0.0,0.0,0.0,0.0
10.0,6.1821591079554,0.0038869118718009,0.003886911865263,0.99999244592612,0.999992445926119,49.41361549679227,0.0,49.97381001215035,0.0,45.59503825468872,0.0,45.30192575743426,0.0,0.0,0.0,0.0,0.0,0.0,0.0
10.0,6.18240912045602,0.003886961182153,0.0038869611756171,0.999992445734453,0.999992445734452,49.41361548122866,0.0,49.97380963259878,0.0,45.59503825015433,0.0,45.30192567724477,0.0,0.0,0.0,0.0,0.0,0.0,0.0
10.0,6.182659132956651,0.0038870104938113,0.0038870104872772,0.999992445542778,0.999992445542778,49.41361546566228,0.0,49.97380925303268,0.0,45.59503824561976,0.0,45.3019255970521,0.0,0.0,0.0,0.0,0.0,0.0,0.0
10.0,6.18290914545727,0.0038870598067756,0.0038870598002435,0.999992445351096,0.999992445351095,49.413615450093104,0.0,49.97380887345204,0.0,45.59503824108501,0.0,45.30192551685627,0.0,0.0,0.0,0.0,0.0,0.0,0.0
10.0,6.1831591579579,0.0038871091210459,0.0038871091145157,0.999992445159407,0.999992445159406,49.41361543452116,0.0,49.97380849385687,0.0,45.59503823655007,0.0,45.30192543665727,0.0,0.0,0.0,0.0,0.0,0.0,0.0
10.0,6.18340917045852,0.0038871584366221,0.0038871584300938,0.999992444967709,0.999992444967709,49.41361541894645,0.0,49.97380811424718,0.0,45.59503823201494,0.0,45.30192535645511,0.0,0.0,0.0,0.0,0.0,0.0,0.0
10.0,6.18365918295915,0.0038872077535042,0.0038872077469778,0.999992444776005,0.999992444776004,49.413615403368965,0.0,49.97380773462295,0.0,45.59503822747963,0.0,45.30192527624977,0.0,0.0,0.0,0.0,0.0,0.0,0.0
10.0,6.18390919545977,0.0038872570716921,0.0038872570651676,0.9999924445842931,0.9999924445842922,49.41361538778872,0.0,49.97380735498418,0.0,45.59503822294413,0.0,45.30192519604126,0.0,0.0,0.0,0.0,0.0,0.0,0.0
10.0,6.1841592079604,0.0038873063911857,0.0038873063846631,0.999992444392573,0.999992444392573,49.413615372205705,0.0,49.973806975330895,0.0,45.595038218408455,0.0,45.30192511582958,0.0,0.0,0.0,0.0,0.0,0.0,0.0
10.0,6.18440922046102,0.0038873557119851,0.0038873557054644,0.999992444200846,0.999992444200845,49.413615356619935,0.0,49.97380659566306,0.0,45.59503821387259,0.0,45.30192503561473,0.0,0.0,0.0,0.0,0.0,0.0,0.0
10.0,6.18465923296165,0.0038874050340901,0.0038874050275713,0.999992444009112,0.999992444009111,49.41361534103142,0.0,49.97380621598072,0.0,45.59503820933653,0.0,45.30192495539672,0.0,0.0,0.0,0.0,0.0,0.0,0.0
10.0,6.184909245462271,0.0038874543575006,0.0038874543509837,0.99999244381737,0.999992443817369,49.41361532544014,0.0,49.97380583628383,0.0,45.5950382048003,0.0,45.30192487517554,0.0,0.0,0.0,0.0,0.0,0.0,0.0
10.0,6.1851592579629,0.0038875036822167,0.0038875036757017,0.99999244362562,0.999992443625619,49.41361530984611,0.0,49.97380545657242,0.0,45.59503820026388,0.0,45.30192479495118,0.0,0.0,0.0,0.0,0.0,0.0,0.0
10.0,6.18540927046352,0.0038875530082383,0.0038875530017252,0.999992443433863,0.999992443433862,49.41361529424934,0.0,49.97380507684647,0.0,45.59503819572726,0.0,45.30192471472366,0.0,0.0,0.0,0.0,0.0,0.0,0.0
10.0,6.18565928296415,0.0038876023355652,0.0038876023290541,0.999992443242098,0.999992443242097,49.41361527864982,0.0,49.973804697106,0.0,45.59503819119048,0.0,45.30192463449296,0.0,0.0,0.0,0.0,0.0,0.0,0.0
10.0,6.18590929546477,0.0038876516641975,0.0038876516576883,0.999992443050326,0.999992443050325,49.41361526304756,0.0,49.97380431735099,0.0,45.5950381866535,0.0,45.3019245542591,0.0,0.0,0.0,0.0,0.0,0.0,0.0
10.0,6.1861593079654,0.0038877009941352,0.0038877009876278,0.999992442858546,0.9999924428585448,49.41361524744258,0.0,49.973803937581465,0.0,45.59503818211633,0.0,45.30192447402207,0.0,0.0,0.0,0.0,0.0,0.0,0.0
10.0,6.18640932046602,0.003887750325378,0.0038877503188726,0.999992442666759,0.999992442666758,49.41361523183485,0.0,49.97380355779739,0.0,45.595038177578985,0.0,45.301924393781874,0.0,0.0,0.0,0.0,0.0,0.0,0.0
10.0,6.18665933296665,0.003887799657926,0.0038877996514225,0.999992442474965,0.999992442474964,49.41361521622439,0.0,49.9738031779988,0.0,45.59503817304145,0.0,45.3019243135385,0.0,0.0,0.0,0.0,0.0,0.0,0.0
10.0,6.18690934546727,0.0038878489917792,0.0038878489852776,0.9999924422831628,0.999992442283161,49.41361520061122,0.0,49.97380279818568,0.0,45.59503816850373,0.0,45.30192423329197,0.0,0.0,0.0,0.0,0.0,0.0,0.0
10.0,6.1871593579679,0.0038878983269374,0.0038878983204377,0.999992442091353,0.999992442091352,49.41361518499531,0.0,49.97380241835803,0.0,45.59503816396583,0.0,45.301924153042265,0.0,0.0,0.0,0.0,0.0,0.0,0.0
10.0,6.18740937046852,0.0038879476634007,0.0038879476569029,0.999992441899536,0.999992441899535,49.41361516937668,0.0,49.97380203851584,0.0,45.59503815942773,0.0,45.30192407278938,0.0,0.0,0.0,0.0,0.0,0.0,0.0
10.0,6.18765938296915,0.0038879970011688,0.003887996994673,0.999992441707711,0.99999244170771,49.41361515375535,0.0,49.97380165865913,0.0,45.59503815488946,0.0,45.30192399253333,0.0,0.0,0.0,0.0,0.0,0.0,0.0
10.0,6.18790939546977,0.0038880463402419,0.003888046333748,0.9999924415158792,0.999992441515878,49.41361513813128,0.0,49.97380127878788,0.0,45.595038150350994,0.0,45.30192391227412,0.0,0.0,0.0,0.0,0.0,0.0,0.0
10.0,6.188159407970399,0.0038880956806198,0.0038880956741278,0.999992441324039,0.999992441324038,49.41361512250451,0.0,49.97380089890211,0.0,45.59503814581235,0.0,45.30192383201173,0.0,0.0,0.0,0.0,0.0,0.0,0.0
10.0,6.18840942047102,0.0038881450223025,0.0038881450158124,0.999992441132192,0.999992441132191,49.41361510687504,0.0,49.97380051900181,0.0,45.59503814127352,0.0,45.30192375174617,0.0,0.0,0.0,0.0,0.0,0.0,0.0
10.0,6.18865943297165,0.00388819436529,0.0038881943588018,0.999992440940337,0.999992440940336,49.41361509124285,0.0,49.973800139086975,0.0,45.5950381367345,0.0,45.301923671477454,0.0,0.0,0.0,0.0,0.0,0.0,0.0
10.0,6.18890944547227,0.003888243709582,0.0038882437030958,0.9999924407484752,0.9999924407484742,49.41361507560797,0.0,49.973799759157615,0.0,45.5950381321953,0.0,45.301923591205565,0.0,0.0,0.0,0.0,0.0,0.0,0.0
10.0,6.1891594579729,0.0038882930551787,0.0038882930486944,0.999992440556605,0.999992440556604,49.41361505997038,0.0,49.97379937921374,0.0,45.59503812765591,0.0,45.3019235109305,0.0,0.0,0.0,0.0,0.0,0.0,0.0
10.0,6.18940947047352,0.00388834240208,0.0038883423955976,0.999992440364727,0.999992440364727,49.4136150443301,0.0,49.97379899925532,0.0,45.59503812311633,0.0,45.301923430652266,0.0,0.0,0.0,0.0,0.0,0.0,0.0
10.0,6.18965948297415,0.0038883917502857,0.0038883917438052,0.999992440172843,0.999992440172842,49.41361502868713,0.0,49.97379861928237,0.0,45.59503811857658,0.0,45.30192335037087,0.0,0.0,0.0,0.0,0.0,0.0,0.0
10.0,6.18990949547477,0.0038884410997959,0.0038884410933173,0.999992439980951,0.99999243998095,49.41361501304147,0.0,49.9737982392949,0.0,45.59503811403663,0.0,45.30192327008631,0.0,0.0,0.0,0.0,0.0,0.0,0.0
10.0,6.1901595079754,0.0038884904506105,0.0038884904441338,0.999992439789051,0.99999243978905,49.41361499739312,0.0,49.973797859292894,0.0,45.59503810949651,0.0,45.301923189798565,0.0,0.0,0.0,0.0,0.0,0.0,0.0
10.0,6.1904095204760194,0.0038885398027293,0.0038885397962546,0.999992439597144,0.9999924395971428,49.413614981742086,0.0,49.97379747927637,0.0,45.5950381049562,0.0,45.301923109507655,0.0,0.0,0.0,0.0,0.0,0.0,0.0
10.0,6.19065953297665,0.0038885891561525,0.0038885891496797,0.999992439405229,0.999992439405228,49.413614966088375,0.0,49.97379709924531,0.0,45.59503810041569,0.0,45.30192302921358,0.0,0.0,0.0,0.0,0.0,0.0,0.0
10.0,6.19090954547727,0.0038886385108799,0.0038886385044089,0.999992439213306,0.999992439213306,49.41361495043199,0.0,49.973796719199726,0.0,45.595038095875005,0.0,45.30192294891634,0.0,0.0,0.0,0.0,0.0,0.0,0.0
10.0,6.1911595579779,0.0038886878669114,0.0038886878604424,0.999992439021377,0.999992439021376,49.41361493477292,0.0,49.97379633913961,0.0,45.59503809133414,0.0,45.301922868615925,0.0,0.0,0.0,0.0,0.0,0.0,0.0
10.0,6.19140957047852,0.003888737224247,0.0038887372177799,0.999992438829439,0.999992438829439,49.41361491911119,0.0,49.97379595906496,0.0,45.59503808679308,0.0,45.30192278831234,0.0,0.0,0.0,0.0,0.0,0.0,0.0
10.0,6.19165958297915,0.0038887865828866,0.0038887865764215,0.9999924386374952,0.999992438637494,49.41361490344678,0.0,49.97379557897579,0.0,45.59503808225184,0.0,45.301922708005584,0.0,0.0,0.0,0.0,0.0,0.0,0.0
10.0,6.19190959547977,0.0038888359428302,0.003888835936367,0.999992438445542,0.999992438445542,49.41361488777971,0.0,49.97379519887209,0.0,45.59503807771041,0.0,45.30192262769567,0.0,0.0,0.0,0.0,0.0,0.0,0.0
10.0,6.1921596079804,0.0038888853040778,0.0038888852976165,0.999992438253582,0.999992438253582,49.41361487210998,0.0,49.97379481875386,0.0,45.5950380731688,0.0,45.30192254738258,0.0,0.0,0.0,0.0,0.0,0.0,0.0
10.0,6.19240962048102,0.0038889346666292,0.0038889346601698,0.999992438061615,0.999992438061615,49.41361485643759,0.0,49.97379443862111,0.0,45.595038068627005,0.0,45.30192246706632,0.0,0.0,0.0,0.0,0.0,0.0,0.0
10.0,6.19265963298165,0.0038889840304844,0.003888984024027,0.99999243786964,0.99999243786964,49.41361484076253,0.0,49.97379405847383,0.0,45.59503806408502,0.0,45.30192238674688,0.0,0.0,0.0,0.0,0.0,0.0,0.0
10.0,6.19290964548227,0.0038890333956434,0.0038890333891879,0.999992437677658,0.999992437677657,49.41361482508484,0.0,49.97379367831202,0.0,45.59503805954285,0.0,45.30192230642429,0.0,0.0,0.0,0.0,0.0,0.0,0.0
10.0,6.1931596579829,0.003889082762106,0.0038890827556524,0.999992437485668,0.999992437485667,49.413614809404486,0.0,49.97379329813568,0.0,45.59503805500051,0.0,45.301922226098526,0.0,0.0,0.0,0.0,0.0,0.0,0.0
10.0,6.19340967048352,0.0038891321298723,0.0038891321234207,0.999992437293671,0.99999243729367,49.41361479372148,0.0,49.97379291794481,0.0,45.595038050457966,0.0,45.30192214576959,0.0,0.0,0.0,0.0,0.0,0.0,0.0
10.0,6.19365968298415,0.0038891814989422,0.0038891814924925,0.999992437101666,0.9999924371016652,49.41361477803584,0.0,49.97379253773942,0.0,45.595038045915246,0.0,45.30192206543748,0.0,0.0,0.0,0.0,0.0,0.0,0.0
10.0,6.19390969548477,0.0038892308693156,0.0038892308628678,0.999992436909654,0.999992436909653,49.41361476234754,0.0,49.97379215751951,0.0,45.59503804137234,0.0,45.30192198510221,0.0,0.0,0.0,0.0,0.0,0.0,0.0
10.0,6.1941597079854,0.0038892802409925,0.0038892802345466,0.999992436717634,0.999992436717633,49.41361474665662,0.0,49.97379177728506,0.0,45.59503803682924,0.0,45.301921904763766,0.0,0.0,0.0,0.0,0.0,0.0,0.0
10.0,6.19440972048602,0.0038893296139727,0.0038893296075288,0.999992436525606,0.999992436525605,49.413614730963054,0.0,49.97379139703609,0.0,45.59503803228596,0.0,45.30192182442215,0.0,0.0,0.0,0.0,0.0,0.0,0.0
10.0,6.19465973298665,0.0038893789882564,0.0038893789818144,0.999992436333571,0.999992436333571,49.41361471526687,0.0,49.97379101677259,0.0,45.59503802774249,0.0,45.30192174407737,0.0,0.0,0.0,0.0,0.0,0.0,0.0
10.0,6.19490974548727,0.0038894283638433,0.0038894283574032,0.999992436141529,0.999992436141528,49.41361469956804,0.0,49.97379063649456,0.0,45.59503802319884,0.0,45.30192166372942,0.0,0.0,0.0,0.0,0.0,0.0,0.0
10.0,6.1951597579879,0.0038894777407334,0.0038894777342953,0.9999924359494788,0.999992435949478,49.41361468386659,0.0,49.97379025620201,0.0,45.59503801865501,0.0,45.30192158337831,0.0,0.0,0.0,0.0,0.0,0.0,0.0
10.0,6.19540977048852,0.0038895271189268,0.0038895271124906,0.999992435757422,0.999992435757421,49.41361466816251,0.0,49.97378987589493,0.0,45.59503801411098,0.0,45.30192150302402,0.0,0.0,0.0,0.0,0.0,0.0,0.0
10.0,6.19565978298915,0.0038895764984232,0.003889576491989,0.999992435565357,0.999992435565356,49.41361465245581,0.0,49.97378949557332,0.0,45.59503800956678,0.0,45.30192142266655,0.0,0.0,0.0,0.0,0.0,0.0,0.0
10.0,6.1959097954897695,0.0038896258792227,0.0038896258727904,0.999992435373284,0.999992435373284,49.4136146367465,0.0,49.97378911523719,0.0,45.59503800502239,0.0,45.30192134230592,0.0,0.0,0.0,0.0,0.0,0.0,0.0
10.0,6.1961598079904,0.0038896752613253,0.0038896752548949,0.999992435181204,0.999992435181204,49.41361462103457,0.0,49.97378873488653,0.0,45.59503800047781,0.0,45.30192126194213,0.0,0.0,0.0,0.0,0.0,0.0,0.0
10.0,6.19640982049102,0.0038897246447307,0.0038897246383023,0.999992434989117,0.999992434989116,49.41361460532003,0.0,49.97378835452134,0.0,45.595037995933055,0.0,45.30192118157517,0.0,0.0,0.0,0.0,0.0,0.0,0.0
10.0,6.19665983299165,0.0038897740294391,0.0038897740230126,0.999992434797022,0.999992434797021,49.41361458960287,0.0,49.97378797414163,0.0,45.5950379913881,0.0,45.30192110120504,0.0,0.0,0.0,0.0,0.0,0.0,0.0
10.0,6.19690984549227,0.0038898234154503,0.0038898234090258,0.99999243460492,0.9999924346049192,49.41361457388311,0.0,49.9737875937474,0.0,45.59503798684297,0.0,45.301921020831735,0.0,0.0,0.0,0.0,0.0,0.0,0.0
10.0,6.1971598579929,0.0038898728027643,0.0038898727963417,0.999992434412809,0.999992434412809,49.41361455816074,0.0,49.97378721333863,0.0,45.59503798229766,0.0,45.30192094045526,0.0,0.0,0.0,0.0,0.0,0.0,0.0
10.0,6.19740987049352,0.003889922191381,0.0038899221849603,0.999992434220692,0.999992434220692,49.413614542435774,0.0,49.973786832915344,0.0,45.59503797775214,0.0,45.301920860075626,0.0,0.0,0.0,0.0,0.0,0.0,0.0
10.0,6.19765988299415,0.0038899715813004,0.0038899715748816,0.999992434028567,0.999992434028567,49.413614526708216,0.0,49.97378645247753,0.0,45.59503797320647,0.0,45.301920779692814,0.0,0.0,0.0,0.0,0.0,0.0,0.0
10.0,6.19790989549477,0.0038900209725224,0.0038900209661056,0.9999924338364352,0.999992433836434,49.41361451097806,0.0,49.97378607202519,0.0,45.59503796866058,0.0,45.30192069930684,0.0,0.0,0.0,0.0,0.0,0.0,0.0
10.0,6.1981599079954,0.0038900703650469,0.003890070358632,0.999992433644295,0.999992433644294,49.4136144952453,0.0,49.97378569155833,0.0,45.595037964114525,0.0,45.30192061891769,0.0,0.0,0.0,0.0,0.0,0.0,0.0
10.0,6.198409920496031,0.0038901197588739,0.003890119752461,0.999992433452147,0.999992433452147,49.41361447950996,0.0,49.97378531107694,0.0,45.59503795956829,0.0,45.30192053852537,0.0,0.0,0.0,0.0,0.0,0.0,0.0
10.0,6.19865993299665,0.0038901691540034,0.0038901691475924,0.999992433259992,0.999992433259991,49.41361446377203,0.0,49.97378493058102,0.0,45.59503795502186,0.0,45.30192045812989,0.0,0.0,0.0,0.0,0.0,0.0,0.0
10.0,6.19890994549727,0.0038902185504353,0.0038902185440262,0.99999243306783,0.999992433067829,49.41361444803151,0.0,49.973784550070576,0.0,45.59503795047524,0.0,45.30192037773124,0.0,0.0,0.0,0.0,0.0,0.0,0.0
10.0,6.1991599579979,0.0038902679481694,0.0038902679417623,0.99999243287566,0.9999924328756592,49.41361443228842,0.0,49.97378416954561,0.0,45.59503794592843,0.0,45.30192029732942,0.0,0.0,0.0,0.0,0.0,0.0,0.0
10.0,6.19940997049852,0.0038903173472058,0.0038903173408007,0.999992432683482,0.999992432683481,49.41361441654274,0.0,49.97378378900612,0.0,45.59503794138145,0.0,45.301920216924415,0.0,0.0,0.0,0.0,0.0,0.0,0.0
10.0,6.19965998299915,0.0038903667475445,0.0038903667411412,0.999992432491297,0.999992432491297,49.4136144007945,0.0,49.97378340845211,0.0,45.59503793683428,0.0,45.301920136516266,0.0,0.0,0.0,0.0,0.0,0.0,0.0
10.0,6.19990999549977,0.0038904161491853,0.003890416142784,0.9999924322991052,0.999992432299104,49.41361438504367,0.0,49.97378302788356,0.0,45.59503793228693,0.0,45.30192005610493,0.0,0.0,0.0,0.0,0.0,0.0,0.0
10.0,6.2001600080004,0.0038904655521281,0.0038904655457288,0.999992432106905,0.999992432106904,49.41361436929028,0.0,49.97378264730049,0.0,45.59503792773938,0.0,45.30191997569044,0.0,0.0,0.0,0.0,0.0,0.0,0.0
10.0,6.20041002050102,0.0038905149563731,0.0038905149499757,0.999992431914697,0.999992431914696,49.41361435353432,0.0,49.97378226670291,0.0,45.59503792319165,0.0,45.30191989527277,0.0,0.0,0.0,0.0,0.0,0.0,0.0
10.0,6.200660033001651,0.00389056436192,0.0038905643555245,0.999992431722482,0.999992431722481,49.4136143377758,0.0,49.9737818860908,0.0,45.59503791864374,0.0,45.301919814851935,0.0,0.0,0.0,0.0,0.0,0.0,0.0
10.0,6.20091004550228,0.0038906137687688,0.0038906137623753,0.99999243153026,0.9999924315302592,49.413614322014695,0.0,49.97378150546415,0.0,45.59503791409565,0.0,45.301919734427926,0.0,0.0,0.0,0.0,0.0,0.0,0.0
10.0,6.2011600580029,0.0038906631769195,0.0038906631705279,0.99999243133803,0.9999924313380288,49.413614306251056,0.0,49.973781124822985,0.0,45.59503790954736,0.0,45.30191965400075,0.0,0.0,0.0,0.0,0.0,0.0,0.0
10.0,6.20141007050352,0.003890712586372,0.0038907125799823,0.999992431145792,0.9999924311457912,49.41361429048485,0.0,49.9737807441673,0.0,45.59503790499889,0.0,45.301919573570416,0.0,0.0,0.0,0.0,0.0,0.0,0.0
10.0,6.20166008300415,0.0038907619971262,0.0038907619907385,0.999992430953547,0.999992430953546,49.413614274716096,0.0,49.973780363497085,0.0,45.59503790045024,0.0,45.3019194931369,0.0,0.0,0.0,0.0,0.0,0.0,0.0
10.0,6.20191009550478,0.0038908114091821,0.0038908114027964,0.999992430761294,0.999992430761294,49.41361425894478,0.0,49.97377998281235,0.0,45.5950378959014,0.0,45.30191941270022,0.0,0.0,0.0,0.0,0.0,0.0,0.0
10.0,6.2021601080054,0.0038908608225397,0.0038908608161559,0.999992430569034,0.999992430569034,49.413614243170926,0.0,49.97377960211309,0.0,45.595037891352376,0.0,45.30191933226037,0.0,0.0,0.0,0.0,0.0,0.0,0.0
10.0,6.202410120506029,0.0038909102371989,0.003890910230817,0.999992430376767,0.999992430376766,49.413614227394525,0.0,49.97377922139931,0.0,45.59503788680316,0.0,45.30191925181735,0.0,0.0,0.0,0.0,0.0,0.0,0.0
10.0,6.20266013300665,0.0038909596531595,0.0038909596467796,0.999992430184492,0.9999924301844908,49.41361421161557,0.0,49.973778840671,0.0,45.59503788225377,0.0,45.30191917137116,0.0,0.0,0.0,0.0,0.0,0.0,0.0
10.0,6.20291014550727,0.0038910090704216,0.0038910090640437,0.999992429992209,0.999992429992208,49.41361419583409,0.0,49.97377845992816,0.0,45.59503787770418,0.0,45.30191909092181,0.0,0.0,0.0,0.0,0.0,0.0,0.0
10.0,6.2031601580079,0.0038910584889852,0.0038910584826092,0.999992429799919,0.999992429799918,49.41361418005008,0.0,49.97377807917081,0.0,45.59503787315442,0.0,45.30191901046928,0.0,0.0,0.0,0.0,0.0,0.0,0.0
10.0,6.20341017050853,0.0038911079088501,0.0038911079024761,0.999992429607621,0.999992429607621,49.41361416426352,0.0,49.973777698398926,0.0,45.59503786860448,0.0,45.30191893001359,0.0,0.0,0.0,0.0,0.0,0.0,0.0
10.0,6.20366018300915,0.0038911573300163,0.0038911573236442,0.999992429415316,0.9999924294153149,49.41361414847442,0.0,49.97377731761253,0.0,45.59503786405433,0.0,45.30191884955473,0.0,0.0,0.0,0.0,0.0,0.0,0.0
10.0,6.20391019550978,0.0038912067524837,0.0038912067461136,0.999992429223004,0.999992429223003,49.4136141326828,0.0,49.9737769368116,0.0,45.59503785950402,0.0,45.30191876909269,0.0,0.0,0.0,0.0,0.0,0.0,0.0
10.0,6.2041602080104,0.0038912561762523,0.0038912561698841,0.999992429030684,0.9999924290306832,49.41361411688865,0.0,49.97377655599615,0.0,45.595037854953496,0.0,45.30191868862751,0.0,0.0,0.0,0.0,0.0,0.0,0.0
10.0,6.20441022051103,0.003891305601322,0.0038913055949558,0.999992428838356,0.999992428838355,49.41361410109199,0.0,49.97377617516618,0.0,45.59503785040281,0.0,45.30191860815913,0.0,0.0,0.0,0.0,0.0,0.0,0.0
10.0,6.204660233011649,0.0038913550276928,0.0038913550213286,0.999992428646021,0.99999242864602,49.41361408529279,0.0,49.97377579432168,0.0,45.59503784585194,0.0,45.3019185276876,0.0,0.0,0.0,0.0,0.0,0.0,0.0
10.0,6.20491024551228,0.0038914044553646,0.0038914044490023,0.999992428453678,0.999992428453677,49.41361406949108,0.0,49.97377541346266,0.0,45.59503784130087,0.0,45.30191844721289,0.0,0.0,0.0,0.0,0.0,0.0,0.0
10.0,6.2051602580129,0.0038914538843374,0.003891453877977,0.999992428261328,0.999992428261327,49.41361405368686,0.0,49.97377503258913,0.0,45.595037836749626,0.0,45.301918366735016,0.0,0.0,0.0,0.0,0.0,0.0,0.0
10.0,6.20541027051353,0.003891503314611,0.0038915033082526,0.9999924280689702,0.99999242806897,49.41361403788012,0.0,49.97377465170106,0.0,45.59503783219819,0.0,45.30191828625397,0.0,0.0,0.0,0.0,0.0,0.0,0.0
10.0,6.20566028301415,0.0038915527461855,0.0038915527398291,0.999992427876605,0.999992427876604,49.41361402207087,0.0,49.97377427079847,0.0,45.59503782764656,0.0,45.301918205769766,0.0,0.0,0.0,0.0,0.0,0.0,0.0
10.0,6.20591029551478,0.0038916021790608,0.0038916021727063,0.999992427684233,0.999992427684232,49.4136140062591,0.0,49.973773889881365,0.0,45.59503782309477,0.0,45.301918125282384,0.0,0.0,0.0,0.0,0.0,0.0,0.0
10.0,6.206160308015401,0.0038916516132368,0.0038916516068842,0.999992427491852,0.999992427491852,49.41361399044484,0.0,49.97377350894973,0.0,45.59503781854277,0.0,45.30191804479183,0.0,0.0,0.0,0.0,0.0,0.0,0.0
10.0,6.20641032051603,0.0038917010487134,0.0038917010423628,0.999992427299465,0.999992427299464,49.41361397462807,0.0,49.97377312800359,0.0,45.595037813990594,0.0,45.30191796429811,0.0,0.0,0.0,0.0,0.0,0.0,0.0
10.0,6.20666033301665,0.0038917504854907,0.003891750479142,0.99999242710707,0.999992427107069,49.4136139588088,0.0,49.97377274704291,0.0,45.59503780943824,0.0,45.30191788380122,0.0,0.0,0.0,0.0,0.0,0.0,0.0
10.0,6.20691034551728,0.0038917999235685,0.0038917999172218,0.999992426914667,0.9999924269146662,49.41361394298704,0.0,49.973772366067706,0.0,45.59503780488569,0.0,45.30191780330117,0.0,0.0,0.0,0.0,0.0,0.0,0.0
10.0,6.2071603580179,0.0038918493629468,0.0038918493566021,0.999992426722257,0.999992426722256,49.41361392716277,0.0,49.97377198507799,0.0,45.59503780033295,0.0,45.301917722797945,0.0,0.0,0.0,0.0,0.0,0.0,0.0
10.0,6.20741037051853,0.0038918988036255,0.0038918987972827,0.999992426529839,0.999992426529838,49.41361391133602,0.0,49.97377160407374,0.0,45.59503779578005,0.0,45.30191764229155,0.0,0.0,0.0,0.0,0.0,0.0,0.0
10.0,6.20766038301915,0.0038919482456046,0.0038919482392638,0.999992426337414,0.999992426337413,49.41361389550677,0.0,49.97377122305498,0.0,45.59503779122694,0.0,45.301917561782,0.0,0.0,0.0,0.0,0.0,0.0,0.0
10.0,6.20791039551978,0.0038919976888841,0.0038919976825452,0.999992426144981,0.99999242614498,49.41361387967504,0.0,49.9737708420217,0.0,45.59503778667365,0.0,45.301917481269264,0.0,0.0,0.0,0.0,0.0,0.0,0.0
10.0,6.2081604080204,0.0038920471334638,0.0038920471271269,0.999992425952541,0.99999242595254,49.41361386384083,0.0,49.97377046097389,0.0,45.59503778212019,0.0,45.30191740075336,0.0,0.0,0.0,0.0,0.0,0.0,0.0
10.0,6.20841042052103,0.0038920965793437,0.0038920965730088,0.999992425760093,0.999992425760092,49.413613848004125,0.0,49.97377007991155,0.0,45.595037777566525,0.0,45.301917320234296,0.0,0.0,0.0,0.0,0.0,0.0,0.0
10.0,6.20866043302165,0.0038921460265237,0.0038921460201908,0.999992425567638,0.999992425567637,49.41361383216495,0.0,49.97376969883471,0.0,45.59503777301268,0.0,45.30191723971206,0.0,0.0,0.0,0.0,0.0,0.0,0.0
10.0,6.20891044552228,0.0038921954750039,0.0038921954686729,0.999992425375175,0.999992425375175,49.41361381632329,0.0,49.97376931774333,0.0,45.59503776845866,0.0,45.30191715918666,0.0,0.0,0.0,0.0,0.0,0.0,0.0
10.0,6.2091604580229,0.0038922449247841,0.0038922449184551,0.999992425182705,0.999992425182704,49.41361380047916,0.0,49.97376893663744,0.0,45.59503776390444,0.0,45.30191707865808,0.0,0.0,0.0,0.0,0.0,0.0,0.0
10.0,6.20941047052353,0.0038922943758643,0.0038922943695372,0.999992424990227,0.999992424990227,49.41361378463257,0.0,49.97376855551703,0.0,45.59503775935004,0.0,45.30191699812634,0.0,0.0,0.0,0.0,0.0,0.0,0.0
10.0,6.20966048302415,0.0038923438282444,0.0038923438219193,0.999992424797742,0.999992424797741,49.413613768783485,0.0,49.97376817438209,0.0,45.595037754795456,0.0,45.30191691759143,0.0,0.0,0.0,0.0,0.0,0.0,0.0
10.0,6.20991049552478,0.0038923932819243,0.0038923932756012,0.999992424605249,0.999992424605249,49.41361375293195,0.0,49.97376779323263,0.0,45.595037750240685,0.0,45.30191683705336,0.0,0.0,0.0,0.0,0.0,0.0,0.0
10.0,6.2101605080254,0.0038924427369041,0.0038924427305829,0.9999924244127492,0.999992424412748,49.413613737077945,0.0,49.973767412068646,0.0,45.59503774568573,0.0,45.30191675651209,0.0,0.0,0.0,0.0,0.0,0.0,0.0
10.0,6.21041052052603,0.0038924921931836,0.0038924921868644,0.999992424220241,0.999992424220241,49.41361372122148,0.0,49.97376703089015,0.0,45.59503774113059,0.0,45.30191667596768,0.0,0.0,0.0,0.0,0.0,0.0,0.0
10.0,6.21066053302665,0.0038925416507628,0.0038925416444456,0.999992424027726,0.9999924240277248,49.41361370536255,0.0,49.97376664969713,0.0,45.595037736575264,0.0,45.301916595420096,0.0,0.0,0.0,0.0,0.0,0.0,0.0
10.0,6.21091054552728,0.0038925911096417,0.0038925911033264,0.999992423835203,0.999992423835203,49.413613689501176,0.0,49.973766268489584,0.0,45.59503773201975,0.0,45.30191651486935,0.0,0.0,0.0,0.0,0.0,0.0,0.0
10.0,6.2111605580279,0.0038926405698201,0.0038926405635068,0.999992423642673,0.999992423642672,49.413613673637336,0.0,49.973765887267525,0.0,45.59503772746405,0.0,45.30191643431542,0.0,0.0,0.0,0.0,0.0,0.0,0.0
10.0,6.21141057052853,0.0038926900312981,0.0038926900249868,0.9999924234501352,0.999992423450135,49.41361365777105,0.0,49.97376550603095,0.0,45.595037722908174,0.0,45.30191635375832,0.0,0.0,0.0,0.0,0.0,0.0,0.0
10.0,6.21166058302915,0.0038927394940755,0.0038927394877662,0.99999242325759,0.9999924232575887,49.41361364190231,0.0,49.973765124779845,0.0,45.5950377183521,0.0,45.30191627319807,0.0,0.0,0.0,0.0,0.0,0.0,0.0
10.0,6.21191059552978,0.0038927889581523,0.003892788951845,0.999992423065037,0.999992423065037,49.41361362603112,0.0,49.973764743514224,0.0,45.59503771379586,0.0,45.30191619263464,0.0,0.0,0.0,0.0,0.0,0.0,0.0
10.0,6.2121606080304,0.0038928384235285,0.0038928384172231,0.999992422872477,0.999992422872476,49.4136136101575,0.0,49.97376436223408,0.0,45.59503770923941,0.0,45.30191611206805,0.0,0.0,0.0,0.0,0.0,0.0,0.0
10.0,6.21241062053103,0.003892887890204,0.0038928878839006,0.999992422679909,0.999992422679908,49.41361359428142,0.0,49.97376398093941,0.0,45.5950377046828,0.0,45.30191603149827,0.0,0.0,0.0,0.0,0.0,0.0,0.0
10.0,6.21266063303165,0.0038929373581787,0.0038929373518773,0.999992422487334,0.999992422487333,49.41361357840292,0.0,49.97376359963024,0.0,45.59503770012599,0.0,45.30191595092534,0.0,0.0,0.0,0.0,0.0,0.0,0.0
10.0,6.21291064553228,0.0038929868274526,0.0038929868211531,0.999992422294751,0.99999242229475,49.41361356252197,0.0,49.97376321830653,0.0,45.59503769556899,0.0,45.30191587034924,0.0,0.0,0.0,0.0,0.0,0.0,0.0
10.0,6.2131606580329,0.0038930362980257,0.0038930362917281,0.999992422102161,0.99999242210216,49.41361354663858,0.0,49.97376283696831,0.0,45.59503769101181,0.0,45.30191578976997,0.0,0.0,0.0,0.0,0.0,0.0,0.0
10.0,6.21341067053353,0.0038930857698978,0.0038930857636022,0.999992421909563,0.999992421909562,49.41361353075277,0.0,49.97376245561557,0.0,45.59503768645445,0.0,45.30191570918753,0.0,0.0,0.0,0.0,0.0,0.0,0.0
10.0,6.21366068303415,0.0038931352430689,0.0038931352367753,0.999992421716958,0.999992421716957,49.41361351486452,0.0,49.9737620742483,0.0,45.5950376818969,0.0,45.301915628601925,0.0,0.0,0.0,0.0,0.0,0.0,0.0
10.0,6.21391069553478,0.0038931847175389,0.0038931847112473,0.999992421524345,0.999992421524344,49.41361349897386,0.0,49.973761692866525,0.0,45.59503767733917,0.0,45.30191554801314,0.0,0.0,0.0,0.0,0.0,0.0,0.0
10.0,6.2141607080354,0.0038932341933079,0.0038932341870182,0.999992421331725,0.999992421331724,49.41361348308076,0.0,49.97376131147021,0.0,45.59503767278124,0.0,45.3019154674212,0.0,0.0,0.0,0.0,0.0,0.0,0.0
10.0,6.21441072053603,0.0038932836703756,0.003893283664088,0.999992421139097,0.999992421139096,49.41361346718524,0.0,49.9737609300594,0.0,45.595037668223135,0.0,45.30191538682609,0.0,0.0,0.0,0.0,0.0,0.0,0.0
10.0,6.21466073303665,0.0038933331487422,0.0038933331424565,0.999992420946461,0.999992420946461,49.41361345128731,0.0,49.97376054863406,0.0,45.59503766366484,0.0,45.301915306227805,0.0,0.0,0.0,0.0,0.0,0.0,0.0
10.0,6.2149107455372805,0.0038933826284075,0.0038933826221238,0.999992420753819,0.999992420753818,49.41361343538695,0.0,49.9737601671942,0.0,45.59503765910636,0.0,45.30191522562635,0.0,0.0,0.0,0.0,0.0,0.0,0.0
10.0,6.2151607580379,0.0038934321093715,0.0038934321030897,0.999992420561168,0.999992420561168,49.41361341948418,0.0,49.97375978573982,0.0,45.5950376545477,0.0,45.30191514502174,0.0,0.0,0.0,0.0,0.0,0.0,0.0
10.0,6.21541077053853,0.003893481591634,0.0038934815853543,0.999992420368511,0.99999242036851,49.413613403579,0.0,49.97375940427092,0.0,45.59503764998885,0.0,45.30191506441395,0.0,0.0,0.0,0.0,0.0,0.0,0.0
10.0,6.21566078303915,0.0038935310751952,0.0038935310689174,0.999992420175845,0.9999924201758448,49.41361338767141,0.0,49.97375902278751,0.0,45.59503764542982,0.0,45.301914983803,0.0,0.0,0.0,0.0,0.0,0.0,0.0
10.0,6.21591079553978,0.0038935805600548,0.003893580553779,0.999992419983172,0.999992419983172,49.4136133717614,0.0,49.97375864128957,0.0,45.59503764087061,0.0,45.30191490318887,0.0,0.0,0.0,0.0,0.0,0.0,0.0
10.0,6.2161608080404,0.0038936300462128,0.003893630039939,0.999992419790492,0.999992419790491,49.413613355849,0.0,49.97375825977713,0.0,45.5950376363112,0.0,45.30191482257157,0.0,0.0,0.0,0.0,0.0,0.0,0.0
10.0,6.21641082054103,0.0038936795336693,0.0038936795273974,0.9999924195978042,0.999992419597803,49.41361333993419,0.0,49.97375787825016,0.0,45.59503763175161,0.0,45.30191474195111,0.0,0.0,0.0,0.0,0.0,0.0,0.0
10.0,6.21666083304165,0.003893729022424,0.0038937290161542,0.999992419405109,0.999992419405108,49.41361332401698,0.0,49.97375749670866,0.0,45.59503762719184,0.0,45.30191466132748,0.0,0.0,0.0,0.0,0.0,0.0,0.0
10.0,6.21691084554228,0.0038937785124771,0.0038937785062092,0.999992419212406,0.999992419212405,49.41361330809737,0.0,49.97375711515266,0.0,45.59503762263188,0.0,45.30191458070069,0.0,0.0,0.0,0.0,0.0,0.0,0.0
10.0,6.2171608580429005,0.0038938280038283,0.0038938279975624,0.999992419019696,0.999992419019695,49.41361329217537,0.0,49.97375673358213,0.0,45.595037618071736,0.0,45.30191450007071,0.0,0.0,0.0,0.0,0.0,0.0,0.0
10.0,6.21741087054353,0.0038938774964777,0.0038938774902138,0.999992418826978,0.999992418826977,49.41361327625096,0.0,49.97375635199708,0.0,45.5950376135114,0.0,45.30191441943757,0.0,0.0,0.0,0.0,0.0,0.0,0.0
10.0,6.21766088304415,0.0038939269904252,0.0038939269841632,0.999992418634252,0.999992418634252,49.413613260324176,0.0,49.97375597039753,0.0,45.595037608950896,0.0,45.30191433880127,0.0,0.0,0.0,0.0,0.0,0.0,0.0
10.0,6.21791089554478,0.0038939764856707,0.0038939764794107,0.999992418441519,0.999992418441519,49.413613244395,0.0,49.97375558878343,0.0,45.59503760439019,0.0,45.301914258161794,0.0,0.0,0.0,0.0,0.0,0.0,0.0
10.0,6.2181609080454,0.0038940259822142,0.0038940259759562,0.999992418248779,0.999992418248778,49.41361322846343,0.0,49.97375520715484,0.0,45.5950375998293,0.0,45.30191417751916,0.0,0.0,0.0,0.0,0.0,0.0,0.0
10.0,6.21841092054603,0.0038940754800557,0.0038940754737997,0.999992418056031,0.99999241805603,49.41361321252948,0.0,49.97375482551172,0.0,45.59503759526823,0.0,45.30191409687336,0.0,0.0,0.0,0.0,0.0,0.0,0.0
10.0,6.21866093304665,0.003894124979195,0.003894124972941,0.999992417863276,0.999992417863275,49.413613196593154,0.0,49.97375444385408,0.0,45.59503759070698,0.0,45.30191401622437,0.0,0.0,0.0,0.0,0.0,0.0,0.0
10.0,6.21891094554728,0.0038941744796321,0.0038941744733801,0.999992417670513,0.999992417670512,49.41361318065445,0.0,49.97375406218193,0.0,45.59503758614554,0.0,45.30191393557222,0.0,0.0,0.0,0.0,0.0,0.0,0.0
10.0,6.2191609580479,0.003894223981367,0.0038942239751169,0.999992417477743,0.999992417477742,49.41361316471335,0.0,49.973753680495264,0.0,45.5950375815839,0.0,45.30191385491691,0.0,0.0,0.0,0.0,0.0,0.0,0.0
10.0,6.21941097054853,0.0038942734843995,0.0038942734781515,0.999992417284965,0.999992417284964,49.41361314876989,0.0,49.97375329879408,0.0,45.59503757702209,0.0,45.30191377425842,0.0,0.0,0.0,0.0,0.0,0.0,0.0
10.0,6.21966098304915,0.0038943229887298,0.0038943229824837,0.999992417092179,0.999992417092179,49.41361313282406,0.0,49.973752917078365,0.0,45.59503757246009,0.0,45.30191369359678,0.0,0.0,0.0,0.0,0.0,0.0,0.0
10.0,6.21991099554978,0.0038943724943575,0.0038943724881134,0.999992416899386,0.999992416899386,49.41361311687585,0.0,49.97375253534815,0.0,45.59503756789792,0.0,45.30191361293196,0.0,0.0,0.0,0.0,0.0,0.0,0.0
10.0,6.2201610080504,0.0038944220012829,0.0038944219950407,0.999992416706586,0.999992416706585,49.41361310092528,0.0,49.97375215360341,0.0,45.59503756333554,0.0,45.30191353226397,0.0,0.0,0.0,0.0,0.0,0.0,0.0
10.0,6.220411020551029,0.0038944715095057,0.0038944715032655,0.999992416513778,0.999992416513777,49.41361308497234,0.0,49.97375177184416,0.0,45.59503755877299,0.0,45.30191345159281,0.0,0.0,0.0,0.0,0.0,0.0,0.0
10.0,6.22066103305165,0.0038945210190259,0.0038945210127877,0.999992416320963,0.999992416320962,49.41361306901704,0.0,49.97375139007038,0.0,45.59503755421025,0.0,45.30191337091849,0.0,0.0,0.0,0.0,0.0,0.0,0.0
10.0,6.22091104555228,0.0038945705298434,0.0038945705236073,0.99999241612814,0.999992416128139,49.41361305305937,0.0,49.97375100828209,0.0,45.59503754964732,0.0,45.301913290241,0.0,0.0,0.0,0.0,0.0,0.0,0.0
10.0,6.2211610580529,0.0038946200419582,0.0038946200357241,0.9999924159353092,0.999992415935308,49.41361303709935,0.0,49.973750626479294,0.0,45.59503754508422,0.0,45.30191320956033,0.0,0.0,0.0,0.0,0.0,0.0,0.0
10.0,6.22141107055353,0.0038946695553704,0.0038946695491382,0.9999924157424708,0.9999924157424708,49.41361302113698,0.0,49.97375024466197,0.0,45.59503754052092,0.0,45.3019131288765,0.0,0.0,0.0,0.0,0.0,0.0,0.0
10.0,6.22166108305415,0.0038947190700796,0.0038947190638494,0.999992415549626,0.999992415549625,49.413613005172245,0.0,49.97374986283012,0.0,45.59503753595744,0.0,45.30191304818951,0.0,0.0,0.0,0.0,0.0,0.0,0.0
10.0,6.22191109555478,0.003894768586086,0.0038947685798578,0.999992415356773,0.999992415356772,49.41361298920516,0.0,49.97374948098376,0.0,45.59503753139376,0.0,45.30191296749934,0.0,0.0,0.0,0.0,0.0,0.0,0.0
10.0,6.2221611080554,0.0038948181033895,0.0038948180971633,0.9999924151639128,0.999992415163912,49.41361297323573,0.0,49.97374909912289,0.0,45.59503752682992,0.0,45.301912886806,0.0,0.0,0.0,0.0,0.0,0.0,0.0
10.0,6.22241112055603,0.00389486762199,0.0038948676157658,0.999992414971045,0.999992414971044,49.41361295726395,0.0,49.9737487172475,0.0,45.59503752226588,0.0,45.3019128061095,0.0,0.0,0.0,0.0,0.0,0.0,0.0
10.0,6.222661133056651,0.0038949171418874,0.0038949171356652,0.999992414778169,0.999992414778169,49.41361294128982,0.0,49.9737483353576,0.0,45.595037517701655,0.0,45.30191272540983,0.0,0.0,0.0,0.0,0.0,0.0,0.0
10.0,6.22291114555728,0.0038949666630818,0.0038949666568615,0.999992414585286,0.999992414585286,49.41361292531335,0.0,49.97374795345317,0.0,45.59503751313726,0.0,45.30191264470699,0.0,0.0,0.0,0.0,0.0,0.0,0.0
10.0,6.2231611580579,0.003895016185573,0.0038950161793547,0.999992414392396,0.999992414392395,49.41361290933455,0.0,49.97374757153423,0.0,45.59503750857266,0.0,45.30191256400098,0.0,0.0,0.0,0.0,0.0,0.0,0.0
10.0,6.22341117055853,0.0038950657093609,0.0038950657031447,0.999992414199498,0.9999924141994968,49.4136128933534,0.0,49.97374718960078,0.0,45.59503750400789,0.0,45.3019124832918,0.0,0.0,0.0,0.0,0.0,0.0,0.0
10.0,6.22366118305915,0.0038951152344456,0.0038951152282314,0.999992414006592,0.999992414006592,49.41361287736992,0.0,49.973746807652816,0.0,45.59503749944292,0.0,45.30191240257946,0.0,0.0,0.0,0.0,0.0,0.0,0.0
10.0,6.22391119555978,0.003895164760827,0.0038951647546147,0.999992413813679,0.999992413813679,49.413612861384095,0.0,49.97374642569032,0.0,45.59503749487777,0.0,45.301912321863945,0.0,0.0,0.0,0.0,0.0,0.0,0.0
10.0,6.2241612080604,0.003895214288505,0.0038952142822947,0.999992413620759,0.999992413620758,49.413612845395946,0.0,49.97374604371333,0.0,45.59503749031244,0.0,45.30191224114527,0.0,0.0,0.0,0.0,0.0,0.0,0.0
10.0,6.22441122056103,0.0038952638174795,0.0038952638112712,0.999992413427831,0.99999241342783,49.413612829405466,0.0,49.97374566172181,0.0,45.595037485746914,0.0,45.30191216042341,0.0,0.0,0.0,0.0,0.0,0.0,0.0
10.0,6.22466123306165,0.0038953133477505,0.0038953133415443,0.999992413234896,0.9999924132348952,49.41361281341266,0.0,49.97374527971578,0.0,45.59503748118121,0.0,45.30191207969839,0.0,0.0,0.0,0.0,0.0,0.0,0.0
10.0,6.22491124556228,0.003895362879318,0.0038953628731137,0.999992413041953,0.999992413041952,49.413612797417535,0.0,49.97374489769523,0.0,45.59503747661532,0.0,45.30191199897021,0.0,0.0,0.0,0.0,0.0,0.0,0.0
10.0,6.2251612580629,0.0038954124121819,0.0038954124059796,0.999992412849002,0.999992412849002,49.41361278142008,0.0,49.973744515660165,0.0,45.59503747204925,0.0,45.30191191823886,0.0,0.0,0.0,0.0,0.0,0.0,0.0
10.0,6.22541127056353,0.0038954619463421,0.0038954619401418,0.999992412656044,0.999992412656044,49.413612765420304,0.0,49.97374413361059,0.0,45.59503746748298,0.0,45.301911837504335,0.0,0.0,0.0,0.0,0.0,0.0,0.0
10.0,6.22566128306415,0.0038955114817985,0.0038955114756003,0.999992412463079,0.999992412463078,49.41361274941822,0.0,49.97374375154649,0.0,45.59503746291654,0.0,45.30191175676664,0.0,0.0,0.0,0.0,0.0,0.0,0.0
10.0,6.225911295564779,0.0038955610185512,0.0038955610123549,0.999992412270106,0.999992412270105,49.4136127334138,0.0,49.97374336946789,0.0,45.5950374583499,0.0,45.30191167602578,0.0,0.0,0.0,0.0,0.0,0.0,0.0
10.0,6.2261613080654,0.0038956105566001,0.0038956105504058,0.999992412077125,0.999992412077125,49.41361271740708,0.0,49.97374298737476,0.0,45.595037453783085,0.0,45.30191159528176,0.0,0.0,0.0,0.0,0.0,0.0,0.0
10.0,6.22641132056603,0.003895660095945,0.0038956600897527,0.9999924118841372,0.9999924118841372,49.41361270139805,0.0,49.97374260526713,0.0,45.59503744921608,0.0,45.30191151453456,0.0,0.0,0.0,0.0,0.0,0.0,0.0
10.0,6.22666133306665,0.003895709636586,0.0038957096303957,0.999992411691142,0.999992411691141,49.4136126853867,0.0,49.973742223144974,0.0,45.595037444648895,0.0,45.3019114337842,0.0,0.0,0.0,0.0,0.0,0.0,0.0
10.0,6.22691134556728,0.0038957591785229,0.0038957591723346,0.9999924114981388,0.999992411498138,49.413612669373045,0.0,49.97374184100831,0.0,45.595037440081526,0.0,45.30191135303067,0.0,0.0,0.0,0.0,0.0,0.0,0.0
10.0,6.2271613580679,0.0038958087217558,0.0038958087155695,0.999992411305128,0.999992411305128,49.41361265335709,0.0,49.97374145885713,0.0,45.595037435513966,0.0,45.30191127227396,0.0,0.0,0.0,0.0,0.0,0.0,0.0
10.0,6.22741137056853,0.0038958582662846,0.0038958582601003,0.99999241111211,0.99999241111211,49.41361263733883,0.0,49.97374107669143,0.0,45.59503743094622,0.0,45.3019111915141,0.0,0.0,0.0,0.0,0.0,0.0,0.0
10.0,6.22766138306915,0.0038959078121092,0.0038959078059269,0.9999924109190848,0.999992410919084,49.41361262131827,0.0,49.97374069451122,0.0,45.59503742637829,0.0,45.30191111075106,0.0,0.0,0.0,0.0,0.0,0.0,0.0
10.0,6.22791139556978,0.0038959573592295,0.0038959573530492,0.999992410726052,0.999992410726051,49.41361260529541,0.0,49.9737403123165,0.0,45.595037421810176,0.0,45.30191102998485,0.0,0.0,0.0,0.0,0.0,0.0,0.0
10.0,6.228161408070399,0.0038960069076456,0.0038960069014673,0.999992410533011,0.999992410533011,49.41361258927026,0.0,49.97373993010725,0.0,45.59503741724188,0.0,45.30191094921548,0.0,0.0,0.0,0.0,0.0,0.0,0.0
10.0,6.22841142057103,0.0038960564573573,0.003896056451181,0.999992410339963,0.9999924103399632,49.41361257324281,0.0,49.973739547883504,0.0,45.59503741267339,0.0,45.30191086844295,0.0,0.0,0.0,0.0,0.0,0.0,0.0
10.0,6.22866143307165,0.0038961060083645,0.0038961060021902,0.999992410146908,0.999992410146907,49.41361255721306,0.0,49.97373916564524,0.0,45.59503740810472,0.0,45.30191078766723,0.0,0.0,0.0,0.0,0.0,0.0,0.0
10.0,6.22891144557228,0.0038961555606673,0.0038961555544951,0.999992409953845,0.999992409953844,49.41361254118103,0.0,49.97373878339245,0.0,45.59503740353587,0.0,45.30191070688836,0.0,0.0,0.0,0.0,0.0,0.0,0.0
10.0,6.2291614580729,0.0038962051142656,0.0038962051080953,0.999992409760774,0.999992409760774,49.4136125251467,0.0,49.97373840112515,0.0,45.59503739896682,0.0,45.30191062610631,0.0,0.0,0.0,0.0,0.0,0.0,0.0
10.0,6.22941147057353,0.0038962546691593,0.003896254662991,0.999992409567696,0.999992409567696,49.4136125091101,0.0,49.97373801884336,0.0,45.5950373943976,0.0,45.30191054532109,0.0,0.0,0.0,0.0,0.0,0.0,0.0
10.0,6.22966148307415,0.0038963042253484,0.0038963042191821,0.9999924093746108,0.99999240937461,49.41361249307121,0.0,49.97373763654704,0.0,45.595037389828185,0.0,45.30191046453271,0.0,0.0,0.0,0.0,0.0,0.0,0.0
10.0,6.22991149557478,0.0038963537828327,0.0038963537766685,0.999992409181518,0.999992409181517,49.41361247703004,0.0,49.97373725423619,0.0,45.59503738525859,0.0,45.301910383741166,0.0,0.0,0.0,0.0,0.0,0.0,0.0
10.0,6.2301615080754,0.0038964033416123,0.0038964033354501,0.9999924089884172,0.999992408988417,49.413612460986585,0.0,49.973736871910845,0.0,45.595037380688815,0.0,45.30191030294644,0.0,0.0,0.0,0.0,0.0,0.0,0.0
10.0,6.23041152057603,0.0038964529016871,0.0038964528955269,0.999992408795309,0.9999924087953092,49.41361244494085,0.0,49.97373648957099,0.0,45.59503737611884,0.0,45.30191022214856,0.0,0.0,0.0,0.0,0.0,0.0,0.0
10.0,6.23066153307665,0.003896502463057,0.0038965024568988,0.999992408602194,0.9999924086021932,49.41361242889285,0.0,49.97373610721661,0.0,45.595037371548685,0.0,45.3019101413475,0.0,0.0,0.0,0.0,0.0,0.0,0.0
10.0,6.23091154557728,0.003896552025722,0.0038965520195658,0.999992408409071,0.99999240840907,49.413612412842575,0.0,49.97373572484773,0.0,45.59503736697834,0.0,45.301910060543285,0.0,0.0,0.0,0.0,0.0,0.0,0.0
10.0,6.2311615580779,0.0038966015896821,0.0038966015835278,0.99999240821594,0.9999924082159388,49.41361239679002,0.0,49.97373534246432,0.0,45.59503736240782,0.0,45.301909979735896,0.0,0.0,0.0,0.0,0.0,0.0,0.0
10.0,6.23141157057853,0.003896651154937,0.0038966511487848,0.999992408022802,0.9999924080228012,49.4136123807352,0.0,49.97373496006641,0.0,45.59503735783711,0.0,45.30190989892534,0.0,0.0,0.0,0.0,0.0,0.0,0.0
10.0,6.23166158307915,0.0038967007214869,0.0038967007153367,0.9999924078296568,0.999992407829656,49.41361236467812,0.0,49.97373457765399,0.0,45.59503735326622,0.0,45.30190981811161,0.0,0.0,0.0,0.0,0.0,0.0,0.0
10.0,6.23191159557978,0.0038967502893316,0.0038967502831834,0.999992407636504,0.999992407636503,49.41361234861877,0.0,49.97373419522704,0.0,45.595037348695136,0.0,45.30190973729471,0.0,0.0,0.0,0.0,0.0,0.0,0.0
10.0,6.2321616080804,0.0038967998584711,0.003896799852325,0.999992407443343,0.999992407443342,49.41361233255715,0.0,49.97373381278559,0.0,45.595037344123874,0.0,45.30190965647465,0.0,0.0,0.0,0.0,0.0,0.0,0.0
10.0,6.23241162058103,0.0038968494289054,0.0038968494227612,0.999992407250175,0.999992407250174,49.41361231649328,0.0,49.97373343032962,0.0,45.59503733955242,0.0,45.301909575651415,0.0,0.0,0.0,0.0,0.0,0.0,0.0
10.0,6.23266163308165,0.0038968990006343,0.0038968989944922,0.9999924070569988,0.9999924070569988,49.41361230042714,0.0,49.97373304785916,0.0,45.59503733498079,0.0,45.30190949482502,0.0,0.0,0.0,0.0,0.0,0.0,0.0
10.0,6.23291164558228,0.0038969485736579,0.0038969485675177,0.999992406863816,0.999992406863816,49.41361228435876,0.0,49.97373266537416,0.0,45.59503733040896,0.0,45.30190941399545,0.0,0.0,0.0,0.0,0.0,0.0,0.0
10.0,6.2331616580829,0.003896998147976,0.0038969981418378,0.999992406670626,0.999992406670625,49.41361226828811,0.0,49.97373228287466,0.0,45.59503732583696,0.0,45.30190933316271,0.0,0.0,0.0,0.0,0.0,0.0,0.0
10.0,6.23341167058353,0.0038970477235886,0.0038970477174525,0.999992406477428,0.9999924064774268,49.41361225221521,0.0,49.97373190036065,0.0,45.59503732126476,0.0,45.30190925232681,0.0,0.0,0.0,0.0,0.0,0.0,0.0
10.0,6.233661683084149,0.0038970973004956,0.0038970972943615,0.999992406284222,0.999992406284221,49.41361223614007,0.0,49.97373151783212,0.0,45.59503731669239,0.0,45.30190917148774,0.0,0.0,0.0,0.0,0.0,0.0,0.0
10.0,6.23391169558478,0.0038971468786971,0.003897146872565,0.999992406091009,0.999992406091008,49.41361222006266,0.0,49.97373113528908,0.0,45.59503731211982,0.0,45.3019090906455,0.0,0.0,0.0,0.0,0.0,0.0,0.0
10.0,6.2341617080854,0.0038971964581929,0.0038971964520628,0.9999924058977891,0.999992405897788,49.41361220398303,0.0,49.973730752731534,0.0,45.595037307547074,0.0,45.3019090098001,0.0,0.0,0.0,0.0,0.0,0.0,0.0
10.0,6.23441172058603,0.0038972460389829,0.0038972460328549,0.999992405704561,0.99999240570456,49.41361218790114,0.0,49.973730370159466,0.0,45.59503730297415,0.0,45.301908928951526,0.0,0.0,0.0,0.0,0.0,0.0,0.0
10.0,6.23466173308665,0.0038972956210672,0.0038972956149412,0.999992405511325,0.999992405511324,49.41361217181701,0.0,49.9737299875729,0.0,45.59503729840102,0.0,45.30190884809978,0.0,0.0,0.0,0.0,0.0,0.0,0.0
10.0,6.23491174558728,0.0038973452044457,0.0038973451983216,0.999992405318082,0.9999924053180808,49.41361215573065,0.0,49.97372960497181,0.0,45.59503729382772,0.0,45.30190876724487,0.0,0.0,0.0,0.0,0.0,0.0,0.0
10.0,6.2351617580879,0.0038973947891182,0.0038973947829962,0.9999924051248312,0.9999924051248312,49.41361213964203,0.0,49.97372922235622,0.0,45.59503728925422,0.0,45.30190868638679,0.0,0.0,0.0,0.0,0.0,0.0,0.0
10.0,6.23541177058853,0.0038974443750848,0.0038974443689648,0.999992404931573,0.999992404931572,49.41361212355119,0.0,49.97372883972611,0.0,45.59503728468056,0.0,45.30190860552554,0.0,0.0,0.0,0.0,0.0,0.0,0.0
10.0,6.23566178308915,0.0038974939623454,0.0038974939562274,0.999992404738308,0.9999924047383068,49.41361210745811,0.0,49.97372845708149,0.0,45.595037280106695,0.0,45.30190852466113,0.0,0.0,0.0,0.0,0.0,0.0,0.0
10.0,6.23591179558978,0.0038975435508999,0.003897543544784,0.999992404545035,0.999992404545034,49.4136120913628,0.0,49.97372807442236,0.0,45.59503727553265,0.0,45.30190844379354,0.0,0.0,0.0,0.0,0.0,0.0,0.0
10.0,6.2361618080904,0.0038975931407483,0.0038975931346344,0.999992404351754,0.999992404351753,49.41361207526526,0.0,49.97372769174872,0.0,45.59503727095841,0.0,45.3019083629228,0.0,0.0,0.0,0.0,0.0,0.0,0.0
10.0,6.23641182059103,0.0038976427318905,0.0038976427257786,0.999992404158466,0.999992404158465,49.41361205916549,0.0,49.97372730906056,0.0,45.595037266384,0.0,45.30190828204888,0.0,0.0,0.0,0.0,0.0,0.0,0.0
10.0,6.23666183309165,0.0038976923243265,0.0038976923182166,0.99999240396517,0.99999240396517,49.413612043063495,0.0,49.97372692635791,0.0,45.5950372618094,0.0,45.30190820117178,0.0,0.0,0.0,0.0,0.0,0.0,0.0
10.0,6.23691184559228,0.0038977419180562,0.0038977419119483,0.9999924037718668,0.9999924037718668,49.41361202695927,0.0,49.97372654364074,0.0,45.59503725723461,0.0,45.301908120291536,0.0,0.0,0.0,0.0,0.0,0.0,0.0
10.0,6.2371618580929,0.0038977915130796,0.0038977915069737,0.999992403578557,0.999992403578556,49.41361201085283,0.0,49.973726160909045,0.0,45.59503725265965,0.0,45.3019080394081,0.0,0.0,0.0,0.0,0.0,0.0,0.0
10.0,6.23741187059353,0.0038978411093965,0.0038978411032927,0.9999924033852388,0.999992403385238,49.41361199474417,0.0,49.97372577816285,0.0,45.59503724808448,0.0,45.301907958521525,0.0,0.0,0.0,0.0,0.0,0.0,0.0
10.0,6.23766188309415,0.003897890707007,0.0038978907009052,0.999992403191913,0.999992403191912,49.41361197863328,0.0,49.97372539540215,0.0,45.59503724350914,0.0,45.30190787763176,0.0,0.0,0.0,0.0,0.0,0.0,0.0
10.0,6.23791189559478,0.0038979403059109,0.0038979402998111,0.9999924029985802,0.999992402998579,49.41361196252019,0.0,49.973725012626936,0.0,45.595037238933614,0.0,45.30190779673883,0.0,0.0,0.0,0.0,0.0,0.0,0.0
10.0,6.2381619080954,0.0038979899061083,0.0038979899000105,0.999992402805239,0.999992402805239,49.41361194640488,0.0,49.97372462983721,0.0,45.595037234357896,0.0,45.301907715842745,0.0,0.0,0.0,0.0,0.0,0.0,0.0
10.0,6.238411920596031,0.0038980395075991,0.0038980395015033,0.999992402611891,0.999992402611891,49.41361193028735,0.0,49.973724247032976,0.0,45.595037229782,0.0,45.30190763494348,0.0,0.0,0.0,0.0,0.0,0.0,0.0
10.0,6.23866193309665,0.0038980891103831,0.0038980891042894,0.999992402418536,0.999992402418535,49.41361191416762,0.0,49.97372386421422,0.0,45.59503722520591,0.0,45.30190755404105,0.0,0.0,0.0,0.0,0.0,0.0,0.0
10.0,6.23891194559728,0.0038981387144604,0.0038981387083687,0.999992402225173,0.999992402225172,49.41361189804568,0.0,49.973723481380965,0.0,45.59503722062964,0.0,45.30190747313545,0.0,0.0,0.0,0.0,0.0,0.0,0.0
10.0,6.2391619580979,0.0038981883198309,0.0038981883137412,0.9999924020318018,0.9999924020318008,49.41361188192153,0.0,49.9737230985332,0.0,45.59503721605319,0.0,45.30190739222668,0.0,0.0,0.0,0.0,0.0,0.0,0.0
10.0,6.23941197059853,0.0038982379264946,0.0038982379204069,0.999992401838424,0.9999924018384228,49.413611865795176,0.0,49.97372271567093,0.0,45.595037211476544,0.0,45.30190731131475,0.0,0.0,0.0,0.0,0.0,0.0,0.0
10.0,6.23966198309916,0.0038982875344513,0.0038982875283656,0.999992401645039,0.999992401645038,49.41361184966662,0.0,49.97372233279413,0.0,45.59503720689972,0.0,45.30190723039965,0.0,0.0,0.0,0.0,0.0,0.0,0.0
10.0,6.23991199559978,0.003898337143701,0.0038983371376174,0.9999924014516453,0.999992401451644,49.41361183353585,0.0,49.97372194990284,0.0,45.59503720232271,0.0,45.30190714948137,0.0,0.0,0.0,0.0,0.0,0.0,0.0
10.0,6.2401620081004,0.0038983867542437,0.0038983867481621,0.999992401258245,0.999992401258244,49.4136118174029,0.0,49.97372156699703,0.0,45.59503719774551,0.0,45.301907068559935,0.0,0.0,0.0,0.0,0.0,0.0,0.0
10.0,6.24041202060103,0.0038984363660794,0.0038984363599998,0.999992401064837,0.999992401064836,49.41361180126775,0.0,49.97372118407672,0.0,45.595037193168125,0.0,45.30190698763533,0.0,0.0,0.0,0.0,0.0,0.0,0.0
10.0,6.24066203310166,0.0038984859792078,0.0038984859731303,0.999992400871421,0.99999240087142,49.413611785130406,0.0,49.97372080114189,0.0,45.59503718859056,0.0,45.301906906707565,0.0,0.0,0.0,0.0,0.0,0.0,0.0
10.0,6.24091204560228,0.0038985355936291,0.0038985355875536,0.999992400677998,0.999992400677997,49.41361176899086,0.0,49.97372041819256,0.0,45.5950371840128,0.0,45.30190682577662,0.0,0.0,0.0,0.0,0.0,0.0,0.0
10.0,6.24116205810291,0.0038985852093431,0.0038985852032696,0.999992400484568,0.999992400484567,49.413611752849135,0.0,49.97372003522872,0.0,45.59503717943487,0.0,45.301906744842505,0.0,0.0,0.0,0.0,0.0,0.0,0.0
10.0,6.24141207060353,0.0038986348263498,0.0038986348202783,0.999992400291129,0.999992400291129,49.41361173670521,0.0,49.97371965225037,0.0,45.59503717485674,0.0,45.30190666390524,0.0,0.0,0.0,0.0,0.0,0.0,0.0
10.0,6.24166208310415,0.0038986844446491,0.0038986844385797,0.999992400097684,0.9999924000976832,49.4136117205591,0.0,49.97371926925751,0.0,45.59503717027844,0.0,45.30190658296479,0.0,0.0,0.0,0.0,0.0,0.0,0.0
10.0,6.24191209560478,0.003898734064241,0.0038987340581736,0.999992399904231,0.99999239990423,49.41361170441081,0.0,49.97371888625013,0.0,45.595037165699935,0.0,45.301906502021176,0.0,0.0,0.0,0.0,0.0,0.0,0.0
10.0,6.24216210810541,0.0038987836851254,0.00389878367906,0.99999239971077,0.999992399710769,49.41361168826033,0.0,49.97371850322826,0.0,45.59503716112126,0.0,45.30190642107439,0.0,0.0,0.0,0.0,0.0,0.0,0.0
10.0,6.24241212060603,0.0038988333073022,0.0038988333012389,0.999992399517302,0.999992399517301,49.41361167210767,0.0,49.97371812019187,0.0,45.5950371565424,0.0,45.30190634012444,0.0,0.0,0.0,0.0,0.0,0.0,0.0
10.0,6.24266213310665,0.0038988829307715,0.0038988829247102,0.999992399323826,0.999992399323826,49.41361165595284,0.0,49.97371773714098,0.0,45.59503715196335,0.0,45.30190625917133,0.0,0.0,0.0,0.0,0.0,0.0,0.0
10.0,6.24291214560728,0.0038989325555331,0.0038989325494738,0.999992399130343,0.999992399130342,49.41361163979582,0.0,49.97371735407557,0.0,45.59503714738412,0.0,45.30190617821505,0.0,0.0,0.0,0.0,0.0,0.0,0.0
10.0,6.24316215810791,0.003898982181587,0.0038989821755297,0.9999923989368528,0.999992398936852,49.41361162363663,0.0,49.97371697099565,0.0,45.59503714280469,0.0,45.3019060972556,0.0,0.0,0.0,0.0,0.0,0.0,0.0
10.0,6.24341217060853,0.0038990318089331,0.0038990318028778,0.999992398743354,0.999992398743354,49.41361160747527,0.0,49.97371658790124,0.0,45.59503713822509,0.0,45.301906016292975,0.0,0.0,0.0,0.0,0.0,0.0,0.0
10.0,6.24366218310916,0.0038990814375713,0.0038990814315181,0.999992398549849,0.999992398549848,49.41361159131172,0.0,49.973716204792304,0.0,45.59503713364529,0.0,45.30190593532719,0.0,0.0,0.0,0.0,0.0,0.0,0.0
10.0,6.243912195609781,0.0038991310675017,0.0038991310614506,0.999992398356336,0.999992398356335,49.413611575146014,0.0,49.97371582166886,0.0,45.59503712906531,0.0,45.30190585435824,0.0,0.0,0.0,0.0,0.0,0.0,0.0
10.0,6.2441622081104,0.0038991806987242,0.003899180692675,0.999992398162815,0.999992398162814,49.41361155897815,0.0,49.97371543853092,0.0,45.59503712448515,0.0,45.30190577338611,0.0,0.0,0.0,0.0,0.0,0.0,0.0
10.0,6.24441222061103,0.0038992303312386,0.0038992303251915,0.999992397969287,0.999992397969286,49.4136115428081,0.0,49.97371505537847,0.0,45.5950371199048,0.0,45.30190569241081,0.0,0.0,0.0,0.0,0.0,0.0,0.0
10.0,6.24466223311166,0.003899279965045,0.0038992799589999,0.999992397775751,0.999992397775751,49.41361152663589,0.0,49.97371467221151,0.0,45.595037115324274,0.0,45.30190561143236,0.0,0.0,0.0,0.0,0.0,0.0,0.0
10.0,6.24491224561228,0.0038993296001432,0.0038993295941002,0.999992397582208,0.999992397582208,49.41361151046152,0.0,49.97371428903003,0.0,45.595037110743554,0.0,45.30190553045074,0.0,0.0,0.0,0.0,0.0,0.0,0.0
10.0,6.24516225811291,0.0038993792365333,0.0038993792304924,0.999992397388658,0.999992397388657,49.41361149428499,0.0,49.97371390583406,0.0,45.59503710616264,0.0,45.30190544946595,0.0,0.0,0.0,0.0,0.0,0.0,0.0
10.0,6.24541227061353,0.0038994288742152,0.0038994288681763,0.9999923971951,0.999992397195099,49.413611478106304,0.0,49.97371352262357,0.0,45.59503710158156,0.0,45.30190536847798,0.0,0.0,0.0,0.0,0.0,0.0,0.0
10.0,6.24566228311416,0.0038994785131888,0.0038994785071519,0.999992397001534,0.999992397001533,49.41361146192546,0.0,49.973713139398576,0.0,45.59503709700029,0.0,45.30190528748685,0.0,0.0,0.0,0.0,0.0,0.0,0.0
10.0,6.24591229561478,0.003899528153454,0.0038995281474192,0.9999923968079608,0.99999239680796,49.41361144574245,0.0,49.97371275615908,0.0,45.59503709241883,0.0,45.30190520649256,0.0,0.0,0.0,0.0,0.0,0.0,0.0
10.0,6.24616230811541,0.0038995777950109,0.0038995777889781,0.99999239661438,0.99999239661438,49.4136114295573,0.0,49.97371237290507,0.0,45.59503708783718,0.0,45.30190512549509,0.0,0.0,0.0,0.0,0.0,0.0,0.0
10.0,6.24641232061603,0.0038996274378593,0.0038996274318285,0.999992396420792,0.999992396420792,49.41361141336999,0.0,49.97371198963656,0.0,45.59503708325535,0.0,45.30190504449445,0.0,0.0,0.0,0.0,0.0,0.0,0.0
10.0,6.24666233311666,0.0038996770819991,0.0038996770759704,0.999992396227197,0.999992396227196,49.41361139718053,0.0,49.97371160635354,0.0,45.595037078673336,0.0,45.30190496349066,0.0,0.0,0.0,0.0,0.0,0.0,0.0
10.0,6.24691234561728,0.0038997267274304,0.0038997267214037,0.9999923960335932,0.9999923960335932,49.41361138098893,0.0,49.973711223056014,0.0,45.59503707409113,0.0,45.3019048824837,0.0,0.0,0.0,0.0,0.0,0.0,0.0
10.0,6.24716235811791,0.0038997763741531,0.0038997763681284,0.999992395839983,0.999992395839982,49.41361136479519,0.0,49.97371083974398,0.0,45.59503706950874,0.0,45.30190480147356,0.0,0.0,0.0,0.0,0.0,0.0,0.0
10.0,6.24741237061853,0.0038998260221671,0.0038998260161445,0.9999923956463648,0.999992395646364,49.41361134859928,0.0,49.97371045641743,0.0,45.595037064926174,0.0,45.30190472046025,0.0,0.0,0.0,0.0,0.0,0.0,0.0
10.0,6.24766238311916,0.0038998756714724,0.0038998756654518,0.9999923954527388,0.999992395452738,49.41361133240125,0.0,49.97371007307638,0.0,45.595037060343415,0.0,45.30190463944378,0.0,0.0,0.0,0.0,0.0,0.0,0.0
10.0,6.24791239561978,0.0038999253220688,0.0038999253160503,0.999992395259106,0.999992395259105,49.41361131620107,0.0,49.97370968972083,0.0,45.59503705576047,0.0,45.30190455842414,0.0,0.0,0.0,0.0,0.0,0.0,0.0
10.0,6.24816240812041,0.0038999749739564,0.0038999749679399,0.999992395065465,0.999992395065464,49.41361129999874,0.0,49.97370930635077,0.0,45.59503705117734,0.0,45.30190447740134,0.0,0.0,0.0,0.0,0.0,0.0,0.0
10.0,6.24841242062103,0.0039000246271351,0.0039000246211206,0.999992394871817,0.999992394871816,49.4136112837943,0.0,49.9737089229662,0.0,45.59503704659404,0.0,45.30190439637536,0.0,0.0,0.0,0.0,0.0,0.0,0.0
10.0,6.24866243312166,0.0039000742816048,0.0039000742755924,0.999992394678161,0.999992394678161,49.41361126758771,0.0,49.97370853956713,0.0,45.59503704201053,0.0,45.30190431534623,0.0,0.0,0.0,0.0,0.0,0.0,0.0
10.0,6.24891244562228,0.0039001239373655,0.0039001239313552,0.999992394484499,0.999992394484498,49.41361125137898,0.0,49.97370815615355,0.0,45.59503703742684,0.0,45.30190423431391,0.0,0.0,0.0,0.0,0.0,0.0,0.0
10.0,6.24916245812291,0.0039001735944172,0.0039001735884088,0.999992394290828,0.999992394290827,49.413611235168126,0.0,49.973707772725454,0.0,45.59503703284298,0.0,45.30190415327844,0.0,0.0,0.0,0.0,0.0,0.0,0.0
10.0,6.249412470623529,0.0039002232527596,0.0039002232467533,0.99999239409715,0.999992394097149,49.41361121895514,0.0,49.97370738928287,0.0,45.59503702825892,0.0,45.30190407223979,0.0,0.0,0.0,0.0,0.0,0.0,0.0
10.0,6.24966248312416,0.0039002729123929,0.0039002729063887,0.999992393903464,0.999992393903463,49.41361120274003,0.0,49.973707005825766,0.0,45.59503702367468,0.0,45.301903991197975,0.0,0.0,0.0,0.0,0.0,0.0,0.0
10.0,6.24991249562478,0.003900322573317,0.0039003225673147,0.9999923937097708,0.99999239370977,49.41361118652279,0.0,49.973706622354165,0.0,45.595037019090256,0.0,45.301903910153,0.0,0.0,0.0,0.0,0.0,0.0,0.0
10.0,6.25016250812541,0.0039003722355317,0.0039003722295315,0.9999923935160702,0.99999239351607,49.41361117030343,0.0,49.97370623886805,0.0,45.59503701450564,0.0,45.30190382910486,0.0,0.0,0.0,0.0,0.0,0.0,0.0
10.0,6.25041252062603,0.003900421899037,0.0039004218930389,0.999992393322362,0.999992393322362,49.41361115408194,0.0,49.97370585536744,0.0,45.59503700992085,0.0,45.30190374805354,0.0,0.0,0.0,0.0,0.0,0.0,0.0
10.0,6.25066253312666,0.003900471563833,0.0039004715578369,0.999992393128647,0.999992393128646,49.41361113785834,0.0,49.97370547185231,0.0,45.59503700533586,0.0,45.30190366699906,0.0,0.0,0.0,0.0,0.0,0.0,0.0
10.0,6.25091254562728,0.0039005212299194,0.0039005212239254,0.9999923929349231,0.9999923929349231,49.413611121632606,0.0,49.97370508832268,0.0,45.5950370007507,0.0,45.3019035859414,0.0,0.0,0.0,0.0,0.0,0.0,0.0
10.0,6.25116255812791,0.0039005708972963,0.0039005708913043,0.999992392741193,0.999992392741192,49.41361110540476,0.0,49.97370470477855,0.0,45.59503699616535,0.0,45.30190350488059,0.0,0.0,0.0,0.0,0.0,0.0,0.0
10.0,6.25141257062853,0.0039006205659637,0.0039006205599737,0.999992392547455,0.999992392547454,49.41361108917481,0.0,49.97370432121991,0.0,45.5950369915798,0.0,45.30190342381661,0.0,0.0,0.0,0.0,0.0,0.0,0.0
10.0,6.25166258312916,0.0039006702359213,0.0039006702299334,0.999992392353709,0.999992392353709,49.41361107294273,0.0,49.97370393764677,0.0,45.59503698699408,0.0,45.301903342749455,0.0,0.0,0.0,0.0,0.0,0.0,0.0
10.0,6.25191259562978,0.0039007199071693,0.0039007199011834,0.999992392159956,0.999992392159955,49.41361105670855,0.0,49.97370355405912,0.0,45.595036982408175,0.0,45.30190326167913,0.0,0.0,0.0,0.0,0.0,0.0,0.0
10.0,6.25216260813041,0.0039007695797075,0.0039007695737237,0.999992391966195,0.999992391966195,49.41361104047225,0.0,49.973703170456965,0.0,45.59503697782208,0.0,45.30190318060565,0.0,0.0,0.0,0.0,0.0,0.0,0.0
10.0,6.25241262063103,0.0039008192535359,0.0039008192475541,0.999992391772427,0.999992391772427,49.413611024233845,0.0,49.97370278684031,0.0,45.5950369732358,0.0,45.30190309952899,0.0,0.0,0.0,0.0,0.0,0.0,0.0
10.0,6.25266263313166,0.0039008689286544,0.0039008689226747,0.999992391578652,0.999992391578651,49.41361100799333,0.0,49.97370240320915,0.0,45.59503696864933,0.0,45.30190301844917,0.0,0.0,0.0,0.0,0.0,0.0,0.0
10.0,6.25291264563228,0.0039009186050629,0.0039009185990853,0.999992391384869,0.999992391384868,49.41361099175071,0.0,49.97370201956348,0.0,45.595036964062686,0.0,45.30190293736617,0.0,0.0,0.0,0.0,0.0,0.0,0.0
10.0,6.25316265813291,0.0039009682827615,0.0039009682767859,0.999992391191078,0.999992391191077,49.41361097550599,0.0,49.9737016359033,0.0,45.59503695947585,0.0,45.301902856280016,0.0,0.0,0.0,0.0,0.0,0.0,0.0
10.0,6.25341267063353,0.00390101796175,0.0039010179557765,0.99999239099728,0.9999923909972792,49.41361095925917,0.0,49.97370125222864,0.0,45.595036954888826,0.0,45.3019027751907,0.0,0.0,0.0,0.0,0.0,0.0,0.0
10.0,6.25366268313416,0.0039010676420285,0.003901067636057,0.999992390803474,0.999992390803473,49.41361094301024,0.0,49.97370086853945,0.0,45.59503695030162,0.0,45.3019026940982,0.0,0.0,0.0,0.0,0.0,0.0,0.0
10.0,6.25391269563478,0.0039011173235967,0.0039011173176273,0.9999923906096612,0.99999239060966,49.413610926759226,0.0,49.97370048483577,0.0,45.59503694571424,0.0,45.30190261300254,0.0,0.0,0.0,0.0,0.0,0.0,0.0
10.0,6.25416270813541,0.0039011670064548,0.0039011670004874,0.999992390415841,0.99999239041584,49.41361091050611,0.0,49.97370010111757,0.0,45.59503694112665,0.0,45.30190253190371,0.0,0.0,0.0,0.0,0.0,0.0,0.0
10.0,6.25441272063603,0.0039012166906025,0.0039012166846372,0.999992390222012,0.999992390222012,49.413610894250894,0.0,49.97369971738488,0.0,45.59503693653889,0.0,45.30190245080172,0.0,0.0,0.0,0.0,0.0,0.0,0.0
10.0,6.25466273313666,0.0039012663760399,0.0039012663700767,0.999992390028177,0.999992390028176,49.413610877993584,0.0,49.97369933363768,0.0,45.595036931950936,0.0,45.30190236969655,0.0,0.0,0.0,0.0,0.0,0.0,0.0
10.0,6.25491274563728,0.003901316062767,0.0039013160568057,0.999992389834334,0.999992389834333,49.41361086173419,0.0,49.97369894987598,0.0,45.595036927362806,0.0,45.301902288588224,0.0,0.0,0.0,0.0,0.0,0.0,0.0
10.0,6.25516275813791,0.0039013657507836,0.0039013657448244,0.999992389640483,0.999992389640483,49.41361084547271,0.0,49.97369856609978,0.0,45.59503692277449,0.0,45.30190220747672,0.0,0.0,0.0,0.0,0.0,0.0,0.0
10.0,6.25541277063853,0.0039014154400897,0.0039014154341325,0.999992389446625,0.999992389446624,49.41361082920913,0.0,49.97369818230906,0.0,45.59503691818599,0.0,45.30190212636206,0.0,0.0,0.0,0.0,0.0,0.0,0.0
10.0,6.25566278313916,0.0039014651306852,0.0039014651247301,0.999992389252759,0.999992389252759,49.41361081294347,0.0,49.97369779850385,0.0,45.5950369135973,0.0,45.30190204524422,0.0,0.0,0.0,0.0,0.0,0.0,0.0
10.0,6.25591279563978,0.0039015148225701,0.0039015148166171,0.999992389058886,0.999992389058886,49.41361079667573,0.0,49.97369741468413,0.0,45.59503690900842,0.0,45.301901964123225,0.0,0.0,0.0,0.0,0.0,0.0,0.0
10.0,6.25616280814041,0.0039015645157444,0.0039015645097934,0.999992388865006,0.999992388865005,49.41361078040589,0.0,49.97369703084991,0.0,45.59503690441936,0.0,45.301901882999054,0.0,0.0,0.0,0.0,0.0,0.0,0.0
10.0,6.25641282064103,0.0039016142102079,0.003901614204259,0.999992388671118,0.9999923886711172,49.41361076413399,0.0,49.97369664700119,0.0,45.59503689983012,0.0,45.30190180187172,0.0,0.0,0.0,0.0,0.0,0.0,0.0
10.0,6.25666283314166,0.0039016639059606,0.0039016639000137,0.9999923884772222,0.9999923884772212,49.41361074785999,0.0,49.97369626313796,0.0,45.59503689524069,0.0,45.30190172074122,0.0,0.0,0.0,0.0,0.0,0.0,0.0
10.0,6.25691284564228,0.0039017136030025,0.0039017135970577,0.9999923882833192,0.999992388283318,49.41361073158393,0.0,49.97369587926024,0.0,45.59503689065107,0.0,45.30190163960755,0.0,0.0,0.0,0.0,0.0,0.0,0.0
10.0,6.25716285814291,0.0039017633013334,0.0039017632953907,0.999992388089408,0.999992388089407,49.413610715305786,0.0,49.973695495368,0.0,45.59503688606127,0.0,45.30190155847072,0.0,0.0,0.0,0.0,0.0,0.0,0.0
10.0,6.25741287064353,0.0039018130009534,0.0039018129950128,0.99999238789549,0.999992387895489,49.41361069902557,0.0,49.97369511146126,0.0,45.59503688147129,0.0,45.30190147733071,0.0,0.0,0.0,0.0,0.0,0.0,0.0
10.0,6.25766288314416,0.0039018627018625,0.0039018626959238,0.999992387701565,0.999992387701564,49.41361068274328,0.0,49.97369472754002,0.0,45.5950368768811,0.0,45.30190139618754,0.0,0.0,0.0,0.0,0.0,0.0,0.0
10.0,6.25791289564478,0.0039019124040604,0.0039019123981238,0.999992387507631,0.9999923875076308,49.41361066645892,0.0,49.97369434360428,0.0,45.59503687229075,0.0,45.30190131504119,0.0,0.0,0.0,0.0,0.0,0.0,0.0
10.0,6.25816290814541,0.0039019621075472,0.0039019621016127,0.9999923873136912,0.99999238731369,49.41361065017249,0.0,49.97369395965403,0.0,45.59503686770021,0.0,45.30190123389169,0.0,0.0,0.0,0.0,0.0,0.0,0.0
10.0,6.25841292064603,0.0039020118123228,0.0039020118063904,0.9999923871197433,0.999992387119742,49.413610633883984,0.0,49.97369357568929,0.0,45.595036863109485,0.0,45.30190115273901,0.0,0.0,0.0,0.0,0.0,0.0,0.0
10.0,6.25866293314666,0.0039020615183872,0.0039020615124568,0.999992386925787,0.999992386925786,49.41361061759342,0.0,49.97369319171004,0.0,45.59503685851856,0.0,45.30190107158317,0.0,0.0,0.0,0.0,0.0,0.0,0.0
10.0,6.25891294564728,0.0039021112257402,0.0039021112198119,0.999992386731824,0.9999923867318232,49.41361060130079,0.0,49.97369280771628,0.0,45.59503685392747,0.0,45.30190099042416,0.0,0.0,0.0,0.0,0.0,0.0,0.0
10.0,6.25916295814791,0.0039021609343819,0.0039021609284557,0.999992386537853,0.9999923865378528,49.4136105850061,0.0,49.97369242370803,0.0,45.59503684933618,0.0,45.30190090926198,0.0,0.0,0.0,0.0,0.0,0.0,0.0
10.0,6.25941297064853,0.0039022106443123,0.0039022106383881,0.999992386343875,0.999992386343875,49.41361056870935,0.0,49.97369203968528,0.0,45.59503684474471,0.0,45.30190082809664,0.0,0.0,0.0,0.0,0.0,0.0,0.0
10.0,6.259662983149161,0.0039022603555311,0.003902260349609,0.99999238614989,0.9999923861498888,49.41361055241053,0.0,49.97369165564801,0.0,45.59503684015306,0.0,45.30190074692813,0.0,0.0,0.0,0.0,0.0,0.0,0.0
10.0,6.25991299564978,0.0039023100680384,0.0039023100621183,0.9999923859558968,0.999992385955896,49.41361053610967,0.0,49.97369127159625,0.0,45.59503683556122,0.0,45.30190066575645,0.0,0.0,0.0,0.0,0.0,0.0,0.0
10.0,6.26016300815041,0.0039023597818341,0.0039023597759161,0.999992385761896,0.999992385761895,49.41361051980672,0.0,49.97369088752999,0.0,45.59503683096919,0.0,45.3019005845816,0.0,0.0,0.0,0.0,0.0,0.0,0.0
10.0,6.26041302065103,0.0039024094969182,0.0039024094910023,0.999992385567888,0.999992385567887,49.41361050350175,0.0,49.97369050344923,0.0,45.59503682637698,0.0,45.30190050340359,0.0,0.0,0.0,0.0,0.0,0.0,0.0
10.0,6.26066303315166,0.0039024592132906,0.0039024592073767,0.999992385373872,0.999992385373871,49.41361048719471,0.0,49.97369011935396,0.0,45.59503682178458,0.0,45.30190042222241,0.0,0.0,0.0,0.0,0.0,0.0,0.0
10.0,6.26091304565228,0.0039025089309512,0.0039025089250394,0.999992385179849,0.999992385179849,49.413610470885615,0.0,49.97368973524419,0.0,45.595036817192,0.0,45.30190034103806,0.0,0.0,0.0,0.0,0.0,0.0,0.0
10.0,6.26116305815291,0.0039025586499001,0.0039025586439903,0.9999923849858188,0.999992384985818,49.41361045457449,0.0,49.97368935111992,0.0,45.59503681259923,0.0,45.30190025985054,0.0,0.0,0.0,0.0,0.0,0.0,0.0
10.0,6.26141307065353,0.003902608370137,0.0039026083642293,0.99999238479178,0.99999238479178,49.4136104382613,0.0,49.97368896698114,0.0,45.59503680800628,0.0,45.30190017865986,0.0,0.0,0.0,0.0,0.0,0.0,0.0
10.0,6.26166308315416,0.003902658091662,0.0039026580857564,0.999992384597735,0.999992384597734,49.41361042194608,0.0,49.97368858282788,0.0,45.59503680341314,0.0,45.30190009746601,0.0,0.0,0.0,0.0,0.0,0.0,0.0
10.0,6.261913095654781,0.0039027078144751,0.0039027078085715,0.999992384403682,0.999992384403681,49.4136104056288,0.0,49.9736881986601,0.0,45.59503679881981,0.0,45.301900016269,0.0,0.0,0.0,0.0,0.0,0.0,0.0
10.0,6.26216310815541,0.0039027575385761,0.0039027575326746,0.999992384209621,0.999992384209621,49.41361038930948,0.0,49.97368781447782,0.0,45.59503679422631,0.0,45.30189993506881,0.0,0.0,0.0,0.0,0.0,0.0,0.0
10.0,6.26241312065603,0.003902807263965,0.0039028072580656,0.999992384015553,0.999992384015553,49.41361037298812,0.0,49.973687430281046,0.0,45.595036789632616,0.0,45.30189985386546,0.0,0.0,0.0,0.0,0.0,0.0,0.0
10.0,6.26266313315666,0.0039028569906418,0.0039028569847444,0.999992383821478,0.999992383821477,49.41361035666471,0.0,49.97368704606977,0.0,45.59503678503874,0.0,45.301899772658935,0.0,0.0,0.0,0.0,0.0,0.0,0.0
10.0,6.26291314565728,0.0039029067186063,0.003902906712711,0.999992383627395,0.999992383627394,49.41361034033927,0.0,49.97368666184399,0.0,45.59503678044467,0.0,45.30189969144925,0.0,0.0,0.0,0.0,0.0,0.0,0.0
10.0,6.26316315815791,0.0039029564478586,0.0039029564419654,0.999992383433304,0.999992383433303,49.4136103240118,0.0,49.97368627760371,0.0,45.59503677585042,0.0,45.3018996102364,0.0,0.0,0.0,0.0,0.0,0.0,0.0
10.0,6.26341317065853,0.0039030061783986,0.0039030061725074,0.999992383239206,0.999992383239205,49.41361030768229,0.0,49.97368589334893,0.0,45.595036771255984,0.0,45.301899529020375,0.0,0.0,0.0,0.0,0.0,0.0,0.0
10.0,6.26366318315916,0.0039030559102262,0.0039030559043371,0.9999923830451,0.9999923830451,49.41361029135074,0.0,49.97368550907965,0.0,45.59503676666136,0.0,45.30189944780119,0.0,0.0,0.0,0.0,0.0,0.0,0.0
10.0,6.26391319565978,0.0039031056433413,0.0039031056374543,0.999992382850987,0.999992382850986,49.41361027501716,0.0,49.97368512479587,0.0,45.59503676206656,0.0,45.30189936657883,0.0,0.0,0.0,0.0,0.0,0.0,0.0
10.0,6.26416320816041,0.003903155377744,0.003903155371859,0.999992382656867,0.999992382656866,49.41361025868155,0.0,49.97368474049758,0.0,45.59503675747156,0.0,45.30189928535332,0.0,0.0,0.0,0.0,0.0,0.0,0.0
10.0,6.26441322066103,0.0039032051134341,0.0039032051075512,0.9999923824627392,0.999992382462738,49.41361024234392,0.0,49.973684356184805,0.0,45.59503675287638,0.0,45.30189920412462,0.0,0.0,0.0,0.0,0.0,0.0,0.0
10.0,6.26466323316166,0.0039032548504116,0.0039032548445308,0.999992382268603,0.999992382268602,49.41361022600424,0.0,49.97368397185752,0.0,45.59503674828103,0.0,45.30189912289276,0.0,0.0,0.0,0.0,0.0,0.0,0.0
10.0,6.26491324566228,0.0039033045886765,0.0039033045827977,0.99999238207446,0.999992382074459,49.41361020966256,0.0,49.973683587515744,0.0,45.59503674368548,0.0,45.30189904165773,0.0,0.0,0.0,0.0,0.0,0.0,0.0
10.0,6.265163258162909,0.0039033543282286,0.0039033543223519,0.999992381880309,0.999992381880309,49.41361019331884,0.0,49.97368320315946,0.0,45.59503673908975,0.0,45.30189896041954,0.0,0.0,0.0,0.0,0.0,0.0,0.0
10.0,6.26541327066353,0.0039034040690679,0.0039034040631933,0.999992381686151,0.999992381686151,49.4136101769731,0.0,49.973682818788674,0.0,45.595036734493824,0.0,45.30189887917819,0.0,0.0,0.0,0.0,0.0,0.0,0.0
10.0,6.26566328316416,0.0039034538111944,0.0039034538053219,0.999992381491986,0.999992381491985,49.41361016062535,0.0,49.97368243440339,0.0,45.59503672989772,0.0,45.30189879793365,0.0,0.0,0.0,0.0,0.0,0.0,0.0
10.0,6.26591329566478,0.0039035035546081,0.0039035035487376,0.9999923812978132,0.999992381297812,49.413610144275566,0.0,49.97368205000361,0.0,45.59503672530143,0.0,45.30189871668597,0.0,0.0,0.0,0.0,0.0,0.0,0.0
10.0,6.26616330816541,0.0039035532993087,0.0039035532934404,0.999992381103632,0.999992381103631,49.41361012792377,0.0,49.973681665589325,0.0,45.59503672070496,0.0,45.3018986354351,0.0,0.0,0.0,0.0,0.0,0.0,0.0
10.0,6.26641332066603,0.0039036030452964,0.0039036030394301,0.999992380909444,0.999992380909443,49.41361011156996,0.0,49.97368128116055,0.0,45.5950367161083,0.0,45.30189855418107,0.0,0.0,0.0,0.0,0.0,0.0,0.0
10.0,6.26666333316666,0.003903652792571,0.0039036527867068,0.999992380715249,0.999992380715248,49.413610095214125,0.0,49.97368089671726,0.0,45.59503671151145,0.0,45.30189847292388,0.0,0.0,0.0,0.0,0.0,0.0,0.0
10.0,6.26691334566728,0.0039037025411325,0.0039037025352704,0.999992380521045,0.999992380521045,49.41361007885629,0.0,49.97368051225949,0.0,45.595036706914414,0.0,45.30189839166352,0.0,0.0,0.0,0.0,0.0,0.0,0.0
10.0,6.26716335816791,0.0039037522909808,0.0039037522851208,0.999992380326835,0.999992380326834,49.41361006249644,0.0,49.97368012778721,0.0,45.5950367023172,0.0,45.30189831039999,0.0,0.0,0.0,0.0,0.0,0.0,0.0
10.0,6.267413370668531,0.0039038020421159,0.0039038020362579,0.9999923801326168,0.9999923801326162,49.413610046134565,0.0,49.97367974330042,0.0,45.595036697719806,0.0,45.3018982291333,0.0,0.0,0.0,0.0,0.0,0.0,0.0
10.0,6.26766338316916,0.0039038517945377,0.0039038517886818,0.9999923799383909,0.99999237993839,49.4136100297707,0.0,49.97367935879915,0.0,45.59503669312222,0.0,45.30189814786343,0.0,0.0,0.0,0.0,0.0,0.0,0.0
10.0,6.26791339566978,0.0039039015482462,0.0039039015423924,0.999992379744158,0.999992379744158,49.41361001340482,0.0,49.973678974283374,0.0,45.595036688524445,0.0,45.3018980665904,0.0,0.0,0.0,0.0,0.0,0.0,0.0
10.0,6.26816340817041,0.0039039513032413,0.0039039512973895,0.999992379549918,0.999992379549917,49.413609997036936,0.0,49.9736785897531,0.0,45.59503668392648,0.0,45.3018979853142,0.0,0.0,0.0,0.0,0.0,0.0,0.0
10.0,6.26841342067103,0.0039040010595229,0.0039040010536732,0.99999237935567,0.999992379355669,49.41360998066705,0.0,49.97367820520832,0.0,45.595036679328345,0.0,45.30189790403484,0.0,0.0,0.0,0.0,0.0,0.0,0.0
10.0,6.26866343317166,0.0039040508170909,0.0039040508112433,0.999992379161414,0.999992379161413,49.41360996429516,0.0,49.97367782064905,0.0,45.59503667473,0.0,45.301897822752295,0.0,0.0,0.0,0.0,0.0,0.0,0.0
10.0,6.26891344567228,0.0039041005759454,0.0039041005700999,0.999992378967151,0.99999237896715,49.41360994792127,0.0,49.97367743607528,0.0,45.5950366701315,0.0,45.30189774146661,0.0,0.0,0.0,0.0,0.0,0.0,0.0
10.0,6.26916345817291,0.0039041503360863,0.0039041503302429,0.999992378772881,0.99999237877288,49.41360993154538,0.0,49.973677051487016,0.0,45.5950366655328,0.0,45.30189766017773,0.0,0.0,0.0,0.0,0.0,0.0,0.0
10.0,6.26941347067353,0.0039042000975135,0.0039042000916722,0.999992378578603,0.999992378578602,49.41360991516749,0.0,49.973676666884245,0.0,45.59503666093392,0.0,45.3018975788857,0.0,0.0,0.0,0.0,0.0,0.0,0.0
10.0,6.26966348317416,0.003904249860227,0.0039042498543877,0.999992378384317,0.999992378384316,49.413609898787605,0.0,49.97367628226697,0.0,45.59503665633484,0.0,45.301897497590495,0.0,0.0,0.0,0.0,0.0,0.0,0.0
10.0,6.26991349567478,0.0039042996242266,0.0039042996183894,0.999992378190024,0.999992378190023,49.41360988240572,0.0,49.9736758976352,0.0,45.59503665173559,0.0,45.301897416292135,0.0,0.0,0.0,0.0,0.0,0.0,0.0
10.0,6.27016350817541,0.0039043493895124,0.0039043493836773,0.999992377995724,0.9999923779957228,49.41360986602184,0.0,49.97367551298895,0.0,45.59503664713615,0.0,45.3018973349906,0.0,0.0,0.0,0.0,0.0,0.0,0.0
10.0,6.27041352067603,0.0039043991560843,0.0039043991502513,0.9999923778014153,0.999992377801415,49.413609849635975,0.0,49.97367512832819,0.0,45.59503664253651,0.0,45.30189725368589,0.0,0.0,0.0,0.0,0.0,0.0,0.0
10.0,6.270663533176659,0.0039044489239423,0.0039044489181113,0.9999923776071,0.999992377607099,49.41360983324813,0.0,49.97367474365292,0.0,45.59503663793671,0.0,45.30189717237803,0.0,0.0,0.0,0.0,0.0,0.0,0.0
10.0,6.27091354567728,0.0039044986930862,0.0039044986872573,0.999992377412777,0.999992377412776,49.41360981685828,0.0,49.973674358963166,0.0,45.59503663333671,0.0,45.30189709106699,0.0,0.0,0.0,0.0,0.0,0.0,0.0
10.0,6.27116355817791,0.003904548463516,0.0039045484576892,0.999992377218446,0.999992377218446,49.413609800466446,0.0,49.97367397425892,0.0,45.59503662873653,0.0,45.30189700975279,0.0,0.0,0.0,0.0,0.0,0.0,0.0
10.0,6.27141357067853,0.0039045982352316,0.0039045982294069,0.999992377024108,0.999992377024108,49.41360978407262,0.0,49.97367358954016,0.0,45.59503662413616,0.0,45.30189692843542,0.0,0.0,0.0,0.0,0.0,0.0,0.0
10.0,6.27166358317916,0.0039046480082331,0.0039046480024105,0.999992376829763,0.999992376829762,49.41360976767682,0.0,49.973673204806914,0.0,45.595036619535605,0.0,45.30189684711488,0.0,0.0,0.0,0.0,0.0,0.0,0.0
10.0,6.27191359567978,0.0039046977825203,0.0039046977766998,0.99999237663541,0.999992376635409,49.41360975127903,0.0,49.97367282005917,0.0,45.59503661493486,0.0,45.30189676579118,0.0,0.0,0.0,0.0,0.0,0.0,0.0
10.0,6.27216360818041,0.0039047475580933,0.0039047475522748,0.9999923764410492,0.999992376441049,49.41360973487927,0.0,49.97367243529692,0.0,45.59503661033394,0.0,45.3018966844643,0.0,0.0,0.0,0.0,0.0,0.0,0.0
10.0,6.27241362068103,0.0039047973349518,0.0039047973291354,0.9999923762466808,0.9999923762466808,49.41360971847752,0.0,49.97367205052017,0.0,45.59503660573284,0.0,45.30189660313426,0.0,0.0,0.0,0.0,0.0,0.0,0.0
10.0,6.27266363318166,0.0039048471130959,0.0039048471072816,0.999992376052306,0.999992376052305,49.41360970207379,0.0,49.973671665728936,0.0,45.59503660113154,0.0,45.301896521801055,0.0,0.0,0.0,0.0,0.0,0.0,0.0
10.0,6.272913645682279,0.0039048968925256,0.0039048968867133,0.999992375857923,0.999992375857922,49.413609685668085,0.0,49.97367128092319,0.0,45.59503659653006,0.0,45.30189644046468,0.0,0.0,0.0,0.0,0.0,0.0,0.0
10.0,6.27316365818291,0.0039049466732407,0.0039049466674305,0.999992375663532,0.9999923756635322,49.41360966926041,0.0,49.97367089610296,0.0,45.59503659192839,0.0,45.30189635912515,0.0,0.0,0.0,0.0,0.0,0.0,0.0
10.0,6.27341367068354,0.0039049964552412,0.0039049964494331,0.999992375469134,0.999992375469134,49.41360965285075,0.0,49.97367051126824,0.0,45.59503658732654,0.0,45.30189627778244,0.0,0.0,0.0,0.0,0.0,0.0,0.0
10.0,6.27366368318416,0.0039050462385271,0.0039050462327211,0.999992375274729,0.999992375274728,49.41360963643913,0.0,49.97367012641901,0.0,45.59503658272451,0.0,45.301896196436566,0.0,0.0,0.0,0.0,0.0,0.0,0.0
10.0,6.27391369568478,0.0039050960230982,0.0039050960172943,0.999992375080316,0.9999923750803152,49.41360962002553,0.0,49.97366974155528,0.0,45.59503657812229,0.0,45.30189611508752,0.0,0.0,0.0,0.0,0.0,0.0,0.0
10.0,6.27416370818541,0.0039051458089546,0.0039051458031528,0.999992374885896,0.9999923748858948,49.41360960360997,0.0,49.97366935667706,0.0,45.59503657351988,0.0,45.30189603373532,0.0,0.0,0.0,0.0,0.0,0.0,0.0
10.0,6.27441372068603,0.0039051955960962,0.0039051955902965,0.999992374691468,0.999992374691467,49.41360958719244,0.0,49.97366897178435,0.0,45.59503656891729,0.0,45.30189595237994,0.0,0.0,0.0,0.0,0.0,0.0,0.0
10.0,6.27466373318666,0.0039052453845229,0.0039052453787253,0.999992374497032,0.999992374497031,49.41360957077293,0.0,49.97366858687713,0.0,45.595036564314505,0.0,45.301895871021394,0.0,0.0,0.0,0.0,0.0,0.0,0.0
10.0,6.27491374568728,0.0039052951742346,0.0039052951684391,0.999992374302589,0.999992374302588,49.41360955435147,0.0,49.97366820195542,0.0,45.59503655971155,0.0,45.30189578965969,0.0,0.0,0.0,0.0,0.0,0.0,0.0
10.0,6.27516375818791,0.0039053449652314,0.003905344959438,0.999992374108138,0.999992374108138,49.41360953792804,0.0,49.97366781701922,0.0,45.59503655510839,0.0,45.301895708294815,0.0,0.0,0.0,0.0,0.0,0.0,0.0
10.0,6.27541377068853,0.0039053947575131,0.0039053947517218,0.99999237391368,0.99999237391368,49.41360952150264,0.0,49.97366743206852,0.0,45.59503655050506,0.0,45.30189562692677,0.0,0.0,0.0,0.0,0.0,0.0,0.0
10.0,6.27566378318916,0.0039054445510797,0.0039054445452905,0.9999923737192152,0.999992373719214,49.41360950507529,0.0,49.97366704710331,0.0,45.59503654590154,0.0,45.30189554555556,0.0,0.0,0.0,0.0,0.0,0.0,0.0
10.0,6.27591379568979,0.0039054943459312,0.003905494340144,0.999992373524742,0.9999923735247408,49.41360948864597,0.0,49.97366666212362,0.0,45.59503654129784,0.0,45.30189546418119,0.0,0.0,0.0,0.0,0.0,0.0,0.0
10.0,6.27616380819041,0.0039055441420674,0.0039055441362824,0.999992373330262,0.999992373330261,49.4136094722147,0.0,49.97366627712943,0.0,45.59503653669395,0.0,45.30189538280364,0.0,0.0,0.0,0.0,0.0,0.0,0.0
10.0,6.27641382069103,0.0039055939394884,0.0039055939337054,0.999992373135774,0.999992373135773,49.41360945578148,0.0,49.97366589212074,0.0,45.59503653208986,0.0,45.30189530142293,0.0,0.0,0.0,0.0,0.0,0.0,0.0
10.0,6.27666383319166,0.003905643738194,0.0039056437324131,0.999992372941278,0.999992372941278,49.41360943934628,0.0,49.97366550709757,0.0,45.59503652748561,0.0,45.30189522003906,0.0,0.0,0.0,0.0,0.0,0.0,0.0
10.0,6.27691384569228,0.0039056935381843,0.0039056935324055,0.999992372746776,0.999992372746775,49.41360942290916,0.0,49.97366512205989,0.0,45.59503652288116,0.0,45.30189513865201,0.0,0.0,0.0,0.0,0.0,0.0,0.0
10.0,6.27716385819291,0.0039057433394591,0.0039057433336824,0.999992372552265,0.999992372552264,49.41360940647007,0.0,49.97366473700771,0.0,45.59503651827653,0.0,45.3018950572618,0.0,0.0,0.0,0.0,0.0,0.0,0.0
10.0,6.27741387069354,0.0039057931420184,0.0039057931362438,0.9999923723577469,0.999992372357746,49.41360939002902,0.0,49.973664351941046,0.0,45.59503651367172,0.0,45.301894975868414,0.0,0.0,0.0,0.0,0.0,0.0,0.0
10.0,6.27766388319416,0.0039058429458621,0.0039058429400896,0.999992372163222,0.9999923721632208,49.413609373586034,0.0,49.97366396685988,0.0,45.59503650906672,0.0,45.30189489447188,0.0,0.0,0.0,0.0,0.0,0.0,0.0
10.0,6.27791389569478,0.0039058927509903,0.0039058927452198,0.999992371968689,0.999992371968688,49.4136093571411,0.0,49.97366358176422,0.0,45.595036504461525,0.0,45.30189481307217,0.0,0.0,0.0,0.0,0.0,0.0,0.0
10.0,6.27816390819541,0.0039059425574027,0.0039059425516344,0.999992371774148,0.999992371774147,49.41360934069421,0.0,49.97366319665407,0.0,45.59503649985614,0.0,45.301894731669286,0.0,0.0,0.0,0.0,0.0,0.0,0.0
10.0,6.27841392069604,0.0039059923650994,0.0039059923593332,0.9999923715796,0.9999923715796,49.413609324245385,0.0,49.97366281152942,0.0,45.59503649525059,0.0,45.30189465026324,0.0,0.0,0.0,0.0,0.0,0.0,0.0
10.0,6.27866393319666,0.0039060421740804,0.0039060421683162,0.999992371385045,0.999992371385044,49.41360930779461,0.0,49.97366242639029,0.0,45.59503649064485,0.0,45.30189456885402,0.0,0.0,0.0,0.0,0.0,0.0,0.0
10.0,6.27891394569729,0.0039060919843455,0.0039060919785834,0.999992371190482,0.999992371190481,49.4136092913419,0.0,49.97366204123664,0.0,45.59503648603892,0.0,45.30189448744164,0.0,0.0,0.0,0.0,0.0,0.0,0.0
10.0,6.27916395819791,0.0039061417958947,0.0039061417901347,0.999992370995912,0.999992370995911,49.41360927488724,0.0,49.9736616560685,0.0,45.59503648143281,0.0,45.3018944060261,0.0,0.0,0.0,0.0,0.0,0.0,0.0
10.0,6.27941397069853,0.0039061916087279,0.0039061916029701,0.9999923708013332,0.999992370801333,49.41360925843064,0.0,49.97366127088589,0.0,45.5950364768265,0.0,45.30189432460739,0.0,0.0,0.0,0.0,0.0,0.0,0.0
10.0,6.27966398319916,0.0039062414228452,0.0039062414170894,0.999992370606748,0.999992370606747,49.4136092419721,0.0,49.97366088568875,0.0,45.595036472220016,0.0,45.3018942431855,0.0,0.0,0.0,0.0,0.0,0.0,0.0
10.0,6.27991399569979,0.0039062912382463,0.0039062912324927,0.999992370412155,0.999992370412154,49.41360922551164,0.0,49.973660500477145,0.0,45.59503646761336,0.0,45.30189416176046,0.0,0.0,0.0,0.0,0.0,0.0,0.0
10.0,6.28016400820041,0.0039063410549314,0.0039063410491798,0.999992370217555,0.999992370217554,49.41360920904923,0.0,49.97366011525104,0.0,45.595036463006494,0.0,45.30189408033224,0.0,0.0,0.0,0.0,0.0,0.0,0.0
10.0,6.28041402070103,0.0039063908729002,0.0039063908671508,0.9999923700229468,0.999992370022946,49.41360919258488,0.0,49.973659730010425,0.0,45.59503645839945,0.0,45.30189399890086,0.0,0.0,0.0,0.0,0.0,0.0,0.0
10.0,6.28066403320166,0.0039064406921529,0.0039064406864055,0.999992369828332,0.999992369828331,49.413609176118605,0.0,49.973659344755326,0.0,45.59503645379223,0.0,45.30189391746632,0.0,0.0,0.0,0.0,0.0,0.0,0.0
10.0,6.28091404570228,0.0039064905126892,0.0039064905069439,0.999992369633709,0.999992369633708,49.4136091596504,0.0,49.97365895948573,0.0,45.59503644918481,0.0,45.3018938360286,0.0,0.0,0.0,0.0,0.0,0.0,0.0
10.0,6.28116405820291,0.0039065403345091,0.003906540328766,0.999992369439078,0.999992369439077,49.41360914318027,0.0,49.97365857420164,0.0,45.59503644457721,0.0,45.30189375458773,0.0,0.0,0.0,0.0,0.0,0.0,0.0
10.0,6.28141407070354,0.0039065901576127,0.0039065901518716,0.99999236924444,0.99999236924444,49.41360912670821,0.0,49.973658188903066,0.0,45.59503643996943,0.0,45.30189367314368,0.0,0.0,0.0,0.0,0.0,0.0,0.0
10.0,6.28166408320416,0.0039066399819998,0.0039066399762608,0.999992369049795,0.9999923690497942,49.41360911023422,0.0,49.97365780358999,0.0,45.595036435361465,0.0,45.30189359169646,0.0,0.0,0.0,0.0,0.0,0.0,0.0
10.0,6.28191409570478,0.0039066898076704,0.0039066898019335,0.999992368855142,0.999992368855141,49.413609093758296,0.0,49.97365741826243,0.0,45.59503643075331,0.0,45.30189351024608,0.0,0.0,0.0,0.0,0.0,0.0,0.0
10.0,6.28216410820541,0.0039067396346244,0.0039067396288896,0.999992368660482,0.999992368660481,49.413609077280455,0.0,49.97365703292036,0.0,45.595036426144965,0.0,45.30189342879253,0.0,0.0,0.0,0.0,0.0,0.0,0.0
10.0,6.28241412070604,0.0039067894628617,0.003906789457129,0.999992368465814,0.999992368465813,49.4136090608007,0.0,49.9736566475638,0.0,45.59503642153644,0.0,45.30189334733581,0.0,0.0,0.0,0.0,0.0,0.0,0.0
10.0,6.28266413320666,0.0039068392923824,0.0039068392866518,0.999992368271138,0.999992368271138,49.41360904431901,0.0,49.97365626219276,0.0,45.59503641692773,0.0,45.30189326587593,0.0,0.0,0.0,0.0,0.0,0.0,0.0
10.0,6.28291414570729,0.0039068891231863,0.0039068891174578,0.999992368076456,0.999992368076455,49.413609027835406,0.0,49.973655876807214,0.0,45.595036412318834,0.0,45.30189318441289,0.0,0.0,0.0,0.0,0.0,0.0,0.0
10.0,6.283164158207911,0.0039069389552734,0.003906938949547,0.999992367881765,0.999992367881764,49.41360901134988,0.0,49.97365549140718,0.0,45.59503640770976,0.0,45.30189310294667,0.0,0.0,0.0,0.0,0.0,0.0,0.0
10.0,6.28341417070853,0.0039069887886437,0.0039069887829194,0.9999923676870668,0.9999923676870668,49.41360899486244,0.0,49.973655105992655,0.0,45.59503640310049,0.0,45.30189302147729,0.0,0.0,0.0,0.0,0.0,0.0,0.0
10.0,6.28366418320916,0.003907038623297,0.0039070386175748,0.999992367492362,0.999992367492361,49.41360897837309,0.0,49.97365472056363,0.0,45.59503639849104,0.0,45.30189294000474,0.0,0.0,0.0,0.0,0.0,0.0,0.0
10.0,6.28391419570979,0.0039070884592334,0.0039070884535133,0.999992367297649,0.999992367297648,49.41360896188181,0.0,49.97365433512012,0.0,45.5950363938814,0.0,45.30189285852902,0.0,0.0,0.0,0.0,0.0,0.0,0.0
10.0,6.28416420821041,0.0039071382964527,0.0039071382907347,0.999992367102929,0.9999923671029282,49.41360894538862,0.0,49.97365394966211,0.0,45.59503638927158,0.0,45.30189277705014,0.0,0.0,0.0,0.0,0.0,0.0,0.0
10.0,6.28441422071104,0.0039071881349549,0.003907188129239,0.999992366908201,0.9999923669082,49.41360892889352,0.0,49.97365356418961,0.0,45.59503638466156,0.0,45.3018926955681,0.0,0.0,0.0,0.0,0.0,0.0,0.0
10.0,6.28466423321166,0.00390723797474,0.0039072379690262,0.999992366713465,0.999992366713465,49.41360891239651,0.0,49.97365317870261,0.0,45.59503638005138,0.0,45.30189261408288,0.0,0.0,0.0,0.0,0.0,0.0,0.0
10.0,6.28491424571229,0.0039072878158079,0.0039072878100962,0.999992366518723,0.999992366518722,49.4136088958976,0.0,49.97365279320113,0.0,45.595036375441,0.0,45.30189253259449,0.0,0.0,0.0,0.0,0.0,0.0,0.0
10.0,6.28516425821291,0.0039073376581585,0.0039073376524489,0.999992366323972,0.999992366323972,49.41360887939676,0.0,49.973652407685165,0.0,45.59503637083043,0.0,45.30189245110295,0.0,0.0,0.0,0.0,0.0,0.0,0.0
10.0,6.28541427071354,0.0039073875017918,0.0039073874960843,0.999992366129214,0.999992366129214,49.41360886289403,0.0,49.97365202215469,0.0,45.59503636621968,0.0,45.30189236960824,0.0,0.0,0.0,0.0,0.0,0.0,0.0
10.0,6.28566428321416,0.0039074373467077,0.0039074373410024,0.999992365934449,0.999992365934449,49.413608846389394,0.0,49.97365163660973,0.0,45.59503636160875,0.0,45.301892288110345,0.0,0.0,0.0,0.0,0.0,0.0,0.0
10.0,6.28591429571479,0.0039074871929062,0.003907487187203,0.999992365739677,0.999992365739676,49.41360882988285,0.0,49.97365125105027,0.0,45.595036356997625,0.0,45.301892206609295,0.0,0.0,0.0,0.0,0.0,0.0,0.0
10.0,6.28616430821541,0.0039075370403872,0.0039075370346861,0.999992365544896,0.999992365544895,49.41360881337441,0.0,49.97365086547633,0.0,45.59503635238632,0.0,45.30189212510509,0.0,0.0,0.0,0.0,0.0,0.0,0.0
10.0,6.286414320716039,0.0039075868891507,0.0039075868834517,0.999992365350108,0.999992365350108,49.41360879686405,0.0,49.97365047988789,0.0,45.59503634777483,0.0,45.3018920435977,0.0,0.0,0.0,0.0,0.0,0.0,0.0
10.0,6.28666433321666,0.0039076367391966,0.0039076367334997,0.999992365155313,0.999992365155312,49.41360878035181,0.0,49.97365009428496,0.0,45.59503634316316,0.0,45.30189196208715,0.0,0.0,0.0,0.0,0.0,0.0,0.0
10.0,6.28691434571729,0.0039076865905248,0.00390768658483,0.99999236496051,0.999992364960509,49.41360876383767,0.0,49.97364970866754,0.0,45.595036338551296,0.0,45.30189188057344,0.0,0.0,0.0,0.0,0.0,0.0,0.0
10.0,6.28716435821791,0.0039077364431353,0.0039077364374426,0.9999923647657,0.9999923647656992,49.41360874732162,0.0,49.97364932303563,0.0,45.59503633393924,0.0,45.30189179905656,0.0,0.0,0.0,0.0,0.0,0.0,0.0
10.0,6.28741437071854,0.003907786297028,0.0039077862913374,0.999992364570882,0.999992364570881,49.41360873080368,0.0,49.97364893738923,0.0,45.595036329327016,0.0,45.301891717536506,0.0,0.0,0.0,0.0,0.0,0.0,0.0
10.0,6.28766438321916,0.0039078361522029,0.0039078361465145,0.9999923643760572,0.999992364376056,49.413608714283846,0.0,49.97364855172833,0.0,45.59503632471459,0.0,45.30189163601329,0.0,0.0,0.0,0.0,0.0,0.0,0.0
10.0,6.28791439571979,0.00390788600866,0.0039078860029736,0.999992364181224,0.999992364181223,49.41360869776212,0.0,49.97364816605295,0.0,45.59503632010199,0.0,45.30189155448691,0.0,0.0,0.0,0.0,0.0,0.0,0.0
10.0,6.28816440822041,0.0039079358663991,0.0039079358607148,0.999992363986384,0.9999923639863828,49.4136086812385,0.0,49.973647780363066,0.0,45.5950363154892,0.0,45.30189147295736,0.0,0.0,0.0,0.0,0.0,0.0,0.0
10.0,6.28841442072104,0.0039079857254201,0.003907985719738,0.999992363791536,0.9999923637915352,49.41360866471299,0.0,49.97364739465869,0.0,45.59503631087623,0.0,45.30189139142465,0.0,0.0,0.0,0.0,0.0,0.0,0.0
10.0,6.288664433221659,0.0039080355857232,0.0039080355800431,0.9999923635966808,0.99999236359668,49.41360864818559,0.0,49.97364700893983,0.0,45.59503630626307,0.0,45.30189130988876,0.0,0.0,0.0,0.0,0.0,0.0,0.0
10.0,6.28891444572229,0.0039080854473081,0.0039080854416302,0.999992363401818,0.999992363401817,49.413608631656295,0.0,49.97364662320648,0.0,45.59503630164972,0.0,45.30189122834971,0.0,0.0,0.0,0.0,0.0,0.0,0.0
10.0,6.28916445822291,0.0039081353101749,0.003908135304499,0.999992363206948,0.999992363206947,49.41360861512513,0.0,49.97364623745864,0.0,45.5950362970362,0.0,45.30189114680749,0.0,0.0,0.0,0.0,0.0,0.0,0.0
10.0,6.28941447072354,0.0039081851743234,0.0039081851686497,0.99999236301207,0.9999923630120688,49.413608598592056,0.0,49.97364585169631,0.0,45.59503629242248,0.0,45.30189106526211,0.0,0.0,0.0,0.0,0.0,0.0,0.0
10.0,6.28966448322416,0.0039082350397536,0.003908235034082,0.999992362817185,0.999992362817184,49.41360858205712,0.0,49.97364546591949,0.0,45.595036287808576,0.0,45.30189098371356,0.0,0.0,0.0,0.0,0.0,0.0,0.0
10.0,6.28991449572479,0.0039082849064656,0.0039082849007961,0.999992362622292,0.9999923626222912,49.41360856552029,0.0,49.97364508012817,0.0,45.59503628319449,0.0,45.30189090216185,0.0,0.0,0.0,0.0,0.0,0.0,0.0
10.0,6.29016450822541,0.0039083347744591,0.0039083347687917,0.999992362427392,0.9999923624273908,49.41360854898158,0.0,49.97364469432236,0.0,45.59503627858022,0.0,45.30189082060696,0.0,0.0,0.0,0.0,0.0,0.0,0.0
10.0,6.29041452072604,0.0039083846437342,0.0039083846380689,0.999992362232484,0.999992362232483,49.41360853244098,0.0,49.97364430850206,0.0,45.59503627396577,0.0,45.30189073904892,0.0,0.0,0.0,0.0,0.0,0.0,0.0
10.0,6.29066453322666,0.0039084345142907,0.0039084345086276,0.999992362037569,0.999992362037568,49.41360851589851,0.0,49.973643922667286,0.0,45.59503626935112,0.0,45.3018906574877,0.0,0.0,0.0,0.0,0.0,0.0,0.0
10.0,6.29091454572729,0.0039084843861287,0.0039084843804677,0.999992361842646,0.999992361842645,49.41360849935417,0.0,49.97364353681801,0.0,45.59503626473629,0.0,45.30189057592332,0.0,0.0,0.0,0.0,0.0,0.0,0.0
10.0,6.29116455822791,0.0039085342592481,0.0039085342535892,0.999992361647716,0.999992361647715,49.413608482807945,0.0,49.97364315095424,0.0,45.59503626012128,0.0,45.301890494355774,0.0,0.0,0.0,0.0,0.0,0.0,0.0
10.0,6.29141457072854,0.0039085841336488,0.003908584127992,0.999992361452778,0.999992361452777,49.41360846625984,0.0,49.97364276507598,0.0,45.59503625550607,0.0,45.301890412785056,0.0,0.0,0.0,0.0,0.0,0.0,0.0
10.0,6.29166458322916,0.0039086340093308,0.0039086340036761,0.999992361257833,0.999992361257832,49.41360844970987,0.0,49.97364237918324,0.0,45.59503625089069,0.0,45.301890331211176,0.0,0.0,0.0,0.0,0.0,0.0,0.0
10.0,6.29191459572979,0.003908683886294,0.0039086838806414,0.99999236106288,0.999992361062879,49.41360843315802,0.0,49.973641993276,0.0,45.59503624627512,0.0,45.30189024963413,0.0,0.0,0.0,0.0,0.0,0.0,0.0
10.0,6.29216460823041,0.0039087337645383,0.0039087337588879,0.99999236086792,0.999992360867919,49.4136084166043,0.0,49.97364160735428,0.0,45.59503624165937,0.0,45.30189016805392,0.0,0.0,0.0,0.0,0.0,0.0,0.0
10.0,6.29241462073104,0.0039087836440637,0.0039087836384154,0.9999923606729522,0.999992360672951,49.41360840004872,0.0,49.97364122141806,0.0,45.59503623704342,0.0,45.30189008647053,0.0,0.0,0.0,0.0,0.0,0.0,0.0
10.0,6.29266463323166,0.0039088335248702,0.003908833519224,0.999992360477977,0.999992360477976,49.41360838349125,0.0,49.97364083546736,0.0,45.5950362324273,0.0,45.30189000488399,0.0,0.0,0.0,0.0,0.0,0.0,0.0
10.0,6.29291464573229,0.0039088834069577,0.0039088834013136,0.999992360282994,0.999992360282994,49.41360836693193,0.0,49.97364044950216,0.0,45.59503622781099,0.0,45.30188992329427,0.0,0.0,0.0,0.0,0.0,0.0,0.0
10.0,6.29316465823291,0.0039089332903261,0.0039089332846841,0.999992360088004,0.999992360088003,49.41360835037074,0.0,49.97364006352248,0.0,45.59503622319449,0.0,45.3018898417014,0.0,0.0,0.0,0.0,0.0,0.0,0.0
10.0,6.29341467073354,0.0039089831749753,0.0039089831693354,0.999992359893007,0.999992359893006,49.41360833380768,0.0,49.97363967752831,0.0,45.5950362185778,0.0,45.30188976010535,0.0,0.0,0.0,0.0,0.0,0.0,0.0
10.0,6.29366468323416,0.0039090330609054,0.0039090330552676,0.999992359698001,0.999992359698001,49.41360831724276,0.0,49.973639291519646,0.0,45.59503621396095,0.0,45.30188967850612,0.0,0.0,0.0,0.0,0.0,0.0,0.0
10.0,6.29391469573479,0.0039090829481162,0.0039090829424806,0.999992359502989,0.999992359502988,49.413608300675975,0.0,49.97363890549649,0.0,45.59503620934389,0.0,45.30188959690375,0.0,0.0,0.0,0.0,0.0,0.0,0.0
10.0,6.294164708235409,0.0039091328366077,0.0039091328309742,0.9999923593079691,0.999992359307968,49.41360828410733,0.0,49.97363851945885,0.0,45.595036204726654,0.0,45.30188951529821,0.0,0.0,0.0,0.0,0.0,0.0,0.0
10.0,6.29441472073604,0.0039091827263799,0.0039091827207485,0.999992359112941,0.99999235911294,49.41360826753682,0.0,49.97363813340672,0.0,45.59503620010922,0.0,45.30188943368948,0.0,0.0,0.0,0.0,0.0,0.0,0.0
10.0,6.29466473323666,0.0039092326174327,0.0039092326118034,0.9999923589179062,0.999992358917905,49.41360825096447,0.0,49.97363774734011,0.0,45.595036195491616,0.0,45.30188935207761,0.0,0.0,0.0,0.0,0.0,0.0,0.0
10.0,6.29491474573729,0.0039092825097659,0.0039092825041388,0.999992358722863,0.999992358722862,49.41360823439023,0.0,49.973637361259,0.0,45.59503619087382,0.0,45.30188927046257,0.0,0.0,0.0,0.0,0.0,0.0,0.0
10.0,6.29516475823791,0.0039093324033797,0.0039093323977547,0.999992358527813,0.999992358527812,49.41360821781416,0.0,49.97363697516341,0.0,45.59503618625585,0.0,45.30188918884436,0.0,0.0,0.0,0.0,0.0,0.0,0.0
10.0,6.29541477073854,0.0039093822982739,0.003909382292651,0.9999923583327552,0.999992358332755,49.41360820123622,0.0,49.97363658905333,0.0,45.59503618163768,0.0,45.30188910722298,0.0,0.0,0.0,0.0,0.0,0.0,0.0
10.0,6.29566478323916,0.0039094321944484,0.0039094321888276,0.99999235813769,0.999992358137689,49.41360818465643,0.0,49.97363620292876,0.0,45.59503617701933,0.0,45.30188902559844,0.0,0.0,0.0,0.0,0.0,0.0,0.0
10.0,6.29591479573979,0.0039094820919033,0.0039094820862846,0.999992357942617,0.999992357942617,49.41360816807479,0.0,49.97363581678969,0.0,45.5950361724008,0.0,45.30188894397072,0.0,0.0,0.0,0.0,0.0,0.0,0.0
10.0,6.29616480824041,0.0039095319906383,0.0039095319850218,0.999992357747538,0.9999923577475368,49.4136081514913,0.0,49.97363543063615,0.0,45.59503616778207,0.0,45.30188886233984,0.0,0.0,0.0,0.0,0.0,0.0,0.0
10.0,6.29641482074104,0.0039095818906536,0.0039095818850392,0.99999235755245,0.9999923575524492,49.41360813490596,0.0,49.9736350444681,0.0,45.595036163163165,0.0,45.3018887807058,0.0,0.0,0.0,0.0,0.0,0.0,0.0
10.0,6.29666483324166,0.003909631791949,0.0039096317863367,0.999992357357355,0.999992357357354,49.41360811831876,0.0,49.97363465828558,0.0,45.59503615854407,0.0,45.30188869906858,0.0,0.0,0.0,0.0,0.0,0.0,0.0
10.0,6.29691484574229,0.0039096816945245,0.0039096816889143,0.999992357162252,0.999992357162251,49.41360810172973,0.0,49.973634272088574,0.0,45.59503615392479,0.0,45.30188861742821,0.0,0.0,0.0,0.0,0.0,0.0,0.0
10.0,6.29716485824291,0.00390973159838,0.003909731592772,0.999992356967142,0.999992356967141,49.41360808513885,0.0,49.97363388587706,0.0,45.59503614930533,0.0,45.30188853578467,0.0,0.0,0.0,0.0,0.0,0.0,0.0
10.0,6.29741487074354,0.0039097815035155,0.0039097814979096,0.999992356772024,0.999992356772024,49.41360806854611,0.0,49.97363349965108,0.0,45.59503614468568,0.0,45.30188845413796,0.0,0.0,0.0,0.0,0.0,0.0,0.0
10.0,6.29766488324416,0.0039098314099309,0.0039098314043271,0.999992356576899,0.999992356576899,49.41360805195153,0.0,49.97363311341061,0.0,45.59503614006585,0.0,45.30188837248808,0.0,0.0,0.0,0.0,0.0,0.0,0.0
10.0,6.29791489574479,0.0039098813176261,0.0039098813120244,0.999992356381767,0.999992356381766,49.41360803535511,0.0,49.97363272715565,0.0,45.595036135445824,0.0,45.30188829083504,0.0,0.0,0.0,0.0,0.0,0.0,0.0
10.0,6.29816490824541,0.0039099312266011,0.0039099312210016,0.999992356186627,0.999992356186626,49.41360801875685,0.0,49.9736323408862,0.0,45.59503613082562,0.0,45.301888209178834,0.0,0.0,0.0,0.0,0.0,0.0,0.0
10.0,6.29841492074604,0.0039099811368559,0.0039099811312585,0.999992355991479,0.999992355991479,49.41360800215676,0.0,49.973631954602254,0.0,45.59503612620524,0.0,45.301888127519454,0.0,0.0,0.0,0.0,0.0,0.0,0.0
10.0,6.29866493324666,0.0039100310483903,0.003910031042795,0.999992355796324,0.999992355796323,49.413607985554805,0.0,49.97363156830383,0.0,45.595036121584656,0.0,45.30188804585691,0.0,0.0,0.0,0.0,0.0,0.0,0.0
10.0,6.298914945747291,0.0039100809612044,0.0039100809556112,0.999992355601162,0.9999923556011608,49.41360796895104,0.0,49.973631181990925,0.0,45.5950361169639,0.0,45.30188796419121,0.0,0.0,0.0,0.0,0.0,0.0,0.0
10.0,6.29916495824791,0.003910130875298,0.003910130869707,0.999992355405992,0.9999923554059912,49.41360795234541,0.0,49.97363079566352,0.0,45.59503611234295,0.0,45.30188788252233,0.0,0.0,0.0,0.0,0.0,0.0,0.0
10.0,6.29941497074854,0.0039101807906712,0.0039101807850823,0.999992355210814,0.999992355210813,49.41360793573797,0.0,49.97363040932164,0.0,45.59503610772182,0.0,45.301887800850295,0.0,0.0,0.0,0.0,0.0,0.0,0.0
10.0,6.29966498324916,0.0039102307073238,0.003910230701737,0.999992355015629,0.999992355015628,49.41360791912868,0.0,49.97363002296527,0.0,45.5950361031005,0.0,45.301887719175085,0.0,0.0,0.0,0.0,0.0,0.0,0.0
10.0,6.29991499574979,0.0039102806252558,0.0039102806196711,0.999992354820436,0.999992354820436,49.41360790251756,0.0,49.97362963659441,0.0,45.595036098479,0.0,45.30188763749671,0.0,0.0,0.0,0.0,0.0,0.0,0.0
10.0,6.30016500825041,0.0039103305444671,0.0039103305388846,0.999992354625236,0.999992354625236,49.41360788590461,0.0,49.973629250209065,0.0,45.59503609385731,0.0,45.30188755581517,0.0,0.0,0.0,0.0,0.0,0.0,0.0
10.0,6.30041502075104,0.0039103804649577,0.0039103804593773,0.999992354430029,0.999992354430028,49.41360786928983,0.0,49.973628863809225,0.0,45.59503608923544,0.0,45.30188747413047,0.0,0.0,0.0,0.0,0.0,0.0,0.0
10.0,6.30066503325166,0.0039104303867276,0.0039104303811493,0.999992354234814,0.999992354234813,49.413607852673216,0.0,49.97362847739491,0.0,45.595036084613376,0.0,45.3018873924426,0.0,0.0,0.0,0.0,0.0,0.0,0.0
10.0,6.30091504575229,0.0039104803097766,0.0039104803042005,0.9999923540395907,0.999992354039591,49.41360783605477,0.0,49.9736280909661,0.0,45.59503607999113,0.0,45.30188731075155,0.0,0.0,0.0,0.0,0.0,0.0,0.0
10.0,6.30116505825291,0.0039105302341047,0.0039105302285307,0.9999923538443608,0.99999235384436,49.41360781943451,0.0,49.97362770452281,0.0,45.595036075368704,0.0,45.30188722905735,0.0,0.0,0.0,0.0,0.0,0.0,0.0
10.0,6.30141507075354,0.0039105801597119,0.0039105801541401,0.999992353649124,0.999992353649123,49.41360780281242,0.0,49.97362731806504,0.0,45.59503607074609,0.0,45.301887147359984,0.0,0.0,0.0,0.0,0.0,0.0,0.0
10.0,6.30166508325416,0.0039106300865981,0.0039106300810284,0.9999923534538788,0.999992353453878,49.41360778618849,0.0,49.973626931592776,0.0,45.59503606612329,0.0,45.30188706565944,0.0,0.0,0.0,0.0,0.0,0.0,0.0
10.0,6.30191509575479,0.0039106800147633,0.0039106800091957,0.999992353258626,0.999992353258626,49.41360776956275,0.0,49.97362654510602,0.0,45.5950360615003,0.0,45.30188698395573,0.0,0.0,0.0,0.0,0.0,0.0,0.0
10.0,6.30216510825541,0.0039107299442073,0.0039107299386418,0.999992353063366,0.999992353063365,49.41360775293519,0.0,49.97362615860478,0.0,45.595036056877134,0.0,45.30188690224887,0.0,0.0,0.0,0.0,0.0,0.0,0.0
10.0,6.30241512075604,0.0039107798749302,0.0039107798693668,0.999992352868099,0.999992352868098,49.4136077363058,0.0,49.973625772089065,0.0,45.595036052253775,0.0,45.301886820538826,0.0,0.0,0.0,0.0,0.0,0.0,0.0
10.0,6.30266513325666,0.0039108298069318,0.0039108298013706,0.999992352672824,0.999992352672823,49.4136077196746,0.0,49.97362538555885,0.0,45.59503604763023,0.0,45.30188673882563,0.0,0.0,0.0,0.0,0.0,0.0,0.0
10.0,6.30291514575729,0.0039108797402122,0.0039108797346531,0.999992352477541,0.999992352477541,49.41360770304157,0.0,49.97362499901416,0.0,45.5950360430065,0.0,45.30188665710926,0.0,0.0,0.0,0.0,0.0,0.0,0.0
10.0,6.30316515825791,0.0039109296747712,0.0039109296692142,0.999992352282251,0.999992352282251,49.41360768640672,0.0,49.97362461245498,0.0,45.59503603838259,0.0,45.30188657538972,0.0,0.0,0.0,0.0,0.0,0.0,0.0
10.0,6.30341517075854,0.0039109796106088,0.003910979605054,0.999992352086954,0.999992352086953,49.41360766977007,0.0,49.97362422588132,0.0,45.5950360337585,0.0,45.30188649366702,0.0,0.0,0.0,0.0,0.0,0.0,0.0
10.0,6.30366518325916,0.003911029547725,0.0039110295421723,0.999992351891649,0.999992351891648,49.41360765313159,0.0,49.97362383929316,0.0,45.59503602913421,0.0,45.30188641194115,0.0,0.0,0.0,0.0,0.0,0.0,0.0
10.0,6.30391519575979,0.0039110794861196,0.0039110794805691,0.999992351696337,0.999992351696336,49.4136076364913,0.0,49.97362345269053,0.0,45.59503602450975,0.0,45.30188633021212,0.0,0.0,0.0,0.0,0.0,0.0,0.0
10.0,6.30416520826041,0.0039111294257927,0.0039111294202443,0.999992351501017,0.9999923515010158,49.4136076198492,0.0,49.97362306607342,0.0,45.595036019885086,0.0,45.30188624847992,0.0,0.0,0.0,0.0,0.0,0.0,0.0
10.0,6.304415220761041,0.0039111793667442,0.0039111793611979,0.999992351305689,0.999992351305688,49.41360760320528,0.0,49.97362267944182,0.0,45.59503601526024,0.0,45.30188616674455,0.0,0.0,0.0,0.0,0.0,0.0,0.0
10.0,6.30466523326166,0.003911229308974,0.0039112293034298,0.999992351110354,0.999992351110354,49.41360758655955,0.0,49.97362229279573,0.0,45.595036010635226,0.0,45.301886085006025,0.0,0.0,0.0,0.0,0.0,0.0,0.0
10.0,6.30491524576229,0.003911279252482,0.00391127924694,0.9999923509150122,0.9999923509150112,49.41360756991201,0.0,49.97362190613514,0.0,45.59503600601001,0.0,45.30188600326432,0.0,0.0,0.0,0.0,0.0,0.0,0.0
10.0,6.30516525826291,0.0039113291972683,0.0039113291917284,0.999992350719662,0.9999923507196607,49.41360755326267,0.0,49.97362151946009,0.0,45.59503600138461,0.0,45.30188592151946,0.0,0.0,0.0,0.0,0.0,0.0,0.0
10.0,6.30541527076354,0.0039113791433327,0.003911379137795,0.9999923505243052,0.999992350524304,49.41360753661152,0.0,49.97362113277055,0.0,45.59503599675903,0.0,45.30188583977143,0.0,0.0,0.0,0.0,0.0,0.0,0.0
10.0,6.30566528326416,0.0039114290906753,0.0039114290851396,0.99999235032894,0.999992350328939,49.41360751995856,0.0,49.97362074606652,0.0,45.59503599213326,0.0,45.30188575802024,0.0,0.0,0.0,0.0,0.0,0.0,0.0
10.0,6.30591529576479,0.0039114790392958,0.0039114790337623,0.999992350133567,0.999992350133567,49.413607503303794,0.0,49.97362035934801,0.0,45.59503598750732,0.0,45.30188567626587,0.0,0.0,0.0,0.0,0.0,0.0,0.0
10.0,6.30616530826541,0.0039115289891944,0.003911528983663,0.999992349938188,0.9999923499381868,49.41360748664722,0.0,49.973619972615005,0.0,45.59503598288118,0.0,45.30188559450834,0.0,0.0,0.0,0.0,0.0,0.0,0.0
10.0,6.30641532076604,0.0039115789403708,0.0039115789348416,0.9999923497428002,0.9999923497427992,49.41360746998885,0.0,49.973619585867525,0.0,45.595035978254856,0.0,45.30188551274764,0.0,0.0,0.0,0.0,0.0,0.0,0.0
10.0,6.306665333266661,0.0039116288928252,0.0039116288872981,0.999992349547405,0.999992349547405,49.41360745332868,0.0,49.97361919910556,0.0,45.59503597362834,0.0,45.30188543098378,0.0,0.0,0.0,0.0,0.0,0.0,0.0
10.0,6.30691534576729,0.0039116788465573,0.0039116788410324,0.999992349352003,0.999992349352002,49.41360743666671,0.0,49.97361881232912,0.0,45.59503596900165,0.0,45.301885349216754,0.0,0.0,0.0,0.0,0.0,0.0,0.0
10.0,6.30716535826791,0.0039117288015672,0.0039117287960444,0.999992349156593,0.999992349156592,49.41360742000293,0.0,49.97361842553818,0.0,45.59503596437477,0.0,45.30188526744656,0.0,0.0,0.0,0.0,0.0,0.0,0.0
10.0,6.30741537076854,0.0039117787578548,0.0039117787523342,0.999992348961176,0.999992348961175,49.41360740333736,0.0,49.973618038732766,0.0,45.59503595974771,0.0,45.3018851856732,0.0,0.0,0.0,0.0,0.0,0.0,0.0
10.0,6.30766538326916,0.0039118287154201,0.0039118287099016,0.999992348765751,0.99999234876575,49.41360738666999,0.0,49.97361765191286,0.0,45.59503595512045,0.0,45.30188510389667,0.0,0.0,0.0,0.0,0.0,0.0,0.0
10.0,6.30791539576979,0.0039118786742629,0.0039118786687465,0.999992348570318,0.999992348570318,49.413607370000825,0.0,49.97361726507848,0.0,45.59503595049302,0.0,45.30188502211698,0.0,0.0,0.0,0.0,0.0,0.0,0.0
10.0,6.30816540827041,0.0039119286343833,0.0039119286288691,0.999992348374879,0.999992348374878,49.413607353329866,0.0,49.973616878229606,0.0,45.595035945865405,0.0,45.301884940334126,0.0,0.0,0.0,0.0,0.0,0.0,0.0
10.0,6.30841542077104,0.0039119785957811,0.003911978590269,0.999992348179431,0.99999234817943,49.41360733665711,0.0,49.97361649136626,0.0,45.5950359412376,0.0,45.3018848585481,0.0,0.0,0.0,0.0,0.0,0.0,0.0
10.0,6.30866543327166,0.0039120285584564,0.0039120285529464,0.9999923479839772,0.999992347983976,49.41360731998256,0.0,49.97361610448842,0.0,45.5950359366096,0.0,45.3018847767589,0.0,0.0,0.0,0.0,0.0,0.0,0.0
10.0,6.30891544577229,0.003912078522409,0.0039120785169012,0.999992347788514,0.999992347788513,49.41360730330622,0.0,49.9736157175961,0.0,45.59503593198143,0.0,45.30188469496655,0.0,0.0,0.0,0.0,0.0,0.0,0.0
10.0,6.30916545827291,0.0039121284876389,0.0039121284821332,0.999992347593044,0.999992347593044,49.4136072866281,0.0,49.973615330689306,0.0,45.59503592735307,0.0,45.30188461317103,0.0,0.0,0.0,0.0,0.0,0.0,0.0
10.0,6.30941547077354,0.0039121784541461,0.0039121784486426,0.999992347397567,0.999992347397566,49.41360726994817,0.0,49.97361494376801,0.0,45.59503592272451,0.0,45.30188453137234,0.0,0.0,0.0,0.0,0.0,0.0,0.0
10.0,6.30966548327416,0.0039122284219304,0.0039122284164291,0.999992347202082,0.999992347202082,49.41360725326647,0.0,49.97361455683225,0.0,45.595035918095775,0.0,45.30188444957049,0.0,0.0,0.0,0.0,0.0,0.0,0.0
10.0,6.309915495774789,0.0039122783909919,0.0039122783854927,0.99999234700659,0.999992347006589,49.413607236582976,0.0,49.973614169882,0.0,45.59503591346687,0.0,45.30188436776547,0.0,0.0,0.0,0.0,0.0,0.0,0.0
10.0,6.31016550827541,0.0039123283613305,0.0039123283558334,0.99999234681109,0.999992346811089,49.4136072198977,0.0,49.97361378291726,0.0,45.59503590883776,0.0,45.30188428595728,0.0,0.0,0.0,0.0,0.0,0.0,0.0
10.0,6.31041552077604,0.0039123783329461,0.0039123783274511,0.999992346615583,0.999992346615582,49.41360720321064,0.0,49.97361339593805,0.0,45.59503590420847,0.0,45.30188420414593,0.0,0.0,0.0,0.0,0.0,0.0,0.0
10.0,6.31066553327666,0.0039124283058386,0.0039124283003458,0.999992346420068,0.999992346420068,49.41360718652179,0.0,49.97361300894435,0.0,45.595035899579,0.0,45.3018841223314,0.0,0.0,0.0,0.0,0.0,0.0,0.0
10.0,6.31091554577729,0.0039124782800081,0.0039124782745174,0.999992346224546,0.999992346224545,49.413607169831145,0.0,49.97361262193616,0.0,45.595035894949326,0.0,45.30188404051372,0.0,0.0,0.0,0.0,0.0,0.0,0.0
10.0,6.31116555827791,0.0039125282554544,0.0039125282499659,0.999992346029016,0.999992346029015,49.41360715313874,0.0,49.9736122349135,0.0,45.59503589031949,0.0,45.30188395869288,0.0,0.0,0.0,0.0,0.0,0.0,0.0
10.0,6.31141557077854,0.0039125782321775,0.0039125782266912,0.999992345833479,0.999992345833478,49.41360713644454,0.0,49.97361184787636,0.0,45.59503588568945,0.0,45.30188387686885,0.0,0.0,0.0,0.0,0.0,0.0,0.0
10.0,6.31166558327916,0.0039126282101774,0.0039126282046931,0.9999923456379342,0.999992345637933,49.41360711974857,0.0,49.97361146082472,0.0,45.595035881059246,0.0,45.30188379504167,0.0,0.0,0.0,0.0,0.0,0.0,0.0
10.0,6.31191559577979,0.0039126781894539,0.0039126781839718,0.999992345442382,0.9999923454423812,49.41360710305082,0.0,49.97361107375862,0.0,45.59503587642884,0.0,45.301883713211325,0.0,0.0,0.0,0.0,0.0,0.0,0.0
10.0,6.312165608280409,0.003912728170007,0.0039127281645271,0.999992345246822,0.999992345246822,49.41360708635129,0.0,49.97361068667802,0.0,45.595035871798245,0.0,45.301883631377805,0.0,0.0,0.0,0.0,0.0,0.0,0.0
10.0,6.31241562078104,0.0039127781518368,0.003912778146359,0.9999923450512548,0.999992345051254,49.41360706964999,0.0,49.97361029958295,0.0,45.59503586716748,0.0,45.30188354954112,0.0,0.0,0.0,0.0,0.0,0.0,0.0
10.0,6.31266563328166,0.003912828134943,0.0039128281294674,0.99999234485568,0.99999234485568,49.41360705294691,0.0,49.97360991247339,0.0,45.59503586253652,0.0,45.30188346770127,0.0,0.0,0.0,0.0,0.0,0.0,0.0
10.0,6.31291564578229,0.0039128781193257,0.0039128781138522,0.999992344660098,0.999992344660098,49.413607036242055,0.0,49.97360952534935,0.0,45.59503585790537,0.0,45.30188338585827,0.0,0.0,0.0,0.0,0.0,0.0,0.0
10.0,6.31316565828291,0.0039129281049848,0.0039129280995134,0.999992344464508,0.999992344464508,49.41360701953543,0.0,49.97360913821083,0.0,45.59503585327405,0.0,45.30188330401209,0.0,0.0,0.0,0.0,0.0,0.0,0.0
10.0,6.31341567078354,0.0039129780919202,0.003912978086451,0.9999923442689111,0.9999923442689111,49.41360700282703,0.0,49.97360875105783,0.0,45.59503584864253,0.0,45.301883222162736,0.0,0.0,0.0,0.0,0.0,0.0,0.0
10.0,6.31366568328416,0.0039130280801319,0.0039130280746649,0.999992344073307,0.999992344073306,49.41360698611687,0.0,49.97360836389035,0.0,45.59503584401084,0.0,45.30188314031023,0.0,0.0,0.0,0.0,0.0,0.0,0.0
10.0,6.31391569578479,0.0039130780696199,0.003913078064155,0.999992343877695,0.999992343877694,49.41360696940493,0.0,49.97360797670839,0.0,45.595035839378944,0.0,45.30188305845455,0.0,0.0,0.0,0.0,0.0,0.0,0.0
10.0,6.31416570828541,0.003913128060384,0.0039131280549212,0.9999923436820748,0.999992343682074,49.41360695269122,0.0,49.973607589511936,0.0,45.59503583474688,0.0,45.30188297659571,0.0,0.0,0.0,0.0,0.0,0.0,0.0
10.0,6.31441572078604,0.0039131780524242,0.0039131780469636,0.999992343486448,0.9999923434864472,49.41360693597574,0.0,49.97360720230101,0.0,45.59503583011462,0.0,45.3018828947337,0.0,0.0,0.0,0.0,0.0,0.0,0.0
10.0,6.31466573328666,0.0039132280457405,0.0039132280402821,0.999992343290813,0.999992343290812,49.4136069192585,0.0,49.97360681507561,0.0,45.59503582548218,0.0,45.30188281286853,0.0,0.0,0.0,0.0,0.0,0.0,0.0
10.0,6.31491574578729,0.0039132780403328,0.0039132780348765,0.999992343095171,0.99999234309517,49.4136069025395,0.0,49.97360642783571,0.0,45.59503582084955,0.0,45.30188273100018,0.0,0.0,0.0,0.0,0.0,0.0,0.0
10.0,6.31516575828791,0.0039133280362011,0.0039133280307469,0.999992342899521,0.999992342899521,49.41360688581873,0.0,49.97360604058135,0.0,45.595035816216736,0.0,45.30188264912868,0.0,0.0,0.0,0.0,0.0,0.0,0.0
10.0,6.31541577078854,0.0039133780333452,0.0039133780278932,0.999992342703864,0.999992342703864,49.4136068690962,0.0,49.9736056533125,0.0,45.595035811583735,0.0,45.301882567254005,0.0,0.0,0.0,0.0,0.0,0.0,0.0
10.0,6.31566578328916,0.0039134280317652,0.0039134280263153,0.9999923425082,0.999992342508199,49.4136068523719,0.0,49.97360526602917,0.0,45.59503580695055,0.0,45.30188248537617,0.0,0.0,0.0,0.0,0.0,0.0,0.0
10.0,6.31591579578979,0.0039134780314609,0.0039134780260132,0.999992342312528,0.9999923423125272,49.41360683564584,0.0,49.97360487873135,0.0,45.59503580231719,0.0,45.30188240349516,0.0,0.0,0.0,0.0,0.0,0.0,0.0
10.0,6.31616580829041,0.0039135280324324,0.0039135280269868,0.999992342116848,0.999992342116847,49.41360681891803,0.0,49.97360449141906,0.0,45.59503579768364,0.0,45.30188232161099,0.0,0.0,0.0,0.0,0.0,0.0,0.0
10.0,6.31641582079104,0.0039135780346795,0.0039135780292361,0.999992341921161,0.99999234192116,49.41360680218845,0.0,49.97360410409228,0.0,45.595035793049895,0.0,45.30188223972365,0.0,0.0,0.0,0.0,0.0,0.0,0.0
10.0,6.31666583329166,0.0039136280382022,0.003913628032761,0.999992341725466,0.999992341725465,49.41360678545711,0.0,49.97360371675104,0.0,45.59503578841596,0.0,45.30188215783316,0.0,0.0,0.0,0.0,0.0,0.0,0.0
10.0,6.31691584579229,0.0039136780430005,0.0039136780375614,0.999992341529764,0.999992341529763,49.41360676872402,0.0,49.9736033293953,0.0,45.59503578378185,0.0,45.30188207593949,0.0,0.0,0.0,0.0,0.0,0.0,0.0
10.0,6.31716585829291,0.0039137280490743,0.0039137280436374,0.999992341334055,0.999992341334054,49.41360675198918,0.0,49.97360294202509,0.0,45.595035779147565,0.0,45.30188199404265,0.0,0.0,0.0,0.0,0.0,0.0,0.0
10.0,6.31741587079354,0.0039137780564235,0.0039137780509887,0.999992341138338,0.999992341138337,49.41360673525257,0.0,49.97360255464039,0.0,45.59503577451308,0.0,45.30188191214265,0.0,0.0,0.0,0.0,0.0,0.0,0.0
10.0,6.31766588329416,0.0039138280650481,0.0039138280596155,0.999992340942613,0.999992340942612,49.41360671851423,0.0,49.97360216724122,0.0,45.595035769878415,0.0,45.30188183023949,0.0,0.0,0.0,0.0,0.0,0.0,0.0
10.0,6.31791589579479,0.003913878074948,0.0039138780695176,0.9999923407468811,0.99999234074688,49.41360670177412,0.0,49.97360177982756,0.0,45.595035765243566,0.0,45.30188174833315,0.0,0.0,0.0,0.0,0.0,0.0,0.0
10.0,6.31816590829541,0.0039139280861232,0.0039139280806949,0.999992340551142,0.999992340551141,49.41360668503226,0.0,49.97360139239943,0.0,45.595035760608525,0.0,45.30188166642366,0.0,0.0,0.0,0.0,0.0,0.0,0.0
10.0,6.31841592079604,0.0039139780985736,0.0039139780931475,0.999992340355394,0.999992340355394,49.41360666828864,0.0,49.97360100495682,0.0,45.5950357559733,0.0,45.301881584510994,0.0,0.0,0.0,0.0,0.0,0.0,0.0
10.0,6.31866593329667,0.0039140281122992,0.0039140281068752,0.99999234015964,0.999992340159639,49.41360665154329,0.0,49.97360061749973,0.0,45.59503575133789,0.0,45.301881502595165,0.0,0.0,0.0,0.0,0.0,0.0,0.0
10.0,6.31891594579729,0.0039140781272998,0.003914078121878,0.999992339963878,0.999992339963877,49.41360663479619,0.0,49.97360023002816,0.0,45.5950357467023,0.0,45.30188142067617,0.0,0.0,0.0,0.0,0.0,0.0,0.0
10.0,6.31916595829791,0.0039141281435755,0.0039141281381559,0.999992339768108,0.999992339768108,49.41360661804733,0.0,49.97359984254211,0.0,45.59503574206653,0.0,45.30188133875401,0.0,0.0,0.0,0.0,0.0,0.0,0.0
10.0,6.31941597079854,0.0039141781611262,0.0039141781557087,0.999992339572331,0.9999923395723312,49.413606601296735,0.0,49.97359945504157,0.0,45.59503573743056,0.0,45.301881256828686,0.0,0.0,0.0,0.0,0.0,0.0,0.0
10.0,6.31966598329916,0.0039142281799518,0.0039142281745365,0.9999923393765467,0.999992339376546,49.413606584544375,0.0,49.97359906752656,0.0,45.59503573279441,0.0,45.30188117490019,0.0,0.0,0.0,0.0,0.0,0.0,0.0
10.0,6.31991599579979,0.0039142782000523,0.0039142781946391,0.999992339180755,0.999992339180754,49.41360656779029,0.0,49.97359867999708,0.0,45.59503572815808,0.0,45.30188109296853,0.0,0.0,0.0,0.0,0.0,0.0,0.0
10.0,6.32016600830041,0.0039143282214276,0.0039143282160166,0.999992338984956,0.999992338984955,49.41360655103446,0.0,49.97359829245311,0.0,45.59503572352156,0.0,45.301881011033714,0.0,0.0,0.0,0.0,0.0,0.0,0.0
10.0,6.32041602080104,0.0039143782440777,0.0039143782386688,0.9999923387891488,0.999992338789148,49.41360653427689,0.0,49.97359790489465,0.0,45.59503571888485,0.0,45.30188092909573,0.0,0.0,0.0,0.0,0.0,0.0,0.0
10.0,6.32066603330166,0.0039144282680025,0.0039144282625957,0.999992338593334,0.999992338593333,49.413606517517564,0.0,49.973597517321735,0.0,45.59503571424796,0.0,45.30188084715456,0.0,0.0,0.0,0.0,0.0,0.0,0.0
10.0,6.32091604580229,0.0039144782932019,0.0039144782877973,0.999992338397512,0.999992338397512,49.41360650075652,0.0,49.97359712973434,0.0,45.59503570961088,0.0,45.30188076521024,0.0,0.0,0.0,0.0,0.0,0.0,0.0
10.0,6.32116605830292,0.0039145283196759,0.0039145283142734,0.999992338201683,0.999992338201682,49.41360648399371,0.0,49.97359674213245,0.0,45.59503570497361,0.0,45.30188068326276,0.0,0.0,0.0,0.0,0.0,0.0,0.0
10.0,6.32141607080354,0.0039145783474244,0.0039145783420241,0.999992338005846,0.9999923380058452,49.41360646722918,0.0,49.97359635451609,0.0,45.59503570033617,0.0,45.3018806013121,0.0,0.0,0.0,0.0,0.0,0.0,0.0
10.0,6.32166608330416,0.0039146283764474,0.0039146283710493,0.999992337810001,0.999992337810001,49.41360645046291,0.0,49.97359596688525,0.0,45.59503569569853,0.0,45.301880519358285,0.0,0.0,0.0,0.0,0.0,0.0,0.0
10.0,6.32191609580479,0.0039146784067449,0.0039146784013489,0.99999233761415,0.9999923376141489,49.4136064336949,0.0,49.973595579239934,0.0,45.59503569106072,0.0,45.3018804374013,0.0,0.0,0.0,0.0,0.0,0.0,0.0
10.0,6.32216610830542,0.0039147284383167,0.0039147284329229,0.99999233741829,0.9999923374182887,49.41360641692516,0.0,49.97359519158014,0.0,45.59503568642271,0.0,45.30188035544115,0.0,0.0,0.0,0.0,0.0,0.0,0.0
10.0,6.322416120806041,0.0039147784711628,0.0039147784657711,0.9999923372224228,0.9999923372224228,49.41360640015368,0.0,49.97359480390586,0.0,45.59503568178452,0.0,45.30188027347784,0.0,0.0,0.0,0.0,0.0,0.0,0.0
10.0,6.32266613330667,0.0039148285052831,0.0039148284998937,0.999992337026549,0.999992337026548,49.41360638338048,0.0,49.97359441621712,0.0,45.59503567714615,0.0,45.30188019151135,0.0,0.0,0.0,0.0,0.0,0.0,0.0
10.0,6.32291614580729,0.0039148785406777,0.0039148785352904,0.999992336830667,0.999992336830666,49.413606366605535,0.0,49.97359402851388,0.0,45.59503567250759,0.0,45.301880109541706,0.0,0.0,0.0,0.0,0.0,0.0,0.0
10.0,6.32316615830791,0.0039149285773464,0.0039149285719612,0.999992336634778,0.999992336634777,49.41360634982887,0.0,49.973593640796174,0.0,45.59503566786884,0.0,45.3018800275689,0.0,0.0,0.0,0.0,0.0,0.0,0.0
10.0,6.32341617080854,0.0039149786152891,0.0039149786099061,0.9999923364388807,0.99999233643888,49.41360633305046,0.0,49.97359325306399,0.0,45.59503566322991,0.0,45.30187994559292,0.0,0.0,0.0,0.0,0.0,0.0,0.0
10.0,6.32366618330917,0.0039150286545059,0.0039150286491251,0.9999923362429768,0.999992336242976,49.413606316270325,0.0,49.97359286531733,0.0,45.59503565859079,0.0,45.30187986361377,0.0,0.0,0.0,0.0,0.0,0.0,0.0
10.0,6.32391619580979,0.0039150786949967,0.003915078689618,0.999992336047065,0.999992336047064,49.413606299488464,0.0,49.97359247755618,0.0,45.59503565395149,0.0,45.30187978163146,0.0,0.0,0.0,0.0,0.0,0.0,0.0
10.0,6.32416620831042,0.0039151287367614,0.0039151287313849,0.999992335851145,0.999992335851145,49.41360628270488,0.0,49.97359208978057,0.0,45.595035649312,0.0,45.30187969964599,0.0,0.0,0.0,0.0,0.0,0.0,0.0
10.0,6.32441622081104,0.0039151787797999,0.0039151787744256,0.999992335655219,0.999992335655218,49.41360626591957,0.0,49.97359170199047,0.0,45.59503564467233,0.0,45.30187961765734,0.0,0.0,0.0,0.0,0.0,0.0,0.0
10.0,6.32466623331167,0.0039152288241122,0.0039152288187401,0.999992335459284,0.999992335459283,49.41360624913253,0.0,49.9735913141859,0.0,45.595035640032464,0.0,45.301879535665535,0.0,0.0,0.0,0.0,0.0,0.0,0.0
10.0,6.32491624581229,0.0039152788696983,0.0039152788643283,0.999992335263343,0.999992335263342,49.413606232343774,0.0,49.973590926366846,0.0,45.59503563539243,0.0,45.301879453670566,0.0,0.0,0.0,0.0,0.0,0.0,0.0
10.0,6.32516625831292,0.0039153289165581,0.0039153289111902,0.999992335067393,0.9999923350673928,49.41360621555329,0.0,49.97359053853332,0.0,45.59503563075219,0.0,45.30187937167243,0.0,0.0,0.0,0.0,0.0,0.0,0.0
10.0,6.32541627081354,0.0039153789646915,0.0039153789593258,0.999992334871436,0.999992334871436,49.41360619876108,0.0,49.97359015068532,0.0,45.59503562611177,0.0,45.30187928967113,0.0,0.0,0.0,0.0,0.0,0.0,0.0
10.0,6.3256662833141695,0.0039154290140984,0.0039154290087349,0.999992334675472,0.999992334675471,49.413606181967154,0.0,49.97358976282283,0.0,45.59503562147118,0.0,45.30187920766666,0.0,0.0,0.0,0.0,0.0,0.0,0.0
10.0,6.32591629581479,0.0039154790647789,0.0039154790594176,0.9999923344795,0.999992334479499,49.4136061651715,0.0,49.97358937494588,0.0,45.5950356168304,0.0,45.30187912565901,0.0,0.0,0.0,0.0,0.0,0.0,0.0
10.0,6.32616630831542,0.0039155291167328,0.0039155291113737,0.999992334283521,0.99999233428352,49.41360614837414,0.0,49.97358898705445,0.0,45.59503561218942,0.0,45.30187904364822,0.0,0.0,0.0,0.0,0.0,0.0,0.0
10.0,6.32641632081604,0.0039155791699602,0.0039155791646032,0.999992334087534,0.999992334087534,49.41360613157505,0.0,49.97358859914854,0.0,45.59503560754828,0.0,45.30187896163426,0.0,0.0,0.0,0.0,0.0,0.0,0.0
10.0,6.32666633331667,0.0039156292244609,0.003915629219106,0.99999233389154,0.999992333891539,49.41360611477425,0.0,49.97358821122815,0.0,45.595035602906925,0.0,45.30187887961713,0.0,0.0,0.0,0.0,0.0,0.0,0.0
10.0,6.32691634581729,0.0039156792802349,0.0039156792748822,0.999992333695538,0.999992333695538,49.41360609797174,0.0,49.97358782329328,0.0,45.5950355982654,0.0,45.30187879759682,0.0,0.0,0.0,0.0,0.0,0.0,0.0
10.0,6.32716635831792,0.0039157293372821,0.0039157293319316,0.999992333499529,0.999992333499528,49.4136060811675,0.0,49.97358743534394,0.0,45.59503559362369,0.0,45.30187871557336,0.0,0.0,0.0,0.0,0.0,0.0,0.0
10.0,6.32741637081854,0.0039157793956025,0.0039157793902541,0.999992333303512,0.999992333303512,49.41360606436155,0.0,49.97358704738013,0.0,45.59503558898179,0.0,45.301878633546735,0.0,0.0,0.0,0.0,0.0,0.0,0.0
10.0,6.32766638331917,0.003915829455196,0.0039158294498498,0.999992333107488,0.999992333107487,49.41360604755389,0.0,49.97358665940184,0.0,45.59503558433971,0.0,45.301878551516936,0.0,0.0,0.0,0.0,0.0,0.0,0.0
10.0,6.327916395819791,0.0039158795160626,0.0039158795107186,0.9999923329114568,0.999992332911456,49.413606030744525,0.0,49.97358627140906,0.0,45.59503557969744,0.0,45.30187846948397,0.0,0.0,0.0,0.0,0.0,0.0,0.0
10.0,6.32816640832042,0.0039159295782022,0.0039159295728603,0.999992332715417,0.999992332715417,49.41360601393344,0.0,49.97358588340183,0.0,45.59503557505498,0.0,45.30187838744785,0.0,0.0,0.0,0.0,0.0,0.0,0.0
10.0,6.32841642082104,0.0039159796416147,0.003915979636275,0.999992332519371,0.99999233251937,49.413605997120655,0.0,49.97358549538011,0.0,45.59503557041234,0.0,45.30187830540856,0.0,0.0,0.0,0.0,0.0,0.0,0.0
10.0,6.32866643332167,0.0039160297063001,0.0039160297009626,0.999992332323317,0.999992332323316,49.413605980306144,0.0,49.97358510734392,0.0,45.59503556576952,0.0,45.3018782233661,0.0,0.0,0.0,0.0,0.0,0.0,0.0
10.0,6.32891644582229,0.0039160797722584,0.0039160797669231,0.999992332127255,0.999992332127254,49.413605963489935,0.0,49.97358471929324,0.0,45.5950355611265,0.0,45.30187814132048,0.0,0.0,0.0,0.0,0.0,0.0,0.0
10.0,6.32916645832292,0.0039161298394895,0.0039161298341563,0.999992331931186,0.9999923319311848,49.41360594667202,0.0,49.973584331228096,0.0,45.59503555648331,0.0,45.301878059271694,0.0,0.0,0.0,0.0,0.0,0.0,0.0
10.0,6.32941647082354,0.0039161799079933,0.0039161799026623,0.999992331735109,0.999992331735108,49.4136059298524,0.0,49.97358394314847,0.0,45.59503555183993,0.0,45.30187797721973,0.0,0.0,0.0,0.0,0.0,0.0,0.0
10.0,6.32966648332417,0.0039162299777697,0.0039162299724409,0.999992331539025,0.999992331539024,49.41360591303106,0.0,49.973583555054375,0.0,45.59503554719636,0.0,45.301877895164615,0.0,0.0,0.0,0.0,0.0,0.0,0.0
10.0,6.32991649582479,0.0039162800488188,0.0039162800434921,0.999992331342933,0.999992331342933,49.41360589620803,0.0,49.973583166945794,0.0,45.59503554255261,0.0,45.30187781310634,0.0,0.0,0.0,0.0,0.0,0.0,0.0
10.0,6.33016650832542,0.0039163301211404,0.0039163301158159,0.999992331146834,0.999992331146833,49.4136058793833,0.0,49.97358277882276,0.0,45.59503553790867,0.0,45.30187773104489,0.0,0.0,0.0,0.0,0.0,0.0,0.0
10.0,6.33041652082604,0.0039163801947345,0.0039163801894122,0.999992330950728,0.9999923309507268,49.41360586255686,0.0,49.97358239068523,0.0,45.59503553326454,0.0,45.301877648980266,0.0,0.0,0.0,0.0,0.0,0.0,0.0
10.0,6.33066653332667,0.0039164302696011,0.003916430264281,0.999992330754614,0.9999923307546132,49.41360584572872,0.0,49.97358200253323,0.0,45.59503552862024,0.0,45.30187756691249,0.0,0.0,0.0,0.0,0.0,0.0,0.0
10.0,6.33091654582729,0.0039164803457401,0.0039164803404221,0.999992330558492,0.999992330558491,49.41360582889887,0.0,49.973581614366765,0.0,45.59503552397575,0.0,45.30187748484155,0.0,0.0,0.0,0.0,0.0,0.0,0.0
10.0,6.33116655832792,0.0039165304231514,0.0039165304178356,0.999992330362363,0.999992330362362,49.41360581206734,0.0,49.97358122618581,0.0,45.59503551933106,0.0,45.30187740276743,0.0,0.0,0.0,0.0,0.0,0.0,0.0
10.0,6.33141657082854,0.0039165805018349,0.0039165804965213,0.999992330166226,0.999992330166226,49.41360579523409,0.0,49.97358083799039,0.0,45.5950355146862,0.0,45.30187732069015,0.0,0.0,0.0,0.0,0.0,0.0,0.0
10.0,6.33166658332917,0.0039166305817907,0.0039166305764793,0.999992329970082,0.999992329970082,49.41360577839916,0.0,49.97358044978049,0.0,45.59503551004115,0.0,45.30187723860971,0.0,0.0,0.0,0.0,0.0,0.0,0.0
10.0,6.331916595829789,0.0039166806630186,0.0039166806577094,0.999992329773931,0.99999232977393,49.41360576156252,0.0,49.97358006155612,0.0,45.59503550539591,0.0,45.3018771565261,0.0,0.0,0.0,0.0,0.0,0.0,0.0
10.0,6.33216660833042,0.0039167307455187,0.0039167307402116,0.999992329577772,0.9999923295777708,49.41360574472419,0.0,49.97357967331728,0.0,45.59503550075049,0.0,45.30187707443933,0.0,0.0,0.0,0.0,0.0,0.0,0.0
10.0,6.33241662083104,0.0039167808292908,0.0039167808239859,0.999992329381605,0.999992329381604,49.41360572788417,0.0,49.97357928506396,0.0,45.59503549610488,0.0,45.301876992349385,0.0,0.0,0.0,0.0,0.0,0.0,0.0
10.0,6.33266663333167,0.0039168309143349,0.0039168309090321,0.999992329185431,0.99999232918543,49.41360571104244,0.0,49.97357889679617,0.0,45.59503549145909,0.0,45.30187691025628,0.0,0.0,0.0,0.0,0.0,0.0,0.0
10.0,6.33291664583229,0.0039168810006509,0.0039168809953503,0.99999232898925,0.999992328989249,49.41360569419904,0.0,49.9735785085139,0.0,45.59503548681312,0.0,45.30187682816001,0.0,0.0,0.0,0.0,0.0,0.0,0.0
10.0,6.33316665833292,0.0039169310882388,0.0039169310829404,0.999992328793061,0.99999232879306,49.413605677353935,0.0,49.97357812021716,0.0,45.59503548216696,0.0,45.30187674606058,0.0,0.0,0.0,0.0,0.0,0.0,0.0
10.0,6.33341667083354,0.0039169811770985,0.0039169811718023,0.999992328596864,0.9999923285968628,49.413605660507145,0.0,49.97357773190594,0.0,45.59503547752061,0.0,45.30187666395798,0.0,0.0,0.0,0.0,0.0,0.0,0.0
10.0,6.33366668333417,0.00391703126723,0.003917031261936,0.99999232840066,0.99999232840066,49.413605643658656,0.0,49.97357734358025,0.0,45.59503547287407,0.0,45.301876581852206,0.0,0.0,0.0,0.0,0.0,0.0,0.0
10.0,6.33391669583479,0.0039170813586332,0.0039170813533414,0.999992328204449,0.999992328204448,49.41360562680848,0.0,49.97357695524008,0.0,45.59503546822736,0.0,45.30187649974328,0.0,0.0,0.0,0.0,0.0,0.0,0.0
10.0,6.33416670833542,0.0039171314513081,0.0039171314460184,0.99999232800823,0.999992328008229,49.41360560995662,0.0,49.97357656688545,0.0,45.595035463580444,0.0,45.30187641763119,0.0,0.0,0.0,0.0,0.0,0.0,0.0
10.0,6.33441672083604,0.0039171815452546,0.0039171815399671,0.9999923278120032,0.999992327812003,49.41360559310306,0.0,49.973576178516346,0.0,45.59503545893336,0.0,45.30187633551592,0.0,0.0,0.0,0.0,0.0,0.0,0.0
10.0,6.33466673333667,0.0039172316404726,0.0039172316351872,0.999992327615769,0.9999923276157692,49.41360557624784,0.0,49.97357579013276,0.0,45.59503545428608,0.0,45.301876253397495,0.0,0.0,0.0,0.0,0.0,0.0,0.0
10.0,6.33491674583729,0.003917281736962,0.0039172817316789,0.999992327419528,0.9999923274195271,49.41360555939091,0.0,49.97357540173471,0.0,45.59503544963862,0.0,45.30187617127589,0.0,0.0,0.0,0.0,0.0,0.0,0.0
10.0,6.33516675833792,0.003917331834723,0.003917331829442,0.999992327223279,0.999992327223278,49.4136055425323,0.0,49.97357501332217,0.0,45.59503544499098,0.0,45.301876089151136,0.0,0.0,0.0,0.0,0.0,0.0,0.0
10.0,6.33541677083854,0.0039173819337552,0.0039173819284764,0.999992327027023,0.999992327027022,49.41360552567201,0.0,49.97357462489517,0.0,45.595035440343146,0.0,45.30187600702321,0.0,0.0,0.0,0.0,0.0,0.0,0.0
10.0,6.33566678333917,0.0039174320340588,0.0039174320287822,0.999992326830759,0.999992326830758,49.41360550881004,0.0,49.97357423645369,0.0,45.59503543569513,0.0,45.30187592489213,0.0,0.0,0.0,0.0,0.0,0.0,0.0
10.0,6.33591679583979,0.0039174821356337,0.0039174821303592,0.9999923266344872,0.9999923266344872,49.41360549194639,0.0,49.97357384799774,0.0,45.59503543104693,0.0,45.301875842757866,0.0,0.0,0.0,0.0,0.0,0.0,0.0
10.0,6.33616680834042,0.0039175322384798,0.0039175322332075,0.9999923264382092,0.999992326438208,49.41360547508105,0.0,49.97357345952732,0.0,45.59503542639853,0.0,45.30187576062045,0.0,0.0,0.0,0.0,0.0,0.0,0.0
10.0,6.33641682084104,0.003917582342597,0.0039175823373269,0.999992326241922,0.9999923262419212,49.41360545821404,0.0,49.97357307104242,0.0,45.59503542174996,0.0,45.30187567847986,0.0,0.0,0.0,0.0,0.0,0.0,0.0
10.0,6.336666833341671,0.0039176324479853,0.0039176324427173,0.999992326045628,0.999992326045628,49.41360544134534,0.0,49.97357268254306,0.0,45.59503541710121,0.0,45.30187559633611,0.0,0.0,0.0,0.0,0.0,0.0,0.0
10.0,6.33691684584229,0.0039176825546446,0.0039176825493789,0.999992325849327,0.999992325849326,49.41360542447498,0.0,49.973572294029225,0.0,45.595035412452255,0.0,45.30187551418919,0.0,0.0,0.0,0.0,0.0,0.0,0.0
10.0,6.33716685834292,0.0039177326625749,0.0039177326573113,0.999992325653018,0.999992325653017,49.41360540760292,0.0,49.9735719055009,0.0,45.59503540780312,0.0,45.30187543203911,0.0,0.0,0.0,0.0,0.0,0.0,0.0
10.0,6.33741687084354,0.0039177827717761,0.0039177827665147,0.999992325456702,0.999992325456701,49.4136053907292,0.0,49.97357151695813,0.0,45.595035403153815,0.0,45.30187534988586,0.0,0.0,0.0,0.0,0.0,0.0,0.0
10.0,6.33766688334417,0.0039178328822482,0.003917832876989,0.999992325260378,0.9999923252603768,49.41360537385379,0.0,49.97357112840087,0.0,45.59503539850432,0.0,45.30187526772945,0.0,0.0,0.0,0.0,0.0,0.0,0.0
10.0,6.33791689584479,0.0039178829939911,0.0039178829887341,0.999992325064047,0.999992325064046,49.41360535697672,0.0,49.973570739829135,0.0,45.59503539385462,0.0,45.30187518556988,0.0,0.0,0.0,0.0,0.0,0.0,0.0
10.0,6.33816690834542,0.0039179331070047,0.0039179331017499,0.999992324867708,0.999992324867707,49.41360534009797,0.0,49.97357035124294,0.0,45.59503538920476,0.0,45.30187510340713,0.0,0.0,0.0,0.0,0.0,0.0,0.0
10.0,6.33841692084604,0.0039179832212891,0.0039179832160364,0.999992324671362,0.999992324671361,49.41360532321756,0.0,49.973569962642266,0.0,45.5950353845547,0.0,45.30187502124122,0.0,0.0,0.0,0.0,0.0,0.0,0.0
10.0,6.33866693334667,0.0039180333368441,0.0039180333315936,0.999992324475008,0.999992324475007,49.41360530633546,0.0,49.97356957402712,0.0,45.59503537990445,0.0,45.30187493907214,0.0,0.0,0.0,0.0,0.0,0.0,0.0
10.0,6.33891694584729,0.0039180834536696,0.0039180834484213,0.999992324278647,0.999992324278646,49.413605289451695,0.0,49.9735691853975,0.0,45.59503537525403,0.0,45.30187485689991,0.0,0.0,0.0,0.0,0.0,0.0,0.0
10.0,6.33916695834792,0.0039181335717657,0.0039181335665196,0.999992324082278,0.9999923240822772,49.413605272566265,0.0,49.97356879675341,0.0,45.59503537060341,0.0,45.3018747747245,0.0,0.0,0.0,0.0,0.0,0.0,0.0
10.0,6.33941697084854,0.0039181836911323,0.0039181836858884,0.999992323885902,0.9999923238859008,49.413605255679165,0.0,49.973568408094856,0.0,45.59503536595261,0.0,45.30187469254594,0.0,0.0,0.0,0.0,0.0,0.0,0.0
10.0,6.33966698334917,0.0039182338117692,0.0039182338065275,0.999992323689518,0.999992323689517,49.4136052387904,0.0,49.97356801942183,0.0,45.59503536130163,0.0,45.3018746103642,0.0,0.0,0.0,0.0,0.0,0.0,0.0
10.0,6.33991699584979,0.0039182839336766,0.003918283928437,0.9999923234931272,0.999992323493126,49.41360522189996,0.0,49.97356763073432,0.0,45.59503535665046,0.0,45.30187452817929,0.0,0.0,0.0,0.0,0.0,0.0,0.0
10.0,6.34016700835042,0.0039183340568542,0.0039183340516168,0.999992323296728,0.999992323296727,49.41360520500785,0.0,49.97356724203235,0.0,45.59503535199911,0.0,45.30187444599124,0.0,0.0,0.0,0.0,0.0,0.0,0.0
10.0,6.34041702085104,0.0039183841813021,0.0039183841760669,0.999992323100322,0.999992323100321,49.41360518811408,0.0,49.9735668533159,0.0,45.59503534734756,0.0,45.3018743638,0.0,0.0,0.0,0.0,0.0,0.0,0.0
10.0,6.34066703335167,0.0039184343070201,0.0039184343017871,0.999992322903908,0.999992322903907,49.41360517121864,0.0,49.97356646458499,0.0,45.59503534269584,0.0,45.301874281605606,0.0,0.0,0.0,0.0,0.0,0.0,0.0
10.0,6.34091704585229,0.0039184844340083,0.0039184844287775,0.999992322707487,0.999992322707486,49.41360515432154,0.0,49.97356607583961,0.0,45.595035338043935,0.0,45.30187419940804,0.0,0.0,0.0,0.0,0.0,0.0,0.0
10.0,6.34116705835292,0.0039185345622666,0.0039185345570379,0.999992322511059,0.999992322511058,49.41360513742279,0.0,49.97356568707974,0.0,45.59503533339184,0.0,45.30187411720732,0.0,0.0,0.0,0.0,0.0,0.0,0.0
10.0,6.34141707085354,0.0039185846917948,0.0039185846865684,0.999992322314622,0.999992322314621,49.41360512052237,0.0,49.97356529830541,0.0,45.59503532873956,0.0,45.30187403500342,0.0,0.0,0.0,0.0,0.0,0.0,0.0
10.0,6.34166708335417,0.0039186348225931,0.0039186348173688,0.999992322118179,0.999992322118178,49.41360510362029,0.0,49.97356490951662,0.0,45.595035324087085,0.0,45.30187395279637,0.0,0.0,0.0,0.0,0.0,0.0,0.0
10.0,6.34191709585479,0.0039186849546612,0.0039186849494392,0.999992321921727,0.999992321921727,49.41360508671654,0.0,49.97356452071335,0.0,45.59503531943443,0.0,45.30187387058614,0.0,0.0,0.0,0.0,0.0,0.0,0.0
10.0,6.342167108355419,0.0039187350879992,0.0039187350827793,0.999992321725269,0.999992321725268,49.41360506981114,0.0,49.97356413189561,0.0,45.5950353147816,0.0,45.30187378837276,0.0,0.0,0.0,0.0,0.0,0.0,0.0
10.0,6.34241712085604,0.003918785222607,0.0039187852173893,0.9999923215288028,0.999992321528802,49.41360505290408,0.0,49.973563743063394,0.0,45.595035310128566,0.0,45.30187370615621,0.0,0.0,0.0,0.0,0.0,0.0,0.0
10.0,6.34266713335667,0.0039188353584845,0.003918835353269,0.999992321332329,0.999992321332328,49.41360503599535,0.0,49.97356335421671,0.0,45.59503530547536,0.0,45.30187362393649,0.0,0.0,0.0,0.0,0.0,0.0,0.0
10.0,6.34291714585729,0.0039188854956317,0.0039188854904184,0.999992321135848,0.999992321135847,49.413605019084976,0.0,49.97356296535557,0.0,45.59503530082197,0.0,45.3018735417136,0.0,0.0,0.0,0.0,0.0,0.0,0.0
10.0,6.34316715835792,0.0039189356340485,0.0039189356288374,0.9999923209393592,0.9999923209393592,49.41360500217295,0.0,49.97356257647994,0.0,45.59503529616838,0.0,45.30187345948756,0.0,0.0,0.0,0.0,0.0,0.0,0.0
10.0,6.34341717085854,0.0039189857737349,0.003918985768526,0.999992320742863,0.999992320742862,49.41360498525926,0.0,49.97356218758985,0.0,45.59503529151462,0.0,45.30187337725834,0.0,0.0,0.0,0.0,0.0,0.0,0.0
10.0,6.34366718335917,0.0039190359146908,0.0039190359094841,0.99999232054636,0.999992320546359,49.413604968343925,0.0,49.97356179868529,0.0,45.59503528686067,0.0,45.30187329502597,0.0,0.0,0.0,0.0,0.0,0.0,0.0
10.0,6.34391719585979,0.0039190860569162,0.0039190860517116,0.999992320349849,0.999992320349848,49.41360495142693,0.0,49.973561409766255,0.0,45.59503528220654,0.0,45.301873212790426,0.0,0.0,0.0,0.0,0.0,0.0,0.0
10.0,6.34416720836042,0.0039191362004109,0.0039191361952086,0.9999923201533298,0.999992320153329,49.41360493450829,0.0,49.973561020832754,0.0,45.595035277552206,0.0,45.30187313055171,0.0,0.0,0.0,0.0,0.0,0.0,0.0
10.0,6.3444172208610405,0.003919186345175,0.0039191863399749,0.999992319956804,0.999992319956803,49.413604917588,0.0,49.97356063188478,0.0,45.5950352728977,0.0,45.30187304830984,0.0,0.0,0.0,0.0,0.0,0.0,0.0
10.0,6.34466723336167,0.0039192364912084,0.0039192364860104,0.99999231976027,0.99999231976027,49.41360490066605,0.0,49.973560242922346,0.0,45.59503526824301,0.0,45.3018729660648,0.0,0.0,0.0,0.0,0.0,0.0,0.0
10.0,6.34491724586229,0.003919286638511,0.0039192866333152,0.99999231956373,0.999992319563729,49.41360488374245,0.0,49.97355985394544,0.0,45.59503526358813,0.0,45.30187288381659,0.0,0.0,0.0,0.0,0.0,0.0,0.0
10.0,6.34516725836292,0.0039193367870828,0.0039193367818892,0.999992319367181,0.99999231936718,49.41360486681721,0.0,49.97355946495406,0.0,45.595035258933066,0.0,45.30187280156523,0.0,0.0,0.0,0.0,0.0,0.0,0.0
10.0,6.34541727086354,0.0039193869369237,0.0039193869317323,0.999992319170625,0.999992319170624,49.41360484989032,0.0,49.9735590759482,0.0,45.59503525427782,0.0,45.30187271931069,0.0,0.0,0.0,0.0,0.0,0.0,0.0
10.0,6.34566728336417,0.0039194370880337,0.0039194370828444,0.999992318974062,0.999992318974061,49.41360483296178,0.0,49.973558686927895,0.0,45.595035249622384,0.0,45.301872637053,0.0,0.0,0.0,0.0,0.0,0.0,0.0
10.0,6.34591729586479,0.0039194872404126,0.0039194872352256,0.9999923187774908,0.9999923187774898,49.4136048160316,0.0,49.97355829789311,0.0,45.59503524496676,0.0,45.30187255479212,0.0,0.0,0.0,0.0,0.0,0.0,0.0
10.0,6.34616730836542,0.0039195373940605,0.0039195373888757,0.999992318580913,0.999992318580912,49.41360479909976,0.0,49.97355790884385,0.0,45.59503524031096,0.0,45.301872472528096,0.0,0.0,0.0,0.0,0.0,0.0,0.0
10.0,6.34641732086604,0.0039195875489773,0.0039195875437947,0.999992318384326,0.999992318384326,49.41360478216629,0.0,49.97355751978013,0.0,45.59503523565497,0.0,45.3018723902609,0.0,0.0,0.0,0.0,0.0,0.0,0.0
10.0,6.34666733336667,0.0039196377051629,0.0039196376999825,0.999992318187733,0.999992318187732,49.41360476523117,0.0,49.973557130701934,0.0,45.59503523099879,0.0,45.301872307990536,0.0,0.0,0.0,0.0,0.0,0.0,0.0
10.0,6.34691734586729,0.0039196878626173,0.0039196878574391,0.999992317991132,0.999992317991131,49.41360474829441,0.0,49.97355674160927,0.0,45.595035226342425,0.0,45.30187222571701,0.0,0.0,0.0,0.0,0.0,0.0,0.0
10.0,6.34716735836792,0.0039197380213405,0.0039197380161644,0.999992317794524,0.999992317794523,49.413604731356,0.0,49.97355635250214,0.0,45.59503522168588,0.0,45.30187214344033,0.0,0.0,0.0,0.0,0.0,0.0,0.0
10.0,6.34741737086854,0.0039197881813323,0.0039197881761584,0.999992317597908,0.999992317597907,49.41360471441597,0.0,49.97355596338055,0.0,45.59503521702915,0.0,45.30187206116047,0.0,0.0,0.0,0.0,0.0,0.0,0.0
10.0,6.347667383369169,0.0039198383425927,0.003919838337421,0.9999923174012848,0.999992317401284,49.41360469747428,0.0,49.97355557424447,0.0,45.59503521237223,0.0,45.30187197887746,0.0,0.0,0.0,0.0,0.0,0.0,0.0
10.0,6.34791739586979,0.0039198885051216,0.0039198884999521,0.999992317204654,0.9999923172046528,49.41360468053096,0.0,49.97355518509395,0.0,45.59503520771512,0.0,45.30187189659127,0.0,0.0,0.0,0.0,0.0,0.0,0.0
10.0,6.34816740837042,0.0039199386689191,0.0039199386637518,0.999992317008015,0.999992317008014,49.413604663586,0.0,49.97355479592894,0.0,45.59503520305784,0.0,45.30187181430192,0.0,0.0,0.0,0.0,0.0,0.0,0.0
10.0,6.34841742087104,0.003919988833985,0.0039199888288198,0.99999231681137,0.999992316811369,49.4136046466394,0.0,49.97355440674946,0.0,45.59503519840036,0.0,45.3018717320094,0.0,0.0,0.0,0.0,0.0,0.0,0.0
10.0,6.34866743337167,0.0039200390003192,0.0039200389951563,0.999992316614716,0.999992316614715,49.41360462969116,0.0,49.97355401755553,0.0,45.5950351937427,0.0,45.30187164971372,0.0,0.0,0.0,0.0,0.0,0.0,0.0
10.0,6.34891744587229,0.0039200891679218,0.0039200891627611,0.9999923164180552,0.9999923164180552,49.41360461274129,0.0,49.97355362834712,0.0,45.59503518908485,0.0,45.30187156741488,0.0,0.0,0.0,0.0,0.0,0.0,0.0
10.0,6.34916745837292,0.0039201393367927,0.0039201393316342,0.999992316221387,0.999992316221386,49.413604595789785,0.0,49.97355323912424,0.0,45.59503518442683,0.0,45.30187148511287,0.0,0.0,0.0,0.0,0.0,0.0,0.0
10.0,6.34941747087354,0.0039201895069318,0.0039201895017754,0.9999923160247108,0.9999923160247098,49.41360457883665,0.0,49.97355284988691,0.0,45.59503517976861,0.0,45.30187140280768,0.0,0.0,0.0,0.0,0.0,0.0,0.0
10.0,6.34966748337417,0.003920239678339,0.0039202396731849,0.999992315828028,0.9999923158280268,49.41360456188187,0.0,49.9735524606351,0.0,45.59503517511022,0.0,45.30187132049935,0.0,0.0,0.0,0.0,0.0,0.0,0.0
10.0,6.349917495874789,0.0039202898510143,0.0039202898458624,0.999992315631337,0.999992315631336,49.413604544925455,0.0,49.973552071368815,0.0,45.59503517045162,0.0,45.30187123818784,0.0,0.0,0.0,0.0,0.0,0.0,0.0
10.0,6.35016750837542,0.0039203400249577,0.003920340019808,0.999992315434639,0.999992315434638,49.41360452796742,0.0,49.97355168208807,0.0,45.59503516579285,0.0,45.30187115587317,0.0,0.0,0.0,0.0,0.0,0.0,0.0
10.0,6.35041752087604,0.0039203902001691,0.0039203901950216,0.999992315237933,0.999992315237932,49.41360451100776,0.0,49.973551292792855,0.0,45.59503516113389,0.0,45.30187107355534,0.0,0.0,0.0,0.0,0.0,0.0,0.0
10.0,6.35066753337667,0.0039204403766484,0.0039204403715031,0.99999231504122,0.999992315041219,49.41360449404645,0.0,49.97355090348318,0.0,45.59503515647475,0.0,45.30187099123434,0.0,0.0,0.0,0.0,0.0,0.0,0.0
10.0,6.35091754587729,0.0039204905543956,0.0039204905492525,0.999992314844499,0.999992314844498,49.41360447708353,0.0,49.97355051415903,0.0,45.59503515181542,0.0,45.30187090891017,0.0,0.0,0.0,0.0,0.0,0.0,0.0
10.0,6.35116755837792,0.0039205407334106,0.0039205407282697,0.999992314647771,0.9999923146477702,49.41360446011897,0.0,49.973550124820406,0.0,45.59503514715591,0.0,45.30187082658284,0.0,0.0,0.0,0.0,0.0,0.0,0.0
10.0,6.35141757087854,0.0039205909136934,0.0039205909085546,0.999992314451035,0.999992314451035,49.41360444315278,0.0,49.97354973546734,0.0,45.59503514249621,0.0,45.30187074425235,0.0,0.0,0.0,0.0,0.0,0.0,0.0
10.0,6.35166758337917,0.0039206410952438,0.0039206410901073,0.999992314254292,0.999992314254292,49.41360442618497,0.0,49.97354934609979,0.0,45.59503513783632,0.0,45.30187066191868,0.0,0.0,0.0,0.0,0.0,0.0,0.0
10.0,6.35191759587979,0.003920691278062,0.0039206912729276,0.999992314057542,0.999992314057541,49.41360440921554,0.0,49.97354895671777,0.0,45.595035133176246,0.0,45.30187057958186,0.0,0.0,0.0,0.0,0.0,0.0,0.0
10.0,6.35216760838042,0.0039207414621477,0.0039207414570155,0.999992313860783,0.999992313860782,49.41360439224447,0.0,49.97354856732129,0.0,45.595035128516,0.0,45.30187049724187,0.0,0.0,0.0,0.0,0.0,0.0,0.0
10.0,6.35241762088104,0.0039207916475009,0.003920791642371,0.999992313664018,0.999992313664017,49.41360437527179,0.0,49.973548177910345,0.0,45.59503512385555,0.0,45.30187041489872,0.0,0.0,0.0,0.0,0.0,0.0,0.0
10.0,6.35266763338167,0.0039208418341217,0.0039208418289939,0.999992313467244,0.9999923134672442,49.41360435829748,0.0,49.973547788484936,0.0,45.59503511919492,0.0,45.30187033255239,0.0,0.0,0.0,0.0,0.0,0.0,0.0
10.0,6.35291764588229,0.0039208920220098,0.0039208920168843,0.999992313270464,0.999992313270463,49.41360434132155,0.0,49.973547399045046,0.0,45.59503511453411,0.0,45.30187025020291,0.0,0.0,0.0,0.0,0.0,0.0,0.0
10.0,6.35316765838292,0.0039209422111654,0.003920942206042,0.999992313073676,0.999992313073675,49.41360432434399,0.0,49.9735470095907,0.0,45.59503510987312,0.0,45.301870167850254,0.0,0.0,0.0,0.0,0.0,0.0,0.0
10.0,6.35341767088354,0.0039209924015882,0.0039209923964671,0.99999231287688,0.99999231287688,49.41360430736482,0.0,49.97354662012189,0.0,45.59503510521193,0.0,45.30187008549444,0.0,0.0,0.0,0.0,0.0,0.0,0.0
10.0,6.35366768338417,0.0039210425932783,0.0039210425881594,0.9999923126800768,0.999992312680076,49.41360429038403,0.0,49.97354623063861,0.0,45.59503510055056,0.0,45.30187000313546,0.0,0.0,0.0,0.0,0.0,0.0,0.0
10.0,6.35391769588479,0.0039210927862356,0.0039210927811189,0.999992312483266,0.999992312483266,49.41360427340161,0.0,49.97354584114086,0.0,45.59503509588901,0.0,45.30186992077332,0.0,0.0,0.0,0.0,0.0,0.0,0.0
10.0,6.35416770838542,0.0039211429804601,0.0039211429753455,0.999992312286448,0.999992312286448,49.41360425641758,0.0,49.97354545162865,0.0,45.59503509122728,0.0,45.30186983840801,0.0,0.0,0.0,0.0,0.0,0.0,0.0
10.0,6.35441772088604,0.0039211931759516,0.0039211931708392,0.999992312089623,0.999992312089622,49.41360423943193,0.0,49.97354506210198,0.0,45.59503508656535,0.0,45.30186975603954,0.0,0.0,0.0,0.0,0.0,0.0,0.0
10.0,6.35466773338667,0.0039212433727101,0.0039212433676,0.99999231189279,0.999992311892789,49.41360422244466,0.0,49.97354467256084,0.0,45.595035081903234,0.0,45.3018696736679,0.0,0.0,0.0,0.0,0.0,0.0,0.0
10.0,6.35491774588729,0.0039212935707357,0.0039212935656277,0.999992311695949,0.999992311695948,49.41360420545578,0.0,49.97354428300523,0.0,45.59503507724094,0.0,45.30186959129309,0.0,0.0,0.0,0.0,0.0,0.0,0.0
10.0,6.35516775838792,0.0039213437700281,0.0039213437649224,0.999992311499101,0.9999923114991,49.413604188465285,0.0,49.97354389343515,0.0,45.595035072578455,0.0,45.301869508915125,0.0,0.0,0.0,0.0,0.0,0.0,0.0
10.0,6.355417770888539,0.0039213939705875,0.0039213939654839,0.999992311302246,0.999992311302245,49.41360417147317,0.0,49.97354350385062,0.0,45.59503506791579,0.0,45.30186942653399,0.0,0.0,0.0,0.0,0.0,0.0,0.0
10.0,6.35566778338917,0.0039214441724136,0.0039214441673122,0.999992311105383,0.999992311105382,49.41360415447944,0.0,49.97354311425161,0.0,45.595035063252936,0.0,45.301869344149694,0.0,0.0,0.0,0.0,0.0,0.0,0.0
10.0,6.35591779588979,0.0039214943755064,0.0039214943704073,0.999992310908512,0.999992310908512,49.41360413748411,0.0,49.97354272463814,0.0,45.5950350585899,0.0,45.30186926176223,0.0,0.0,0.0,0.0,0.0,0.0,0.0
10.0,6.35616780839042,0.003921544579866,0.0039215445747691,0.999992310711634,0.999992310711634,49.41360412048716,0.0,49.97354233501021,0.0,45.59503505392667,0.0,45.3018691793716,0.0,0.0,0.0,0.0,0.0,0.0,0.0
10.0,6.35641782089104,0.0039215947854922,0.0039215947803975,0.999992310514749,0.999992310514748,49.4136041034886,0.0,49.97354194536781,0.0,45.59503504926327,0.0,45.30186909697781,0.0,0.0,0.0,0.0,0.0,0.0,0.0
10.0,6.35666783339167,0.003921644992385,0.0039216449872925,0.999992310317856,0.999992310317855,49.41360408648842,0.0,49.97354155571095,0.0,45.59503504459967,0.0,45.30186901458085,0.0,0.0,0.0,0.0,0.0,0.0,0.0
10.0,6.35691784589229,0.0039216952005443,0.003921695195454,0.999992310120956,0.999992310120955,49.413604069486645,0.0,49.97354116603962,0.0,45.59503503993589,0.0,45.30186893218072,0.0,0.0,0.0,0.0,0.0,0.0,0.0
10.0,6.35716785839292,0.0039217454099701,0.003921745404882,0.999992309924048,0.999992309924047,49.41360405248325,0.0,49.97354077635382,0.0,45.59503503527193,0.0,45.30186884977744,0.0,0.0,0.0,0.0,0.0,0.0,0.0
10.0,6.35741787089354,0.0039217956206623,0.0039217956155764,0.999992309727132,0.999992309727132,49.41360403547825,0.0,49.97354038665357,0.0,45.595035030607775,0.0,45.30186876737099,0.0,0.0,0.0,0.0,0.0,0.0,0.0
10.0,6.35766788339417,0.0039218458326208,0.0039218458275371,0.9999923095302092,0.999992309530209,49.41360401847164,0.0,49.97353999693884,0.0,45.595035025943446,0.0,45.30186868496136,0.0,0.0,0.0,0.0,0.0,0.0,0.0
10.0,6.35791789589479,0.0039218960458456,0.0039218960407641,0.999992309333279,0.999992309333278,49.41360400146343,0.0,49.97353960720965,0.0,45.59503502127892,0.0,45.30186860254859,0.0,0.0,0.0,0.0,0.0,0.0,0.0
10.0,6.35816790839542,0.0039219462603367,0.0039219462552574,0.999992309136341,0.999992309136341,49.413603984453616,0.0,49.973539217466,0.0,45.59503501661422,0.0,45.30186852013264,0.0,0.0,0.0,0.0,0.0,0.0,0.0
10.0,6.35841792089604,0.003921996476094,0.0039219964710169,0.999992308939396,0.999992308939395,49.413603967442185,0.0,49.97353882770789,0.0,45.59503501194933,0.0,45.30186843771353,0.0,0.0,0.0,0.0,0.0,0.0,0.0
10.0,6.35866793339667,0.0039220466931174,0.0039220466880425,0.999992308742443,0.999992308742442,49.41360395042917,0.0,49.97353843793531,0.0,45.59503500728424,0.0,45.301868355291255,0.0,0.0,0.0,0.0,0.0,0.0,0.0
10.0,6.35891794589729,0.0039220969114069,0.0039220969063342,0.999992308545483,0.999992308545482,49.413603933414535,0.0,49.97353804814826,0.0,45.59503500261898,0.0,45.30186827286582,0.0,0.0,0.0,0.0,0.0,0.0,0.0
10.0,6.35916795839792,0.0039221471309623,0.0039221471258919,0.999992308348515,0.999992308348514,49.41360391639831,0.0,49.97353765834676,0.0,45.59503499795354,0.0,45.30186819043721,0.0,0.0,0.0,0.0,0.0,0.0,0.0
10.0,6.35941797089854,0.0039221973517838,0.0039221973467155,0.9999923081515388,0.999992308151539,49.41360389938047,0.0,49.973537268530784,0.0,45.595034993287896,0.0,45.30186810800544,0.0,0.0,0.0,0.0,0.0,0.0,0.0
10.0,6.35966798339917,0.0039222475738712,0.0039222475688051,0.999992307954557,0.999992307954556,49.41360388236104,0.0,49.97353687870035,0.0,45.59503498862208,0.0,45.301868025570506,0.0,0.0,0.0,0.0,0.0,0.0,0.0
10.0,6.3599179958998,0.0039222977972244,0.0039222977921605,0.9999923077575672,0.999992307757566,49.41360386534,0.0,49.97353648885545,0.0,45.59503498395608,0.0,45.30186794313241,0.0,0.0,0.0,0.0,0.0,0.0,0.0
10.0,6.360168008400421,0.0039223480218434,0.0039223480167817,0.999992307560569,0.999992307560568,49.41360384831737,0.0,49.973536098996085,0.0,45.595034979289885,0.0,45.30186786069114,0.0,0.0,0.0,0.0,0.0,0.0,0.0
10.0,6.36041802090104,0.0039223982477281,0.0039223982426687,0.999992307363564,0.9999923073635631,49.41360383129314,0.0,49.97353570912226,0.0,45.59503497462351,0.0,45.30186777824671,0.0,0.0,0.0,0.0,0.0,0.0,0.0
10.0,6.36066803340167,0.0039224484748785,0.0039224484698213,0.999992307166551,0.99999230716655,49.4136038142673,0.0,49.97353531923397,0.0,45.59503496995694,0.0,45.30186769579912,0.0,0.0,0.0,0.0,0.0,0.0,0.0
10.0,6.3609180459023,0.0039224987032945,0.0039224986982395,0.99999230696953,0.99999230696953,49.41360379723987,0.0,49.97353492933122,0.0,45.5950349652902,0.0,45.30186761334837,0.0,0.0,0.0,0.0,0.0,0.0,0.0
10.0,6.36116805840292,0.0039225489329761,0.0039225489279233,0.999992306772503,0.999992306772502,49.41360378021085,0.0,49.973534539414,0.0,45.59503496062327,0.0,45.301867530894434,0.0,0.0,0.0,0.0,0.0,0.0,0.0
10.0,6.36141807090355,0.0039225991639233,0.0039225991588727,0.999992306575468,0.9999923065754668,49.41360376318024,0.0,49.973534149482326,0.0,45.59503495595615,0.0,45.30186744843734,0.0,0.0,0.0,0.0,0.0,0.0,0.0
10.0,6.36166808340417,0.0039226493961358,0.0039226493910874,0.999992306378425,0.999992306378424,49.41360374614801,0.0,49.97353375953619,0.0,45.595034951288845,0.0,45.301867365977095,0.0,0.0,0.0,0.0,0.0,0.0,0.0
10.0,6.36191809590479,0.0039226996296138,0.0039226996245676,0.999992306181375,0.999992306181374,49.413603729114215,0.0,49.97353336957558,0.0,45.59503494662136,0.0,45.30186728351367,0.0,0.0,0.0,0.0,0.0,0.0,0.0
10.0,6.36216810840542,0.0039227498643571,0.0039227498593131,0.999992305984317,0.999992305984316,49.41360371207881,0.0,49.97353297960051,0.0,45.595034941953685,0.0,45.30186720104709,0.0,0.0,0.0,0.0,0.0,0.0,0.0
10.0,6.36241812090605,0.0039228001003657,0.0039228000953239,0.999992305787252,0.999992305787251,49.41360369504182,0.0,49.97353258961098,0.0,45.59503493728583,0.0,45.30186711857735,0.0,0.0,0.0,0.0,0.0,0.0,0.0
10.0,6.36266813340667,0.0039228503376395,0.0039228503326,0.999992305590179,0.999992305590179,49.413603678003234,0.0,49.97353219960699,0.0,45.595034932617786,0.0,45.30186703610444,0.0,0.0,0.0,0.0,0.0,0.0,0.0
10.0,6.3629181459073,0.0039229005761785,0.0039229005711412,0.999992305393099,0.999992305393099,49.413603660963055,0.0,49.973531809588536,0.0,45.59503492794955,0.0,45.30186695362836,0.0,0.0,0.0,0.0,0.0,0.0,0.0
10.0,6.36316815840792,0.0039229508159826,0.0039229508109475,0.999992305196012,0.9999923051960108,49.41360364392129,0.0,49.97353141955562,0.0,45.59503492328113,0.0,45.30186687114911,0.0,0.0,0.0,0.0,0.0,0.0,0.0
10.0,6.363418170908549,0.0039230010570518,0.0039230010520189,0.999992304998917,0.999992304998916,49.413603626877936,0.0,49.97353102950824,0.0,45.59503491861253,0.0,45.30186678866672,0.0,0.0,0.0,0.0,0.0,0.0,0.0
10.0,6.36366818340917,0.003923051299386,0.0039230512943553,0.999992304801814,0.999992304801813,49.41360360983299,0.0,49.97353063944639,0.0,45.59503491394375,0.0,45.30186670618114,0.0,0.0,0.0,0.0,0.0,0.0,0.0
10.0,6.3639181959098,0.0039231015429851,0.0039231015379566,0.999992304604704,0.9999923046047032,49.41360359278646,0.0,49.97353024937009,0.0,45.59503490927477,0.0,45.301866623692405,0.0,0.0,0.0,0.0,0.0,0.0,0.0
10.0,6.36416820841042,0.0039231517878491,0.0039231517828229,0.999992304407586,0.999992304407586,49.41360357573835,0.0,49.97352985927933,0.0,45.59503490460561,0.0,45.30186654120051,0.0,0.0,0.0,0.0,0.0,0.0,0.0
10.0,6.36441822091104,0.003923202033978,0.0039232020289539,0.9999923042104608,0.999992304210461,49.41360355868865,0.0,49.973529469174096,0.0,45.595034899936266,0.0,45.30186645870544,0.0,0.0,0.0,0.0,0.0,0.0,0.0
10.0,6.36466823341167,0.0039232522813716,0.0039232522763498,0.999992304013329,0.999992304013328,49.41360354163735,0.0,49.9735290790544,0.0,45.59503489526674,0.0,45.301866376207215,0.0,0.0,0.0,0.0,0.0,0.0,0.0
10.0,6.3649182459123,0.00392330253003,0.0039233025250103,0.999992303816189,0.999992303816188,49.41360352458448,0.0,49.973528688920254,0.0,45.59503489059703,0.0,45.30186629370582,0.0,0.0,0.0,0.0,0.0,0.0,0.0
10.0,6.36516825841292,0.003923352779953,0.0039233527749356,0.999992303619041,0.999992303619041,49.41360350753003,0.0,49.97352829877164,0.0,45.59503488592713,0.0,45.30186621120127,0.0,0.0,0.0,0.0,0.0,0.0,0.0
10.0,6.36541827091355,0.0039234030311406,0.0039234030261254,0.999992303421887,0.9999923034218862,49.41360349047398,0.0,49.97352790860857,0.0,45.59503488125705,0.0,45.30186612869355,0.0,0.0,0.0,0.0,0.0,0.0,0.0
10.0,6.365668283414171,0.0039234532835928,0.0039234532785798,0.999992303224724,0.999992303224723,49.41360347341636,0.0,49.97352751843104,0.0,45.59503487658677,0.0,45.30186604618265,0.0,0.0,0.0,0.0,0.0,0.0,0.0
10.0,6.36591829591479,0.0039235035373095,0.0039235035322987,0.999992303027554,0.999992303027553,49.41360345635715,0.0,49.97352712823904,0.0,45.595034871916326,0.0,45.30186596366861,0.0,0.0,0.0,0.0,0.0,0.0,0.0
10.0,6.36616830841542,0.0039235537922906,0.0039235537872821,0.9999923028303772,0.999992302830376,49.41360343929637,0.0,49.973526738032575,0.0,45.59503486724567,0.0,45.30186588115138,0.0,0.0,0.0,0.0,0.0,0.0,0.0
10.0,6.36641832091605,0.0039236040485361,0.0039236040435298,0.999992302633192,0.999992302633191,49.413603422234,0.0,49.97352634781166,0.0,45.59503486257485,0.0,45.30186579863101,0.0,0.0,0.0,0.0,0.0,0.0,0.0
10.0,6.36666833341667,0.003923654306046,0.0039236543010419,0.999992302435999,0.999992302435999,49.41360340517006,0.0,49.97352595757628,0.0,45.59503485790384,0.0,45.30186571610746,0.0,0.0,0.0,0.0,0.0,0.0,0.0
10.0,6.3669183459173,0.0039237045648201,0.0039237045598182,0.999992302238799,0.999992302238799,49.41360338810454,0.0,49.97352556732643,0.0,45.59503485323264,0.0,45.30186563358075,0.0,0.0,0.0,0.0,0.0,0.0,0.0
10.0,6.36716835841792,0.0039237548248584,0.0039237548198587,0.999992302041592,0.999992302041591,49.41360337103743,0.0,49.97352517706213,0.0,45.595034848561255,0.0,45.30186555105088,0.0,0.0,0.0,0.0,0.0,0.0,0.0
10.0,6.36741837091855,0.0039238050861609,0.0039238050811634,0.999992301844377,0.999992301844376,49.413603353968746,0.0,49.97352478678337,0.0,45.59503484388969,0.0,45.301865468517846,0.0,0.0,0.0,0.0,0.0,0.0,0.0
10.0,6.36766838341917,0.0039238553487275,0.0039238553437323,0.999992301647155,0.999992301647154,49.4136033368985,0.0,49.97352439649014,0.0,45.59503483921794,0.0,45.30186538598164,0.0,0.0,0.0,0.0,0.0,0.0,0.0
10.0,6.3679183959198,0.0039239056125581,0.0039239056075651,0.999992301449925,0.999992301449924,49.41360331982666,0.0,49.97352400618247,0.0,45.59503483454599,0.0,45.30186530344228,0.0,0.0,0.0,0.0,0.0,0.0,0.0
10.0,6.36816840842042,0.0039239558776528,0.003923955872662,0.999992301252688,0.999992301252687,49.41360330275326,0.0,49.97352361586031,0.0,45.59503482987387,0.0,45.301865220899735,0.0,0.0,0.0,0.0,0.0,0.0,0.0
10.0,6.36841842092105,0.0039240061440114,0.0039240061390228,0.9999923010554428,0.999992301055442,49.413603285678285,0.0,49.9735232255237,0.0,45.595034825201566,0.0,45.30186513835404,0.0,0.0,0.0,0.0,0.0,0.0,0.0
10.0,6.36866843342167,0.0039240564116338,0.0039240564066474,0.999992300858191,0.99999230085819,49.413603268601726,0.0,49.973522835172645,0.0,45.595034820529065,0.0,45.30186505580519,0.0,0.0,0.0,0.0,0.0,0.0,0.0
10.0,6.368918445922299,0.0039241066805201,0.0039241066755359,0.999992300660931,0.99999230066093,49.4136032515236,0.0,49.97352244480712,0.0,45.59503481585638,0.0,45.30186497325315,0.0,0.0,0.0,0.0,0.0,0.0,0.0
10.0,6.36916845842292,0.0039241569506701,0.0039241569456882,0.999992300463664,0.999992300463663,49.413603234443904,0.0,49.973522054427136,0.0,45.59503481118351,0.0,45.30186489069796,0.0,0.0,0.0,0.0,0.0,0.0,0.0
10.0,6.36941847092355,0.0039242072220839,0.0039242072171041,0.9999923002663892,0.999992300266388,49.41360321736264,0.0,49.97352166403269,0.0,45.59503480651046,0.0,45.301864808139605,0.0,0.0,0.0,0.0,0.0,0.0,0.0
10.0,6.36966848342417,0.0039242574947613,0.0039242574897838,0.999992300069107,0.999992300069106,49.4136032002798,0.0,49.97352127362378,0.0,45.59503480183722,0.0,45.30186472557809,0.0,0.0,0.0,0.0,0.0,0.0,0.0
10.0,6.3699184959248,0.0039243077687023,0.003924307763727,0.9999922998718168,0.999992299871816,49.41360318319538,0.0,49.973520883200415,0.0,45.595034797163805,0.0,45.30186464301341,0.0,0.0,0.0,0.0,0.0,0.0,0.0
10.0,6.37016850842542,0.0039243580439068,0.0039243580389337,0.999992299674519,0.999992299674519,49.41360316610941,0.0,49.9735204927626,0.0,45.59503479249019,0.0,45.30186456044555,0.0,0.0,0.0,0.0,0.0,0.0,0.0
10.0,6.37041852092605,0.0039244083203748,0.003924408315404,0.9999922994772148,0.999992299477214,49.41360314902185,0.0,49.97352010231031,0.0,45.5950347878164,0.0,45.30186447787455,0.0,0.0,0.0,0.0,0.0,0.0,0.0
10.0,6.37066853342667,0.0039244585981063,0.0039244585931377,0.999992299279903,0.999992299279902,49.413603131932746,0.0,49.973519711843565,0.0,45.59503478314242,0.0,45.30186439530037,0.0,0.0,0.0,0.0,0.0,0.0,0.0
10.0,6.3709185459273,0.0039245088771011,0.0039245088721347,0.9999922990825832,0.999992299082582,49.41360311484206,0.0,49.97351932136236,0.0,45.59503477846825,0.0,45.30186431272302,0.0,0.0,0.0,0.0,0.0,0.0,0.0
10.0,6.371168558427919,0.0039245591573593,0.0039245591523951,0.999992298885256,0.999992298885255,49.41360309774981,0.0,49.973518930866696,0.0,45.59503477379391,0.0,45.30186423014252,0.0,0.0,0.0,0.0,0.0,0.0,0.0
10.0,6.37141857092855,0.0039246094388807,0.0039246094339187,0.999992298687921,0.9999922986879198,49.413603080656,0.0,49.97351854035658,0.0,45.595034769119366,0.0,45.301864147558845,0.0,0.0,0.0,0.0,0.0,0.0,0.0
10.0,6.37166858342917,0.0039246597216653,0.0039246597167056,0.999992298490579,0.999992298490578,49.41360306356062,0.0,49.973518149832,0.0,45.59503476444464,0.0,45.30186406497202,0.0,0.0,0.0,0.0,0.0,0.0,0.0
10.0,6.3719185959298,0.0039247100057131,0.0039247100007555,0.999992298293229,0.999992298293229,49.41360304646368,0.0,49.97351775929296,0.0,45.59503475976974,0.0,45.30186398238202,0.0,0.0,0.0,0.0,0.0,0.0,0.0
10.0,6.37216860843042,0.0039247602910239,0.0039247602860686,0.999992298095872,0.999992298095872,49.41360302936518,0.0,49.97351736873945,0.0,45.595034755094645,0.0,45.301863899788856,0.0,0.0,0.0,0.0,0.0,0.0,0.0
10.0,6.37241862093105,0.0039248105775978,0.0039248105726447,0.999992297898508,0.999992297898507,49.41360301226511,0.0,49.9735169781715,0.0,45.595034750419366,0.0,45.301863817192526,0.0,0.0,0.0,0.0,0.0,0.0,0.0
10.0,6.37266863343167,0.0039248608654347,0.0039248608604838,0.999992297701136,0.999992297701135,49.41360299516348,0.0,49.97351658758908,0.0,45.59503474574391,0.0,45.30186373459304,0.0,0.0,0.0,0.0,0.0,0.0,0.0
10.0,6.3729186459323,0.0039249111545345,0.0039249111495858,0.999992297503756,0.999992297503756,49.41360297806029,0.0,49.97351619699221,0.0,45.59503474106826,0.0,45.30186365199038,0.0,0.0,0.0,0.0,0.0,0.0,0.0
10.0,6.37316865843292,0.0039249614448971,0.0039249614399507,0.999992297306369,0.999992297306368,49.41360296095554,0.0,49.97351580638088,0.0,45.59503473639242,0.0,45.30186356938456,0.0,0.0,0.0,0.0,0.0,0.0,0.0
10.0,6.37341867093355,0.0039250117365226,0.0039250117315784,0.999992297108975,0.999992297108974,49.41360294384924,0.0,49.97351541575509,0.0,45.5950347317164,0.0,45.30186348677557,0.0,0.0,0.0,0.0,0.0,0.0,0.0
10.0,6.37366868343417,0.0039250620294108,0.0039250620244689,0.999992296911573,0.999992296911572,49.41360292674137,0.0,49.97351502511484,0.0,45.5950347270402,0.0,45.30186340416342,0.0,0.0,0.0,0.0,0.0,0.0,0.0
10.0,6.3739186959348,0.0039251123235617,0.003925112318622,0.999992296714163,0.999992296714163,49.41360290963194,0.0,49.97351463446012,0.0,45.595034722363806,0.0,45.30186332154811,0.0,0.0,0.0,0.0,0.0,0.0,0.0
10.0,6.37416870843542,0.0039251626189753,0.0039251626140378,0.999992296516746,0.9999922965167448,49.41360289252096,0.0,49.97351424379096,0.0,45.595034717687234,0.0,45.30186323892963,0.0,0.0,0.0,0.0,0.0,0.0,0.0
10.0,6.37441872093605,0.0039252129156515,0.0039252129107162,0.999992296319322,0.999992296319321,49.41360287540842,0.0,49.973513853107335,0.0,45.59503471301048,0.0,45.301863156308,0.0,0.0,0.0,0.0,0.0,0.0,0.0
10.0,6.37466873343667,0.0039252632135901,0.0039252632086571,0.99999229612189,0.999992296121889,49.41360285829432,0.0,49.97351346240925,0.0,45.59503470833353,0.0,45.30186307368318,0.0,0.0,0.0,0.0,0.0,0.0,0.0
10.0,6.3749187459373,0.0039253135127913,0.0039253135078604,0.99999229592445,0.999992295924449,49.413602841178665,0.0,49.97351307169671,0.0,45.59503470365639,0.0,45.301862991055216,0.0,0.0,0.0,0.0,0.0,0.0,0.0
10.0,6.37516875843792,0.0039253638132549,0.0039253638083262,0.999992295727004,0.999992295727003,49.413602824061456,0.0,49.973512680969705,0.0,45.59503469897908,0.0,45.30186290842407,0.0,0.0,0.0,0.0,0.0,0.0,0.0
10.0,6.37541877093855,0.0039254141149808,0.0039254141100544,0.999992295529549,0.999992295529548,49.4136028069427,0.0,49.97351229022826,0.0,45.595034694301575,0.0,45.30186282578977,0.0,0.0,0.0,0.0,0.0,0.0,0.0
10.0,6.37566878343917,0.003925464417969,0.0039254644130449,0.999992295332087,0.999992295332086,49.413602789822384,0.0,49.97351189947234,0.0,45.59503468962388,0.0,45.30186274315231,0.0,0.0,0.0,0.0,0.0,0.0,0.0
10.0,6.3759187959398,0.0039255147222195,0.0039255147172976,0.999992295134618,0.9999922951346172,49.41360277270052,0.0,49.973511508701975,0.0,45.595034684946,0.0,45.30186266051168,0.0,0.0,0.0,0.0,0.0,0.0,0.0
10.0,6.37616880844042,0.0039255650277322,0.0039255650228125,0.9999922949371408,0.99999229493714,49.4136027555771,0.0,49.97351111791715,0.0,45.59503468026794,0.0,45.30186257786789,0.0,0.0,0.0,0.0,0.0,0.0,0.0
10.0,6.37641882094105,0.003925615334507,0.0039256153295895,0.999992294739656,0.999992294739656,49.41360273845213,0.0,49.97351072711786,0.0,45.5950346755897,0.0,45.30186249522094,0.0,0.0,0.0,0.0,0.0,0.0,0.0
10.0,6.37666883344167,0.0039256656425439,0.0039256656376286,0.999992294542165,0.999992294542164,49.41360272132562,0.0,49.97351033630412,0.0,45.59503467091128,0.0,45.301862412570806,0.0,0.0,0.0,0.0,0.0,0.0,0.0
10.0,6.3769188459423,0.0039257159518428,0.0039257159469298,0.999992294344665,0.999992294344665,49.41360270419754,0.0,49.97350994547592,0.0,45.59503466623266,0.0,45.30186232991752,0.0,0.0,0.0,0.0,0.0,0.0,0.0
10.0,6.37716885844292,0.0039257662624037,0.0039257662574929,0.999992294147159,0.999992294147158,49.41360268706793,0.0,49.97350955463325,0.0,45.59503466155385,0.0,45.30186224726107,0.0,0.0,0.0,0.0,0.0,0.0,0.0
10.0,6.37741887094355,0.0039258165742265,0.0039258165693179,0.999992293949644,0.999992293949644,49.413602669936765,0.0,49.97350916377615,0.0,45.59503465687487,0.0,45.30186216460146,0.0,0.0,0.0,0.0,0.0,0.0,0.0
10.0,6.37766888344417,0.0039258668873112,0.0039258668824048,0.999992293752123,0.999992293752122,49.413602652804045,0.0,49.97350877290457,0.0,45.5950346521957,0.0,45.30186208193868,0.0,0.0,0.0,0.0,0.0,0.0,0.0
10.0,6.3779188959448,0.0039259172016576,0.0039259171967535,0.999992293554593,0.999992293554593,49.41360263566979,0.0,49.97350838201855,0.0,45.595034647516336,0.0,45.30186199927274,0.0,0.0,0.0,0.0,0.0,0.0,0.0
10.0,6.37816890844542,0.0039259675172658,0.0039259675123639,0.9999922933570567,0.999992293357056,49.41360261853397,0.0,49.97350799111807,0.0,45.5950346428368,0.0,45.30186191660363,0.0,0.0,0.0,0.0,0.0,0.0,0.0
10.0,6.37841892094605,0.0039260178341357,0.003926017829236,0.999992293159512,0.999992293159512,49.41360260139663,0.0,49.97350760020313,0.0,45.59503463815707,0.0,45.30186183393136,0.0,0.0,0.0,0.0,0.0,0.0,0.0
10.0,6.37866893344667,0.0039260681522672,0.0039260681473698,0.9999922929619608,0.99999229296196,49.41360258425773,0.0,49.97350720927373,0.0,45.59503463347715,0.0,45.30186175125592,0.0,0.0,0.0,0.0,0.0,0.0,0.0
10.0,6.3789189459473,0.0039261184716603,0.0039261184667651,0.999992292764401,0.999992292764401,49.413602567117294,0.0,49.973506818329874,0.0,45.59503462879705,0.0,45.30186166857733,0.0,0.0,0.0,0.0,0.0,0.0,0.0
10.0,6.37916895844792,0.0039261687923149,0.0039261687874219,0.999992292566835,0.999992292566834,49.4136025499753,0.0,49.973506427371575,0.0,45.59503462411676,0.0,45.301861585895566,0.0,0.0,0.0,0.0,0.0,0.0,0.0
10.0,6.37941897094855,0.003926219114231,0.0039262191093402,0.999992292369261,0.99999229236926,49.41360253283179,0.0,49.97350603639881,0.0,45.59503461943629,0.0,45.30186150321064,0.0,0.0,0.0,0.0,0.0,0.0,0.0
10.0,6.37966898344917,0.0039262694374084,0.0039262694325199,0.999992292171679,0.999992292171678,49.41360251568671,0.0,49.97350564541159,0.0,45.59503461475563,0.0,45.30186142052254,0.0,0.0,0.0,0.0,0.0,0.0,0.0
10.0,6.3799189959498,0.0039263197618473,0.003926319756961,0.99999229197409,0.9999922919740888,49.4136024985401,0.0,49.97350525440992,0.0,45.59503461007479,0.0,45.30186133783128,0.0,0.0,0.0,0.0,0.0,0.0,0.0
10.0,6.38016900845042,0.0039263700875474,0.0039263700826633,0.9999922917764932,0.999992291776492,49.41360248139195,0.0,49.97350486339378,0.0,45.59503460539377,0.0,45.30186125513686,0.0,0.0,0.0,0.0,0.0,0.0,0.0
10.0,6.38041902095105,0.0039264204145087,0.0039264204096269,0.999992291578889,0.999992291578888,49.41360246424226,0.0,49.97350447236318,0.0,45.59503460071255,0.0,45.30186117243928,0.0,0.0,0.0,0.0,0.0,0.0,0.0
10.0,6.38066903345167,0.0039264707427313,0.0039264707378517,0.999992291381278,0.999992291381277,49.41360244709103,0.0,49.97350408131814,0.0,45.59503459603116,0.0,45.30186108973853,0.0,0.0,0.0,0.0,0.0,0.0,0.0
10.0,6.3809190459523,0.0039265210722149,0.0039265210673375,0.999992291183659,0.999992291183658,49.41360242993826,0.0,49.97350369025864,0.0,45.59503459134957,0.0,45.301861007034624,0.0,0.0,0.0,0.0,0.0,0.0,0.0
10.0,6.38116905845292,0.0039265714029596,0.0039265713980845,0.999992290986032,0.999992290986031,49.41360241278395,0.0,49.9735032991847,0.0,45.59503458666781,0.0,45.30186092432754,0.0,0.0,0.0,0.0,0.0,0.0,0.0
10.0,6.381419070953551,0.0039266217349654,0.0039266217300925,0.999992290788398,0.999992290788397,49.41360239562811,0.0,49.97350290809628,0.0,45.59503458198586,0.0,45.3018608416173,0.0,0.0,0.0,0.0,0.0,0.0,0.0
10.0,6.38166908345417,0.0039266720682321,0.0039266720633614,0.999992290590756,0.999992290590756,49.41360237847073,0.0,49.97350251699342,0.0,45.595034577303714,0.0,45.30186075890389,0.0,0.0,0.0,0.0,0.0,0.0,0.0
10.0,6.3819190959548,0.0039267224027597,0.0039267223978912,0.999992290393107,0.999992290393106,49.41360236131181,0.0,49.97350212587609,0.0,45.59503457262139,0.0,45.30186067618733,0.0,0.0,0.0,0.0,0.0,0.0,0.0
10.0,6.38216910845542,0.0039267727385481,0.0039267727336819,0.9999922901954512,0.99999229019545,49.41360234415136,0.0,49.97350173474432,0.0,45.59503456793888,0.0,45.3018605934676,0.0,0.0,0.0,0.0,0.0,0.0,0.0
10.0,6.38241912095605,0.0039268230755973,0.0039268230707334,0.999992289997787,0.999992289997786,49.41360232698938,0.0,49.97350134359809,0.0,45.59503456325618,0.0,45.30186051074469,0.0,0.0,0.0,0.0,0.0,0.0,0.0
10.0,6.38266913345667,0.0039268734139073,0.0039268734090456,0.999992289800115,0.999992289800115,49.413602309825855,0.0,49.9735009524374,0.0,45.595034558573296,0.0,45.30186042801863,0.0,0.0,0.0,0.0,0.0,0.0,0.0
10.0,6.3829191459573,0.0039269237534779,0.0039269237486184,0.999992289602436,0.999992289602436,49.413602292660805,0.0,49.97350056126226,0.0,45.59503455389023,0.0,45.3018603452894,0.0,0.0,0.0,0.0,0.0,0.0,0.0
10.0,6.38316915845792,0.0039269740943092,0.0039269740894519,0.99999228940475,0.999992289404749,49.41360227549422,0.0,49.97350017007267,0.0,45.59503454920697,0.0,45.30186026255702,0.0,0.0,0.0,0.0,0.0,0.0,0.0
10.0,6.38341917095855,0.003927024436401,0.003927024431546,0.999992289207056,0.999992289207055,49.4136022583261,0.0,49.97349977886862,0.0,45.595034544523536,0.0,45.30186017982146,0.0,0.0,0.0,0.0,0.0,0.0,0.0
10.0,6.383669183459171,0.0039270747797533,0.0039270747749005,0.999992289009355,0.999992289009354,49.41360224115645,0.0,49.97349938765012,0.0,45.59503453983991,0.0,45.30186009708274,0.0,0.0,0.0,0.0,0.0,0.0,0.0
10.0,6.3839191959598,0.0039271251243661,0.0039271251195155,0.999992288811646,0.999992288811645,49.41360222398528,0.0,49.97349899641716,0.0,45.5950345351561,0.0,45.30186001434086,0.0,0.0,0.0,0.0,0.0,0.0,0.0
10.0,6.38416920846042,0.0039271754702393,0.0039271754653909,0.999992288613929,0.999992288613929,49.41360220681256,0.0,49.97349860516975,0.0,45.59503453047211,0.0,45.30185993159581,0.0,0.0,0.0,0.0,0.0,0.0,0.0
10.0,6.38441922096105,0.0039272258173728,0.0039272258125267,0.999992288416206,0.999992288416205,49.41360218963833,0.0,49.97349821390788,0.0,45.59503452578793,0.0,45.301859848847606,0.0,0.0,0.0,0.0,0.0,0.0,0.0
10.0,6.38466923346167,0.0039272761657666,0.0039272761609227,0.999992288218474,0.999992288218474,49.41360217246256,0.0,49.973497822631565,0.0,45.59503452110357,0.0,45.30185976609623,0.0,0.0,0.0,0.0,0.0,0.0,0.0
10.0,6.3849192459623,0.0039273265154206,0.003927326510579,0.999992288020736,0.999992288020735,49.41360215528528,0.0,49.97349743134079,0.0,45.59503451641901,0.0,45.301859683341696,0.0,0.0,0.0,0.0,0.0,0.0,0.0
10.0,6.38516925846292,0.0039273768663348,0.0039273768614954,0.999992287822989,0.999992287822988,49.413602138106455,0.0,49.97349704003556,0.0,45.59503451173427,0.0,45.30185960058399,0.0,0.0,0.0,0.0,0.0,0.0,0.0
10.0,6.38541927096355,0.0039274272185091,0.0039274272136719,0.9999922876252352,0.9999922876252352,49.4136021209261,0.0,49.97349664871587,0.0,45.59503450704936,0.0,45.301859517823125,0.0,0.0,0.0,0.0,0.0,0.0,0.0
10.0,6.38566928346417,0.0039274775719435,0.0039274775671085,0.999992287427474,0.999992287427473,49.41360210374424,0.0,49.97349625738175,0.0,45.59503450236424,0.0,45.301859435059086,0.0,0.0,0.0,0.0,0.0,0.0,0.0
10.0,6.3859192959648,0.0039275279266378,0.0039275279218051,0.999992287229705,0.999992287229705,49.41360208656083,0.0,49.973495866033154,0.0,45.59503449767895,0.0,45.3018593522919,0.0,0.0,0.0,0.0,0.0,0.0,0.0
10.0,6.38616930846542,0.0039275782825921,0.0039275782777617,0.999992287031929,0.999992287031928,49.41360206937591,0.0,49.97349547467011,0.0,45.59503449299348,0.0,45.30185926952154,0.0,0.0,0.0,0.0,0.0,0.0,0.0
10.0,6.38641932096605,0.0039276286398063,0.0039276286349781,0.999992286834145,0.999992286834145,49.41360205218947,0.0,49.97349508329262,0.0,45.59503448830781,0.0,45.30185918674801,0.0,0.0,0.0,0.0,0.0,0.0,0.0
10.0,6.38666933346667,0.0039276789982804,0.0039276789934544,0.999992286636354,0.999992286636354,49.413602035001496,0.0,49.97349469190067,0.0,45.595034483621966,0.0,45.30185910397133,0.0,0.0,0.0,0.0,0.0,0.0,0.0
10.0,6.386919345967299,0.0039277293580142,0.0039277293531904,0.999992286438555,0.999992286438555,49.41360201781201,0.0,49.973494300494266,0.0,45.59503447893592,0.0,45.30185902119148,0.0,0.0,0.0,0.0,0.0,0.0,0.0
10.0,6.38716935846792,0.0039277797190077,0.0039277797141862,0.9999922862407492,0.999992286240748,49.41360200062099,0.0,49.973493909073404,0.0,45.59503447424972,0.0,45.30185893840846,0.0,0.0,0.0,0.0,0.0,0.0,0.0
10.0,6.38741937096855,0.0039278300812609,0.0039278300764416,0.999992286042936,0.999992286042935,49.41360198342846,0.0,49.9734935176381,0.0,45.59503446956331,0.0,45.301858855622285,0.0,0.0,0.0,0.0,0.0,0.0,0.0
10.0,6.38766938346917,0.0039278804447737,0.0039278804399566,0.999992285845115,0.999992285845114,49.4136019662344,0.0,49.97349312618834,0.0,45.59503446487671,0.0,45.30185877283295,0.0,0.0,0.0,0.0,0.0,0.0,0.0
10.0,6.3879193959698,0.003927930809546,0.0039279308047312,0.999992285647286,0.9999922856472852,49.41360194903883,0.0,49.973492734724125,0.0,45.59503446018993,0.0,45.30185869004043,0.0,0.0,0.0,0.0,0.0,0.0,0.0
10.0,6.38816940847042,0.0039279811755779,0.0039279811707653,0.99999228544945,0.999992285449449,49.41360193184173,0.0,49.973492343245454,0.0,45.59503445550296,0.0,45.30185860724477,0.0,0.0,0.0,0.0,0.0,0.0,0.0
10.0,6.38841942097105,0.0039280315428692,0.0039280315380588,0.999992285251606,0.999992285251606,49.41360191464312,0.0,49.97349195175234,0.0,45.595034450815824,0.0,45.30185852444593,0.0,0.0,0.0,0.0,0.0,0.0,0.0
10.0,6.38866943347167,0.0039280819114198,0.0039280819066118,0.9999922850537551,0.999992285053754,49.41360189744299,0.0,49.97349156024477,0.0,45.595034446128494,0.0,45.30185844164393,0.0,0.0,0.0,0.0,0.0,0.0,0.0
10.0,6.3889194459723,0.0039281322812298,0.003928132276424,0.999992284855897,0.999992284855896,49.41360188024135,0.0,49.97349116872274,0.0,45.595034441440966,0.0,45.30185835883877,0.0,0.0,0.0,0.0,0.0,0.0,0.0
10.0,6.389169458472921,0.0039281826522991,0.0039281826474955,0.999992284658031,0.99999228465803,49.41360186303818,0.0,49.97349077718626,0.0,45.59503443675327,0.0,45.30185827603045,0.0,0.0,0.0,0.0,0.0,0.0,0.0
10.0,6.38941947097355,0.0039282330246276,0.0039282330198262,0.999992284460157,0.999992284460156,49.4136018458335,0.0,49.97349038563534,0.0,45.595034432065376,0.0,45.30185819321896,0.0,0.0,0.0,0.0,0.0,0.0,0.0
10.0,6.38966948347417,0.0039282833982153,0.0039282833934161,0.999992284262276,0.999992284262275,49.41360182862731,0.0,49.97348999406996,0.0,45.5950344273773,0.0,45.3018581104043,0.0,0.0,0.0,0.0,0.0,0.0,0.0
10.0,6.3899194959748,0.003928333773062,0.0039283337682651,0.9999922840643872,0.9999922840643872,49.4136018114196,0.0,49.973489602490126,0.0,45.59503442268904,0.0,45.30185802758648,0.0,0.0,0.0,0.0,0.0,0.0,0.0
10.0,6.39016950847542,0.0039283841491678,0.0039283841443732,0.999992283866491,0.99999228386649,49.41360179421037,0.0,49.97348921089584,0.0,45.595034418000594,0.0,45.30185794476549,0.0,0.0,0.0,0.0,0.0,0.0,0.0
10.0,6.39041952097605,0.0039284345265326,0.0039284345217402,0.999992283668588,0.999992283668587,49.413601776999634,0.0,49.9734888192871,0.0,45.59503441331196,0.0,45.30185786194135,0.0,0.0,0.0,0.0,0.0,0.0,0.0
10.0,6.39066953347667,0.0039284849051563,0.0039284849003662,0.999992283470677,0.999992283470676,49.413601759787376,0.0,49.97348842766392,0.0,45.59503440862315,0.0,45.30185777911405,0.0,0.0,0.0,0.0,0.0,0.0,0.0
10.0,6.3909195459773,0.0039285352850389,0.003928535280251,0.999992283272759,0.999992283272758,49.413601742573626,0.0,49.97348803602628,0.0,45.59503440393415,0.0,45.30185769628356,0.0,0.0,0.0,0.0,0.0,0.0,0.0
10.0,6.39116955847792,0.0039285856661804,0.0039285856613947,0.999992283074833,0.999992283074832,49.41360172535835,0.0,49.97348764437419,0.0,45.59503439924495,0.0,45.30185761344993,0.0,0.0,0.0,0.0,0.0,0.0,0.0
10.0,6.39141957097855,0.0039286360485806,0.0039286360437971,0.999992282876899,0.999992282876899,49.41360170814157,0.0,49.97348725270764,0.0,45.59503439455558,0.0,45.301857530613134,0.0,0.0,0.0,0.0,0.0,0.0,0.0
10.0,6.39166958347917,0.0039286864322395,0.0039286864274582,0.999992282678959,0.999992282678958,49.41360169092327,0.0,49.97348686102664,0.0,45.59503438986602,0.0,45.301857447773166,0.0,0.0,0.0,0.0,0.0,0.0,0.0
10.0,6.3919195959798,0.003928736817157,0.003928736812378,0.99999228248101,0.9999922824810088,49.41360167370347,0.0,49.973486469331206,0.0,45.59503438517629,0.0,45.30185736493004,0.0,0.0,0.0,0.0,0.0,0.0,0.0
10.0,6.39216960848042,0.0039287872033332,0.0039287871985564,0.999992282283054,0.999992282283053,49.41360165648215,0.0,49.9734860776213,0.0,45.595034380486354,0.0,45.30185728208374,0.0,0.0,0.0,0.0,0.0,0.0,0.0
10.0,6.392419620981049,0.0039288375907679,0.0039288375859934,0.9999922820850912,0.99999228208509,49.41360163925933,0.0,49.97348568589696,0.0,45.59503437579623,0.0,45.30185719923429,0.0,0.0,0.0,0.0,0.0,0.0,0.0
10.0,6.39266963348167,0.0039288879794611,0.0039288879746888,0.99999228188712,0.999992281887119,49.413601622035,0.0,49.97348529415815,0.0,45.59503437110593,0.0,45.30185711638167,0.0,0.0,0.0,0.0,0.0,0.0,0.0
10.0,6.3929196459823,0.0039289383694127,0.0039289383646427,0.999992281689142,0.999992281689141,49.413601604809166,0.0,49.97348490240491,0.0,45.59503436641544,0.0,45.30185703352589,0.0,0.0,0.0,0.0,0.0,0.0,0.0
10.0,6.39316965848292,0.0039289887606227,0.0039289887558549,0.999992281491156,0.999992281491155,49.41360158758182,0.0,49.973484510637206,0.0,45.59503436172477,0.0,45.30185695066693,0.0,0.0,0.0,0.0,0.0,0.0,0.0
10.0,6.39341967098355,0.003929039153091,0.0039290391483255,0.999992281293163,0.999992281293162,49.41360157035298,0.0,49.973484118855055,0.0,45.59503435703392,0.0,45.301856867804815,0.0,0.0,0.0,0.0,0.0,0.0,0.0
10.0,6.39366968348418,0.0039290895468175,0.0039290895420543,0.999992281095162,0.9999922810951613,49.41360155312263,0.0,49.97348372705846,0.0,45.59503435234288,0.0,45.301856784939545,0.0,0.0,0.0,0.0,0.0,0.0,0.0
10.0,6.3939196959848,0.0039291399418023,0.0039291399370413,0.999992280897154,0.999992280897153,49.41360153589077,0.0,49.9734833352474,0.0,45.59503434765165,0.0,45.30185670207111,0.0,0.0,0.0,0.0,0.0,0.0,0.0
10.0,6.39416970848542,0.0039291903380452,0.0039291903332865,0.999992280699138,0.999992280699138,49.41360151865741,0.0,49.97348294342191,0.0,45.59503434296023,0.0,45.3018566191995,0.0,0.0,0.0,0.0,0.0,0.0,0.0
10.0,6.39441972098605,0.0039292407355463,0.0039292407307897,0.999992280501115,0.999992280501114,49.41360150142255,0.0,49.97348255158195,0.0,45.59503433826863,0.0,45.301856536324735,0.0,0.0,0.0,0.0,0.0,0.0,0.0
10.0,6.394669733486669,0.0039292911343053,0.003929291129551,0.999992280303084,0.999992280303084,49.413601484186174,0.0,49.97348215972755,0.0,45.59503433357685,0.0,45.3018564534468,0.0,0.0,0.0,0.0,0.0,0.0,0.0
10.0,6.3949197459873,0.0039293415343223,0.0039293415295703,0.999992280105046,0.999992280105045,49.41360146694831,0.0,49.97348176785869,0.0,45.59503432888488,0.0,45.3018563705657,0.0,0.0,0.0,0.0,0.0,0.0,0.0
10.0,6.39516975848793,0.0039293919355973,0.0039293919308475,0.9999922799070008,0.999992279907,49.41360144970894,0.0,49.9734813759754,0.0,45.59503432419272,0.0,45.30185628768145,0.0,0.0,0.0,0.0,0.0,0.0,0.0
10.0,6.39541977098855,0.0039294423381301,0.0039294423333826,0.999992279708947,0.999992279708947,49.41360143246807,0.0,49.97348098407764,0.0,45.59503431950038,0.0,45.30185620479403,0.0,0.0,0.0,0.0,0.0,0.0,0.0
10.0,6.39566978348917,0.0039294927419208,0.0039294927371755,0.999992279510887,0.999992279510886,49.413601415225706,0.0,49.97348059216544,0.0,45.59503431480786,0.0,45.30185612190344,0.0,0.0,0.0,0.0,0.0,0.0,0.0
10.0,6.3959197959898,0.0039295431469692,0.0039295431422261,0.999992279312819,0.999992279312818,49.41360139798184,0.0,49.97348020023878,0.0,45.595034310115146,0.0,45.3018560390097,0.0,0.0,0.0,0.0,0.0,0.0,0.0
10.0,6.39616980849043,0.0039295935532753,0.0039295935485345,0.999992279114743,0.9999922791147432,49.41360138073646,0.0,49.97347980829769,0.0,45.595034305422246,0.0,45.30185595611277,0.0,0.0,0.0,0.0,0.0,0.0,0.0
10.0,6.39641982099105,0.003929643960839,0.0039296439561004,0.99999227891666,0.99999227891666,49.413601363489605,0.0,49.97347941634214,0.0,45.59503430072917,0.0,45.3018558732127,0.0,0.0,0.0,0.0,0.0,0.0,0.0
10.0,6.39666983349167,0.0039296943696604,0.003929694364924,0.99999227871857,0.9999922787185692,49.41360134624123,0.0,49.97347902437213,0.0,45.59503429603589,0.0,45.30185579030945,0.0,0.0,0.0,0.0,0.0,0.0,0.0
10.0,6.3969198459923,0.0039297447797392,0.0039297447750051,0.999992278520472,0.999992278520471,49.413601328991376,0.0,49.97347863238768,0.0,45.59503429134245,0.0,45.30185570740306,0.0,0.0,0.0,0.0,0.0,0.0,0.0
10.0,6.39716985849292,0.0039297951910756,0.0039297951863437,0.999992278322366,0.999992278322365,49.41360131174002,0.0,49.97347824038879,0.0,45.5950342866488,0.0,45.30185562449349,0.0,0.0,0.0,0.0,0.0,0.0,0.0
10.0,6.39741987099355,0.0039298456036693,0.0039298455989397,0.999992278124253,0.999992278124252,49.413601294487165,0.0,49.97347784837544,0.0,45.59503428195498,0.0,45.30185554158076,0.0,0.0,0.0,0.0,0.0,0.0,0.0
10.0,6.39766988349418,0.0039298960175205,0.0039298960127931,0.999992277926133,0.999992277926132,49.413601277232814,0.0,49.973477456347645,0.0,45.59503427726096,0.0,45.30185545866486,0.0,0.0,0.0,0.0,0.0,0.0,0.0
10.0,6.3979198959948,0.0039299464326289,0.0039299464279038,0.999992277728005,0.999992277728004,49.41360125997697,0.0,49.97347706430539,0.0,45.59503427256677,0.0,45.3018553757458,0.0,0.0,0.0,0.0,0.0,0.0,0.0
10.0,6.39816990849542,0.0039299968489946,0.0039299968442717,0.9999922775298687,0.999992277529868,49.41360124271964,0.0,49.9734766722487,0.0,45.59503426787239,0.0,45.301855292823575,0.0,0.0,0.0,0.0,0.0,0.0,0.0
10.0,6.39841992099605,0.0039300472666175,0.0039300472618969,0.999992277331726,0.999992277331726,49.41360122546081,0.0,49.97347628017755,0.0,45.59503426317782,0.0,45.301855209898186,0.0,0.0,0.0,0.0,0.0,0.0,0.0
10.0,6.39866993349667,0.0039300976854975,0.0039300976807791,0.999992277133576,0.999992277133575,49.41360120820048,0.0,49.97347588809196,0.0,45.59503425848306,0.0,45.30185512696964,0.0,0.0,0.0,0.0,0.0,0.0,0.0
10.0,6.3989199459973,0.0039301481056346,0.0039301481009185,0.999992276935418,0.999992276935417,49.41360119093867,0.0,49.97347549599192,0.0,45.59503425378813,0.0,45.30185504403793,0.0,0.0,0.0,0.0,0.0,0.0,0.0
10.0,6.39916995849793,0.0039301985270287,0.0039301985223149,0.9999922767372532,0.999992276737252,49.41360117367537,0.0,49.97347510387743,0.0,45.59503424909301,0.0,45.30185496110305,0.0,0.0,0.0,0.0,0.0,0.0,0.0
10.0,6.39941997099855,0.0039302489496798,0.0039302489449682,0.99999227653908,0.999992276539079,49.41360115641057,0.0,49.9734747117485,0.0,45.5950342443977,0.0,45.301854878165,0.0,0.0,0.0,0.0,0.0,0.0,0.0
10.0,6.39966998349917,0.0039302993735878,0.0039302993688785,0.9999922763409,0.9999922763408992,49.41360113914428,0.0,49.97347431960511,0.0,45.5950342397022,0.0,45.3018547952238,0.0,0.0,0.0,0.0,0.0,0.0,0.0
10.0,6.3999199959998,0.0039303497987527,0.0039303497940456,0.999992276142712,0.999992276142711,49.41360112187651,0.0,49.97347392744727,0.0,45.59503423500652,0.0,45.30185471227943,0.0,0.0,0.0,0.0,0.0,0.0,0.0
10.0,6.40017000850043,0.0039304002251744,0.0039304002204696,0.9999922759445168,0.999992275944516,49.413601104607245,0.0,49.973473535275,0.0,45.59503423031065,0.0,45.30185462933189,0.0,0.0,0.0,0.0,0.0,0.0,0.0
10.0,6.40042002100105,0.0039304506528528,0.0039304506481502,0.999992275746314,0.999992275746313,49.413601087336495,0.0,49.97347314308827,0.0,45.59503422561461,0.0,45.3018545463812,0.0,0.0,0.0,0.0,0.0,0.0,0.0
10.0,6.40067003350168,0.003930501081788,0.0039305010770876,0.9999922755481032,0.9999922755481032,49.41360107006425,0.0,49.97347275088709,0.0,45.59503422091838,0.0,45.30185446342734,0.0,0.0,0.0,0.0,0.0,0.0,0.0
10.0,6.4009200460023,0.0039305515119797,0.0039305515072816,0.999992275349886,0.999992275349885,49.413601052790526,0.0,49.973472358671465,0.0,45.595034216221954,0.0,45.30185438047032,0.0,0.0,0.0,0.0,0.0,0.0,0.0
10.0,6.40117005850292,0.0039306019434281,0.0039306019387322,0.999992275151661,0.99999227515166,49.413601035515306,0.0,49.97347196644139,0.0,45.59503421152534,0.0,45.30185429751013,0.0,0.0,0.0,0.0,0.0,0.0,0.0
10.0,6.40142007100355,0.0039306523761329,0.0039306523714393,0.999992274953428,0.9999922749534272,49.41360101823861,0.0,49.97347157419687,0.0,45.59503420682855,0.0,45.30185421454678,0.0,0.0,0.0,0.0,0.0,0.0,0.0
10.0,6.40167008350418,0.0039307028100942,0.0039307028054029,0.999992274755188,0.999992274755187,49.41360100096042,0.0,49.9734711819379,0.0,45.59503420213157,0.0,45.30185413158026,0.0,0.0,0.0,0.0,0.0,0.0,0.0
10.0,6.4019200960048,0.003930753245312,0.0039307532406229,0.99999227455694,0.9999922745569392,49.41360098368076,0.0,49.97347078966448,0.0,45.5950341974344,0.0,45.30185404861058,0.0,0.0,0.0,0.0,0.0,0.0,0.0
10.0,6.40217010850542,0.0039308036817861,0.0039308036770992,0.999992274358685,0.999992274358684,49.4136009663996,0.0,49.97347039737663,0.0,45.59503419273705,0.0,45.30185396563775,0.0,0.0,0.0,0.0,0.0,0.0,0.0
10.0,6.40242012100605,0.0039308541195165,0.0039308541148319,0.999992274160422,0.9999922741604208,49.41360094911696,0.0,49.97347000507432,0.0,45.59503418803953,0.0,45.30185388266174,0.0,0.0,0.0,0.0,0.0,0.0,0.0
10.0,6.402670133506681,0.0039309045585031,0.0039309045538207,0.999992273962152,0.999992273962151,49.41360093183283,0.0,49.97346961275756,0.0,45.5950341833418,0.0,45.30185379968257,0.0,0.0,0.0,0.0,0.0,0.0,0.0
10.0,6.4029201460073,0.0039309549987459,0.0039309549940658,0.999992273763875,0.999992273763874,49.41360091454723,0.0,49.97346922042635,0.0,45.5950341786439,0.0,45.30185371670024,0.0,0.0,0.0,0.0,0.0,0.0,0.0
10.0,6.40317015850793,0.0039310054402449,0.003931005435567,0.9999922735655898,0.9999922735655892,49.41360089726015,0.0,49.97346882808071,0.0,45.595034173945805,0.0,45.30185363371474,0.0,0.0,0.0,0.0,0.0,0.0,0.0
10.0,6.40342017100855,0.0039310558829999,0.0039310558783243,0.999992273367297,0.999992273367296,49.41360087997159,0.0,49.973468435720605,0.0,45.59503416924753,0.0,45.301853550726086,0.0,0.0,0.0,0.0,0.0,0.0,0.0
10.0,6.40367018350917,0.0039311063270109,0.0039311063223376,0.999992273168997,0.999992273168996,49.41360086268154,0.0,49.97346804334607,0.0,45.59503416454907,0.0,45.30185346773427,0.0,0.0,0.0,0.0,0.0,0.0,0.0
10.0,6.4039201960098,0.0039311567722779,0.0039311567676069,0.999992272970689,0.999992272970689,49.413600845390015,0.0,49.97346765095708,0.0,45.59503415985042,0.0,45.30185338473928,0.0,0.0,0.0,0.0,0.0,0.0,0.0
10.0,6.40417020851043,0.0039312072188009,0.003931207214132,0.999992272772374,0.999992272772374,49.413600828097,0.0,49.97346725855364,0.0,45.59503415515159,0.0,45.301853301741126,0.0,0.0,0.0,0.0,0.0,0.0,0.0
10.0,6.40442022101105,0.0039312576665796,0.003931257661913,0.999992272574052,0.999992272574051,49.41360081080252,0.0,49.97346686613576,0.0,45.59503415045257,0.0,45.301853218739815,0.0,0.0,0.0,0.0,0.0,0.0,0.0
10.0,6.40467023351168,0.0039313081156142,0.0039313081109499,0.999992272375722,0.9999922723757207,49.41360079350656,0.0,49.97346647370342,0.0,45.59503414575337,0.0,45.301853135735335,0.0,0.0,0.0,0.0,0.0,0.0,0.0
10.0,6.404920246012301,0.0039313585659045,0.0039313585612424,0.999992272177385,0.999992272177384,49.41360077620912,0.0,49.97346608125665,0.0,45.59503414105397,0.0,45.3018530527277,0.0,0.0,0.0,0.0,0.0,0.0,0.0
10.0,6.40517025851293,0.0039314090174505,0.0039314090127906,0.99999227197904,0.999992271979039,49.413600758910206,0.0,49.97346568879543,0.0,45.5950341363544,0.0,45.30185296971689,0.0,0.0,0.0,0.0,0.0,0.0,0.0
10.0,6.40542027101355,0.0039314594702521,0.0039314594655945,0.9999922717806868,0.999992271780687,49.41360074160981,0.0,49.973465296319766,0.0,45.59503413165464,0.0,45.30185288670292,0.0,0.0,0.0,0.0,0.0,0.0,0.0
10.0,6.40567028351418,0.0039315099243092,0.0039315099196539,0.999992271582328,0.9999922715823272,49.41360072430794,0.0,49.97346490382965,0.0,45.59503412695469,0.0,45.30185280368579,0.0,0.0,0.0,0.0,0.0,0.0,0.0
10.0,6.4059202960148,0.0039315603796219,0.0039315603749689,0.99999227138396,0.999992271383959,49.4136007070046,0.0,49.97346451132508,0.0,45.59503412225456,0.0,45.3018527206655,0.0,0.0,0.0,0.0,0.0,0.0,0.0
10.0,6.40617030851543,0.0039316108361901,0.0039316108315393,0.999992271185585,0.999992271185584,49.41360068969977,0.0,49.973464118806085,0.0,45.59503411755425,0.0,45.30185263764204,0.0,0.0,0.0,0.0,0.0,0.0,0.0
10.0,6.40642032101605,0.0039316612940136,0.0039316612893651,0.999992270987203,0.999992270987202,49.41360067239348,0.0,49.97346372627264,0.0,45.59503411285375,0.0,45.301852554615415,0.0,0.0,0.0,0.0,0.0,0.0,0.0
10.0,6.40667033351668,0.0039317117530925,0.0039317117484462,0.999992270788813,0.999992270788812,49.41360065508571,0.0,49.97346333372474,0.0,45.59503410815305,0.0,45.30185247158564,0.0,0.0,0.0,0.0,0.0,0.0,0.0
10.0,6.4069203460173,0.0039317622134267,0.0039317622087827,0.999992270590416,0.999992270590415,49.41360063777648,0.0,49.9734629411624,0.0,45.59503410345218,0.0,45.30185238855269,0.0,0.0,0.0,0.0,0.0,0.0,0.0
10.0,6.40717035851793,0.0039318126750161,0.0039318126703743,0.999992270392011,0.99999227039201,49.413600620465765,0.0,49.97346254858561,0.0,45.59503409875112,0.0,45.30185230551658,0.0,0.0,0.0,0.0,0.0,0.0,0.0
10.0,6.40742037101855,0.0039318631378607,0.0039318631332212,0.999992270193599,0.999992270193598,49.413600603153576,0.0,49.973462155994376,0.0,45.59503409404988,0.0,45.3018522224773,0.0,0.0,0.0,0.0,0.0,0.0,0.0
10.0,6.40767038351918,0.0039319136019604,0.0039319135973232,0.999992269995179,0.999992269995178,49.41360058583992,0.0,49.9734617633887,0.0,45.59503408934845,0.0,45.301852139434864,0.0,0.0,0.0,0.0,0.0,0.0,0.0
10.0,6.4079203960198,0.0039319640673152,0.0039319640626802,0.9999922697967522,0.999992269796751,49.4136005685248,0.0,49.97346137076858,0.0,45.595034084646834,0.0,45.30185205638927,0.0,0.0,0.0,0.0,0.0,0.0,0.0
10.0,6.408170408520429,0.003932014533925,0.0039320145292923,0.9999922695983168,0.999992269598316,49.413600551208205,0.0,49.97346097813401,0.0,45.59503407994503,0.0,45.3018519733405,0.0,0.0,0.0,0.0,0.0,0.0,0.0
10.0,6.40842042102105,0.0039320650017898,0.0039320649971593,0.999992269399875,0.9999922693998738,49.41360053389013,0.0,49.97346058548499,0.0,45.59503407524304,0.0,45.30185189028857,0.0,0.0,0.0,0.0,0.0,0.0,0.0
10.0,6.40867043352168,0.0039321154709094,0.0039321154662812,0.999992269201425,0.999992269201424,49.41360051657061,0.0,49.97346019282154,0.0,45.59503407054088,0.0,45.30185180723348,0.0,0.0,0.0,0.0,0.0,0.0,0.0
10.0,6.4089204460223,0.0039321659412839,0.0039321659366579,0.999992269002968,0.999992269002967,49.4136004992496,0.0,49.97345980014364,0.0,45.59503406583852,0.0,45.30185172417522,0.0,0.0,0.0,0.0,0.0,0.0,0.0
10.0,6.40917045852293,0.0039322164129132,0.0039322164082894,0.999992268804503,0.999992268804503,49.41360048192713,0.0,49.97345940745129,0.0,45.595034061135976,0.0,45.3018516411138,0.0,0.0,0.0,0.0,0.0,0.0,0.0
10.0,6.40942047102355,0.0039322668857972,0.0039322668811757,0.999992268606031,0.9999922686060312,49.4136004646032,0.0,49.973459014744506,0.0,45.59503405643325,0.0,45.30185155804922,0.0,0.0,0.0,0.0,0.0,0.0,0.0
10.0,6.40967048352418,0.0039323173599358,0.0039323173553166,0.999992268407552,0.999992268407551,49.413600447277794,0.0,49.97345862202327,0.0,45.59503405173033,0.0,45.30185147498148,0.0,0.0,0.0,0.0,0.0,0.0,0.0
10.0,6.4099204960248,0.0039323678353291,0.0039323678307122,0.9999922682090648,0.999992268209064,49.413600429950925,0.0,49.97345822928759,0.0,45.595034047027234,0.0,45.30185139191056,0.0,0.0,0.0,0.0,0.0,0.0,0.0
10.0,6.41017050852543,0.003932418311977,0.0039324183073623,0.99999226801057,0.99999226801057,49.413600412622586,0.0,49.97345783653746,0.0,45.595034042323945,0.0,45.3018513088365,0.0,0.0,0.0,0.0,0.0,0.0,0.0
10.0,6.410420521026049,0.0039324687898794,0.0039324687852669,0.999992267812068,0.999992267812068,49.41360039529279,0.0,49.9734574437729,0.0,45.59503403762048,0.0,45.30185122575926,0.0,0.0,0.0,0.0,0.0,0.0,0.0
10.0,6.41067053352668,0.0039325192690362,0.003932519264426,0.999992267613559,0.999992267613558,49.41360037796152,0.0,49.97345705099389,0.0,45.59503403291682,0.0,45.30185114267886,0.0,0.0,0.0,0.0,0.0,0.0,0.0
10.0,6.4109205460273,0.0039325697494474,0.0039325697448395,0.999992267415042,0.999992267415041,49.4136003606288,0.0,49.97345665820043,0.0,45.595034028212986,0.0,45.3018510595953,0.0,0.0,0.0,0.0,0.0,0.0,0.0
10.0,6.41117055852793,0.0039326202311129,0.0039326202265073,0.999992267216517,0.999992267216516,49.41360034329461,0.0,49.973456265392535,0.0,45.59503402350895,0.0,45.301850976508575,0.0,0.0,0.0,0.0,0.0,0.0,0.0
10.0,6.41142057102855,0.0039326707140327,0.0039326707094293,0.999992267017985,0.999992267017984,49.41360032595895,0.0,49.97345587257019,0.0,45.59503401880474,0.0,45.30185089341868,0.0,0.0,0.0,0.0,0.0,0.0,0.0
10.0,6.41167058352918,0.0039327211982068,0.0039327211936057,0.999992266819446,0.999992266819445,49.41360030862184,0.0,49.97345547973341,0.0,45.595034014100335,0.0,45.30185081032563,0.0,0.0,0.0,0.0,0.0,0.0,0.0
10.0,6.4119205960298,0.003932771683635,0.0039327716790361,0.9999922666208992,0.999992266620898,49.41360029128326,0.0,49.973455086882176,0.0,45.59503400939576,0.0,45.30185072722941,0.0,0.0,0.0,0.0,0.0,0.0,0.0
10.0,6.41217060853043,0.0039328221703173,0.0039328221657207,0.999992266422345,0.999992266422344,49.41360027394322,0.0,49.9734546940165,0.0,45.595034004691,0.0,45.30185064413004,0.0,0.0,0.0,0.0,0.0,0.0,0.0
10.0,6.41242062103105,0.0039328726582537,0.0039328726536594,0.999992266223783,0.999992266223782,49.413600256601725,0.0,49.97345430113639,0.0,45.59503399998604,0.0,45.30185056102749,0.0,0.0,0.0,0.0,0.0,0.0,0.0
10.0,6.41267063353168,0.0039329231474441,0.003932923142852,0.999992266025213,0.999992266025213,49.41360023925877,0.0,49.97345390824183,0.0,45.5950339952809,0.0,45.30185047792179,0.0,0.0,0.0,0.0,0.0,0.0,0.0
10.0,6.4129206460323,0.0039329736378885,0.0039329736332986,0.999992265826636,0.999992265826636,49.41360022191436,0.0,49.97345351533283,0.0,45.59503399057557,0.0,45.30185039481293,0.0,0.0,0.0,0.0,0.0,0.0,0.0
10.0,6.41317065853293,0.0039330241295867,0.0039330241249991,0.999992265628052,0.9999922656280512,49.41360020456848,0.0,49.97345312240938,0.0,45.59503398587006,0.0,45.30185031170089,0.0,0.0,0.0,0.0,0.0,0.0,0.0
10.0,6.41342067103355,0.0039330746225387,0.0039330746179534,0.9999922654294608,0.99999226542946,49.41360018722114,0.0,49.9734527294715,0.0,45.59503398116437,0.0,45.3018502285857,0.0,0.0,0.0,0.0,0.0,0.0,0.0
10.0,6.41367068353418,0.0039331251167446,0.0039331251121615,0.999992265230861,0.99999226523086,49.41360016987235,0.0,49.973452336519166,0.0,45.59503397645849,0.0,45.30185014546734,0.0,0.0,0.0,0.0,0.0,0.0,0.0
10.0,6.4139206960348,0.0039331756122041,0.0039331756076234,0.999992265032254,0.999992265032254,49.41360015252211,0.0,49.97345194355239,0.0,45.59503397175242,0.0,45.30185006234581,0.0,0.0,0.0,0.0,0.0,0.0,0.0
10.0,6.41417070853543,0.0039332261089174,0.0039332261043388,0.99999226483364,0.9999922648336392,49.413600135170405,0.0,49.97345155057118,0.0,45.59503396704616,0.0,45.30184997922113,0.0,0.0,0.0,0.0,0.0,0.0,0.0
10.0,6.41442072103605,0.0039332766068842,0.0039332766023079,0.999992264635018,0.999992264635018,49.413600117817246,0.0,49.973451157575525,0.0,45.59503396233973,0.0,45.30184989609329,0.0,0.0,0.0,0.0,0.0,0.0,0.0
10.0,6.41467073353668,0.0039333271061046,0.0039333271015306,0.999992264436389,0.999992264436388,49.41360010046263,0.0,49.97345076456541,0.0,45.5950339576331,0.0,45.301849812962274,0.0,0.0,0.0,0.0,0.0,0.0,0.0
10.0,6.4149207460373,0.0039333776065785,0.0039333776020067,0.999992264237753,0.999992264237752,49.413600083106566,0.0,49.97345037154088,0.0,45.595033952926286,0.0,45.301849729828106,0.0,0.0,0.0,0.0,0.0,0.0,0.0
10.0,6.41517075853793,0.0039334281083058,0.0039334281037363,0.999992264039108,0.999992264039108,49.41360006574904,0.0,49.9734499785019,0.0,45.595033948219296,0.0,45.30184964669076,0.0,0.0,0.0,0.0,0.0,0.0,0.0
10.0,6.41542077103855,0.0039334786112865,0.0039334786067193,0.9999922638404568,0.999992263840456,49.41360004839005,0.0,49.97344958544846,0.0,45.59503394351212,0.0,45.30184956355026,0.0,0.0,0.0,0.0,0.0,0.0,0.0
10.0,6.41567078353918,0.0039335291155206,0.0039335291109556,0.999992263641797,0.999992263641797,49.41360003102962,0.0,49.97344919238059,0.0,45.595033938804754,0.0,45.3018494804066,0.0,0.0,0.0,0.0,0.0,0.0,0.0
10.0,6.415920796039799,0.0039335796210079,0.0039335796164452,0.999992263443131,0.99999226344313,49.41360001366776,0.0,49.97344879929828,0.0,45.5950339340972,0.0,45.30184939725977,0.0,0.0,0.0,0.0,0.0,0.0,0.0
10.0,6.41617080854043,0.0039336301277484,0.003933630123188,0.9999922632444572,0.999992263244456,49.41359999630441,0.0,49.97344840620153,0.0,45.59503392938946,0.0,45.301849314109774,0.0,0.0,0.0,0.0,0.0,0.0,0.0
10.0,6.41642082104105,0.0039336806357421,0.003933680631184,0.999992263045775,0.999992263045775,49.41359997893963,0.0,49.97344801309034,0.0,45.59503392468154,0.0,45.30184923095663,0.0,0.0,0.0,0.0,0.0,0.0,0.0
10.0,6.41667083354168,0.0039337311449889,0.003933731140433,0.999992262847086,0.999992262847086,49.41359996157339,0.0,49.9734476199647,0.0,45.59503391997344,0.0,45.30184914780031,0.0,0.0,0.0,0.0,0.0,0.0,0.0
10.0,6.4169208460423,0.0039337816554888,0.0039337816509351,0.99999226264839,0.9999922626483888,49.41359994420571,0.0,49.97344722682462,0.0,45.59503391526514,0.0,45.30184906464083,0.0,0.0,0.0,0.0,0.0,0.0,0.0
10.0,6.41717085854293,0.0039338321672416,0.0039338321626902,0.999992262449686,0.999992262449685,49.41359992683657,0.0,49.973446833670096,0.0,45.59503391055666,0.0,45.30184898147818,0.0,0.0,0.0,0.0,0.0,0.0,0.0
10.0,6.41742087104355,0.0039338826802474,0.0039338826756983,0.999992262250974,0.999992262250973,49.41359990946598,0.0,49.97344644050114,0.0,45.595033905848,0.0,45.30184889831238,0.0,0.0,0.0,0.0,0.0,0.0,0.0
10.0,6.41767088354418,0.0039339331945061,0.0039339331899592,0.999992262052255,0.999992262052254,49.41359989209395,0.0,49.97344604731774,0.0,45.59503390113914,0.0,45.301848815143416,0.0,0.0,0.0,0.0,0.0,0.0,0.0
10.0,6.4179208960448,0.0039339837100176,0.003933983705473,0.9999922618535292,0.999992261853528,49.41359987472047,0.0,49.9734456541199,0.0,45.5950338964301,0.0,45.30184873197128,0.0,0.0,0.0,0.0,0.0,0.0,0.0
10.0,6.41817090854543,0.0039340342267818,0.0039340342222395,0.999992261654795,0.999992261654794,49.41359985734554,0.0,49.9734452609076,0.0,45.595033891720895,0.0,45.301848648795975,0.0,0.0,0.0,0.0,0.0,0.0,0.0
10.0,6.41842092104605,0.0039340847447988,0.0039340847402587,0.999992261456053,0.999992261456053,49.41359983996916,0.0,49.9734448676809,0.0,45.59503388701149,0.0,45.301848565617526,0.0,0.0,0.0,0.0,0.0,0.0,0.0
10.0,6.41867093354668,0.0039341352640684,0.0039341352595306,0.999992261257305,0.999992261257304,49.41359982259134,0.0,49.97344447443973,0.0,45.59503388230189,0.0,45.3018484824359,0.0,0.0,0.0,0.0,0.0,0.0,0.0
10.0,6.4189209460473,0.0039341857845907,0.0039341857800551,0.999992261058548,0.999992261058548,49.41359980521207,0.0,49.97344408118412,0.0,45.59503387759212,0.0,45.30184839925112,0.0,0.0,0.0,0.0,0.0,0.0,0.0
10.0,6.41917095854793,0.0039342363063654,0.0039342363018322,0.999992260859784,0.999992260859784,49.41359978783135,0.0,49.97344368791406,0.0,45.59503387288216,0.0,45.30184831606317,0.0,0.0,0.0,0.0,0.0,0.0,0.0
10.0,6.41942097104855,0.0039342868293927,0.0039342868248617,0.999992260661013,0.999992260661012,49.41359977044919,0.0,49.97344329462958,0.0,45.59503386817201,0.0,45.30184823287205,0.0,0.0,0.0,0.0,0.0,0.0,0.0
10.0,6.41967098354918,0.0039343373536724,0.0039343373491437,0.999992260462234,0.999992260462234,49.41359975306558,0.0,49.97344290133066,0.0,45.59503386346167,0.0,45.301848149677774,0.0,0.0,0.0,0.0,0.0,0.0,0.0
10.0,6.4199209960498,0.0039343878792045,0.0039343878746781,0.999992260263448,0.999992260263447,49.41359973568054,0.0,49.97344250801729,0.0,45.59503385875116,0.0,45.301848066480346,0.0,0.0,0.0,0.0,0.0,0.0,0.0
10.0,6.42017100855043,0.0039344384059889,0.0039344384014647,0.999992260064654,0.999992260064654,49.41359971829405,0.0,49.97344211468948,0.0,45.595033854040445,0.0,45.30184798327974,0.0,0.0,0.0,0.0,0.0,0.0,0.0
10.0,6.42042102105105,0.0039344889340256,0.0039344889295037,0.999992259865853,0.9999922598658522,49.41359970090611,0.0,49.97344172134723,0.0,45.59503384932956,0.0,45.301847900075984,0.0,0.0,0.0,0.0,0.0,0.0,0.0
10.0,6.420671033551681,0.0039345394633145,0.0039345394587948,0.999992259667044,0.999992259667044,49.41359968351674,0.0,49.973441327990535,0.0,45.59503384461848,0.0,45.301847816869056,0.0,0.0,0.0,0.0,0.0,0.0,0.0
10.0,6.4209210460523,0.0039345899938555,0.0039345899893381,0.999992259468228,0.999992259468227,49.413599666125926,0.0,49.97344093461941,0.0,45.59503383990722,0.0,45.30184773365897,0.0,0.0,0.0,0.0,0.0,0.0,0.0
10.0,6.42117105855293,0.0039346405256486,0.0039346405211335,0.9999922592694042,0.9999922592694042,49.41359964873367,0.0,49.97344054123384,0.0,45.59503383519578,0.0,45.30184765044572,0.0,0.0,0.0,0.0,0.0,0.0,0.0
10.0,6.42142107105355,0.0039346910586938,0.003934691054181,0.999992259070573,0.999992259070573,49.41359963133996,0.0,49.97344014783384,0.0,45.59503383048414,0.0,45.301847567229295,0.0,0.0,0.0,0.0,0.0,0.0,0.0
10.0,6.42167108355418,0.003934741592991,0.0039347415884804,0.999992258871735,0.999992258871734,49.41359961394483,0.0,49.97343975441939,0.0,45.59503382577233,0.0,45.30184748400971,0.0,0.0,0.0,0.0,0.0,0.0,0.0
10.0,6.4219210960548,0.0039347921285401,0.0039347921240318,0.9999922586728888,0.999992258672888,49.41359959654825,0.0,49.9734393609905,0.0,45.59503382106032,0.0,45.301847400786976,0.0,0.0,0.0,0.0,0.0,0.0,0.0
10.0,6.42217110855543,0.003934842665341,0.003934842660835,0.9999922584740348,0.999992258474034,49.41359957915024,0.0,49.973438967547175,0.0,45.59503381634813,0.0,45.30184731756107,0.0,0.0,0.0,0.0,0.0,0.0,0.0
10.0,6.42242112105605,0.0039348932033938,0.0039348931988901,0.999992258275174,0.999992258275173,49.41359956175078,0.0,49.97343857408941,0.0,45.59503381163575,0.0,45.301847234332,0.0,0.0,0.0,0.0,0.0,0.0,0.0
10.0,6.42267113355668,0.0039349437426984,0.0039349437381969,0.999992258076305,0.999992258076305,49.413599544349886,0.0,49.9734381806172,0.0,45.59503380692319,0.0,45.30184715109977,0.0,0.0,0.0,0.0,0.0,0.0,0.0
10.0,6.4229211460573,0.0039349942832546,0.0039349942787554,0.999992257877429,0.999992257877429,49.41359952694756,0.0,49.97343778713056,0.0,45.59503380221045,0.0,45.30184706786438,0.0,0.0,0.0,0.0,0.0,0.0,0.0
10.0,6.42317115855793,0.0039350448250625,0.0039350448205656,0.9999922576785462,0.999992257678545,49.413599509543786,0.0,49.973437393629474,0.0,45.59503379749752,0.0,45.30184698462583,0.0,0.0,0.0,0.0,0.0,0.0,0.0
10.0,6.42342117105855,0.003935095368122,0.0039350953636273,0.9999922574796548,0.999992257479654,49.41359949213858,0.0,49.973437000113954,0.0,45.595033792784406,0.0,45.30184690138411,0.0,0.0,0.0,0.0,0.0,0.0,0.0
10.0,6.42367118355918,0.0039351459124331,0.0039351459079407,0.999992257280756,0.999992257280756,49.413599474731946,0.0,49.973436606584,0.0,45.59503378807111,0.0,45.30184681813922,0.0,0.0,0.0,0.0,0.0,0.0,0.0
10.0,6.4239211960598,0.0039351964579956,0.0039351964535054,0.9999922570818508,0.99999225708185,49.41359945732387,0.0,49.97343621303959,0.0,45.59503378335762,0.0,45.30184673489117,0.0,0.0,0.0,0.0,0.0,0.0,0.0
10.0,6.42417120856043,0.0039352470048096,0.0039352470003217,0.999992256882937,0.999992256882936,49.41359943991437,0.0,49.97343581948075,0.0,45.595033778643945,0.0,45.30184665163996,0.0,0.0,0.0,0.0,0.0,0.0,0.0
10.0,6.42442122106105,0.0039352975528749,0.0039352975483893,0.999992256684016,0.999992256684015,49.41359942250342,0.0,49.97343542590748,0.0,45.59503377393009,0.0,45.30184656838559,0.0,0.0,0.0,0.0,0.0,0.0,0.0
10.0,6.42467123356168,0.0039353481021915,0.0039353480977082,0.999992256485088,0.9999922564850868,49.41359940509104,0.0,49.97343503231976,0.0,45.595033769216045,0.0,45.30184648512806,0.0,0.0,0.0,0.0,0.0,0.0,0.0
10.0,6.4249212460623,0.0039353986527594,0.0039353986482783,0.999992256286152,0.999992256286151,49.41359938767723,0.0,49.973434638717606,0.0,45.59503376450181,0.0,45.301846401867365,0.0,0.0,0.0,0.0,0.0,0.0,0.0
10.0,6.42517125856293,0.0039354492045785,0.0039354492000997,0.999992256087208,0.999992256087208,49.41359937026199,0.0,49.97343424510101,0.0,45.5950337597874,0.0,45.3018463186035,0.0,0.0,0.0,0.0,0.0,0.0,0.0
10.0,6.42542127106355,0.0039354997576488,0.0039354997531722,0.999992255888258,0.999992255888257,49.41359935284532,0.0,49.97343385146998,0.0,45.5950337550728,0.0,45.30184623533648,0.0,0.0,0.0,0.0,0.0,0.0,0.0
10.0,6.42567128356418,0.0039355503119701,0.0039355503074958,0.9999922556892992,0.9999922556892992,49.41359933542721,0.0,49.97343345782451,0.0,45.59503375035801,0.0,45.3018461520663,0.0,0.0,0.0,0.0,0.0,0.0,0.0
10.0,6.4259212960648,0.0039356008675425,0.0039356008630705,0.999992255490333,0.999992255490333,49.41359931800768,0.0,49.97343306416461,0.0,45.59503374564304,0.0,45.30184606879295,0.0,0.0,0.0,0.0,0.0,0.0,0.0
10.0,6.426171308565431,0.0039356514243658,0.0039356514198961,0.99999225529136,0.999992255291359,49.41359930058671,0.0,49.97343267049026,0.0,45.59503374092788,0.0,45.30184598551643,0.0,0.0,0.0,0.0,0.0,0.0,0.0
10.0,6.42642132106605,0.0039357019824401,0.0039357019779726,0.99999225509238,0.999992255092379,49.4135992831643,0.0,49.97343227680148,0.0,45.59503373621254,0.0,45.30184590223677,0.0,0.0,0.0,0.0,0.0,0.0,0.0
10.0,6.42667133356668,0.0039357525417652,0.0039357525373001,0.999992254893391,0.99999225489339,49.41359926574048,0.0,49.97343188309826,0.0,45.59503373149701,0.0,45.30184581895392,0.0,0.0,0.0,0.0,0.0,0.0,0.0
10.0,6.4269213460673,0.0039358031023412,0.0039358030978783,0.999992254694396,0.999992254694395,49.41359924831523,0.0,49.9734314893806,0.0,45.5950337267813,0.0,45.30184573566792,0.0,0.0,0.0,0.0,0.0,0.0,0.0
10.0,6.42717135856793,0.0039358536641679,0.0039358536597073,0.999992254495392,0.999992254495392,49.413599230888536,0.0,49.9734310956485,0.0,45.5950337220654,0.0,45.30184565237876,0.0,0.0,0.0,0.0,0.0,0.0,0.0
10.0,6.42742137106855,0.0039359042272453,0.003935904222787,0.999992254296382,0.9999922542963808,49.41359921346042,0.0,49.973430701901975,0.0,45.59503371734932,0.0,45.30184556908643,0.0,0.0,0.0,0.0,0.0,0.0,0.0
10.0,6.42767138356918,0.0039359547915734,0.0039359547871173,0.9999922540973633,0.999992254097363,49.41359919603089,0.0,49.973430308141,0.0,45.59503371263305,0.0,45.30184548579095,0.0,0.0,0.0,0.0,0.0,0.0,0.0
10.0,6.4279213960698,0.003936005357152,0.0039360053526982,0.999992253898338,0.999992253898337,49.41359917859992,0.0,49.97342991436559,0.0,45.595033707916585,0.0,45.30184540249229,0.0,0.0,0.0,0.0,0.0,0.0,0.0
10.0,6.42817140857043,0.0039360559239812,0.0039360559195297,0.999992253699305,0.999992253699304,49.41359916116753,0.0,49.97342952057574,0.0,45.595033703199945,0.0,45.30184531919048,0.0,0.0,0.0,0.0,0.0,0.0,0.0
10.0,6.428421421071051,0.0039361064920608,0.0039361064876116,0.999992253500264,0.999992253500264,49.41359914373371,0.0,49.97342912677147,0.0,45.59503369848312,0.0,45.30184523588549,0.0,0.0,0.0,0.0,0.0,0.0,0.0
10.0,6.42867143357168,0.0039361570613909,0.0039361570569439,0.999992253301216,0.999992253301215,49.41359912629847,0.0,49.97342873295276,0.0,45.595033693766105,0.0,45.30184515257735,0.0,0.0,0.0,0.0,0.0,0.0,0.0
10.0,6.4289214460723,0.0039362076319714,0.0039362076275266,0.9999922531021608,0.99999225310216,49.4135991088618,0.0,49.97342833911959,0.0,45.59503368904892,0.0,45.30184506926605,0.0,0.0,0.0,0.0,0.0,0.0,0.0
10.0,6.42917145857293,0.0039362582038021,0.0039362581993597,0.999992252903098,0.9999922529030972,49.413599091423706,0.0,49.973427945272,0.0,45.59503368433154,0.0,45.30184498595158,0.0,0.0,0.0,0.0,0.0,0.0,0.0
10.0,6.42942147107355,0.0039363087768831,0.0039363087724429,0.999992252704027,0.999992252704026,49.41359907398419,0.0,49.97342755140997,0.0,45.59503367961397,0.0,45.30184490263395,0.0,0.0,0.0,0.0,0.0,0.0,0.0
10.0,6.42967148357418,0.0039363593512143,0.0039363593467764,0.999992252504949,0.999992252504948,49.413599056543255,0.0,49.97342715753351,0.0,45.59503367489621,0.0,45.30184481931316,0.0,0.0,0.0,0.0,0.0,0.0,0.0
10.0,6.4299214960748,0.0039364099267956,0.00393640992236,0.999992252305864,0.999992252305863,49.413599039100895,0.0,49.97342676364261,0.0,45.59503367017827,0.0,45.30184473598921,0.0,0.0,0.0,0.0,0.0,0.0,0.0
10.0,6.43017150857543,0.0039364605036271,0.0039364604991937,0.999992252106771,0.99999225210677,49.41359902165711,0.0,49.97342636973726,0.0,45.59503366546014,0.0,45.30184465266209,0.0,0.0,0.0,0.0,0.0,0.0,0.0
10.0,6.43042152107605,0.0039365110817085,0.0039365110772774,0.99999225190767,0.99999225190767,49.413599004211896,0.0,49.9734259758175,0.0,45.59503366074184,0.0,45.30184456933181,0.0,0.0,0.0,0.0,0.0,0.0,0.0
10.0,6.43067153357668,0.0039365616610399,0.0039365616566111,0.999992251708563,0.999992251708562,49.41359898676527,0.0,49.97342558188328,0.0,45.59503365602333,0.0,45.301844485998366,0.0,0.0,0.0,0.0,0.0,0.0,0.0
10.0,6.4309215460773,0.0039366122416213,0.0039366122371947,0.999992251509447,0.999992251509446,49.41359896931722,0.0,49.97342518793464,0.0,45.595033651304654,0.0,45.30184440266176,0.0,0.0,0.0,0.0,0.0,0.0,0.0
10.0,6.43117155857793,0.0039366628234525,0.0039366628190282,0.999992251310325,0.999992251310324,49.41359895186775,0.0,49.97342479397155,0.0,45.59503364658578,0.0,45.301844319322,0.0,0.0,0.0,0.0,0.0,0.0,0.0
10.0,6.43142157107855,0.0039367134065335,0.0039367134021115,0.9999922511111942,0.999992251111193,49.41359893441686,0.0,49.973424399994045,0.0,45.59503364186674,0.0,45.30184423597907,0.0,0.0,0.0,0.0,0.0,0.0,0.0
10.0,6.431671583579179,0.0039367639908642,0.0039367639864445,0.999992250912056,0.999992250912056,49.41359891696455,0.0,49.97342400600209,0.0,45.595033637147495,0.0,45.30184415263297,0.0,0.0,0.0,0.0,0.0,0.0,0.0
10.0,6.4319215960798,0.0039368145764447,0.0039368145720273,0.999992250712911,0.99999225071291,49.41359889951084,0.0,49.97342361199569,0.0,45.59503363242808,0.0,45.30184406928372,0.0,0.0,0.0,0.0,0.0,0.0,0.0
10.0,6.43217160858043,0.0039368651632748,0.0039368651588596,0.999992250513758,0.999992250513758,49.41359888205569,0.0,49.97342321797487,0.0,45.59503362770847,0.0,45.30184398593129,0.0,0.0,0.0,0.0,0.0,0.0,0.0
10.0,6.43242162108105,0.0039369157513544,0.0039369157469416,0.999992250314598,0.9999922503145968,49.41359886459912,0.0,49.97342282393961,0.0,45.59503362298867,0.0,45.30184390257571,0.0,0.0,0.0,0.0,0.0,0.0,0.0
10.0,6.43267163358168,0.0039369663406836,0.003936966336273,0.99999225011543,0.999992250115429,49.413598847141145,0.0,49.97342242988991,0.0,45.59503361826869,0.0,45.30184381921696,0.0,0.0,0.0,0.0,0.0,0.0,0.0
10.0,6.4329216460823,0.0039370169312623,0.003937016926854,0.999992249916255,0.9999922499162548,49.41359882968175,0.0,49.97342203582578,0.0,45.59503361354853,0.0,45.30184373585506,0.0,0.0,0.0,0.0,0.0,0.0,0.0
10.0,6.43317165858293,0.0039370675230904,0.0039370675186843,0.999992249717073,0.999992249717072,49.41359881222094,0.0,49.973421641747215,0.0,45.59503360882818,0.0,45.30184365248998,0.0,0.0,0.0,0.0,0.0,0.0,0.0
10.0,6.43342167108355,0.0039371181161678,0.003937118111764,0.999992249517882,0.999992249517881,49.41359879475871,0.0,49.97342124765421,0.0,45.59503360410764,0.0,45.30184356912175,0.0,0.0,0.0,0.0,0.0,0.0,0.0
10.0,6.43367168358418,0.0039371687104946,0.0039371687060931,0.999992249318685,0.999992249318684,49.41359877729506,0.0,49.97342085354678,0.0,45.59503359938692,0.0,45.301843485750354,0.0,0.0,0.0,0.0,0.0,0.0,0.0
10.0,6.433921696084801,0.0039372193060705,0.0039372193016713,0.99999224911948,0.999992249119479,49.41359875983001,0.0,49.97342045942491,0.0,45.59503359466601,0.0,45.3018434023758,0.0,0.0,0.0,0.0,0.0,0.0,0.0
10.0,6.43417170858543,0.0039372699028957,0.0039372698984988,0.999992248920267,0.9999922489202658,49.41359874236353,0.0,49.97342006528859,0.0,45.59503358994492,0.0,45.30184331899808,0.0,0.0,0.0,0.0,0.0,0.0,0.0
10.0,6.43442172108605,0.00393732050097,0.0039373204965754,0.999992248721047,0.999992248721046,49.41359872489564,0.0,49.97341967113786,0.0,45.59503358522364,0.0,45.3018432356172,0.0,0.0,0.0,0.0,0.0,0.0,0.0
10.0,6.43467173358668,0.0039373711002934,0.003937371095901,0.9999922485218192,0.9999922485218192,49.413598707426345,0.0,49.973419276972685,0.0,45.59503358050217,0.0,45.30184315223315,0.0,0.0,0.0,0.0,0.0,0.0,0.0
10.0,6.4349217460873,0.0039374217008658,0.0039374216964757,0.9999922483225842,0.999992248322584,49.413598689955634,0.0,49.97341888279307,0.0,45.595033575780526,0.0,45.30184306884593,0.0,0.0,0.0,0.0,0.0,0.0,0.0
10.0,6.43517175858793,0.0039374723026872,0.0039374722982994,0.999992248123342,0.999992248123341,49.41359867248351,0.0,49.97341848859903,0.0,45.595033571058686,0.0,45.30184298545557,0.0,0.0,0.0,0.0,0.0,0.0,0.0
10.0,6.43542177108855,0.0039375229057575,0.003937522901372,0.999992247924092,0.999992247924091,49.41359865500998,0.0,49.97341809439055,0.0,45.59503356633666,0.0,45.30184290206204,0.0,0.0,0.0,0.0,0.0,0.0,0.0
10.0,6.43567178358918,0.0039375735100767,0.0039375735056934,0.9999922477248352,0.999992247724834,49.41359863753503,0.0,49.97341770016764,0.0,45.595033561614464,0.0,45.301842818665335,0.0,0.0,0.0,0.0,0.0,0.0,0.0
10.0,6.4359217960898,0.0039376241156446,0.0039376241112636,0.999992247525569,0.999992247525569,49.41359862005867,0.0,49.9734173059303,0.0,45.59503355689207,0.0,45.301842735265474,0.0,0.0,0.0,0.0,0.0,0.0,0.0
10.0,6.43617180859043,0.0039376747224613,0.0039376747180826,0.9999922473262968,0.9999922473262968,49.4135986025809,0.0,49.973416911678505,0.0,45.59503355216949,0.0,45.30184265186245,0.0,0.0,0.0,0.0,0.0,0.0,0.0
10.0,6.43642182109105,0.0039377253305267,0.0039377253261502,0.999992247127018,0.9999922471270168,49.41359858510173,0.0,49.9734165174123,0.0,45.595033547446725,0.0,45.301842568456266,0.0,0.0,0.0,0.0,0.0,0.0,0.0
10.0,6.43667183359168,0.0039377759398407,0.0039377759354665,0.99999224692773,0.9999922469277291,49.413598567621136,0.0,49.97341612313165,0.0,45.59503354272378,0.0,45.30184248504692,0.0,0.0,0.0,0.0,0.0,0.0,0.0
10.0,6.4369218460923,0.0039378265504033,0.0039378265460314,0.999992246728435,0.999992246728434,49.413598550139135,0.0,49.97341572883657,0.0,45.59503353800064,0.0,45.30184240163441,0.0,0.0,0.0,0.0,0.0,0.0,0.0
10.0,6.437171858592929,0.0039378771622144,0.0039378771578448,0.9999922465291328,0.999992246529132,49.41359853265574,0.0,49.97341533452705,0.0,45.59503353327734,0.0,45.30184231821873,0.0,0.0,0.0,0.0,0.0,0.0,0.0
10.0,6.43742187109355,0.0039379277752739,0.0039379277709066,0.999992246329823,0.999992246329822,49.413598515170925,0.0,49.97341494020311,0.0,45.59503352855383,0.0,45.3018422347999,0.0,0.0,0.0,0.0,0.0,0.0,0.0
10.0,6.43767188359418,0.0039379783895819,0.0039379783852169,0.999992246130506,0.999992246130505,49.41359849768471,0.0,49.97341454586473,0.0,45.59503352383014,0.0,45.30184215137791,0.0,0.0,0.0,0.0,0.0,0.0,0.0
10.0,6.4379218960948,0.0039380290051383,0.0039380290007755,0.9999922459311807,0.99999224593118,49.41359848019708,0.0,49.97341415151191,0.0,45.59503351910626,0.0,45.30184206795274,0.0,0.0,0.0,0.0,0.0,0.0,0.0
10.0,6.43817190859543,0.0039380796219429,0.0039380796175824,0.999992245731849,0.999992245731848,49.413598462708045,0.0,49.97341375714466,0.0,45.5950335143822,0.0,45.30184198452442,0.0,0.0,0.0,0.0,0.0,0.0,0.0
10.0,6.43842192109605,0.0039381302399958,0.0039381302356376,0.999992245532509,0.999992245532508,49.4135984452176,0.0,49.97341336276297,0.0,45.595033509657945,0.0,45.301841901092935,0.0,0.0,0.0,0.0,0.0,0.0,0.0
10.0,6.43867193359668,0.0039381808592968,0.0039381808549409,0.999992245333162,0.999992245333161,49.413598427725766,0.0,49.97341296836687,0.0,45.59503350493351,0.0,45.30184181765829,0.0,0.0,0.0,0.0,0.0,0.0,0.0
10.0,6.43892194609731,0.003938231479846,0.0039382314754924,0.999992245133807,0.999992245133806,49.41359841023251,0.0,49.97341257395632,0.0,45.5950335002089,0.0,45.30184173422048,0.0,0.0,0.0,0.0,0.0,0.0,0.0
10.0,6.43917195859793,0.0039382821016432,0.0039382820972919,0.999992244934445,0.999992244934444,49.41359839273786,0.0,49.97341217953133,0.0,45.59503349548409,0.0,45.3018416507795,0.0,0.0,0.0,0.0,0.0,0.0,0.0
10.0,6.439421971098549,0.0039383327246885,0.0039383327203394,0.999992244735076,0.999992244735075,49.41359837524181,0.0,49.97341178509192,0.0,45.59503349075911,0.0,45.301841567335366,0.0,0.0,0.0,0.0,0.0,0.0,0.0
10.0,6.43967198359918,0.0039383833489818,0.003938383344635,0.999992244535698,0.999992244535698,49.41359835774434,0.0,49.97341139063807,0.0,45.595033486033934,0.0,45.30184148388807,0.0,0.0,0.0,0.0,0.0,0.0,0.0
10.0,6.43992199609981,0.0039384339745229,0.0039384339701784,0.999992244336314,0.999992244336313,49.413598340245485,0.0,49.97341099616979,0.0,45.59503348130857,0.0,45.30184140043761,0.0,0.0,0.0,0.0,0.0,0.0,0.0
10.0,6.44017200860043,0.0039384846013119,0.0039384845969697,0.999992244136922,0.999992244136921,49.413598322745216,0.0,49.973410601687085,0.0,45.59503347658303,0.0,45.30184131698399,0.0,0.0,0.0,0.0,0.0,0.0,0.0
10.0,6.44042202110105,0.0039385352293487,0.0039385352250087,0.999992243937522,0.999992243937522,49.41359830524355,0.0,49.973410207189936,0.0,45.59503347185729,0.0,45.3018412335272,0.0,0.0,0.0,0.0,0.0,0.0,0.0
10.0,6.44067203360168,0.0039385858586332,0.0039385858542955,0.999992243738115,0.999992243738115,49.41359828774048,0.0,49.97340981267836,0.0,45.59503346713138,0.0,45.30184115006725,0.0,0.0,0.0,0.0,0.0,0.0,0.0
10.0,6.4409220461023,0.0039386364891654,0.00393863648483,0.999992243538701,0.9999922435387,49.413598270236015,0.0,49.97340941815236,0.0,45.59503346240527,0.0,45.30184106660414,0.0,0.0,0.0,0.0,0.0,0.0,0.0
10.0,6.44117205860293,0.0039386871209452,0.0039386871166121,0.999992243339279,0.999992243339278,49.41359825273014,0.0,49.97340902361192,0.0,45.595033457678994,0.0,45.301840983137865,0.0,0.0,0.0,0.0,0.0,0.0,0.0
10.0,6.44142207110356,0.0039387377539726,0.0039387377496418,0.999992243139849,0.999992243139849,49.41359823522287,0.0,49.97340862905704,0.0,45.595033452952514,0.0,45.30184089966843,0.0,0.0,0.0,0.0,0.0,0.0,0.0
10.0,6.44167208360418,0.0039387883882475,0.003938788383919,0.999992242940413,0.999992242940412,49.4135982177142,0.0,49.97340823448774,0.0,45.595033448225855,0.0,45.30184081619584,0.0,0.0,0.0,0.0,0.0,0.0,0.0
10.0,6.4419220961048,0.0039388390237699,0.0039388390194437,0.999992242740968,0.9999922427409672,49.41359820020413,0.0,49.97340783990401,0.0,45.59503344349901,0.0,45.30184073272007,0.0,0.0,0.0,0.0,0.0,0.0,0.0
10.0,6.44217210860543,0.0039388896605397,0.0039388896562157,0.999992242541516,0.999992242541516,49.41359818269267,0.0,49.97340744530583,0.0,45.59503343877198,0.0,45.30184064924115,0.0,0.0,0.0,0.0,0.0,0.0,0.0
10.0,6.44242212110606,0.0039389402985568,0.0039389402942351,0.999992242342057,0.999992242342056,49.41359816517979,0.0,49.97340705069323,0.0,45.595033434044765,0.0,45.301840565759065,0.0,0.0,0.0,0.0,0.0,0.0,0.0
10.0,6.44267213360668,0.0039389909378212,0.0039389909335018,0.99999224214259,0.999992242142589,49.41359814766553,0.0,49.97340665606621,0.0,45.59503342931736,0.0,45.30184048227382,0.0,0.0,0.0,0.0,0.0,0.0,0.0
10.0,6.44292214610731,0.0039390415783329,0.0039390415740158,0.999992241943116,0.999992241943115,49.413598130149865,0.0,49.97340626142475,0.0,45.59503342458978,0.0,45.30184039878541,0.0,0.0,0.0,0.0,0.0,0.0,0.0
10.0,6.44317215860793,0.0039390922200917,0.0039390922157769,0.999992241743634,0.999992241743634,49.41359811263282,0.0,49.97340586676886,0.0,45.595033419862006,0.0,45.30184031529383,0.0,0.0,0.0,0.0,0.0,0.0,0.0
10.0,6.44342217110855,0.0039391428630977,0.0039391428587851,0.999992241544145,0.999992241544144,49.41359809511435,0.0,49.97340547209853,0.0,45.59503341513405,0.0,45.3018402317991,0.0,0.0,0.0,0.0,0.0,0.0,0.0
10.0,6.44367218360918,0.0039391935073507,0.0039391935030404,0.999992241344648,0.999992241344648,49.4135980775945,0.0,49.97340507741378,0.0,45.595033410405904,0.0,45.3018401483012,0.0,0.0,0.0,0.0,0.0,0.0,0.0
10.0,6.44392219610981,0.0039392441528508,0.0039392441485428,0.999992241145144,0.999992241145143,49.41359806007326,0.0,49.97340468271459,0.0,45.59503340567758,0.0,45.30184006480014,0.0,0.0,0.0,0.0,0.0,0.0,0.0
10.0,6.44417220861043,0.0039392947995977,0.003939294795292,0.999992240945632,0.999992240945632,49.41359804255063,0.0,49.97340428800097,0.0,45.59503340094906,0.0,45.30183998129591,0.0,0.0,0.0,0.0,0.0,0.0,0.0
10.0,6.44442222111106,0.0039393454475916,0.0039393454432882,0.999992240746113,0.999992240746112,49.41359802502659,0.0,49.97340389327293,0.0,45.595033396220366,0.0,45.30183989778853,0.0,0.0,0.0,0.0,0.0,0.0,0.0
10.0,6.44467223361168,0.0039393960968324,0.0039393960925312,0.999992240546587,0.999992240546586,49.41359800750116,0.0,49.97340349853046,0.0,45.59503339149149,0.0,45.30183981427799,0.0,0.0,0.0,0.0,0.0,0.0,0.0
10.0,6.44492224611231,0.0039394467473199,0.0039394467430211,0.999992240347052,0.999992240347052,49.413597989974335,0.0,49.97340310377354,0.0,45.59503338676241,0.0,45.30183973076427,0.0,0.0,0.0,0.0,0.0,0.0,0.0
10.0,6.44517225861293,0.0039394973990542,0.0039394973947576,0.9999922401475108,0.99999224014751,49.41359797244612,0.0,49.9734027090022,0.0,45.59503338203316,0.0,45.3018396472474,0.0,0.0,0.0,0.0,0.0,0.0,0.0
10.0,6.44542227111356,0.0039395480520351,0.0039395480477408,0.999992239947962,0.999992239947961,49.41359795491651,0.0,49.97340231421644,0.0,45.595033377303714,0.0,45.30183956372736,0.0,0.0,0.0,0.0,0.0,0.0,0.0
10.0,6.44567228361418,0.0039395987062627,0.0039395987019707,0.9999922397484052,0.999992239748405,49.41359793738552,0.0,49.97340191941624,0.0,45.595033372574086,0.0,45.30183948020417,0.0,0.0,0.0,0.0,0.0,0.0,0.0
10.0,6.44592229611481,0.0039396493617368,0.0039396493574471,0.999992239548841,0.9999922395488412,49.41359791985312,0.0,49.973401524601606,0.0,45.59503336784427,0.0,45.30183939667781,0.0,0.0,0.0,0.0,0.0,0.0,0.0
10.0,6.44617230861543,0.0039397000184574,0.00393970001417,0.99999223934927,0.999992239349269,49.41359790231934,0.0,49.97340112977254,0.0,45.59503336311428,0.0,45.30183931314829,0.0,0.0,0.0,0.0,0.0,0.0,0.0
10.0,6.44642232111606,0.0039397506764245,0.0039397506721394,0.999992239149691,0.99999223914969,49.413597884784174,0.0,49.97340073492906,0.0,45.59503335838409,0.0,45.3018392296156,0.0,0.0,0.0,0.0,0.0,0.0,0.0
10.0,6.44667233361668,0.003939801335638,0.0039398013313552,0.999992238950104,0.999992238950104,49.4135978672476,0.0,49.97340034007114,0.0,45.595033353653726,0.0,45.30183914607976,0.0,0.0,0.0,0.0,0.0,0.0,0.0
10.0,6.44692234611731,0.0039398519960978,0.0039398519918173,0.999992238750511,0.99999223875051,49.41359784970965,0.0,49.97339994519878,0.0,45.59503334892317,0.0,45.30183906254074,0.0,0.0,0.0,0.0,0.0,0.0,0.0
10.0,6.44717235861793,0.003939902657804,0.0039399026535257,0.999992238550909,0.999992238550908,49.41359783217031,0.0,49.97339955031201,0.0,45.59503334419243,0.0,45.30183897899858,0.0,0.0,0.0,0.0,0.0,0.0,0.0
10.0,6.447422371118559,0.0039399533207563,0.0039399533164803,0.9999922383513,0.9999922383513,49.413597814629576,0.0,49.9733991554108,0.0,45.5950333394615,0.0,45.30183889545325,0.0,0.0,0.0,0.0,0.0,0.0,0.0
10.0,6.44767238361918,0.0039400039849548,0.0039400039806811,0.999992238151684,0.999992238151683,49.41359779708746,0.0,49.973398760495165,0.0,45.5950333347304,0.0,45.30183881190475,0.0,0.0,0.0,0.0,0.0,0.0,0.0
10.0,6.44792239611981,0.0039400546503995,0.0039400546461281,0.99999223795206,0.9999922379520592,49.41359777954395,0.0,49.973398365565096,0.0,45.5950333299991,0.0,45.3018387283531,0.0,0.0,0.0,0.0,0.0,0.0,0.0
10.0,6.44817240862043,0.0039401053170902,0.003940105312821,0.999992237752429,0.999992237752428,49.41359776199906,0.0,49.9733979706206,0.0,45.59503332526761,0.0,45.30183864479827,0.0,0.0,0.0,0.0,0.0,0.0,0.0
10.0,6.44842242112106,0.0039401559850269,0.00394015598076,0.99999223755279,0.999992237552789,49.41359774445277,0.0,49.97339757566167,0.0,45.59503332053595,0.0,45.30183856124029,0.0,0.0,0.0,0.0,0.0,0.0,0.0
10.0,6.44867243362168,0.0039402066542096,0.003940206649945,0.999992237353144,0.999992237353143,49.4135977269051,0.0,49.97339718068831,0.0,45.59503331580409,0.0,45.30183847767915,0.0,0.0,0.0,0.0,0.0,0.0,0.0
10.0,6.44892244612231,0.0039402573246381,0.0039402573203758,0.99999223715349,0.9999922371534892,49.41359770935605,0.0,49.97339678570053,0.0,45.59503331107205,0.0,45.30183839411484,0.0,0.0,0.0,0.0,0.0,0.0,0.0
10.0,6.44917245862293,0.0039403079963125,0.0039403079920525,0.999992236953829,0.999992236953828,49.41359769180561,0.0,49.97339639069832,0.0,45.59503330633983,0.0,45.30183831054737,0.0,0.0,0.0,0.0,0.0,0.0,0.0
10.0,6.44942247112356,0.0039403586692327,0.003940358664975,0.9999922367541602,0.9999922367541592,49.413597674253786,0.0,49.97339599568167,0.0,45.595033301607415,0.0,45.30183822697675,0.0,0.0,0.0,0.0,0.0,0.0,0.0
10.0,6.449672483624181,0.0039404093433986,0.0039404093391432,0.999992236554484,0.999992236554483,49.41359765670058,0.0,49.9733956006506,0.0,45.59503329687482,0.0,45.30183814340295,0.0,0.0,0.0,0.0,0.0,0.0,0.0
10.0,6.44992249612481,0.0039404600188102,0.0039404600145571,0.9999922363547998,0.9999922363547998,49.41359763914598,0.0,49.9733952056051,0.0,45.59503329214205,0.0,45.301838059826,0.0,0.0,0.0,0.0,0.0,0.0,0.0
10.0,6.45017250862543,0.0039405106954674,0.0039405106912166,0.999992236155109,0.999992236155108,49.413597621590014,0.0,49.97339481054518,0.0,45.59503328740907,0.0,45.30183797624587,0.0,0.0,0.0,0.0,0.0,0.0,0.0
10.0,6.45042252112606,0.0039405613733702,0.0039405613691216,0.999992235955411,0.99999223595541,49.413597604032645,0.0,49.97339441547082,0.0,45.59503328267592,0.0,45.3018378926626,0.0,0.0,0.0,0.0,0.0,0.0,0.0
10.0,6.45067253362668,0.0039406120525184,0.0039406120482722,0.999992235755705,0.999992235755704,49.4135975864739,0.0,49.97339402038203,0.0,45.59503327794259,0.0,45.30183780907616,0.0,0.0,0.0,0.0,0.0,0.0,0.0
10.0,6.45092254612731,0.0039406627329122,0.0039406627286682,0.999992235555991,0.99999223555599,49.41359756891377,0.0,49.97339362527882,0.0,45.59503327320906,0.0,45.30183772548654,0.0,0.0,0.0,0.0,0.0,0.0,0.0
10.0,6.45117255862793,0.0039407134145513,0.0039407134103096,0.99999223535627,0.9999922353562688,49.41359755135228,0.0,49.97339323016119,0.0,45.59503326847536,0.0,45.30183764189378,0.0,0.0,0.0,0.0,0.0,0.0,0.0
10.0,6.45142257112856,0.0039407640974357,0.0039407640931963,0.999992235156542,0.9999922351565412,49.41359753378937,0.0,49.97339283502911,0.0,45.59503326374146,0.0,45.301837558297855,0.0,0.0,0.0,0.0,0.0,0.0,0.0
10.0,6.45167258362918,0.0039408147815655,0.0039408147773284,0.999992234956806,0.999992234956805,49.4135975162251,0.0,49.973392439882616,0.0,45.59503325900738,0.0,45.301837474698765,0.0,0.0,0.0,0.0,0.0,0.0,0.0
10.0,6.45192259612981,0.0039408654669404,0.0039408654627056,0.999992234757062,0.999992234757061,49.413597498659456,0.0,49.97339204472169,0.0,45.59503325427311,0.0,45.30183739109651,0.0,0.0,0.0,0.0,0.0,0.0,0.0
10.0,6.45217260863043,0.0039409161535606,0.003940916149328,0.9999922345573108,0.99999223455731,49.41359748109243,0.0,49.973391649546336,0.0,45.595033249538666,0.0,45.30183730749109,0.0,0.0,0.0,0.0,0.0,0.0,0.0
10.0,6.45242262113106,0.0039409668414258,0.0039409668371956,0.999992234357553,0.999992234357552,49.41359746352401,0.0,49.97339125435656,0.0,45.59503324480402,0.0,45.30183722388252,0.0,0.0,0.0,0.0,0.0,0.0,0.0
10.0,6.45267263363168,0.0039410175305361,0.0039410175263082,0.999992234157787,0.999992234157786,49.413597445954224,0.0,49.97339085915235,0.0,45.595033240069206,0.0,45.30183714027077,0.0,0.0,0.0,0.0,0.0,0.0,0.0
10.0,6.4529226461323095,0.0039410682208914,0.0039410682166658,0.999992233958014,0.999992233958013,49.413597428383056,0.0,49.97339046393372,0.0,45.5950332353342,0.0,45.30183705665588,0.0,0.0,0.0,0.0,0.0,0.0,0.0
10.0,6.45317265863293,0.0039411189124917,0.0039411189082683,0.999992233758233,0.999992233758232,49.4135974108105,0.0,49.97339006870066,0.0,45.59503323059901,0.0,45.301836973037815,0.0,0.0,0.0,0.0,0.0,0.0,0.0
10.0,6.45342267113356,0.0039411696053368,0.0039411696011158,0.999992233558444,0.999992233558444,49.413597393236586,0.0,49.97338967345317,0.0,45.59503322586363,0.0,45.301836889416585,0.0,0.0,0.0,0.0,0.0,0.0,0.0
10.0,6.453672683634179,0.0039412202994268,0.003941220295208,0.999992233358649,0.9999922333586478,49.41359737566128,0.0,49.97338927819125,0.0,45.59503322112807,0.0,45.30183680579219,0.0,0.0,0.0,0.0,0.0,0.0,0.0
10.0,6.45392269613481,0.0039412709947616,0.0039412709905451,0.999992233158846,0.999992233158845,49.4135973580846,0.0,49.97338888291491,0.0,45.59503321639232,0.0,45.30183672216464,0.0,0.0,0.0,0.0,0.0,0.0,0.0
10.0,6.45417270863543,0.0039413216913411,0.0039413216871269,0.999992232959035,0.999992232959034,49.41359734050654,0.0,49.973388487624135,0.0,45.59503321165638,0.0,45.301836638533935,0.0,0.0,0.0,0.0,0.0,0.0,0.0
10.0,6.45442272113606,0.0039413723891652,0.0039413723849533,0.999992232759217,0.999992232759216,49.41359732292711,0.0,49.973388092318935,0.0,45.59503320692026,0.0,45.30183655490006,0.0,0.0,0.0,0.0,0.0,0.0,0.0
10.0,6.45467273363668,0.003941423088234,0.0039414230840244,0.9999922325593908,0.99999223255939,49.4135973053463,0.0,49.97338769699932,0.0,45.59503320218396,0.0,45.30183647126302,0.0,0.0,0.0,0.0,0.0,0.0,0.0
10.0,6.45492274613731,0.0039414737885473,0.00394147378434,0.999992232359558,0.999992232359557,49.41359728776412,0.0,49.97338730166526,0.0,45.59503319744746,0.0,45.30183638762282,0.0,0.0,0.0,0.0,0.0,0.0,0.0
10.0,6.4551727586379295,0.0039415244901052,0.0039415244859001,0.9999922321597172,0.999992232159716,49.41359727018056,0.0,49.97338690631678,0.0,45.59503319271078,0.0,45.30183630397946,0.0,0.0,0.0,0.0,0.0,0.0,0.0
10.0,6.45542277113856,0.0039415751929074,0.0039415751887047,0.999992231959869,0.999992231959868,49.41359725259563,0.0,49.97338651095388,0.0,45.59503318797392,0.0,45.30183622033295,0.0,0.0,0.0,0.0,0.0,0.0,0.0
10.0,6.45567278363918,0.0039416258969541,0.0039416258927537,0.999992231760013,0.999992231760013,49.41359723500932,0.0,49.97338611557655,0.0,45.59503318323687,0.0,45.301836136683264,0.0,0.0,0.0,0.0,0.0,0.0,0.0
10.0,6.45592279613981,0.0039416766022451,0.0039416765980469,0.99999223156015,0.99999223156015,49.41359721742164,0.0,49.9733857201848,0.0,45.59503317849964,0.0,45.301836053030414,0.0,0.0,0.0,0.0,0.0,0.0,0.0
10.0,6.45617280864043,0.0039417273087804,0.0039417273045845,0.99999223136028,0.999992231360279,49.413597199832594,0.0,49.97338532477861,0.0,45.59503317376222,0.0,45.3018359693744,0.0,0.0,0.0,0.0,0.0,0.0,0.0
10.0,6.45642282114106,0.0039417780165599,0.0039417780123663,0.999992231160402,0.999992231160401,49.41359718224216,0.0,49.973384929358,0.0,45.59503316902462,0.0,45.30183588571523,0.0,0.0,0.0,0.0,0.0,0.0,0.0
10.0,6.45667283364168,0.0039418287255836,0.0039418287213923,0.999992230960516,0.999992230960516,49.41359716465036,0.0,49.97338453392297,0.0,45.59503316428683,0.0,45.30183580205289,0.0,0.0,0.0,0.0,0.0,0.0,0.0
10.0,6.45692284614231,0.0039418794358513,0.0039418794316623,0.999992230760623,0.9999922307606228,49.41359714705719,0.0,49.97338413847351,0.0,45.595033159548855,0.0,45.30183571838741,0.0,0.0,0.0,0.0,0.0,0.0,0.0
10.0,6.45717285864293,0.0039419301473632,0.0039419301431765,0.999992230560723,0.999992230560722,49.41359712946266,0.0,49.97338374300963,0.0,45.595033154810686,0.0,45.30183563471874,0.0,0.0,0.0,0.0,0.0,0.0,0.0
10.0,6.45742287114356,0.003941980860119,0.0039419808559346,0.999992230360815,0.999992230360814,49.41359711186675,0.0,49.97338334753131,0.0,45.59503315007234,0.0,45.30183555104693,0.0,0.0,0.0,0.0,0.0,0.0,0.0
10.0,6.45767288364418,0.0039420315741188,0.0039420315699367,0.9999922301609,0.9999922301608992,49.41359709426946,0.0,49.97338295203858,0.0,45.595033145333815,0.0,45.30183546737194,0.0,0.0,0.0,0.0,0.0,0.0,0.0
10.0,6.45792289614481,0.0039420822893625,0.0039420822851826,0.9999922299609768,0.999992229960976,49.41359707667081,0.0,49.97338255653141,0.0,45.59503314059509,0.0,45.3018353836938,0.0,0.0,0.0,0.0,0.0,0.0,0.0
10.0,6.45817290864543,0.00394213300585,0.0039421330016724,0.999992229761046,0.999992229761046,49.41359705907079,0.0,49.97338216100983,0.0,45.59503313585619,0.0,45.30183530001249,0.0,0.0,0.0,0.0,0.0,0.0,0.0
10.0,6.45842292114606,0.0039421837235812,0.003942183719406,0.999992229561109,0.999992229561108,49.4135970414694,0.0,49.97338176547381,0.0,45.59503313111711,0.0,45.30183521632803,0.0,0.0,0.0,0.0,0.0,0.0,0.0
10.0,6.45867293364668,0.0039422344425562,0.0039422344383833,0.999992229361163,0.999992229361163,49.41359702386664,0.0,49.973381369923366,0.0,45.59503312637782,0.0,45.3018351326404,0.0,0.0,0.0,0.0,0.0,0.0,0.0
10.0,6.45892294614731,0.0039422851627749,0.0039422851586042,0.9999922291612112,0.99999222916121,49.41359700626251,0.0,49.973380974358506,0.0,45.59503312163836,0.0,45.301835048949606,0.0,0.0,0.0,0.0,0.0,0.0,0.0
10.0,6.45917295864793,0.0039423358842372,0.0039423358800688,0.99999222896125,0.9999922289612498,49.41359698865702,0.0,49.97338057877922,0.0,45.59503311689872,0.0,45.30183496525566,0.0,0.0,0.0,0.0,0.0,0.0,0.0
10.0,6.45942297114856,0.003942386606943,0.0039423866027769,0.999992228761283,0.999992228761282,49.41359697105016,0.0,49.97338018318551,0.0,45.59503311215889,0.0,45.30183488155854,0.0,0.0,0.0,0.0,0.0,0.0,0.0
10.0,6.45967298364918,0.0039424373308923,0.0039424373267285,0.999992228561308,0.999992228561307,49.41359695344193,0.0,49.973379787577365,0.0,45.59503310741887,0.0,45.30183479785826,0.0,0.0,0.0,0.0,0.0,0.0,0.0
10.0,6.45992299614981,0.0039424880560851,0.0039424880519236,0.999992228361325,0.9999922283613238,49.41359693583233,0.0,49.9733793919548,0.0,45.59503310267867,0.0,45.30183471415483,0.0,0.0,0.0,0.0,0.0,0.0,0.0
10.0,6.46017300865043,0.0039425387825212,0.003942538778362,0.999992228161335,0.999992228161334,49.41359691822137,0.0,49.97337899631781,0.0,45.59503309793829,0.0,45.30183463044823,0.0,0.0,0.0,0.0,0.0,0.0,0.0
10.0,6.46042302115106,0.0039425895102007,0.0039425895060438,0.999992227961337,0.999992227961336,49.41359690060904,0.0,49.9733786006664,0.0,45.59503309319771,0.0,45.301834546738455,0.0,0.0,0.0,0.0,0.0,0.0,0.0
10.0,6.46067303365168,0.0039426402391235,0.0039426402349689,0.999992227761332,0.999992227761331,49.41359688299535,0.0,49.97337820500057,0.0,45.59503308845695,0.0,45.301834463025536,0.0,0.0,0.0,0.0,0.0,0.0,0.0
10.0,6.46092304615231,0.0039426909692894,0.0039426909651371,0.99999222756132,0.9999922275613192,49.41359686538029,0.0,49.973377809320304,0.0,45.595033083716,0.0,45.30183437930945,0.0,0.0,0.0,0.0,0.0,0.0,0.0
10.0,6.46117305865293,0.0039427417006986,0.0039427416965486,0.999992227361299,0.999992227361299,49.41359684776388,0.0,49.97337741362563,0.0,45.59503307897487,0.0,45.3018342955902,0.0,0.0,0.0,0.0,0.0,0.0,0.0
10.0,6.46142307115356,0.0039427924333508,0.0039427924292031,0.999992227161272,0.9999922271612712,49.41359683014608,0.0,49.97337701791651,0.0,45.59503307423356,0.0,45.301834211867785,0.0,0.0,0.0,0.0,0.0,0.0,0.0
10.0,6.46167308365418,0.0039428431672461,0.0039428431631007,0.999992226961237,0.999992226961236,49.41359681252693,0.0,49.97337662219298,0.0,45.59503306949206,0.0,45.30183412814222,0.0,0.0,0.0,0.0,0.0,0.0,0.0
10.0,6.46192309615481,0.0039428939023844,0.0039428938982413,0.999992226761195,0.999992226761194,49.413596794906425,0.0,49.973376226455024,0.0,45.595033064750375,0.0,45.30183404441349,0.0,0.0,0.0,0.0,0.0,0.0,0.0
10.0,6.46217310865543,0.0039429446387657,0.0039429446346248,0.9999922265611448,0.999992226561144,49.41359677728455,0.0,49.97337583070264,0.0,45.5950330600085,0.0,45.30183396068159,0.0,0.0,0.0,0.0,0.0,0.0,0.0
10.0,6.46242312115606,0.0039429953763898,0.0039429953722513,0.999992226361087,0.999992226361087,49.41359675966131,0.0,49.97337543493583,0.0,45.59503305526645,0.0,45.30183387694653,0.0,0.0,0.0,0.0,0.0,0.0,0.0
10.0,6.46267313365668,0.0039430461152567,0.0039430461111205,0.999992226161022,0.999992226161022,49.41359674203672,0.0,49.97337503915461,0.0,45.5950330505242,0.0,45.30183379320831,0.0,0.0,0.0,0.0,0.0,0.0,0.0
10.0,6.46292314615731,0.0039430968553665,0.0039430968512325,0.99999222596095,0.9999922259609492,49.41359672441076,0.0,49.97337464335895,0.0,45.59503304578177,0.0,45.30183370946693,0.0,0.0,0.0,0.0,0.0,0.0,0.0
10.0,6.46317315865793,0.0039431475967189,0.0039431475925873,0.99999222576087,0.999992225760869,49.41359670678344,0.0,49.97337424754888,0.0,45.59503304103916,0.0,45.30183362572239,0.0,0.0,0.0,0.0,0.0,0.0,0.0
10.0,6.46342317115856,0.003943198339314,0.0039431983351847,0.999992225560783,0.999992225560782,49.41359668915475,0.0,49.973373851724375,0.0,45.59503303629636,0.0,45.30183354197468,0.0,0.0,0.0,0.0,0.0,0.0,0.0
10.0,6.46367318365918,0.0039432490831517,0.0039432490790247,0.999992225360688,0.9999922253606872,49.41359667152472,0.0,49.973373455885465,0.0,45.59503303155337,0.0,45.30183345822381,0.0,0.0,0.0,0.0,0.0,0.0,0.0
10.0,6.4639231961598105,0.003943299828232,0.0039432998241072,0.999992225160586,0.999992225160585,49.41359665389331,0.0,49.97337306003212,0.0,45.59503302681019,0.0,45.30183337446978,0.0,0.0,0.0,0.0,0.0,0.0,0.0
10.0,6.46417320866043,0.0039433505745547,0.0039433505704323,0.999992224960476,0.999992224960475,49.41359663626055,0.0,49.97337266416435,0.0,45.59503302206684,0.0,45.30183329071259,0.0,0.0,0.0,0.0,0.0,0.0,0.0
10.0,6.46442322116106,0.0039434013221199,0.0039434013179998,0.9999922247603588,0.999992224760358,49.41359661862643,0.0,49.97337226828216,0.0,45.5950330173233,0.0,45.30183320695224,0.0,0.0,0.0,0.0,0.0,0.0,0.0
10.0,6.46467323366168,0.0039434520709275,0.0039434520668096,0.999992224560234,0.999992224560234,49.41359660099095,0.0,49.97337187238555,0.0,45.59503301257958,0.0,45.30183312318873,0.0,0.0,0.0,0.0,0.0,0.0,0.0
10.0,6.46492324616231,0.0039435028209774,0.0039435028168618,0.9999922243601022,0.999992224360101,49.41359658335412,0.0,49.97337147647451,0.0,45.59503300783566,0.0,45.30183303942205,0.0,0.0,0.0,0.0,0.0,0.0,0.0
10.0,6.46517325866293,0.0039435535722696,0.0039435535681563,0.999992224159962,0.999992224159962,49.41359656571593,0.0,49.97337108054905,0.0,45.595033003091565,0.0,45.30183295565221,0.0,0.0,0.0,0.0,0.0,0.0,0.0
10.0,6.465423271163561,0.003943604324804,0.003943604320693,0.999992223959816,0.9999922239598152,49.41359654807636,0.0,49.973370684609165,0.0,45.59503299834728,0.0,45.301832871879206,0.0,0.0,0.0,0.0,0.0,0.0,0.0
10.0,6.46567328366418,0.0039436550785805,0.0039436550744719,0.999992223759661,0.99999222375966,49.41359653043547,0.0,49.97337028865487,0.0,45.595032993602814,0.0,45.301832788103056,0.0,0.0,0.0,0.0,0.0,0.0,0.0
10.0,6.46592329616481,0.0039437058335992,0.0039437058294928,0.999992223559499,0.999992223559498,49.413596512793205,0.0,49.97336989268613,0.0,45.59503298885816,0.0,45.30183270432372,0.0,0.0,0.0,0.0,0.0,0.0,0.0
10.0,6.466173308665431,0.0039437565898599,0.0039437565857558,0.999992223359329,0.9999922233593288,49.413596495149584,0.0,49.973369496702986,0.0,45.59503298411332,0.0,45.30183262054124,0.0,0.0,0.0,0.0,0.0,0.0,0.0
10.0,6.46642332116606,0.0039438073473626,0.0039438073432608,0.999992223159152,0.999992223159151,49.41359647750461,0.0,49.97336910070543,0.0,45.59503297936829,0.0,45.30183253675559,0.0,0.0,0.0,0.0,0.0,0.0,0.0
10.0,6.46667333366668,0.0039438581061072,0.0039438581020078,0.9999922229589678,0.9999922229589672,49.41359645985828,0.0,49.97336870469342,0.0,45.59503297462308,0.0,45.30183245296679,0.0,0.0,0.0,0.0,0.0,0.0,0.0
10.0,6.46692334616731,0.0039439088660938,0.0039439088619966,0.999992222758776,0.999992222758775,49.4135964422106,0.0,49.97336830866701,0.0,45.59503296987768,0.0,45.30183236917482,0.0,0.0,0.0,0.0,0.0,0.0,0.0
10.0,6.46717335866793,0.0039439596273221,0.0039439596232272,0.9999922225585772,0.999992222558576,49.41359642456156,0.0,49.97336791262617,0.0,45.5950329651321,0.0,45.30183228537968,0.0,0.0,0.0,0.0,0.0,0.0,0.0
10.0,6.46742337116856,0.0039440103897922,0.0039440103856996,0.9999922223583702,0.9999922223583692,49.41359640691117,0.0,49.97336751657092,0.0,45.59503296038633,0.0,45.30183220158139,0.0,0.0,0.0,0.0,0.0,0.0,0.0
10.0,6.46767338366918,0.0039440611535041,0.0039440611494138,0.9999922221581552,0.999992222158154,49.41359638925943,0.0,49.97336712050123,0.0,45.59503295564038,0.0,45.30183211777994,0.0,0.0,0.0,0.0,0.0,0.0,0.0
10.0,6.46792339616981,0.0039441119184576,0.0039441119143696,0.999992221957933,0.999992221957933,49.41359637160632,0.0,49.97336672441713,0.0,45.59503295089423,0.0,45.30183203397532,0.0,0.0,0.0,0.0,0.0,0.0,0.0
10.0,6.46817340867043,0.0039441626846527,0.003944162680567,0.999992221757704,0.999992221757703,49.413596353951874,0.0,49.973366328318605,0.0,45.59503294614791,0.0,45.30183195016754,0.0,0.0,0.0,0.0,0.0,0.0,0.0
10.0,6.46842342117106,0.0039442134520893,0.0039442134480059,0.999992221557467,0.999992221557467,49.41359633629608,0.0,49.97336593220568,0.0,45.5950329414014,0.0,45.3018318663566,0.0,0.0,0.0,0.0,0.0,0.0,0.0
10.0,6.46867343367168,0.0039442642207674,0.0039442642166863,0.999992221357223,0.999992221357222,49.41359631863892,0.0,49.9733655360783,0.0,45.595032936654704,0.0,45.30183178254249,0.0,0.0,0.0,0.0,0.0,0.0,0.0
10.0,6.46892344617231,0.003944314990687,0.0039443149866082,0.999992221156971,0.999992221156971,49.41359630098041,0.0,49.97336513993651,0.0,45.59503293190782,0.0,45.30183169872523,0.0,0.0,0.0,0.0,0.0,0.0,0.0
10.0,6.46917345867293,0.003944365761848,0.0039443657577715,0.999992220956712,0.999992220956711,49.41359628332055,0.0,49.97336474378031,0.0,45.59503292716075,0.0,45.301831614904806,0.0,0.0,0.0,0.0,0.0,0.0,0.0
10.0,6.469423471173559,0.0039444165342503,0.003944416530176,0.999992220756446,0.999992220756445,49.41359626565935,0.0,49.97336434760968,0.0,45.5950329224135,0.0,45.30183153108122,0.0,0.0,0.0,0.0,0.0,0.0,0.0
10.0,6.46967348367418,0.0039444673078938,0.0039444673038219,0.9999922205561708,0.999992220556171,49.41359624799679,0.0,49.97336395142463,0.0,45.59503291766606,0.0,45.30183144725447,0.0,0.0,0.0,0.0,0.0,0.0,0.0
10.0,6.46992349617481,0.0039445180827786,0.003944518078709,0.99999222035589,0.999992220355889,49.41359623033288,0.0,49.97336355522516,0.0,45.59503291291844,0.0,45.30183136342456,0.0,0.0,0.0,0.0,0.0,0.0,0.0
10.0,6.47017350867543,0.0039445688589045,0.0039445688548372,0.999992220155601,0.9999922201556,49.41359621266763,0.0,49.973363159011264,0.0,45.59503290817064,0.0,45.30183127959149,0.0,0.0,0.0,0.0,0.0,0.0,0.0
10.0,6.47042352117606,0.0039446196362715,0.0039446196322065,0.999992219955304,0.999992219955303,49.41359619500102,0.0,49.97336276278296,0.0,45.59503290342264,0.0,45.301831195755256,0.0,0.0,0.0,0.0,0.0,0.0,0.0
10.0,6.47067353367668,0.0039446704148796,0.0039446704108169,0.999992219755,0.999992219754999,49.41359617733306,0.0,49.97336236654022,0.0,45.59503289867446,0.0,45.30183111191586,0.0,0.0,0.0,0.0,0.0,0.0,0.0
10.0,6.47092354617731,0.0039447211947287,0.0039447211906682,0.999992219554689,0.999992219554688,49.41359615966377,0.0,49.97336197028307,0.0,45.595032893926096,0.0,45.301831028073295,0.0,0.0,0.0,0.0,0.0,0.0,0.0
10.0,6.47117355867793,0.0039447719758186,0.0039447719717605,0.99999221935437,0.999992219354369,49.41359614199312,0.0,49.97336157401151,0.0,45.59503288917754,0.0,45.30183094422758,0.0,0.0,0.0,0.0,0.0,0.0,0.0
10.0,6.47142357117856,0.0039448227581495,0.0039448227540937,0.999992219154043,0.999992219154042,49.41359612432112,0.0,49.97336117772551,0.0,45.5950328844288,0.0,45.3018308603787,0.0,0.0,0.0,0.0,0.0,0.0,0.0
10.0,6.471673583679179,0.0039448735417212,0.0039448735376677,0.999992218953709,0.999992218953708,49.41359610664778,0.0,49.97336078142509,0.0,45.59503287967989,0.0,45.30183077652666,0.0,0.0,0.0,0.0,0.0,0.0,0.0
10.0,6.47192359617981,0.0039449243265337,0.0039449243224825,0.999992218753368,0.9999922187533667,49.41359608897309,0.0,49.97336038511027,0.0,45.595032874930766,0.0,45.30183069267146,0.0,0.0,0.0,0.0,0.0,0.0,0.0
10.0,6.47217360868043,0.0039449751125869,0.003944975108538,0.9999922185530192,0.999992218553018,49.41359607129704,0.0,49.97335998878101,0.0,45.59503287018147,0.0,45.30183060881309,0.0,0.0,0.0,0.0,0.0,0.0,0.0
10.0,6.47242362118106,0.0039450258998807,0.0039450258958341,0.999992218352662,0.9999922183526608,49.41359605361967,0.0,49.97335959243733,0.0,45.595032865432,0.0,45.30183052495156,0.0,0.0,0.0,0.0,0.0,0.0,0.0
10.0,6.47267363368168,0.0039450766884152,0.0039450766843709,0.999992218152298,0.999992218152298,49.41359603594094,0.0,49.97335919607925,0.0,45.59503286068233,0.0,45.30183044108687,0.0,0.0,0.0,0.0,0.0,0.0,0.0
10.0,6.47292364618231,0.0039451274781901,0.0039451274741481,0.9999922179519268,0.999992217951926,49.41359601826087,0.0,49.97335879970673,0.0,45.59503285593248,0.0,45.30183035721903,0.0,0.0,0.0,0.0,0.0,0.0,0.0
10.0,6.47317365868293,0.0039451782692056,0.0039451782651659,0.999992217751548,0.999992217751548,49.41359600057946,0.0,49.97335840331981,0.0,45.595032851182445,0.0,45.30183027334802,0.0,0.0,0.0,0.0,0.0,0.0,0.0
10.0,6.47342367118356,0.0039452290614615,0.0039452290574241,0.999992217551162,0.999992217551161,49.413595982896695,0.0,49.97335800691845,0.0,45.59503284643222,0.0,45.30183018947384,0.0,0.0,0.0,0.0,0.0,0.0,0.0
10.0,6.47367368368418,0.0039452798549578,0.0039452798509227,0.999992217350768,0.999992217350768,49.41359596521259,0.0,49.973357610502674,0.0,45.59503284168182,0.0,45.30183010559651,0.0,0.0,0.0,0.0,0.0,0.0,0.0
10.0,6.47392369618481,0.0039453306496944,0.0039453306456616,0.999992217150367,0.999992217150367,49.41359594752715,0.0,49.973357214072486,0.0,45.595032836931225,0.0,45.30183002171601,0.0,0.0,0.0,0.0,0.0,0.0,0.0
10.0,6.47417370868543,0.0039453814456713,0.0039453814416408,0.999992216949959,0.999992216949958,49.41359592984036,0.0,49.97335681762789,0.0,45.59503283218045,0.0,45.30182993783235,0.0,0.0,0.0,0.0,0.0,0.0,0.0
10.0,6.47442372118606,0.0039454322428884,0.0039454322388602,0.999992216749542,0.999992216749542,49.41359591215223,0.0,49.97335642116886,0.0,45.595032827429485,0.0,45.30182985394553,0.0,0.0,0.0,0.0,0.0,0.0,0.0
10.0,6.47467373368668,0.0039454830413457,0.0039454830373198,0.999992216549119,0.999992216549118,49.41359589446275,0.0,49.973356024695406,0.0,45.595032822678334,0.0,45.30182977005556,0.0,0.0,0.0,0.0,0.0,0.0,0.0
10.0,6.47492374618731,0.003945533841043,0.0039455338370194,0.999992216348688,0.999992216348687,49.413595876771936,0.0,49.97335562820754,0.0,45.59503281792699,0.0,45.30182968616241,0.0,0.0,0.0,0.0,0.0,0.0,0.0
10.0,6.47517375868793,0.0039455846419804,0.0039455846379591,0.999992216148249,0.999992216148248,49.41359585907978,0.0,49.97335523170526,0.0,45.59503281317548,0.0,45.3018296022661,0.0,0.0,0.0,0.0,0.0,0.0,0.0
10.0,6.47542377118856,0.0039456354441578,0.0039456354401388,0.999992215947803,0.999992215947802,49.41359584138629,0.0,49.97335483518856,0.0,45.595032808423774,0.0,45.301829518366645,0.0,0.0,0.0,0.0,0.0,0.0,0.0
10.0,6.47567378368918,0.0039456862475751,0.0039456862435584,0.99999221574735,0.999992215747349,49.41359582369145,0.0,49.97335443865744,0.0,45.59503280367189,0.0,45.30182943446401,0.0,0.0,0.0,0.0,0.0,0.0,0.0
10.0,6.47592379618981,0.0039457370522323,0.0039457370482179,0.999992215546889,0.999992215546888,49.41359580599528,0.0,49.9733540421119,0.0,45.5950327989198,0.0,45.30182935055823,0.0,0.0,0.0,0.0,0.0,0.0,0.0
10.0,6.47617380869043,0.0039457878581293,0.0039457878541172,0.99999221534642,0.9999922153464192,49.41359578829776,0.0,49.973353645551946,0.0,45.59503279416754,0.0,45.30182926664927,0.0,0.0,0.0,0.0,0.0,0.0,0.0
10.0,6.47642382119106,0.0039458386652661,0.0039458386612563,0.999992215145944,0.999992215145943,49.4135957705989,0.0,49.97335324897757,0.0,45.59503278941509,0.0,45.301829182737166,0.0,0.0,0.0,0.0,0.0,0.0,0.0
10.0,6.47667383369168,0.0039458894736426,0.0039458894696351,0.999992214945461,0.99999221494546,49.41359575289871,0.0,49.97335285238877,0.0,45.59503278466245,0.0,45.30182909882189,0.0,0.0,0.0,0.0,0.0,0.0,0.0
10.0,6.47692384619231,0.0039459402832587,0.0039459402792536,0.99999221474497,0.999992214744969,49.41359573519718,0.0,49.973352455785566,0.0,45.59503277990964,0.0,45.30182901490346,0.0,0.0,0.0,0.0,0.0,0.0,0.0
10.0,6.477173858692929,0.0039459910941145,0.0039459910901116,0.999992214544472,0.999992214544471,49.413595717494296,0.0,49.97335205916793,0.0,45.59503277515663,0.0,45.301828930981856,0.0,0.0,0.0,0.0,0.0,0.0,0.0
10.0,6.47742387119356,0.0039460419062098,0.0039460419022092,0.999992214343966,0.9999922143439648,49.413595699790086,0.0,49.97335166253588,0.0,45.59503277040345,0.0,45.3018288470571,0.0,0.0,0.0,0.0,0.0,0.0,0.0
10.0,6.47767388369419,0.0039460927195446,0.0039460927155463,0.999992214143452,0.999992214143452,49.41359568208454,0.0,49.97335126588941,0.0,45.59503276565008,0.0,45.3018287631292,0.0,0.0,0.0,0.0,0.0,0.0,0.0
10.0,6.47792389619481,0.0039461435341188,0.0039461435301228,0.999992213942932,0.999992213942931,49.41359566437767,0.0,49.97335086922853,0.0,45.59503276089652,0.0,45.3018286791981,0.0,0.0,0.0,0.0,0.0,0.0,0.0
10.0,6.47817390869543,0.0039461943499324,0.0039461943459387,0.999992213742403,0.999992213742403,49.41359564666944,0.0,49.97335047255324,0.0,45.59503275614277,0.0,45.30182859526386,0.0,0.0,0.0,0.0,0.0,0.0,0.0
10.0,6.47842392119606,0.0039462451669853,0.0039462451629939,0.999992213541868,0.999992213541867,49.41359562895989,0.0,49.97335007586352,0.0,45.59503275138883,0.0,45.30182851132646,0.0,0.0,0.0,0.0,0.0,0.0,0.0
10.0,6.47867393369668,0.0039462959852774,0.0039462959812884,0.9999922133413248,0.999992213341324,49.413595611248994,0.0,49.97334967915938,0.0,45.59503274663472,0.0,45.30182842738589,0.0,0.0,0.0,0.0,0.0,0.0,0.0
10.0,6.47892394619731,0.0039463468048088,0.0039463468008221,0.999992213140774,0.999992213140773,49.413595593536776,0.0,49.97334928244083,0.0,45.59503274188041,0.0,45.301828343442175,0.0,0.0,0.0,0.0,0.0,0.0,0.0
10.0,6.47917395869793,0.0039463976255794,0.0039463976215949,0.999992212940216,0.999992212940215,49.4135955758232,0.0,49.97334888570787,0.0,45.595032737125926,0.0,45.30182825949529,0.0,0.0,0.0,0.0,0.0,0.0,0.0
10.0,6.47942397119856,0.003946448447589,0.0039464484436069,0.99999221273965,0.999992212739649,49.41359555810831,0.0,49.97334848896048,0.0,45.59503273237125,0.0,45.30182817554524,0.0,0.0,0.0,0.0,0.0,0.0,0.0
10.0,6.47967398369918,0.0039464992708377,0.0039464992668579,0.999992212539077,0.999992212539076,49.41359554039209,0.0,49.97334809219868,0.0,45.59503272761639,0.0,45.30182809159204,0.0,0.0,0.0,0.0,0.0,0.0,0.0
10.0,6.47992399619981,0.0039465500953254,0.0039465500913478,0.999992212338497,0.999992212338496,49.41359552267452,0.0,49.97334769542245,0.0,45.59503272286134,0.0,45.301828007635656,0.0,0.0,0.0,0.0,0.0,0.0,0.0
10.0,6.48017400870043,0.003946600921052,0.0039466009170768,0.999992212137909,0.999992212137908,49.41359550495562,0.0,49.97334729863182,0.0,45.59503271810611,0.0,45.30182792367612,0.0,0.0,0.0,0.0,0.0,0.0,0.0
10.0,6.48042402120106,0.0039466517480175,0.0039466517440445,0.999992211937313,0.999992211937312,49.4135954872354,0.0,49.97334690182677,0.0,45.59503271335069,0.0,45.30182783971344,0.0,0.0,0.0,0.0,0.0,0.0,0.0
10.0,6.48067403370168,0.0039467025762218,0.0039467025722512,0.99999221173671,0.999992211736709,49.41359546951383,0.0,49.97334650500729,0.0,45.59503270859509,0.0,45.30182775574757,0.0,0.0,0.0,0.0,0.0,0.0,0.0
10.0,6.48092404620231,0.0039467534056648,0.0039467534016965,0.9999922115361,0.9999922115360992,49.41359545179094,0.0,49.97334610817341,0.0,45.5950327038393,0.0,45.30182767177856,0.0,0.0,0.0,0.0,0.0,0.0,0.0
10.0,6.48117405870294,0.0039468042363466,0.0039468042323806,0.999992211335482,0.9999922113354812,49.41359543406672,0.0,49.9733457113251,0.0,45.595032699083326,0.0,45.30182758780638,0.0,0.0,0.0,0.0,0.0,0.0,0.0
10.0,6.48142407120356,0.003946855068267,0.0039468550643033,0.999992211134856,0.999992211134856,49.41359541634115,0.0,49.97334531446239,0.0,45.59503269432717,0.0,45.30182750383105,0.0,0.0,0.0,0.0,0.0,0.0,0.0
10.0,6.48167408370419,0.0039469059014261,0.0039469058974647,0.999992210934223,0.999992210934223,49.41359539861427,0.0,49.97334491758525,0.0,45.59503268957082,0.0,45.30182741985254,0.0,0.0,0.0,0.0,0.0,0.0,0.0
10.0,6.481924096204811,0.0039469567358236,0.0039469567318645,0.999992210733583,0.999992210733582,49.41359538088605,0.0,49.97334452069369,0.0,45.5950326848143,0.0,45.30182733587089,0.0,0.0,0.0,0.0,0.0,0.0,0.0
10.0,6.48217410870543,0.0039470075714597,0.0039470075675029,0.9999922105329349,0.999992210532935,49.413595363156496,0.0,49.97334412378773,0.0,45.59503268005757,0.0,45.30182725188606,0.0,0.0,0.0,0.0,0.0,0.0,0.0
10.0,6.48242412120606,0.0039470584083342,0.0039470584043797,0.99999221033228,0.999992210332279,49.41359534542563,0.0,49.97334372686736,0.0,45.59503267530068,0.0,45.30182716789808,0.0,0.0,0.0,0.0,0.0,0.0,0.0
10.0,6.48267413370669,0.0039471092464471,0.0039471092424949,0.9999922101316172,0.999992210131617,49.41359532769341,0.0,49.97334332993256,0.0,45.59503267054358,0.0,45.30182708390693,0.0,0.0,0.0,0.0,0.0,0.0,0.0
10.0,6.48292414620731,0.0039471600857982,0.0039471600818484,0.9999922099309472,0.999992209930946,49.413595309959874,0.0,49.973342932983336,0.0,45.59503266578632,0.0,45.30182699991263,0.0,0.0,0.0,0.0,0.0,0.0,0.0
10.0,6.48317415870794,0.0039472109263877,0.0039472109224401,0.999992209730269,0.999992209730269,49.41359529222501,0.0,49.97334253601971,0.0,45.59503266102885,0.0,45.30182691591516,0.0,0.0,0.0,0.0,0.0,0.0,0.0
10.0,6.48342417120856,0.0039472617682154,0.0039472617642701,0.999992209529584,0.9999922095295832,49.41359527448881,0.0,49.97334213904166,0.0,45.595032656271215,0.0,45.301826831914525,0.0,0.0,0.0,0.0,0.0,0.0,0.0
10.0,6.48367418370918,0.0039473126112812,0.0039473126073382,0.999992209328892,0.9999922093288908,49.41359525675129,0.0,49.9733417420492,0.0,45.595032651513385,0.0,45.30182674791074,0.0,0.0,0.0,0.0,0.0,0.0,0.0
10.0,6.48392419620981,0.0039473634555851,0.0039473634516444,0.999992209128192,0.9999922091281912,49.41359523901244,0.0,49.97334134504233,0.0,45.59503264675537,0.0,45.30182666390378,0.0,0.0,0.0,0.0,0.0,0.0,0.0
10.0,6.48417420871044,0.003947414301127,0.0039474142971887,0.999992208927484,0.999992208927483,49.41359522127226,0.0,49.97334094802103,0.0,45.59503264199717,0.0,45.30182657989367,0.0,0.0,0.0,0.0,0.0,0.0,0.0
10.0,6.48442422121106,0.003947465147907,0.0039474651439709,0.9999922087267687,0.999992208726768,49.41359520353076,0.0,49.97334055098533,0.0,45.59503263723878,0.0,45.30182649588039,0.0,0.0,0.0,0.0,0.0,0.0,0.0
10.0,6.48467423371169,0.0039475159959248,0.0039475159919911,0.999992208526046,0.999992208526046,49.413595185787926,0.0,49.97334015393521,0.0,45.59503263248021,0.0,45.30182641186396,0.0,0.0,0.0,0.0,0.0,0.0,0.0
10.0,6.48492424621231,0.0039475668451806,0.0039475668412492,0.9999922083253168,0.999992208325316,49.41359516804378,0.0,49.97333975687067,0.0,45.59503262772145,0.0,45.30182632784437,0.0,0.0,0.0,0.0,0.0,0.0,0.0
10.0,6.485174258712939,0.0039476176956742,0.003947617691745,0.999992208124579,0.999992208124578,49.41359515029829,0.0,49.97333935979172,0.0,45.59503262296251,0.0,45.30182624382161,0.0,0.0,0.0,0.0,0.0,0.0,0.0
10.0,6.48542427121356,0.0039476685474055,0.0039476685434787,0.999992207923834,0.9999922079238333,49.41359513255149,0.0,49.97333896269836,0.0,45.59503261820338,0.0,45.30182615979569,0.0,0.0,0.0,0.0,0.0,0.0,0.0
10.0,6.48567428371419,0.0039477194003745,0.00394771939645,0.999992207723082,0.9999922077230812,49.41359511480336,0.0,49.97333856559057,0.0,45.59503261344408,0.0,45.301826075766606,0.0,0.0,0.0,0.0,0.0,0.0,0.0
10.0,6.48592429621481,0.0039477702545812,0.003947770250659,0.999992207522322,0.999992207522321,49.4135950970539,0.0,49.97333816846837,0.0,45.59503260868457,0.0,45.301825991734376,0.0,0.0,0.0,0.0,0.0,0.0,0.0
10.0,6.48617430871543,0.0039478211100255,0.0039478211061056,0.999992207321554,0.999992207321554,49.41359507930312,0.0,49.97333777133177,0.0,45.59503260392489,0.0,45.30182590769896,0.0,0.0,0.0,0.0,0.0,0.0,0.0
10.0,6.48642432121606,0.0039478719667073,0.0039478719627898,0.99999220712078,0.999992207120779,49.41359506155102,0.0,49.97333737418074,0.0,45.59503259916502,0.0,45.3018258236604,0.0,0.0,0.0,0.0,0.0,0.0,0.0
10.0,6.48667433371669,0.0039479228246267,0.0039479228207114,0.999992206919997,0.999992206919996,49.41359504379759,0.0,49.9733369770153,0.0,45.59503259440496,0.0,45.30182573961867,0.0,0.0,0.0,0.0,0.0,0.0,0.0
10.0,6.48692434621731,0.0039479736837834,0.0039479736798704,0.999992206719207,0.999992206719207,49.413595026042834,0.0,49.973336579835454,0.0,45.59503258964472,0.0,45.30182565557379,0.0,0.0,0.0,0.0,0.0,0.0,0.0
10.0,6.48717435871794,0.0039480245441775,0.0039480245402669,0.99999220651841,0.999992206518409,49.41359500828676,0.0,49.97333618264119,0.0,45.59503258488429,0.0,45.30182557152575,0.0,0.0,0.0,0.0,0.0,0.0,0.0
10.0,6.487424371218561,0.003948075405809,0.0039480754019006,0.9999922063176048,0.999992206317605,49.41359499052936,0.0,49.97333578543251,0.0,45.59503258012368,0.0,45.30182548747453,0.0,0.0,0.0,0.0,0.0,0.0,0.0
10.0,6.48767438371919,0.0039481262686777,0.0039481262647716,0.999992206116793,0.999992206116793,49.41359497277065,0.0,49.97333538820942,0.0,45.595032575362886,0.0,45.30182540342017,0.0,0.0,0.0,0.0,0.0,0.0,0.0
10.0,6.48792439621981,0.0039481771327836,0.0039481771288799,0.9999922059159732,0.9999922059159732,49.41359495501061,0.0,49.97333499097192,0.0,45.5950325706019,0.0,45.30182531936264,0.0,0.0,0.0,0.0,0.0,0.0,0.0
10.0,6.48817440872044,0.0039482279981267,0.0039482279942252,0.999992205715146,0.999992205715146,49.41359493724926,0.0,49.97333459372,0.0,45.59503256584073,0.0,45.30182523530195,0.0,0.0,0.0,0.0,0.0,0.0,0.0
10.0,6.48842442122106,0.0039482788647068,0.0039482788608077,0.999992205514312,0.999992205514311,49.41359491948657,0.0,49.97333419645366,0.0,45.59503256107937,0.0,45.3018251512381,0.0,0.0,0.0,0.0,0.0,0.0,0.0
10.0,6.48867443372169,0.003948329732524,0.0039483297286272,0.99999220531347,0.999992205313469,49.413594901722576,0.0,49.973333799172906,0.0,45.59503255631783,0.0,45.30182506717107,0.0,0.0,0.0,0.0,0.0,0.0,0.0
10.0,6.48892444622231,0.0039483806015782,0.0039483805976837,0.99999220511262,0.99999220511262,49.41359488395725,0.0,49.97333340187775,0.0,45.59503255155612,0.0,45.3018249831009,0.0,0.0,0.0,0.0,0.0,0.0,0.0
10.0,6.48917445872294,0.0039484314718694,0.0039484314679772,0.9999922049117628,0.999992204911763,49.41359486619061,0.0,49.973333004568175,0.0,45.5950325467942,0.0,45.301824899027565,0.0,0.0,0.0,0.0,0.0,0.0,0.0
10.0,6.48942447122356,0.0039484823433974,0.0039484823395075,0.999992204710899,0.999992204710898,49.41359484842265,0.0,49.97333260724419,0.0,45.59503254203211,0.0,45.30182481495106,0.0,0.0,0.0,0.0,0.0,0.0,0.0
10.0,6.48967448372419,0.0039485332161622,0.0039485332122746,0.999992204510027,0.999992204510026,49.413594830653366,0.0,49.97333220990579,0.0,45.595032537269816,0.0,45.30182473087141,0.0,0.0,0.0,0.0,0.0,0.0,0.0
10.0,6.48992449622481,0.0039485840901638,0.0039485840862785,0.999992204309148,0.999992204309147,49.41359481288278,0.0,49.97333181255298,0.0,45.59503253250735,0.0,45.30182464678859,0.0,0.0,0.0,0.0,0.0,0.0,0.0
10.0,6.49017450872544,0.003948634965402,0.0039486349615191,0.99999220410826,0.99999220410826,49.41359479511086,0.0,49.97333141518576,0.0,45.5950325277447,0.0,45.301824562702606,0.0,0.0,0.0,0.0,0.0,0.0,0.0
10.0,6.49042452122606,0.003948685841877,0.0039486858379963,0.999992203907366,0.999992203907365,49.41359477733762,0.0,49.973331017804114,0.0,45.59503252298186,0.0,45.30182447861348,0.0,0.0,0.0,0.0,0.0,0.0,0.0
10.0,6.490674533726689,0.0039487367195885,0.0039487367157102,0.999992203706464,0.999992203706463,49.41359475956308,0.0,49.97333062040806,0.0,45.59503251821883,0.0,45.30182439452116,0.0,0.0,0.0,0.0,0.0,0.0,0.0
10.0,6.49092454622731,0.0039487875985366,0.0039487875946606,0.9999922035055548,0.999992203505554,49.4135947417872,0.0,49.9733302229976,0.0,45.59503251345562,0.0,45.3018243104257,0.0,0.0,0.0,0.0,0.0,0.0,0.0
10.0,6.49117455872794,0.0039488384787212,0.0039488384748475,0.999992203304638,0.9999922033046368,49.41359472401002,0.0,49.97332982557272,0.0,45.59503250869223,0.0,45.30182422632708,0.0,0.0,0.0,0.0,0.0,0.0,0.0
10.0,6.49142457122856,0.0039488893601422,0.0039488893562708,0.9999922031037138,0.999992203103713,49.41359470623152,0.0,49.97332942813343,0.0,45.59503250392864,0.0,45.301824142225286,0.0,0.0,0.0,0.0,0.0,0.0,0.0
10.0,6.49167458372919,0.0039489402427996,0.0039489402389304,0.999992202902782,0.999992202902781,49.41359468845171,0.0,49.973329030679736,0.0,45.59503249916488,0.0,45.301824058120346,0.0,0.0,0.0,0.0,0.0,0.0,0.0
10.0,6.49192459622981,0.0039489911266932,0.0039489911228265,0.999992202701843,0.999992202701842,49.41359467067058,0.0,49.97332863321163,0.0,45.595032494400925,0.0,45.30182397401224,0.0,0.0,0.0,0.0,0.0,0.0,0.0
10.0,6.49217460873044,0.0039490420118232,0.0039490420079587,0.999992202500896,0.999992202500896,49.41359465288813,0.0,49.97332823572911,0.0,45.59503248963679,0.0,45.30182388990097,0.0,0.0,0.0,0.0,0.0,0.0,0.0
10.0,6.49242462123106,0.0039490928981894,0.0039490928943272,0.999992202299942,0.999992202299942,49.41359463510436,0.0,49.973327838232166,0.0,45.59503248487247,0.0,45.30182380578654,0.0,0.0,0.0,0.0,0.0,0.0,0.0
10.0,6.49267463373169,0.0039491437857917,0.0039491437819318,0.999992202098981,0.99999220209898,49.41359461731928,0.0,49.97332744072082,0.0,45.59503248010795,0.0,45.30182372166895,0.0,0.0,0.0,0.0,0.0,0.0,0.0
10.0,6.492924646232309,0.0039491946746301,0.0039491946707725,0.999992201898012,0.9999922018980112,49.41359459953289,0.0,49.973327043195056,0.0,45.59503247534325,0.0,45.3018236375482,0.0,0.0,0.0,0.0,0.0,0.0,0.0
10.0,6.49317465873294,0.0039492455647046,0.0039492455608493,0.999992201697035,0.999992201697034,49.41359458174519,0.0,49.973326645654886,0.0,45.59503247057838,0.0,45.301823553424285,0.0,0.0,0.0,0.0,0.0,0.0,0.0
10.0,6.49342467123356,0.003949296456015,0.0039492964521621,0.999992201496051,0.99999220149605,49.41359456395617,0.0,49.9733262481003,0.0,45.59503246581331,0.0,45.30182346929721,0.0,0.0,0.0,0.0,0.0,0.0,0.0
10.0,6.49367468373419,0.0039493473485614,0.0039493473447107,0.99999220129506,0.9999922012950592,49.41359454616584,0.0,49.97332585053131,0.0,45.59503246104806,0.0,45.30182338516697,0.0,0.0,0.0,0.0,0.0,0.0,0.0
10.0,6.49392469623481,0.0039493982423436,0.0039493982384953,0.9999922010940608,0.9999922010940598,49.4135945283742,0.0,49.973325452947904,0.0,45.595032456282624,0.0,45.30182330103359,0.0,0.0,0.0,0.0,0.0,0.0,0.0
10.0,6.49417470873544,0.0039494491373617,0.0039494491335157,0.999992200893054,0.999992200893053,49.41359451058125,0.0,49.97332505535009,0.0,45.59503245151701,0.0,45.30182321689703,0.0,0.0,0.0,0.0,0.0,0.0,0.0
10.0,6.49442472123606,0.0039495000336155,0.0039495000297718,0.99999220069204,0.99999220069204,49.41359449278698,0.0,49.973324657737855,0.0,45.59503244675119,0.0,45.301823132757306,0.0,0.0,0.0,0.0,0.0,0.0,0.0
10.0,6.49467473373669,0.003949550931105,0.0039495509272637,0.9999922004910192,0.999992200491018,49.4135944749914,0.0,49.97332426011123,0.0,45.5950324419852,0.0,45.30182304861443,0.0,0.0,0.0,0.0,0.0,0.0,0.0
10.0,6.49492474623731,0.0039496018298302,0.0039496018259912,0.99999220028999,0.999992200289989,49.4135944571945,0.0,49.97332386247017,0.0,45.59503243721902,0.0,45.30182296446839,0.0,0.0,0.0,0.0,0.0,0.0,0.0
10.0,6.49517475873794,0.003949652729791,0.0039496527259543,0.999992200088954,0.999992200088953,49.41359443939631,0.0,49.97332346481471,0.0,45.59503243245266,0.0,45.30182288031919,0.0,0.0,0.0,0.0,0.0,0.0,0.0
10.0,6.49542477123856,0.0039497036309874,0.0039497036271529,0.99999219988791,0.999992199887909,49.41359442159679,0.0,49.97332306714483,0.0,45.59503242768611,0.0,45.301822796166825,0.0,0.0,0.0,0.0,0.0,0.0,0.0
10.0,6.49567478373919,0.0039497545334192,0.003949754529587,0.999992199686859,0.999992199686858,49.41359440379597,0.0,49.97332266946056,0.0,45.595032422919374,0.0,45.3018227120113,0.0,0.0,0.0,0.0,0.0,0.0,0.0
10.0,6.49592479623981,0.0039498054370864,0.0039498054332566,0.9999921994858,0.9999921994857992,49.41359438599384,0.0,49.973322271761866,0.0,45.59503241815245,0.0,45.30182262785262,0.0,0.0,0.0,0.0,0.0,0.0,0.0
10.0,6.49617480874044,0.003949856341989,0.0039498563381615,0.9999921992847342,0.999992199284733,49.4135943681904,0.0,49.97332187404877,0.0,45.59503241338534,0.0,45.30182254369078,0.0,0.0,0.0,0.0,0.0,0.0,0.0
10.0,6.49642482124106,0.003949907248127,0.0039499072443018,0.99999219908366,0.999992199083659,49.41359435038565,0.0,49.973321476321246,0.0,45.595032408618046,0.0,45.30182245952577,0.0,0.0,0.0,0.0,0.0,0.0,0.0
10.0,6.49667483374169,0.0039499581555002,0.0039499581516773,0.999992198882579,0.999992198882578,49.41359433257959,0.0,49.97332107857932,0.0,45.595032403850574,0.0,45.30182237535761,0.0,0.0,0.0,0.0,0.0,0.0,0.0
10.0,6.49692484624231,0.0039500090641086,0.003950009060288,0.99999219868149,0.9999921986814893,49.41359431477223,0.0,49.973320680822994,0.0,45.59503239908291,0.0,45.30182229118628,0.0,0.0,0.0,0.0,0.0,0.0,0.0
10.0,6.49717485874294,0.0039500599739522,0.0039500599701339,0.999992198480394,0.9999921984803928,49.41359429696355,0.0,49.973320283052246,0.0,45.595032394315055,0.0,45.3018222070118,0.0,0.0,0.0,0.0,0.0,0.0,0.0
10.0,6.49742487124356,0.0039501108850308,0.0039501108812149,0.999992198279291,0.99999219827929,49.41359427915357,0.0,49.973319885267095,0.0,45.59503238954702,0.0,45.30182212283415,0.0,0.0,0.0,0.0,0.0,0.0,0.0
10.0,6.49767488374419,0.0039501617973445,0.0039501617935309,0.99999219807818,0.999992198078179,49.41359426134228,0.0,49.97331948746752,0.0,45.5950323847788,0.0,45.30182203865334,0.0,0.0,0.0,0.0,0.0,0.0,0.0
10.0,6.49792489624481,0.0039502127108932,0.0039502127070819,0.9999921978770608,0.99999219787706,49.41359424352967,0.0,49.97331908965356,0.0,45.5950323800104,0.0,45.301821954469375,0.0,0.0,0.0,0.0,0.0,0.0,0.0
10.0,6.49817490874544,0.0039502636256768,0.0039502636218678,0.999992197675935,0.999992197675935,49.41359422571578,0.0,49.97331869182517,0.0,45.59503237524181,0.0,45.30182187028224,0.0,0.0,0.0,0.0,0.0,0.0,0.0
10.0,6.49842492124606,0.0039503145416953,0.0039503145378886,0.999992197474802,0.999992197474801,49.413594207900566,0.0,49.97331829398238,0.0,45.59503237047303,0.0,45.30182178609194,0.0,0.0,0.0,0.0,0.0,0.0,0.0
10.0,6.49867493374669,0.0039503654589487,0.0039503654551443,0.9999921972736608,0.9999921972736598,49.413594190084055,0.0,49.97331789612517,0.0,45.59503236570407,0.0,45.3018217018985,0.0,0.0,0.0,0.0,0.0,0.0,0.0
10.0,6.49892494624731,0.0039504163774367,0.0039504163736346,0.999992197072512,0.999992197072512,49.41359417226622,0.0,49.97331749825357,0.0,45.59503236093492,0.0,45.30182161770188,0.0,0.0,0.0,0.0,0.0,0.0,0.0
10.0,6.49917495874794,0.0039504672971595,0.0039504672933597,0.999992196871357,0.999992196871356,49.413594154447104,0.0,49.973317100367545,0.0,45.59503235616558,0.0,45.301821533502114,0.0,0.0,0.0,0.0,0.0,0.0,0.0
10.0,6.49942497124856,0.003950518218117,0.0039505182143195,0.9999921966701932,0.999992196670193,49.41359413662668,0.0,49.97331670246712,0.0,45.595032351396064,0.0,45.301821449299176,0.0,0.0,0.0,0.0,0.0,0.0,0.0
10.0,6.49967498374919,0.003950569140309,0.0039505691365139,0.999992196469022,0.999992196469022,49.413594118804944,0.0,49.97331630455227,0.0,45.595032346626354,0.0,45.30182136509308,0.0,0.0,0.0,0.0,0.0,0.0,0.0
10.0,6.49992499624981,0.0039506200637356,0.0039506200599427,0.999992196267844,0.999992196267844,49.4135941009819,0.0,49.97331590662303,0.0,45.59503234185646,0.0,45.30182128088383,0.0,0.0,0.0,0.0,0.0,0.0,0.0
10.0,6.50017500875044,0.0039506709883967,0.0039506709846061,0.999992196066658,0.999992196066658,49.41359408315756,0.0,49.97331550867937,0.0,45.59503233708639,0.0,45.301821196671405,0.0,0.0,0.0,0.0,0.0,0.0,0.0
10.0,6.50042502125106,0.0039507219142922,0.0039507219105039,0.999992195865465,0.999992195865465,49.41359406533191,0.0,49.97331511072131,0.0,45.59503233231613,0.0,45.30182111245583,0.0,0.0,0.0,0.0,0.0,0.0,0.0
10.0,6.50067503375169,0.003950772841422,0.0039507728376361,0.9999921956642652,0.999992195664264,49.41359404750496,0.0,49.97331471274883,0.0,45.59503232754568,0.0,45.30182102823709,0.0,0.0,0.0,0.0,0.0,0.0,0.0
10.0,6.50092504625231,0.0039508237697862,0.0039508237660026,0.999992195463057,0.999992195463056,49.4135940296767,0.0,49.97331431476195,0.0,45.59503232277504,0.0,45.30182094401519,0.0,0.0,0.0,0.0,0.0,0.0,0.0
10.0,6.50117505875294,0.0039508746993847,0.0039508746956034,0.9999921952618412,0.99999219526184,49.41359401184715,0.0,49.97331391676067,0.0,45.59503231800422,0.0,45.30182085979013,0.0,0.0,0.0,0.0,0.0,0.0,0.0
10.0,6.50142507125356,0.0039509256302174,0.0039509256264384,0.999992195060618,0.999992195060617,49.413593994016296,0.0,49.97331351874496,0.0,45.595032313233226,0.0,45.30182077556191,0.0,0.0,0.0,0.0,0.0,0.0,0.0
10.0,6.50167508375419,0.0039509765622842,0.0039509765585075,0.999992194859387,0.9999921948593872,49.41359397618414,0.0,49.97331312071485,0.0,45.59503230846204,0.0,45.30182069133053,0.0,0.0,0.0,0.0,0.0,0.0,0.0
10.0,6.50192509625481,0.0039510274955851,0.0039510274918108,0.999992194658149,0.999992194658149,49.413593958350674,0.0,49.973312722670336,0.0,45.59503230369066,0.0,45.30182060709598,0.0,0.0,0.0,0.0,0.0,0.0,0.0
10.0,6.50217510875544,0.0039510784301201,0.0039510784263481,0.999992194456904,0.999992194456903,49.41359394051592,0.0,49.97331232461141,0.0,45.59503229891909,0.0,45.301820522858286,0.0,0.0,0.0,0.0,0.0,0.0,0.0
10.0,6.50242512125606,0.003951129365889,0.0039511293621193,0.999992194255651,0.99999219425565,49.41359392267986,0.0,49.97331192653808,0.0,45.595032294147344,0.0,45.30182043861743,0.0,0.0,0.0,0.0,0.0,0.0,0.0
10.0,6.50267513375669,0.0039511803028919,0.0039511802991245,0.9999921940543908,0.99999219405439,49.41359390484249,0.0,49.97331152845034,0.0,45.59503228937542,0.0,45.3018203543734,0.0,0.0,0.0,0.0,0.0,0.0,0.0
10.0,6.50292514625731,0.0039512312411287,0.0039512312373636,0.999992193853123,0.999992193853122,49.41359388700384,0.0,49.97331113034819,0.0,45.5950322846033,0.0,45.30182027012621,0.0,0.0,0.0,0.0,0.0,0.0,0.0
10.0,6.503175158757941,0.0039512821805993,0.0039512821768365,0.999992193651847,0.999992193651846,49.41359386916388,0.0,49.97331073223164,0.0,45.595032279831,0.0,45.30182018587586,0.0,0.0,0.0,0.0,0.0,0.0,0.0
10.0,6.50342517125856,0.0039513331213036,0.0039513331175431,0.999992193450564,0.999992193450564,49.41359385132262,0.0,49.973310334100674,0.0,45.595032275058514,0.0,45.30182010162236,0.0,0.0,0.0,0.0,0.0,0.0,0.0
10.0,6.50367518375919,0.0039513840632417,0.0039513840594835,0.999992193249274,0.999992193249273,49.41359383348006,0.0,49.97330993595531,0.0,45.59503227028584,0.0,45.30182001736569,0.0,0.0,0.0,0.0,0.0,0.0,0.0
10.0,6.50392519625981,0.0039514350064134,0.0039514350026575,0.999992193047976,0.9999921930479752,49.413593815636204,0.0,49.97330953779553,0.0,45.59503226551298,0.0,45.30181993310586,0.0,0.0,0.0,0.0,0.0,0.0,0.0
10.0,6.50417520876044,0.0039514859508187,0.0039514859470652,0.999992192846671,0.99999219284667,49.41359379779104,0.0,49.97330913962134,0.0,45.595032260739934,0.0,45.30181984884288,0.0,0.0,0.0,0.0,0.0,0.0,0.0
10.0,6.50442522126106,0.0039515368964575,0.0039515368927063,0.999992192645358,0.999992192645358,49.41359377994459,0.0,49.973308741432746,0.0,45.5950322559667,0.0,45.30181976457673,0.0,0.0,0.0,0.0,0.0,0.0,0.0
10.0,6.50467523376169,0.0039515878433299,0.003951587839581,0.999992192444038,0.999992192444037,49.41359376209684,0.0,49.97330834322975,0.0,45.59503225119328,0.0,45.30181968030742,0.0,0.0,0.0,0.0,0.0,0.0,0.0
10.0,6.50492524626231,0.0039516387914356,0.0039516387876891,0.999992192242711,0.99999219224271,49.41359374424779,0.0,49.97330794501234,0.0,45.59503224641968,0.0,45.30181959603495,0.0,0.0,0.0,0.0,0.0,0.0,0.0
10.0,6.50517525876294,0.0039516897407748,0.0039516897370305,0.999992192041375,0.999992192041375,49.41359372639745,0.0,49.973307546780525,0.0,45.595032241645896,0.0,45.30181951175932,0.0,0.0,0.0,0.0,0.0,0.0,0.0
10.0,6.505425271263561,0.0039517406913473,0.0039517406876053,0.999992191840033,0.999992191840032,49.41359370854581,0.0,49.97330714853431,0.0,45.59503223687192,0.0,45.30181942748053,0.0,0.0,0.0,0.0,0.0,0.0,0.0
10.0,6.50567528376419,0.003951791643153,0.0039517916394133,0.999992191638683,0.999992191638682,49.41359369069288,0.0,49.973306750273686,0.0,45.59503223209776,0.0,45.301819343198574,0.0,0.0,0.0,0.0,0.0,0.0,0.0
10.0,6.50592529626481,0.0039518425961919,0.0039518425924546,0.999992191437325,0.999992191437325,49.41359367283864,0.0,49.97330635199865,0.0,45.595032227323415,0.0,45.30181925891346,0.0,0.0,0.0,0.0,0.0,0.0,0.0
10.0,6.50617530876544,0.003951893550464,0.003951893546729,0.9999921912359598,0.99999219123596,49.41359365498312,0.0,49.97330595370922,0.0,45.59503222254889,0.0,45.30181917462519,0.0,0.0,0.0,0.0,0.0,0.0,0.0
10.0,6.50642532126606,0.0039519445059692,0.0039519445022365,0.999992191034588,0.999992191034587,49.4135936371263,0.0,49.97330555540537,0.0,45.59503221777417,0.0,45.30181909033376,0.0,0.0,0.0,0.0,0.0,0.0,0.0
10.0,6.50667533376669,0.0039519954627075,0.0039519954589771,0.999992190833208,0.9999921908332068,49.41359361926818,0.0,49.97330515708711,0.0,45.59503221299927,0.0,45.30181900603916,0.0,0.0,0.0,0.0,0.0,0.0,0.0
10.0,6.50692534626731,0.0039520464206787,0.0039520464169506,0.999992190631821,0.99999219063182,49.41359360140876,0.0,49.97330475875446,0.0,45.59503220822418,0.0,45.3018189217414,0.0,0.0,0.0,0.0,0.0,0.0,0.0
10.0,6.50717535876794,0.0039520973798829,0.0039520973761571,0.999992190430426,0.999992190430425,49.41359358354806,0.0,49.9733043604074,0.0,45.5950322034489,0.0,45.301818837440486,0.0,0.0,0.0,0.0,0.0,0.0,0.0
10.0,6.50742537126856,0.0039521483403199,0.0039521483365965,0.999992190229023,0.999992190229023,49.41359356568606,0.0,49.973303962045925,0.0,45.59503219867344,0.0,45.301818753136416,0.0,0.0,0.0,0.0,0.0,0.0,0.0
10.0,6.50767538376919,0.0039521993019898,0.0039521992982687,0.9999921900276127,0.999992190027613,49.41359354782277,0.0,49.97330356367005,0.0,45.59503219389781,0.0,45.30181866882918,0.0,0.0,0.0,0.0,0.0,0.0,0.0
10.0,6.50792539626981,0.0039522502648924,0.0039522502611736,0.999992189826196,0.999992189826196,49.413593529958185,0.0,49.97330316527977,0.0,45.59503218912197,0.0,45.30181858451878,0.0,0.0,0.0,0.0,0.0,0.0,0.0
10.0,6.50817540877044,0.0039523012290277,0.0039523012253113,0.999992189624771,0.999992189624771,49.41359351209231,0.0,49.97330276687508,0.0,45.59503218434596,0.0,45.30181850020523,0.0,0.0,0.0,0.0,0.0,0.0,0.0
10.0,6.50842542127106,0.0039523521943957,0.0039523521906816,0.9999921894233392,0.999992189423338,49.413593494225125,0.0,49.97330236845598,0.0,45.59503217956976,0.0,45.301818415888505,0.0,0.0,0.0,0.0,0.0,0.0,0.0
10.0,6.508675433771689,0.0039524031609963,0.0039524031572845,0.9999921892218993,0.999992189221899,49.413593476356674,0.0,49.97330197002249,0.0,45.595032174793374,0.0,45.30181833156863,0.0,0.0,0.0,0.0,0.0,0.0,0.0
10.0,6.50892544627231,0.0039524541288295,0.0039524541251199,0.999992189020452,0.9999921890204518,49.41359345848692,0.0,49.97330157157459,0.0,45.59503217001681,0.0,45.30181824724559,0.0,0.0,0.0,0.0,0.0,0.0,0.0
10.0,6.50917545877294,0.0039525050978951,0.0039525050941879,0.999992188818998,0.999992188818997,49.41359344061587,0.0,49.97330117311227,0.0,45.59503216524005,0.0,45.30181816291938,0.0,0.0,0.0,0.0,0.0,0.0,0.0
10.0,6.50942547127356,0.0039525560681932,0.0039525560644883,0.999992188617536,0.999992188617535,49.41359342274353,0.0,49.973300774635554,0.0,45.5950321604631,0.0,45.30181807859002,0.0,0.0,0.0,0.0,0.0,0.0,0.0
10.0,6.50967548377419,0.0039526070397236,0.003952607036021,0.999992188416066,0.999992188416066,49.41359340486991,0.0,49.97330037614444,0.0,45.59503215568598,0.0,45.30181799425751,0.0,0.0,0.0,0.0,0.0,0.0,0.0
10.0,6.50992549627481,0.0039526580124864,0.0039526580087861,0.9999921882145892,0.999992188214588,49.41359338699499,0.0,49.97329997763892,0.0,45.595032150908665,0.0,45.30181790992182,0.0,0.0,0.0,0.0,0.0,0.0,0.0
10.0,6.51017550877544,0.0039527089864814,0.0039527089827834,0.999992188013105,0.999992188013104,49.41359336911877,0.0,49.97329957911898,0.0,45.59503214613117,0.0,45.30181782558299,0.0,0.0,0.0,0.0,0.0,0.0,0.0
10.0,6.51042552127606,0.0039527599617087,0.003952759958013,0.999992187811613,0.999992187811612,49.41359335124128,0.0,49.973299180584654,0.0,45.59503214135348,0.0,45.30181774124098,0.0,0.0,0.0,0.0,0.0,0.0,0.0
10.0,6.51067553377669,0.0039528109381681,0.0039528109344747,0.9999921876101132,0.999992187610113,49.41359333336249,0.0,49.973298782035904,0.0,45.59503213657561,0.0,45.30181765689582,0.0,0.0,0.0,0.0,0.0,0.0,0.0
10.0,6.510925546277311,0.0039528619158596,0.0039528619121685,0.999992187408606,0.999992187408606,49.413593315482416,0.0,49.973298383472766,0.0,45.59503213179756,0.0,45.30181757254749,0.0,0.0,0.0,0.0,0.0,0.0,0.0
10.0,6.51117555877794,0.0039529128947831,0.0039529128910944,0.999992187207092,0.9999921872070912,49.41359329760105,0.0,49.97329798489522,0.0,45.59503212701932,0.0,45.301817488196015,0.0,0.0,0.0,0.0,0.0,0.0,0.0
10.0,6.51142557127856,0.0039529638749387,0.0039529638712523,0.99999218700557,0.999992187005569,49.4135932797184,0.0,49.97329758630326,0.0,45.595032122240895,0.0,45.30181740384137,0.0,0.0,0.0,0.0,0.0,0.0,0.0
10.0,6.51167558377919,0.0039530148563261,0.003953014852642,0.9999921868040412,0.99999218680404,49.413593261834464,0.0,49.97329718769691,0.0,45.595032117462274,0.0,45.301817319483575,0.0,0.0,0.0,0.0,0.0,0.0,0.0
10.0,6.51192559627981,0.0039530658389455,0.0039530658352637,0.999992186602504,0.999992186602503,49.41359324394924,0.0,49.973296789076144,0.0,45.59503211268348,0.0,45.3018172351226,0.0,0.0,0.0,0.0,0.0,0.0,0.0
10.0,6.51217560878044,0.0039531168227967,0.0039531168191172,0.99999218640096,0.9999921864009592,49.41359322606272,0.0,49.97329639044097,0.0,45.595032107904494,0.0,45.30181715075848,0.0,0.0,0.0,0.0,0.0,0.0,0.0
10.0,6.51242562128106,0.0039531678078796,0.0039531678042025,0.999992186199408,0.999992186199407,49.41359320817492,0.0,49.9732959917914,0.0,45.59503210312532,0.0,45.3018170663912,0.0,0.0,0.0,0.0,0.0,0.0,0.0
10.0,6.51267563378169,0.0039532187941943,0.0039532187905194,0.999992185997849,0.999992185997848,49.41359319028582,0.0,49.97329559312744,0.0,45.59503209834596,0.0,45.301816982020746,0.0,0.0,0.0,0.0,0.0,0.0,0.0
10.0,6.51292564628231,0.0039532697817406,0.0039532697780681,0.999992185796282,0.999992185796281,49.41359317239545,0.0,49.973295194449065,0.0,45.59503209356642,0.0,45.301816897647136,0.0,0.0,0.0,0.0,0.0,0.0,0.0
10.0,6.51317565878294,0.0039533207705185,0.0039533207668483,0.999992185594708,0.9999921855947068,49.41359315450379,0.0,49.97329479575628,0.0,45.595032088786695,0.0,45.30181681327037,0.0,0.0,0.0,0.0,0.0,0.0,0.0
10.0,6.51342567128356,0.0039533717605279,0.0039533717568601,0.999992185393126,0.999992185393126,49.41359313661084,0.0,49.973294397049095,0.0,45.59503208400679,0.0,45.30181672889045,0.0,0.0,0.0,0.0,0.0,0.0,0.0
10.0,6.51367568378419,0.0039534227517689,0.0039534227481034,0.9999921851915372,0.9999921851915372,49.41359311871661,0.0,49.97329399832751,0.0,45.59503207922669,0.0,45.30181664450736,0.0,0.0,0.0,0.0,0.0,0.0,0.0
10.0,6.51392569628482,0.0039534737442413,0.0039534737405781,0.999992184989941,0.99999218498994,49.413593100821096,0.0,49.97329359959152,0.0,45.5950320744464,0.0,45.30181656012111,0.0,0.0,0.0,0.0,0.0,0.0,0.0
10.0,6.514175708785439,0.0039535247379451,0.0039535247342841,0.999992184788337,0.999992184788336,49.41359308292429,0.0,49.97329320084112,0.0,45.59503206966593,0.0,45.301816475731705,0.0,0.0,0.0,0.0,0.0,0.0,0.0
10.0,6.51442572128606,0.0039535757328802,0.0039535757292216,0.999992184586725,0.9999921845867248,49.413593065026205,0.0,49.97329280207632,0.0,45.59503206488528,0.0,45.30181639133914,0.0,0.0,0.0,0.0,0.0,0.0,0.0
10.0,6.51467573378669,0.0039536267290465,0.0039536267253902,0.999992184385107,0.999992184385106,49.41359304712684,0.0,49.97329240329712,0.0,45.59503206010445,0.0,45.3018163069434,0.0,0.0,0.0,0.0,0.0,0.0,0.0
10.0,6.51492574628731,0.0039536777264441,0.0039536777227901,0.99999218418348,0.999992184183479,49.413593029226185,0.0,49.97329200450351,0.0,45.595032055323415,0.0,45.30181622254452,0.0,0.0,0.0,0.0,0.0,0.0,0.0
10.0,6.51517575878794,0.0039537287250728,0.0039537287214212,0.999992183981846,0.999992183981845,49.41359301132424,0.0,49.97329160569551,0.0,45.59503205054221,0.0,45.30181613814247,0.0,0.0,0.0,0.0,0.0,0.0,0.0
10.0,6.51542577128857,0.0039537797249327,0.0039537797212833,0.9999921837802052,0.999992183780204,49.41359299342103,0.0,49.97329120687309,0.0,45.59503204576082,0.0,45.30181605373726,0.0,0.0,0.0,0.0,0.0,0.0,0.0
10.0,6.51567578378919,0.0039538307260236,0.0039538307223765,0.999992183578556,0.999992183578555,49.41359297551652,0.0,49.97329080803628,0.0,45.595032040979234,0.0,45.301815969328885,0.0,0.0,0.0,0.0,0.0,0.0,0.0
10.0,6.51592579628981,0.0039538817283454,0.0039538817247007,0.9999921833769,0.999992183376899,49.41359295761074,0.0,49.97329040918507,0.0,45.595032036197466,0.0,45.30181588491736,0.0,0.0,0.0,0.0,0.0,0.0,0.0
10.0,6.51617580879044,0.0039539327318983,0.0039539327282559,0.999992183175236,0.9999921831752348,49.41359293970367,0.0,49.973290010319445,0.0,45.59503203141551,0.0,45.301815800502666,0.0,0.0,0.0,0.0,0.0,0.0,0.0
10.0,6.516425821291059,0.003953983736682,0.0039539837330419,0.999992182973565,0.999992182973564,49.41359292179532,0.0,49.97328961143944,0.0,45.59503202663337,0.0,45.30181571608482,0.0,0.0,0.0,0.0,0.0,0.0,0.0
10.0,6.51667583379169,0.0039540347426965,0.0039540347390587,0.9999921827718858,0.9999921827718848,49.413592903885686,0.0,49.973289212545005,0.0,45.595032021851054,0.0,45.30181563166381,0.0,0.0,0.0,0.0,0.0,0.0,0.0
10.0,6.51692584629231,0.0039540857499418,0.0039540857463063,0.9999921825702,0.999992182570199,49.41359288597478,0.0,49.973288813636174,0.0,45.59503201706853,0.0,45.301815547239634,0.0,0.0,0.0,0.0,0.0,0.0,0.0
10.0,6.51717585879294,0.0039541367584178,0.0039541367547847,0.9999921823685058,0.999992182368506,49.41359286806259,0.0,49.97328841471296,0.0,45.59503201228584,0.0,45.3018154628123,0.0,0.0,0.0,0.0,0.0,0.0,0.0
10.0,6.51742587129356,0.0039541877681245,0.0039541877644937,0.999992182166805,0.999992182166805,49.41359285014912,0.0,49.97328801577533,0.0,45.59503200750296,0.0,45.30181537838181,0.0,0.0,0.0,0.0,0.0,0.0,0.0
10.0,6.51767588379419,0.0039542387790617,0.0039542387754333,0.999992181965097,0.999992181965096,49.41359283223436,0.0,49.97328761682329,0.0,45.59503200271989,0.0,45.30181529394815,0.0,0.0,0.0,0.0,0.0,0.0,0.0
10.0,6.51792589629482,0.0039542897912296,0.0039542897876034,0.9999921817633812,0.99999218176338,49.41359281431833,0.0,49.97328721785686,0.0,45.59503199793664,0.0,45.30181520951135,0.0,0.0,0.0,0.0,0.0,0.0,0.0
10.0,6.51817590879544,0.0039543408046279,0.003954340801004,0.999992181561657,0.999992181561657,49.41359279640102,0.0,49.973286818876026,0.0,45.5950319931532,0.0,45.30181512507137,0.0,0.0,0.0,0.0,0.0,0.0,0.0
10.0,6.51842592129606,0.0039543918192566,0.0039543918156351,0.999992181359926,0.999992181359926,49.41359277848243,0.0,49.97328641988079,0.0,45.59503198836958,0.0,45.30181504062824,0.0,0.0,0.0,0.0,0.0,0.0,0.0
10.0,6.51867593379669,0.0039544428351158,0.0039544428314966,0.999992181158188,0.9999921811581872,49.41359276056256,0.0,49.97328602087116,0.0,45.59503198358576,0.0,45.30181495618194,0.0,0.0,0.0,0.0,0.0,0.0,0.0
10.0,6.51892594629731,0.0039544938522052,0.0039544938485883,0.999992180956442,0.999992180956441,49.413592742641406,0.0,49.97328562184711,0.0,45.59503197880177,0.0,45.30181487173249,0.0,0.0,0.0,0.0,0.0,0.0,0.0
10.0,6.51917595879794,0.003954544870525,0.0039545448669104,0.999992180754689,0.999992180754688,49.41359272471899,0.0,49.97328522280867,0.0,45.5950319740176,0.0,45.30181478727987,0.0,0.0,0.0,0.0,0.0,0.0,0.0
10.0,6.51942597129857,0.0039545958900749,0.0039545958864627,0.999992180552928,0.999992180552927,49.41359270679528,0.0,49.97328482375583,0.0,45.59503196923323,0.0,45.3018147028241,0.0,0.0,0.0,0.0,0.0,0.0,0.0
10.0,6.51967598379919,0.003954646910855,0.0039546469072451,0.999992180351159,0.999992180351159,49.413592688870295,0.0,49.973284424688586,0.0,45.59503196444867,0.0,45.30181461836517,0.0,0.0,0.0,0.0,0.0,0.0,0.0
10.0,6.51992599629981,0.0039546979328653,0.0039546979292576,0.9999921801493838,0.9999921801493828,49.41359267094404,0.0,49.97328402560694,0.0,45.59503195966394,0.0,45.30181453390308,0.0,0.0,0.0,0.0,0.0,0.0,0.0
10.0,6.52017600880044,0.0039547489561055,0.0039547489525002,0.999992179947601,0.9999921799476,49.4135926530165,0.0,49.9732836265109,0.0,45.59503195487902,0.0,45.30181444943782,0.0,0.0,0.0,0.0,0.0,0.0,0.0
10.0,6.52042602130107,0.0039547999805758,0.0039547999769728,0.99999217974581,0.999992179745809,49.413592635087696,0.0,49.97328322740045,0.0,45.59503195009391,0.0,45.30181436496941,0.0,0.0,0.0,0.0,0.0,0.0,0.0
10.0,6.52067603380169,0.003954851006276,0.0039548510026753,0.999992179544012,0.9999921795440108,49.413592617157605,0.0,49.973282828275615,0.0,45.595031945308605,0.0,45.30181428049783,0.0,0.0,0.0,0.0,0.0,0.0,0.0
10.0,6.52092604630232,0.0039549020332061,0.0039549020296077,0.999992179342206,0.999992179342205,49.41359259922624,0.0,49.973282429136354,0.0,45.59503194052313,0.0,45.3018141960231,0.0,0.0,0.0,0.0,0.0,0.0,0.0
10.0,6.52117605880294,0.003954953061366,0.00395495305777,0.9999921791403932,0.999992179140393,49.4135925812936,0.0,49.97328202998271,0.0,45.59503193573747,0.0,45.301814111545205,0.0,0.0,0.0,0.0,0.0,0.0,0.0
10.0,6.52142607130356,0.0039550040907557,0.003955004087162,0.9999921789385728,0.999992178938572,49.41359256335968,0.0,49.97328163081466,0.0,45.59503193095161,0.0,45.30181402706415,0.0,0.0,0.0,0.0,0.0,0.0,0.0
10.0,6.52167608380419,0.0039550551213751,0.0039550551177837,0.9999921787367452,0.999992178736744,49.41359254542449,0.0,49.97328123163221,0.0,45.59503192616558,0.0,45.301813942579926,0.0,0.0,0.0,0.0,0.0,0.0,0.0
10.0,6.52192609630482,0.0039551061532242,0.0039551061496351,0.999992178534909,0.999992178534908,49.41359252748804,0.0,49.97328083243537,0.0,45.59503192137936,0.0,45.30181385809256,0.0,0.0,0.0,0.0,0.0,0.0,0.0
10.0,6.52217610880544,0.0039551571863028,0.0039551571827161,0.999992178333066,0.999992178333065,49.41359250955029,0.0,49.97328043322412,0.0,45.59503191659295,0.0,45.30181377360202,0.0,0.0,0.0,0.0,0.0,0.0,0.0
10.0,6.52242612130607,0.0039552082206111,0.0039552082170266,0.999992178131215,0.999992178131215,49.41359249161128,0.0,49.97328003399847,0.0,45.59503191180636,0.0,45.30181368910833,0.0,0.0,0.0,0.0,0.0,0.0,0.0
10.0,6.52267613380669,0.0039552592561488,0.0039552592525667,0.999992177929358,0.999992177929357,49.41359247367099,0.0,49.97327963475841,0.0,45.59503190701958,0.0,45.30181360461148,0.0,0.0,0.0,0.0,0.0,0.0,0.0
10.0,6.52292614630732,0.003955310292916,0.0039553102893362,0.999992177727492,0.999992177727492,49.41359245572944,0.0,49.97327923550397,0.0,45.59503190223262,0.0,45.30181352011146,0.0,0.0,0.0,0.0,0.0,0.0,0.0
10.0,6.52317615880794,0.0039553613309125,0.0039553613273351,0.99999217752562,0.999992177525619,49.4135924377866,0.0,49.97327883623512,0.0,45.59503189744547,0.0,45.30181343560828,0.0,0.0,0.0,0.0,0.0,0.0,0.0
10.0,6.52342617130857,0.0039554123701384,0.0039554123665633,0.9999921773237392,0.999992177323738,49.41359241984249,0.0,49.973278436951865,0.0,45.595031892658135,0.0,45.30181335110195,0.0,0.0,0.0,0.0,0.0,0.0,0.0
10.0,6.52367618380919,0.0039554634105936,0.0039554634070207,0.999992177121851,0.999992177121851,49.41359240189712,0.0,49.97327803765423,0.0,45.59503188787061,0.0,45.30181326659245,0.0,0.0,0.0,0.0,0.0,0.0,0.0
10.0,6.52392619630982,0.003955514452278,0.0039555144487074,0.999992176919956,0.999992176919955,49.41359238395047,0.0,49.973277638342175,0.0,45.595031883082896,0.0,45.3018131820798,0.0,0.0,0.0,0.0,0.0,0.0,0.0
10.0,6.52417620881044,0.0039555654951915,0.0039555654916233,0.999992176718054,0.999992176718053,49.41359236600255,0.0,49.97327723901573,0.0,45.595031878295,0.0,45.30181309756398,0.0,0.0,0.0,0.0,0.0,0.0,0.0
10.0,6.524426221311071,0.0039556165393341,0.0039556165357683,0.9999921765161432,0.999992176516143,49.41359234805334,0.0,49.97327683967488,0.0,45.59503187350693,0.0,45.301813013045,0.0,0.0,0.0,0.0,0.0,0.0,0.0
10.0,6.52467623381169,0.0039556675847059,0.0039556675811423,0.999992176314226,0.9999921763142252,49.41359233010289,0.0,49.97327644031964,0.0,45.59503186871866,0.0,45.301812928522864,0.0,0.0,0.0,0.0,0.0,0.0,0.0
10.0,6.52492624631232,0.0039557186313066,0.0039557186277453,0.9999921761123008,0.9999921761123,49.41359231215115,0.0,49.97327604094999,0.0,45.595031863930224,0.0,45.30181284399757,0.0,0.0,0.0,0.0,0.0,0.0,0.0
10.0,6.52517625881294,0.0039557696791362,0.0039557696755773,0.999992175910368,0.999992175910367,49.41359229419815,0.0,49.97327564156595,0.0,45.59503185914159,0.0,45.30181275946912,0.0,0.0,0.0,0.0,0.0,0.0,0.0
10.0,6.52542627131357,0.0039558207281947,0.0039558207246381,0.999992175708428,0.999992175708427,49.41359227624386,0.0,49.9732752421675,0.0,45.59503185435276,0.0,45.30181267493749,0.0,0.0,0.0,0.0,0.0,0.0,0.0
10.0,6.52567628381419,0.0039558717784821,0.0039558717749278,0.99999217550648,0.99999217550648,49.41359225828832,0.0,49.97327484275466,0.0,45.59503184956376,0.0,45.30181259040272,0.0,0.0,0.0,0.0,0.0,0.0,0.0
10.0,6.52592629631482,0.0039559228299982,0.0039559228264463,0.9999921753045252,0.999992175304525,49.4135922403315,0.0,49.97327444332743,0.0,45.59503184477457,0.0,45.30181250586478,0.0,0.0,0.0,0.0,0.0,0.0,0.0
10.0,6.52617630881544,0.0039559738827431,0.0039559738791935,0.9999921751025628,0.999992175102562,49.41359222237342,0.0,49.97327404388579,0.0,45.59503183998519,0.0,45.30181242132369,0.0,0.0,0.0,0.0,0.0,0.0,0.0
10.0,6.52642632131607,0.0039560249367166,0.0039560249331693,0.999992174900593,0.999992174900592,49.41359220441407,0.0,49.97327364442975,0.0,45.595031835195634,0.0,45.30181233677944,0.0,0.0,0.0,0.0,0.0,0.0,0.0
10.0,6.526676333816691,0.0039560759919188,0.0039560759883738,0.999992174698616,0.999992174698615,49.41359218645344,0.0,49.97327324495931,0.0,45.59503183040589,0.0,45.30181225223202,0.0,0.0,0.0,0.0,0.0,0.0,0.0
10.0,6.52692634631732,0.0039561270483495,0.0039561270448068,0.9999921744966308,0.99999217449663,49.413592168491554,0.0,49.97327284547448,0.0,45.59503182561595,0.0,45.30181216768144,0.0,0.0,0.0,0.0,0.0,0.0,0.0
10.0,6.52717635881794,0.0039561781060087,0.0039561781024683,0.9999921742946388,0.9999921742946382,49.4135921505284,0.0,49.97327244597525,0.0,45.595031820825824,0.0,45.3018120831277,0.0,0.0,0.0,0.0,0.0,0.0,0.0
10.0,6.52742637131857,0.0039562291648963,0.0039562291613582,0.9999921740926392,0.999992174092638,49.41359213256396,0.0,49.97327204646162,0.0,45.59503181603552,0.0,45.30181199857081,0.0,0.0,0.0,0.0,0.0,0.0,0.0
10.0,6.52767638381919,0.0039562802250123,0.0039562802214766,0.999992173890632,0.999992173890631,49.41359211459827,0.0,49.97327164693359,0.0,45.59503181124504,0.0,45.30181191401076,0.0,0.0,0.0,0.0,0.0,0.0,0.0
10.0,6.52792639631982,0.0039563312863567,0.0039563312828233,0.9999921736886171,0.999992173688616,49.41359209663131,0.0,49.97327124739117,0.0,45.59503180645435,0.0,45.30181182944754,0.0,0.0,0.0,0.0,0.0,0.0,0.0
10.0,6.52817640882044,0.0039563823489293,0.0039563823453982,0.999992173486595,0.999992173486594,49.41359207866308,0.0,49.97327084783434,0.0,45.595031801663495,0.0,45.30181174488116,0.0,0.0,0.0,0.0,0.0,0.0,0.0
10.0,6.52842642132107,0.0039564334127302,0.0039564334092014,0.999992173284565,0.999992173284564,49.4135920606936,0.0,49.97327044826312,0.0,45.59503179687245,0.0,45.30181166031163,0.0,0.0,0.0,0.0,0.0,0.0,0.0
10.0,6.52867643382169,0.0039564844777592,0.0039564844742328,0.999992173082528,0.999992173082527,49.41359204272283,0.0,49.97327004867751,0.0,45.595031792081215,0.0,45.30181157573893,0.0,0.0,0.0,0.0,0.0,0.0,0.0
10.0,6.52892644632232,0.0039565355440164,0.0039565355404922,0.999992172880483,0.999992172880483,49.413592024750805,0.0,49.97326964907749,0.0,45.5950317872898,0.0,45.30181149116308,0.0,0.0,0.0,0.0,0.0,0.0,0.0
10.0,6.52917645882294,0.0039565866115016,0.0039565866079797,0.999992172678431,0.999992172678431,49.41359200677751,0.0,49.97326924946307,0.0,45.59503178249819,0.0,45.30181140658406,0.0,0.0,0.0,0.0,0.0,0.0,0.0
10.0,6.52942647132357,0.0039566376802148,0.0039566376766953,0.999992172476372,0.999992172476371,49.41359198880296,0.0,49.973268849834255,0.0,45.5950317777064,0.0,45.30181132200188,0.0,0.0,0.0,0.0,0.0,0.0,0.0
10.0,6.52967648382419,0.0039566887501559,0.0039566887466387,0.9999921722743048,0.999992172274304,49.413591970827135,0.0,49.97326845019106,0.0,45.59503177291443,0.0,45.301811237416544,0.0,0.0,0.0,0.0,0.0,0.0,0.0
10.0,6.529926496324819,0.0039567398213249,0.0039567398178101,0.99999217207223,0.99999217207223,49.41359195285004,0.0,49.97326805053345,0.0,45.59503176812226,0.0,45.30181115282805,0.0,0.0,0.0,0.0,0.0,0.0,0.0
10.0,6.53017650882544,0.0039567908937218,0.0039567908902093,0.999992171870149,0.999992171870148,49.41359193487169,0.0,49.97326765086145,0.0,45.59503176332992,0.0,45.3018110682364,0.0,0.0,0.0,0.0,0.0,0.0,0.0
10.0,6.53042652132607,0.0039568419673465,0.0039568419638362,0.999992171668059,0.999992171668058,49.41359191689208,0.0,49.973267251175045,0.0,45.59503175853739,0.0,45.30181098364158,0.0,0.0,0.0,0.0,0.0,0.0,0.0
10.0,6.53067653382669,0.0039568930421989,0.003956893038691,0.999992171465962,0.999992171465962,49.4135918989112,0.0,49.97326685147425,0.0,45.59503175374467,0.0,45.3018108990436,0.0,0.0,0.0,0.0,0.0,0.0,0.0
10.0,6.53092654632732,0.0039569441182789,0.0039569441147733,0.999992171263858,0.999992171263857,49.41359188092906,0.0,49.97326645175906,0.0,45.59503174895177,0.0,45.30181081444248,0.0,0.0,0.0,0.0,0.0,0.0,0.0
10.0,6.53117655882794,0.0039569951955866,0.0039569951920833,0.999992171061746,0.999992171061745,49.41359186294566,0.0,49.973266052029466,0.0,45.59503174415868,0.0,45.30181072983818,0.0,0.0,0.0,0.0,0.0,0.0,0.0
10.0,6.53142657132857,0.0039570462741218,0.0039570462706209,0.999992170859627,0.999992170859626,49.41359184496099,0.0,49.97326565228549,0.0,45.5950317393654,0.0,45.30181064523073,0.0,0.0,0.0,0.0,0.0,0.0,0.0
10.0,6.53167658382919,0.0039570973538845,0.0039570973503859,0.9999921706575,0.9999921706575,49.41359182697506,0.0,49.9732652525271,0.0,45.59503173457195,0.0,45.30181056062011,0.0,0.0,0.0,0.0,0.0,0.0,0.0
10.0,6.53192659632982,0.0039571484348747,0.0039571484313784,0.999992170455366,0.999992170455365,49.41359180898787,0.0,49.973264852754326,0.0,45.5950317297783,0.0,45.301810476006345,0.0,0.0,0.0,0.0,0.0,0.0,0.0
10.0,6.532176608830441,0.0039571995170922,0.0039571995135983,0.999992170253225,0.999992170253224,49.41359179099941,0.0,49.97326445296715,0.0,45.59503172498447,0.0,45.30181039138941,0.0,0.0,0.0,0.0,0.0,0.0,0.0
10.0,6.53242662133107,0.0039572506005372,0.0039572505970455,0.999992170051076,0.999992170051075,49.41359177300969,0.0,49.97326405316558,0.0,45.595031720190455,0.0,45.30181030676931,0.0,0.0,0.0,0.0,0.0,0.0,0.0
10.0,6.53267663383169,0.0039573016852093,0.00395730168172,0.999992169848919,0.999992169848918,49.41359175501872,0.0,49.97326365334961,0.0,45.595031715396246,0.0,45.30181022214606,0.0,0.0,0.0,0.0,0.0,0.0,0.0
10.0,6.53292664633232,0.0039573527711088,0.0039573527676217,0.999992169646755,0.999992169646754,49.41359173702647,0.0,49.97326325351925,0.0,45.59503171060186,0.0,45.301810137519645,0.0,0.0,0.0,0.0,0.0,0.0,0.0
10.0,6.53317665883294,0.0039574038582353,0.0039574038547506,0.999992169444583,0.999992169444583,49.41359171903298,0.0,49.97326285367449,0.0,45.59503170580729,0.0,45.30181005289008,0.0,0.0,0.0,0.0,0.0,0.0,0.0
10.0,6.53342667133357,0.003957454946589,0.0039574549431067,0.999992169242404,0.999992169242404,49.41359170103821,0.0,49.97326245381534,0.0,45.59503170101252,0.0,45.30180996825734,0.0,0.0,0.0,0.0,0.0,0.0,0.0
10.0,6.53367668383419,0.0039575060361698,0.0039575060326898,0.999992169040218,0.999992169040217,49.4135916830422,0.0,49.97326205394179,0.0,45.59503169621758,0.0,45.301809883621445,0.0,0.0,0.0,0.0,0.0,0.0,0.0
10.0,6.53392669633482,0.0039575571269776,0.0039575571234998,0.999992168838024,0.999992168838023,49.41359166504492,0.0,49.97326165405384,0.0,45.59503169142245,0.0,45.3018097989824,0.0,0.0,0.0,0.0,0.0,0.0,0.0
10.0,6.53417670883544,0.0039576082190123,0.0039576082155369,0.999992168635823,0.999992168635822,49.41359164704638,0.0,49.973261254151495,0.0,45.59503168662714,0.0,45.30180971434019,0.0,0.0,0.0,0.0,0.0,0.0,0.0
10.0,6.53442672133607,0.0039576593122739,0.0039576593088008,0.999992168433614,0.999992168433613,49.413591629046586,0.0,49.973260854234766,0.0,45.59503168183164,0.0,45.30180962969481,0.0,0.0,0.0,0.0,0.0,0.0,0.0
10.0,6.53467673383669,0.0039577104067624,0.0039577104032916,0.999992168231397,0.999992168231397,49.413591611045526,0.0,49.97326045430363,0.0,45.59503167703595,0.0,45.30180954504628,0.0,0.0,0.0,0.0,0.0,0.0,0.0
10.0,6.53492674633732,0.0039577615024776,0.0039577614990091,0.999992168029174,0.9999921680291728,49.41359159304321,0.0,49.97326005435811,0.0,45.59503167224008,0.0,45.30180946039459,0.0,0.0,0.0,0.0,0.0,0.0,0.0
10.0,6.53517675883794,0.0039578125994196,0.0039578125959534,0.9999921678269428,0.999992167826942,49.41359157503964,0.0,49.97325965439818,0.0,45.59503166744401,0.0,45.30180937573974,0.0,0.0,0.0,0.0,0.0,0.0,0.0
10.0,6.53542677133857,0.0039578636975882,0.0039578636941244,0.999992167624704,0.999992167624703,49.413591557034806,0.0,49.973259254423866,0.0,45.59503166264777,0.0,45.30180929108173,0.0,0.0,0.0,0.0,0.0,0.0,0.0
10.0,6.53567678383919,0.0039579147969835,0.003957914793522,0.999992167422458,0.999992167422457,49.41359153902872,0.0,49.97325885443515,0.0,45.595031657851344,0.0,45.301809206420565,0.0,0.0,0.0,0.0,0.0,0.0,0.0
10.0,6.53592679633982,0.0039579658976053,0.0039579658941461,0.999992167220204,0.9999921672202028,49.413591521021374,0.0,49.97325845443205,0.0,45.59503165305473,0.0,45.30180912175623,0.0,0.0,0.0,0.0,0.0,0.0,0.0
10.0,6.53617680884044,0.0039580169994536,0.0039580169959968,0.9999921670179432,0.999992167017942,49.41359150301276,0.0,49.97325805441455,0.0,45.59503164825792,0.0,45.30180903708874,0.0,0.0,0.0,0.0,0.0,0.0,0.0
10.0,6.53642682134107,0.0039580681025284,0.0039580680990739,0.999992166815674,0.9999921668156742,49.4135914850029,0.0,49.97325765438266,0.0,45.595031643460935,0.0,45.301808952418085,0.0,0.0,0.0,0.0,0.0,0.0,0.0
10.0,6.53667683384169,0.0039581192068296,0.0039581192033774,0.999992166613398,0.999992166613398,49.41359146699179,0.0,49.97325725433637,0.0,45.59503163866377,0.0,45.30180886774428,0.0,0.0,0.0,0.0,0.0,0.0,0.0
10.0,6.53692684634232,0.0039581703123571,0.0039581703089072,0.9999921664111152,0.999992166411114,49.41359144897941,0.0,49.97325685427568,0.0,45.59503163386641,0.0,45.30180878306731,0.0,0.0,0.0,0.0,0.0,0.0,0.0
10.0,6.53717685884294,0.0039582214191109,0.0039582214156633,0.999992166208824,0.999992166208823,49.41359143096579,0.0,49.9732564542006,0.0,45.59503162906886,0.0,45.301808698387184,0.0,0.0,0.0,0.0,0.0,0.0,0.0
10.0,6.53742687134357,0.0039582725270909,0.0039582725236457,0.999992166006526,0.999992166006525,49.4135914129509,0.0,49.97325605411113,0.0,45.59503162427114,0.0,45.3018086137039,0.0,0.0,0.0,0.0,0.0,0.0,0.0
10.0,6.537676883844189,0.0039583236362971,0.0039583236328542,0.99999216580422,0.9999921658042192,49.41359139493476,0.0,49.97325565400727,0.0,45.59503161947322,0.0,45.30180852901745,0.0,0.0,0.0,0.0,0.0,0.0,0.0
10.0,6.53792689634482,0.0039583747467295,0.0039583747432889,0.999992165601906,0.999992165601906,49.413591376917374,0.0,49.973255253889015,0.0,45.59503161467512,0.0,45.30180844432784,0.0,0.0,0.0,0.0,0.0,0.0,0.0
10.0,6.53817690884544,0.0039584258583879,0.0039584258549496,0.999992165399586,0.9999921653995848,49.41359135889872,0.0,49.97325485375635,0.0,45.595031609876834,0.0,45.30180835963508,0.0,0.0,0.0,0.0,0.0,0.0,0.0
10.0,6.53842692134607,0.0039584769712723,0.0039584769678363,0.9999921651972568,0.999992165197256,49.41359134087881,0.0,49.9732544536093,0.0,45.59503160507837,0.0,45.30180827493915,0.0,0.0,0.0,0.0,0.0,0.0,0.0
10.0,6.53867693384669,0.0039585280853827,0.003958528081949,0.999992164994922,0.999992164994921,49.413591322857656,0.0,49.97325405344786,0.0,45.5950316002797,0.0,45.30180819024006,0.0,0.0,0.0,0.0,0.0,0.0,0.0
10.0,6.53892694634732,0.0039585792007189,0.0039585791972876,0.999992164792578,0.999992164792578,49.41359130483524,0.0,49.97325365327203,0.0,45.59503159548087,0.0,45.30180810553782,0.0,0.0,0.0,0.0,0.0,0.0,0.0
10.0,6.53917695884794,0.003958630317281,0.003958630313852,0.999992164590228,0.9999921645902272,49.41359128681158,0.0,49.9732532530818,0.0,45.59503159068184,0.0,45.30180802083241,0.0,0.0,0.0,0.0,0.0,0.0,0.0
10.0,6.53942697134857,0.0039586814350689,0.0039586814316423,0.999992164387869,0.999992164387869,49.41359126878666,0.0,49.97325285287717,0.0,45.59503158588262,0.0,45.30180793612384,0.0,0.0,0.0,0.0,0.0,0.0,0.0
10.0,6.53967698384919,0.0039587325540826,0.0039587325506582,0.999992164185504,0.999992164185503,49.41359125076048,0.0,49.973252452658166,0.0,45.59503158108322,0.0,45.30180785141212,0.0,0.0,0.0,0.0,0.0,0.0,0.0
10.0,6.53992699634982,0.0039587836743219,0.0039587836708998,0.9999921639831312,0.99999216398313,49.41359123273306,0.0,49.97325205242476,0.0,45.59503157628364,0.0,45.301807766697245,0.0,0.0,0.0,0.0,0.0,0.0,0.0
10.0,6.54017700885044,0.0039588347957868,0.0039588347923671,0.99999216378075,0.99999216378075,49.41359121470438,0.0,49.97325165217696,0.0,45.595031571483865,0.0,45.30180768197919,0.0,0.0,0.0,0.0,0.0,0.0,0.0
10.0,6.54042702135107,0.0039588859184773,0.0039588859150599,0.999992163578362,0.999992163578362,49.41359119667446,0.0,49.97325125191477,0.0,45.59503156668392,0.0,45.301807597258,0.0,0.0,0.0,0.0,0.0,0.0,0.0
10.0,6.54067703385169,0.0039589370423933,0.0039589370389783,0.9999921633759672,0.999992163375966,49.41359117864327,0.0,49.97325085163817,0.0,45.59503156188377,0.0,45.30180751253363,0.0,0.0,0.0,0.0,0.0,0.0,0.0
10.0,6.54092704635232,0.0039589881675348,0.0039589881641221,0.999992163173564,0.999992163173563,49.41359116061085,0.0,49.9732504513472,0.0,45.595031557083445,0.0,45.3018074278061,0.0,0.0,0.0,0.0,0.0,0.0,0.0
10.0,6.54117705885294,0.0039590392939017,0.0039590392904913,0.999992162971154,0.999992162971153,49.413591142577154,0.0,49.973250051041816,0.0,45.59503155228293,0.0,45.301807343075424,0.0,0.0,0.0,0.0,0.0,0.0,0.0
10.0,6.54142707135357,0.0039590904214939,0.0039590904180858,0.999992162768736,0.999992162768735,49.41359112454223,0.0,49.97324965072206,0.0,45.59503154748223,0.0,45.301807258341576,0.0,0.0,0.0,0.0,0.0,0.0,0.0
10.0,6.54167708385419,0.0039591415503114,0.0039591415469056,0.99999216256631,0.99999216256631,49.41359110650604,0.0,49.9732492503879,0.0,45.59503154268136,0.0,45.30180717360458,0.0,0.0,0.0,0.0,0.0,0.0,0.0
10.0,6.54192709635482,0.0039591926803541,0.0039591926769507,0.999992162363878,0.9999921623638772,49.41359108846861,0.0,49.97324885003936,0.0,45.595031537880274,0.0,45.30180708886443,0.0,0.0,0.0,0.0,0.0,0.0,0.0
10.0,6.54217710885544,0.0039592438116221,0.0039592438082209,0.999992162161437,0.999992162161437,49.41359107042992,0.0,49.97324844967642,0.0,45.59503153307902,0.0,45.3018070041211,0.0,0.0,0.0,0.0,0.0,0.0,0.0
10.0,6.542427121356071,0.0039592949441151,0.0039592949407163,0.99999216195899,0.9999921619589892,49.41359105238999,0.0,49.97324804929908,0.0,45.59503152827758,0.0,45.30180691937462,0.0,0.0,0.0,0.0,0.0,0.0,0.0
10.0,6.54267713385669,0.0039593460778333,0.0039593460744368,0.999992161756535,0.9999921617565342,49.413591034348805,0.0,49.97324764890735,0.0,45.59503152347595,0.0,45.30180683462498,0.0,0.0,0.0,0.0,0.0,0.0,0.0
10.0,6.54292714635732,0.0039593972127764,0.0039593972093822,0.999992161554072,0.999992161554071,49.41359101630638,0.0,49.97324724850124,0.0,45.59503151867415,0.0,45.301806749872185,0.0,0.0,0.0,0.0,0.0,0.0,0.0
10.0,6.54317715885794,0.0039594483489445,0.0039594483455526,0.999992161351602,0.9999921613516012,49.41359099826269,0.0,49.97324684808073,0.0,45.59503151387215,0.0,45.30180666511623,0.0,0.0,0.0,0.0,0.0,0.0,0.0
10.0,6.54342717135857,0.0039594994863375,0.003959499482948,0.999992161149124,0.999992161149123,49.41359098021776,0.0,49.97324644764583,0.0,45.59503150906996,0.0,45.30180658035711,0.0,0.0,0.0,0.0,0.0,0.0,0.0
10.0,6.54367718385919,0.0039595506249553,0.0039595506215681,0.9999921609466388,0.999992160946638,49.41359096217158,0.0,49.97324604719653,0.0,45.5950315042676,0.0,45.30180649559483,0.0,0.0,0.0,0.0,0.0,0.0,0.0
10.0,6.54392719635982,0.003959601764798,0.0039596017614131,0.999992160744147,0.999992160744146,49.41359094412416,0.0,49.97324564673284,0.0,45.59503149946503,0.0,45.3018064108294,0.0,0.0,0.0,0.0,0.0,0.0,0.0
10.0,6.54417720886044,0.0039596529058654,0.0039596529024828,0.999992160541647,0.999992160541646,49.41359092607548,0.0,49.97324524625477,0.0,45.59503149466229,0.0,45.301806326060806,0.0,0.0,0.0,0.0,0.0,0.0,0.0
10.0,6.54442722136107,0.0039597040481574,0.0039597040447772,0.999992160339139,0.999992160339138,49.413590908025554,0.0,49.9732448457623,0.0,45.59503148985937,0.0,45.30180624128905,0.0,0.0,0.0,0.0,0.0,0.0,0.0
10.0,6.54467723386169,0.0039597551916741,0.0039597551882962,0.999992160136624,0.999992160136624,49.41359088997439,0.0,49.973244445255446,0.0,45.59503148505626,0.0,45.30180615651413,0.0,0.0,0.0,0.0,0.0,0.0,0.0
10.0,6.54492724636232,0.0039598063364154,0.0039598063330398,0.9999921599341018,0.999992159934101,49.41359087192197,0.0,49.973244044734194,0.0,45.59503148025296,0.0,45.30180607173606,0.0,0.0,0.0,0.0,0.0,0.0,0.0
10.0,6.54517725886294,0.0039598574823812,0.0039598574790079,0.999992159731572,0.9999921597315709,49.41359085386832,0.0,49.97324364419856,0.0,45.59503147544948,0.0,45.301805986954825,0.0,0.0,0.0,0.0,0.0,0.0,0.0
10.0,6.54542727136357,0.0039599086295715,0.0039599086262005,0.999992159529035,0.999992159529034,49.4135908358134,0.0,49.97324324364852,0.0,45.59503147064581,0.0,45.30180590217044,0.0,0.0,0.0,0.0,0.0,0.0,0.0
10.0,6.54567728386419,0.0039599597779861,0.0039599597746175,0.99999215932649,0.999992159326489,49.41359081775725,0.0,49.9732428430841,0.0,45.59503146584196,0.0,45.30180581738288,0.0,0.0,0.0,0.0,0.0,0.0,0.0
10.0,6.54592729636482,0.0039600109276251,0.0039600109242588,0.999992159123938,0.999992159123937,49.41359079969985,0.0,49.97324244250528,0.0,45.59503146103792,0.0,45.301805732592165,0.0,0.0,0.0,0.0,0.0,0.0,0.0
10.0,6.54617730886544,0.0039600620784884,0.0039600620751245,0.999992158921378,0.999992158921377,49.4135907816412,0.0,49.97324204191208,0.0,45.59503145623369,0.0,45.3018056477983,0.0,0.0,0.0,0.0,0.0,0.0,0.0
10.0,6.54642732136607,0.003960113230576,0.0039601132272143,0.9999921587188112,0.99999215871881,49.41359076358131,0.0,49.97324164130449,0.0,45.595031451429286,0.0,45.30180556300128,0.0,0.0,0.0,0.0,0.0,0.0,0.0
10.0,6.54667733386669,0.0039601643838877,0.0039601643805284,0.999992158516236,0.999992158516235,49.413590745520175,0.0,49.973241240682505,0.0,45.59503144662468,0.0,45.30180547820108,0.0,0.0,0.0,0.0,0.0,0.0,0.0
10.0,6.54692734636732,0.0039602155384236,0.0039602155350666,0.999992158313654,0.999992158313653,49.4135907274578,0.0,49.97324084004613,0.0,45.59503144181991,0.0,45.30180539339773,0.0,0.0,0.0,0.0,0.0,0.0,0.0
10.0,6.54717735886794,0.0039602666941835,0.0039602666908288,0.9999921581110652,0.999992158111064,49.41359070939417,0.0,49.97324043939537,0.0,45.59503143701494,0.0,45.30180530859122,0.0,0.0,0.0,0.0,0.0,0.0,0.0
10.0,6.54742737136857,0.0039603178511675,0.0039603178478151,0.999992157908468,0.9999921579084672,49.4135906913293,0.0,49.97324003873021,0.0,45.59503143220978,0.0,45.30180522378156,0.0,0.0,0.0,0.0,0.0,0.0,0.0
10.0,6.54767738386919,0.0039603690093754,0.0039603690060254,0.999992157705863,0.999992157705862,49.4135906732632,0.0,49.97323963805066,0.0,45.59503142740445,0.0,45.30180513896873,0.0,0.0,0.0,0.0,0.0,0.0,0.0
10.0,6.547927396369821,0.0039604201688072,0.0039604201654595,0.999992157503251,0.999992157503251,49.41359065519583,0.0,49.97323923735672,0.0,45.59503142259892,0.0,45.30180505415274,0.0,0.0,0.0,0.0,0.0,0.0,0.0
10.0,6.54817740887044,0.0039604713294629,0.0039604713261175,0.999992157300632,0.999992157300631,49.41359063712724,0.0,49.9732388366484,0.0,45.59503141779321,0.0,45.3018049693336,0.0,0.0,0.0,0.0,0.0,0.0,0.0
10.0,6.54842742137107,0.0039605224913424,0.0039605224879994,0.999992157098005,0.999992157098004,49.4135906190574,0.0,49.97323843592568,0.0,45.59503141298731,0.0,45.30180488451128,0.0,0.0,0.0,0.0,0.0,0.0,0.0
10.0,6.54867743387169,0.0039605736544457,0.0039605736511049,0.999992156895371,0.99999215689537,49.41359060098631,0.0,49.97323803518859,0.0,45.59503140818123,0.0,45.30180479968583,0.0,0.0,0.0,0.0,0.0,0.0,0.0
10.0,6.54892744637232,0.0039606248187726,0.0039606248154342,0.999992156692729,0.999992156692728,49.41359058291398,0.0,49.97323763443708,0.0,45.59503140337496,0.0,45.301804714857205,0.0,0.0,0.0,0.0,0.0,0.0,0.0
10.0,6.54917745887294,0.0039606759843232,0.003960675980987,0.9999921564900788,0.9999921564900788,49.41359056484041,0.0,49.973237233671206,0.0,45.59503139856852,0.0,45.30180463002543,0.0,0.0,0.0,0.0,0.0,0.0,0.0
10.0,6.54942747137357,0.0039607271510973,0.0039607271477635,0.999992156287423,0.999992156287422,49.4135905467656,0.0,49.973236832890926,0.0,45.59503139376188,0.0,45.30180454519048,0.0,0.0,0.0,0.0,0.0,0.0,0.0
10.0,6.54967748387419,0.0039607783190949,0.0039607783157635,0.999992156084759,0.999992156084758,49.41359052868956,0.0,49.973236432096265,0.0,45.59503138895505,0.0,45.30180446035239,0.0,0.0,0.0,0.0,0.0,0.0,0.0
10.0,6.54992749637482,0.0039608294883161,0.0039608294849869,0.999992155882087,0.999992155882086,49.41359051061226,0.0,49.97323603128721,0.0,45.59503138414804,0.0,45.30180437551112,0.0,0.0,0.0,0.0,0.0,0.0,0.0
10.0,6.550177508875441,0.0039608806587606,0.0039608806554338,0.999992155679408,0.999992155679407,49.41359049253373,0.0,49.973235630463776,0.0,45.595031379340845,0.0,45.301804290666695,0.0,0.0,0.0,0.0,0.0,0.0,0.0
10.0,6.55042752137607,0.0039609318304285,0.003960931827104,0.999992155476721,0.999992155476721,49.41359047445395,0.0,49.97323522962594,0.0,45.59503137453347,0.0,45.30180420581912,0.0,0.0,0.0,0.0,0.0,0.0,0.0
10.0,6.55067753387669,0.0039609830033197,0.0039609829999975,0.999992155274027,0.999992155274027,49.413590456372944,0.0,49.97323482877373,0.0,45.595031369725895,0.0,45.301804120968384,0.0,0.0,0.0,0.0,0.0,0.0,0.0
10.0,6.55092754637732,0.0039610341774342,0.0039610341741143,0.999992155071326,0.999992155071325,49.41359043829068,0.0,49.97323442790712,0.0,45.59503136491815,0.0,45.30180403611448,0.0,0.0,0.0,0.0,0.0,0.0,0.0
10.0,6.55117755887794,0.0039610853527718,0.0039610853494543,0.999992154868617,0.999992154868616,49.41359042020719,0.0,49.97323402702612,0.0,45.59503136011022,0.0,45.30180395125743,0.0,0.0,0.0,0.0,0.0,0.0,0.0
10.0,6.55142757137857,0.0039611365293326,0.0039611365260174,0.9999921546659,0.9999921546659,49.41359040212245,0.0,49.97323362613074,0.0,45.59503135530209,0.0,45.30180386639721,0.0,0.0,0.0,0.0,0.0,0.0,0.0
10.0,6.55167758387919,0.0039611877071164,0.0039611877038036,0.999992154463176,0.999992154463176,49.41359038403649,0.0,49.97323322522096,0.0,45.59503135049378,0.0,45.30180378153383,0.0,0.0,0.0,0.0,0.0,0.0,0.0
10.0,6.55192759637982,0.0039612388861233,0.0039612388828128,0.9999921542604449,0.999992154260444,49.41359036594928,0.0,49.9732328242968,0.0,45.595031345685285,0.0,45.3018036966673,0.0,0.0,0.0,0.0,0.0,0.0,0.0
10.0,6.55217760888044,0.0039612900663532,0.0039612900630449,0.999992154057706,0.999992154057706,49.41359034786082,0.0,49.973232423358255,0.0,45.5950313408766,0.0,45.3018036117976,0.0,0.0,0.0,0.0,0.0,0.0,0.0
10.0,6.55242762138107,0.003961341247806,0.0039613412445,0.99999215385496,0.9999921538549592,49.41359032977114,0.0,49.97323202240531,0.0,45.59503133606773,0.0,45.30180352692475,0.0,0.0,0.0,0.0,0.0,0.0,0.0
10.0,6.55267763388169,0.0039613924304816,0.003961392427178,0.999992153652206,0.999992153652206,49.4135903116802,0.0,49.97323162143799,0.0,45.595031331258696,0.0,45.30180344204874,0.0,0.0,0.0,0.0,0.0,0.0,0.0
10.0,6.55292764638232,0.00396144361438,0.0039614436110788,0.9999921534494448,0.999992153449444,49.41359029358805,0.0,49.97323122045628,0.0,45.59503132644945,0.0,45.30180335716957,0.0,0.0,0.0,0.0,0.0,0.0,0.0
10.0,6.55317765888294,0.0039614947995012,0.0039614947962023,0.999992153246676,0.999992153246676,49.41359027549465,0.0,49.97323081946017,0.0,45.59503132164003,0.0,45.30180327228723,0.0,0.0,0.0,0.0,0.0,0.0,0.0
10.0,6.553427671383569,0.0039615459858451,0.0039615459825485,0.9999921530439,0.9999921530439,49.4135902574,0.0,49.97323041844968,0.0,45.59503131683042,0.0,45.30180318740175,0.0,0.0,0.0,0.0,0.0,0.0,0.0
10.0,6.55367768388419,0.0039615971734116,0.0039615971701173,0.999992152841117,0.999992152841116,49.41359023930413,0.0,49.97323001742481,0.0,45.59503131202062,0.0,45.3018031025131,0.0,0.0,0.0,0.0,0.0,0.0,0.0
10.0,6.55392769638482,0.0039616483622007,0.0039616483589088,0.999992152638326,0.999992152638325,49.413590221207016,0.0,49.97322961638554,0.0,45.59503130721065,0.0,45.301803017621296,0.0,0.0,0.0,0.0,0.0,0.0,0.0
10.0,6.55417770888544,0.0039616995522124,0.0039616995489227,0.999992152435527,0.999992152435526,49.41359020310866,0.0,49.97322921533189,0.0,45.59503130240048,0.0,45.301802932726325,0.0,0.0,0.0,0.0,0.0,0.0,0.0
10.0,6.55442772138607,0.0039617507434465,0.0039617507401592,0.999992152232721,0.99999215223272,49.41359018500908,0.0,49.97322881426385,0.0,45.59503129759013,0.0,45.30180284782819,0.0,0.0,0.0,0.0,0.0,0.0,0.0
10.0,6.55467773388669,0.003961801935903,0.003961801932618,0.999992152029908,0.999992152029907,49.41359016690826,0.0,49.97322841318142,0.0,45.5950312927796,0.0,45.30180276292691,0.0,0.0,0.0,0.0,0.0,0.0,0.0
10.0,6.55492774638732,0.0039618531295819,0.0039618531262992,0.9999921518270872,0.999992151827086,49.4135901488062,0.0,49.97322801208461,0.0,45.59503128796887,0.0,45.30180267802248,0.0,0.0,0.0,0.0,0.0,0.0,0.0
10.0,6.55517775888794,0.0039619043244831,0.0039619043212028,0.999992151624258,0.999992151624258,49.413590130702914,0.0,49.97322761097341,0.0,45.59503128315796,0.0,45.30180259311487,0.0,0.0,0.0,0.0,0.0,0.0,0.0
10.0,6.55542777138857,0.0039619555206066,0.0039619555173285,0.9999921514214228,0.9999921514214218,49.41359011259839,0.0,49.97322720984781,0.0,45.59503127834687,0.0,45.301802508204105,0.0,0.0,0.0,0.0,0.0,0.0,0.0
10.0,6.555677783889191,0.0039620067179522,0.0039620067146765,0.999992151218579,0.999992151218578,49.41359009449262,0.0,49.97322680870784,0.0,45.59503127353559,0.0,45.30180242329018,0.0,0.0,0.0,0.0,0.0,0.0,0.0
10.0,6.55592779638982,0.00396205791652,0.0039620579132466,0.999992151015728,0.999992151015728,49.41359007638562,0.0,49.97322640755348,0.0,45.59503126872413,0.0,45.3018023383731,0.0,0.0,0.0,0.0,0.0,0.0,0.0
10.0,6.55617780889044,0.0039621091163099,0.0039621091130388,0.99999215081287,0.999992150812869,49.413590058277386,0.0,49.97322600638473,0.0,45.59503126391248,0.0,45.30180225345286,0.0,0.0,0.0,0.0,0.0,0.0,0.0
10.0,6.55642782139107,0.0039621603173219,0.0039621603140531,0.999992150610004,0.999992150610004,49.413590040167925,0.0,49.97322560520159,0.0,45.59503125910064,0.0,45.30180216852946,0.0,0.0,0.0,0.0,0.0,0.0,0.0
10.0,6.55667783389169,0.0039622115195558,0.0039622115162893,0.999992150407131,0.99999215040713,49.41359002205722,0.0,49.97322520400408,0.0,45.59503125428863,0.0,45.30180208360291,0.0,0.0,0.0,0.0,0.0,0.0,0.0
10.0,6.55692784639232,0.0039622627230116,0.0039622627197475,0.99999215020425,0.99999215020425,49.4135900039453,0.0,49.97322480279217,0.0,45.59503124947642,0.0,45.30180199867318,0.0,0.0,0.0,0.0,0.0,0.0,0.0
10.0,6.55717785889294,0.0039623139276893,0.0039623139244275,0.9999921500013628,0.999992150001362,49.41358998583213,0.0,49.97322440156587,0.0,45.59503124466403,0.0,45.30180191374031,0.0,0.0,0.0,0.0,0.0,0.0,0.0
10.0,6.55742787139357,0.0039623651335888,0.0039623651303293,0.999992149798467,0.999992149798466,49.41358996771773,0.0,49.97322400032519,0.0,45.59503123985144,0.0,45.301801828804265,0.0,0.0,0.0,0.0,0.0,0.0,0.0
10.0,6.55767788389419,0.00396241634071,0.0039624163374529,0.999992149595564,0.999992149595563,49.413589949602105,0.0,49.97322359907013,0.0,45.59503123503869,0.0,45.30180174386509,0.0,0.0,0.0,0.0,0.0,0.0,0.0
10.0,6.55792789639482,0.003962467549053,0.0039624675457981,0.999992149392653,0.999992149392653,49.413589931485234,0.0,49.97322319780067,0.0,45.595031230225736,0.0,45.30180165892273,0.0,0.0,0.0,0.0,0.0,0.0,0.0
10.0,6.55817790889544,0.0039625187586176,0.0039625187553651,0.999992149189735,0.999992149189735,49.41358991336715,0.0,49.97322279651684,0.0,45.595031225412605,0.0,45.301801573977215,0.0,0.0,0.0,0.0,0.0,0.0,0.0
10.0,6.55842792139607,0.0039625699694038,0.0039625699661536,0.99999214898681,0.999992148986809,49.413589895247824,0.0,49.97322239521861,0.0,45.59503122059928,0.0,45.30180148902854,0.0,0.0,0.0,0.0,0.0,0.0,0.0
10.0,6.55867793389669,0.0039626211814115,0.0039626211781636,0.999992148783877,0.999992148783876,49.41358987712727,0.0,49.973221993906,0.0,45.595031215785774,0.0,45.30180140407671,0.0,0.0,0.0,0.0,0.0,0.0,0.0
10.0,6.558927946397319,0.0039626723946407,0.0039626723913952,0.9999921485809368,0.999992148580936,49.41358985900548,0.0,49.973221592579,0.0,45.59503121097208,0.0,45.30180131912172,0.0,0.0,0.0,0.0,0.0,0.0,0.0
10.0,6.55917795889795,0.0039627236090914,0.0039627236058481,0.999992148377989,0.999992148377988,49.41358984088245,0.0,49.97322119123762,0.0,45.59503120615821,0.0,45.30180123416358,0.0,0.0,0.0,0.0,0.0,0.0,0.0
10.0,6.55942797139857,0.0039627748247634,0.0039627748215225,0.999992148175034,0.999992148175033,49.413589822758205,0.0,49.97322078988186,0.0,45.59503120134414,0.0,45.30180114920226,0.0,0.0,0.0,0.0,0.0,0.0,0.0
10.0,6.55967798389919,0.0039628260416567,0.0039628260384181,0.999992147972071,0.99999214797207,49.41358980463272,0.0,49.973220388511706,0.0,45.595031196529895,0.0,45.30180106423781,0.0,0.0,0.0,0.0,0.0,0.0,0.0
10.0,6.55992799639982,0.0039628772597713,0.003962877256535,0.999992147769101,0.9999921477691,49.413589786506016,0.0,49.97321998712717,0.0,45.59503119171546,0.0,45.301800979270176,0.0,0.0,0.0,0.0,0.0,0.0,0.0
10.0,6.56017800890045,0.0039629284791071,0.0039629284758731,0.9999921475661228,0.9999921475661228,49.41358976837807,0.0,49.973219585728245,0.0,45.59503118690083,0.0,45.30180089429939,0.0,0.0,0.0,0.0,0.0,0.0,0.0
10.0,6.56042802140107,0.003962979699664,0.0039629796964324,0.999992147363138,0.999992147363137,49.413589750248896,0.0,49.973219184314935,0.0,45.59503118208603,0.0,45.30180080932545,0.0,0.0,0.0,0.0,0.0,0.0,0.0
10.0,6.5606780339017,0.003963030921442,0.0039630309182128,0.999992147160146,0.999992147160145,49.4135897321185,0.0,49.97321878288725,0.0,45.595031177271046,0.0,45.301800724348354,0.0,0.0,0.0,0.0,0.0,0.0,0.0
10.0,6.56092804640232,0.0039630821444411,0.0039630821412142,0.999992146957146,0.999992146957145,49.41358971398687,0.0,49.97321838144517,0.0,45.59503117245587,0.0,45.30180063936808,0.0,0.0,0.0,0.0,0.0,0.0,0.0
10.0,6.561178058902939,0.0039631333686612,0.0039631333654365,0.999992146754138,0.999992146754137,49.41358969585401,0.0,49.97321797998871,0.0,45.59503116764051,0.0,45.30180055438467,0.0,0.0,0.0,0.0,0.0,0.0,0.0
10.0,6.56142807140357,0.0039631845941022,0.0039631845908798,0.999992146551123,0.999992146551122,49.413589677719926,0.0,49.97321757851786,0.0,45.59503116282495,0.0,45.30180046939808,0.0,0.0,0.0,0.0,0.0,0.0,0.0
10.0,6.5616780839042,0.003963235820764,0.003963235817544,0.999992146348101,0.9999921463481,49.41358965958461,0.0,49.97321717703263,0.0,45.59503115800923,0.0,45.30180038440834,0.0,0.0,0.0,0.0,0.0,0.0,0.0
10.0,6.56192809640482,0.0039632870486467,0.003963287045429,0.999992146145071,0.99999214614507,49.41358964144807,0.0,49.97321677553302,0.0,45.5950311531933,0.0,45.301800299415454,0.0,0.0,0.0,0.0,0.0,0.0,0.0
10.0,6.56217810890544,0.0039633382777501,0.0039633382745348,0.999992145942034,0.999992145942033,49.4135896233103,0.0,49.97321637401902,0.0,45.5950311483772,0.0,45.301800214419394,0.0,0.0,0.0,0.0,0.0,0.0,0.0
10.0,6.56242812140607,0.0039633895080743,0.0039633895048613,0.9999921457389892,0.999992145738988,49.4135896051713,0.0,49.97321597249063,0.0,45.59503114356091,0.0,45.30180012942019,0.0,0.0,0.0,0.0,0.0,0.0,0.0
10.0,6.5626781339067,0.0039634407396191,0.0039634407364084,0.9999921455359372,0.999992145535936,49.41358958703108,0.0,49.973215570947865,0.0,45.59503113874443,0.0,45.3018000444178,0.0,0.0,0.0,0.0,0.0,0.0,0.0
10.0,6.56292814640732,0.0039634919723845,0.0039634919691761,0.999992145332877,0.999992145332876,49.41358956888963,0.0,49.97321516939072,0.0,45.59503113392777,0.0,45.30179995941228,0.0,0.0,0.0,0.0,0.0,0.0,0.0
10.0,6.56317815890795,0.0039635432063704,0.0039635432031644,0.9999921451298088,0.9999921451298088,49.41358955074694,0.0,49.97321476781918,0.0,45.59503112911092,0.0,45.30179987440359,0.0,0.0,0.0,0.0,0.0,0.0,0.0
10.0,6.56342817140857,0.0039635944415769,0.0039635944383732,0.9999921449267348,0.9999921449267342,49.41358953260304,0.0,49.97321436623327,0.0,45.59503112429389,0.0,45.30179978939174,0.0,0.0,0.0,0.0,0.0,0.0,0.0
10.0,6.56367818390919,0.0039636456780037,0.0039636456748023,0.999992144723653,0.999992144723652,49.41358951445791,0.0,49.97321396463296,0.0,45.59503111947667,0.0,45.301799704376734,0.0,0.0,0.0,0.0,0.0,0.0,0.0
10.0,6.56392819640982,0.003963696915651,0.0039636969124519,0.999992144520563,0.999992144520563,49.41358949631155,0.0,49.97321356301828,0.0,45.59503111465927,0.0,45.30179961935856,0.0,0.0,0.0,0.0,0.0,0.0,0.0
10.0,6.56417820891045,0.0039637481545186,0.0039637481513218,0.999992144317466,0.999992144317465,49.41358947816396,0.0,49.9732131613892,0.0,45.59503110984168,0.0,45.30179953433724,0.0,0.0,0.0,0.0,0.0,0.0,0.0
10.0,6.56442822141107,0.0039637993946064,0.003963799391412,0.999992144114362,0.999992144114361,49.41358946001516,0.0,49.97321275974576,0.0,45.5950311050239,0.0,45.30179944931275,0.0,0.0,0.0,0.0,0.0,0.0,0.0
10.0,6.5646782339117,0.0039638506359144,0.0039638506327223,0.99999214391125,0.999992143911249,49.41358944186513,0.0,49.97321235808791,0.0,45.59503110020594,0.0,45.3017993642851,0.0,0.0,0.0,0.0,0.0,0.0,0.0
10.0,6.56492824641232,0.0039639018784427,0.0039639018752529,0.99999214370813,0.999992143708129,49.41358942371387,0.0,49.973211956415696,0.0,45.59503109538779,0.0,45.301799279254304,0.0,0.0,0.0,0.0,0.0,0.0,0.0
10.0,6.56517825891295,0.003963953122191,0.0039639531190035,0.999992143505003,0.999992143505002,49.41358940556139,0.0,49.97321155472909,0.0,45.59503109056946,0.0,45.30179919422034,0.0,0.0,0.0,0.0,0.0,0.0,0.0
10.0,6.56542827141357,0.0039640043671593,0.0039640043639742,0.9999921433018693,0.999992143301868,49.41358938740768,0.0,49.9732111530281,0.0,45.59503108575094,0.0,45.301799109183214,0.0,0.0,0.0,0.0,0.0,0.0,0.0
10.0,6.5656782839142,0.0039640556133477,0.0039640556101648,0.9999921430987272,0.9999921430987272,49.41358936925276,0.0,49.973210751312735,0.0,45.595031080932245,0.0,45.301799024142944,0.0,0.0,0.0,0.0,0.0,0.0,0.0
10.0,6.56592829641482,0.0039641068607559,0.0039641068575754,0.999992142895578,0.999992142895577,49.4135893510966,0.0,49.973210349582985,0.0,45.595031076113344,0.0,45.30179893909951,0.0,0.0,0.0,0.0,0.0,0.0,0.0
10.0,6.56617830891545,0.0039641581093841,0.0039641581062059,0.999992142692421,0.99999214269242,49.413589332939225,0.0,49.973209947838846,0.0,45.59503107129427,0.0,45.301798854052905,0.0,0.0,0.0,0.0,0.0,0.0,0.0
10.0,6.56642832141607,0.0039642093592321,0.0039642093560562,0.999992142489257,0.999992142489256,49.41358931478062,0.0,49.97320954608033,0.0,45.59503106647501,0.0,45.30179876900316,0.0,0.0,0.0,0.0,0.0,0.0,0.0
10.0,6.5666783339167,0.0039642606102999,0.0039642606071263,0.999992142286085,0.999992142286085,49.4135892966208,0.0,49.97320914430743,0.0,45.59503106165557,0.0,45.30179868395023,0.0,0.0,0.0,0.0,0.0,0.0,0.0
10.0,6.56692834641732,0.0039643118625873,0.0039643118594161,0.999992142082906,0.999992142082905,49.41358927845975,0.0,49.97320874252015,0.0,45.595031056835936,0.0,45.301798598894166,0.0,0.0,0.0,0.0,0.0,0.0,0.0
10.0,6.56717835891795,0.0039643631160945,0.0039643631129256,0.99999214187972,0.9999921418797189,49.41358926029748,0.0,49.973208340718486,0.0,45.595031052016125,0.0,45.30179851383493,0.0,0.0,0.0,0.0,0.0,0.0,0.0
10.0,6.56742837141857,0.0039644143708212,0.0039644143676546,0.999992141676526,0.999992141676525,49.41358924213399,0.0,49.97320793890244,0.0,45.59503104719612,0.0,45.30179842877254,0.0,0.0,0.0,0.0,0.0,0.0,0.0
10.0,6.5676783839192,0.0039644656267675,0.0039644656236033,0.999992141473324,0.999992141473323,49.41358922396928,0.0,49.973207537072014,0.0,45.59503104237593,0.0,45.30179834370699,0.0,0.0,0.0,0.0,0.0,0.0,0.0
10.0,6.56792839641982,0.0039645168839333,0.0039645168807714,0.999992141270115,0.999992141270114,49.41358920580334,0.0,49.9732071352272,0.0,45.59503103755556,0.0,45.30179825863828,0.0,0.0,0.0,0.0,0.0,0.0,0.0
10.0,6.56817840892045,0.0039645681423185,0.0039645681391589,0.999992141066898,0.999992141066898,49.41358918763618,0.0,49.973206733368,0.0,45.59503103273499,0.0,45.30179817356642,0.0,0.0,0.0,0.0,0.0,0.0,0.0
10.0,6.56842842142107,0.0039646194019231,0.0039646193987659,0.9999921408636742,0.9999921408636742,49.41358916946781,0.0,49.97320633149443,0.0,45.59503102791425,0.0,45.3017980884914,0.0,0.0,0.0,0.0,0.0,0.0,0.0
10.0,6.5686784339217,0.0039646706627471,0.0039646706595921,0.999992140660443,0.999992140660443,49.41358915129821,0.0,49.97320592960648,0.0,45.59503102309332,0.0,45.30179800341321,0.0,0.0,0.0,0.0,0.0,0.0,0.0
10.0,6.56892844642232,0.0039647219247903,0.0039647219216377,0.999992140457205,0.999992140457204,49.41358913312739,0.0,49.97320552770415,0.0,45.5950310182722,0.0,45.30179791833186,0.0,0.0,0.0,0.0,0.0,0.0,0.0
10.0,6.569178458922951,0.0039647731880527,0.0039647731849024,0.999992140253958,0.999992140253957,49.41358911495535,0.0,49.97320512578742,0.0,45.59503101345089,0.0,45.30179783324736,0.0,0.0,0.0,0.0,0.0,0.0,0.0
10.0,6.56942847142357,0.0039648244525343,0.0039648244493864,0.999992140050704,0.999992140050704,49.4135890967821,0.0,49.97320472385632,0.0,45.59503100862941,0.0,45.30179774815971,0.0,0.0,0.0,0.0,0.0,0.0,0.0
10.0,6.5696784839242,0.0039648757182351,0.0039648757150894,0.9999921398474432,0.999992139847442,49.41358907860761,0.0,49.97320432191084,0.0,45.59503100380773,0.0,45.301797663068896,0.0,0.0,0.0,0.0,0.0,0.0,0.0
10.0,6.56992849642482,0.0039649269851548,0.0039649269820115,0.999992139644175,0.999992139644174,49.41358906043192,0.0,49.97320391995098,0.0,45.59503099898588,0.0,45.30179757797491,0.0,0.0,0.0,0.0,0.0,0.0,0.0
10.0,6.57017850892545,0.0039649782532936,0.0039649782501526,0.999992139440899,0.999992139440898,49.413589042255,0.0,49.97320351797674,0.0,45.59503099416384,0.0,45.301797492877775,0.0,0.0,0.0,0.0,0.0,0.0,0.0
10.0,6.57042852142607,0.0039650295226513,0.0039650295195126,0.999992139237615,0.999992139237614,49.413589024076856,0.0,49.9732031159881,0.0,45.5950309893416,0.0,45.301797407777485,0.0,0.0,0.0,0.0,0.0,0.0,0.0
10.0,6.5706785339267,0.0039650807932279,0.0039650807900915,0.999992139034324,0.999992139034323,49.4135890058975,0.0,49.9732027139851,0.0,45.595030984519184,0.0,45.30179732267403,0.0,0.0,0.0,0.0,0.0,0.0,0.0
10.0,6.57092854642732,0.0039651320650234,0.0039651320618893,0.999992138831025,0.999992138831025,49.41358898771693,0.0,49.97320231196771,0.0,45.595030979696574,0.0,45.30179723756741,0.0,0.0,0.0,0.0,0.0,0.0,0.0
10.0,6.57117855892795,0.0039651833380376,0.0039651833349058,0.9999921386277189,0.999992138627719,49.41358896953514,0.0,49.97320190993595,0.0,45.595030974873794,0.0,45.30179715245764,0.0,0.0,0.0,0.0,0.0,0.0,0.0
10.0,6.571428571428571,0.0039652346122705,0.0039652346091411,0.999992138424406,0.999992138424405,49.413588951352125,0.0,49.9732015078898,0.0,45.59503097005083,0.0,45.30179706734472,0.0,0.0,0.0,0.0,0.0,0.0,0.0
10.0,6.5716785839292,0.0039652858877221,0.003965285884595,0.9999921382210848,0.999992138221084,49.4135889331679,0.0,49.97320110582928,0.0,45.59503096522766,0.0,45.30179698222862,0.0,0.0,0.0,0.0,0.0,0.0,0.0
10.0,6.57192859642982,0.0039653371643923,0.0039653371612676,0.9999921380177568,0.999992138017756,49.413588914982455,0.0,49.973200703754365,0.0,45.59503096040432,0.0,45.30179689710938,0.0,0.0,0.0,0.0,0.0,0.0,0.0
10.0,6.57217860893045,0.0039653884422811,0.0039653884391587,0.999992137814421,0.99999213781442,49.41358889679579,0.0,49.973200301665074,0.0,45.59503095558079,0.0,45.301796811986975,0.0,0.0,0.0,0.0,0.0,0.0,0.0
10.0,6.57242862143107,0.0039654397213884,0.0039654397182683,0.999992137611078,0.9999921376110772,49.413588878607904,0.0,49.9731998995614,0.0,45.59503095075707,0.0,45.30179672686141,0.0,0.0,0.0,0.0,0.0,0.0,0.0
10.0,6.5726786339317,0.0039654910017141,0.0039654909985963,0.999992137407727,0.999992137407726,49.41358886041881,0.0,49.97319949744335,0.0,45.595030945933175,0.0,45.301796641732686,0.0,0.0,0.0,0.0,0.0,0.0,0.0
10.0,6.57292864643232,0.0039655422832583,0.0039655422801428,0.999992137204369,0.999992137204368,49.41358884222849,0.0,49.973199095310925,0.0,45.59503094110908,0.0,45.30179655660081,0.0,0.0,0.0,0.0,0.0,0.0,0.0
10.0,6.57317865893295,0.0039655935660207,0.0039655935629076,0.999992137001003,0.999992137001002,49.41358882403696,0.0,49.97319869316412,0.0,45.59503093628481,0.0,45.30179647146577,0.0,0.0,0.0,0.0,0.0,0.0,0.0
10.0,6.57342867143357,0.0039656448500015,0.0039656448468906,0.99999213679763,0.999992136797629,49.41358880584422,0.0,49.97319829100293,0.0,45.59503093146035,0.0,45.30179638632757,0.0,0.0,0.0,0.0,0.0,0.0,0.0
10.0,6.5736786839342,0.0039656961352004,0.0039656961320919,0.999992136594249,0.999992136594249,49.41358878765026,0.0,49.97319788882736,0.0,45.5950309266357,0.0,45.301796301186215,0.0,0.0,0.0,0.0,0.0,0.0,0.0
10.0,6.57392869643482,0.0039657474216176,0.0039657474185114,0.999992136390861,0.999992136390861,49.41358876945509,0.0,49.9731974866374,0.0,45.59503092181088,0.0,45.3017962160417,0.0,0.0,0.0,0.0,0.0,0.0,0.0
10.0,6.57417870893545,0.0039657987092529,0.003965798706149,0.999992136187466,0.999992136187465,49.41358875125869,0.0,49.97319708443308,0.0,45.59503091698586,0.0,45.301796130894026,0.0,0.0,0.0,0.0,0.0,0.0,0.0
10.0,6.57442872143607,0.0039658499981062,0.0039658499950046,0.999992135984063,0.999992135984062,49.41358873306109,0.0,49.97319668221438,0.0,45.59503091216066,0.0,45.3017960457432,0.0,0.0,0.0,0.0,0.0,0.0,0.0
10.0,6.574678733936699,0.0039659012881775,0.0039659012850783,0.999992135780652,0.999992135780652,49.41358871486227,0.0,49.97319627998129,0.0,45.59503090733528,0.0,45.30179596058921,0.0,0.0,0.0,0.0,0.0,0.0,0.0
10.0,6.57492874643732,0.0039659525794668,0.0039659525763699,0.999992135577234,0.999992135577234,49.41358869666223,0.0,49.973195877733815,0.0,45.595030902509706,0.0,45.30179587543206,0.0,0.0,0.0,0.0,0.0,0.0,0.0
10.0,6.57517875893795,0.003966003871974,0.0039660038688794,0.999992135373809,0.999992135373808,49.41358867846098,0.0,49.97319547547197,0.0,45.59503089768395,0.0,45.30179579027176,0.0,0.0,0.0,0.0,0.0,0.0,0.0
10.0,6.57542877143857,0.003966055165699,0.0039660551626068,0.999992135170376,0.999992135170376,49.413588660258526,0.0,49.97319507319574,0.0,45.595030892858006,0.0,45.30179570510828,0.0,0.0,0.0,0.0,0.0,0.0,0.0
10.0,6.5756787839392,0.0039661064606418,0.0039661064575519,0.999992134966936,0.999992134966935,49.41358864205484,0.0,49.97319467090514,0.0,45.59503088803188,0.0,45.301795619941664,0.0,0.0,0.0,0.0,0.0,0.0,0.0
10.0,6.57592879643982,0.0039661577568024,0.0039661577537148,0.999992134763488,0.999992134763488,49.41358862384995,0.0,49.97319426860016,0.0,45.59503088320556,0.0,45.30179553477188,0.0,0.0,0.0,0.0,0.0,0.0,0.0
10.0,6.57617880894045,0.0039662090541806,0.0039662090510953,0.9999921345600328,0.9999921345600328,49.41358860564385,0.0,49.97319386628081,0.0,45.59503087837906,0.0,45.30179544959893,0.0,0.0,0.0,0.0,0.0,0.0,0.0
10.0,6.57642882144107,0.0039662603527765,0.0039662603496935,0.999992134356571,0.99999213435657,49.41358858743652,0.0,49.97319346394706,0.0,45.595030873552375,0.0,45.30179536442284,0.0,0.0,0.0,0.0,0.0,0.0,0.0
10.0,6.5766788339417,0.0039663116525899,0.0039663116495092,0.9999921341531,0.9999921341531,49.413588569228,0.0,49.97319306159895,0.0,45.5950308687255,0.0,45.30179527924358,0.0,0.0,0.0,0.0,0.0,0.0,0.0
10.0,6.57692884644232,0.0039663629536208,0.0039663629505425,0.999992133949623,0.999992133949622,49.41358855101825,0.0,49.973192659236446,0.0,45.59503086389845,0.0,45.30179519406117,0.0,0.0,0.0,0.0,0.0,0.0,0.0
10.0,6.57717885894295,0.0039664142558692,0.0039664142527932,0.999992133746138,0.999992133746137,49.4135885328073,0.0,49.97319225685957,0.0,45.5950308590712,0.0,45.3017951088756,0.0,0.0,0.0,0.0,0.0,0.0,0.0
10.0,6.57742887144357,0.003966465559335,0.0039664655562613,0.999992133542645,0.9999921335426442,49.41358851459514,0.0,49.973191854468325,0.0,45.595030854243774,0.0,45.30179502368686,0.0,0.0,0.0,0.0,0.0,0.0,0.0
10.0,6.5776788839442,0.0039665168640181,0.0039665168609467,0.999992133339145,0.999992133339145,49.41358849638176,0.0,49.97319145206269,0.0,45.59503084941616,0.0,45.30179493849496,0.0,0.0,0.0,0.0,0.0,0.0,0.0
10.0,6.57792889644482,0.0039665681699185,0.0039665681668495,0.999992133135638,0.999992133135637,49.41358847816717,0.0,49.97319104964268,0.0,45.595030844588365,0.0,45.30179485329992,0.0,0.0,0.0,0.0,0.0,0.0,0.0
10.0,6.57817890894545,0.0039666194770362,0.0039666194739695,0.9999921329321232,0.999992132932122,49.41358845995136,0.0,49.97319064720829,0.0,45.595030839760376,0.0,45.30179476810171,0.0,0.0,0.0,0.0,0.0,0.0,0.0
10.0,6.57842892144607,0.003966670785371,0.0039666707823066,0.999992132728601,0.9999921327286,49.41358844173436,0.0,49.97319024475953,0.0,45.5950308349322,0.0,45.30179468290034,0.0,0.0,0.0,0.0,0.0,0.0,0.0
10.0,6.5786789339467,0.003966722094923,0.0039667220918609,0.999992132525071,0.99999213252507,49.41358842351613,0.0,49.97318984229639,0.0,45.595030830103845,0.0,45.30179459769582,0.0,0.0,0.0,0.0,0.0,0.0,0.0
10.0,6.57892894644732,0.003966773405692,0.0039667734026323,0.999992132321534,0.999992132321533,49.4135884052967,0.0,49.97318943981887,0.0,45.59503082527531,0.0,45.30179451248813,0.0,0.0,0.0,0.0,0.0,0.0,0.0
10.0,6.57917895894795,0.0039668247176781,0.0039668247146207,0.999992132117989,0.999992132117988,49.41358838707606,0.0,49.97318903732697,0.0,45.59503082044658,0.0,45.301794427277294,0.0,0.0,0.0,0.0,0.0,0.0,0.0
10.0,6.57942897144857,0.0039668760308811,0.003966876027826,0.999992131914437,0.999992131914436,49.41358836885421,0.0,49.97318863482069,0.0,45.59503081561766,0.0,45.30179434206329,0.0,0.0,0.0,0.0,0.0,0.0,0.0
10.0,6.5796789839492,0.003966927345301,0.0039669273422482,0.999992131710877,0.999992131710876,49.41358835063115,0.0,49.97318823230004,0.0,45.595030810788565,0.0,45.30179425684613,0.0,0.0,0.0,0.0,0.0,0.0,0.0
10.0,6.57992899644982,0.0039669786609378,0.0039669786578873,0.99999213150731,0.999992131507309,49.41358833240688,0.0,49.97318782976501,0.0,45.59503080595928,0.0,45.301794171625815,0.0,0.0,0.0,0.0,0.0,0.0,0.0
10.0,6.58017900895045,0.0039670299777914,0.0039670299747432,0.999992131303735,0.999992131303735,49.4135883141814,0.0,49.973187427215606,0.0,45.5950308011298,0.0,45.30179408640234,0.0,0.0,0.0,0.0,0.0,0.0,0.0
10.0,6.58042902145107,0.0039670812958617,0.0039670812928159,0.999992131100154,0.999992131100153,49.4135882959547,0.0,49.97318702465182,0.0,45.59503079630015,0.0,45.30179400117571,0.0,0.0,0.0,0.0,0.0,0.0,0.0
10.0,6.5806790339517,0.0039671326151487,0.0039671326121052,0.999992130896564,0.999992130896563,49.4135882777268,0.0,49.97318662207366,0.0,45.59503079147031,0.0,45.30179391594591,0.0,0.0,0.0,0.0,0.0,0.0,0.0
10.0,6.58092904645232,0.0039671839356523,0.0039671839326111,0.999992130692967,0.999992130692966,49.4135882594977,0.0,49.97318621948112,0.0,45.59503078664029,0.0,45.30179383071296,0.0,0.0,0.0,0.0,0.0,0.0,0.0
10.0,6.58117905895295,0.0039672352573725,0.0039672352543337,0.999992130489363,0.999992130489362,49.41358824126738,0.0,49.97318581687421,0.0,45.59503078181007,0.0,45.30179374547686,0.0,0.0,0.0,0.0,0.0,0.0,0.0
10.0,6.58142907145357,0.0039672865803093,0.0039672865772727,0.999992130285751,0.99999213028575,49.41358822303586,0.0,49.97318541425292,0.0,45.59503077697967,0.0,45.30179366023759,0.0,0.0,0.0,0.0,0.0,0.0,0.0
10.0,6.5816790839542,0.0039673379044624,0.0039673379014282,0.9999921300821318,0.9999921300821308,49.413588204803126,0.0,49.97318501161725,0.0,45.59503077214908,0.0,45.30179357499516,0.0,0.0,0.0,0.0,0.0,0.0,0.0
10.0,6.58192909645482,0.003967389229832,0.0039673892268001,0.999992129878504,0.999992129878504,49.41358818656919,0.0,49.97318460896721,0.0,45.59503076731832,0.0,45.30179348974958,0.0,0.0,0.0,0.0,0.0,0.0,0.0
10.0,6.58217910895545,0.003967440556418,0.0039674405533884,0.9999921296748698,0.99999212967487,49.41358816833405,0.0,49.973184206302776,0.0,45.59503076248736,0.0,45.30179340450084,0.0,0.0,0.0,0.0,0.0,0.0,0.0
10.0,6.5824291214560695,0.0039674918842203,0.003967491881193,0.999992129471229,0.999992129471228,49.413588150097695,0.0,49.97318380362399,0.0,45.59503075765621,0.0,45.30179331924894,0.0,0.0,0.0,0.0,0.0,0.0,0.0
10.0,6.5826791339567,0.0039675432132388,0.0039675432102138,0.99999212926758,0.999992129267579,49.41358813186013,0.0,49.973183400930814,0.0,45.5950307528249,0.0,45.30179323399388,0.0,0.0,0.0,0.0,0.0,0.0,0.0
10.0,6.58292914645732,0.0039675945434735,0.0039675945404509,0.9999921290639232,0.999992129063922,49.41358811362137,0.0,49.97318299822327,0.0,45.59503074799338,0.0,45.30179314873566,0.0,0.0,0.0,0.0,0.0,0.0,0.0
10.0,6.58317915895795,0.0039676458749243,0.003967645871904,0.9999921288602592,0.999992128860258,49.4135880953814,0.0,49.97318259550134,0.0,45.59503074316168,0.0,45.301793063474285,0.0,0.0,0.0,0.0,0.0,0.0,0.0
10.0,6.58342917145857,0.0039676972075912,0.0039676972045732,0.999992128656587,0.999992128656587,49.41358807714023,0.0,49.97318219276504,0.0,45.5950307383298,0.0,45.30179297820976,0.0,0.0,0.0,0.0,0.0,0.0,0.0
10.0,6.5836791839592,0.0039677485414741,0.0039677485384585,0.999992128452908,0.999992128452908,49.41358805889784,0.0,49.973181790014365,0.0,45.59503073349773,0.0,45.30179289294206,0.0,0.0,0.0,0.0,0.0,0.0,0.0
10.0,6.58392919645982,0.0039677998765731,0.0039677998735597,0.999992128249222,0.999992128249221,49.41358804065425,0.0,49.97318138724931,0.0,45.59503072866548,0.0,45.30179280767121,0.0,0.0,0.0,0.0,0.0,0.0,0.0
10.0,6.58417920896045,0.0039678512128879,0.0039678512098769,0.999992128045528,0.999992128045527,49.41358802240946,0.0,49.97318098446989,0.0,45.59503072383303,0.0,45.3017927223972,0.0,0.0,0.0,0.0,0.0,0.0,0.0
10.0,6.58442922146107,0.0039679025504186,0.0039679025474099,0.999992127841827,0.999992127841826,49.41358800416346,0.0,49.97318058167608,0.0,45.5950307190004,0.0,45.30179263712004,0.0,0.0,0.0,0.0,0.0,0.0,0.0
10.0,6.5846792339617,0.0039679538891651,0.0039679538861587,0.999992127638118,0.999992127638117,49.41358798591625,0.0,49.97318017886791,0.0,45.59503071416759,0.0,45.30179255183972,0.0,0.0,0.0,0.0,0.0,0.0,0.0
10.0,6.58492924646232,0.0039680052291273,0.0039680052261232,0.999992127434401,0.999992127434401,49.41358796766785,0.0,49.97317977604536,0.0,45.595030709334594,0.0,45.30179246655623,0.0,0.0,0.0,0.0,0.0,0.0,0.0
10.0,6.58517925896295,0.0039680565703052,0.0039680565673035,0.999992127230678,0.999992127230677,49.41358794941824,0.0,49.97317937320842,0.0,45.59503070450141,0.0,45.30179238126959,0.0,0.0,0.0,0.0,0.0,0.0,0.0
10.0,6.58542927146357,0.0039681079126988,0.0039681079096994,0.999992127026946,0.999992127026946,49.41358793116741,0.0,49.973178970357125,0.0,45.59503069966805,0.0,45.3017922959798,0.0,0.0,0.0,0.0,0.0,0.0,0.0
10.0,6.5856792839642,0.003968159256308,0.0039681592533109,0.999992126823208,0.9999921268232068,49.4135879129154,0.0,49.97317856749145,0.0,45.595030694834485,0.0,45.301792210686834,0.0,0.0,0.0,0.0,0.0,0.0,0.0
10.0,6.58592929646482,0.0039682106011327,0.0039682105981379,0.999992126619462,0.999992126619461,49.41358789466218,0.0,49.97317816461139,0.0,45.59503069000074,0.0,45.301792125390726,0.0,0.0,0.0,0.0,0.0,0.0,0.0
10.0,6.58617930896545,0.0039682619471728,0.0039682619441804,0.999992126415708,0.999992126415707,49.41358787640775,0.0,49.97317776171696,0.0,45.59503068516682,0.0,45.30179204009145,0.0,0.0,0.0,0.0,0.0,0.0,0.0
10.0,6.58642932146607,0.0039683132944284,0.0039683132914383,0.9999921262119468,0.999992126211946,49.41358785815213,0.0,49.97317735880815,0.0,45.59503068033271,0.0,45.301791954789024,0.0,0.0,0.0,0.0,0.0,0.0,0.0
10.0,6.5866793339667,0.0039683646428994,0.0039683646399116,0.9999921260081792,0.999992126008178,49.41358783989529,0.0,49.97317695588499,0.0,45.59503067549841,0.0,45.301791869483424,0.0,0.0,0.0,0.0,0.0,0.0,0.0
10.0,6.58692934646732,0.0039684159925856,0.0039684159896001,0.999992125804403,0.999992125804402,49.41358782163726,0.0,49.97317655294743,0.0,45.59503067066393,0.0,45.30179178417468,0.0,0.0,0.0,0.0,0.0,0.0,0.0
10.0,6.587179358967951,0.0039684673434871,0.003968467340504,0.9999921256006192,0.999992125600618,49.41358780337802,0.0,49.97317614999551,0.0,45.59503066582926,0.0,45.30179169886278,0.0,0.0,0.0,0.0,0.0,0.0,0.0
10.0,6.58742937146857,0.0039685186956039,0.003968518692623,0.999992125396828,0.9999921253968268,49.41358778511758,0.0,49.97317574702921,0.0,45.5950306609944,0.0,45.301791613547714,0.0,0.0,0.0,0.0,0.0,0.0,0.0
10.0,6.5876793839692,0.0039685700489357,0.0039685700459572,0.99999212519303,0.999992125193029,49.41358776685594,0.0,49.973175344048535,0.0,45.595030656159366,0.0,45.30179152822949,0.0,0.0,0.0,0.0,0.0,0.0,0.0
10.0,6.5879293964698205,0.0039686214034827,0.0039686214005065,0.999992124989224,0.999992124989223,49.413587748593095,0.0,49.973174941053486,0.0,45.59503065132414,0.0,45.30179144290812,0.0,0.0,0.0,0.0,0.0,0.0,0.0
10.0,6.58817940897045,0.0039686727592447,0.0039686727562708,0.9999921247854112,0.99999212478541,49.413587730329056,0.0,49.97317453804406,0.0,45.59503064648873,0.0,45.301791357583575,0.0,0.0,0.0,0.0,0.0,0.0,0.0
10.0,6.58842942147107,0.0039687241162216,0.0039687241132501,0.99999212458159,0.999992124581589,49.41358771206381,0.0,49.973174135020265,0.0,45.59503064165313,0.0,45.30179127225588,0.0,0.0,0.0,0.0,0.0,0.0,0.0
10.0,6.5886794339717,0.0039687754744135,0.0039687754714443,0.999992124377762,0.9999921243777607,49.41358769379736,0.0,49.97317373198209,0.0,45.59503063681735,0.0,45.30179118692502,0.0,0.0,0.0,0.0,0.0,0.0,0.0
10.0,6.58892944647232,0.0039688268338203,0.0039688268308534,0.999992124173926,0.999992124173925,49.41358767552972,0.0,49.97317332892955,0.0,45.59503063198137,0.0,45.30179110159101,0.0,0.0,0.0,0.0,0.0,0.0,0.0
10.0,6.58917945897295,0.0039688781944419,0.0039688781914773,0.999992123970083,0.999992123970082,49.41358765726087,0.0,49.97317292586264,0.0,45.59503062714523,0.0,45.30179101625384,0.0,0.0,0.0,0.0,0.0,0.0,0.0
10.0,6.58942947147357,0.0039689295562782,0.0039689295533159,0.999992123766232,0.999992123766232,49.413587638990826,0.0,49.97317252278135,0.0,45.59503062230889,0.0,45.30179093091351,0.0,0.0,0.0,0.0,0.0,0.0,0.0
10.0,6.5896794839742,0.0039689809193292,0.0039689809163693,0.999992123562375,0.999992123562374,49.41358762071958,0.0,49.973172119685685,0.0,45.59503061747237,0.0,45.30179084557003,0.0,0.0,0.0,0.0,0.0,0.0,0.0
10.0,6.58992949647482,0.0039690322835949,0.0039690322806373,0.9999921233585092,0.999992123358508,49.41358760244713,0.0,49.97317171657564,0.0,45.59503061263565,0.0,45.30179076022339,0.0,0.0,0.0,0.0,0.0,0.0,0.0
10.0,6.59017950897545,0.0039690836490752,0.0039690836461199,0.999992123154636,0.999992123154635,49.41358758417349,0.0,49.97317131345123,0.0,45.59503060779876,0.0,45.30179067487358,0.0,0.0,0.0,0.0,0.0,0.0,0.0
10.0,6.59042952147607,0.0039691350157701,0.0039691350128171,0.999992122950756,0.9999921229507548,49.413587565898645,0.0,49.97317091031245,0.0,45.59503060296167,0.0,45.30179058952062,0.0,0.0,0.0,0.0,0.0,0.0,0.0
10.0,6.5906795339767,0.0039691863836794,0.0039691863807287,0.999992122746868,0.999992122746867,49.4135875476226,0.0,49.973170507159296,0.0,45.59503059812441,0.0,45.3017905041645,0.0,0.0,0.0,0.0,0.0,0.0,0.0
10.0,6.59092954647732,0.0039692377528031,0.0039692377498548,0.999992122542972,0.999992122542972,49.41358752934536,0.0,49.97317010399176,0.0,45.59503059328695,0.0,45.30179041880523,0.0,0.0,0.0,0.0,0.0,0.0,0.0
10.0,6.591179558977949,0.0039692891231412,0.0039692891201952,0.99999212233907,0.999992122339069,49.41358751106692,0.0,49.97316970080987,0.0,45.59503058844931,0.0,45.3017903334428,0.0,0.0,0.0,0.0,0.0,0.0,0.0
10.0,6.59142957147857,0.0039693404946937,0.00396934049175,0.999992122135159,0.999992122135159,49.41358749278727,0.0,49.97316929761359,0.0,45.59503058361149,0.0,45.3017902480772,0.0,0.0,0.0,0.0,0.0,0.0,0.0
10.0,6.5916795839792,0.0039693918674604,0.003969391864519,0.999992121931242,0.999992121931241,49.41358747450644,0.0,49.97316889440294,0.0,45.59503057877348,0.0,45.30179016270845,0.0,0.0,0.0,0.0,0.0,0.0,0.0
10.0,6.59192959647982,0.0039694432414413,0.0039694432385022,0.9999921217273172,0.999992121727316,49.41358745622441,0.0,49.97316849117792,0.0,45.59503057393528,0.0,45.30179007733654,0.0,0.0,0.0,0.0,0.0,0.0,0.0
10.0,6.59217960898045,0.0039694946166364,0.0039694946136996,0.999992121523384,0.999992121523383,49.41358743794117,0.0,49.97316808793853,0.0,45.59503056909689,0.0,45.30178999196148,0.0,0.0,0.0,0.0,0.0,0.0,0.0
10.0,6.59242962148107,0.0039695459930455,0.0039695459901111,0.999992121319444,0.999992121319443,49.41358741965674,0.0,49.973167684684775,0.0,45.59503056425833,0.0,45.30178990658326,0.0,0.0,0.0,0.0,0.0,0.0,0.0
10.0,6.592679633981701,0.0039695973706688,0.0039695973677366,0.999992121115496,0.999992121115496,49.41358740137112,0.0,49.97316728141664,0.0,45.595030559419584,0.0,45.30178982120187,0.0,0.0,0.0,0.0,0.0,0.0,0.0
10.0,6.59292964648232,0.003969648749506,0.0039696487465762,0.999992120911542,0.9999921209115412,49.4135873830843,0.0,49.97316687813413,0.0,45.595030554580646,0.0,45.30178973581733,0.0,0.0,0.0,0.0,0.0,0.0,0.0
10.0,6.59317965898295,0.0039697001295571,0.0039697001266296,0.9999921207075791,0.999992120707578,49.41358736479628,0.0,49.97316647483724,0.0,45.59503054974152,0.0,45.30178965042963,0.0,0.0,0.0,0.0,0.0,0.0,0.0
10.0,6.593429671483569,0.0039697515108221,0.003969751507897,0.999992120503609,0.999992120503608,49.41358734650706,0.0,49.973166071526,0.0,45.59503054490221,0.0,45.30178956503877,0.0,0.0,0.0,0.0,0.0,0.0,0.0
10.0,6.5936796839842,0.003969802893301,0.0039698028903781,0.999992120299632,0.9999921202996312,49.41358732821664,0.0,49.97316566820037,0.0,45.59503054006272,0.0,45.30178947964476,0.0,0.0,0.0,0.0,0.0,0.0,0.0
10.0,6.59392969648482,0.0039698542769936,0.0039698542740731,0.9999921200956468,0.999992120095646,49.41358730992504,0.0,49.97316526486038,0.0,45.59503053522303,0.0,45.30178939424759,0.0,0.0,0.0,0.0,0.0,0.0,0.0
10.0,6.59417970898545,0.0039699056618999,0.0039699056589817,0.999992119891654,0.999992119891654,49.41358729163224,0.0,49.97316486150601,0.0,45.59503053038316,0.0,45.30178930884727,0.0,0.0,0.0,0.0,0.0,0.0,0.0
10.0,6.59442972148607,0.0039699570480199,0.003969957045104,0.999992119687655,0.999992119687654,49.41358727333824,0.0,49.97316445813728,0.0,45.59503052554311,0.0,45.30178922344378,0.0,0.0,0.0,0.0,0.0,0.0,0.0
10.0,6.5946797339867,0.0039700084353535,0.00397000843244,0.999992119483648,0.999992119483647,49.41358725504305,0.0,49.97316405475416,0.0,45.59503052070287,0.0,45.30178913803713,0.0,0.0,0.0,0.0,0.0,0.0,0.0
10.0,6.594929746487321,0.0039700598239007,0.0039700598209894,0.999992119279633,0.999992119279632,49.41358723674665,0.0,49.97316365135668,0.0,45.59503051586245,0.0,45.301789052627335,0.0,0.0,0.0,0.0,0.0,0.0,0.0
10.0,6.59517975898795,0.0039701112136613,0.0039701112107524,0.9999921190756108,0.99999211907561,49.41358721844907,0.0,49.97316324794483,0.0,45.59503051102184,0.0,45.30178896721437,0.0,0.0,0.0,0.0,0.0,0.0,0.0
10.0,6.59542977148857,0.0039701626046354,0.0039701626017288,0.999992118871581,0.999992118871581,49.4135872001503,0.0,49.97316284451861,0.0,45.59503050618104,0.0,45.30178888179825,0.0,0.0,0.0,0.0,0.0,0.0,0.0
10.0,6.5956797839892,0.0039702139968229,0.0039702139939186,0.999992118667544,0.9999921186675432,49.413587181850325,0.0,49.97316244107801,0.0,45.59503050134006,0.0,45.30178879637897,0.0,0.0,0.0,0.0,0.0,0.0,0.0
10.0,6.59592979648982,0.0039702653902237,0.0039702653873217,0.9999921184635,0.999992118463499,49.41358716354916,0.0,49.97316203762305,0.0,45.5950304964989,0.0,45.301788710956544,0.0,0.0,0.0,0.0,0.0,0.0,0.0
10.0,6.59617980899045,0.0039703167848378,0.0039703167819381,0.999992118259448,0.999992118259447,49.41358714524681,0.0,49.97316163415371,0.0,45.595030491657546,0.0,45.30178862553094,0.0,0.0,0.0,0.0,0.0,0.0,0.0
10.0,6.59642982149107,0.0039703681806651,0.0039703681777677,0.999992118055388,0.999992118055388,49.41358712694325,0.0,49.97316123067001,0.0,45.595030486816,0.0,45.301788540102194,0.0,0.0,0.0,0.0,0.0,0.0,0.0
10.0,6.5966798339917,0.0039704195777055,0.0039704195748105,0.999992117851322,0.999992117851321,49.41358710863851,0.0,49.97316082717192,0.0,45.59503048197428,0.0,45.30178845467029,0.0,0.0,0.0,0.0,0.0,0.0,0.0
10.0,6.59692984649232,0.0039704709759591,0.0039704709730664,0.999992117647247,0.999992117647246,49.41358709033256,0.0,49.97316042365949,0.0,45.595030477132376,0.0,45.301788369235226,0.0,0.0,0.0,0.0,0.0,0.0,0.0
10.0,6.59717985899295,0.0039705223754257,0.0039705223725354,0.999992117443166,0.9999921174431649,49.41358707202543,0.0,49.97316002013267,0.0,45.59503047229028,0.0,45.301788283797,0.0,0.0,0.0,0.0,0.0,0.0,0.0
10.0,6.59742987149357,0.0039705737761054,0.0039705737732173,0.999992117239076,0.999992117239075,49.4135870537171,0.0,49.97315961659148,0.0,45.595030467448,0.0,45.30178819835562,0.0,0.0,0.0,0.0,0.0,0.0,0.0
10.0,6.5976798839942,0.0039706251779979,0.0039706251751122,0.99999211703498,0.999992117034979,49.41358703540759,0.0,49.97315921303592,0.0,45.595030462605536,0.0,45.30178811291108,0.0,0.0,0.0,0.0,0.0,0.0,0.0
10.0,6.59792989649482,0.0039706765811034,0.00397067657822,0.999992116830875,0.999992116830875,49.41358701709688,0.0,49.97315880946599,0.0,45.59503045776288,0.0,45.30178802746339,0.0,0.0,0.0,0.0,0.0,0.0,0.0
10.0,6.59817990899545,0.0039707279854217,0.0039707279825406,0.999992116626764,0.9999921166267632,49.41358699878498,0.0,49.97315840588169,0.0,45.59503045292005,0.0,45.30178794201253,0.0,0.0,0.0,0.0,0.0,0.0,0.0
10.0,6.59842992149607,0.0039707793909528,0.003970779388074,0.999992116422645,0.999992116422644,49.41358698047189,0.0,49.97315800228303,0.0,45.59503044807702,0.0,45.30178785655851,0.0,0.0,0.0,0.0,0.0,0.0,0.0
10.0,6.5986799339967,0.0039708307976966,0.0039708307948201,0.999992116218518,0.999992116218517,49.4135869621576,0.0,49.97315759866999,0.0,45.59503044323381,0.0,45.30178777110135,0.0,0.0,0.0,0.0,0.0,0.0,0.0
10.0,6.59892994649733,0.0039708822056531,0.003970882202779,0.999992116014384,0.999992116014383,49.41358694384213,0.0,49.97315719504258,0.0,45.59503043839042,0.0,45.30178768564102,0.0,0.0,0.0,0.0,0.0,0.0,0.0
10.0,6.59917995899795,0.0039709336148222,0.0039709336119504,0.9999921158102432,0.9999921158102422,49.41358692552546,0.0,49.9731567914008,0.0,45.59503043354683,0.0,45.30178760017753,0.0,0.0,0.0,0.0,0.0,0.0,0.0
10.0,6.59942997149858,0.0039709850252039,0.0039709850223343,0.999992115606094,0.999992115606093,49.41358690720761,0.0,49.97315638774466,0.0,45.59503042870307,0.0,45.30178751471089,0.0,0.0,0.0,0.0,0.0,0.0,0.0
10.0,6.5996799839992,0.003971036436798,0.0039710364339308,0.999992115401938,0.999992115401937,49.41358688888856,0.0,49.97315598407415,0.0,45.59503042385912,0.0,45.30178742924109,0.0,0.0,0.0,0.0,0.0,0.0,0.0
10.0,6.59992999649982,0.0039710878496047,0.0039710878467398,0.999992115197774,0.999992115197773,49.41358687056832,0.0,49.97315558038925,0.0,45.59503041901499,0.0,45.301787343768126,0.0,0.0,0.0,0.0,0.0,0.0,0.0
10.0,6.60018000900045,0.0039711392636237,0.0039711392607611,0.999992114993602,0.999992114993602,49.4135868522469,0.0,49.97315517669001,0.0,45.595030414170665,0.0,45.30178725829201,0.0,0.0,0.0,0.0,0.0,0.0,0.0
10.0,6.60043002150107,0.003971190678855,0.0039711906759948,0.999992114789424,0.999992114789423,49.413586833924285,0.0,49.97315477297639,0.0,45.59503040932616,0.0,45.30178717281274,0.0,0.0,0.0,0.0,0.0,0.0,0.0
10.0,6.6006800340017,0.0039712420952987,0.0039712420924407,0.999992114585238,0.9999921145852372,49.41358681560047,0.0,49.9731543692484,0.0,45.595030404481456,0.0,45.301787087330304,0.0,0.0,0.0,0.0,0.0,0.0,0.0
10.0,6.60093004650232,0.0039712935129545,0.0039712935100989,0.999992114381044,0.999992114381043,49.41358679727548,0.0,49.97315396550604,0.0,45.59503039963658,0.0,45.30178700184472,0.0,0.0,0.0,0.0,0.0,0.0,0.0
10.0,6.60118005900295,0.0039713449318226,0.0039713449289693,0.9999921141768432,0.999992114176842,49.413586778949295,0.0,49.9731535617493,0.0,45.59503039479152,0.0,45.301786916355965,0.0,0.0,0.0,0.0,0.0,0.0,0.0
10.0,6.60143007150357,0.0039713963519028,0.0039713963490518,0.999992113972634,0.9999921139726332,49.413586760621925,0.0,49.9731531579782,0.0,45.59503038994626,0.0,45.30178683086406,0.0,0.0,0.0,0.0,0.0,0.0,0.0
10.0,6.6016800840042,0.003971447773195,0.0039714477703464,0.999992113768418,0.999992113768417,49.41358674229336,0.0,49.97315275419274,0.0,45.59503038510082,0.0,45.30178674536901,0.0,0.0,0.0,0.0,0.0,0.0,0.0
10.0,6.60193009650483,0.0039714991956993,0.0039714991928529,0.999992113564195,0.999992113564194,49.41358672396361,0.0,49.9731523503929,0.0,45.5950303802552,0.0,45.30178665987078,0.0,0.0,0.0,0.0,0.0,0.0,0.0
10.0,6.60218010900545,0.0039715506194155,0.0039715506165715,0.999992113359964,0.9999921133599632,49.41358670563268,0.0,49.9731519465787,0.0,45.595030375409394,0.0,45.3017865743694,0.0,0.0,0.0,0.0,0.0,0.0,0.0
10.0,6.60243012150607,0.0039716020443436,0.0039716020415019,0.999992113155725,0.999992113155724,49.413586687300544,0.0,49.97315154275013,0.0,45.5950303705634,0.0,45.30178648886486,0.0,0.0,0.0,0.0,0.0,0.0,0.0
10.0,6.6026801340067,0.0039716534704836,0.0039716534676442,0.999992112951479,0.999992112951479,49.41358666896723,0.0,49.9731511389072,0.0,45.59503036571722,0.0,45.30178640335718,0.0,0.0,0.0,0.0,0.0,0.0,0.0
10.0,6.60293014650733,0.0039717048978353,0.0039717048949982,0.999992112747226,0.9999921127472248,49.41358665063272,0.0,49.973150735049884,0.0,45.59503036087086,0.0,45.30178631784633,0.0,0.0,0.0,0.0,0.0,0.0,0.0
10.0,6.60318015900795,0.0039717563263988,0.003971756323564,0.999992112542965,0.999992112542965,49.41358663229704,0.0,49.97315033117821,0.0,45.59503035602431,0.0,45.30178623233232,0.0,0.0,0.0,0.0,0.0,0.0,0.0
10.0,6.60343017150858,0.003971807756174,0.0039718077533415,0.9999921123386972,0.999992112338696,49.41358661396016,0.0,49.97314992729216,0.0,45.59503035117757,0.0,45.301786146815154,0.0,0.0,0.0,0.0,0.0,0.0,0.0
10.0,6.6036801840092005,0.0039718591871608,0.0039718591843306,0.999992112134422,0.999992112134421,49.41358659562211,0.0,49.97314952339176,0.0,45.595030346330645,0.0,45.30178606129483,0.0,0.0,0.0,0.0,0.0,0.0,0.0
10.0,6.60393019650982,0.0039719106193591,0.0039719106165313,0.999992111930138,0.999992111930138,49.41358657728285,0.0,49.97314911947697,0.0,45.595030341483536,0.0,45.30178597577134,0.0,0.0,0.0,0.0,0.0,0.0,0.0
10.0,6.60418020901045,0.003971962052769,0.0039719620499435,0.999992111725848,0.9999921117258472,49.41358655894242,0.0,49.97314871554784,0.0,45.59503033663624,0.0,45.30178589024471,0.0,0.0,0.0,0.0,0.0,0.0,0.0
10.0,6.60443022151108,0.0039720134873904,0.0039720134845672,0.99999211152155,0.9999921115215488,49.4135865406008,0.0,49.97314831160431,0.0,45.59503033178876,0.0,45.30178580471491,0.0,0.0,0.0,0.0,0.0,0.0,0.0
10.0,6.6046802340117,0.0039720649232231,0.0039720649204023,0.999992111317244,0.999992111317243,49.413586522258,0.0,49.97314790764643,0.0,45.5950303269411,0.0,45.30178571918196,0.0,0.0,0.0,0.0,0.0,0.0,0.0
10.0,6.60493024651233,0.0039721163602672,0.0039721163574487,0.999992111112931,0.99999211111293,49.413586503914,0.0,49.97314750367418,0.0,45.59503032209326,0.0,45.30178563364584,0.0,0.0,0.0,0.0,0.0,0.0,0.0
10.0,6.60518025901295,0.0039721677985227,0.0039721677957064,0.9999921109086112,0.99999211090861,49.41358648556882,0.0,49.97314709968757,0.0,45.59503031724521,0.0,45.30178554810658,0.0,0.0,0.0,0.0,0.0,0.0,0.0
10.0,6.60543027151358,0.0039722192379893,0.0039722192351754,0.999992110704283,0.999992110704282,49.41358646722245,0.0,49.97314669568659,0.0,45.59503031239699,0.0,45.30178546256414,0.0,0.0,0.0,0.0,0.0,0.0,0.0
10.0,6.6056802840142,0.0039722706786672,0.0039722706758556,0.999992110499948,0.999992110499947,49.41358644887491,0.0,49.97314629167124,0.0,45.59503030754858,0.0,45.30178537701857,0.0,0.0,0.0,0.0,0.0,0.0,0.0
10.0,6.60593029651483,0.0039723221205561,0.0039723221177469,0.999992110295605,0.999992110295604,49.413586430526166,0.0,49.97314588764152,0.0,45.5950303027,0.0,45.30178529146983,0.0,0.0,0.0,0.0,0.0,0.0,0.0
10.0,6.60618030901545,0.0039723735636562,0.0039723735608492,0.999992110091254,0.999992110091254,49.41358641217626,0.0,49.97314548359744,0.0,45.59503029785121,0.0,45.30178520591792,0.0,0.0,0.0,0.0,0.0,0.0,0.0
10.0,6.60643032151608,0.0039724250079673,0.0039724250051626,0.999992109886897,0.999992109886896,49.41358639382516,0.0,49.973145079539,0.0,45.595030293002246,0.0,45.30178512036287,0.0,0.0,0.0,0.0,0.0,0.0,0.0
10.0,6.6066803340167,0.0039724764534893,0.003972476450687,0.999992109682532,0.999992109682531,49.41358637547287,0.0,49.97314467546618,0.0,45.59503028815309,0.0,45.30178503480465,0.0,0.0,0.0,0.0,0.0,0.0,0.0
10.0,6.606930346517329,0.0039725279002223,0.0039725278974223,0.999992109478159,0.999992109478158,49.41358635711941,0.0,49.97314427137899,0.0,45.59503028330376,0.0,45.30178494924328,0.0,0.0,0.0,0.0,0.0,0.0,0.0
10.0,6.60718035901795,0.0039725793481661,0.0039725793453684,0.999992109273779,0.999992109273778,49.413586338764745,0.0,49.97314386727744,0.0,45.59503027845424,0.0,45.30178486367875,0.0,0.0,0.0,0.0,0.0,0.0,0.0
10.0,6.60743037151858,0.0039726307973207,0.0039726307945253,0.999992109069391,0.9999921090693912,49.41358632040891,0.0,49.97314346316153,0.0,45.595030273604536,0.0,45.30178477811107,0.0,0.0,0.0,0.0,0.0,0.0,0.0
10.0,6.6076803840192,0.0039726822476861,0.003972682244893,0.999992108864996,0.999992108864996,49.41358630205189,0.0,49.97314305903125,0.0,45.59503026875464,0.0,45.301784692540224,0.0,0.0,0.0,0.0,0.0,0.0,0.0
10.0,6.60793039651983,0.0039727336992621,0.0039727336964714,0.999992108660594,0.999992108660593,49.41358628369368,0.0,49.9731426548866,0.0,45.59503026390457,0.0,45.30178460696623,0.0,0.0,0.0,0.0,0.0,0.0,0.0
10.0,6.60818040902045,0.0039727851520489,0.0039727851492604,0.999992108456184,0.999992108456183,49.41358626533431,0.0,49.97314225072759,0.0,45.5950302590543,0.0,45.30178452138906,0.0,0.0,0.0,0.0,0.0,0.0,0.0
10.0,6.60843042152108,0.0039728366060461,0.00397283660326,0.999992108251767,0.999992108251766,49.413586246973736,0.0,49.973141846554206,0.0,45.59503025420385,0.0,45.30178443580875,0.0,0.0,0.0,0.0,0.0,0.0,0.0
10.0,6.6086804340217,0.003972888061254,0.0039728880584702,0.999992108047342,0.999992108047341,49.41358622861199,0.0,49.97314144236647,0.0,45.59503024935322,0.0,45.30178435022527,0.0,0.0,0.0,0.0,0.0,0.0,0.0
10.0,6.60893044652233,0.0039729395176723,0.0039729395148908,0.999992107842909,0.999992107842909,49.41358621024906,0.0,49.97314103816436,0.0,45.5950302445024,0.0,45.30178426463864,0.0,0.0,0.0,0.0,0.0,0.0,0.0
10.0,6.609180459022951,0.003972990975301,0.0039729909725218,0.99999210763847,0.9999921076384688,49.41358619188494,0.0,49.97314063394788,0.0,45.595030239651386,0.0,45.30178417904885,0.0,0.0,0.0,0.0,0.0,0.0,0.0
10.0,6.60943047152358,0.00397304243414,0.0039730424313632,0.9999921074340228,0.999992107434022,49.41358617351964,0.0,49.97314022971703,0.0,45.5950302348002,0.0,45.30178409345591,0.0,0.0,0.0,0.0,0.0,0.0,0.0
10.0,6.6096804840242,0.0039730938941894,0.0039730938914149,0.999992107229568,0.9999921072295672,49.41358615515317,0.0,49.97313982547183,0.0,45.59503022994881,0.0,45.3017840078598,0.0,0.0,0.0,0.0,0.0,0.0,0.0
10.0,6.60993049652483,0.0039731453554491,0.0039731453526769,0.999992107025106,0.999992107025105,49.41358613678551,0.0,49.97313942121225,0.0,45.59503022509725,0.0,45.30178392226055,0.0,0.0,0.0,0.0,0.0,0.0,0.0
10.0,6.61018050902545,0.0039731968179189,0.003973196815149,0.999992106820636,0.999992106820636,49.413586118416674,0.0,49.97313901693832,0.0,45.59503022024551,0.0,45.301783836658124,0.0,0.0,0.0,0.0,0.0,0.0,0.0
10.0,6.61043052152608,0.0039732482815989,0.0039732482788313,0.999992106616159,0.999992106616158,49.41358610004665,0.0,49.97313861265001,0.0,45.59503021539357,0.0,45.30178375105255,0.0,0.0,0.0,0.0,0.0,0.0,0.0
10.0,6.6106805340267,0.003973299746489,0.0039732997437237,0.999992106411675,0.999992106411674,49.413586081675454,0.0,49.97313820834735,0.0,45.595030210541445,0.0,45.30178366544382,0.0,0.0,0.0,0.0,0.0,0.0,0.0
10.0,6.61093054652733,0.0039733512125891,0.0039733512098261,0.999992106207183,0.999992106207182,49.41358606330307,0.0,49.97313780403032,0.0,45.59503020568914,0.0,45.301783579831934,0.0,0.0,0.0,0.0,0.0,0.0,0.0
10.0,6.61118055902795,0.0039734026798992,0.0039734026771386,0.999992106002684,0.999992106002683,49.41358604492952,0.0,49.97313739969892,0.0,45.59503020083665,0.0,45.30178349421688,0.0,0.0,0.0,0.0,0.0,0.0,0.0
10.0,6.61143057152858,0.0039734541484192,0.0039734541456609,0.999992105798177,0.999992105798176,49.413586026554775,0.0,49.973136995353165,0.0,45.59503019598397,0.0,45.30178340859867,0.0,0.0,0.0,0.0,0.0,0.0,0.0
10.0,6.6116805840292,0.0039735056181491,0.0039735056153931,0.999992105593662,0.999992105593661,49.41358600817885,0.0,49.97313659099304,0.0,45.59503019113111,0.0,45.30178332297732,0.0,0.0,0.0,0.0,0.0,0.0,0.0
10.0,6.61193059652983,0.0039735570890888,0.0039735570863351,0.999992105389141,0.99999210538914,49.41358598980175,0.0,49.97313618661855,0.0,45.59503018627806,0.0,45.3017832373528,0.0,0.0,0.0,0.0,0.0,0.0,0.0
10.0,6.61218060903045,0.0039736085612383,0.0039736085584869,0.999992105184612,0.999992105184611,49.41358597142348,0.0,49.97313578222969,0.0,45.595030181424825,0.0,45.30178315172512,0.0,0.0,0.0,0.0,0.0,0.0,0.0
10.0,6.612430621531079,0.0039736600345975,0.0039736600318484,0.999992104980075,0.999992104980074,49.41358595304402,0.0,49.97313537782647,0.0,45.595030176571406,0.0,45.30178306609428,0.0,0.0,0.0,0.0,0.0,0.0,0.0
10.0,6.6126806340317,0.0039737115091663,0.0039737115064195,0.999992104775531,0.99999210477553,49.41358593466339,0.0,49.97313497340889,0.0,45.5950301717178,0.0,45.301782980460295,0.0,0.0,0.0,0.0,0.0,0.0,0.0
10.0,6.61293064653233,0.0039737629849447,0.0039737629822003,0.9999921045709792,0.999992104570978,49.41358591628157,0.0,49.97313456897695,0.0,45.59503016686401,0.0,45.30178289482314,0.0,0.0,0.0,0.0,0.0,0.0,0.0
10.0,6.61318065903295,0.0039738144619327,0.0039738144591905,0.99999210436642,0.999992104366419,49.41358589789858,0.0,49.97313416453063,0.0,45.59503016201003,0.0,45.30178280918284,0.0,0.0,0.0,0.0,0.0,0.0,0.0
10.0,6.61343067153358,0.0039738659401301,0.0039738659373903,0.9999921041618532,0.9999921041618532,49.41358587951441,0.0,49.97313376006996,0.0,45.59503015715588,0.0,45.301782723539375,0.0,0.0,0.0,0.0,0.0,0.0,0.0
10.0,6.6136806840342,0.003973917419537,0.0039739174167995,0.99999210395728,0.9999921039572792,49.41358586112906,0.0,49.97313335559492,0.0,45.59503015230151,0.0,45.30178263789275,0.0,0.0,0.0,0.0,0.0,0.0,0.0
10.0,6.61393069653483,0.0039739689001533,0.0039739688974181,0.999992103752698,0.999992103752698,49.41358584274254,0.0,49.97313295110552,0.0,45.59503014744698,0.0,45.30178255224298,0.0,0.0,0.0,0.0,0.0,0.0,0.0
10.0,6.61418070903545,0.0039740203819788,0.003974020379246,0.9999921035481092,0.9999921035481092,49.41358582435483,0.0,49.97313254660176,0.0,45.595030142592265,0.0,45.30178246659005,0.0,0.0,0.0,0.0,0.0,0.0,0.0
10.0,6.61443072153608,0.0039740718650137,0.0039740718622831,0.999992103343513,0.999992103343512,49.41358580596595,0.0,49.97313214208362,0.0,45.59503013773735,0.0,45.30178238093395,0.0,0.0,0.0,0.0,0.0,0.0,0.0
10.0,6.614680734036699,0.0039741233492578,0.0039741233465295,0.999992103138909,0.999992103138908,49.4135857875759,0.0,49.97313173755112,0.0,45.595030132882265,0.0,45.3017822952747,0.0,0.0,0.0,0.0,0.0,0.0,0.0
10.0,6.61493074653733,0.003974174834711,0.003974174831985,0.999992102934298,0.999992102934297,49.41358576918466,0.0,49.97313133300428,0.0,45.59503012802698,0.0,45.3017822096123,0.0,0.0,0.0,0.0,0.0,0.0,0.0
10.0,6.61518075903795,0.0039742263213733,0.0039742263186497,0.99999210272968,0.999992102729679,49.41358575079226,0.0,49.973130928443055,0.0,45.595030123171526,0.0,45.30178212394672,0.0,0.0,0.0,0.0,0.0,0.0,0.0
10.0,6.61543077153858,0.0039742778092447,0.0039742778065234,0.9999921025250528,0.999992102525052,49.413585732398666,0.0,49.97313052386747,0.0,45.59503011831588,0.0,45.301782038278006,0.0,0.0,0.0,0.0,0.0,0.0,0.0
10.0,6.6156807840392,0.003974329298325,0.003974329295606,0.999992102320419,0.999992102320419,49.41358571400391,0.0,49.97313011927753,0.0,45.59503011346004,0.0,45.30178195260613,0.0,0.0,0.0,0.0,0.0,0.0,0.0
10.0,6.61593079653983,0.0039743807886143,0.0039743807858977,0.9999921021157782,0.9999921021157782,49.41358569560796,0.0,49.97312971467322,0.0,45.59503010860402,0.0,45.30178186693109,0.0,0.0,0.0,0.0,0.0,0.0,0.0
10.0,6.61618080904045,0.0039744322801125,0.0039744322773982,0.99999210191113,0.999992101911129,49.41358567721085,0.0,49.97312931005455,0.0,45.59503010374782,0.0,45.301781781252906,0.0,0.0,0.0,0.0,0.0,0.0,0.0
10.0,6.61643082154108,0.0039744837728195,0.0039744837701075,0.999992101706474,0.999992101706473,49.413585658812565,0.0,49.97312890542151,0.0,45.59503009889143,0.0,45.30178169557155,0.0,0.0,0.0,0.0,0.0,0.0,0.0
10.0,6.6166808340417,0.0039745352667353,0.0039745352640256,0.999992101501811,0.99999210150181,49.413585640413096,0.0,49.97312850077412,0.0,45.59503009403485,0.0,45.30178160988704,0.0,0.0,0.0,0.0,0.0,0.0,0.0
10.0,6.61693084654233,0.0039745867618598,0.0039745867591524,0.99999210129714,0.999992101297139,49.41358562201246,0.0,49.97312809611236,0.0,45.59503008917809,0.0,45.30178152419938,0.0,0.0,0.0,0.0,0.0,0.0,0.0
10.0,6.61718085904295,0.003974638258193,0.0039746382554879,0.999992101092462,0.999992101092461,49.41358560361064,0.0,49.97312769143625,0.0,45.59503008432114,0.0,45.30178143850856,0.0,0.0,0.0,0.0,0.0,0.0,0.0
10.0,6.61743087154358,0.0039746897557348,0.003974689753032,0.999992100887776,0.999992100887775,49.413585585207656,0.0,49.97312728674576,0.0,45.595030079464,0.0,45.30178135281458,0.0,0.0,0.0,0.0,0.0,0.0,0.0
10.0,6.6176808840442,0.0039747412544851,0.0039747412517846,0.999992100683082,0.999992100683082,49.41358556680349,0.0,49.97312688204092,0.0,45.59503007460668,0.0,45.30178126711744,0.0,0.0,0.0,0.0,0.0,0.0,0.0
10.0,6.61793089654483,0.003974792754444,0.0039747927517458,0.999992100478381,0.999992100478381,49.41358554839816,0.0,49.973126477321706,0.0,45.59503006974918,0.0,45.30178118141715,0.0,0.0,0.0,0.0,0.0,0.0,0.0
10.0,6.61818090904545,0.0039748442556112,0.0039748442529154,0.9999921002736732,0.999992100273673,49.41358552999164,0.0,49.973126072588144,0.0,45.59503006489149,0.0,45.30178109571369,0.0,0.0,0.0,0.0,0.0,0.0,0.0
10.0,6.61843092154608,0.0039748957579869,0.0039748957552934,0.999992100068958,0.9999921000689568,49.41358551158396,0.0,49.973125667840215,0.0,45.595030060033615,0.0,45.30178101000709,0.0,0.0,0.0,0.0,0.0,0.0,0.0
10.0,6.6186809340467,0.0039749472615709,0.0039749472588797,0.9999920998642348,0.999992099864234,49.4135854931751,0.0,49.973125263077925,0.0,45.59503005517555,0.0,45.301780924297326,0.0,0.0,0.0,0.0,0.0,0.0,0.0
10.0,6.61893094654733,0.0039749987663632,0.0039749987636743,0.999992099659504,0.999992099659504,49.41358547476508,0.0,49.97312485830127,0.0,45.595030050317305,0.0,45.301780838584406,0.0,0.0,0.0,0.0,0.0,0.0,0.0
10.0,6.61918095904795,0.0039750502723637,0.0039750502696771,0.999992099454766,0.999992099454766,49.41358545635387,0.0,49.97312445351025,0.0,45.59503004545887,0.0,45.301780752868325,0.0,0.0,0.0,0.0,0.0,0.0,0.0
10.0,6.61943097154858,0.0039751017795724,0.0039751017768881,0.999992099250021,0.99999209925002,49.41358543794149,0.0,49.97312404870488,0.0,45.59503004060025,0.0,45.30178066714909,0.0,0.0,0.0,0.0,0.0,0.0,0.0
10.0,6.6196809840492,0.0039751532879892,0.0039751532853072,0.999992099045268,0.9999920990452668,49.41358541952794,0.0,49.97312364388513,0.0,45.59503003574144,0.0,45.3017805814267,0.0,0.0,0.0,0.0,0.0,0.0,0.0
10.0,6.61993099654983,0.003975204797614,0.0039752047949344,0.999992098840508,0.999992098840507,49.41358540111322,0.0,49.97312323905104,0.0,45.595030030882455,0.0,45.30178049570115,0.0,0.0,0.0,0.0,0.0,0.0,0.0
10.0,6.620181009050449,0.0039752563084469,0.0039752563057695,0.99999209863574,0.999992098635739,49.41358538269733,0.0,49.97312283420258,0.0,45.59503002602328,0.0,45.30178040997245,0.0,0.0,0.0,0.0,0.0,0.0,0.0
10.0,6.62043102155108,0.0039753078204877,0.0039753078178127,0.999992098430965,0.999992098430964,49.41358536428026,0.0,49.97312242933975,0.0,45.59503002116392,0.0,45.301780324240575,0.0,0.0,0.0,0.0,0.0,0.0,0.0
10.0,6.6206810340517,0.0039753593337364,0.0039753593310637,0.999992098226182,0.999992098226181,49.413585345862025,0.0,49.97312202446257,0.0,45.59503001630437,0.0,45.30178023850555,0.0,0.0,0.0,0.0,0.0,0.0,0.0
10.0,6.62093104655233,0.003975410848193,0.0039754108455226,0.999992098021392,0.999992098021391,49.41358532744262,0.0,49.97312161957103,0.0,45.59503001144464,0.0,45.30178015276738,0.0,0.0,0.0,0.0,0.0,0.0,0.0
10.0,6.62118105905295,0.0039754623638573,0.0039754623611892,0.999992097816594,0.999992097816593,49.41358530902204,0.0,49.97312121466512,0.0,45.59503000658472,0.0,45.30178006702605,0.0,0.0,0.0,0.0,0.0,0.0,0.0
10.0,6.62143107155358,0.0039755138807294,0.0039755138780636,0.999992097611789,0.999992097611788,49.41358529060028,0.0,49.973120809744856,0.0,45.59503000172461,0.0,45.30177998128155,0.0,0.0,0.0,0.0,0.0,0.0,0.0
10.0,6.6216810840542,0.0039755653988091,0.0039755653961456,0.999992097406977,0.999992097406976,49.413585272177365,0.0,49.97312040481023,0.0,45.59502999686432,0.0,45.30177989553391,0.0,0.0,0.0,0.0,0.0,0.0,0.0
10.0,6.62193109655483,0.0039756169180965,0.0039756169154353,0.9999920972021568,0.999992097202156,49.41358525375328,0.0,49.97311999986125,0.0,45.595029992003845,0.0,45.3017798097831,0.0,0.0,0.0,0.0,0.0,0.0,0.0
10.0,6.62218110905545,0.0039756684385914,0.0039756684359326,0.9999920969973292,0.999992096997328,49.413585235328,0.0,49.9731195948979,0.0,45.59502998714318,0.0,45.30177972402913,0.0,0.0,0.0,0.0,0.0,0.0,0.0
10.0,6.62243112155608,0.0039757199602939,0.0039757199576373,0.999992096792494,0.999992096792494,49.41358521690158,0.0,49.97311918992019,0.0,45.595029982282334,0.0,45.301779638272016,0.0,0.0,0.0,0.0,0.0,0.0,0.0
10.0,6.6226811340567,0.0039757714832038,0.0039757714805496,0.999992096587652,0.999992096587651,49.41358519847397,0.0,49.973118784928126,0.0,45.595029977421305,0.0,45.30177955251174,0.0,0.0,0.0,0.0,0.0,0.0,0.0
10.0,6.62293114655733,0.0039758230073211,0.0039758230046692,0.999992096382802,0.9999920963828012,49.4135851800452,0.0,49.97311837992171,0.0,45.59502997256008,0.0,45.3017794667483,0.0,0.0,0.0,0.0,0.0,0.0,0.0
10.0,6.62318115905795,0.0039758745326458,0.0039758745299962,0.999992096177945,0.999992096177944,49.41358516161525,0.0,49.97311797490092,0.0,45.59502996769867,0.0,45.30177938098171,0.0,0.0,0.0,0.0,0.0,0.0,0.0
10.0,6.62343117155858,0.0039759260591777,0.0039759260565304,0.99999209597308,0.999992095973079,49.41358514318414,0.0,49.97311756986577,0.0,45.59502996283709,0.0,45.301779295211965,0.0,0.0,0.0,0.0,0.0,0.0,0.0
10.0,6.6236811840592,0.0039759775869169,0.0039759775842719,0.999992095768208,0.999992095768207,49.413585124751854,0.0,49.97311716481626,0.0,45.59502995797531,0.0,45.30177920943906,0.0,0.0,0.0,0.0,0.0,0.0,0.0
10.0,6.62393119655983,0.0039760291158633,0.0039760291132206,0.999992095563328,0.999992095563328,49.41358510631841,0.0,49.97311675975239,0.0,45.59502995311335,0.0,45.301779123663,0.0,0.0,0.0,0.0,0.0,0.0,0.0
10.0,6.62418120906045,0.0039760806460168,0.0039760806433764,0.999992095358441,0.999992095358441,49.41358508788379,0.0,49.973116354674175,0.0,45.5950299482512,0.0,45.30177903788378,0.0,0.0,0.0,0.0,0.0,0.0,0.0
10.0,6.62443122156108,0.0039761321773774,0.0039761321747393,0.999992095153547,0.999992095153546,49.413585069448,0.0,49.97311594958159,0.0,45.59502994338887,0.0,45.30177895210141,0.0,0.0,0.0,0.0,0.0,0.0,0.0
10.0,6.6246812340617,0.003976183709945,0.0039761837073092,0.999992094948645,0.999992094948644,49.413585051011054,0.0,49.97311554447465,0.0,45.595029938526345,0.0,45.30177886631587,0.0,0.0,0.0,0.0,0.0,0.0,0.0
10.0,6.624931246562331,0.0039762352437196,0.0039762352410861,0.999992094743735,0.999992094743735,49.41358503257293,0.0,49.97311513935334,0.0,45.595029933663646,0.0,45.30177878052718,0.0,0.0,0.0,0.0,0.0,0.0,0.0
10.0,6.62518125906295,0.003976286778701,0.0039762867760699,0.999992094538818,0.999992094538818,49.41358501413364,0.0,49.97311473421768,0.0,45.59502992880076,0.0,45.30177869473533,0.0,0.0,0.0,0.0,0.0,0.0,0.0
10.0,6.62543127156358,0.0039763383148894,0.0039763383122605,0.999992094333894,0.999992094333893,49.41358499569319,0.0,49.973114329067656,0.0,45.59502992393768,0.0,45.30177860894034,0.0,0.0,0.0,0.0,0.0,0.0,0.0
10.0,6.6256812840642,0.0039763898522845,0.003976389849658,0.999992094128963,0.999992094128962,49.41358497725155,0.0,49.97311392390328,0.0,45.59502991907441,0.0,45.301778523142175,0.0,0.0,0.0,0.0,0.0,0.0,0.0
10.0,6.62593129656483,0.0039764413908864,0.0039764413882622,0.999992093924023,0.999992093924022,49.41358495880876,0.0,49.97311351872454,0.0,45.59502991421097,0.0,45.30177843734085,0.0,0.0,0.0,0.0,0.0,0.0,0.0
10.0,6.62618130906545,0.0039764929306949,0.003976492928073,0.999992093719076,0.999992093719076,49.4135849403648,0.0,49.97311311353145,0.0,45.59502990934733,0.0,45.30177835153639,0.0,0.0,0.0,0.0,0.0,0.0,0.0
10.0,6.62643132156608,0.0039765444717101,0.0039765444690905,0.999992093514122,0.9999920935141212,49.413584921919664,0.0,49.97311270832399,0.0,45.59502990448351,0.0,45.30177826572875,0.0,0.0,0.0,0.0,0.0,0.0,0.0
10.0,6.6266813340667,0.0039765960139319,0.0039765960113146,0.9999920933091608,0.9999920933091598,49.41358490347338,0.0,49.97311230310217,0.0,45.59502989961951,0.0,45.30177817991796,0.0,0.0,0.0,0.0,0.0,0.0,0.0
10.0,6.62693134656733,0.0039766475573602,0.0039766475547453,0.999992093104191,0.999992093104191,49.41358488502592,0.0,49.973111897866,0.0,45.59502989475533,0.0,45.301778094104016,0.0,0.0,0.0,0.0,0.0,0.0,0.0
10.0,6.62718135906795,0.003976699101995,0.0039766990993824,0.999992092899215,0.999992092899214,49.41358486657729,0.0,49.973111492615466,0.0,45.59502988989095,0.0,45.30177800828692,0.0,0.0,0.0,0.0,0.0,0.0,0.0
10.0,6.62743137156858,0.0039767506478362,0.0039767506452259,0.999992092694231,0.99999209269423,49.41358484812749,0.0,49.973111087350574,0.0,45.59502988502639,0.0,45.301777922466655,0.0,0.0,0.0,0.0,0.0,0.0,0.0
10.0,6.6276813840692,0.0039768021948838,0.0039768021922757,0.99999209248924,0.999992092489239,49.41358482967654,0.0,49.973110682071336,0.0,45.59502988016164,0.0,45.30177783664324,0.0,0.0,0.0,0.0,0.0,0.0,0.0
10.0,6.62793139656983,0.0039768537431376,0.0039768537405319,0.999992092284241,0.99999209228424,49.41358481122442,0.0,49.97311027677773,0.0,45.5950298752967,0.0,45.30177775081667,0.0,0.0,0.0,0.0,0.0,0.0,0.0
10.0,6.62818140907045,0.0039769052925978,0.0039769052899943,0.999992092079234,0.999992092079234,49.413584792771125,0.0,49.97310987146976,0.0,45.59502987043159,0.0,45.30177766498695,0.0,0.0,0.0,0.0,0.0,0.0,0.0
10.0,6.62843142157108,0.0039769568432641,0.003976956840663,0.999992091874221,0.99999209187422,49.41358477431668,0.0,49.97310946614744,0.0,45.59502986556629,0.0,45.301777579154056,0.0,0.0,0.0,0.0,0.0,0.0,0.0
10.0,6.6286814340717,0.0039770083951365,0.0039770083925377,0.999992091669199,0.999992091669198,49.41358475586105,0.0,49.97310906081076,0.0,45.59502986070079,0.0,45.30177749331802,0.0,0.0,0.0,0.0,0.0,0.0,0.0
10.0,6.62893144657233,0.0039770599482151,0.0039770599456186,0.9999920914641708,0.99999209146417,49.41358473740427,0.0,49.973108655459725,0.0,45.59502985583512,0.0,45.301777407478816,0.0,0.0,0.0,0.0,0.0,0.0,0.0
10.0,6.62918145907295,0.0039771115024997,0.0039771114999055,0.9999920912591348,0.999992091259134,49.413584718946325,0.0,49.973108250094334,0.0,45.59502985096927,0.0,45.30177732163646,0.0,0.0,0.0,0.0,0.0,0.0,0.0
10.0,6.62943147157358,0.0039771630579902,0.0039771630553984,0.9999920910540911,0.99999209105409,49.41358470048721,0.0,49.973107844714576,0.0,45.595029846103216,0.0,45.301777235790944,0.0,0.0,0.0,0.0,0.0,0.0,0.0
10.0,6.6296814840742,0.0039772146146867,0.0039772146120972,0.99999209084904,0.999992090849039,49.41358468202693,0.0,49.97310743932047,0.0,45.595029841236986,0.0,45.30177714994228,0.0,0.0,0.0,0.0,0.0,0.0,0.0
10.0,6.62993149657483,0.0039772661725891,0.0039772661700018,0.999992090643981,0.99999209064398,49.41358466356549,0.0,49.973107033912,0.0,45.59502983637056,0.0,45.30177706409045,0.0,0.0,0.0,0.0,0.0,0.0,0.0
10.0,6.63018150907545,0.0039773177316972,0.0039773177291123,0.999992090438915,0.999992090438914,49.41358464510289,0.0,49.97310662848918,0.0,45.59502983150396,0.0,45.301776978235466,0.0,0.0,0.0,0.0,0.0,0.0,0.0
10.0,6.630431521576079,0.0039773692920112,0.0039773692894285,0.999992090233842,0.999992090233841,49.41358462663912,0.0,49.97310622305199,0.0,45.595029826637166,0.0,45.30177689237733,0.0,0.0,0.0,0.0,0.0,0.0,0.0
10.0,6.6306815340767,0.0039774208535308,0.0039774208509505,0.999992090028761,0.99999209002876,49.41358460817419,0.0,49.97310581760046,0.0,45.5950298217702,0.0,45.30177680651603,0.0,0.0,0.0,0.0,0.0,0.0,0.0
10.0,6.63093154657733,0.0039774724162561,0.0039774724136781,0.9999920898236728,0.999992089823672,49.4135845897081,0.0,49.973105412134565,0.0,45.59502981690304,0.0,45.30177672065158,0.0,0.0,0.0,0.0,0.0,0.0,0.0
10.0,6.63118155907795,0.003977523980187,0.0039775239776113,0.999992089618577,0.999992089618576,49.41358457124084,0.0,49.97310500665432,0.0,45.59502981203569,0.0,45.30177663478397,0.0,0.0,0.0,0.0,0.0,0.0,0.0
10.0,6.63143157157858,0.0039775755453234,0.00397757554275,0.999992089413474,0.999992089413473,49.41358455277242,0.0,49.9731046011597,0.0,45.59502980716815,0.0,45.3017765489132,0.0,0.0,0.0,0.0,0.0,0.0,0.0
10.0,6.6316815840792,0.0039776271116653,0.0039776271090942,0.999992089208363,0.999992089208362,49.41358453430284,0.0,49.97310419565074,0.0,45.59502980230044,0.0,45.30177646303928,0.0,0.0,0.0,0.0,0.0,0.0,0.0
10.0,6.63193159657983,0.0039776786792126,0.0039776786766438,0.999992089003244,0.999992089003244,49.41358451583209,0.0,49.97310379012742,0.0,45.59502979743254,0.0,45.3017763771622,0.0,0.0,0.0,0.0,0.0,0.0,0.0
10.0,6.63218160908045,0.0039777302479654,0.0039777302453989,0.999992088798119,0.999992088798118,49.41358449736018,0.0,49.97310338458975,0.0,45.595029792564446,0.0,45.30177629128197,0.0,0.0,0.0,0.0,0.0,0.0,0.0
10.0,6.63243162158108,0.0039777818179234,0.0039777818153592,0.999992088592986,0.999992088592985,49.41358447888712,0.0,49.97310297903771,0.0,45.59502978769617,0.0,45.301776205398575,0.0,0.0,0.0,0.0,0.0,0.0,0.0
10.0,6.632681634081701,0.0039778333890867,0.0039778333865248,0.999992088387845,0.999992088387845,49.41358446041289,0.0,49.97310257347132,0.0,45.59502978282771,0.0,45.30177611951201,0.0,0.0,0.0,0.0,0.0,0.0,0.0
10.0,6.63293164658233,0.0039778849614552,0.0039778849588956,0.999992088182697,0.999992088182697,49.4135844419375,0.0,49.97310216789058,0.0,45.59502977795906,0.0,45.30177603362232,0.0,0.0,0.0,0.0,0.0,0.0,0.0
10.0,6.63318165908295,0.0039779365350289,0.0039779365324716,0.999992087977542,0.999992087977541,49.41358442346096,0.0,49.97310176229547,0.0,45.59502977309023,0.0,45.30177594772945,0.0,0.0,0.0,0.0,0.0,0.0,0.0
10.0,6.63343167158358,0.0039779881098077,0.0039779881072527,0.999992087772379,0.999992087772379,49.41358440498323,0.0,49.97310135668602,0.0,45.59502976822122,0.0,45.30177586183344,0.0,0.0,0.0,0.0,0.0,0.0,0.0
10.0,6.6336816840842,0.0039780396857915,0.0039780396832388,0.9999920875672093,0.999992087567208,49.41358438650436,0.0,49.97310095106221,0.0,45.59502976335201,0.0,45.30177577593425,0.0,0.0,0.0,0.0,0.0,0.0,0.0
10.0,6.63393169658483,0.0039780912629803,0.0039780912604299,0.999992087362031,0.99999208736203,49.41358436802433,0.0,49.973100545424046,0.0,45.59502975848262,0.0,45.30177569003192,0.0,0.0,0.0,0.0,0.0,0.0,0.0
10.0,6.63418170908545,0.003978142841374,0.003978142838826,0.999992087156846,0.999992087156845,49.413584349543136,0.0,49.97310013977152,0.0,45.59502975361304,0.0,45.30177560412643,0.0,0.0,0.0,0.0,0.0,0.0,0.0
10.0,6.63443172158608,0.0039781944209727,0.003978194418427,0.999992086951653,0.999992086951652,49.41358433106078,0.0,49.97309973410464,0.0,45.59502974874328,0.0,45.30177551821779,0.0,0.0,0.0,0.0,0.0,0.0,0.0
10.0,6.6346817340867,0.0039782460017761,0.0039782459992327,0.999992086746453,0.999992086746452,49.413584312577264,0.0,49.9730993284234,0.0,45.59502974387334,0.0,45.30177543230599,0.0,0.0,0.0,0.0,0.0,0.0,0.0
10.0,6.63493174658733,0.0039782975837844,0.0039782975812433,0.999992086541245,0.999992086541244,49.413584294092594,0.0,49.97309892272781,0.0,45.59502973900321,0.0,45.30177534639103,0.0,0.0,0.0,0.0,0.0,0.0,0.0
10.0,6.63518175908795,0.0039783491669973,0.0039783491644585,0.99999208633603,0.9999920863360292,49.413584275606766,0.0,49.97309851701787,0.0,45.59502973413289,0.0,45.30177526047291,0.0,0.0,0.0,0.0,0.0,0.0,0.0
10.0,6.63543177158858,0.003978400751415,0.0039784007488785,0.999992086130808,0.999992086130807,49.413584257119766,0.0,49.97309811129357,0.0,45.59502972926238,0.0,45.30177517455164,0.0,0.0,0.0,0.0,0.0,0.0,0.0
10.0,6.63568178408921,0.0039784523370372,0.003978452334503,0.999992085925578,0.999992085925577,49.413584238631614,0.0,49.97309770555491,0.0,45.59502972439169,0.0,45.30177508862721,0.0,0.0,0.0,0.0,0.0,0.0,0.0
10.0,6.635931796589829,0.003978503923864,0.0039785039213321,0.99999208572034,0.99999208572034,49.41358422014231,0.0,49.97309729980191,0.0,45.59502971952082,0.0,45.30177500269962,0.0,0.0,0.0,0.0,0.0,0.0,0.0
10.0,6.63618180909045,0.0039785555118953,0.0039785555093657,0.999992085515096,0.9999920855150948,49.41358420165184,0.0,49.97309689403454,0.0,45.59502971464976,0.0,45.30177491676888,0.0,0.0,0.0,0.0,0.0,0.0,0.0
10.0,6.63643182159108,0.003978607101131,0.0039786070986037,0.9999920853098432,0.9999920853098432,49.41358418316021,0.0,49.97309648825282,0.0,45.59502970977852,0.0,45.30177483083499,0.0,0.0,0.0,0.0,0.0,0.0,0.0
10.0,6.6366818340917,0.0039786586915711,0.0039786586890462,0.999992085104583,0.999992085104583,49.41358416466743,0.0,49.97309608245675,0.0,45.59502970490709,0.0,45.30177474489792,0.0,0.0,0.0,0.0,0.0,0.0,0.0
10.0,6.63693184659233,0.0039787102832156,0.0039787102806929,0.999992084899316,0.999992084899315,49.41358414617349,0.0,49.97309567664632,0.0,45.59502970003547,0.0,45.30177465895771,0.0,0.0,0.0,0.0,0.0,0.0,0.0
10.0,6.63718185909295,0.0039787618760644,0.003978761873544,0.999992084694041,0.999992084694041,49.41358412767837,0.0,49.97309527082153,0.0,45.59502969516366,0.0,45.30177457301435,0.0,0.0,0.0,0.0,0.0,0.0,0.0
10.0,6.63743187159358,0.0039788134701173,0.0039788134675993,0.99999208448876,0.9999920844887588,49.41358410918212,0.0,49.9730948649824,0.0,45.59502969029168,0.0,45.301774487067824,0.0,0.0,0.0,0.0,0.0,0.0,0.0
10.0,6.6376818840942,0.0039788650653745,0.0039788650628587,0.99999208428347,0.999992084283469,49.4135840906847,0.0,49.97309445912891,0.0,45.59502968541951,0.0,45.30177440111814,0.0,0.0,0.0,0.0,0.0,0.0,0.0
10.0,6.63793189659483,0.0039789166618357,0.0039789166593223,0.9999920840781727,0.999992084078172,49.413584072186126,0.0,49.973094053261065,0.0,45.59502968054714,0.0,45.3017743151653,0.0,0.0,0.0,0.0,0.0,0.0,0.0
10.0,6.63818190909546,0.0039789682595011,0.0039789682569899,0.999992083872868,0.999992083872868,49.41358405368639,0.0,49.97309364737888,0.0,45.5950296756746,0.0,45.30177422920931,0.0,0.0,0.0,0.0,0.0,0.0,0.0
10.0,6.63843192159608,0.0039790198583704,0.0039790198558615,0.999992083667556,0.999992083667556,49.41358403518551,0.0,49.97309324148232,0.0,45.59502967080186,0.0,45.30177414325016,0.0,0.0,0.0,0.0,0.0,0.0,0.0
10.0,6.6386819340967,0.0039790714584437,0.0039790714559371,0.999992083462237,0.999992083462236,49.41358401668346,0.0,49.97309283557141,0.0,45.59502966592894,0.0,45.30177405728785,0.0,0.0,0.0,0.0,0.0,0.0,0.0
10.0,6.63893194659733,0.0039791230597209,0.0039791230572166,0.99999208325691,0.999992083256909,49.41358399818026,0.0,49.97309242964615,0.0,45.59502966105584,0.0,45.30177397132239,0.0,0.0,0.0,0.0,0.0,0.0,0.0
10.0,6.63918195909795,0.0039791746622019,0.0039791746597,0.999992083051576,0.999992083051575,49.4135839796759,0.0,49.97309202370654,0.0,45.59502965618256,0.0,45.30177388535376,0.0,0.0,0.0,0.0,0.0,0.0,0.0
10.0,6.63943197159858,0.0039792262658867,0.0039792262633871,0.999992082846234,0.9999920828462332,49.41358396117038,0.0,49.97309161775257,0.0,45.59502965130908,0.0,45.30177379938199,0.0,0.0,0.0,0.0,0.0,0.0,0.0
10.0,6.63968198409921,0.0039792778707753,0.0039792778682779,0.999992082640885,0.999992082640884,49.41358394266372,0.0,49.97309121178425,0.0,45.59502964643542,0.0,45.30177371340706,0.0,0.0,0.0,0.0,0.0,0.0,0.0
10.0,6.63993199659983,0.0039793294768675,0.0039793294743725,0.999992082435528,0.999992082435528,49.41358392415589,0.0,49.97309080580158,0.0,45.59502964156157,0.0,45.301773627428965,0.0,0.0,0.0,0.0,0.0,0.0,0.0
10.0,6.64018200910045,0.0039793810841633,0.0039793810816706,0.999992082230164,0.9999920822301628,49.41358390564691,0.0,49.97309039980456,0.0,45.59502963668754,0.0,45.30177354144772,0.0,0.0,0.0,0.0,0.0,0.0,0.0
10.0,6.64043202160108,0.0039794326926628,0.0039794326901724,0.9999920820247928,0.999992082024792,49.41358388713677,0.0,49.97308999379317,0.0,45.59502963181332,0.0,45.30177345546332,0.0,0.0,0.0,0.0,0.0,0.0,0.0
10.0,6.640682034101711,0.0039794843023657,0.0039794842998776,0.999992081819413,0.999992081819413,49.41358386862548,0.0,49.97308958776745,0.0,45.59502962693893,0.0,45.30177336947576,0.0,0.0,0.0,0.0,0.0,0.0,0.0
10.0,6.64093204660233,0.0039795359132721,0.0039795359107863,0.999992081614027,0.999992081614026,49.41358385011304,0.0,49.97308918172736,0.0,45.59502962206433,0.0,45.30177328348505,0.0,0.0,0.0,0.0,0.0,0.0,0.0
10.0,6.64118205910296,0.0039795875253819,0.0039795875228984,0.999992081408633,0.999992081408632,49.41358383159944,0.0,49.97308877567292,0.0,45.59502961718955,0.0,45.30177319749118,0.0,0.0,0.0,0.0,0.0,0.0,0.0
10.0,6.64143207160358,0.0039796391386951,0.0039796391362139,0.999992081203232,0.9999920812032308,49.413583813084685,0.0,49.97308836960413,0.0,45.5950296123146,0.0,45.30177311149416,0.0,0.0,0.0,0.0,0.0,0.0,0.0
10.0,6.6416820841042,0.0039796907532115,0.0039796907507326,0.999992080997823,0.999992080997822,49.41358379456878,0.0,49.97308796352099,0.0,45.59502960743945,0.0,45.301773025493965,0.0,0.0,0.0,0.0,0.0,0.0,0.0
10.0,6.64193209660483,0.0039797423689312,0.0039797423664547,0.999992080792407,0.999992080792406,49.41358377605171,0.0,49.9730875574235,0.0,45.59502960256412,0.0,45.30177293949063,0.0,0.0,0.0,0.0,0.0,0.0,0.0
10.0,6.64218210910546,0.0039797939858541,0.0039797939833798,0.999992080586983,0.999992080586982,49.413583757533495,0.0,49.97308715131165,0.0,45.5950295976886,0.0,45.30177285348413,0.0,0.0,0.0,0.0,0.0,0.0,0.0
10.0,6.64243212160608,0.0039798456039801,0.0039798456015082,0.999992080381552,0.999992080381551,49.41358373901413,0.0,49.973086745185455,0.0,45.5950295928129,0.0,45.30177276747447,0.0,0.0,0.0,0.0,0.0,0.0,0.0
10.0,6.64268213410671,0.0039798972233092,0.0039798972208396,0.9999920801761129,0.9999920801761129,49.4135837204936,0.0,49.9730863390449,0.0,45.595029587937006,0.0,45.301772681461664,0.0,0.0,0.0,0.0,0.0,0.0,0.0
10.0,6.64293214660733,0.0039799488438414,0.003979948841374,0.999992079970667,0.999992079970666,49.41358370197192,0.0,49.97308593289,0.0,45.59502958306093,0.0,45.30177259544569,0.0,0.0,0.0,0.0,0.0,0.0,0.0
10.0,6.64318215910796,0.0039800004655765,0.0039800004631114,0.999992079765213,0.999992079765213,49.4135836834491,0.0,49.97308552672074,0.0,45.59502957818468,0.0,45.30177250942658,0.0,0.0,0.0,0.0,0.0,0.0,0.0
10.0,6.64343217160858,0.0039800520885145,0.0039800520860517,0.999992079559752,0.999992079559752,49.41358366492511,0.0,49.97308512053713,0.0,45.59502957330823,0.0,45.30177242340429,0.0,0.0,0.0,0.0,0.0,0.0,0.0
10.0,6.64368218410921,0.0039801037126553,0.0039801037101949,0.999992079354284,0.999992079354283,49.41358364639997,0.0,49.97308471433917,0.0,45.5950295684316,0.0,45.30177233737886,0.0,0.0,0.0,0.0,0.0,0.0,0.0
10.0,6.64393219660983,0.003980155337999,0.0039801553355408,0.999992079148808,0.999992079148807,49.413583627873685,0.0,49.97308430812686,0.0,45.59502956355478,0.0,45.30177225135027,0.0,0.0,0.0,0.0,0.0,0.0,0.0
10.0,6.64418220911046,0.0039802069645454,0.0039802069620895,0.999992078943325,0.999992078943324,49.41358360934625,0.0,49.9730839019002,0.0,45.59502955867779,0.0,45.301772165318525,0.0,0.0,0.0,0.0,0.0,0.0,0.0
10.0,6.64443222161108,0.0039802585922945,0.003980258589841,0.999992078737834,0.999992078737833,49.41358359081765,0.0,49.97308349565919,0.0,45.595029553800586,0.0,45.30177207928362,0.0,0.0,0.0,0.0,0.0,0.0,0.0
10.0,6.64468223411171,0.0039803102212463,0.003980310218795,0.999992078532336,0.999992078532335,49.41358357228791,0.0,49.97308308940382,0.0,45.59502954892322,0.0,45.30177199324556,0.0,0.0,0.0,0.0,0.0,0.0,0.0
10.0,6.64493224661233,0.0039803618514006,0.0039803618489517,0.99999207832683,0.999992078326829,49.41358355375701,0.0,49.97308268313411,0.0,45.59502954404566,0.0,45.30177190720435,0.0,0.0,0.0,0.0,0.0,0.0,0.0
10.0,6.64518225911296,0.0039804134827575,0.0039804134803108,0.999992078121317,0.999992078121316,49.41358353522497,0.0,49.97308227685004,0.0,45.59502953916791,0.0,45.30177182115997,0.0,0.0,0.0,0.0,0.0,0.0,0.0
10.0,6.64543227161358,0.0039804651153168,0.0039804651128725,0.999992077915796,0.9999920779157953,49.413583516691766,0.0,49.97308187055162,0.0,45.59502953428999,0.0,45.301771735112446,0.0,0.0,0.0,0.0,0.0,0.0,0.0
10.0,6.6456822841142,0.0039805167490786,0.0039805167466365,0.999992077710268,0.999992077710267,49.41358349815742,0.0,49.97308146423885,0.0,45.59502952941187,0.0,45.30177164906176,0.0,0.0,0.0,0.0,0.0,0.0,0.0
10.0,6.64593229661483,0.0039805683840427,0.003980568381603,0.999992077504733,0.999992077504732,49.41358347962192,0.0,49.973081057911735,0.0,45.595029524533565,0.0,45.30177156300792,0.0,0.0,0.0,0.0,0.0,0.0,0.0
10.0,6.646182309115461,0.0039806200202092,0.0039806200177717,0.999992077299189,0.999992077299189,49.41358346108527,0.0,49.97308065157027,0.0,45.59502951965507,0.0,45.30177147695092,0.0,0.0,0.0,0.0,0.0,0.0,0.0
10.0,6.64643232161608,0.0039806716575779,0.0039806716551427,0.999992077093639,0.999992077093639,49.41358344254747,0.0,49.97308024521444,0.0,45.5950295147764,0.0,45.30177139089077,0.0,0.0,0.0,0.0,0.0,0.0,0.0
10.0,6.64668233411671,0.0039807232961488,0.0039807232937159,0.999992076888081,0.999992076888081,49.41358342400852,0.0,49.97307983884428,0.0,45.595029509897536,0.0,45.30177130482746,0.0,0.0,0.0,0.0,0.0,0.0,0.0
10.0,6.64693234661733,0.0039807749359219,0.0039807749334913,0.999992076682516,0.999992076682515,49.413583405468415,0.0,49.97307943245976,0.0,45.595029505018495,0.0,45.301771218761,0.0,0.0,0.0,0.0,0.0,0.0,0.0
10.0,6.64718235911796,0.003980826576897,0.0039808265744688,0.999992076476943,0.999992076476943,49.413583386927165,0.0,49.97307902606088,0.0,45.59502950013926,0.0,45.30177113269137,0.0,0.0,0.0,0.0,0.0,0.0,0.0
10.0,6.64743237161858,0.0039808782190742,0.0039808782166482,0.9999920762713632,0.999992076271362,49.41358336838476,0.0,49.97307861964765,0.0,45.59502949525985,0.0,45.3017710466186,0.0,0.0,0.0,0.0,0.0,0.0,0.0
10.0,6.64768238411921,0.0039809298624534,0.0039809298600297,0.9999920760657748,0.999992076065774,49.41358334984121,0.0,49.97307821322008,0.0,45.59502949038025,0.0,45.301770960542655,0.0,0.0,0.0,0.0,0.0,0.0,0.0
10.0,6.64793239661983,0.0039809815070345,0.0039809815046131,0.99999207586018,0.999992075860179,49.41358333129652,0.0,49.97307780677816,0.0,45.59502948550045,0.0,45.30177087446357,0.0,0.0,0.0,0.0,0.0,0.0,0.0
10.0,6.64818240912046,0.0039810331528175,0.0039810331503984,0.999992075654577,0.999992075654577,49.41358331275066,0.0,49.97307740032189,0.0,45.59502948062048,0.0,45.301770788381326,0.0,0.0,0.0,0.0,0.0,0.0,0.0
10.0,6.648432421621081,0.0039810847998023,0.0039810847973855,0.999992075448968,0.9999920754489668,49.41358329420366,0.0,49.97307699385127,0.0,45.595029475740326,0.0,45.30177070229592,0.0,0.0,0.0,0.0,0.0,0.0,0.0
10.0,6.64868243412171,0.0039811364479888,0.0039811364455744,0.99999207524335,0.999992075243349,49.41358327565552,0.0,49.97307658736629,0.0,45.59502947085997,0.0,45.30177061620736,0.0,0.0,0.0,0.0,0.0,0.0,0.0
10.0,6.64893244662233,0.0039811880973771,0.003981188094965,0.999992075037725,0.999992075037724,49.41358325710623,0.0,49.973076180866975,0.0,45.59502946597945,0.0,45.30177053011564,0.0,0.0,0.0,0.0,0.0,0.0,0.0
10.0,6.64918245912296,0.0039812397479671,0.0039812397455572,0.999992074832093,0.999992074832092,49.41358323855578,0.0,49.973075774353305,0.0,45.59502946109873,0.0,45.301770444020775,0.0,0.0,0.0,0.0,0.0,0.0,0.0
10.0,6.64943247162358,0.0039812913997586,0.003981291397351,0.999992074626453,0.999992074626452,49.41358322000419,0.0,49.97307536782529,0.0,45.59502945621783,0.0,45.30177035792274,0.0,0.0,0.0,0.0,0.0,0.0,0.0
10.0,6.64968248412421,0.0039813430527517,0.0039813430503464,0.999992074420806,0.999992074420805,49.41358320145145,0.0,49.97307496128292,0.0,45.595029451336735,0.0,45.30177027182155,0.0,0.0,0.0,0.0,0.0,0.0,0.0
10.0,6.64993249662483,0.0039813947069463,0.0039813947045433,0.999992074215151,0.99999207421515,49.41358318289756,0.0,49.9730745547262,0.0,45.595029446455456,0.0,45.30177018571722,0.0,0.0,0.0,0.0,0.0,0.0,0.0
10.0,6.65018250912546,0.0039814463623423,0.0039814463599416,0.999992074009489,0.999992074009488,49.413583164342526,0.0,49.97307414815513,0.0,45.595029441574006,0.0,45.301770099609726,0.0,0.0,0.0,0.0,0.0,0.0,0.0
10.0,6.65043252162608,0.0039814980189397,0.0039814980165413,0.999992073803819,0.999992073803818,49.41358314578635,0.0,49.97307374156972,0.0,45.59502943669236,0.0,45.30177001349907,0.0,0.0,0.0,0.0,0.0,0.0,0.0
10.0,6.65068253412671,0.0039815496767384,0.0039815496743423,0.999992073598142,0.9999920735981408,49.41358312722903,0.0,49.97307333496995,0.0,45.59502943181053,0.0,45.30176992738526,0.0,0.0,0.0,0.0,0.0,0.0,0.0
10.0,6.65093254662733,0.0039816013357384,0.0039816013333446,0.999992073392457,0.999992073392456,49.413583108670544,0.0,49.97307292835584,0.0,45.59502942692851,0.0,45.301769841268296,0.0,0.0,0.0,0.0,0.0,0.0,0.0
10.0,6.65118255912796,0.0039816529959396,0.0039816529935481,0.9999920731867652,0.9999920731867652,49.413583090110926,0.0,49.97307252172737,0.0,45.59502942204631,0.0,45.30176975514818,0.0,0.0,0.0,0.0,0.0,0.0,0.0
10.0,6.65143257162858,0.003981704657342,0.0039817046549528,0.999992072981066,0.999992072981065,49.41358307155016,0.0,49.97307211508456,0.0,45.59502941716392,0.0,45.3017696690249,0.0,0.0,0.0,0.0,0.0,0.0,0.0
10.0,6.651682584129209,0.0039817563199455,0.0039817563175586,0.999992072775359,0.999992072775358,49.41358305298824,0.0,49.973071708427405,0.0,45.59502941228135,0.0,45.30176958289847,0.0,0.0,0.0,0.0,0.0,0.0,0.0
10.0,6.65193259662983,0.00398180798375,0.0039818079813655,0.999992072569645,0.999992072569644,49.41358303442518,0.0,49.97307130175589,0.0,45.59502940739859,0.0,45.30176949676888,0.0,0.0,0.0,0.0,0.0,0.0,0.0
10.0,6.65218260913046,0.0039818596487556,0.0039818596463733,0.999992072363923,0.999992072363922,49.41358301586097,0.0,49.97307089507004,0.0,45.59502940251564,0.0,45.30176941063614,0.0,0.0,0.0,0.0,0.0,0.0,0.0
10.0,6.65243262163108,0.0039819113149621,0.0039819113125821,0.999992072158194,0.999992072158193,49.41358299729562,0.0,49.97307048836984,0.0,45.59502939763251,0.0,45.30176932450024,0.0,0.0,0.0,0.0,0.0,0.0,0.0
10.0,6.65268263413171,0.0039819629823695,0.0039819629799918,0.999992071952457,0.999992071952456,49.41358297872912,0.0,49.97307008165527,0.0,45.59502939274919,0.0,45.30176923836118,0.0,0.0,0.0,0.0,0.0,0.0,0.0
10.0,6.65293264663233,0.0039820146509777,0.0039820146486023,0.999992071746712,0.999992071746712,49.41358296016149,0.0,49.97306967492637,0.0,45.595029387865694,0.0,45.301769152218974,0.0,0.0,0.0,0.0,0.0,0.0,0.0
10.0,6.65318265913296,0.0039820663207867,0.0039820663184136,0.999992071540961,0.99999207154096,49.413582941592686,0.0,49.97306926818313,0.0,45.595029382982005,0.0,45.3017690660736,0.0,0.0,0.0,0.0,0.0,0.0,0.0
10.0,6.65343267163358,0.0039821179917965,0.0039821179894257,0.999992071335202,0.999992071335201,49.41358292302275,0.0,49.97306886142553,0.0,45.595029378098126,0.0,45.30176897992508,0.0,0.0,0.0,0.0,0.0,0.0,0.0
10.0,6.65368268413421,0.0039821696640069,0.0039821696616384,0.9999920711294352,0.999992071129434,49.41358290445167,0.0,49.97306845465359,0.0,45.59502937321407,0.0,45.301768893773406,0.0,0.0,0.0,0.0,0.0,0.0,0.0
10.0,6.653932696634831,0.0039822213374179,0.0039822213350517,0.9999920709236612,0.9999920709236602,49.41358288587946,0.0,49.9730680478673,0.0,45.59502936832983,0.0,45.30176880761856,0.0,0.0,0.0,0.0,0.0,0.0,0.0
10.0,6.65418270913546,0.0039822730120295,0.0039822730096656,0.99999207071788,0.999992070717879,49.41358286730609,0.0,49.973067641066656,0.0,45.59502936344539,0.0,45.301768721460576,0.0,0.0,0.0,0.0,0.0,0.0,0.0
10.0,6.65443272163608,0.0039823246878416,0.00398232468548,0.999992070512091,0.99999207051209,49.41358284873158,0.0,49.97306723425167,0.0,45.59502935856077,0.0,45.30176863529943,0.0,0.0,0.0,0.0,0.0,0.0,0.0
10.0,6.65468273413671,0.0039823763648541,0.0039823763624948,0.999992070306295,0.999992070306294,49.41358283015592,0.0,49.97306682742234,0.0,45.59502935367597,0.0,45.30176854913512,0.0,0.0,0.0,0.0,0.0,0.0,0.0
10.0,6.65493274663733,0.0039824280430671,0.0039824280407101,0.999992070100491,0.99999207010049,49.413582811579126,0.0,49.97306642057866,0.0,45.59502934879099,0.0,45.30176846296766,0.0,0.0,0.0,0.0,0.0,0.0,0.0
10.0,6.65518275913796,0.0039824797224804,0.0039824797201257,0.99999206989468,0.999992069894679,49.41358279300118,0.0,49.97306601372063,0.0,45.59502934390581,0.0,45.30176837679704,0.0,0.0,0.0,0.0,0.0,0.0,0.0
10.0,6.65543277163858,0.003982531403094,0.0039825314007416,0.999992069688861,0.99999206968886,49.413582774422096,0.0,49.97306560684825,0.0,45.595029339020456,0.0,45.30176829062327,0.0,0.0,0.0,0.0,0.0,0.0,0.0
10.0,6.65568278413921,0.0039825830849078,0.0039825830825577,0.999992069483035,0.999992069483034,49.413582755841865,0.0,49.97306519996154,0.0,45.59502933413491,0.0,45.30176820444635,0.0,0.0,0.0,0.0,0.0,0.0,0.0
10.0,6.65593279663983,0.0039826347679218,0.003982634765574,0.999992069277201,0.999992069277201,49.4135827372605,0.0,49.97306479306047,0.0,45.59502932924918,0.0,45.30176811826625,0.0,0.0,0.0,0.0,0.0,0.0,0.0
10.0,6.65618280914046,0.003982686452136,0.0039826864497904,0.99999206907136,0.99999206907136,49.41358271867798,0.0,49.97306438614505,0.0,45.59502932436325,0.0,45.30176803208303,0.0,0.0,0.0,0.0,0.0,0.0,0.0
10.0,6.65643282164108,0.0039827381375502,0.0039827381352069,0.999992068865512,0.999992068865511,49.41358270009432,0.0,49.97306397921529,0.0,45.59502931947716,0.0,45.30176794589663,0.0,0.0,0.0,0.0,0.0,0.0,0.0
10.0,6.65668283414171,0.0039827898241644,0.0039827898218235,0.9999920686596558,0.999992068659655,49.41358268150952,0.0,49.97306357227118,0.0,45.59502931459087,0.0,45.30176785970707,0.0,0.0,0.0,0.0,0.0,0.0,0.0
10.0,6.65693284664233,0.0039828415119786,0.0039828415096399,0.999992068453793,0.999992068453792,49.41358266292358,0.0,49.97306316531272,0.0,45.5950293097044,0.0,45.30176777351437,0.0,0.0,0.0,0.0,0.0,0.0,0.0
10.0,6.657182859142959,0.0039828932009927,0.0039828931986563,0.999992068247922,0.999992068247921,49.41358264433649,0.0,49.97306275833993,0.0,45.595029304817736,0.0,45.3017676873185,0.0,0.0,0.0,0.0,0.0,0.0,0.0
10.0,6.65743287164358,0.0039829448912066,0.0039829448888726,0.9999920680420432,0.999992068042043,49.41358262574827,0.0,49.97306235135278,0.0,45.595029299930886,0.0,45.30176760111948,0.0,0.0,0.0,0.0,0.0,0.0,0.0
10.0,6.65768288414421,0.0039829965826204,0.0039829965802886,0.999992067836158,0.999992067836157,49.4135826071589,0.0,49.97306194435128,0.0,45.59502929504386,0.0,45.30176751491732,0.0,0.0,0.0,0.0,0.0,0.0,0.0
10.0,6.65793289664483,0.0039830482752339,0.0039830482729044,0.999992067630264,0.999992067630264,49.4135825885684,0.0,49.973061537335454,0.0,45.59502929015664,0.0,45.30176742871198,0.0,0.0,0.0,0.0,0.0,0.0,0.0
10.0,6.65818290914546,0.0039830999690471,0.0039830999667199,0.999992067424364,0.999992067424363,49.41358256997674,0.0,49.97306113030526,0.0,45.595029285269234,0.0,45.301767342503496,0.0,0.0,0.0,0.0,0.0,0.0,0.0
10.0,6.65843292164608,0.0039831516640599,0.003983151661735,0.999992067218456,0.999992067218455,49.41358255138395,0.0,49.97306072326072,0.0,45.59502928038165,0.0,45.301767256291846,0.0,0.0,0.0,0.0,0.0,0.0,0.0
10.0,6.65868293414671,0.0039832033602723,0.0039832033579497,0.99999206701254,0.99999206701254,49.413582532790016,0.0,49.97306031620185,0.0,45.59502927549387,0.0,45.301767170077056,0.0,0.0,0.0,0.0,0.0,0.0,0.0
10.0,6.65893294664733,0.0039832550576842,0.0039832550553639,0.999992066806617,0.999992066806617,49.41358251419494,0.0,49.97305990912863,0.0,45.59502927060591,0.0,45.3017670838591,0.0,0.0,0.0,0.0,0.0,0.0,0.0
10.0,6.65918295914796,0.0039833067562956,0.0039833067539776,0.999992066600687,0.9999920666006858,49.41358249559873,0.0,49.97305950204108,0.0,45.59502926571778,0.0,45.30176699763799,0.0,0.0,0.0,0.0,0.0,0.0,0.0
10.0,6.659432971648579,0.0039833584561064,0.0039833584537907,0.999992066394749,0.999992066394748,49.41358247700138,0.0,49.973059094939146,0.0,45.59502926082944,0.0,45.30176691141373,0.0,0.0,0.0,0.0,0.0,0.0,0.0
10.0,6.65968298414921,0.0039834101571166,0.0039834101548032,0.999992066188804,0.9999920661888028,49.413582458402885,0.0,49.9730586878229,0.0,45.59502925594092,0.0,45.3017668251863,0.0,0.0,0.0,0.0,0.0,0.0,0.0
10.0,6.65993299664983,0.0039834618593261,0.003983461857015,0.9999920659828508,0.9999920659828498,49.41358243980325,0.0,49.97305828069229,0.0,45.59502925105222,0.0,45.30176673895572,0.0,0.0,0.0,0.0,0.0,0.0,0.0
10.0,6.66018300915046,0.0039835135627349,0.003983513560426,0.99999206577689,0.99999206577689,49.41358242120247,0.0,49.97305787354735,0.0,45.595029246163335,0.0,45.301766652722,0.0,0.0,0.0,0.0,0.0,0.0,0.0
10.0,6.66043302165108,0.0039835652673428,0.0039835652650363,0.999992065570923,0.999992065570922,49.41358240260056,0.0,49.97305746638805,0.0,45.59502924127426,0.0,45.30176656648511,0.0,0.0,0.0,0.0,0.0,0.0,0.0
10.0,6.66068303415171,0.0039836169731499,0.0039836169708456,0.999992065364948,0.999992065364947,49.41358238399752,0.0,49.97305705921441,0.0,45.595029236385,0.0,45.30176648024506,0.0,0.0,0.0,0.0,0.0,0.0,0.0
10.0,6.66093304665233,0.0039836686801561,0.0039836686778541,0.999992065158965,0.999992065158964,49.41358236539333,0.0,49.97305665202643,0.0,45.59502923149555,0.0,45.301766394001866,0.0,0.0,0.0,0.0,0.0,0.0,0.0
10.0,6.66118305915296,0.0039837203883613,0.0039837203860616,0.999992064952975,0.999992064952974,49.41358234678798,0.0,49.97305624482411,0.0,45.59502922660592,0.0,45.3017663077555,0.0,0.0,0.0,0.0,0.0,0.0,0.0
10.0,6.66143307165358,0.0039837720977654,0.0039837720954681,0.999992064746978,0.999992064746977,49.41358232818152,0.0,49.97305583760743,0.0,45.5950292217161,0.0,45.30176622150599,0.0,0.0,0.0,0.0,0.0,0.0,0.0
10.0,6.66168308415421,0.0039838238083686,0.0039838238060735,0.999992064540973,0.999992064540972,49.41358230957391,0.0,49.97305543037642,0.0,45.59502921682611,0.0,45.30176613525333,0.0,0.0,0.0,0.0,0.0,0.0,0.0
10.0,6.66193309665483,0.0039838755201705,0.0039838755178778,0.99999206433496,0.999992064334959,49.41358229096517,0.0,49.97305502313106,0.0,45.59502921193591,0.0,45.3017660489975,0.0,0.0,0.0,0.0,0.0,0.0,0.0
10.0,6.66218310915546,0.0039839272331714,0.0039839272308809,0.99999206412894,0.99999206412894,49.41358227235528,0.0,49.97305461587136,0.0,45.59502920704554,0.0,45.30176596273853,0.0,0.0,0.0,0.0,0.0,0.0,0.0
10.0,6.66243312165608,0.0039839789473709,0.0039839789450827,0.999992063922913,0.999992063922913,49.41358225374425,0.0,49.9730542085973,0.0,45.59502920215498,0.0,45.30176587647639,0.0,0.0,0.0,0.0,0.0,0.0,0.0
10.0,6.66268313415671,0.0039840306627692,0.0039840306604833,0.999992063716878,0.999992063716878,49.4135822351321,0.0,49.97305380130892,0.0,45.59502919726424,0.0,45.3017657902111,0.0,0.0,0.0,0.0,0.0,0.0,0.0
10.0,6.66293314665733,0.0039840823793661,0.0039840823770825,0.999992063510836,0.999992063510835,49.4135822165188,0.0,49.97305339400617,0.0,45.5950291923733,0.0,45.30176570394266,0.0,0.0,0.0,0.0,0.0,0.0,0.0
10.0,6.66318315915796,0.0039841340971616,0.0039841340948803,0.999992063304787,0.999992063304786,49.41358219790436,0.0,49.97305298668909,0.0,45.59502918748219,0.0,45.30176561767106,0.0,0.0,0.0,0.0,0.0,0.0,0.0
10.0,6.66343317165858,0.0039841858161557,0.0039841858138767,0.99999206309873,0.999992063098729,49.41358217928879,0.0,49.97305257935767,0.0,45.595029182590885,0.0,45.3017655313963,0.0,0.0,0.0,0.0,0.0,0.0,0.0
10.0,6.66368318415921,0.0039842375363483,0.0039842375340715,0.999992062892665,0.999992062892664,49.41358216067208,0.0,49.9730521720119,0.0,45.5950291776994,0.0,45.301765445118384,0.0,0.0,0.0,0.0,0.0,0.0,0.0
10.0,6.66393319665983,0.0039842892577392,0.0039842892554648,0.999992062686593,0.999992062686592,49.41358214205423,0.0,49.973051764651785,0.0,45.59502917280772,0.0,45.30176535883732,0.0,0.0,0.0,0.0,0.0,0.0,0.0
10.0,6.66418320916046,0.0039843409803286,0.0039843409780565,0.999992062480514,0.9999920624805128,49.41358212343525,0.0,49.973051357277335,0.0,45.59502916791587,0.0,45.30176527255309,0.0,0.0,0.0,0.0,0.0,0.0,0.0
10.0,6.66443322166108,0.0039843927041163,0.0039843927018464,0.999992062274427,0.999992062274426,49.41358210481512,0.0,49.97305094988854,0.0,45.59502916302382,0.0,45.30176518626572,0.0,0.0,0.0,0.0,0.0,0.0,0.0
10.0,6.66468323416171,0.0039844444291023,0.0039844444268347,0.999992062068332,0.999992062068332,49.41358208619388,0.0,49.97305054248539,0.0,45.59502915813159,0.0,45.30176509997519,0.0,0.0,0.0,0.0,0.0,0.0,0.0
10.0,6.66493324666233,0.0039844961552865,0.0039844961530212,0.999992061862231,0.99999206186223,49.41358206757147,0.0,49.97305013506791,0.0,45.59502915323917,0.0,45.30176501368149,0.0,0.0,0.0,0.0,0.0,0.0,0.0
10.0,6.66518325916296,0.0039845478826688,0.0039845478804058,0.999992061656121,0.999992061656121,49.41358204894794,0.0,49.97304972763608,0.0,45.59502914834657,0.0,45.301764927384646,0.0,0.0,0.0,0.0,0.0,0.0,0.0
10.0,6.66543327166358,0.0039845996112493,0.0039845996089886,0.999992061450005,0.999992061450004,49.41358203032328,0.0,49.97304932018991,0.0,45.59502914345378,0.0,45.30176484108465,0.0,0.0,0.0,0.0,0.0,0.0,0.0
10.0,6.66568328416421,0.0039846513410278,0.0039846513387693,0.99999206124388,0.99999206124388,49.413582011697486,0.0,49.9730489127294,0.0,45.5950291385608,0.0,45.30176475478148,0.0,0.0,0.0,0.0,0.0,0.0,0.0
10.0,6.66593329666483,0.0039847030720043,0.0039847030697481,0.999992061037749,0.9999920610377478,49.413581993070544,0.0,49.97304850525454,0.0,45.59502913366765,0.0,45.30176466847517,0.0,0.0,0.0,0.0,0.0,0.0,0.0
10.0,6.66618330916546,0.0039847548041787,0.0039847548019249,0.99999206083161,0.999992060831609,49.41358197444248,0.0,49.973048097765336,0.0,45.5950291287743,0.0,45.30176458216571,0.0,0.0,0.0,0.0,0.0,0.0,0.0
10.0,6.66643332166608,0.0039848065375511,0.0039848065352995,0.999992060625463,0.999992060625463,49.41358195581327,0.0,49.973047690261794,0.0,45.59502912388077,0.0,45.30176449585308,0.0,0.0,0.0,0.0,0.0,0.0,0.0
10.0,6.66668333416671,0.0039848582721212,0.003984858269872,0.99999206041931,0.999992060419309,49.41358193718293,0.0,49.97304728274391,0.0,45.59502911898706,0.0,45.301764409537306,0.0,0.0,0.0,0.0,0.0,0.0,0.0
10.0,6.66693334666733,0.0039849100078892,0.0039849100056422,0.999992060213148,0.9999920602131468,49.41358191855145,0.0,49.973046875211686,0.0,45.59502911409315,0.0,45.30176432321837,0.0,0.0,0.0,0.0,0.0,0.0,0.0
10.0,6.66718335916796,0.0039849617448548,0.0039849617426102,0.999992060006979,0.999992060006978,49.413581899918846,0.0,49.97304646766512,0.0,45.59502910919906,0.0,45.30176423689628,0.0,0.0,0.0,0.0,0.0,0.0,0.0
10.0,6.66743337166858,0.0039850134830182,0.0039850134807758,0.999992059800803,0.999992059800802,49.413581881285104,0.0,49.97304606010421,0.0,45.5950291043048,0.0,45.30176415057103,0.0,0.0,0.0,0.0,0.0,0.0,0.0
10.0,6.66768338416921,0.0039850652223792,0.0039850652201391,0.999992059594619,0.999992059594618,49.41358186265022,0.0,49.97304565252896,0.0,45.595029099410326,0.0,45.30176406424263,0.0,0.0,0.0,0.0,0.0,0.0,0.0
10.0,6.66793339666983,0.0039851169629377,0.0039851169606999,0.999992059388428,0.999992059388428,49.4135818440142,0.0,49.97304524493936,0.0,45.59502909451569,0.0,45.30176397791107,0.0,0.0,0.0,0.0,0.0,0.0,0.0
10.0,6.66818340917046,0.0039851687046937,0.0039851687024582,0.99999205918223,0.999992059182229,49.413581825377065,0.0,49.97304483733543,0.0,45.59502908962085,0.0,45.30176389157636,0.0,0.0,0.0,0.0,0.0,0.0,0.0
10.0,6.66843342167108,0.0039852204476472,0.003985220445414,0.9999920589760228,0.9999920589760228,49.41358180673878,0.0,49.97304442971715,0.0,45.59502908472584,0.0,45.301763805238494,0.0,0.0,0.0,0.0,0.0,0.0,0.0
10.0,6.66868343417171,0.0039852721917981,0.0039852721895671,0.99999205876981,0.9999920587698088,49.41358178809937,0.0,49.97304402208453,0.0,45.59502907983063,0.0,45.30176371889747,0.0,0.0,0.0,0.0,0.0,0.0,0.0
10.0,6.66893344667233,0.0039853239371463,0.0039853239349176,0.9999920585635892,0.999992058563588,49.41358176945882,0.0,49.973043614437564,0.0,45.59502907493525,0.0,45.301763632553296,0.0,0.0,0.0,0.0,0.0,0.0,0.0
10.0,6.66918345917296,0.0039853756836918,0.0039853756814654,0.99999205835736,0.99999205835736,49.41358175081714,0.0,49.97304320677627,0.0,45.59502907003967,0.0,45.301763546205954,0.0,0.0,0.0,0.0,0.0,0.0,0.0
10.0,6.66943347167358,0.0039854274314346,0.0039854274292105,0.999992058151125,0.999992058151124,49.413581732174336,0.0,49.97304279910062,0.0,45.59502906514391,0.0,45.301763459855465,0.0,0.0,0.0,0.0,0.0,0.0,0.0
10.0,6.669683484174211,0.0039854791803745,0.0039854791781527,0.9999920579448812,0.9999920579448812,49.41358171353039,0.0,49.97304239141063,0.0,45.59502906024797,0.0,45.30176337350183,0.0,0.0,0.0,0.0,0.0,0.0,0.0
10.0,6.66993349667483,0.0039855309305116,0.003985530928292,0.99999205773863,0.99999205773863,49.41358169488532,0.0,49.97304198370631,0.0,45.59502905535184,0.0,45.30176328714502,0.0,0.0,0.0,0.0,0.0,0.0,0.0
10.0,6.67018350917546,0.0039855826818457,0.0039855826796285,0.999992057532372,0.999992057532371,49.413581676239104,0.0,49.97304157598764,0.0,45.59502905045552,0.0,45.301763200785054,0.0,0.0,0.0,0.0,0.0,0.0,0.0
10.0,6.67043352167608,0.0039856344343768,0.0039856344321619,0.999992057326107,0.999992057326106,49.41358165759176,0.0,49.97304116825463,0.0,45.595029045559016,0.0,45.301763114421945,0.0,0.0,0.0,0.0,0.0,0.0,0.0
10.0,6.67068353417671,0.0039856861881049,0.0039856861858923,0.999992057119834,0.999992057119833,49.41358163894329,0.0,49.97304076050729,0.0,45.59502904066232,0.0,45.30176302805568,0.0,0.0,0.0,0.0,0.0,0.0,0.0
10.0,6.67093354667733,0.0039857379430299,0.0039857379408196,0.999992056913553,0.999992056913552,49.41358162029369,0.0,49.9730403527456,0.0,45.59502903576545,0.0,45.30176294168626,0.0,0.0,0.0,0.0,0.0,0.0,0.0
10.0,6.67118355917796,0.0039857896991518,0.0039857896969437,0.9999920567072648,0.999992056707264,49.41358160164295,0.0,49.97303994496957,0.0,45.59502903086839,0.0,45.30176285531368,0.0,0.0,0.0,0.0,0.0,0.0,0.0
10.0,6.67143357167858,0.0039858414564705,0.0039858414542647,0.999992056500969,0.999992056500969,49.41358158299109,0.0,49.97303953717919,0.0,45.59502902597114,0.0,45.30176276893796,0.0,0.0,0.0,0.0,0.0,0.0,0.0
10.0,6.67168358417921,0.0039858932149859,0.0039858932127824,0.999992056294667,0.999992056294666,49.41358156433808,0.0,49.97303912937448,0.0,45.595029021073714,0.0,45.30176268255906,0.0,0.0,0.0,0.0,0.0,0.0,0.0
10.0,6.671933596679831,0.003985944974698,0.0039859449724967,0.999992056088356,0.999992056088355,49.413581545683954,0.0,49.97303872155543,0.0,45.5950290161761,0.0,45.30176259617701,0.0,0.0,0.0,0.0,0.0,0.0,0.0
10.0,6.67218360918046,0.0039859967356067,0.0039859967334078,0.999992055882038,0.999992055882037,49.4135815270287,0.0,49.97303831372204,0.0,45.59502901127829,0.0,45.30176250979181,0.0,0.0,0.0,0.0,0.0,0.0,0.0
10.0,6.67243362168108,0.003986048497712,0.0039860484955154,0.999992055675713,0.999992055675712,49.4135815083723,0.0,49.97303790587431,0.0,45.5950290063803,0.0,45.30176242340346,0.0,0.0,0.0,0.0,0.0,0.0,0.0
10.0,6.67268363418171,0.0039861002610139,0.0039861002588195,0.99999205546938,0.99999205546938,49.41358148971478,0.0,49.97303749801223,0.0,45.59502900148213,0.0,45.30176233701195,0.0,0.0,0.0,0.0,0.0,0.0,0.0
10.0,6.67293364668233,0.0039861520255122,0.0039861520233201,0.99999205526304,0.999992055263039,49.41358147105613,0.0,49.97303709013583,0.0,45.59502899658378,0.0,45.30176225061729,0.0,0.0,0.0,0.0,0.0,0.0,0.0
10.0,6.67318365918296,0.0039862037912069,0.0039862037890171,0.999992055056692,0.999992055056692,49.41358145239634,0.0,49.97303668224507,0.0,45.59502899168522,0.0,45.30176216421947,0.0,0.0,0.0,0.0,0.0,0.0,0.0
10.0,6.67343367168358,0.003986255558098,0.0039862555559105,0.9999920548503368,0.9999920548503368,49.41358143373544,0.0,49.973036274339975,0.0,45.595028986786495,0.0,45.301762077818495,0.0,0.0,0.0,0.0,0.0,0.0,0.0
10.0,6.67368368418421,0.0039863073261854,0.0039863073240001,0.999992054643975,0.999992054643974,49.4135814150734,0.0,49.97303586642055,0.0,45.59502898188757,0.0,45.30176199141436,0.0,0.0,0.0,0.0,0.0,0.0,0.0
10.0,6.67393369668483,0.003986359095469,0.0039863590932861,0.999992054437605,0.999992054437604,49.41358139641023,0.0,49.973035458486784,0.0,45.59502897698847,0.0,45.30176190500708,0.0,0.0,0.0,0.0,0.0,0.0,0.0
10.0,6.67418370918546,0.0039864108659489,0.0039864108637682,0.999992054231228,0.999992054231227,49.41358137774593,0.0,49.97303505053867,0.0,45.59502897208919,0.0,45.30176181859663,0.0,0.0,0.0,0.0,0.0,0.0,0.0
10.0,6.67443372168608,0.0039864626376248,0.0039864626354465,0.999992054024843,0.999992054024842,49.4135813590805,0.0,49.973034642576216,0.0,45.59502896718971,0.0,45.30176173218303,0.0,0.0,0.0,0.0,0.0,0.0,0.0
10.0,6.67468373418671,0.0039865144104969,0.0039865144083208,0.99999205381845,0.99999205381845,49.41358134041394,0.0,49.97303423459943,0.0,45.59502896229005,0.0,45.30176164576629,0.0,0.0,0.0,0.0,0.0,0.0,0.0
10.0,6.67493374668733,0.003986566184565,0.0039865661823912,0.999992053612051,0.99999205361205,49.41358132174626,0.0,49.9730338266083,0.0,45.595028957390205,0.0,45.30176155934637,0.0,0.0,0.0,0.0,0.0,0.0,0.0
10.0,6.675183759187959,0.0039866179598291,0.0039866179576576,0.999992053405644,0.999992053405643,49.41358130307744,0.0,49.97303341860284,0.0,45.595028952490175,0.0,45.30176147292331,0.0,0.0,0.0,0.0,0.0,0.0,0.0
10.0,6.67543377168858,0.0039866697362892,0.0039866697341199,0.999992053199229,0.999992053199228,49.4135812844075,0.0,49.97303301058303,0.0,45.59502894758995,0.0,45.30176138649709,0.0,0.0,0.0,0.0,0.0,0.0,0.0
10.0,6.67568378418921,0.0039867215139451,0.0039867215117781,0.999992052992807,0.999992052992806,49.413581265736426,0.0,49.97303260254888,0.0,45.59502894268955,0.0,45.30176130006772,0.0,0.0,0.0,0.0,0.0,0.0,0.0
10.0,6.67593379668983,0.0039867732927968,0.0039867732906321,0.999992052786377,0.999992052786377,49.41358124706423,0.0,49.973032194500405,0.0,45.59502893778896,0.0,45.30176121363518,0.0,0.0,0.0,0.0,0.0,0.0,0.0
10.0,6.67618380919046,0.0039868250728442,0.0039868250706818,0.99999205257994,0.99999205257994,49.4135812283909,0.0,49.97303178643759,0.0,45.59502893288819,0.0,45.30176112719951,0.0,0.0,0.0,0.0,0.0,0.0,0.0
10.0,6.67643382169108,0.0039868768540874,0.0039868768519273,0.999992052373496,0.999992052373495,49.41358120971644,0.0,49.973031378360425,0.0,45.59502892798723,0.0,45.30176104076067,0.0,0.0,0.0,0.0,0.0,0.0,0.0
10.0,6.67668383419171,0.0039869286365263,0.0039869286343684,0.999992052167044,0.999992052167043,49.413581191040855,0.0,49.97303097026892,0.0,45.59502892308608,0.0,45.30176095431867,0.0,0.0,0.0,0.0,0.0,0.0,0.0
10.0,6.67693384669233,0.0039869804201607,0.0039869804180051,0.999992051960585,0.9999920519605842,49.41358117236416,0.0,49.973030562163096,0.0,45.59502891818475,0.0,45.301760867873526,0.0,0.0,0.0,0.0,0.0,0.0,0.0
10.0,6.67718385919296,0.0039870322049907,0.0039870322028374,0.999992051754118,0.9999920517541172,49.41358115368632,0.0,49.97303015404292,0.0,45.59502891328323,0.0,45.30176078142522,0.0,0.0,0.0,0.0,0.0,0.0,0.0
10.0,6.677433871693581,0.0039870839910161,0.0039870839888652,0.999992051547644,0.999992051547643,49.41358113500736,0.0,49.973029745908406,0.0,45.59502890838153,0.0,45.30176069497376,0.0,0.0,0.0,0.0,0.0,0.0,0.0
10.0,6.67768388419421,0.003987135778237,0.0039871357760883,0.999992051341162,0.999992051341161,49.41358111632725,0.0,49.97302933775955,0.0,45.59502890347964,0.0,45.30176060851914,0.0,0.0,0.0,0.0,0.0,0.0,0.0
10.0,6.67793389669483,0.0039871875666533,0.0039871875645069,0.999992051134673,0.9999920511346722,49.413581097646045,0.0,49.97302892959636,0.0,45.59502889857757,0.0,45.30176052206137,0.0,0.0,0.0,0.0,0.0,0.0,0.0
10.0,6.67818390919546,0.0039872393562649,0.0039872393541208,0.999992050928176,0.999992050928176,49.413581078963695,0.0,49.97302852141883,0.0,45.59502889367531,0.0,45.30176043560044,0.0,0.0,0.0,0.0,0.0,0.0,0.0
10.0,6.67843392169608,0.0039872911470718,0.00398729114493,0.999992050721672,0.999992050721672,49.41358106028023,0.0,49.97302811322697,0.0,45.59502888877286,0.0,45.301760349136366,0.0,0.0,0.0,0.0,0.0,0.0,0.0
10.0,6.67868393419671,0.0039873429390739,0.0039873429369344,0.999992050515161,0.99999205051516,49.41358104159564,0.0,49.97302770502077,0.0,45.59502888387023,0.0,45.30176026266913,0.0,0.0,0.0,0.0,0.0,0.0,0.0
10.0,6.67893394669733,0.0039873947322712,0.0039873947301339,0.999992050308642,0.999992050308641,49.41358102290992,0.0,49.97302729680023,0.0,45.59502887896741,0.0,45.301760176198734,0.0,0.0,0.0,0.0,0.0,0.0,0.0
10.0,6.67918395919796,0.0039874465266636,0.0039874465245286,0.999992050102116,0.999992050102115,49.41358100422306,0.0,49.97302688856535,0.0,45.5950288740644,0.0,45.30176008972519,0.0,0.0,0.0,0.0,0.0,0.0,0.0
10.0,6.67943397169859,0.003987498322251,0.0039874983201183,0.999992049895582,0.999992049895581,49.41358098553509,0.0,49.97302648031614,0.0,45.59502886916122,0.0,45.30176000324849,0.0,0.0,0.0,0.0,0.0,0.0,0.0
10.0,6.67968398419921,0.0039875501190334,0.003987550116903,0.99999204968904,0.99999204968904,49.41358096684599,0.0,49.97302607205259,0.0,45.59502886425784,0.0,45.30175991676864,0.0,0.0,0.0,0.0,0.0,0.0,0.0
10.0,6.67993399669983,0.0039876019170108,0.0039876019148826,0.999992049482492,0.999992049482491,49.41358094815577,0.0,49.9730256637747,0.0,45.59502885935428,0.0,45.30175983028562,0.0,0.0,0.0,0.0,0.0,0.0,0.0
10.0,6.68018400920046,0.0039876537161831,0.0039876537140572,0.9999920492759348,0.9999920492759348,49.41358092946442,0.0,49.97302525548248,0.0,45.59502885445054,0.0,45.30175974379945,0.0,0.0,0.0,0.0,0.0,0.0,0.0
10.0,6.68043402170109,0.0039877055165502,0.0039877055144266,0.999992049069372,0.999992049069371,49.41358091077196,0.0,49.97302484717592,0.0,45.5950288495466,0.0,45.30175965731013,0.0,0.0,0.0,0.0,0.0,0.0,0.0
10.0,6.680684034201709,0.0039877573181121,0.0039877573159907,0.9999920488628012,0.9999920488628,49.41358089207835,0.0,49.97302443885502,0.0,45.595028844642485,0.0,45.30175957081766,0.0,0.0,0.0,0.0,0.0,0.0,0.0
10.0,6.68093404670234,0.0039878091208687,0.0039878091187496,0.999992048656222,0.999992048656222,49.41358087338363,0.0,49.973024030519774,0.0,45.59502883973818,0.0,45.30175948432203,0.0,0.0,0.0,0.0,0.0,0.0,0.0
10.0,6.68118405920296,0.00398786092482,0.0039878609227032,0.999992048449636,0.999992048449636,49.41358085468779,0.0,49.97302362217021,0.0,45.59502883483369,0.0,45.30175939782324,0.0,0.0,0.0,0.0,0.0,0.0,0.0
10.0,6.68143407170358,0.0039879127299659,0.0039879127278514,0.999992048243043,0.999992048243042,49.413580835990814,0.0,49.97302321380629,0.0,45.59502882992902,0.0,45.3017593113213,0.0,0.0,0.0,0.0,0.0,0.0,0.0
10.0,6.68168408420421,0.0039879645363063,0.0039879645341941,0.999992048036442,0.999992048036441,49.413580817292726,0.0,49.97302280542806,0.0,45.595028825024166,0.0,45.3017592248162,0.0,0.0,0.0,0.0,0.0,0.0,0.0
10.0,6.68193409670484,0.0039880163438413,0.0039880163417314,0.999992047829834,0.999992047829833,49.4135807985935,0.0,49.97302239703547,0.0,45.59502882011911,0.0,45.30175913830794,0.0,0.0,0.0,0.0,0.0,0.0,0.0
10.0,6.68218410920546,0.0039880681525707,0.0039880681504631,0.999992047623218,0.999992047623217,49.41358077989316,0.0,49.97302198862855,0.0,45.59502881521388,0.0,45.301759051796544,0.0,0.0,0.0,0.0,0.0,0.0,0.0
10.0,6.68243412170608,0.0039881199624946,0.0039881199603892,0.999992047416595,0.999992047416594,49.4135807611917,0.0,49.9730215802073,0.0,45.595028810308456,0.0,45.30175896528198,0.0,0.0,0.0,0.0,0.0,0.0,0.0
10.0,6.68268413420671,0.0039881717736128,0.0039881717715097,0.999992047209964,0.999992047209963,49.41358074248912,0.0,49.973021171771705,0.0,45.59502880540286,0.0,45.30175887876426,0.0,0.0,0.0,0.0,0.0,0.0,0.0
10.0,6.68293414670734,0.0039882235859252,0.0039882235838244,0.999992047003326,0.999992047003325,49.4135807237854,0.0,49.97302076332178,0.0,45.59502880049706,0.0,45.30175879224339,0.0,0.0,0.0,0.0,0.0,0.0,0.0
10.0,6.68318415920796,0.0039882753994319,0.0039882753973334,0.999992046796681,0.99999204679668,49.41358070508057,0.0,49.973020354857525,0.0,45.59502879559109,0.0,45.301758705719365,0.0,0.0,0.0,0.0,0.0,0.0,0.0
10.0,6.68343417170859,0.0039883272141328,0.0039883272120366,0.999992046590028,0.999992046590027,49.413580686374615,0.0,49.97301994637893,0.0,45.595028790684935,0.0,45.30175861919218,0.0,0.0,0.0,0.0,0.0,0.0,0.0
10.0,6.68368418420921,0.0039883790300278,0.0039883790279339,0.999992046383367,0.999992046383366,49.41358066766754,0.0,49.973019537886,0.0,45.59502878577859,0.0,45.30175853266184,0.0,0.0,0.0,0.0,0.0,0.0,0.0
10.0,6.68393419670983,0.0039884308471169,0.0039884308450252,0.999992046176699,0.999992046176699,49.41358064895934,0.0,49.973019129378734,0.0,45.595028780872056,0.0,45.301758446128346,0.0,0.0,0.0,0.0,0.0,0.0,0.0
10.0,6.68418420921046,0.0039884826654001,0.0039884826633106,0.999992045970024,0.999992045970023,49.41358063025002,0.0,49.97301872085713,0.0,45.59502877596533,0.0,45.3017583595917,0.0,0.0,0.0,0.0,0.0,0.0,0.0
10.0,6.68443422171109,0.0039885344848771,0.00398853448279,0.999992045763341,0.9999920457633408,49.41358061153957,0.0,49.9730183123212,0.0,45.59502877105843,0.0,45.3017582730519,0.0,0.0,0.0,0.0,0.0,0.0,0.0
10.0,6.68468423421171,0.0039885863055481,0.0039885863034632,0.999992045556651,0.99999204555665,49.413580592828,0.0,49.97301790377092,0.0,45.595028766151344,0.0,45.30175818650895,0.0,0.0,0.0,0.0,0.0,0.0,0.0
10.0,6.68493424671234,0.003988638127413,0.0039886381253304,0.999992045349954,0.9999920453499528,49.41358057411532,0.0,49.97301749520631,0.0,45.59502876124407,0.0,45.30175809996283,0.0,0.0,0.0,0.0,0.0,0.0,0.0
10.0,6.68518425921296,0.0039886899504716,0.0039886899483913,0.999992045143248,0.999992045143248,49.4135805554015,0.0,49.973017086627365,0.0,45.5950287563366,0.0,45.30175801341357,0.0,0.0,0.0,0.0,0.0,0.0,0.0
10.0,6.68543427171358,0.003988741774724,0.003988741772646,0.9999920449365362,0.999992044936535,49.41358053668658,0.0,49.973016678034085,0.0,45.59502875142896,0.0,45.30175792686114,0.0,0.0,0.0,0.0,0.0,0.0,0.0
10.0,6.68568428421421,0.0039887936001701,0.0039887935980943,0.999992044729816,0.9999920447298148,49.41358051797054,0.0,49.97301626942647,0.0,45.59502874652112,0.0,45.30175784030557,0.0,0.0,0.0,0.0,0.0,0.0,0.0
10.0,6.68593429671484,0.0039888454268098,0.0039888454247363,0.999992044523088,0.999992044523088,49.41358049925336,0.0,49.97301586080452,0.0,45.59502874161311,0.0,45.30175775374683,0.0,0.0,0.0,0.0,0.0,0.0,0.0
10.0,6.68618430921546,0.0039888972546431,0.0039888972525719,0.999992044316353,0.999992044316353,49.41358048053506,0.0,49.97301545216824,0.0,45.5950287367049,0.0,45.30175766718495,0.0,0.0,0.0,0.0,0.0,0.0,0.0
10.0,6.68643432171609,0.00398894908367,0.003988949081601,0.999992044109611,0.99999204410961,49.41358046181565,0.0,49.97301504351763,0.0,45.59502873179651,0.0,45.30175758061991,0.0,0.0,0.0,0.0,0.0,0.0,0.0
10.0,6.68668433421671,0.0039890009138903,0.0039890009118236,0.9999920439028608,0.999992043902861,49.41358044309512,0.0,49.97301463485267,0.0,45.595028726887946,0.0,45.30175749405171,0.0,0.0,0.0,0.0,0.0,0.0,0.0
10.0,6.68693434671734,0.003989052745304,0.0039890527432396,0.999992043696104,0.999992043696103,49.41358042437346,0.0,49.97301422617339,0.0,45.595028721979176,0.0,45.301757407480366,0.0,0.0,0.0,0.0,0.0,0.0,0.0
10.0,6.68718435921796,0.0039891045779111,0.003989104575849,0.999992043489339,0.999992043489338,49.41358040565069,0.0,49.97301381747977,0.0,45.59502871707023,0.0,45.30175732090586,0.0,0.0,0.0,0.0,0.0,0.0,0.0
10.0,6.68743437171859,0.0039891564117115,0.0039891564096517,0.999992043282567,0.999992043282567,49.4135803869268,0.0,49.97301340877181,0.0,45.5950287121611,0.0,45.30175723432819,0.0,0.0,0.0,0.0,0.0,0.0,0.0
10.0,6.68768438421921,0.0039892082467052,0.0039892082446476,0.9999920430757882,0.999992043075787,49.41358036820178,0.0,49.97301300004953,0.0,45.59502870725178,0.0,45.30175714774738,0.0,0.0,0.0,0.0,0.0,0.0,0.0
10.0,6.68793439671984,0.0039892600828921,0.0039892600808368,0.999992042869001,0.999992042869,49.41358034947565,0.0,49.97301259131291,0.0,45.59502870234227,0.0,45.30175706116341,0.0,0.0,0.0,0.0,0.0,0.0,0.0
10.0,6.68818440922046,0.0039893119202721,0.0039893119182191,0.999992042662206,0.9999920426622052,49.4135803307484,0.0,49.97301218256195,0.0,45.59502869743259,0.0,45.301756974576286,0.0,0.0,0.0,0.0,0.0,0.0,0.0
10.0,6.68843442172109,0.0039893637588452,0.0039893637567945,0.999992042455404,0.999992042455404,49.41358031202003,0.0,49.97301177379666,0.0,45.59502869252271,0.0,45.301756887986,0.0,0.0,0.0,0.0,0.0,0.0,0.0
10.0,6.68868443422171,0.0039894155986114,0.0039894155965629,0.9999920422485952,0.999992042248594,49.413580293290536,0.0,49.97301136501704,0.0,45.59502868761265,0.0,45.30175680139257,0.0,0.0,0.0,0.0,0.0,0.0,0.0
10.0,6.68893444672234,0.0039894674395705,0.0039894674375243,0.999992042041778,0.999992042041777,49.41358027455993,0.0,49.973010956223085,0.0,45.5950286827024,0.0,45.30175671479598,0.0,0.0,0.0,0.0,0.0,0.0,0.0
10.0,6.68918445922296,0.0039895192817226,0.0039895192796787,0.999992041834954,0.9999920418349528,49.41358025582821,0.0,49.9730105474148,0.0,45.595028677791966,0.0,45.30175662819623,0.0,0.0,0.0,0.0,0.0,0.0,0.0
10.0,6.68943447172359,0.0039895711250676,0.0039895711230259,0.999992041628122,0.999992041628121,49.41358023709536,0.0,49.97301013859217,0.0,45.59502867288135,0.0,45.301756541593335,0.0,0.0,0.0,0.0,0.0,0.0,0.0
10.0,6.68968448422421,0.0039896229696053,0.0039896229675659,0.9999920414212832,0.999992041421282,49.4135802183614,0.0,49.97300972975522,0.0,45.59502866797054,0.0,45.30175645498728,0.0,0.0,0.0,0.0,0.0,0.0,0.0
10.0,6.68993449672484,0.0039896748153359,0.0039896748132988,0.999992041214437,0.999992041214436,49.41358019962632,0.0,49.973009320903934,0.0,45.59502866305956,0.0,45.30175636837807,0.0,0.0,0.0,0.0,0.0,0.0,0.0
10.0,6.69018450922546,0.0039897266622591,0.0039897266602243,0.999992041007582,0.999992041007582,49.41358018089012,0.0,49.97300891203832,0.0,45.59502865814837,0.0,45.301756281765705,0.0,0.0,0.0,0.0,0.0,0.0,0.0
10.0,6.69043452172609,0.003989778510375,0.0039897785083425,0.999992040800721,0.99999204080072,49.413580162152805,0.0,49.973008503158354,0.0,45.595028653237016,0.0,45.30175619515019,0.0,0.0,0.0,0.0,0.0,0.0,0.0
10.0,6.69068453422671,0.0039898303596836,0.0039898303576533,0.999992040593852,0.999992040593851,49.41358014341437,0.0,49.97300809426408,0.0,45.59502864832547,0.0,45.30175610853152,0.0,0.0,0.0,0.0,0.0,0.0,0.0
10.0,6.690934546727341,0.0039898822101846,0.0039898822081566,0.999992040386976,0.999992040386975,49.41358012467482,0.0,49.97300768535545,0.0,45.59502864341374,0.0,45.30175602190969,0.0,0.0,0.0,0.0,0.0,0.0,0.0
10.0,6.69118455922796,0.0039899340618782,0.0039899340598524,0.999992040180092,0.999992040180091,49.41358010593416,0.0,49.9730072764325,0.0,45.595028638501816,0.0,45.30175593528471,0.0,0.0,0.0,0.0,0.0,0.0,0.0
10.0,6.69143457172859,0.0039899859147642,0.0039899859127407,0.9999920399732,0.9999920399732,49.413580087192365,0.0,49.973006867495215,0.0,45.59502863358971,0.0,45.30175584865657,0.0,0.0,0.0,0.0,0.0,0.0,0.0
10.0,6.69168458422921,0.0039900377688426,0.0039900377668214,0.999992039766302,0.999992039766301,49.41358006844947,0.0,49.9730064585436,0.0,45.59502862867743,0.0,45.30175576202528,0.0,0.0,0.0,0.0,0.0,0.0,0.0
10.0,6.69193459672984,0.0039900896241133,0.0039900896220944,0.9999920395593948,0.9999920395593948,49.413580049705445,0.0,49.97300604957765,0.0,45.59502862376495,0.0,45.30175567539083,0.0,0.0,0.0,0.0,0.0,0.0,0.0
10.0,6.69218460923046,0.0039901414805763,0.0039901414785596,0.999992039352482,0.9999920393524808,49.41358003096031,0.0,49.97300564059736,0.0,45.59502861885228,0.0,45.30175558875322,0.0,0.0,0.0,0.0,0.0,0.0,0.0
10.0,6.69243462173109,0.0039901933382315,0.0039901933362171,0.999992039145561,0.99999203914556,49.41358001221406,0.0,49.97300523160276,0.0,45.59502861393944,0.0,45.30175550211247,0.0,0.0,0.0,0.0,0.0,0.0,0.0
10.0,6.69268463423171,0.0039902451970789,0.0039902451950668,0.999992038938632,0.999992038938632,49.41357999346669,0.0,49.97300482259381,0.0,45.59502860902641,0.0,45.30175541546856,0.0,0.0,0.0,0.0,0.0,0.0,0.0
10.0,6.69293464673234,0.0039902970571184,0.0039902970551086,0.999992038731696,0.9999920387316958,49.41357997471821,0.0,49.973004413570536,0.0,45.59502860411318,0.0,45.3017553288215,0.0,0.0,0.0,0.0,0.0,0.0,0.0
10.0,6.693184659232961,0.00399034891835,0.0039903489163424,0.9999920385247532,0.999992038524752,49.413579955968615,0.0,49.973004004532925,0.0,45.59502859919978,0.0,45.30175524217127,0.0,0.0,0.0,0.0,0.0,0.0,0.0
10.0,6.69343467173359,0.0039904007807736,0.0039904007787683,0.999992038317802,0.999992038317802,49.4135799372179,0.0,49.97300359548099,0.0,45.59502859428619,0.0,45.301755155517895,0.0,0.0,0.0,0.0,0.0,0.0,0.0
10.0,6.69368468423421,0.0039904526443891,0.0039904526423861,0.999992038110844,0.999992038110843,49.41357991846607,0.0,49.97300318641471,0.0,45.59502858937241,0.0,45.30175506886137,0.0,0.0,0.0,0.0,0.0,0.0,0.0
10.0,6.69393469673484,0.0039905045091965,0.0039905045071957,0.999992037903878,0.9999920379038773,49.41357989971312,0.0,49.97300277733411,0.0,45.59502858445845,0.0,45.301754982201686,0.0,0.0,0.0,0.0,0.0,0.0,0.0
10.0,6.69418470923546,0.0039905563751958,0.0039905563731973,0.999992037696905,0.999992037696904,49.413579880959055,0.0,49.97300236823917,0.0,45.5950285795443,0.0,45.301754895538856,0.0,0.0,0.0,0.0,0.0,0.0,0.0
10.0,6.69443472173609,0.0039906082423868,0.0039906082403906,0.999992037489924,0.999992037489924,49.41357986220389,0.0,49.97300195912991,0.0,45.59502857462997,0.0,45.30175480887285,0.0,0.0,0.0,0.0,0.0,0.0,0.0
10.0,6.69468473423671,0.0039906601107696,0.0039906601087757,0.999992037282936,0.999992037282936,49.4135798434476,0.0,49.97300155000631,0.0,45.595028569715446,0.0,45.30175472220371,0.0,0.0,0.0,0.0,0.0,0.0,0.0
10.0,6.69493474673734,0.0039907119803441,0.0039907119783524,0.999992037075941,0.99999203707594,49.4135798246902,0.0,49.97300114086838,0.0,45.59502856480075,0.0,45.3017546355314,0.0,0.0,0.0,0.0,0.0,0.0,0.0
10.0,6.69518475923796,0.0039907638511102,0.0039907638491208,0.999992036868938,0.999992036868937,49.41357980593168,0.0,49.97300073171613,0.0,45.595028559885854,0.0,45.30175454885595,0.0,0.0,0.0,0.0,0.0,0.0,0.0
10.0,6.69543477173859,0.0039908157230679,0.0039908157210807,0.9999920366619272,0.9999920366619262,49.41357978717205,0.0,49.97300032254953,0.0,45.59502855497078,0.0,45.30175446217734,0.0,0.0,0.0,0.0,0.0,0.0,0.0
10.0,6.69568478423921,0.003990867596217,0.0039908675942322,0.999992036454909,0.999992036454909,49.413579768411296,0.0,49.97299991336862,0.0,45.59502855005552,0.0,45.30175437549557,0.0,0.0,0.0,0.0,0.0,0.0,0.0
10.0,6.69593479673984,0.0039909194705577,0.0039909194685751,0.999992036247884,0.999992036247883,49.41357974964944,0.0,49.972999504173366,0.0,45.59502854514007,0.0,45.301754288810656,0.0,0.0,0.0,0.0,0.0,0.0,0.0
10.0,6.69618480924046,0.0039909713460897,0.0039909713441094,0.999992036040851,0.999992036040851,49.41357973088647,0.0,49.97299909496378,0.0,45.59502854022443,0.0,45.301754202122574,0.0,0.0,0.0,0.0,0.0,0.0,0.0
10.0,6.696434821741089,0.0039910232228131,0.0039910232208351,0.999992035833811,0.99999203583381,49.41357971212238,0.0,49.972998685739874,0.0,45.59502853530861,0.0,45.30175411543134,0.0,0.0,0.0,0.0,0.0,0.0,0.0
10.0,6.69668483424171,0.0039910751007279,0.003991075098752,0.999992035626764,0.999992035626763,49.41357969335718,0.0,49.97299827650164,0.0,45.59502853039261,0.0,45.301754028736966,0.0,0.0,0.0,0.0,0.0,0.0,0.0
10.0,6.69693484674234,0.0039911269798338,0.0039911269778602,0.999992035419709,0.9999920354197082,49.41357967459087,0.0,49.972997867249056,0.0,45.595028525476415,0.0,45.30175394203942,0.0,0.0,0.0,0.0,0.0,0.0,0.0
10.0,6.69718485924296,0.0039911788601309,0.0039911788581597,0.999992035212646,0.999992035212645,49.41357965582344,0.0,49.97299745798215,0.0,45.59502852056004,0.0,45.30175385533873,0.0,0.0,0.0,0.0,0.0,0.0,0.0
10.0,6.69743487174359,0.0039912307416192,0.0039912307396502,0.999992035005576,0.9999920350055752,49.4135796370549,0.0,49.972997048700925,0.0,45.59502851564348,0.0,45.30175376863488,0.0,0.0,0.0,0.0,0.0,0.0,0.0
10.0,6.69768488424421,0.0039912826242986,0.0039912826223318,0.999992034798498,0.999992034798498,49.41357961828525,0.0,49.97299663940536,0.0,45.59502851072673,0.0,45.30175368192788,0.0,0.0,0.0,0.0,0.0,0.0,0.0
10.0,6.69793489674484,0.003991334508169,0.0039913345062045,0.999992034591414,0.999992034591413,49.413579599514485,0.0,49.97299623009547,0.0,45.59502850580979,0.0,45.30175359521772,0.0,0.0,0.0,0.0,0.0,0.0,0.0
10.0,6.69818490924546,0.0039913863932303,0.0039913863912681,0.9999920343843212,0.9999920343843212,49.413579580742606,0.0,49.972995820771246,0.0,45.59502850089267,0.0,45.301753508504405,0.0,0.0,0.0,0.0,0.0,0.0,0.0
10.0,6.69843492174609,0.0039914382794826,0.0039914382775226,0.999992034177222,0.9999920341772208,49.41357956196962,0.0,49.9729954114327,0.0,45.59502849597536,0.0,45.30175342178795,0.0,0.0,0.0,0.0,0.0,0.0,0.0
10.0,6.698684934246709,0.0039914901669257,0.003991490164968,0.999992033970114,0.999992033970114,49.41357954319552,0.0,49.972995002079806,0.0,45.59502849105787,0.0,45.30175333506833,0.0,0.0,0.0,0.0,0.0,0.0,0.0
10.0,6.69893494674734,0.0039915420555597,0.0039915420536043,0.999992033763,0.999992033762999,49.41357952442031,0.0,49.9729945927126,0.0,45.595028486140194,0.0,45.30175324834554,0.0,0.0,0.0,0.0,0.0,0.0,0.0
10.0,6.69918495924796,0.0039915939453844,0.0039915939434312,0.9999920335558778,0.9999920335558768,49.41357950564399,0.0,49.97299418333106,0.0,45.595028481222336,0.0,45.301753161619615,0.0,0.0,0.0,0.0,0.0,0.0,0.0
10.0,6.69943497174859,0.0039916458363998,0.0039916458344489,0.999992033348748,0.9999920333487472,49.41357948686655,0.0,49.9729937739352,0.0,45.595028476304286,0.0,45.30175307489053,0.0,0.0,0.0,0.0,0.0,0.0,0.0
10.0,6.69968498424921,0.0039916977286058,0.0039916977266572,0.999992033141611,0.99999203314161,49.413579468088,0.0,49.972993364525,0.0,45.59502847138606,0.0,45.3017529881583,0.0,0.0,0.0,0.0,0.0,0.0,0.0
10.0,6.69993499674984,0.0039917496220025,0.0039917496200561,0.9999920329344671,0.999992032934466,49.41357944930834,0.0,49.97299295510047,0.0,45.59502846646764,0.0,45.3017529014229,0.0,0.0,0.0,0.0,0.0,0.0,0.0
10.0,6.70018500925046,0.0039918015165897,0.0039918015146456,0.999992032727315,0.999992032727314,49.41357943052758,0.0,49.97299254566162,0.0,45.59502846154903,0.0,45.30175281468436,0.0,0.0,0.0,0.0,0.0,0.0,0.0
10.0,6.70043502175109,0.0039918534123673,0.0039918534104255,0.999992032520156,0.999992032520155,49.413579411745694,0.0,49.97299213620843,0.0,45.59502845663024,0.0,45.30175272794265,0.0,0.0,0.0,0.0,0.0,0.0,0.0
10.0,6.70068503425171,0.0039919053093354,0.0039919053073959,0.999992032312989,0.999992032312988,49.41357939296271,0.0,49.97299172674092,0.0,45.59502845171126,0.0,45.301752641197794,0.0,0.0,0.0,0.0,0.0,0.0,0.0
10.0,6.70093504675234,0.0039919572074939,0.0039919572055566,0.999992032105814,0.999992032105814,49.41357937417861,0.0,49.97299131725907,0.0,45.5950284467921,0.0,45.30175255444979,0.0,0.0,0.0,0.0,0.0,0.0,0.0
10.0,6.70118505925296,0.0039920091068427,0.0039920091049077,0.999992031898633,0.999992031898632,49.4135793553934,0.0,49.972990907762906,0.0,45.59502844187275,0.0,45.30175246769864,0.0,0.0,0.0,0.0,0.0,0.0,0.0
10.0,6.70143507175359,0.0039920610073818,0.003992061005449,0.999992031691444,0.999992031691443,49.41357933660708,0.0,49.97299049825241,0.0,45.595028436953214,0.0,45.30175238094431,0.0,0.0,0.0,0.0,0.0,0.0,0.0
10.0,6.70168508425421,0.003992112909111,0.0039921129071805,0.999992031484247,0.999992031484246,49.41357931781965,0.0,49.97299008872759,0.0,45.59502843203349,0.0,45.301752294186834,0.0,0.0,0.0,0.0,0.0,0.0,0.0
10.0,6.70193509675484,0.0039921648120305,0.0039921648101022,0.999992031277043,0.999992031277043,49.41357929903111,0.0,49.97298967918842,0.0,45.59502842711359,0.0,45.301752207426205,0.0,0.0,0.0,0.0,0.0,0.0,0.0
10.0,6.70218510925546,0.00399221671614,0.003992216714214,0.999992031069832,0.9999920310698313,49.41357928024146,0.0,49.97298926963495,0.0,45.59502842219349,0.0,45.30175212066243,0.0,0.0,0.0,0.0,0.0,0.0,0.0
10.0,6.70243512175609,0.0039922686214396,0.0039922686195158,0.9999920308626128,0.999992030862612,49.4135792614507,0.0,49.97298886006713,0.0,45.59502841727321,0.0,45.30175203389549,0.0,0.0,0.0,0.0,0.0,0.0,0.0
10.0,6.70268513425671,0.0039923205279291,0.0039923205260077,0.999992030655386,0.999992030655386,49.413579242658834,0.0,49.97298845048499,0.0,45.595028412352754,0.0,45.3017519471254,0.0,0.0,0.0,0.0,0.0,0.0,0.0
10.0,6.70293514675734,0.0039923724356087,0.0039923724336895,0.999992030448153,0.999992030448152,49.41357922386585,0.0,49.97298804088853,0.0,45.5950284074321,0.0,45.30175186035215,0.0,0.0,0.0,0.0,0.0,0.0,0.0
10.0,6.70318515925796,0.0039924243444781,0.0039924243425611,0.999992030240911,0.999992030240911,49.41357920507178,0.0,49.97298763127773,0.0,45.59502840251128,0.0,45.30175177357575,0.0,0.0,0.0,0.0,0.0,0.0,0.0
10.0,6.70343517175859,0.0039924762545373,0.0039924762526226,0.9999920300336632,0.999992030033662,49.41357918627658,0.0,49.97298722165261,0.0,45.59502839759024,0.0,45.301751686796194,0.0,0.0,0.0,0.0,0.0,0.0,0.0
10.0,6.70368518425921,0.0039925281657863,0.0039925281638739,0.999992029826407,0.999992029826406,49.41357916748028,0.0,49.97298681201316,0.0,45.59502839266904,0.0,45.30175160001348,0.0,0.0,0.0,0.0,0.0,0.0,0.0
10.0,6.70393519675984,0.003992580078225,0.0039925800763149,0.999992029619143,0.999992029619143,49.41357914868287,0.0,49.97298640235939,0.0,45.59502838774765,0.0,45.30175151322762,0.0,0.0,0.0,0.0,0.0,0.0,0.0
10.0,6.70418520926046,0.0039926319918534,0.0039926319899455,0.999992029411872,0.999992029411871,49.41357912988435,0.0,49.972985992691285,0.0,45.59502838282607,0.0,45.30175142643861,0.0,0.0,0.0,0.0,0.0,0.0,0.0
10.0,6.70443522176109,0.0039926839066714,0.0039926839047658,0.999992029204594,0.999992029204593,49.41357911108472,0.0,49.97298558300885,0.0,45.5950283779043,0.0,45.30175133964644,0.0,0.0,0.0,0.0,0.0,0.0,0.0
10.0,6.70468523426171,0.003992735822679,0.0039927358207756,0.999992028997308,0.999992028997307,49.413579092284,0.0,49.9729851733121,0.0,45.59502837298236,0.0,45.30175125285111,0.0,0.0,0.0,0.0,0.0,0.0,0.0
10.0,6.70493524676234,0.0039927877398761,0.003992787737975,0.999992028790014,0.999992028790014,49.41357907348215,0.0,49.972984763601005,0.0,45.59502836806022,0.0,45.30175116605264,0.0,0.0,0.0,0.0,0.0,0.0,0.0
10.0,6.70518525926296,0.0039928396582626,0.0039928396563638,0.999992028582714,0.999992028582713,49.4135790546792,0.0,49.9729843538756,0.0,45.5950283631379,0.0,45.301751079251,0.0,0.0,0.0,0.0,0.0,0.0,0.0
10.0,6.70543527176359,0.0039928915778386,0.003992891575942,0.999992028375406,0.999992028375405,49.41357903587514,0.0,49.97298394413586,0.0,45.59502835821539,0.0,45.30175099244621,0.0,0.0,0.0,0.0,0.0,0.0,0.0
10.0,6.70568528426421,0.0039929434986038,0.0039929434967095,0.99999202816809,0.999992028168089,49.41357901706998,0.0,49.97298353438179,0.0,45.59502835329271,0.0,45.301750905638265,0.0,0.0,0.0,0.0,0.0,0.0,0.0
10.0,6.70593529676484,0.0039929954205584,0.0039929954186663,0.999992027960767,0.999992027960766,49.41357899826371,0.0,49.9729831246134,0.0,45.59502834836982,0.0,45.30175081882717,0.0,0.0,0.0,0.0,0.0,0.0,0.0
10.0,6.70618530926546,0.0039930473437022,0.0039930473418124,0.999992027753436,0.9999920277534348,49.413578979456325,0.0,49.972982714830685,0.0,45.59502834344677,0.0,45.30175073201293,0.0,0.0,0.0,0.0,0.0,0.0,0.0
10.0,6.70643532176609,0.0039930992680351,0.0039930992661476,0.999992027546098,0.999992027546097,49.41357896064784,0.0,49.97298230503364,0.0,45.59502833852351,0.0,45.30175064519552,0.0,0.0,0.0,0.0,0.0,0.0,0.0
10.0,6.70668533426671,0.0039931511935572,0.003993151191672,0.999992027338753,0.999992027338752,49.413578941838246,0.0,49.97298189522227,0.0,45.59502833360008,0.0,45.30175055837496,0.0,0.0,0.0,0.0,0.0,0.0,0.0
10.0,6.70693534676734,0.0039932031202684,0.0039932031183854,0.9999920271314,0.999992027131399,49.41357892302755,0.0,49.972981485396566,0.0,45.59502832867645,0.0,45.301750471551244,0.0,0.0,0.0,0.0,0.0,0.0,0.0
10.0,6.70718535926796,0.0039932550481686,0.0039932550462878,0.99999202692404,0.999992026924039,49.41357890421576,0.0,49.97298107555655,0.0,45.59502832375264,0.0,45.30175038472437,0.0,0.0,0.0,0.0,0.0,0.0,0.0
10.0,6.70743537176859,0.0039933069772577,0.0039933069753792,0.999992026716672,0.9999920267166708,49.41357888540284,0.0,49.9729806657022,0.0,45.59502831882865,0.0,45.30175029789435,0.0,0.0,0.0,0.0,0.0,0.0,0.0
10.0,6.70768538426921,0.0039933589075358,0.0039933589056595,0.999992026509297,0.999992026509296,49.41357886658883,0.0,49.97298025583351,0.0,45.59502831390448,0.0,45.301750211061176,0.0,0.0,0.0,0.0,0.0,0.0,0.0
10.0,6.70793539676984,0.0039934108390027,0.0039934108371287,0.999992026301914,0.9999920263019132,49.41357884777371,0.0,49.97297984595052,0.0,45.59502830898011,0.0,45.301750124224846,0.0,0.0,0.0,0.0,0.0,0.0,0.0
10.0,6.70818540927046,0.0039934627716584,0.0039934627697867,0.999992026094524,0.9999920260945228,49.41357882895748,0.0,49.9729794360532,0.0,45.59502830405556,0.0,45.30175003738536,0.0,0.0,0.0,0.0,0.0,0.0,0.0
10.0,6.70843542177109,0.0039935147055029,0.0039935147036334,0.999992025887126,0.9999920258871252,49.41357881014015,0.0,49.972979026141545,0.0,45.59502829913082,0.0,45.30174995054273,0.0,0.0,0.0,0.0,0.0,0.0,0.0
10.0,6.70868543427171,0.003993566640536,0.0039935666386688,0.999992025679721,0.99999202567972,49.41357879132171,0.0,49.97297861621557,0.0,45.5950282942059,0.0,45.30174986369693,0.0,0.0,0.0,0.0,0.0,0.0,0.0
10.0,6.708935446772341,0.0039936185767578,0.0039936185748928,0.9999920254723088,0.999992025472308,49.41357877250218,0.0,49.97297820627526,0.0,45.5950282892808,0.0,45.301749776847984,0.0,0.0,0.0,0.0,0.0,0.0,0.0
10.0,6.70918545927296,0.0039936705141682,0.0039936705123055,0.999992025264889,0.999992025264888,49.413578753681534,0.0,49.97297779632064,0.0,45.5950282843555,0.0,45.30174968999589,0.0,0.0,0.0,0.0,0.0,0.0,0.0
10.0,6.70943547177359,0.0039937224527671,0.0039937224509066,0.999992025057462,0.999992025057461,49.413578734859776,0.0,49.97297738635169,0.0,45.59502827943002,0.0,45.30174960314063,0.0,0.0,0.0,0.0,0.0,0.0,0.0
10.0,6.70968548427421,0.0039937743925544,0.0039937743906962,0.999992024850027,0.999992024850026,49.41357871603692,0.0,49.97297697636841,0.0,45.59502827450436,0.0,45.30174951628222,0.0,0.0,0.0,0.0,0.0,0.0,0.0
10.0,6.70993549677484,0.0039938263335302,0.0039938263316743,0.9999920246425852,0.999992024642584,49.41357869721297,0.0,49.9729765663708,0.0,45.5950282695785,0.0,45.30174942942066,0.0,0.0,0.0,0.0,0.0,0.0,0.0
10.0,6.71018550927546,0.0039938782756944,0.0039938782738407,0.999992024435135,0.999992024435134,49.4135786783879,0.0,49.97297615635888,0.0,45.59502826465247,0.0,45.30174934255594,0.0,0.0,0.0,0.0,0.0,0.0,0.0
10.0,6.71043552177609,0.0039939302190468,0.0039939302171954,0.999992024227678,0.999992024227677,49.41357865956172,0.0,49.97297574633263,0.0,45.59502825972624,0.0,45.30174925568807,0.0,0.0,0.0,0.0,0.0,0.0,0.0
10.0,6.71068553427671,0.0039939821635875,0.0039939821617384,0.999992024020213,0.999992024020212,49.413578640734464,0.0,49.972975336292045,0.0,45.59502825479984,0.0,45.30174916881705,0.0,0.0,0.0,0.0,0.0,0.0,0.0
10.0,6.71093554677734,0.0039940341093165,0.0039940341074695,0.999992023812741,0.999992023812741,49.41357862190608,0.0,49.97297492623714,0.0,45.59502824987325,0.0,45.30174908194286,0.0,0.0,0.0,0.0,0.0,0.0,0.0
10.0,6.71118555927796,0.0039940860562335,0.0039940860543889,0.9999920236052618,0.999992023605261,49.41357860307661,0.0,49.97297451616791,0.0,45.59502824494647,0.0,45.30174899506553,0.0,0.0,0.0,0.0,0.0,0.0,0.0
10.0,6.71143557177859,0.0039941380043387,0.0039941380024963,0.999992023397775,0.999992023397774,49.413578584246025,0.0,49.972974106084365,0.0,45.595028240019495,0.0,45.30174890818505,0.0,0.0,0.0,0.0,0.0,0.0,0.0
10.0,6.71168558427921,0.0039941899536319,0.0039941899517917,0.9999920231902808,0.99999202319028,49.41357856541434,0.0,49.97297369598649,0.0,45.59502823509235,0.0,45.3017488213014,0.0,0.0,0.0,0.0,0.0,0.0,0.0
10.0,6.71193559677984,0.0039942419041131,0.0039942419022752,0.999992022982779,0.999992022982778,49.413578546581554,0.0,49.972973285874296,0.0,45.59502823016501,0.0,45.3017487344146,0.0,0.0,0.0,0.0,0.0,0.0,0.0
10.0,6.71218560928046,0.0039942938557822,0.0039942938539465,0.999992022775269,0.999992022775269,49.41357852774766,0.0,49.97297287574777,0.0,45.595028225237485,0.0,45.301748647524654,0.0,0.0,0.0,0.0,0.0,0.0,0.0
10.0,6.71243562178109,0.0039943458086392,0.0039943458068058,0.999992022567753,0.999992022567752,49.41357850891268,0.0,49.97297246560693,0.0,45.59502822030978,0.0,45.30174856063155,0.0,0.0,0.0,0.0,0.0,0.0,0.0
10.0,6.71268563428171,0.003994397762684,0.0039943977608529,0.999992022360229,0.999992022360228,49.413578490076574,0.0,49.97297205545176,0.0,45.59502821538189,0.0,45.3017484737353,0.0,0.0,0.0,0.0,0.0,0.0,0.0
10.0,6.712935646782339,0.0039944497179166,0.0039944497160877,0.999992022152697,0.999992022152697,49.413578471239376,0.0,49.97297164528226,0.0,45.59502821045381,0.0,45.30174838683589,0.0,0.0,0.0,0.0,0.0,0.0,0.0
10.0,6.71318565928296,0.0039945016743369,0.0039945016725102,0.999992021945158,0.999992021945157,49.41357845240108,0.0,49.97297123509844,0.0,45.59502820552554,0.0,45.30174829993332,0.0,0.0,0.0,0.0,0.0,0.0,0.0
10.0,6.71343567178359,0.0039945536319448,0.0039945536301204,0.999992021737612,0.999992021737611,49.41357843356168,0.0,49.9729708249003,0.0,45.59502820059709,0.0,45.3017482130276,0.0,0.0,0.0,0.0,0.0,0.0,0.0
10.0,6.71368568428421,0.0039946055907404,0.0039946055889183,0.999992021530058,0.9999920215300568,49.41357841472118,0.0,49.97297041468784,0.0,45.595028195668455,0.0,45.30174812611873,0.0,0.0,0.0,0.0,0.0,0.0,0.0
10.0,6.71393569678484,0.0039946575507235,0.0039946575489036,0.9999920213224972,0.999992021322496,49.41357839587957,0.0,49.97297000446105,0.0,45.595028190739626,0.0,45.3017480392067,0.0,0.0,0.0,0.0,0.0,0.0,0.0
10.0,6.71418570928546,0.0039947095118941,0.0039947095100765,0.999992021114928,0.999992021114927,49.41357837703686,0.0,49.97296959421994,0.0,45.59502818581063,0.0,45.30174795229152,0.0,0.0,0.0,0.0,0.0,0.0,0.0
10.0,6.714435721786091,0.0039947614742522,0.0039947614724368,0.999992020907352,0.999992020907351,49.41357835819306,0.0,49.97296918396451,0.0,45.59502818088143,0.0,45.30174786537319,0.0,0.0,0.0,0.0,0.0,0.0,0.0
10.0,6.71468573428671,0.0039948134377976,0.0039948134359845,0.999992020699768,0.999992020699767,49.41357833934815,0.0,49.972968773694745,0.0,45.595028175952045,0.0,45.3017477784517,0.0,0.0,0.0,0.0,0.0,0.0,0.0
10.0,6.71493574678734,0.0039948654025304,0.0039948654007195,0.999992020492177,0.999992020492176,49.41357832050214,0.0,49.972968363410665,0.0,45.59502817102248,0.0,45.30174769152705,0.0,0.0,0.0,0.0,0.0,0.0,0.0
10.0,6.7151857592879605,0.0039949173684504,0.0039949173666418,0.999992020284578,0.9999920202845772,49.41357830165503,0.0,49.97296795311226,0.0,45.59502816609274,0.0,45.30174760459926,0.0,0.0,0.0,0.0,0.0,0.0,0.0
10.0,6.71543577178859,0.0039949693355577,0.0039949693337513,0.999992020076972,0.999992020076972,49.41357828280682,0.0,49.97296754279954,0.0,45.5950281611628,0.0,45.3017475176683,0.0,0.0,0.0,0.0,0.0,0.0,0.0
10.0,6.71568578428921,0.0039950213038521,0.003995021302048,0.999992019869359,0.9999920198693582,49.41357826395751,0.0,49.97296713247249,0.0,45.59502815623267,0.0,45.3017474307342,0.0,0.0,0.0,0.0,0.0,0.0,0.0
10.0,6.71593579678984,0.0039950732733337,0.0039950732715318,0.999992019661738,0.999992019661737,49.4135782451071,0.0,49.97296672213112,0.0,45.595028151302365,0.0,45.30174734379695,0.0,0.0,0.0,0.0,0.0,0.0,0.0
10.0,6.71618580929046,0.0039951252440023,0.0039951252422027,0.99999201945411,0.9999920194541088,49.41357822625558,0.0,49.972966311775416,0.0,45.595028146371874,0.0,45.30174725685653,0.0,0.0,0.0,0.0,0.0,0.0,0.0
10.0,6.71643582179109,0.003995177215858,0.0039951772140606,0.999992019246474,0.9999920192464732,49.41357820740298,0.0,49.972965901405416,0.0,45.59502814144118,0.0,45.30174716991296,0.0,0.0,0.0,0.0,0.0,0.0,0.0
10.0,6.716685834291711,0.0039952291889006,0.0039952291871054,0.999992019038831,0.99999201903883,49.41357818854926,0.0,49.97296549102107,0.0,45.59502813651032,0.0,45.30174708296624,0.0,0.0,0.0,0.0,0.0,0.0,0.0
10.0,6.71693584679234,0.00399528116313,0.0039952811613372,0.99999201883118,0.999992018831179,49.413578169694446,0.0,49.97296508062241,0.0,45.59502813157927,0.0,45.30174699601637,0.0,0.0,0.0,0.0,0.0,0.0,0.0
10.0,6.71718585929296,0.0039953331385464,0.0039953331367558,0.999992018623522,0.999992018623521,49.41357815083854,0.0,49.97296467020944,0.0,45.59502812664803,0.0,45.30174690906334,0.0,0.0,0.0,0.0,0.0,0.0,0.0
10.0,6.71743587179359,0.0039953851151495,0.0039953851133611,0.999992018415857,0.999992018415856,49.41357813198153,0.0,49.97296425978213,0.0,45.59502812171661,0.0,45.30174682210716,0.0,0.0,0.0,0.0,0.0,0.0,0.0
10.0,6.71768588429421,0.0039954370929394,0.0039954370911533,0.999992018208184,0.9999920182081828,49.41357811312342,0.0,49.97296384934051,0.0,45.595028116785,0.0,45.301746735147816,0.0,0.0,0.0,0.0,0.0,0.0,0.0
10.0,6.71793589679484,0.0039954890719159,0.003995489070132,0.999992018000503,0.999992018000503,49.41357809426422,0.0,49.97296343888456,0.0,45.5950281118532,0.0,45.30174664818533,0.0,0.0,0.0,0.0,0.0,0.0,0.0
10.0,6.71818590929546,0.0039955410520791,0.0039955410502975,0.999992017792815,0.999992017792815,49.41357807540391,0.0,49.97296302841429,0.0,45.59502810692122,0.0,45.30174656121968,0.0,0.0,0.0,0.0,0.0,0.0,0.0
10.0,6.71843592179609,0.0039955930334288,0.0039955930316495,0.99999201758512,0.9999920175851188,49.41357805654251,0.0,49.9729626179297,0.0,45.59502810198906,0.0,45.30174647425089,0.0,0.0,0.0,0.0,0.0,0.0,0.0
10.0,6.71868593429671,0.0039956450159651,0.003995645014188,0.999992017377417,0.999992017377416,49.41357803768,0.0,49.97296220743079,0.0,45.59502809705671,0.0,45.30174638727894,0.0,0.0,0.0,0.0,0.0,0.0,0.0
10.0,6.71893594679734,0.0039956969996878,0.003995696997913,0.9999920171697072,0.999992017169706,49.41357801881641,0.0,49.97296179691755,0.0,45.59502809212417,0.0,45.30174630030383,0.0,0.0,0.0,0.0,0.0,0.0,0.0
10.0,6.71918595929796,0.003995748984597,0.0039957489828244,0.999992016961989,0.999992016961989,49.413577999951706,0.0,49.97296138639,0.0,45.59502808719144,0.0,45.30174621332558,0.0,0.0,0.0,0.0,0.0,0.0,0.0
10.0,6.71943597179859,0.0039958009706925,0.0039958009689221,0.999992016754264,0.999992016754264,49.41357798108591,0.0,49.97296097584813,0.0,45.59502808225853,0.0,45.30174612634417,0.0,0.0,0.0,0.0,0.0,0.0,0.0
10.0,6.71968598429922,0.0039958529579743,0.0039958529562062,0.999992016546532,0.999992016546531,49.41357796221901,0.0,49.97296056529193,0.0,45.59502807732543,0.0,45.3017460393596,0.0,0.0,0.0,0.0,0.0,0.0,0.0
10.0,6.71993599679984,0.0039959049464423,0.0039959049446765,0.999992016338792,0.999992016338791,49.413577943351015,0.0,49.97296015472141,0.0,45.59502807239216,0.0,45.301745952371874,0.0,0.0,0.0,0.0,0.0,0.0,0.0
10.0,6.72018600930046,0.0039959569360966,0.0039959569343329,0.9999920161310448,0.999992016131044,49.41357792448193,0.0,49.972959744136574,0.0,45.595028067458685,0.0,45.30174586538101,0.0,0.0,0.0,0.0,0.0,0.0,0.0
10.0,6.72043602180109,0.003996008926937,0.0039960089251756,0.99999201592329,0.999992015923289,49.41357790561174,0.0,49.97295933353742,0.0,45.59502806252503,0.0,45.30174577838698,0.0,0.0,0.0,0.0,0.0,0.0,0.0
10.0,6.720686034301709,0.0039960609189634,0.0039960609172043,0.9999920157155268,0.999992015715527,49.41357788674045,0.0,49.97295892292394,0.0,45.59502805759119,0.0,45.3017456913898,0.0,0.0,0.0,0.0,0.0,0.0,0.0
10.0,6.72093604680234,0.003996112912176,0.0039961129104191,0.999992015507758,0.999992015507757,49.41357786786807,0.0,49.97295851229614,0.0,45.59502805265717,0.0,45.30174560438946,0.0,0.0,0.0,0.0,0.0,0.0,0.0
10.0,6.72118605930297,0.0039961649065744,0.0039961649048198,0.99999201529998,0.99999201529998,49.41357784899459,0.0,49.972958101654015,0.0,45.59502804772296,0.0,45.30174551738597,0.0,0.0,0.0,0.0,0.0,0.0,0.0
10.0,6.72143607180359,0.0039962169021588,0.0039962169004064,0.9999920150921962,0.999992015092195,49.41357783012001,0.0,49.972957690997575,0.0,45.59502804278856,0.0,45.30174543037933,0.0,0.0,0.0,0.0,0.0,0.0,0.0
10.0,6.72168608430421,0.0039962688989291,0.003996268897179,0.999992014884404,0.9999920148844031,49.413577811244345,0.0,49.97295728032682,0.0,45.59502803785399,0.0,45.30174534336953,0.0,0.0,0.0,0.0,0.0,0.0,0.0
10.0,6.72193609680484,0.0039963208968852,0.0039963208951373,0.999992014676604,0.999992014676604,49.413577792367576,0.0,49.972956869641735,0.0,45.59502803291922,0.0,45.30174525635658,0.0,0.0,0.0,0.0,0.0,0.0,0.0
10.0,6.72218610930547,0.0039963728960271,0.0039963728942814,0.999992014468797,0.999992014468796,49.41357777348971,0.0,49.97295645894234,0.0,45.59502802798426,0.0,45.301745169340485,0.0,0.0,0.0,0.0,0.0,0.0,0.0
10.0,6.72243612180609,0.0039964248963546,0.0039964248946112,0.999992014260983,0.999992014260982,49.41357775461075,0.0,49.97295604822863,0.0,45.59502802304912,0.0,45.30174508232122,0.0,0.0,0.0,0.0,0.0,0.0,0.0
10.0,6.72268613430671,0.0039964768978678,0.0039964768961266,0.999992014053161,0.999992014053161,49.4135777357307,0.0,49.97295563750058,0.0,45.5950280181138,0.0,45.30174499529881,0.0,0.0,0.0,0.0,0.0,0.0,0.0
10.0,6.72293614680734,0.0039965289005666,0.0039965288988277,0.999992013845332,0.9999920138453308,49.413577716849545,0.0,49.972955226758216,0.0,45.59502801317829,0.0,45.30174490827325,0.0,0.0,0.0,0.0,0.0,0.0,0.0
10.0,6.7231861593079705,0.003996580904451,0.0039965809027143,0.999992013637495,0.999992013637494,49.4135776979673,0.0,49.97295481600153,0.0,45.59502800824259,0.0,45.30174482124454,0.0,0.0,0.0,0.0,0.0,0.0,0.0
10.0,6.72343617180859,0.0039966329095208,0.0039966329077864,0.999992013429651,0.99999201342965,49.41357767908395,0.0,49.97295440523054,0.0,45.59502800330671,0.0,45.30174473421266,0.0,0.0,0.0,0.0,0.0,0.0,0.0
10.0,6.72368618430922,0.0039966849157761,0.0039966849140439,0.999992013221799,0.999992013221799,49.41357766019952,0.0,49.97295399444523,0.0,45.59502799837065,0.0,45.30174464717764,0.0,0.0,0.0,0.0,0.0,0.0,0.0
10.0,6.72393619680984,0.0039967369232168,0.0039967369214868,0.99999201301394,0.99999201301394,49.41357764131399,0.0,49.97295358364559,0.0,45.59502799343439,0.0,45.30174456013946,0.0,0.0,0.0,0.0,0.0,0.0,0.0
10.0,6.72418620931046,0.0039967889318428,0.003996788930115,0.999992012806074,0.999992012806073,49.41357762242736,0.0,49.97295317283164,0.0,45.59502798849795,0.0,45.301744473098125,0.0,0.0,0.0,0.0,0.0,0.0,0.0
10.0,6.72443622181109,0.003996840941654,0.0039968409399285,0.9999920125982,0.999992012598199,49.41357760353963,0.0,49.97295276200336,0.0,45.59502798356132,0.0,45.30174438605364,0.0,0.0,0.0,0.0,0.0,0.0,0.0
10.0,6.72468623431172,0.0039968929526505,0.0039968929509272,0.9999920123903188,0.999992012390318,49.41357758465082,0.0,49.97295235116077,0.0,45.59502797862452,0.0,45.301744299006,0.0,0.0,0.0,0.0,0.0,0.0,0.0
10.0,6.72493624681234,0.0039969449648321,0.0039969449631111,0.99999201218243,0.999992012182429,49.41357756576091,0.0,49.97295194030385,0.0,45.59502797368752,0.0,45.30174421195522,0.0,0.0,0.0,0.0,0.0,0.0,0.0
10.0,6.72518625931297,0.0039969969781989,0.0039969969764801,0.999992011974533,0.999992011974533,49.413577546869895,0.0,49.97295152943263,0.0,45.59502796875033,0.0,45.30174412490126,0.0,0.0,0.0,0.0,0.0,0.0,0.0
10.0,6.72543627181359,0.0039970489927507,0.0039970489910342,0.99999201176663,0.999992011766629,49.4135775279778,0.0,49.972951118547066,0.0,45.59502796381296,0.0,45.30174403784416,0.0,0.0,0.0,0.0,0.0,0.0,0.0
10.0,6.72568628431422,0.0039971010084875,0.0039971010067732,0.999992011558719,0.999992011558718,49.41357750908461,0.0,49.9729507076472,0.0,45.595027958875406,0.0,45.30174395078392,0.0,0.0,0.0,0.0,0.0,0.0,0.0
10.0,6.72593629681484,0.0039971530254092,0.0039971530236972,0.9999920113508,0.999992011350799,49.41357749019033,0.0,49.97295029673301,0.0,45.59502795393768,0.0,45.3017438637205,0.0,0.0,0.0,0.0,0.0,0.0,0.0
10.0,6.72618630931547,0.0039972050435159,0.0039972050418061,0.999992011142874,0.999992011142873,49.413577471294936,0.0,49.97294988580451,0.0,45.59502794899974,0.0,45.30174377665394,0.0,0.0,0.0,0.0,0.0,0.0,0.0
10.0,6.72643632181609,0.0039972570628074,0.0039972570610998,0.9999920109349408,0.99999201093494,49.413577452398464,0.0,49.972949474861686,0.0,45.595027944061634,0.0,45.30174368958423,0.0,0.0,0.0,0.0,0.0,0.0,0.0
10.0,6.72668633431672,0.0039973090832837,0.0039973090815783,0.999992010727,0.9999920107269988,49.4135774335009,0.0,49.972949063904544,0.0,45.59502793912333,0.0,45.301743602511365,0.0,0.0,0.0,0.0,0.0,0.0,0.0
10.0,6.72693634681734,0.0039973611049447,0.0039973611032416,0.999992010519051,0.999992010519051,49.41357741460223,0.0,49.97294865293308,0.0,45.59502793418485,0.0,45.30174351543534,0.0,0.0,0.0,0.0,0.0,0.0,0.0
10.0,6.72718635931797,0.0039974131277903,0.0039974131260895,0.999992010311096,0.9999920103110947,49.41357739570248,0.0,49.97294824194731,0.0,45.595027929246186,0.0,45.30174342835616,0.0,0.0,0.0,0.0,0.0,0.0,0.0
10.0,6.72743637181859,0.0039974651518206,0.003997465150122,0.999992010103132,0.999992010103132,49.41357737680163,0.0,49.97294783094721,0.0,45.59502792430733,0.0,45.30174334127384,0.0,0.0,0.0,0.0,0.0,0.0,0.0
10.0,6.72768638431922,0.0039975171770355,0.0039975171753392,0.999992009895162,0.9999920098951608,49.413577357899705,0.0,49.9729474199328,0.0,45.595027919368285,0.0,45.30174325418836,0.0,0.0,0.0,0.0,0.0,0.0,0.0
10.0,6.72793639681984,0.0039975692034349,0.0039975692017408,0.999992009687184,0.999992009687183,49.413577338996674,0.0,49.97294700890407,0.0,45.59502791442907,0.0,45.30174316709972,0.0,0.0,0.0,0.0,0.0,0.0,0.0
10.0,6.72818640932047,0.0039976212310187,0.0039976212293269,0.999992009479198,0.999992009479197,49.41357732009254,0.0,49.97294659786102,0.0,45.59502790948965,0.0,45.30174308000793,0.0,0.0,0.0,0.0,0.0,0.0,0.0
10.0,6.72843642182109,0.003997673259787,0.0039976732580973,0.999992009271205,0.999992009271204,49.41357730118733,0.0,49.97294618680365,0.0,45.59502790455005,0.0,45.30174299291298,0.0,0.0,0.0,0.0,0.0,0.0,0.0
10.0,6.728686434321719,0.0039977252897396,0.0039977252880522,0.999992009063205,0.999992009063204,49.41357728228103,0.0,49.97294577573197,0.0,45.595027899610265,0.0,45.30174290581489,0.0,0.0,0.0,0.0,0.0,0.0,0.0
10.0,6.72893644682234,0.0039977773208765,0.0039977773191913,0.999992008855197,0.999992008855196,49.41357726337362,0.0,49.97294536464597,0.0,45.5950278946703,0.0,45.30174281871364,0.0,0.0,0.0,0.0,0.0,0.0,0.0
10.0,6.72918645932297,0.0039978293531976,0.0039978293515147,0.999992008647181,0.999992008647181,49.41357724446513,0.0,49.97294495354565,0.0,45.59502788973015,0.0,45.30174273160924,0.0,0.0,0.0,0.0,0.0,0.0,0.0
10.0,6.72943647182359,0.003997881386703,0.0039978813850223,0.9999920084391588,0.999992008439158,49.41357722555556,0.0,49.97294454243102,0.0,45.5950278847898,0.0,45.30174264450168,0.0,0.0,0.0,0.0,0.0,0.0,0.0
10.0,6.72968648432422,0.0039979334213924,0.003997933419714,0.999992008231128,0.999992008231128,49.41357720664488,0.0,49.972944131302064,0.0,45.59502787984928,0.0,45.30174255739098,0.0,0.0,0.0,0.0,0.0,0.0,0.0
10.0,6.72993649682484,0.003997985457266,0.0039979854555898,0.9999920080230909,0.99999200802309,49.41357718773312,0.0,49.9729437201588,0.0,45.59502787490856,0.0,45.30174247027711,0.0,0.0,0.0,0.0,0.0,0.0,0.0
10.0,6.73018650932547,0.0039980374943235,0.0039980374926496,0.999992007815046,0.9999920078150452,49.41357716882026,0.0,49.97294330900121,0.0,45.59502786996767,0.0,45.30174238316009,0.0,0.0,0.0,0.0,0.0,0.0,0.0
10.0,6.73043652182609,0.0039980895325651,0.0039980895308934,0.999992007606993,0.999992007606993,49.41357714990631,0.0,49.97294289782931,0.0,45.59502786502659,0.0,45.301742296039926,0.0,0.0,0.0,0.0,0.0,0.0,0.0
10.0,6.73068653432672,0.0039981415719906,0.003998141570321,0.999992007398933,0.999992007398932,49.41357713099128,0.0,49.9729424866431,0.0,45.59502786008531,0.0,45.3017422089166,0.0,0.0,0.0,0.0,0.0,0.0,0.0
10.0,6.7309365468273405,0.0039981936125999,0.0039981936109326,0.999992007190866,0.9999920071908652,49.413577112075146,0.0,49.97294207544256,0.0,45.595027855143854,0.0,45.30174212179012,0.0,0.0,0.0,0.0,0.0,0.0,0.0
10.0,6.73118655932797,0.003998245654393,0.003998245652728,0.999992006982791,0.99999200698279,49.413577093157926,0.0,49.9729416642277,0.0,45.59502785020221,0.0,45.3017420346605,0.0,0.0,0.0,0.0,0.0,0.0,0.0
10.0,6.73143657182859,0.0039982976973699,0.0039982976957071,0.9999920067747088,0.999992006774708,49.413577074239626,0.0,49.97294125299855,0.0,45.5950278452604,0.0,45.30174194752771,0.0,0.0,0.0,0.0,0.0,0.0,0.0
10.0,6.73168658432922,0.0039983497415305,0.0039983497398699,0.999992006566619,0.999992006566618,49.41357705532023,0.0,49.97294084175506,0.0,45.59502784031837,0.0,45.30174186039178,0.0,0.0,0.0,0.0,0.0,0.0,0.0
10.0,6.73193659682984,0.0039984017868747,0.0039984017852164,0.999992006358522,0.999992006358521,49.41357703639974,0.0,49.97294043049726,0.0,45.59502783537618,0.0,45.30174177325269,0.0,0.0,0.0,0.0,0.0,0.0,0.0
10.0,6.73218660933047,0.0039984538334026,0.0039984538317465,0.9999920061504168,0.9999920061504158,49.41357701747816,0.0,49.97294001922515,0.0,45.59502783043379,0.0,45.30174168611044,0.0,0.0,0.0,0.0,0.0,0.0,0.0
10.0,6.73243662183109,0.0039985058811139,0.0039985058794601,0.999992005942305,0.999992005942304,49.41357699855549,0.0,49.97293960793871,0.0,45.59502782549122,0.0,45.30174159896505,0.0,0.0,0.0,0.0,0.0,0.0,0.0
10.0,6.73268663433172,0.0039985579300088,0.0039985579283572,0.999992005734186,0.999992005734185,49.413576979631735,0.0,49.97293919663797,0.0,45.59502782054847,0.0,45.301741511816495,0.0,0.0,0.0,0.0,0.0,0.0,0.0
10.0,6.73293664683234,0.0039986099800871,0.0039986099784377,0.999992005526059,0.999992005526058,49.41357696070688,0.0,49.97293878532291,0.0,45.59502781560552,0.0,45.30174142466479,0.0,0.0,0.0,0.0,0.0,0.0,0.0
10.0,6.73318665933297,0.0039986620313487,0.0039986620297016,0.999992005317924,0.999992005317923,49.41357694178096,0.0,49.97293837399353,0.0,45.5950278106624,0.0,45.301741337509945,0.0,0.0,0.0,0.0,0.0,0.0,0.0
10.0,6.73343667183359,0.0039987140837937,0.0039987140821488,0.999992005109782,0.999992005109782,49.41357692285393,0.0,49.97293796264984,0.0,45.59502780571909,0.0,45.30174125035194,0.0,0.0,0.0,0.0,0.0,0.0,0.0
10.0,6.73368668433422,0.003998766137422,0.0039987661357793,0.9999920049016332,0.9999920049016332,49.41357690392583,0.0,49.97293755129182,0.0,45.59502780077559,0.0,45.30174116319077,0.0,0.0,0.0,0.0,0.0,0.0,0.0
10.0,6.73393669683484,0.0039988181922334,0.003998818190593,0.999992004693476,0.999992004693476,49.413576884996615,0.0,49.97293713991951,0.0,45.595027795831896,0.0,45.301741076026445,0.0,0.0,0.0,0.0,0.0,0.0,0.0
10.0,6.734186709335469,0.0039988702482281,0.0039988702465898,0.999992004485312,0.999992004485312,49.41357686606633,0.0,49.97293672853287,0.0,45.595027790888025,0.0,45.30174098885898,0.0,0.0,0.0,0.0,0.0,0.0,0.0
10.0,6.73443672183609,0.0039989223054058,0.0039989223037698,0.999992004277141,0.99999200427714,49.41357684713495,0.0,49.97293631713192,0.0,45.59502778594397,0.0,45.30174090168836,0.0,0.0,0.0,0.0,0.0,0.0,0.0
10.0,6.73468673433672,0.0039989743637666,0.0039989743621328,0.9999920040689622,0.999992004068961,49.41357682820249,0.0,49.972935905716646,0.0,45.59502778099973,0.0,45.301740814514574,0.0,0.0,0.0,0.0,0.0,0.0,0.0
10.0,6.73493674683734,0.0039990264233104,0.0039990264216788,0.999992003860775,0.999992003860774,49.413576809268925,0.0,49.97293549428706,0.0,45.5950277760553,0.0,45.30174072733765,0.0,0.0,0.0,0.0,0.0,0.0,0.0
10.0,6.73518675933797,0.0039990784840371,0.0039990784824078,0.999992003652581,0.999992003652581,49.4135767903343,0.0,49.972935082843165,0.0,45.595027771110686,0.0,45.30174064015757,0.0,0.0,0.0,0.0,0.0,0.0,0.0
10.0,6.73543677183859,0.0039991305459467,0.0039991305443196,0.99999200344438,0.999992003444379,49.41357677139856,0.0,49.97293467138496,0.0,45.595027766165884,0.0,45.30174055297434,0.0,0.0,0.0,0.0,0.0,0.0,0.0
10.0,6.73568678433922,0.0039991826090391,0.0039991826074143,0.999992003236171,0.99999200323617,49.41357675246174,0.0,49.97293425991242,0.0,45.595027761220905,0.0,45.30174046578795,0.0,0.0,0.0,0.0,0.0,0.0,0.0
10.0,6.73593679683984,0.0039992346733144,0.0039992346716918,0.999992003027955,0.999992003027954,49.41357673352384,0.0,49.97293384842559,0.0,45.59502775627573,0.0,45.3017403785984,0.0,0.0,0.0,0.0,0.0,0.0,0.0
10.0,6.73618680934047,0.0039992867387723,0.003999286737152,0.999992002819731,0.999992002819731,49.41357671458485,0.0,49.97293343692444,0.0,45.59502775133038,0.0,45.30174029140571,0.0,0.0,0.0,0.0,0.0,0.0,0.0
10.0,6.736436821841089,0.003999338805413,0.0039993388037948,0.9999920026115,0.999992002611499,49.41357669564477,0.0,49.97293302540896,0.0,45.59502774638484,0.0,45.30174020420986,0.0,0.0,0.0,0.0,0.0,0.0,0.0
10.0,6.73668683434172,0.0039993908732362,0.0039993908716203,0.999992002403262,0.9999920024032608,49.41357667670361,0.0,49.97293261387918,0.0,45.595027741439104,0.0,45.30174011701086,0.0,0.0,0.0,0.0,0.0,0.0,0.0
10.0,6.73693684684234,0.003999442942242,0.0039994429406283,0.999992002195015,0.999992002195015,49.41357665776136,0.0,49.97293220233508,0.0,45.59502773649319,0.0,45.3017400298087,0.0,0.0,0.0,0.0,0.0,0.0,0.0
10.0,6.73718685934297,0.0039994950124303,0.0039994950108189,0.999992001986762,0.999992001986761,49.41357663881802,0.0,49.97293179077667,0.0,45.59502773154709,0.0,45.3017399426034,0.0,0.0,0.0,0.0,0.0,0.0,0.0
10.0,6.73743687184359,0.0039995470838011,0.0039995470821919,0.9999920017785008,0.9999920017785,49.4135766198736,0.0,49.97293137920395,0.0,45.5950277266008,0.0,45.301739855394935,0.0,0.0,0.0,0.0,0.0,0.0,0.0
10.0,6.73768688434422,0.0039995991563543,0.0039995991547473,0.999992001570233,0.999992001570232,49.41357660092808,0.0,49.97293096761691,0.0,45.59502772165433,0.0,45.30173976818332,0.0,0.0,0.0,0.0,0.0,0.0,0.0
10.0,6.73793689684484,0.0039996512300898,0.003999651228485,0.999992001361957,0.999992001361956,49.413576581981495,0.0,49.97293055601556,0.0,45.59502771670767,0.0,45.30173968096855,0.0,0.0,0.0,0.0,0.0,0.0,0.0
10.0,6.73818690934547,0.0039997033050076,0.0039997033034051,0.999992001153674,0.999992001153673,49.41357656303381,0.0,49.97293014439989,0.0,45.59502771176084,0.0,45.30173959375063,0.0,0.0,0.0,0.0,0.0,0.0,0.0
10.0,6.73843692184609,0.0039997553811077,0.0039997553795074,0.999992000945383,0.999992000945383,49.41357654408504,0.0,49.97292973276991,0.0,45.5950277068138,0.0,45.301739506529564,0.0,0.0,0.0,0.0,0.0,0.0,0.0
10.0,6.73868693434672,0.0039998074583899,0.0039998074567918,0.999992000737085,0.999992000737084,49.413576525135184,0.0,49.972929321125626,0.0,45.59502770186658,0.0,45.301739419305335,0.0,0.0,0.0,0.0,0.0,0.0,0.0
10.0,6.73893694684734,0.0039998595368543,0.0039998595352584,0.99999200052878,0.999992000528779,49.41357650618425,0.0,49.972928909467015,0.0,45.59502769691919,0.0,45.30173933207796,0.0,0.0,0.0,0.0,0.0,0.0,0.0
10.0,6.73918695934797,0.0039999116165007,0.0039999116149071,0.999992000320467,0.999992000320466,49.41357648723222,0.0,49.9729284977941,0.0,45.5950276919716,0.0,45.30173924484742,0.0,0.0,0.0,0.0,0.0,0.0,0.0
10.0,6.73943697184859,0.0039999636973292,0.0039999636957378,0.999992000112147,0.999992000112146,49.41357646827911,0.0,49.97292808610687,0.0,45.59502768702382,0.0,45.30173915761374,0.0,0.0,0.0,0.0,0.0,0.0,0.0
10.0,6.73968698434922,0.0040000157793397,0.0040000157777505,0.9999919999038188,0.999991999903818,49.41357644932493,0.0,49.97292767440532,0.0,45.595027682075866,0.0,45.3017390703769,0.0,0.0,0.0,0.0,0.0,0.0,0.0
10.0,6.73993699684984,0.004000067862532,0.0040000678609451,0.999991999695483,0.999991999695483,49.41357643036964,0.0,49.97292726268947,0.0,45.595027677127725,0.0,45.30173898313691,0.0,0.0,0.0,0.0,0.0,0.0,0.0
10.0,6.74018700935047,0.0040001199469062,0.0040001199453215,0.999991999487141,0.99999199948714,49.41357641141328,0.0,49.97292685095929,0.0,45.59502767217939,0.0,45.30173889589376,0.0,0.0,0.0,0.0,0.0,0.0,0.0
10.0,6.74043702185109,0.0040001720324623,0.0040001720308798,0.99999199927879,0.99999199927879,49.41357639245583,0.0,49.97292643921482,0.0,45.59502766723087,0.0,45.30173880864746,0.0,0.0,0.0,0.0,0.0,0.0,0.0
10.0,6.74068703435172,0.0040002241192,0.0040002241176198,0.9999919990704328,0.999991999070432,49.41357637349729,0.0,49.97292602745602,0.0,45.59502766228218,0.0,45.30173872139801,0.0,0.0,0.0,0.0,0.0,0.0,0.0
10.0,6.74093704685234,0.0040002762071195,0.0040002762055415,0.999991998862068,0.999991998862067,49.41357635453768,0.0,49.97292561568291,0.0,45.59502765733329,0.0,45.30173863414541,0.0,0.0,0.0,0.0,0.0,0.0,0.0
10.0,6.74118705935297,0.0040003282962206,0.0040003282946448,0.999991998653695,0.999991998653695,49.41357633557698,0.0,49.9729252038955,0.0,45.59502765238422,0.0,45.301738546889645,0.0,0.0,0.0,0.0,0.0,0.0,0.0
10.0,6.74143707185359,0.0040003803865033,0.0040003803849297,0.999991998445315,0.999991998445315,49.41357631661519,0.0,49.97292479209376,0.0,45.59502764743496,0.0,45.30173845963074,0.0,0.0,0.0,0.0,0.0,0.0,0.0
10.0,6.74168708435422,0.0040004324779676,0.0040004324763962,0.999991998236928,0.999991998236927,49.41357629765233,0.0,49.97292438027772,0.0,45.59502764248551,0.0,45.30173837236868,0.0,0.0,0.0,0.0,0.0,0.0,0.0
10.0,6.741937096854839,0.0040004845706133,0.0040004845690441,0.9999919980285328,0.9999919980285328,49.413576278688375,0.0,49.97292396844736,0.0,45.59502763753588,0.0,45.30173828510346,0.0,0.0,0.0,0.0,0.0,0.0,0.0
10.0,6.74218710935547,0.0040005366644404,0.0040005366628735,0.999991997820131,0.99999199782013,49.41357625972334,0.0,49.9729235566027,0.0,45.59502763258607,0.0,45.30173819783509,0.0,0.0,0.0,0.0,0.0,0.0,0.0
10.0,6.74243712185609,0.004000588759449,0.0040005887578843,0.999991997611722,0.999991997611721,49.41357624075722,0.0,49.97292314474372,0.0,45.59502762763607,0.0,45.30173811056357,0.0,0.0,0.0,0.0,0.0,0.0,0.0
10.0,6.74268713435672,0.0040006408556388,0.0040006408540763,0.999991997403304,0.9999919974033028,49.41357622179002,0.0,49.97292273287044,0.0,45.59502762268588,0.0,45.30173802328889,0.0,0.0,0.0,0.0,0.0,0.0,0.0
10.0,6.74293714685734,0.0040006929530099,0.0040006929514497,0.99999199719488,0.9999919971948787,49.413576202821744,0.0,49.972922320982825,0.0,45.595027617735504,0.0,45.301737936011065,0.0,0.0,0.0,0.0,0.0,0.0,0.0
10.0,6.74318715935797,0.0040007450515622,0.0040007450500042,0.999991996986447,0.999991996986447,49.41357618385237,0.0,49.97292190908092,0.0,45.59502761278495,0.0,45.301737848730085,0.0,0.0,0.0,0.0,0.0,0.0,0.0
10.0,6.74343717185859,0.0040007971512957,0.0040007971497399,0.999991996778008,0.999991996778007,49.41357616488192,0.0,49.97292149716469,0.0,45.5950276078342,0.0,45.30173776144595,0.0,0.0,0.0,0.0,0.0,0.0,0.0
10.0,6.74368718435922,0.0040008492522103,0.0040008492506567,0.999991996569561,0.999991996569561,49.41357614591039,0.0,49.97292108523416,0.0,45.59502760288327,0.0,45.30173767415866,0.0,0.0,0.0,0.0,0.0,0.0,0.0
10.0,6.74393719685984,0.0040009013543059,0.0040009013527546,0.999991996361107,0.999991996361106,49.41357612693778,0.0,49.97292067328931,0.0,45.59502759793215,0.0,45.30173758686822,0.0,0.0,0.0,0.0,0.0,0.0,0.0
10.0,6.74418720936047,0.0040009534575826,0.0040009534560334,0.999991996152645,0.999991996152645,49.41357610796408,0.0,49.97292026133016,0.0,45.595027592980856,0.0,45.30173749957464,0.0,0.0,0.0,0.0,0.0,0.0,0.0
10.0,6.74443722186109,0.0040010055620401,0.0040010055604932,0.999991995944176,0.999991995944175,49.4135760889893,0.0,49.972919849356686,0.0,45.59502758802936,0.0,45.30173741227788,0.0,0.0,0.0,0.0,0.0,0.0,0.0
10.0,6.74468723436172,0.0040010576676786,0.0040010576661339,0.999991995735699,0.999991995735699,49.41357607001344,0.0,49.97291943736891,0.0,45.59502758307769,0.0,45.30173732497799,0.0,0.0,0.0,0.0,0.0,0.0,0.0
10.0,6.74493724686234,0.0040011097744979,0.0040011097729554,0.999991995527215,0.999991995527215,49.4135760510365,0.0,49.97291902536682,0.0,45.59502757812582,0.0,45.301737237674935,0.0,0.0,0.0,0.0,0.0,0.0,0.0
10.0,6.74518725936297,0.0040011618824979,0.0040011618809577,0.999991995318724,0.999991995318723,49.41357603205848,0.0,49.972918613350416,0.0,45.59502757317378,0.0,45.30173715036873,0.0,0.0,0.0,0.0,0.0,0.0,0.0
10.0,6.74543727186359,0.0040012139916787,0.0040012139901407,0.999991995110225,0.999991995110224,49.41357601307937,0.0,49.97291820131971,0.0,45.595027568221546,0.0,45.30173706305937,0.0,0.0,0.0,0.0,0.0,0.0,0.0
10.0,6.74568728436422,0.0040012661020402,0.0040012661005044,0.999991994901718,0.999991994901718,49.41357599409919,0.0,49.97291778927468,0.0,45.595027563269134,0.0,45.301736975746856,0.0,0.0,0.0,0.0,0.0,0.0,0.0
10.0,6.74593729686484,0.0040013182135823,0.0040013182120487,0.999991994693205,0.999991994693204,49.41357597511792,0.0,49.97291737721535,0.0,45.59502755831653,0.0,45.30173688843121,0.0,0.0,0.0,0.0,0.0,0.0,0.0
10.0,6.74618730936547,0.0040013703263049,0.0040013703247735,0.999991994484683,0.999991994484683,49.41357595613557,0.0,49.97291696514171,0.0,45.595027553363735,0.0,45.30173680111238,0.0,0.0,0.0,0.0,0.0,0.0,0.0
10.0,6.74643732186609,0.004001422440208,0.0040014224386789,0.999991994276154,0.999991994276154,49.41357593715215,0.0,49.97291655305376,0.0,45.59502754841077,0.0,45.30173671379041,0.0,0.0,0.0,0.0,0.0,0.0,0.0
10.0,6.746687334366721,0.0040014745552916,0.0040014745537647,0.999991994067619,0.999991994067618,49.41357591816764,0.0,49.9729161409515,0.0,45.5950275434576,0.0,45.30173662646529,0.0,0.0,0.0,0.0,0.0,0.0,0.0
10.0,6.74693734686734,0.0040015266715556,0.0040015266700309,0.999991993859075,0.999991993859074,49.41357589918205,0.0,49.97291572883493,0.0,45.595027538504254,0.0,45.30173653913702,0.0,0.0,0.0,0.0,0.0,0.0,0.0
10.0,6.74718735936797,0.004001578789,0.0040015787874775,0.9999919936505242,0.999991993650523,49.413575880195374,0.0,49.97291531670404,0.0,45.59502753355073,0.0,45.30173645180559,0.0,0.0,0.0,0.0,0.0,0.0,0.0
10.0,6.74743737186859,0.0040016309076246,0.0040016309061043,0.999991993441965,0.999991993441965,49.413575861207626,0.0,49.97291490455885,0.0,45.59502752859701,0.0,45.30173636447101,0.0,0.0,0.0,0.0,0.0,0.0,0.0
10.0,6.74768738436922,0.0040016830274295,0.0040016830259114,0.999991993233399,0.999991993233399,49.4135758422188,0.0,49.97291449239935,0.0,45.5950275236431,0.0,45.30173627713328,0.0,0.0,0.0,0.0,0.0,0.0,0.0
10.0,6.74793739686984,0.0040017351484146,0.0040017351468987,0.999991993024826,0.9999919930248248,49.41357582322889,0.0,49.97291408022554,0.0,45.595027518689015,0.0,45.30173618979239,0.0,0.0,0.0,0.0,0.0,0.0,0.0
10.0,6.74818740937047,0.0040017872705797,0.0040017872690661,0.999991992816245,0.999991992816245,49.4135758042379,0.0,49.97291366803742,0.0,45.59502751373474,0.0,45.30173610244835,0.0,0.0,0.0,0.0,0.0,0.0,0.0
10.0,6.74843742187109,0.004001839393925,0.0040018393924136,0.999991992607657,0.999991992607656,49.41357578524584,0.0,49.972913255835,0.0,45.59502750878029,0.0,45.30173601510116,0.0,0.0,0.0,0.0,0.0,0.0,0.0
10.0,6.74868743437172,0.0040018915184503,0.0040018915169411,0.999991992399061,0.999991992399061,49.41357576625269,0.0,49.97291284361825,0.0,45.595027503825634,0.0,45.301735927750826,0.0,0.0,0.0,0.0,0.0,0.0,0.0
10.0,6.74893744687234,0.0040019436441555,0.0040019436426486,0.999991992190458,0.999991992190458,49.41357574725846,0.0,49.9729124313872,0.0,45.59502749887079,0.0,45.30173584039733,0.0,0.0,0.0,0.0,0.0,0.0,0.0
10.0,6.74918745937297,0.0040019957710407,0.0040019957695359,0.999991991981848,0.999991991981847,49.41357572826316,0.0,49.97291201914185,0.0,45.59502749391579,0.0,45.30173575304068,0.0,0.0,0.0,0.0,0.0,0.0,0.0
10.0,6.74943747187359,0.0040020478991057,0.0040020478976032,0.99999199177323,0.999991991773229,49.41357570926678,0.0,49.972911606882185,0.0,45.595027488960575,0.0,45.30173566568087,0.0,0.0,0.0,0.0,0.0,0.0,0.0
10.0,6.74968748437422,0.0040021000283506,0.0040021000268502,0.999991991564604,0.999991991564604,49.41357569026931,0.0,49.972911194608216,0.0,45.59502748400519,0.0,45.30173557831792,0.0,0.0,0.0,0.0,0.0,0.0,0.0
10.0,6.74993749687484,0.0040021521587751,0.004002152157277,0.999991991355971,0.999991991355971,49.41357567127077,0.0,49.97291078231992,0.0,45.59502747904961,0.0,45.30173549095181,0.0,0.0,0.0,0.0,0.0,0.0,0.0
10.0,6.75018750937547,0.0040022042903794,0.0040022042888835,0.9999919911473312,0.9999919911473312,49.41357565227115,0.0,49.97291037001735,0.0,45.595027474093854,0.0,45.30173540358256,0.0,0.0,0.0,0.0,0.0,0.0,0.0
10.0,6.75043752187609,0.0040022564231633,0.0040022564216697,0.999991990938683,0.999991990938683,49.41357563327045,0.0,49.97290995770044,0.0,45.595027469137904,0.0,45.30173531621014,0.0,0.0,0.0,0.0,0.0,0.0,0.0
10.0,6.75068753437672,0.0040023085571268,0.0040023085556354,0.999991990730028,0.999991990730027,49.41357561426867,0.0,49.972909545369234,0.0,45.59502746418177,0.0,45.30173522883458,0.0,0.0,0.0,0.0,0.0,0.0,0.0
10.0,6.75093754687734,0.0040023606922699,0.0040023606907806,0.9999919905213648,0.9999919905213648,49.41357559526582,0.0,49.972909133023705,0.0,45.59502745922545,0.0,45.30173514145585,0.0,0.0,0.0,0.0,0.0,0.0,0.0
10.0,6.75118755937797,0.0040024128285924,0.0040024128271054,0.999991990312696,0.999991990312695,49.41357557626189,0.0,49.97290872066389,0.0,45.59502745426895,0.0,45.30173505407398,0.0,0.0,0.0,0.0,0.0,0.0,0.0
10.0,6.75143757187859,0.0040024649660944,0.0040024649646095,0.999991990104018,0.999991990104017,49.41357555725688,0.0,49.97290830828976,0.0,45.595027449312255,0.0,45.30173496668896,0.0,0.0,0.0,0.0,0.0,0.0,0.0
10.0,6.75168758437922,0.0040025171047757,0.0040025171032931,0.999991989895333,0.999991989895332,49.41357553825079,0.0,49.97290789590132,0.0,45.59502744435538,0.0,45.30173487930078,0.0,0.0,0.0,0.0,0.0,0.0,0.0
10.0,6.75193759687984,0.0040025692446363,0.0040025692431559,0.999991989686641,0.99999198968664,49.41357551924362,0.0,49.972907483498574,0.0,45.59502743939832,0.0,45.30173479190945,0.0,0.0,0.0,0.0,0.0,0.0,0.0
10.0,6.752187609380471,0.0040026213856762,0.0040026213841981,0.999991989477941,0.99999198947794,49.41357550023538,0.0,49.97290707108152,0.0,45.59502743444107,0.0,45.30173470451498,0.0,0.0,0.0,0.0,0.0,0.0,0.0
10.0,6.75243762188109,0.0040026735278954,0.0040026735264194,0.999991989269234,0.999991989269233,49.41357548122606,0.0,49.97290665865016,0.0,45.59502742948363,0.0,45.30173461711733,0.0,0.0,0.0,0.0,0.0,0.0,0.0
10.0,6.75268763438172,0.0040027256712936,0.0040027256698199,0.999991989060519,0.999991989060518,49.41357546221567,0.0,49.97290624620449,0.0,45.595027424526016,0.0,45.30173452971656,0.0,0.0,0.0,0.0,0.0,0.0,0.0
10.0,6.75293764688234,0.004002777815871,0.0040027778143995,0.999991988851797,0.999991988851796,49.4135754432042,0.0,49.972905833744505,0.0,45.59502741956821,0.0,45.301734442312615,0.0,0.0,0.0,0.0,0.0,0.0,0.0
10.0,6.75318765938297,0.0040028299616274,0.0040028299601581,0.9999919886430668,0.999991988643066,49.41357542419165,0.0,49.97290542127022,0.0,45.595027414610215,0.0,45.30173435490552,0.0,0.0,0.0,0.0,0.0,0.0,0.0
10.0,6.75343767188359,0.0040028821085629,0.0040028821070957,0.99999198843433,0.9999919884343288,49.41357540517803,0.0,49.97290500878162,0.0,45.59502740965205,0.0,45.30173426749528,0.0,0.0,0.0,0.0,0.0,0.0,0.0
10.0,6.75368768438422,0.0040029342566772,0.0040029342552123,0.999991988225586,0.999991988225585,49.41357538616332,0.0,49.97290459627872,0.0,45.59502740469368,0.0,45.30173418008188,0.0,0.0,0.0,0.0,0.0,0.0,0.0
10.0,6.75393769688484,0.0040029864059705,0.0040029864045078,0.999991988016834,0.999991988016833,49.41357536714754,0.0,49.97290418376152,0.0,45.59502739973513,0.0,45.30173409266533,0.0,0.0,0.0,0.0,0.0,0.0,0.0
10.0,6.75418770938547,0.0040030385564426,0.0040030385549821,0.9999919878080752,0.999991987808074,49.41357534813069,0.0,49.97290377123,0.0,45.5950273947764,0.0,45.30173400524563,0.0,0.0,0.0,0.0,0.0,0.0,0.0
10.0,6.754437721886091,0.0040030907080934,0.0040030907066351,0.999991987599308,0.999991987599307,49.41357532911276,0.0,49.972903358684185,0.0,45.595027389817474,0.0,45.30173391782277,0.0,0.0,0.0,0.0,0.0,0.0,0.0
10.0,6.75468773438672,0.004003142860923,0.0040031428594669,0.999991987390534,0.999991987390533,49.41357531009377,0.0,49.97290294612406,0.0,45.59502738485837,0.0,45.30173383039677,0.0,0.0,0.0,0.0,0.0,0.0,0.0
10.0,6.75493774688734,0.0040031950149313,0.0040031950134774,0.999991987181752,0.9999919871817508,49.41357529107368,0.0,49.97290253354962,0.0,45.59502737989908,0.0,45.301733742967606,0.0,0.0,0.0,0.0,0.0,0.0,0.0
10.0,6.75518775938797,0.0040032471701181,0.0040032471686665,0.999991986972963,0.999991986972962,49.41357527205253,0.0,49.97290212096088,0.0,45.5950273749396,0.0,45.301733655535294,0.0,0.0,0.0,0.0,0.0,0.0,0.0
10.0,6.75543777188859,0.0040032993264835,0.0040032993250341,0.999991986764166,0.999991986764166,49.413575253030295,0.0,49.97290170835784,0.0,45.59502736997993,0.0,45.30173356809983,0.0,0.0,0.0,0.0,0.0,0.0,0.0
10.0,6.75568778438922,0.0040033514840275,0.0040033514825802,0.9999919865553628,0.999991986555362,49.41357523400699,0.0,49.972901295740485,0.0,45.59502736502009,0.0,45.301733480661206,0.0,0.0,0.0,0.0,0.0,0.0,0.0
10.0,6.75593779688985,0.0040034036427499,0.0040034036413049,0.999991986346551,0.99999198634655,49.41357521498261,0.0,49.97290088310882,0.0,45.59502736006005,0.0,45.30173339321944,0.0,0.0,0.0,0.0,0.0,0.0,0.0
10.0,6.75618780939047,0.0040034558026507,0.0040034558012079,0.999991986137732,0.999991986137731,49.41357519595716,0.0,49.97290047046285,0.0,45.59502735509983,0.0,45.30173330577452,0.0,0.0,0.0,0.0,0.0,0.0,0.0
10.0,6.75643782189109,0.0040035079637298,0.0040035079622892,0.999991985928906,0.999991985928905,49.41357517693062,0.0,49.97290005780258,0.0,45.59502735013943,0.0,45.30173321832644,0.0,0.0,0.0,0.0,0.0,0.0,0.0
10.0,6.75668783439172,0.0040035601259872,0.0040035601245488,0.999991985720072,0.999991985720072,49.41357515790302,0.0,49.97289964512801,0.0,45.59502734517884,0.0,45.30173313087521,0.0,0.0,0.0,0.0,0.0,0.0,0.0
10.0,6.75693784689234,0.0040036122894229,0.0040036122879867,0.999991985511231,0.99999198551123,49.41357513887434,0.0,49.97289923243912,0.0,45.59502734021805,0.0,45.30173304342083,0.0,0.0,0.0,0.0,0.0,0.0,0.0
10.0,6.75718785939297,0.0040036644540368,0.0040036644526028,0.999991985302383,0.999991985302382,49.413575119844594,0.0,49.97289881973594,0.0,45.59502733525708,0.0,45.3017329559633,0.0,0.0,0.0,0.0,0.0,0.0,0.0
10.0,6.7574378718936,0.0040037166198288,0.004003716618397,0.999991985093526,0.999991985093526,49.413575100813766,0.0,49.97289840701844,0.0,45.59502733029595,0.0,45.30173286850262,0.0,0.0,0.0,0.0,0.0,0.0,0.0
10.0,6.757687884394219,0.0040037687867988,0.0040037687853692,0.999991984884663,0.999991984884662,49.41357508178187,0.0,49.97289799428664,0.0,45.595027325334605,0.0,45.30173278103879,0.0,0.0,0.0,0.0,0.0,0.0,0.0
10.0,6.75793789689484,0.0040038209549469,0.0040038209535195,0.999991984675792,0.999991984675791,49.41357506274889,0.0,49.97289758154053,0.0,45.595027320373084,0.0,45.30173269357179,0.0,0.0,0.0,0.0,0.0,0.0,0.0
10.0,6.75818790939547,0.0040038731242729,0.0040038731228478,0.999991984466914,0.999991984466913,49.41357504371485,0.0,49.97289716878013,0.0,45.59502731541137,0.0,45.30173260610165,0.0,0.0,0.0,0.0,0.0,0.0,0.0
10.0,6.7584379218961,0.0040039252947769,0.0040039252933539,0.999991984258028,0.999991984258027,49.41357502467972,0.0,49.97289675600541,0.0,45.595027310449474,0.0,45.30173251862835,0.0,0.0,0.0,0.0,0.0,0.0,0.0
10.0,6.75868793439672,0.0040039774664587,0.004003977465038,0.999991984049135,0.999991984049134,49.41357500564354,0.0,49.97289634321639,0.0,45.5950273054874,0.0,45.30173243115191,0.0,0.0,0.0,0.0,0.0,0.0,0.0
10.0,6.75893794689734,0.0040040296393184,0.0040040296378998,0.999991983840234,0.999991983840234,49.41357498660627,0.0,49.97289593041307,0.0,45.59502730052514,0.0,45.30173234367231,0.0,0.0,0.0,0.0,0.0,0.0,0.0
10.0,6.75918795939797,0.0040040818133557,0.0040040818119394,0.999991983631326,0.999991983631325,49.413574967567925,0.0,49.97289551759543,0.0,45.59502729556268,0.0,45.30173225618956,0.0,0.0,0.0,0.0,0.0,0.0,0.0
10.0,6.75943797189859,0.0040041339885708,0.0040041339871567,0.99999198342241,0.99999198342241,49.41357494852851,0.0,49.972895104763495,0.0,45.59502729060005,0.0,45.30173216870366,0.0,0.0,0.0,0.0,0.0,0.0,0.0
10.0,6.75968798439922,0.0040041861649636,0.0040041861635516,0.999991983213488,0.9999919832134868,49.41357492948803,0.0,49.97289469191726,0.0,45.59502728563723,0.0,45.3017320812146,0.0,0.0,0.0,0.0,0.0,0.0,0.0
10.0,6.75993799689985,0.0040042383425339,0.0040042383411241,0.999991983004557,0.9999919830045562,49.41357491044648,0.0,49.97289427905672,0.0,45.59502728067422,0.0,45.30173199372239,0.0,0.0,0.0,0.0,0.0,0.0,0.0
10.0,6.76018800940047,0.0040042905212817,0.0040042905198742,0.9999919827956189,0.9999919827956189,49.41357489140385,0.0,49.97289386618186,0.0,45.59502727571102,0.0,45.30173190622703,0.0,0.0,0.0,0.0,0.0,0.0,0.0
10.0,6.76043802190109,0.004004342701207,0.0040043426998017,0.999991982586674,0.999991982586674,49.41357487236015,0.0,49.97289345329271,0.0,45.59502727074764,0.0,45.30173181872851,0.0,0.0,0.0,0.0,0.0,0.0,0.0
10.0,6.76068803440172,0.0040043948823098,0.0040043948809067,0.999991982377721,0.999991982377721,49.41357485331537,0.0,49.97289304038925,0.0,45.59502726578408,0.0,45.301731731226845,0.0,0.0,0.0,0.0,0.0,0.0,0.0
10.0,6.76093804690235,0.0040044470645899,0.004004447063189,0.9999919821687612,0.9999919821687612,49.413574834269525,0.0,49.97289262747149,0.0,45.59502726082032,0.0,45.30173164372203,0.0,0.0,0.0,0.0,0.0,0.0,0.0
10.0,6.76118805940297,0.0040044992480474,0.0040044992466487,0.999991981959794,0.999991981959793,49.41357481522261,0.0,49.97289221453943,0.0,45.5950272558564,0.0,45.30173155621407,0.0,0.0,0.0,0.0,0.0,0.0,0.0
10.0,6.7614380719036,0.0040045514326821,0.0040045514312856,0.999991981750818,0.999991981750818,49.41357479617462,0.0,49.97289180159306,0.0,45.59502725089227,0.0,45.30173146870294,0.0,0.0,0.0,0.0,0.0,0.0,0.0
10.0,6.76168808440422,0.0040046036184941,0.0040046036170997,0.999991981541836,0.999991981541836,49.41357477712556,0.0,49.972891388632384,0.0,45.59502724592795,0.0,45.30173138118866,0.0,0.0,0.0,0.0,0.0,0.0,0.0
10.0,6.76193809690484,0.0040046558054831,0.004004655804091,0.999991981332846,0.999991981332846,49.41357475807543,0.0,49.9728909756574,0.0,45.59502724096347,0.0,45.30173129367123,0.0,0.0,0.0,0.0,0.0,0.0,0.0
10.0,6.76218810940547,0.0040047079936493,0.0040047079922594,0.9999919811238492,0.999991981123848,49.41357473902423,0.0,49.97289056266812,0.0,45.59502723599878,0.0,45.301731206150656,0.0,0.0,0.0,0.0,0.0,0.0,0.0
10.0,6.7624381219061,0.0040047601829926,0.0040047601816049,0.999991980914844,0.999991980914844,49.41357471997196,0.0,49.972890149664536,0.0,45.59502723103391,0.0,45.301731118626925,0.0,0.0,0.0,0.0,0.0,0.0,0.0
10.0,6.76268813440672,0.0040048123735128,0.0040048123721273,0.999991980705832,0.999991980705831,49.413574700918616,0.0,49.97288973664665,0.0,45.59502722606887,0.0,45.30173103110003,0.0,0.0,0.0,0.0,0.0,0.0,0.0
10.0,6.76293814690735,0.00400486456521,0.0040048645638267,0.999991980496812,0.999991980496811,49.413574681864205,0.0,49.97288932361445,0.0,45.59502722110362,0.0,45.30173094357,0.0,0.0,0.0,0.0,0.0,0.0,0.0
10.0,6.76318815940797,0.0040049167580841,0.004004916756703,0.999991980287785,0.999991980287784,49.41357466280872,0.0,49.97288891056797,0.0,45.5950272161382,0.0,45.30173085603681,0.0,0.0,0.0,0.0,0.0,0.0,0.0
10.0,6.76343817190859,0.004004968952135,0.0040049689507561,0.999991980078751,0.99999198007875,49.41357464375217,0.0,49.97288849750717,0.0,45.5950272111726,0.0,45.30173076850047,0.0,0.0,0.0,0.0,0.0,0.0,0.0
10.0,6.76368818440922,0.0040050211473627,0.0040050211459859,0.999991979869709,0.999991979869708,49.41357462469453,0.0,49.972888084432064,0.0,45.5950272062068,0.0,45.30173068096098,0.0,0.0,0.0,0.0,0.0,0.0,0.0
10.0,6.76393819690985,0.0040050733437671,0.0040050733423926,0.999991979660659,0.999991979660659,49.41357460563584,0.0,49.97288767134266,0.0,45.59502720124081,0.0,45.301730593418334,0.0,0.0,0.0,0.0,0.0,0.0,0.0
10.0,6.76418820941047,0.0040051255413482,0.0040051255399758,0.999991979451602,0.999991979451602,49.41357458657608,0.0,49.97288725823896,0.0,45.59502719627465,0.0,45.30173050587254,0.0,0.0,0.0,0.0,0.0,0.0,0.0
10.0,6.7644382219111,0.0040051777401059,0.0040051777387357,0.999991979242538,0.999991979242537,49.41357456751525,0.0,49.97288684512094,0.0,45.59502719130829,0.0,45.30173041832359,0.0,0.0,0.0,0.0,0.0,0.0,0.0
10.0,6.76468823441172,0.0040052299400401,0.0040052299386722,0.999991979033466,0.999991979033466,49.41357454845334,0.0,49.97288643198864,0.0,45.59502718634176,0.0,45.30173033077149,0.0,0.0,0.0,0.0,0.0,0.0,0.0
10.0,6.76493824691235,0.0040052821411509,0.0040052821397852,0.999991978824387,0.999991978824387,49.41357452939037,0.0,49.97288601884202,0.0,45.59502718137504,0.0,45.30173024321623,0.0,0.0,0.0,0.0,0.0,0.0,0.0
10.0,6.76518825941297,0.0040053343434381,0.0040053343420746,0.999991978615301,0.9999919786153,49.41357451032633,0.0,49.97288560568109,0.0,45.59502717640813,0.0,45.30173015565782,0.0,0.0,0.0,0.0,0.0,0.0,0.0
10.0,6.7654382719136,0.0040053865469018,0.0040053865455404,0.999991978406207,0.999991978406206,49.413574491261215,0.0,49.97288519250588,0.0,45.59502717144103,0.0,45.30173006809626,0.0,0.0,0.0,0.0,0.0,0.0,0.0
10.0,6.76568828441422,0.0040054387515418,0.0040054387501826,0.9999919781971052,0.999991978197105,49.41357447219503,0.0,49.97288477931636,0.0,45.59502716647375,0.0,45.30172998053156,0.0,0.0,0.0,0.0,0.0,0.0,0.0
10.0,6.76593829691485,0.004005490957358,0.0040054909560011,0.999991977987996,0.999991977987995,49.41357445312779,0.0,49.97288436611254,0.0,45.59502716150627,0.0,45.301729892963685,0.0,0.0,0.0,0.0,0.0,0.0,0.0
10.0,6.76618830941547,0.0040055431643506,0.0040055431629958,0.99999197777888,0.999991977778879,49.41357443405946,0.0,49.972883952894406,0.0,45.59502715653863,0.0,45.30172980539268,0.0,0.0,0.0,0.0,0.0,0.0,0.0
10.0,6.7664383219161,0.0040055953725193,0.0040055953711667,0.999991977569756,0.999991977569755,49.41357441499008,0.0,49.97288353966199,0.0,45.59502715157078,0.0,45.3017297178185,0.0,0.0,0.0,0.0,0.0,0.0,0.0
10.0,6.76668833441672,0.0040056475818641,0.0040056475805137,0.9999919773606248,0.9999919773606238,49.413574395919625,0.0,49.972883126415255,0.0,45.59502714660276,0.0,45.301729630241184,0.0,0.0,0.0,0.0,0.0,0.0,0.0
10.0,6.76693834691735,0.004005699792385,0.0040056997910368,0.999991977151486,0.999991977151485,49.41357437684811,0.0,49.97288271315421,0.0,45.59502714163455,0.0,45.30172954266072,0.0,0.0,0.0,0.0,0.0,0.0,0.0
10.0,6.76718835941797,0.004005752004082,0.004005752002736,0.99999197694234,0.99999197694234,49.41357435777552,0.0,49.97288229987889,0.0,45.59502713666615,0.0,45.30172945507709,0.0,0.0,0.0,0.0,0.0,0.0,0.0
10.0,6.7674383719186,0.0040058042169549,0.0040058042156111,0.999991976733187,0.999991976733186,49.41357433870186,0.0,49.972881886589256,0.0,45.59502713169758,0.0,45.30172936749032,0.0,0.0,0.0,0.0,0.0,0.0,0.0
10.0,6.76768838441922,0.0040058564310037,0.0040058564296621,0.999991976524026,0.999991976524025,49.41357431962713,0.0,49.97288147328532,0.0,45.5950271267288,0.0,45.30172927990039,0.0,0.0,0.0,0.0,0.0,0.0,0.0
10.0,6.767938396919851,0.0040059086462284,0.004005908644889,0.999991976314857,0.999991976314857,49.41357430055133,0.0,49.97288105996708,0.0,45.59502712175985,0.0,45.30172919230731,0.0,0.0,0.0,0.0,0.0,0.0,0.0
10.0,6.76818840942047,0.0040059608626289,0.0040059608612917,0.999991976105682,0.9999919761056808,49.41357428147447,0.0,49.972880646634536,0.0,45.59502711679071,0.0,45.30172910471107,0.0,0.0,0.0,0.0,0.0,0.0,0.0
10.0,6.7684384219211,0.0040060130802051,0.0040060130788701,0.999991975896498,0.999991975896497,49.413574262396544,0.0,49.9728802332877,0.0,45.59502711182139,0.0,45.30172901711169,0.0,0.0,0.0,0.0,0.0,0.0,0.0
10.0,6.76868843442172,0.0040060652989571,0.0040060652976243,0.999991975687308,0.999991975687307,49.41357424331755,0.0,49.97287981992656,0.0,45.595027106851866,0.0,45.30172892950915,0.0,0.0,0.0,0.0,0.0,0.0,0.0
10.0,6.76893844692235,0.0040061175188847,0.0040061175175541,0.999991975478109,0.999991975478109,49.413574224237486,0.0,49.97287940655113,0.0,45.595027101882174,0.0,45.30172884190347,0.0,0.0,0.0,0.0,0.0,0.0,0.0
10.0,6.76918845942297,0.0040061697399879,0.0040061697386595,0.999991975268904,0.999991975268903,49.41357420515635,0.0,49.97287899316138,0.0,45.59502709691229,0.0,45.30172875429463,0.0,0.0,0.0,0.0,0.0,0.0,0.0
10.0,6.7694384719236,0.0040062219622666,0.0040062219609404,0.999991975059691,0.99999197505969,49.41357418607416,0.0,49.972878579757335,0.0,45.59502709194222,0.0,45.30172866668264,0.0,0.0,0.0,0.0,0.0,0.0,0.0
10.0,6.76968848442422,0.0040062741857209,0.0040062741843968,0.99999197485047,0.99999197485047,49.4135741669909,0.0,49.972878166338994,0.0,45.59502708697197,0.0,45.30172857906749,0.0,0.0,0.0,0.0,0.0,0.0,0.0
10.0,6.76993849692485,0.0040063264103505,0.0040063264090287,0.9999919746412432,0.999991974641242,49.41357414790657,0.0,49.97287775290635,0.0,45.59502708200152,0.0,45.3017284914492,0.0,0.0,0.0,0.0,0.0,0.0,0.0
10.0,6.770188509425471,0.0040063786361555,0.0040063786348359,0.9999919744320068,0.999991974432006,49.41357412882117,0.0,49.9728773394594,0.0,45.5950270770309,0.0,45.30172840382775,0.0,0.0,0.0,0.0,0.0,0.0,0.0
10.0,6.7704385219261,0.0040064308631359,0.0040064308618184,0.999991974222765,0.999991974222764,49.41357410973472,0.0,49.97287692599816,0.0,45.59502707206009,0.0,45.301728316203146,0.0,0.0,0.0,0.0,0.0,0.0,0.0
10.0,6.77068853442672,0.0040064830912915,0.0040064830899762,0.999991974013514,0.999991974013514,49.41357409064718,0.0,49.97287651252262,0.0,45.595027067089084,0.0,45.3017282285754,0.0,0.0,0.0,0.0,0.0,0.0,0.0
10.0,6.77093854692735,0.0040065353206223,0.0040065353193093,0.9999919738042572,0.999991973804256,49.41357407155859,0.0,49.97287609903277,0.0,45.59502706211791,0.0,45.30172814094449,0.0,0.0,0.0,0.0,0.0,0.0,0.0
10.0,6.77118855942797,0.0040065875511283,0.0040065875498174,0.999991973594992,0.999991973594991,49.41357405246893,0.0,49.97287568552864,0.0,45.59502705714654,0.0,45.301728053310434,0.0,0.0,0.0,0.0,0.0,0.0,0.0
10.0,6.7714385719286,0.0040066397828094,0.0040066397815007,0.999991973385719,0.999991973385718,49.41357403337821,0.0,49.972875272010185,0.0,45.59502705217498,0.0,45.30172796567323,0.0,0.0,0.0,0.0,0.0,0.0,0.0
10.0,6.77168858442922,0.0040066920156656,0.0040066920143591,0.999991973176439,0.999991973176438,49.41357401428642,0.0,49.97287485847744,0.0,45.59502704720324,0.0,45.301727878032864,0.0,0.0,0.0,0.0,0.0,0.0,0.0
10.0,6.77193859692985,0.0040067442496968,0.0040067442483924,0.999991972967152,0.9999919729671513,49.41357399519356,0.0,49.97287444493039,0.0,45.59502704223131,0.0,45.30172779038936,0.0,0.0,0.0,0.0,0.0,0.0,0.0
10.0,6.77218860943047,0.0040067964849029,0.0040067964836007,0.999991972757857,0.999991972757856,49.41357397609964,0.0,49.97287403136905,0.0,45.59502703725919,0.0,45.30172770274269,0.0,0.0,0.0,0.0,0.0,0.0,0.0
10.0,6.7724386219311,0.0040068487212839,0.0040068487199839,0.999991972548555,0.999991972548554,49.41357395700465,0.0,49.97287361779341,0.0,45.59502703228689,0.0,45.30172761509288,0.0,0.0,0.0,0.0,0.0,0.0,0.0
10.0,6.77268863443172,0.0040069009588397,0.0040069009575419,0.999991972339245,0.999991972339244,49.41357393790861,0.0,49.97287320420346,0.0,45.59502702731441,0.0,45.30172752743991,0.0,0.0,0.0,0.0,0.0,0.0,0.0
10.0,6.77293864693235,0.0040069531975703,0.0040069531962748,0.999991972129928,0.999991972129927,49.41357391881149,0.0,49.972872790599226,0.0,45.59502702234175,0.0,45.30172743978378,0.0,0.0,0.0,0.0,0.0,0.0,0.0
10.0,6.77318865943297,0.0040070054374757,0.0040070054361823,0.9999919719206029,0.9999919719206029,49.41357389971332,0.0,49.97287237698068,0.0,45.595027017368885,0.0,45.30172735212452,0.0,0.0,0.0,0.0,0.0,0.0,0.0
10.0,6.773438671933599,0.0040070576785557,0.0040070576772645,0.999991971711271,0.999991971711271,49.41357388061408,0.0,49.97287196334784,0.0,45.59502701239584,0.0,45.301727264462095,0.0,0.0,0.0,0.0,0.0,0.0,0.0
10.0,6.77368868443422,0.0040071099208104,0.0040071099195213,0.999991971501932,0.9999919715019308,49.41357386151377,0.0,49.97287154970071,0.0,45.59502700742261,0.0,45.30172717679651,0.0,0.0,0.0,0.0,0.0,0.0,0.0
10.0,6.77393869693485,0.0040071621642396,0.0040071621629527,0.999991971292585,0.999991971292584,49.4135738424124,0.0,49.97287113603927,0.0,45.5950270024492,0.0,45.3017270891278,0.0,0.0,0.0,0.0,0.0,0.0,0.0
10.0,6.77418870943547,0.0040072144088433,0.0040072144075587,0.999991971083231,0.99999197108323,49.41357382330996,0.0,49.97287072236352,0.0,45.5950269974756,0.0,45.30172700145591,0.0,0.0,0.0,0.0,0.0,0.0,0.0
10.0,6.7744387219361,0.0040072666546215,0.004007266653339,0.999991970873869,0.999991970873868,49.41357380420647,0.0,49.9728703086735,0.0,45.595026992501815,0.0,45.30172691378088,0.0,0.0,0.0,0.0,0.0,0.0,0.0
10.0,6.77468873443672,0.0040073189015741,0.0040073189002938,0.9999919706645,0.999991970664499,49.4135737851019,0.0,49.972869894969165,0.0,45.595026987527845,0.0,45.3017268261027,0.0,0.0,0.0,0.0,0.0,0.0,0.0
10.0,6.77493874693735,0.0040073711497011,0.004007371148423,0.999991970455123,0.999991970455122,49.41357376599628,0.0,49.97286948125053,0.0,45.59502698255369,0.0,45.301726738421365,0.0,0.0,0.0,0.0,0.0,0.0,0.0
10.0,6.77518875943797,0.0040074233990023,0.0040074233977264,0.999991970245739,0.999991970245738,49.41357374688958,0.0,49.9728690675176,0.0,45.59502697757934,0.0,45.30172665073688,0.0,0.0,0.0,0.0,0.0,0.0,0.0
10.0,6.7754387719386,0.0040074756494778,0.0040074756482041,0.999991970036348,0.9999919700363468,49.41357372778184,0.0,49.97286865377038,0.0,45.59502697260482,0.0,45.30172656304924,0.0,0.0,0.0,0.0,0.0,0.0,0.0
10.0,6.775688784439221,0.0040075279011275,0.0040075278998559,0.999991969826949,0.999991969826948,49.41357370867302,0.0,49.97286824000884,0.0,45.5950269676301,0.0,45.30172647535844,0.0,0.0,0.0,0.0,0.0,0.0,0.0
10.0,6.77593879693985,0.0040075801539513,0.004007580152682,0.9999919696175432,0.999991969617542,49.41357368956314,0.0,49.97286782623303,0.0,45.5950269626552,0.0,45.3017263876645,0.0,0.0,0.0,0.0,0.0,0.0,0.0
10.0,6.77618880944047,0.0040076324079492,0.004007632406682,0.999991969408129,0.999991969408128,49.4135736704522,0.0,49.972867412442895,0.0,45.59502695768011,0.0,45.30172629996741,0.0,0.0,0.0,0.0,0.0,0.0,0.0
10.0,6.7764388219411,0.0040076846631212,0.0040076846618562,0.999991969198708,0.999991969198707,49.4135736513402,0.0,49.97286699863848,0.0,45.59502695270484,0.0,45.30172621226717,0.0,0.0,0.0,0.0,0.0,0.0,0.0
10.0,6.77668883444172,0.0040077369194671,0.0040077369182043,0.9999919689892792,0.999991968989278,49.413573632227134,0.0,49.97286658481976,0.0,45.59502694772938,0.0,45.30172612456377,0.0,0.0,0.0,0.0,0.0,0.0,0.0
10.0,6.77693884694235,0.0040077891769869,0.0040077891757263,0.999991968779843,0.999991968779842,49.41357361311301,0.0,49.97286617098674,0.0,45.59502694275374,0.0,45.30172603685722,0.0,0.0,0.0,0.0,0.0,0.0,0.0
10.0,6.77718885944297,0.0040078414356806,0.0040078414344222,0.999991968570399,0.999991968570398,49.41357359399782,0.0,49.972865757139424,0.0,45.5950269377779,0.0,45.30172594914752,0.0,0.0,0.0,0.0,0.0,0.0,0.0
10.0,6.7774388719436,0.0040078936955481,0.0040078936942919,0.9999919683609478,0.9999919683609478,49.41357357488157,0.0,49.97286534327782,0.0,45.59502693280189,0.0,45.30172586143467,0.0,0.0,0.0,0.0,0.0,0.0,0.0
10.0,6.77768888444422,0.0040079459565894,0.0040079459553353,0.99999196815149,0.999991968151489,49.41357355576425,0.0,49.97286492940191,0.0,45.59502692782569,0.0,45.30172577371866,0.0,0.0,0.0,0.0,0.0,0.0,0.0
10.0,6.77793889694485,0.0040079982188044,0.0040079982175525,0.999991967942024,0.999991967942023,49.413573536645885,0.0,49.9728645155117,0.0,45.5950269228493,0.0,45.30172568599952,0.0,0.0,0.0,0.0,0.0,0.0,0.0
10.0,6.77818890944547,0.004008050482193,0.0040080504809433,0.999991967732551,0.99999196773255,49.41357351752645,0.0,49.9728641016072,0.0,45.59502691787273,0.0,45.3017255982772,0.0,0.0,0.0,0.0,0.0,0.0,0.0
10.0,6.7784389219461,0.0040081027467552,0.0040081027455077,0.99999196752307,0.9999919675230692,49.41357349840595,0.0,49.9728636876884,0.0,45.595026912895975,0.0,45.30172551055174,0.0,0.0,0.0,0.0,0.0,0.0,0.0
10.0,6.77868893444672,0.004008155012491,0.0040081550112457,0.999991967313582,0.9999919673135812,49.41357347928438,0.0,49.9728632737553,0.0,45.59502690791903,0.0,45.30172542282313,0.0,0.0,0.0,0.0,0.0,0.0,0.0
10.0,6.778938946947349,0.0040082072794003,0.0040082072781571,0.999991967104086,0.999991967104085,49.41357346016177,0.0,49.97286285980792,0.0,45.595026902941896,0.0,45.30172533509136,0.0,0.0,0.0,0.0,0.0,0.0,0.0
10.0,6.77918895944797,0.004008259547483,0.004008259546242,0.999991966894583,0.999991966894583,49.41357344103809,0.0,49.97286244584623,0.0,45.59502689796459,0.0,45.30172524735645,0.0,0.0,0.0,0.0,0.0,0.0,0.0
10.0,6.7794389719486,0.0040083118167391,0.0040083118155003,0.999991966685073,0.999991966685072,49.41357342191334,0.0,49.97286203187024,0.0,45.59502689298708,0.0,45.30172515961839,0.0,0.0,0.0,0.0,0.0,0.0,0.0
10.0,6.77968898444922,0.0040083640871685,0.0040083640859318,0.999991966475555,0.999991966475554,49.41357340278754,0.0,49.97286161787996,0.0,45.595026888009386,0.0,45.301725071877165,0.0,0.0,0.0,0.0,0.0,0.0,0.0
10.0,6.77993899694985,0.0040084163587712,0.0040084163575367,0.99999196626603,0.999991966266029,49.41357338366068,0.0,49.97286120387538,0.0,45.59502688303152,0.0,45.3017249841328,0.0,0.0,0.0,0.0,0.0,0.0,0.0
10.0,6.78018900945047,0.0040084686315471,0.0040084686303148,0.999991966056497,0.999991966056496,49.41357336453275,0.0,49.9728607898565,0.0,45.59502687805346,0.0,45.30172489638528,0.0,0.0,0.0,0.0,0.0,0.0,0.0
10.0,6.7804390219511,0.0040085209054962,0.0040085209042661,0.999991965846957,0.999991965846956,49.413573345403776,0.0,49.97286037582332,0.0,45.59502687307521,0.0,45.3017248086346,0.0,0.0,0.0,0.0,0.0,0.0,0.0
10.0,6.78068903445172,0.0040085731806184,0.0040085731793904,0.999991965637409,0.999991965637408,49.413573326273735,0.0,49.97285996177586,0.0,45.59502686809678,0.0,45.30172472088078,0.0,0.0,0.0,0.0,0.0,0.0,0.0
10.0,6.78093904695235,0.0040086254569136,0.0040086254556879,0.999991965427854,0.999991965427853,49.41357330714264,0.0,49.9728595477141,0.0,45.59502686311816,0.0,45.30172463312381,0.0,0.0,0.0,0.0,0.0,0.0,0.0
10.0,6.781189059452969,0.0040086777343819,0.0040086777331583,0.999991965218291,0.999991965218291,49.41357328801047,0.0,49.97285913363804,0.0,45.59502685813936,0.0,45.30172454536368,0.0,0.0,0.0,0.0,0.0,0.0,0.0
10.0,6.7814390719536,0.0040087300130231,0.0040087300118017,0.999991965008722,0.999991965008721,49.41357326887725,0.0,49.97285871954768,0.0,45.59502685316037,0.0,45.30172445760039,0.0,0.0,0.0,0.0,0.0,0.0,0.0
10.0,6.78168908445422,0.0040087822928372,0.004008782291618,0.999991964799144,0.9999919647991428,49.41357324974297,0.0,49.97285830544303,0.0,45.5950268481812,0.0,45.30172436983396,0.0,0.0,0.0,0.0,0.0,0.0,0.0
10.0,6.78193909695485,0.0040088345738241,0.0040088345726071,0.999991964589559,0.999991964589559,49.413573230607625,0.0,49.97285789132408,0.0,45.59502684320184,0.0,45.301724282064384,0.0,0.0,0.0,0.0,0.0,0.0,0.0
10.0,6.78218910945547,0.0040088868559839,0.004008886854769,0.999991964379967,0.999991964379967,49.41357321147122,0.0,49.97285747719084,0.0,45.59502683822229,0.0,45.30172419429165,0.0,0.0,0.0,0.0,0.0,0.0,0.0
10.0,6.7824391219561,0.0040089391393163,0.0040089391381036,0.999991964170367,0.999991964170367,49.41357319233377,0.0,49.97285706304331,0.0,45.59502683324256,0.0,45.30172410651576,0.0,0.0,0.0,0.0,0.0,0.0,0.0
10.0,6.78268913445672,0.0040089914238215,0.004008991422611,0.999991963960761,0.99999196396076,49.41357317319525,0.0,49.97285664888147,0.0,45.59502682826264,0.0,45.30172401873673,0.0,0.0,0.0,0.0,0.0,0.0,0.0
10.0,6.78293914695735,0.0040090437094993,0.0040090437082909,0.999991963751146,0.999991963751145,49.41357315405568,0.0,49.97285623470534,0.0,45.59502682328253,0.0,45.30172393095454,0.0,0.0,0.0,0.0,0.0,0.0,0.0
10.0,6.78318915945797,0.0040090959963497,0.0040090959951435,0.999991963541524,0.999991963541523,49.41357313491504,0.0,49.97285582051492,0.0,45.59502681830224,0.0,45.30172384316919,0.0,0.0,0.0,0.0,0.0,0.0,0.0
10.0,6.7834391719586,0.0040091482843725,0.0040091482831685,0.999991963331895,0.999991963331894,49.41357311577335,0.0,49.9728554063102,0.0,45.59502681332177,0.0,45.30172375538071,0.0,0.0,0.0,0.0,0.0,0.0,0.0
10.0,6.78368918445922,0.0040092005735679,0.0040092005723661,0.999991963122258,0.999991963122257,49.41357309663059,0.0,49.97285499209119,0.0,45.59502680834111,0.0,45.30172366758906,0.0,0.0,0.0,0.0,0.0,0.0,0.0
10.0,6.78393919695985,0.0040092528639356,0.004009252862736,0.999991962912613,0.999991962912613,49.41357307748678,0.0,49.97285457785788,0.0,45.59502680336026,0.0,45.30172357979426,0.0,0.0,0.0,0.0,0.0,0.0,0.0
10.0,6.78418920946047,0.0040093051554758,0.0040093051542783,0.999991962702961,0.999991962702961,49.41357305834192,0.0,49.97285416361028,0.0,45.59502679837923,0.0,45.30172349199632,0.0,0.0,0.0,0.0,0.0,0.0,0.0
10.0,6.7844392219611,0.0040093574481882,0.0040093574469929,0.999991962493302,0.999991962493302,49.413573039196,0.0,49.97285374934839,0.0,45.59502679339801,0.0,45.301723404195215,0.0,0.0,0.0,0.0,0.0,0.0,0.0
10.0,6.78468923446172,0.0040094097420729,0.0040094097408797,0.999991962283636,0.999991962283635,49.41357302004901,0.0,49.97285333507219,0.0,45.59502678841661,0.0,45.30172331639098,0.0,0.0,0.0,0.0,0.0,0.0,0.0
10.0,6.78493924696235,0.0040094620371297,0.0040094620359388,0.999991962073962,0.999991962073961,49.413573000900975,0.0,49.972852920781705,0.0,45.59502678343501,0.0,45.30172322858357,0.0,0.0,0.0,0.0,0.0,0.0,0.0
10.0,6.78518925946297,0.0040095143333588,0.00400951433217,0.999991961864281,0.99999196186428,49.41357298175187,0.0,49.972852506476926,0.0,45.59502677845324,0.0,45.30172314077302,0.0,0.0,0.0,0.0,0.0,0.0,0.0
10.0,6.7854392719636,0.0040095666307599,0.0040095666295732,0.999991961654591,0.999991961654591,49.41357296260171,0.0,49.97285209215785,0.0,45.59502677347128,0.0,45.30172305295932,0.0,0.0,0.0,0.0,0.0,0.0,0.0
10.0,6.78568928446422,0.004009618929333,0.0040096189281486,0.999991961444895,0.999991961444894,49.4135729434505,0.0,49.97285167782448,0.0,45.59502676848913,0.0,45.30172296514245,0.0,0.0,0.0,0.0,0.0,0.0,0.0
10.0,6.78593929696485,0.0040096712290782,0.0040096712278959,0.999991961235192,0.9999919612351912,49.41357292429824,0.0,49.97285126347683,0.0,45.5950267635068,0.0,45.301722877322455,0.0,0.0,0.0,0.0,0.0,0.0,0.0
10.0,6.78618930946547,0.0040097235299952,0.0040097235288151,0.99999196102548,0.99999196102548,49.41357290514492,0.0,49.97285084911487,0.0,45.59502675852428,0.0,45.301722789499294,0.0,0.0,0.0,0.0,0.0,0.0,0.0
10.0,6.7864393219661,0.0040097758320841,0.0040097758309062,0.999991960815762,0.999991960815761,49.413572885990526,0.0,49.97285043473862,0.0,45.59502675354157,0.0,45.301722701672986,0.0,0.0,0.0,0.0,0.0,0.0,0.0
10.0,6.78668933446672,0.0040098281353449,0.0040098281341691,0.999991960606036,0.9999919606060352,49.41357286683509,0.0,49.97285002034808,0.0,45.59502674855867,0.0,45.30172261384352,0.0,0.0,0.0,0.0,0.0,0.0,0.0
10.0,6.78693934696735,0.0040098804397774,0.0040098804386038,0.999991960396302,0.999991960396301,49.413572847678594,0.0,49.972849605943246,0.0,45.5950267435756,0.0,45.30172252601091,0.0,0.0,0.0,0.0,0.0,0.0,0.0
10.0,6.78718935946797,0.0040099327453816,0.0040099327442102,0.999991960186561,0.999991960186561,49.41357282852105,0.0,49.97284919152411,0.0,45.595026738592345,0.0,45.30172243817516,0.0,0.0,0.0,0.0,0.0,0.0,0.0
10.0,6.7874393719686,0.0040099850521575,0.0040099850509883,0.999991959976813,0.999991959976812,49.41357280936243,0.0,49.97284877709068,0.0,45.59502673360889,0.0,45.30172235033624,0.0,0.0,0.0,0.0,0.0,0.0,0.0
10.0,6.78768938446922,0.004010037360105,0.0040100373589379,0.999991959767057,0.999991959767056,49.41357279020277,0.0,49.97284836264297,0.0,45.59502672862526,0.0,45.30172226249417,0.0,0.0,0.0,0.0,0.0,0.0,0.0
10.0,6.78793939696985,0.0040100896692241,0.0040100896680591,0.999991959557294,0.9999919595572928,49.413572771042055,0.0,49.97284794818096,0.0,45.59502672364143,0.0,45.30172217464895,0.0,0.0,0.0,0.0,0.0,0.0,0.0
10.0,6.78818940947047,0.0040101419795146,0.0040101419783518,0.999991959347523,0.999991959347522,49.41357275188028,0.0,49.97284753370466,0.0,45.59502671865743,0.0,45.30172208680058,0.0,0.0,0.0,0.0,0.0,0.0,0.0
10.0,6.7884394219711,0.0040101942909766,0.004010194289816,0.999991959137745,0.999991959137744,49.41357273271745,0.0,49.97284711921406,0.0,45.59502671367324,0.0,45.301721998949056,0.0,0.0,0.0,0.0,0.0,0.0,0.0
10.0,6.78868943447172,0.00401024660361,0.0040102466024516,0.999991958927959,0.999991958927959,49.41357271355356,0.0,49.97284670470918,0.0,45.595026708688856,0.0,45.30172191109438,0.0,0.0,0.0,0.0,0.0,0.0,0.0
10.0,6.78893944697235,0.0040102989174147,0.0040102989162584,0.999991958718167,0.999991958718166,49.41357269438862,0.0,49.97284629018999,0.0,45.59502670370429,0.0,45.30172182323656,0.0,0.0,0.0,0.0,0.0,0.0,0.0
10.0,6.78918945947297,0.0040103512323907,0.0040103512312366,0.999991958508366,0.999991958508366,49.41357267522263,0.0,49.972845875656525,0.0,45.595026698719536,0.0,45.30172173537558,0.0,0.0,0.0,0.0,0.0,0.0,0.0
10.0,6.7894394719736,0.0040104035485379,0.004010403547386,0.999991958298558,0.999991958298558,49.41357265605557,0.0,49.97284546110875,0.0,45.5950266937346,0.0,45.30172164751146,0.0,0.0,0.0,0.0,0.0,0.0,0.0
10.0,6.78968948447422,0.0040104558658563,0.0040104558647066,0.999991958088743,0.999991958088742,49.413572636887466,0.0,49.972845046546695,0.0,45.595026688749485,0.0,45.301721559644186,0.0,0.0,0.0,0.0,0.0,0.0,0.0
10.0,6.78993949697485,0.0040105081843459,0.0040105081831982,0.99999195787892,0.99999195787892,49.4135726177183,0.0,49.97284463197034,0.0,45.595026683764175,0.0,45.30172147177375,0.0,0.0,0.0,0.0,0.0,0.0,0.0
10.0,6.79018950947547,0.0040105605040065,0.004010560502861,0.99999195766909,0.99999195766909,49.41357259854809,0.0,49.9728442173797,0.0,45.59502667877868,0.0,45.30172138390018,0.0,0.0,0.0,0.0,0.0,0.0,0.0
10.0,6.7904395219761,0.0040106128248381,0.0040106128236948,0.999991957459253,0.999991957459252,49.413572579376826,0.0,49.97284380277476,0.0,45.59502667379301,0.0,45.301721296023445,0.0,0.0,0.0,0.0,0.0,0.0,0.0
10.0,6.79068953447672,0.0040106651468406,0.0040106651456995,0.999991957249408,0.9999919572494068,49.41357256020451,0.0,49.97284338815554,0.0,45.59502666880714,0.0,45.30172120814356,0.0,0.0,0.0,0.0,0.0,0.0,0.0
10.0,6.79093954697735,0.0040107174700141,0.0040107174688751,0.999991957039555,0.999991957039554,49.41357254103112,0.0,49.97284297352202,0.0,45.595026663821095,0.0,45.30172112026053,0.0,0.0,0.0,0.0,0.0,0.0,0.0
10.0,6.79118955947797,0.0040107697943584,0.0040107697932216,0.9999919568296952,0.9999919568296952,49.41357252185669,0.0,49.972842558874206,0.0,45.59502665883485,0.0,45.301721032374346,0.0,0.0,0.0,0.0,0.0,0.0,0.0
10.0,6.791439571978601,0.0040108221198735,0.0040108221187389,0.999991956619828,0.999991956619827,49.413572502681205,0.0,49.97284214421211,0.0,45.59502665384843,0.0,45.301720944485005,0.0,0.0,0.0,0.0,0.0,0.0,0.0
10.0,6.79168958447922,0.0040108744465594,0.0040108744454269,0.9999919564099528,0.9999919564099528,49.41357248350467,0.0,49.97284172953572,0.0,45.59502664886183,0.0,45.30172085659252,0.0,0.0,0.0,0.0,0.0,0.0,0.0
10.0,6.79193959697985,0.0040109267744159,0.0040109267732856,0.999991956200071,0.99999195620007,49.41357246432708,0.0,49.97284131484502,0.0,45.59502664387503,0.0,45.30172076869688,0.0,0.0,0.0,0.0,0.0,0.0,0.0
10.0,6.79218960948047,0.0040109791034431,0.004010979102315,0.999991955990182,0.999991955990181,49.41357244514843,0.0,49.972840900140056,0.0,45.59502663888805,0.0,45.3017206807981,0.0,0.0,0.0,0.0,0.0,0.0,0.0
10.0,6.7924396219811,0.0040110314336409,0.0040110314325149,0.999991955780285,0.999991955780284,49.41357242596874,0.0,49.97284048542079,0.0,45.59502663390088,0.0,45.30172059289615,0.0,0.0,0.0,0.0,0.0,0.0,0.0
10.0,6.79268963448172,0.0040110837650092,0.0040110837638854,0.99999195557038,0.999991955570379,49.41357240678799,0.0,49.972840070687226,0.0,45.59502662891353,0.0,45.30172050499105,0.0,0.0,0.0,0.0,0.0,0.0,0.0
10.0,6.79293964698235,0.004011136097548,0.0040111360964263,0.999991955360468,0.999991955360467,49.41357238760619,0.0,49.972839655939374,0.0,45.595026623926,0.0,45.301720417082805,0.0,0.0,0.0,0.0,0.0,0.0,0.0
10.0,6.79318965948297,0.0040111884312572,0.0040111884301377,0.999991955150549,0.999991955150548,49.41357236842333,0.0,49.97283924117723,0.0,45.59502661893827,0.0,45.30172032917142,0.0,0.0,0.0,0.0,0.0,0.0,0.0
10.0,6.7934396719836,0.0040112407661368,0.0040112407650194,0.999991954940622,0.999991954940621,49.41357234923942,0.0,49.9728388264008,0.0,45.59502661395036,0.0,45.30172024125688,0.0,0.0,0.0,0.0,0.0,0.0,0.0
10.0,6.793689684484221,0.0040112931021866,0.0040112931010714,0.999991954730688,0.999991954730687,49.41357233005445,0.0,49.97283841161008,0.0,45.59502660896227,0.0,45.301720153339176,0.0,0.0,0.0,0.0,0.0,0.0,0.0
10.0,6.79393969698485,0.0040113454394068,0.0040113454382937,0.999991954520746,0.9999919545207449,49.41357231086844,0.0,49.97283799680506,0.0,45.595026603973984,0.0,45.30172006541832,0.0,0.0,0.0,0.0,0.0,0.0,0.0
10.0,6.79418970948547,0.0040113977777971,0.0040113977766862,0.999991954310797,0.999991954310796,49.413572291681376,0.0,49.97283758198576,0.0,45.59502659898552,0.0,45.30171997749433,0.0,0.0,0.0,0.0,0.0,0.0,0.0
10.0,6.7944397219861,0.0040114501173576,0.0040114501162489,0.99999195410084,0.99999195410084,49.413572272493255,0.0,49.97283716715216,0.0,45.59502659399687,0.0,45.30171988956717,0.0,0.0,0.0,0.0,0.0,0.0,0.0
10.0,6.79468973448672,0.0040115024580882,0.0040115024569817,0.9999919538908768,0.999991953890876,49.41357225330408,0.0,49.97283675230428,0.0,45.59502658900803,0.0,45.30171980163688,0.0,0.0,0.0,0.0,0.0,0.0,0.0
10.0,6.79493974698735,0.0040115547999889,0.0040115547988845,0.999991953680905,0.999991953680904,49.413572234113865,0.0,49.9728363374421,0.0,45.595026584019,0.0,45.30171971370342,0.0,0.0,0.0,0.0,0.0,0.0,0.0
10.0,6.79518975948797,0.0040116071430595,0.0040116071419573,0.999991953470927,0.999991953470926,49.41357221492259,0.0,49.97283592256564,0.0,45.5950265790298,0.0,45.301719625766815,0.0,0.0,0.0,0.0,0.0,0.0,0.0
10.0,6.7954397719886,0.0040116594873001,0.0040116594862,0.99999195326094,0.999991953260939,49.41357219573027,0.0,49.97283550767489,0.0,45.5950265740404,0.0,45.30171953782706,0.0,0.0,0.0,0.0,0.0,0.0,0.0
10.0,6.79568978448922,0.0040117118327105,0.0040117118316126,0.999991953050946,0.999991953050946,49.41357217653689,0.0,49.97283509276984,0.0,45.595026569050816,0.0,45.30171944988416,0.0,0.0,0.0,0.0,0.0,0.0,0.0
10.0,6.79593979698985,0.0040117641792908,0.004011764178195,0.999991952840945,0.999991952840945,49.41357215734247,0.0,49.9728346778505,0.0,45.59502656406105,0.0,45.3017193619381,0.0,0.0,0.0,0.0,0.0,0.0,0.0
10.0,6.79618980949047,0.0040118165270409,0.0040118165259473,0.9999919526309368,0.999991952630936,49.41357213814699,0.0,49.97283426291687,0.0,45.5950265590711,0.0,45.301719273988894,0.0,0.0,0.0,0.0,0.0,0.0,0.0
10.0,6.7964398219911,0.0040118688759607,0.0040118688748692,0.999991952420921,0.99999195242092,49.413572118950455,0.0,49.97283384796896,0.0,45.59502655408095,0.0,45.30171918603653,0.0,0.0,0.0,0.0,0.0,0.0,0.0
10.0,6.79668983449172,0.0040119212260501,0.0040119212249608,0.999991952210897,0.999991952210897,49.41357209975288,0.0,49.97283343300676,0.0,45.59502654909063,0.0,45.30171909808102,0.0,0.0,0.0,0.0,0.0,0.0,0.0
10.0,6.796939846992349,0.0040119735773092,0.004011973576222,0.999991952000866,0.999991952000866,49.413572080554246,0.0,49.97283301803027,0.0,45.59502654410012,0.0,45.30171901012236,0.0,0.0,0.0,0.0,0.0,0.0,0.0
10.0,6.79718985949297,0.0040120259297378,0.0040120259286528,0.999991951790828,0.999991951790828,49.41357206135456,0.0,49.972832603039485,0.0,45.59502653910943,0.0,45.30171892216055,0.0,0.0,0.0,0.0,0.0,0.0,0.0
10.0,6.7974398719936,0.0040120782833359,0.0040120782822531,0.999991951580783,0.999991951580782,49.41357204215383,0.0,49.97283218803442,0.0,45.59502653411855,0.0,45.30171883419558,0.0,0.0,0.0,0.0,0.0,0.0,0.0
10.0,6.79768988449422,0.0040121306381035,0.0040121306370228,0.999991951370729,0.999991951370729,49.41357202295205,0.0,49.97283177301505,0.0,45.59502652912747,0.0,45.301718746227465,0.0,0.0,0.0,0.0,0.0,0.0,0.0
10.0,6.79793989699485,0.0040121829940405,0.004012182992962,0.9999919511606687,0.999991951160668,49.41357200374922,0.0,49.972831357981406,0.0,45.59502652413622,0.0,45.3017186582562,0.0,0.0,0.0,0.0,0.0,0.0,0.0
10.0,6.79818990949548,0.0040122353511468,0.0040122353500705,0.999991950950601,0.9999919509506,49.41357198454534,0.0,49.97283094293346,0.0,45.59502651914477,0.0,45.301718570281786,0.0,0.0,0.0,0.0,0.0,0.0,0.0
10.0,6.7984399219961,0.0040122877094225,0.0040122877083482,0.999991950740525,0.999991950740525,49.41357196534042,0.0,49.97283052787123,0.0,45.59502651415316,0.0,45.301718482304224,0.0,0.0,0.0,0.0,0.0,0.0,0.0
10.0,6.79868993449672,0.0040123400688673,0.0040123400677952,0.999991950530442,0.999991950530442,49.41357194613443,0.0,49.97283011279472,0.0,45.59502650916134,0.0,45.3017183943235,0.0,0.0,0.0,0.0,0.0,0.0,0.0
10.0,6.79893994699735,0.0040123924294814,0.0040123924284114,0.999991950320352,0.999991950320352,49.4135719269274,0.0,49.97282969770392,0.0,45.59502650416935,0.0,45.30171830633963,0.0,0.0,0.0,0.0,0.0,0.0,0.0
10.0,6.799189959497971,0.0040124447912646,0.0040124447901968,0.999991950110255,0.999991950110254,49.41357190771933,0.0,49.972829282598816,0.0,45.59502649917716,0.0,45.301718218352605,0.0,0.0,0.0,0.0,0.0,0.0,0.0
10.0,6.7994399719986,0.0040124971542168,0.0040124971531512,0.999991949900149,0.999991949900149,49.4135718885102,0.0,49.97282886747944,0.0,45.59502649418479,0.0,45.30171813036244,0.0,0.0,0.0,0.0,0.0,0.0,0.0
10.0,6.79968998449922,0.0040125495183381,0.0040125495172746,0.999991949690037,0.999991949690036,49.41357186930002,0.0,49.972828452345766,0.0,45.59502648919224,0.0,45.30171804236911,0.0,0.0,0.0,0.0,0.0,0.0,0.0
10.0,6.79993999699985,0.0040126018836283,0.004012601882567,0.999991949479917,0.999991949479916,49.41357185008879,0.0,49.97282803719781,0.0,45.59502648419949,0.0,45.30171795437264,0.0,0.0,0.0,0.0,0.0,0.0,0.0
10.0,6.80019000950047,0.0040126542500875,0.0040126542490283,0.99999194926979,0.999991949269789,49.41357183087652,0.0,49.97282762203557,0.0,45.59502647920656,0.0,45.30171786637302,0.0,0.0,0.0,0.0,0.0,0.0,0.0
10.0,6.8004400220011,0.0040127066177155,0.0040127066166585,0.999991949059654,0.999991949059654,49.4135718116632,0.0,49.97282720685902,0.0,45.595026474213455,0.0,45.30171777837025,0.0,0.0,0.0,0.0,0.0,0.0,0.0
10.0,6.80069003450173,0.0040127589865124,0.0040127589854575,0.999991948849512,0.999991948849511,49.41357179244882,0.0,49.97282679166821,0.0,45.59502646922016,0.0,45.30171769036431,0.0,0.0,0.0,0.0,0.0,0.0,0.0
10.0,6.80094004700235,0.004012811356478,0.0040128113554252,0.999991948639362,0.999991948639361,49.4135717732334,0.0,49.9728263764631,0.0,45.59502646422667,0.0,45.30171760235523,0.0,0.0,0.0,0.0,0.0,0.0,0.0
10.0,6.80119005950298,0.0040128637276122,0.0040128637265617,0.999991948429205,0.999991948429204,49.413571754016935,0.0,49.97282596124371,0.0,45.59502645923301,0.0,45.30171751434301,0.0,0.0,0.0,0.0,0.0,0.0,0.0
10.0,6.8014400720036,0.0040129160999152,0.0040129160988667,0.99999194821904,0.99999194821904,49.41357173479943,0.0,49.972825546010014,0.0,45.59502645423915,0.0,45.30171742632764,0.0,0.0,0.0,0.0,0.0,0.0,0.0
10.0,6.80169008450422,0.0040129684733867,0.0040129684723404,0.999991948008868,0.999991948008868,49.41357171558087,0.0,49.97282513076204,0.0,45.595026449245104,0.0,45.301717338309096,0.0,0.0,0.0,0.0,0.0,0.0,0.0
10.0,6.80194009700485,0.0040130208480268,0.0040130208469826,0.999991947798689,0.999991947798688,49.413571696361245,0.0,49.97282471549978,0.0,45.59502644425088,0.0,45.30171725028743,0.0,0.0,0.0,0.0,0.0,0.0,0.0
10.0,6.80219010950548,0.0040130732238353,0.0040130732227933,0.999991947588502,0.999991947588501,49.41357167714059,0.0,49.97282430022324,0.0,45.59502643925647,0.0,45.30171716226259,0.0,0.0,0.0,0.0,0.0,0.0,0.0
10.0,6.802440122006099,0.0040131256008123,0.0040131255997725,0.999991947378308,0.999991947378307,49.41357165791888,0.0,49.9728238849324,0.0,45.59502643426186,0.0,45.30171707423461,0.0,0.0,0.0,0.0,0.0,0.0,0.0
10.0,6.80269013450672,0.0040131779789577,0.00401317797792,0.999991947168106,0.999991947168105,49.413571638696126,0.0,49.97282346962727,0.0,45.59502642926708,0.0,45.301716986203466,0.0,0.0,0.0,0.0,0.0,0.0,0.0
10.0,6.80294014700735,0.0040132303582714,0.0040132303572358,0.999991946957897,0.999991946957896,49.41357161947233,0.0,49.97282305430787,0.0,45.595026424272106,0.0,45.30171689816919,0.0,0.0,0.0,0.0,0.0,0.0,0.0
10.0,6.80319015950797,0.0040132827387533,0.0040132827377199,0.99999194674768,0.999991946747679,49.41357160024747,0.0,49.97282263897417,0.0,45.59502641927695,0.0,45.30171681013175,0.0,0.0,0.0,0.0,0.0,0.0,0.0
10.0,6.8034401720086,0.0040133351204035,0.0040133351193722,0.999991946537456,0.999991946537455,49.41357158102159,0.0,49.97282222362619,0.0,45.595026414281605,0.0,45.301716722091165,0.0,0.0,0.0,0.0,0.0,0.0,0.0
10.0,6.80369018450923,0.0040133875032218,0.0040133875021927,0.999991946327224,0.999991946327223,49.41357156179465,0.0,49.97282180826392,0.0,45.59502640928608,0.0,45.30171663404743,0.0,0.0,0.0,0.0,0.0,0.0,0.0
10.0,6.80394019700985,0.0040134398872083,0.0040134398861813,0.999991946116985,0.999991946116984,49.41357154256666,0.0,49.97282139288736,0.0,45.595026404290365,0.0,45.30171654600054,0.0,0.0,0.0,0.0,0.0,0.0,0.0
10.0,6.80419020951047,0.0040134922723628,0.004013492271338,0.999991945906739,0.999991945906738,49.413571523337616,0.0,49.972820977496525,0.0,45.59502639929446,0.0,45.301716457950505,0.0,0.0,0.0,0.0,0.0,0.0,0.0
10.0,6.8044402220111,0.0040135446586853,0.0040135446576626,0.999991945696485,0.999991945696485,49.41357150410754,0.0,49.97282056209139,0.0,45.59502639429837,0.0,45.30171636989731,0.0,0.0,0.0,0.0,0.0,0.0,0.0
10.0,6.80469023451173,0.0040135970461758,0.0040135970451552,0.999991945486224,0.999991945486223,49.413571484876414,0.0,49.97282014667199,0.0,45.5950263893021,0.0,45.301716281840974,0.0,0.0,0.0,0.0,0.0,0.0,0.0
10.0,6.80494024701235,0.0040136494348341,0.0040136494338157,0.999991945275955,0.999991945275954,49.41357146564424,0.0,49.97281973123828,0.0,45.59502638430564,0.0,45.30171619378148,0.0,0.0,0.0,0.0,0.0,0.0,0.0
10.0,6.80519025951298,0.0040137018246603,0.004013701823644,0.9999919450656788,0.999991945065678,49.41357144641103,0.0,49.9728193157903,0.0,45.595026379309,0.0,45.30171610571884,0.0,0.0,0.0,0.0,0.0,0.0,0.0
10.0,6.8054402720136,0.0040137542156543,0.0040137542146402,0.999991944855395,0.999991944855395,49.41357142717676,0.0,49.97281890032802,0.0,45.59502637431217,0.0,45.30171601765305,0.0,0.0,0.0,0.0,0.0,0.0,0.0
10.0,6.80569028451422,0.004013806607816,0.004013806606804,0.999991944645105,0.999991944645104,49.413571407941454,0.0,49.972818484851466,0.0,45.59502636931515,0.0,45.301715929584105,0.0,0.0,0.0,0.0,0.0,0.0,0.0
10.0,6.80594029701485,0.0040138590011454,0.0040138590001355,0.999991944434806,0.9999919444348048,49.41357138870509,0.0,49.97281806936063,0.0,45.595026364317945,0.0,45.301715841512014,0.0,0.0,0.0,0.0,0.0,0.0,0.0
10.0,6.80619030951548,0.0040139113956424,0.0040139113946347,0.9999919442245,0.9999919442245,49.4135713694677,0.0,49.97281765385549,0.0,45.59502635932057,0.0,45.30171575343677,0.0,0.0,0.0,0.0,0.0,0.0,0.0
10.0,6.8064403220161,0.004013963791307,0.0040139637903014,0.9999919440141868,0.9999919440141868,49.413571350229255,0.0,49.97281723833607,0.0,45.59502635432299,0.0,45.30171566535838,0.0,0.0,0.0,0.0,0.0,0.0,0.0
10.0,6.80669033451673,0.0040140161881391,0.0040140161871357,0.999991943803866,0.999991943803866,49.41357133098976,0.0,49.97281682280238,0.0,45.59502634932523,0.0,45.30171557727683,0.0,0.0,0.0,0.0,0.0,0.0,0.0
10.0,6.80694034701735,0.0040140685861387,0.0040140685851374,0.999991943593538,0.999991943593537,49.41357131174923,0.0,49.97281640725439,0.0,45.59502634432729,0.0,45.30171548919213,0.0,0.0,0.0,0.0,0.0,0.0,0.0
10.0,6.807190359517981,0.0040141209853057,0.0040141209843065,0.999991943383203,0.999991943383202,49.413571292507655,0.0,49.97281599169212,0.0,45.59502633932916,0.0,45.30171540110428,0.0,0.0,0.0,0.0,0.0,0.0,0.0
10.0,6.8074403720186,0.00401417338564,0.004014173384643,0.99999194317286,0.999991943172859,49.41357127326502,0.0,49.97281557611556,0.0,45.59502633433084,0.0,45.30171531301328,0.0,0.0,0.0,0.0,0.0,0.0,0.0
10.0,6.80769038451923,0.0040142257871416,0.0040142257861468,0.999991942962509,0.9999919429625082,49.41357125402135,0.0,49.97281516052472,0.0,45.595026329332335,0.0,45.301715224919135,0.0,0.0,0.0,0.0,0.0,0.0,0.0
10.0,6.80794039701985,0.0040142781898105,0.0040142781888178,0.999991942752151,0.999991942752151,49.41357123477664,0.0,49.97281474491959,0.0,45.595026324333645,0.0,45.30171513682184,0.0,0.0,0.0,0.0,0.0,0.0,0.0
10.0,6.80819040952048,0.0040143305936466,0.004014330592656,0.999991942541786,0.9999919425417848,49.41357121553088,0.0,49.97281432930018,0.0,45.59502631933477,0.0,45.30171504872139,0.0,0.0,0.0,0.0,0.0,0.0,0.0
10.0,6.8084404220211,0.0040143829986499,0.0040143829976614,0.999991942331413,0.999991942331412,49.41357119628408,0.0,49.972813913666485,0.0,45.59502631433571,0.0,45.30171496061779,0.0,0.0,0.0,0.0,0.0,0.0,0.0
10.0,6.80869043452173,0.0040144354048202,0.0040144354038339,0.9999919421210332,0.999991942121032,49.41357117703624,0.0,49.9728134980185,0.0,45.59502630933648,0.0,45.30171487251104,0.0,0.0,0.0,0.0,0.0,0.0,0.0
10.0,6.80894044702235,0.0040144878121575,0.0040144878111734,0.999991941910646,0.999991941910645,49.41357115778735,0.0,49.97281308235624,0.0,45.59502630433703,0.0,45.301714784401135,0.0,0.0,0.0,0.0,0.0,0.0,0.0
10.0,6.80919045952298,0.0040145402206619,0.0040145402196798,0.999991941700251,0.99999194170025,49.41357113853741,0.0,49.972812666679694,0.0,45.59502629933742,0.0,45.30171469628809,0.0,0.0,0.0,0.0,0.0,0.0,0.0
10.0,6.8094404720236,0.0040145926303331,0.0040145926293532,0.9999919414898482,0.9999919414898472,49.41357111928644,0.0,49.97281225098887,0.0,45.59502629433761,0.0,45.30171460817188,0.0,0.0,0.0,0.0,0.0,0.0,0.0
10.0,6.80969048452423,0.0040146450411713,0.0040146450401935,0.999991941279438,0.999991941279438,49.41357110003442,0.0,49.97281183528374,0.0,45.59502628933763,0.0,45.30171452005253,0.0,0.0,0.0,0.0,0.0,0.0,0.0
10.0,6.80994049702485,0.0040146974531762,0.0040146974522006,0.999991941069021,0.99999194106902,49.41357108078135,0.0,49.97281141956434,0.0,45.59502628433745,0.0,45.30171443193002,0.0,0.0,0.0,0.0,0.0,0.0,0.0
10.0,6.81019050952548,0.004014749866348,0.0040147498653745,0.999991940858596,0.999991940858596,49.41357106152726,0.0,49.97281100383065,0.0,45.59502627933709,0.0,45.30171434380436,0.0,0.0,0.0,0.0,0.0,0.0,0.0
10.0,6.8104405220261,0.0040148022806864,0.0040148022797151,0.999991940648164,0.9999919406481628,49.41357104227211,0.0,49.97281058808269,0.0,45.59502627433654,0.0,45.30171425567556,0.0,0.0,0.0,0.0,0.0,0.0,0.0
10.0,6.81069053452673,0.0040148546961915,0.0040148546952223,0.999991940437724,0.999991940437724,49.41357102301592,0.0,49.97281017232043,0.0,45.59502626933581,0.0,45.30171416754361,0.0,0.0,0.0,0.0,0.0,0.0,0.0
10.0,6.81094054702735,0.0040149071128632,0.0040149071118961,0.9999919402272772,0.9999919402272772,49.41357100375868,0.0,49.972809756543896,0.0,45.59502626433488,0.0,45.3017140794085,0.0,0.0,0.0,0.0,0.0,0.0,0.0
10.0,6.81119055952798,0.0040149595307015,0.0040149595297365,0.999991940016823,0.999991940016822,49.41357098450041,0.0,49.972809340753074,0.0,45.595026259333785,0.0,45.30171399127024,0.0,0.0,0.0,0.0,0.0,0.0,0.0
10.0,6.8114405720286,0.0040150119497062,0.0040150119487434,0.999991939806361,0.99999193980636,49.413570965241085,0.0,49.97280892494797,0.0,45.595026254332495,0.0,45.30171390312884,0.0,0.0,0.0,0.0,0.0,0.0,0.0
10.0,6.81169058452923,0.0040150643698774,0.0040150643689167,0.999991939595892,0.9999919395958908,49.41357094598073,0.0,49.97280850912858,0.0,45.59502624933102,0.0,45.30171381498428,0.0,0.0,0.0,0.0,0.0,0.0,0.0
10.0,6.81194059702985,0.004015116791215,0.0040151167902565,0.999991939385415,0.999991939385414,49.41357092671932,0.0,49.97280809329492,0.0,45.59502624432936,0.0,45.301713726836574,0.0,0.0,0.0,0.0,0.0,0.0,0.0
10.0,6.81219060953048,0.004015169213719,0.0040151692127625,0.999991939174931,0.99999193917493,49.41357090745689,0.0,49.97280767744696,0.0,45.59502623932751,0.0,45.30171363868571,0.0,0.0,0.0,0.0,0.0,0.0,0.0
10.0,6.8124406220311,0.0040152216373892,0.0040152216364349,0.999991938964439,0.999991938964438,49.41357088819339,0.0,49.97280726158472,0.0,45.59502623432547,0.0,45.301713550531694,0.0,0.0,0.0,0.0,0.0,0.0,0.0
10.0,6.812690634531731,0.0040152740622256,0.0040152740612734,0.99999193875394,0.9999919387539392,49.41357086892887,0.0,49.9728068457082,0.0,45.59502622932326,0.0,45.30171346237454,0.0,0.0,0.0,0.0,0.0,0.0,0.0
10.0,6.81294064703235,0.0040153264882282,0.0040153264872782,0.999991938543434,0.999991938543433,49.41357084966329,0.0,49.9728064298174,0.0,45.59502622432085,0.0,45.30171337421423,0.0,0.0,0.0,0.0,0.0,0.0,0.0
10.0,6.81319065953298,0.004015378915397,0.0040153789144491,0.99999193833292,0.999991938332919,49.41357083039669,0.0,49.97280601391231,0.0,45.59502621931826,0.0,45.30171328605076,0.0,0.0,0.0,0.0,0.0,0.0,0.0
10.0,6.8134406720336,0.0040154313437318,0.004015431342786,0.999991938122398,0.999991938122398,49.41357081112904,0.0,49.97280559799295,0.0,45.59502621431548,0.0,45.30171319788416,0.0,0.0,0.0,0.0,0.0,0.0,0.0
10.0,6.81369068453423,0.0040154837732326,0.0040154837722889,0.999991937911869,0.999991937911869,49.41357079186034,0.0,49.9728051820593,0.0,45.59502620931252,0.0,45.30171310971439,0.0,0.0,0.0,0.0,0.0,0.0,0.0
10.0,6.81394069703485,0.0040155362038994,0.0040155362029579,0.9999919377013328,0.9999919377013328,49.41357077259062,0.0,49.97280476611136,0.0,45.59502620430937,0.0,45.30171302154148,0.0,0.0,0.0,0.0,0.0,0.0,0.0
10.0,6.81419070953548,0.0040155886357321,0.0040155886347927,0.99999193749079,0.9999919374907889,49.41357075331984,0.0,49.97280435014915,0.0,45.595026199306034,0.0,45.301712933365415,0.0,0.0,0.0,0.0,0.0,0.0,0.0
10.0,6.8144407220361,0.0040156410687306,0.0040156410677933,0.999991937280238,0.999991937280238,49.41357073404803,0.0,49.972803934172646,0.0,45.59502619430251,0.0,45.30171284518621,0.0,0.0,0.0,0.0,0.0,0.0,0.0
10.0,6.81469073453673,0.004015693502895,0.0040156935019598,0.99999193706968,0.999991937069679,49.41357071477517,0.0,49.97280351818187,0.0,45.59502618929881,0.0,45.30171275700384,0.0,0.0,0.0,0.0,0.0,0.0,0.0
10.0,6.814940747037351,0.0040157459382251,0.004015745937292,0.999991936859114,0.999991936859113,49.41357069550128,0.0,49.97280310217681,0.0,45.59502618429491,0.0,45.30171266881833,0.0,0.0,0.0,0.0,0.0,0.0,0.0
10.0,6.81519075953798,0.0040157983747208,0.00401579837379,0.999991936648541,0.99999193664854,49.413570676226335,0.0,49.972802686157465,0.0,45.595026179290834,0.0,45.30171258062967,0.0,0.0,0.0,0.0,0.0,0.0,0.0
10.0,6.8154407720386,0.0040158508123823,0.0040158508114535,0.99999193643796,0.999991936437959,49.41357065695036,0.0,49.97280227012384,0.0,45.595026174286566,0.0,45.30171249243785,0.0,0.0,0.0,0.0,0.0,0.0,0.0
10.0,6.81569078453923,0.0040159032512093,0.0040159032502826,0.999991936227372,0.999991936227371,49.41357063767335,0.0,49.97280185407593,0.0,45.59502616928212,0.0,45.30171240424289,0.0,0.0,0.0,0.0,0.0,0.0,0.0
10.0,6.81594079703985,0.0040159556912018,0.0040159556902773,0.999991936016776,0.999991936016775,49.41357061839528,0.0,49.97280143801374,0.0,45.595026164277485,0.0,45.30171231604477,0.0,0.0,0.0,0.0,0.0,0.0,0.0
10.0,6.81619080954048,0.0040160081323598,0.0040160081314375,0.999991935806173,0.999991935806172,49.4135705991162,0.0,49.97280102193727,0.0,45.59502615927266,0.0,45.3017122278435,0.0,0.0,0.0,0.0,0.0,0.0,0.0
10.0,6.8164408220411,0.0040160605746833,0.004016060573763,0.999991935595562,0.999991935595562,49.413570579836055,0.0,49.97280060584652,0.0,45.59502615426766,0.0,45.301712139639086,0.0,0.0,0.0,0.0,0.0,0.0,0.0
10.0,6.81669083454173,0.0040161130181721,0.004016113017254,0.999991935384944,0.999991935384944,49.41357056055489,0.0,49.97280018974149,0.0,45.59502614926246,0.0,45.30171205143152,0.0,0.0,0.0,0.0,0.0,0.0,0.0
10.0,6.81694084704235,0.0040161654628262,0.0040161654619102,0.9999919351743192,0.999991935174318,49.41357054127268,0.0,49.97279977362217,0.0,45.59502614425708,0.0,45.3017119632208,0.0,0.0,0.0,0.0,0.0,0.0,0.0
10.0,6.81719085954298,0.0040162179086456,0.0040162179077318,0.999991934963686,0.999991934963685,49.41357052198942,0.0,49.972799357488576,0.0,45.59502613925152,0.0,45.30171187500694,0.0,0.0,0.0,0.0,0.0,0.0,0.0
10.0,6.8174408720436,0.0040162703556302,0.0040162703547185,0.999991934753046,0.999991934753045,49.413570502705134,0.0,49.97279894134071,0.0,45.59502613424576,0.0,45.30171178678992,0.0,0.0,0.0,0.0,0.0,0.0,0.0
10.0,6.81769088454423,0.00401632280378,0.0040163228028704,0.999991934542398,0.999991934542398,49.4135704834198,0.0,49.97279852517855,0.0,45.59502612923983,0.0,45.30171169856976,0.0,0.0,0.0,0.0,0.0,0.0,0.0
10.0,6.81794089704485,0.0040163752530949,0.0040163752521874,0.9999919343317432,0.9999919343317432,49.41357046413343,0.0,49.972798109002106,0.0,45.595026124233705,0.0,45.30171161034644,0.0,0.0,0.0,0.0,0.0,0.0,0.0
10.0,6.818190909545479,0.0040164277035748,0.0040164277026694,0.9999919341210812,0.99999193412108,49.41357044484602,0.0,49.97279769281139,0.0,45.59502611922739,0.0,45.301711522119966,0.0,0.0,0.0,0.0,0.0,0.0,0.0
10.0,6.8184409220461,0.0040164801552197,0.0040164801543164,0.999991933910411,0.99999193391041,49.41357042555759,0.0,49.97279727660639,0.0,45.5950261142209,0.0,45.30171143389035,0.0,0.0,0.0,0.0,0.0,0.0,0.0
10.0,6.81869093454673,0.0040165326080296,0.0040165326071284,0.999991933699733,0.999991933699732,49.41357040626811,0.0,49.97279686038711,0.0,45.59502610921422,0.0,45.30171134565758,0.0,0.0,0.0,0.0,0.0,0.0,0.0
10.0,6.81894094704735,0.0040165850620043,0.0040165850611053,0.999991933489049,0.999991933489048,49.413570386977575,0.0,49.97279644415355,0.0,45.59502610420736,0.0,45.30171125742166,0.0,0.0,0.0,0.0,0.0,0.0,0.0
10.0,6.81919095954798,0.0040166375171439,0.004016637516247,0.999991933278356,0.999991933278356,49.41357036768602,0.0,49.97279602790571,0.0,45.5950260992003,0.0,45.30171116918259,0.0,0.0,0.0,0.0,0.0,0.0,0.0
10.0,6.8194409720486,0.0040166899734482,0.0040166899725534,0.999991933067656,0.999991933067656,49.41357034839341,0.0,49.97279561164359,0.0,45.59502609419307,0.0,45.30171108094037,0.0,0.0,0.0,0.0,0.0,0.0,0.0
10.0,6.81969098454923,0.0040167424309173,0.0040167424300246,0.999991932856949,0.999991932856949,49.41357032909978,0.0,49.97279519536718,0.0,45.595026089185644,0.0,45.301710992695,0.0,0.0,0.0,0.0,0.0,0.0,0.0
10.0,6.81994099704985,0.0040167948895511,0.0040167948886605,0.999991932646235,0.999991932646234,49.41357030980511,0.0,49.97279477907651,0.0,45.59502608417804,0.0,45.30171090444647,0.0,0.0,0.0,0.0,0.0,0.0,0.0
10.0,6.82019100955048,0.0040168473493494,0.004016847348461,0.999991932435513,0.999991932435512,49.413570290509405,0.0,49.972794362771545,0.0,45.59502607917023,0.0,45.301710816194806,0.0,0.0,0.0,0.0,0.0,0.0,0.0
10.0,6.820441022051101,0.0040168998103124,0.0040168998094261,0.999991932224784,0.9999919322247828,49.413570271212656,0.0,49.97279394645231,0.0,45.595026074162256,0.0,45.301710727939984,0.0,0.0,0.0,0.0,0.0,0.0,0.0
10.0,6.82069103455173,0.0040169522724398,0.0040169522715557,0.9999919320140468,0.999991932014046,49.41357025191488,0.0,49.97279353011879,0.0,45.59502606915409,0.0,45.301710639682014,0.0,0.0,0.0,0.0,0.0,0.0,0.0
10.0,6.82094104705235,0.0040170047357318,0.0040170047348497,0.999991931803302,0.999991931803302,49.413570232616046,0.0,49.97279311377099,0.0,45.59502606414573,0.0,45.301710551420896,0.0,0.0,0.0,0.0,0.0,0.0,0.0
10.0,6.82119105955298,0.0040170572001881,0.0040170571993081,0.999991931592551,0.99999193159255,49.41357021331619,0.0,49.972792697408906,0.0,45.59502605913719,0.0,45.30171046315662,0.0,0.0,0.0,0.0,0.0,0.0,0.0
10.0,6.8214410720536,0.0040171096658088,0.0040171096649309,0.999991931381792,0.9999919313817908,49.4135701940153,0.0,49.97279228103256,0.0,45.59502605412847,0.0,45.3017103748892,0.0,0.0,0.0,0.0,0.0,0.0,0.0
10.0,6.82169108455423,0.0040171621325937,0.004017162131718,0.999991931171025,0.999991931171024,49.41357017471336,0.0,49.97279186464191,0.0,45.595026049119554,0.0,45.30171028661863,0.0,0.0,0.0,0.0,0.0,0.0,0.0
10.0,6.82194109705485,0.0040172146005429,0.0040172145996693,0.999991930960251,0.99999193096025,49.413570155410405,0.0,49.972791448237,0.0,45.595026044110455,0.0,45.30171019834491,0.0,0.0,0.0,0.0,0.0,0.0,0.0
10.0,6.82219110955548,0.0040172670696563,0.0040172670687849,0.99999193074947,0.999991930749469,49.4135701361064,0.0,49.972791031817806,0.0,45.59502603910118,0.0,45.30171011006804,0.0,0.0,0.0,0.0,0.0,0.0,0.0
10.0,6.8224411220561,0.0040173195399339,0.0040173195390645,0.999991930538681,0.99999193053868,49.41357011680136,0.0,49.972790615384326,0.0,45.59502603409171,0.0,45.30171002178802,0.0,0.0,0.0,0.0,0.0,0.0,0.0
10.0,6.82269113455673,0.0040173720113755,0.0040173720105083,0.999991930327885,0.999991930327884,49.41357009749528,0.0,49.97279019893657,0.0,45.59502602908205,0.0,45.30170993350484,0.0,0.0,0.0,0.0,0.0,0.0,0.0
10.0,6.82294114705735,0.0040174244839812,0.004017424483116,0.9999919301170808,0.99999193011708,49.413570078188165,0.0,49.97278978247454,0.0,45.59502602407221,0.0,45.30170984521852,0.0,0.0,0.0,0.0,0.0,0.0,0.0
10.0,6.82319115955798,0.0040174769577508,0.0040174769568878,0.99999192990627,0.9999919299062692,49.413570058880026,0.0,49.97278936599824,0.0,45.59502601906218,0.0,45.30170975692905,0.0,0.0,0.0,0.0,0.0,0.0,0.0
10.0,6.8234411720586,0.0040175294326844,0.0040175294318235,0.999991929695451,0.99999192969545,49.41357003957083,0.0,49.97278894950764,0.0,45.59502601405197,0.0,45.30170966863643,0.0,0.0,0.0,0.0,0.0,0.0,0.0
10.0,6.82369118455923,0.0040175819087818,0.004017581907923,0.999991929484625,0.999991929484624,49.41357002026062,0.0,49.97278853300278,0.0,45.595026009041575,0.0,45.301709580340656,0.0,0.0,0.0,0.0,0.0,0.0,0.0
10.0,6.82394119705985,0.004017634386043,0.0040176343851863,0.999991929273792,0.999991929273791,49.41357000094936,0.0,49.97278811648363,0.0,45.59502600403099,0.0,45.30170949204173,0.0,0.0,0.0,0.0,0.0,0.0,0.0
10.0,6.82419120956048,0.004017686864468,0.0040176868636135,0.999991929062951,0.99999192906295,49.41356998163708,0.0,49.9727876999502,0.0,45.59502599902022,0.0,45.30170940373966,0.0,0.0,0.0,0.0,0.0,0.0,0.0
10.0,6.8244412220611,0.0040177393440567,0.0040177393432043,0.999991928852102,0.999991928852102,49.41356996232375,0.0,49.9727872834025,0.0,45.59502599400927,0.0,45.30170931543444,0.0,0.0,0.0,0.0,0.0,0.0,0.0
10.0,6.82469123456173,0.0040177918248091,0.0040177918239588,0.999991928641247,0.999991928641246,49.41356994300939,0.0,49.97278686684052,0.0,45.59502598899813,0.0,45.30170922712606,0.0,0.0,0.0,0.0,0.0,0.0,0.0
10.0,6.82494124706235,0.0040178443067251,0.0040178443058768,0.999991928430384,0.9999919284303828,49.413569923694,0.0,49.97278645026426,0.0,45.5950259839868,0.0,45.30170913881454,0.0,0.0,0.0,0.0,0.0,0.0,0.0
10.0,6.82519125956298,0.0040178967898046,0.0040178967889585,0.999991928219513,0.999991928219513,49.41356990437757,0.0,49.97278603367373,0.0,45.595025978975286,0.0,45.30170905049986,0.0,0.0,0.0,0.0,0.0,0.0,0.0
10.0,6.8254412720636,0.0040179492740476,0.0040179492732036,0.9999919280086348,0.999991928008634,49.41356988506011,0.0,49.97278561706892,0.0,45.59502597396358,0.0,45.30170896218205,0.0,0.0,0.0,0.0,0.0,0.0,0.0
10.0,6.82569128456423,0.0040180017594541,0.0040180017586121,0.999991927797749,0.999991927797749,49.413569865741614,0.0,49.97278520044982,0.0,45.595025968951695,0.0,45.30170887386107,0.0,0.0,0.0,0.0,0.0,0.0,0.0
10.0,6.825941297064849,0.0040180542460239,0.0040180542451841,0.9999919275868572,0.999991927586856,49.41356984642208,0.0,49.97278478381645,0.0,45.59502596393963,0.0,45.30170878553695,0.0,0.0,0.0,0.0,0.0,0.0,0.0
10.0,6.82619130956548,0.0040181067337571,0.0040181067329194,0.9999919273759572,0.999991927375956,49.413569827101526,0.0,49.972784367168806,0.0,45.595025958927366,0.0,45.30170869720968,0.0,0.0,0.0,0.0,0.0,0.0,0.0
10.0,6.8264413220661,0.0040181592226535,0.0040181592218179,0.999991927165049,0.999991927165048,49.41356980777992,0.0,49.97278395050688,0.0,45.59502595391493,0.0,45.301708608879245,0.0,0.0,0.0,0.0,0.0,0.0,0.0
10.0,6.82669133456673,0.0040182117127132,0.0040182117118797,0.999991926954134,0.9999919269541332,49.41356978845728,0.0,49.972783533830686,0.0,45.595025948902304,0.0,45.30170852054568,0.0,0.0,0.0,0.0,0.0,0.0,0.0
10.0,6.82694134706735,0.004018264203936,0.0040182642031047,0.999991926743211,0.99999192674321,49.413569769133616,0.0,49.97278311714021,0.0,45.59502594388948,0.0,45.30170843220896,0.0,0.0,0.0,0.0,0.0,0.0,0.0
10.0,6.82719135956798,0.004018316696322,0.0040183166954927,0.999991926532281,0.99999192653228,49.413569749808914,0.0,49.97278270043545,0.0,45.59502593887648,0.0,45.30170834386909,0.0,0.0,0.0,0.0,0.0,0.0,0.0
10.0,6.8274413720686,0.004018369189871,0.0040183691890439,0.999991926321343,0.999991926321343,49.41356973048319,0.0,49.97278228371641,0.0,45.5950259338633,0.0,45.30170825552606,0.0,0.0,0.0,0.0,0.0,0.0,0.0
10.0,6.82769138456923,0.0040184216845831,0.004018421683758,0.999991926110399,0.999991926110398,49.41356971115642,0.0,49.97278186698311,0.0,45.59502592884993,0.0,45.30170816717989,0.0,0.0,0.0,0.0,0.0,0.0,0.0
10.0,6.82794139706985,0.0040184741804581,0.0040184741796351,0.999991925899446,0.999991925899446,49.41356969182862,0.0,49.97278145023552,0.0,45.59502592383637,0.0,45.301708078830565,0.0,0.0,0.0,0.0,0.0,0.0,0.0
10.0,6.82819140957048,0.004018526677496,0.0040185266766751,0.999991925688487,0.999991925688486,49.41356967249979,0.0,49.97278103347366,0.0,45.59502591882263,0.0,45.30170799047809,0.0,0.0,0.0,0.0,0.0,0.0,0.0
10.0,6.8284414220711,0.0040185791756967,0.004018579174878,0.99999192547752,0.999991925477519,49.41356965316992,0.0,49.97278061669753,0.0,45.5950259138087,0.0,45.30170790212247,0.0,0.0,0.0,0.0,0.0,0.0,0.0
10.0,6.82869143457173,0.0040186316750603,0.0040186316742437,0.999991925266545,0.999991925266544,49.41356963383903,0.0,49.97278019990711,0.0,45.595025908794575,0.0,45.3017078137637,0.0,0.0,0.0,0.0,0.0,0.0,0.0
10.0,6.82894144707235,0.0040186841755866,0.0040186841747721,0.9999919250555632,0.999991925055562,49.4135696145071,0.0,49.972779783102425,0.0,45.59502590378028,0.0,45.301707725401776,0.0,0.0,0.0,0.0,0.0,0.0,0.0
10.0,6.82919145957298,0.0040187366772756,0.0040187366764632,0.999991924844574,0.999991924844573,49.41356959517413,0.0,49.972779366283454,0.0,45.5950258987658,0.0,45.3017076370367,0.0,0.0,0.0,0.0,0.0,0.0,0.0
10.0,6.8294414720736,0.0040187891801272,0.0040187891793169,0.999991924633577,0.999991924633576,49.413569575840135,0.0,49.97277894945021,0.0,45.59502589375112,0.0,45.30170754866848,0.0,0.0,0.0,0.0,0.0,0.0,0.0
10.0,6.82969148457423,0.0040188416841414,0.0040188416833332,0.999991924422572,0.999991924422572,49.41356955650511,0.0,49.97277853260269,0.0,45.59502588873626,0.0,45.30170746029711,0.0,0.0,0.0,0.0,0.0,0.0,0.0
10.0,6.82994149707485,0.0040188941893181,0.004018894188512,0.999991924211561,0.99999192421156,49.41356953716905,0.0,49.972778115740894,0.0,45.59502588372121,0.0,45.30170737192259,0.0,0.0,0.0,0.0,0.0,0.0,0.0
10.0,6.83019150957548,0.0040189466956573,0.0040189466948533,0.9999919240005422,0.999991924000541,49.41356951783196,0.0,49.97277769886483,0.0,45.59502587870598,0.0,45.301707283544914,0.0,0.0,0.0,0.0,0.0,0.0,0.0
10.0,6.8304415220761,0.004018999203159,0.0040189992023571,0.999991923789515,0.999991923789514,49.41356949849384,0.0,49.97277728197449,0.0,45.59502587369057,0.0,45.30170719516408,0.0,0.0,0.0,0.0,0.0,0.0,0.0
10.0,6.830691534576731,0.004019051711823,0.0040190517110232,0.9999919235784812,0.99999192357848,49.41356947915468,0.0,49.97277686506986,0.0,45.59502586867496,0.0,45.30170710678012,0.0,0.0,0.0,0.0,0.0,0.0,0.0
10.0,6.83094154707735,0.0040191042216493,0.0040191042208516,0.99999192336744,0.9999919233674388,49.4135694598145,0.0,49.97277644815096,0.0,45.59502586365917,0.0,45.301707018393,0.0,0.0,0.0,0.0,0.0,0.0,0.0
10.0,6.83119155957798,0.0040191567326379,0.0040191567318423,0.999991923156391,0.99999192315639,49.41356944047328,0.0,49.9727760312178,0.0,45.5950258586432,0.0,45.30170693000273,0.0,0.0,0.0,0.0,0.0,0.0,0.0
10.0,6.8314415720786,0.0040192092447886,0.0040192092439952,0.999991922945334,0.999991922945334,49.41356942113104,0.0,49.97277561427035,0.0,45.59502585362704,0.0,45.30170684160931,0.0,0.0,0.0,0.0,0.0,0.0,0.0
10.0,6.83169158457923,0.0040192617581016,0.0040192617573102,0.999991922734271,0.9999919227342698,49.41356940178776,0.0,49.97277519730861,0.0,45.595025848610696,0.0,45.301706753212734,0.0,0.0,0.0,0.0,0.0,0.0,0.0
10.0,6.83194159707985,0.0040193142725766,0.0040193142717873,0.999991922523199,0.999991922523199,49.41356938244345,0.0,49.97277478033262,0.0,45.59502584359416,0.0,45.30170666481302,0.0,0.0,0.0,0.0,0.0,0.0,0.0
10.0,6.83219160958048,0.0040193667882137,0.0040193667874265,0.999991922312121,0.99999192231212,49.413569363098105,0.0,49.972774363342346,0.0,45.59502583857744,0.0,45.30170657641015,0.0,0.0,0.0,0.0,0.0,0.0,0.0
10.0,6.8324416220811,0.0040194193050128,0.0040194193042277,0.999991922101035,0.999991922101034,49.41356934375173,0.0,49.9727739463378,0.0,45.59502583356054,0.0,45.30170648800413,0.0,0.0,0.0,0.0,0.0,0.0,0.0
10.0,6.83269163458173,0.0040194718229738,0.0040194718221908,0.999991921889941,0.999991921889941,49.413569324404335,0.0,49.97277352931898,0.0,45.595025828543456,0.0,45.30170639959496,0.0,0.0,0.0,0.0,0.0,0.0,0.0
10.0,6.83294164708235,0.0040195243420967,0.0040195243413158,0.99999192167884,0.99999192167884,49.4135693050559,0.0,49.972773112285886,0.0,45.59502582352618,0.0,45.30170631118264,0.0,0.0,0.0,0.0,0.0,0.0,0.0
10.0,6.83319165958298,0.0040195768623815,0.0040195768616027,0.999991921467732,0.999991921467732,49.41356928570645,0.0,49.97277269523852,0.0,45.59502581850872,0.0,45.301706222767166,0.0,0.0,0.0,0.0,0.0,0.0,0.0
10.0,6.8334416720836,0.004019629383828,0.0040196293830513,0.9999919212566168,0.9999919212566158,49.41356926635596,0.0,49.97277227817686,0.0,45.59502581349106,0.0,45.30170613434855,0.0,0.0,0.0,0.0,0.0,0.0,0.0
10.0,6.83369168458423,0.0040196819064362,0.0040196819056616,0.999991921045493,0.999991921045493,49.41356924700443,0.0,49.97277186110095,0.0,45.59502580847324,0.0,45.30170604592678,0.0,0.0,0.0,0.0,0.0,0.0,0.0
10.0,6.83394169708485,0.0040197344302061,0.0040197344294336,0.999991920834363,0.999991920834362,49.41356922765188,0.0,49.972771444010746,0.0,45.595025803455215,0.0,45.30170595750186,0.0,0.0,0.0,0.0,0.0,0.0,0.0
10.0,6.83419170958548,0.0040197869551377,0.0040197869543673,0.999991920623225,0.999991920623224,49.41356920829829,0.0,49.97277102690629,0.0,45.59502579843701,0.0,45.301705869073785,0.0,0.0,0.0,0.0,0.0,0.0,0.0
10.0,6.8344417220861,0.0040198394812308,0.0040198394804625,0.999991920412079,0.999991920412079,49.4135691889437,0.0,49.972770609787545,0.0,45.59502579341863,0.0,45.30170578064258,0.0,0.0,0.0,0.0,0.0,0.0,0.0
10.0,6.83469173458673,0.0040198920084854,0.0040198920077192,0.999991920200927,0.999991920200926,49.41356916958805,0.0,49.97277019265452,0.0,45.59502578840005,0.0,45.30170569220821,0.0,0.0,0.0,0.0,0.0,0.0,0.0
10.0,6.83494174708735,0.0040199445369015,0.0040199445361373,0.999991919989766,0.999991919989765,49.41356915023138,0.0,49.97276977550723,0.0,45.59502578338128,0.0,45.301705603770685,0.0,0.0,0.0,0.0,0.0,0.0,0.0
10.0,6.83519175958798,0.0040199970664789,0.0040199970657169,0.9999919197785988,0.999991919778598,49.41356913087368,0.0,49.97276935834567,0.0,45.59502577836233,0.0,45.30170551533002,0.0,0.0,0.0,0.0,0.0,0.0,0.0
10.0,6.8354417720886,0.0040200495972178,0.0040200495964578,0.999991919567423,0.999991919567422,49.41356911151495,0.0,49.97276894116983,0.0,45.5950257733432,0.0,45.3017054268862,0.0,0.0,0.0,0.0,0.0,0.0,0.0
10.0,6.83569178458923,0.0040201021291179,0.00402010212836,0.999991919356241,0.99999191935624,49.4135690921552,0.0,49.97276852397973,0.0,45.59502576832388,0.0,45.30170533843924,0.0,0.0,0.0,0.0,0.0,0.0,0.0
10.0,6.83594179708985,0.0040201546621792,0.0040201546614235,0.9999919191450508,0.99999191914505,49.41356907279441,0.0,49.97276810677534,0.0,45.59502576330437,0.0,45.30170524998912,0.0,0.0,0.0,0.0,0.0,0.0,0.0
10.0,6.836191809590481,0.0040202071964018,0.0040202071956482,0.9999919189338528,0.9999919189338528,49.4135690534326,0.0,49.97276768955668,0.0,45.59502575828468,0.0,45.30170516153586,0.0,0.0,0.0,0.0,0.0,0.0,0.0
10.0,6.8364418220911,0.0040202597317855,0.0040202597310339,0.999991918722648,0.999991918722648,49.413569034069766,0.0,49.97276727232375,0.0,45.5950257532648,0.0,45.30170507307945,0.0,0.0,0.0,0.0,0.0,0.0,0.0
10.0,6.83669183459173,0.0040203122683303,0.0040203122675808,0.999991918511436,0.999991918511435,49.413569014705885,0.0,49.97276685507655,0.0,45.59502574824474,0.0,45.30170498461988,0.0,0.0,0.0,0.0,0.0,0.0,0.0
10.0,6.83694184709235,0.0040203648060361,0.0040203648052887,0.999991918300216,0.999991918300216,49.413568995341,0.0,49.97276643781507,0.0,45.5950257432245,0.0,45.30170489615716,0.0,0.0,0.0,0.0,0.0,0.0,0.0
10.0,6.83719185959298,0.0040204173449029,0.0040204173441576,0.999991918088989,0.999991918088989,49.41356897597507,0.0,49.972766020539325,0.0,45.59502573820405,0.0,45.30170480769131,0.0,0.0,0.0,0.0,0.0,0.0,0.0
10.0,6.83744187209361,0.0040204698849306,0.0040204698841874,0.999991917877755,0.999991917877754,49.41356895660812,0.0,49.9727656032493,0.0,45.59502573318344,0.0,45.30170471922229,0.0,0.0,0.0,0.0,0.0,0.0,0.0
10.0,6.83769188459423,0.0040205224261191,0.004020522425378,0.9999919176665132,0.999991917666512,49.41356893724013,0.0,49.97276518594501,0.0,45.59502572816263,0.0,45.30170463075012,0.0,0.0,0.0,0.0,0.0,0.0,0.0
10.0,6.83794189709485,0.0040205749684685,0.0040205749677295,0.999991917455263,0.999991917455263,49.413568917871125,0.0,49.97276476862643,0.0,45.59502572314164,0.0,45.30170454227481,0.0,0.0,0.0,0.0,0.0,0.0,0.0
10.0,6.83819190959548,0.0040206275119787,0.0040206275112418,0.999991917244006,0.999991917244006,49.41356889850109,0.0,49.9727643512936,0.0,45.59502571812045,0.0,45.30170445379634,0.0,0.0,0.0,0.0,0.0,0.0,0.0
10.0,6.838441922096101,0.0040206800566496,0.0040206800559147,0.999991917032742,0.999991917032741,49.413568879130025,0.0,49.97276393394648,0.0,45.59502571309908,0.0,45.30170436531474,0.0,0.0,0.0,0.0,0.0,0.0,0.0
10.0,6.83869193459673,0.0040207326024811,0.0040207326017483,0.99999191682147,0.99999191682147,49.41356885975794,0.0,49.9727635165851,0.0,45.595025708077536,0.0,45.30170427682997,0.0,0.0,0.0,0.0,0.0,0.0,0.0
10.0,6.83894194709735,0.0040207851494732,0.0040207851487425,0.999991916610191,0.99999191661019,49.41356884038482,0.0,49.972763099209445,0.0,45.5950257030558,0.0,45.30170418834207,0.0,0.0,0.0,0.0,0.0,0.0,0.0
10.0,6.83919195959798,0.0040208376976258,0.0040208376968973,0.999991916398905,0.999991916398904,49.41356882101068,0.0,49.97276268181952,0.0,45.59502569803387,0.0,45.301704099851,0.0,0.0,0.0,0.0,0.0,0.0,0.0
10.0,6.8394419720986,0.004020890246939,0.0040208902462125,0.9999919161876112,0.99999191618761,49.41356880163551,0.0,49.97276226441532,0.0,45.59502569301177,0.0,45.30170401135679,0.0,0.0,0.0,0.0,0.0,0.0,0.0
10.0,6.83969198459923,0.0040209427974126,0.0040209427966882,0.9999919159763092,0.999991915976308,49.41356878225931,0.0,49.972761846996846,0.0,45.59502568798948,0.0,45.30170392285943,0.0,0.0,0.0,0.0,0.0,0.0,0.0
10.0,6.83994199709986,0.0040209953490466,0.0040209953483243,0.999991915765,0.999991915765,49.413568762882086,0.0,49.9727614295641,0.0,45.59502568296699,0.0,45.301703834358925,0.0,0.0,0.0,0.0,0.0,0.0,0.0
10.0,6.840192009600479,0.0040210479018409,0.0040210479011207,0.999991915553684,0.999991915553683,49.41356874350383,0.0,49.97276101211709,0.0,45.59502567794433,0.0,45.301703745855264,0.0,0.0,0.0,0.0,0.0,0.0,0.0
10.0,6.8404420221011,0.0040211004557955,0.0040211004550774,0.999991915342361,0.99999191534236,49.41356872412456,0.0,49.9727605946558,0.0,45.595025672921466,0.0,45.30170365734846,0.0,0.0,0.0,0.0,0.0,0.0,0.0
10.0,6.84069203460173,0.0040211530109104,0.0040211530101943,0.999991915131029,0.999991915131028,49.41356870474426,0.0,49.97276017718024,0.0,45.59502566789844,0.0,45.3017035688385,0.0,0.0,0.0,0.0,0.0,0.0,0.0
10.0,6.84094204710235,0.0040212055671854,0.0040212055664714,0.999991914919691,0.99999191491969,49.41356868536293,0.0,49.97275975969042,0.0,45.595025662875216,0.0,45.30170348032539,0.0,0.0,0.0,0.0,0.0,0.0,0.0
10.0,6.84119205960298,0.0040212581246205,0.0040212581239086,0.999991914708344,0.999991914708344,49.41356866598058,0.0,49.97275934218632,0.0,45.59502565785181,0.0,45.30170339180914,0.0,0.0,0.0,0.0,0.0,0.0,0.0
10.0,6.84144207210361,0.0040213106832157,0.0040213106825059,0.999991914496991,0.999991914496991,49.41356864659719,0.0,49.97275892466793,0.0,45.595025652828205,0.0,45.30170330328973,0.0,0.0,0.0,0.0,0.0,0.0,0.0
10.0,6.8416920846042295,0.0040213632429709,0.0040213632422631,0.99999191428563,0.99999191428563,49.41356862721279,0.0,49.972758507135296,0.0,45.59502564780443,0.0,45.30170321476717,0.0,0.0,0.0,0.0,0.0,0.0,0.0
10.0,6.84194209710485,0.004021415803886,0.0040214158031804,0.999991914074262,0.999991914074262,49.413568607827365,0.0,49.972758089588375,0.0,45.595025642780456,0.0,45.30170312624146,0.0,0.0,0.0,0.0,0.0,0.0,0.0
10.0,6.84219210960548,0.0040214683659611,0.0040214683652575,0.999991913862886,0.999991913862886,49.4135685884409,0.0,49.97275767202719,0.0,45.59502563775631,0.0,45.30170303771261,0.0,0.0,0.0,0.0,0.0,0.0,0.0
10.0,6.84244212210611,0.004021520929196,0.0040215209284945,0.999991913651503,0.999991913651503,49.41356856905343,0.0,49.97275725445174,0.0,45.59502563273197,0.0,45.30170294918061,0.0,0.0,0.0,0.0,0.0,0.0,0.0
10.0,6.84269213460673,0.0040215734935907,0.0040215734928913,0.999991913440113,0.999991913440112,49.41356854966492,0.0,49.97275683686201,0.0,45.59502562770744,0.0,45.30170286064546,0.0,0.0,0.0,0.0,0.0,0.0,0.0
10.0,6.84294214710736,0.0040216260591452,0.0040216260584479,0.999991913228715,0.999991913228714,49.41356853027539,0.0,49.97275641925802,0.0,45.595025622682726,0.0,45.30170277210716,0.0,0.0,0.0,0.0,0.0,0.0,0.0
10.0,6.84319215960798,0.0040216786258593,0.0040216786251641,0.999991913017309,0.999991913017309,49.41356851088484,0.0,49.97275600163975,0.0,45.59502561765783,0.0,45.3017026835657,0.0,0.0,0.0,0.0,0.0,0.0,0.0
10.0,6.84344217210861,0.0040217311937331,0.00402173119304,0.999991912805897,0.999991912805896,49.41356849149325,0.0,49.97275558400721,0.0,45.59502561263275,0.0,45.30170259502111,0.0,0.0,0.0,0.0,0.0,0.0,0.0
10.0,6.84369218460923,0.0040217837627665,0.0040217837620754,0.999991912594476,0.999991912594476,49.41356847210066,0.0,49.9727551663604,0.0,45.59502560760749,0.0,45.30170250647336,0.0,0.0,0.0,0.0,0.0,0.0,0.0
10.0,6.84394219710986,0.0040218363329594,0.0040218363322704,0.999991912383049,0.999991912383048,49.41356845270703,0.0,49.97275474869933,0.0,45.59502560258203,0.0,45.301702417922456,0.0,0.0,0.0,0.0,0.0,0.0,0.0
10.0,6.84419220961048,0.0040218889043118,0.0040218889036249,0.999991912171613,0.999991912171613,49.41356843331236,0.0,49.97275433102398,0.0,45.59502559755639,0.0,45.3017023293684,0.0,0.0,0.0,0.0,0.0,0.0,0.0
10.0,6.8444422221111,0.0040219414768236,0.0040219414761388,0.999991911960171,0.99999191196017,49.41356841391669,0.0,49.97275391333436,0.0,45.59502559253056,0.0,45.30170224081121,0.0,0.0,0.0,0.0,0.0,0.0,0.0
10.0,6.84469223461173,0.0040219940504948,0.004021994049812,0.999991911748721,0.99999191174872,49.41356839452,0.0,49.97275349563048,0.0,45.595025587504544,0.0,45.30170215225086,0.0,0.0,0.0,0.0,0.0,0.0,0.0
10.0,6.84494224711236,0.0040220466253253,0.0040220466246446,0.999991911537263,0.999991911537263,49.41356837512227,0.0,49.97275307791232,0.0,45.59502558247836,0.0,45.30170206368736,0.0,0.0,0.0,0.0,0.0,0.0,0.0
10.0,6.84519225961298,0.0040220992013151,0.0040220992006365,0.9999919113257988,0.999991911325798,49.41356835572353,0.0,49.9727526601799,0.0,45.59502557745197,0.0,45.30170197512072,0.0,0.0,0.0,0.0,0.0,0.0,0.0
10.0,6.84544227211361,0.004022151778464,0.0040221517777875,0.999991911114327,0.999991911114326,49.41356833632375,0.0,49.9727522424332,0.0,45.5950255724254,0.0,45.30170188655092,0.0,0.0,0.0,0.0,0.0,0.0,0.0
10.0,6.84569228461423,0.0040222043567722,0.0040222043560977,0.999991910902847,0.999991910902846,49.41356831692296,0.0,49.97275182467224,0.0,45.59502556739864,0.0,45.30170179797797,0.0,0.0,0.0,0.0,0.0,0.0,0.0
10.0,6.84594229711486,0.0040222569362394,0.004022256935567,0.99999191069136,0.999991910691359,49.413568297521145,0.0,49.97275140689701,0.0,45.5950255623717,0.0,45.30170170940188,0.0,0.0,0.0,0.0,0.0,0.0,0.0
10.0,6.84619230961548,0.0040223095168657,0.0040223095161954,0.999991910479865,0.999991910479864,49.41356827811831,0.0,49.972750989107496,0.0,45.59502555734457,0.0,45.30170162082264,0.0,0.0,0.0,0.0,0.0,0.0,0.0
10.0,6.84644232211611,0.004022362098651,0.0040223620979827,0.9999919102683628,0.999991910268362,49.41356825871445,0.0,49.97275057130372,0.0,45.59502555231726,0.0,45.30170153224024,0.0,0.0,0.0,0.0,0.0,0.0,0.0
10.0,6.84669233461673,0.0040224146815952,0.004022414680929,0.999991910056854,0.9999919100568532,49.41356823930956,0.0,49.97275015348568,0.0,45.59502554728976,0.0,45.30170144365471,0.0,0.0,0.0,0.0,0.0,0.0,0.0
10.0,6.84694234711736,0.0040224672656983,0.0040224672650342,0.999991909845337,0.999991909845336,49.413568219903645,0.0,49.97274973565337,0.0,45.59502554226207,0.0,45.301701355066015,0.0,0.0,0.0,0.0,0.0,0.0,0.0
10.0,6.84719235961798,0.0040225198509602,0.0040225198502982,0.999991909633813,0.999991909633812,49.41356820049671,0.0,49.9727493178068,0.0,45.5950255372342,0.0,45.30170126647416,0.0,0.0,0.0,0.0,0.0,0.0,0.0
10.0,6.84744237211861,0.004022572437381,0.004022572436721,0.999991909422281,0.99999190942228,49.41356818108876,0.0,49.97274889994595,0.0,45.595025532206144,0.0,45.30170117787918,0.0,0.0,0.0,0.0,0.0,0.0,0.0
10.0,6.84769238461923,0.0040226250249604,0.0040226250243026,0.999991909210742,0.9999919092107408,49.41356816167978,0.0,49.97274848207083,0.0,45.595025527177896,0.0,45.301701089281046,0.0,0.0,0.0,0.0,0.0,0.0,0.0
10.0,6.84794239711986,0.0040226776136986,0.0040226776130428,0.9999919089991948,0.9999919089991948,49.41356814226979,0.0,49.972748064181445,0.0,45.59502552214948,0.0,45.30170100067976,0.0,0.0,0.0,0.0,0.0,0.0,0.0
10.0,6.84819240962048,0.0040227302035953,0.0040227302029416,0.999991908787641,0.999991908787641,49.41356812285877,0.0,49.97274764627779,0.0,45.59502551712086,0.0,45.30170091207532,0.0,0.0,0.0,0.0,0.0,0.0,0.0
10.0,6.84844242212111,0.0040227827946506,0.004022782793999,0.99999190857608,0.99999190857608,49.41356810344673,0.0,49.97274722835986,0.0,45.59502551209206,0.0,45.301700823467726,0.0,0.0,0.0,0.0,0.0,0.0,0.0
10.0,6.84869243462173,0.0040228353868645,0.0040228353862149,0.999991908364511,0.999991908364511,49.41356808403366,0.0,49.97274681042768,0.0,45.59502550706307,0.0,45.301700734856986,0.0,0.0,0.0,0.0,0.0,0.0,0.0
10.0,6.84894244712236,0.0040228879802368,0.0040228879795893,0.999991908152935,0.999991908152934,49.41356806461958,0.0,49.972746392481234,0.0,45.59502550203389,0.0,45.30170064624311,0.0,0.0,0.0,0.0,0.0,0.0,0.0
10.0,6.84919245962298,0.0040229405747675,0.0040229405741221,0.999991907941351,0.999991907941351,49.41356804520448,0.0,49.9727459745205,0.0,45.595025497004535,0.0,45.30170055762607,0.0,0.0,0.0,0.0,0.0,0.0,0.0
10.0,6.84944247212361,0.0040229931704566,0.0040229931698132,0.99999190772976,0.99999190772976,49.41356802578835,0.0,49.97274555654551,0.0,45.595025491975,0.0,45.30170046900589,0.0,0.0,0.0,0.0,0.0,0.0,0.0
10.0,6.84969248462423,0.0040230457673039,0.0040230457666627,0.999991907518162,0.999991907518161,49.4135680063712,0.0,49.97274513855624,0.0,45.59502548694526,0.0,45.30170038038256,0.0,0.0,0.0,0.0,0.0,0.0,0.0
10.0,6.84994249712486,0.0040230983653095,0.0040230983646703,0.999991907306556,0.9999919073065552,49.41356798695303,0.0,49.97274472055272,0.0,45.59502548191535,0.0,45.30170029175608,0.0,0.0,0.0,0.0,0.0,0.0,0.0
10.0,6.85019250962548,0.0040231509644734,0.0040231509638362,0.999991907094942,0.999991907094942,49.41356796753384,0.0,49.97274430253492,0.0,45.59502547688524,0.0,45.30170020312645,0.0,0.0,0.0,0.0,0.0,0.0,0.0
10.0,6.850442522126111,0.0040232035647953,0.0040232035641602,0.999991906883322,0.9999919068833212,49.41356794811364,0.0,49.97274388450285,0.0,45.59502547185495,0.0,45.30170011449366,0.0,0.0,0.0,0.0,0.0,0.0,0.0
10.0,6.85069253462673,0.0040232561662753,0.0040232561656423,0.999991906671693,0.999991906671693,49.4135679286924,0.0,49.97274346645653,0.0,45.59502546682449,0.0,45.30170002585774,0.0,0.0,0.0,0.0,0.0,0.0,0.0
10.0,6.85094254712736,0.0040233087689134,0.0040233087682825,0.999991906460058,0.999991906460057,49.41356790927015,0.0,49.97274304839593,0.0,45.59502546179382,0.0,45.30169993721866,0.0,0.0,0.0,0.0,0.0,0.0,0.0
10.0,6.85119255962798,0.0040233613727095,0.0040233613720806,0.999991906248415,0.999991906248414,49.41356788984688,0.0,49.97274263032107,0.0,45.59502545676298,0.0,45.301699848576426,0.0,0.0,0.0,0.0,0.0,0.0,0.0
10.0,6.85144257212861,0.0040234139776634,0.0040234139770366,0.999991906036765,0.999991906036764,49.41356787042259,0.0,49.97274221223193,0.0,45.59502545173195,0.0,45.301699759931054,0.0,0.0,0.0,0.0,0.0,0.0,0.0
10.0,6.85169258462923,0.0040234665837753,0.0040234665831506,0.999991905825106,0.999991905825106,49.41356785099727,0.0,49.97274179412853,0.0,45.59502544670073,0.0,45.30169967128253,0.0,0.0,0.0,0.0,0.0,0.0,0.0
10.0,6.851942597129861,0.004023519191045,0.0040235191904223,0.999991905613441,0.999991905613441,49.41356783157094,0.0,49.97274137601087,0.0,45.59502544166932,0.0,45.30169958263086,0.0,0.0,0.0,0.0,0.0,0.0,0.0
10.0,6.85219260963048,0.0040235717994724,0.0040235717988518,0.999991905401768,0.999991905401768,49.41356781214359,0.0,49.97274095787893,0.0,45.59502543663773,0.0,45.30169949397603,0.0,0.0,0.0,0.0,0.0,0.0,0.0
10.0,6.85244262213111,0.0040236244090576,0.004023624408439,0.999991905190088,0.999991905190087,49.41356779271522,0.0,49.97274053973274,0.0,45.59502543160596,0.0,45.30169940531806,0.0,0.0,0.0,0.0,0.0,0.0,0.0
10.0,6.8526926346317305,0.0040236770198004,0.0040236770191839,0.9999919049784012,0.9999919049784,49.41356777328583,0.0,49.97274012157228,0.0,45.595025426574,0.0,45.301699316656936,0.0,0.0,0.0,0.0,0.0,0.0,0.0
10.0,6.85294264713236,0.0040237296317008,0.0040237296310864,0.999991904766705,0.999991904766705,49.41356775385541,0.0,49.97273970339754,0.0,45.595025421541855,0.0,45.30169922799267,0.0,0.0,0.0,0.0,0.0,0.0,0.0
10.0,6.85319265963298,0.0040237822447588,0.0040237822441464,0.999991904555003,0.999991904555002,49.41356773442399,0.0,49.97273928520855,0.0,45.59502541650953,0.0,45.30169913932525,0.0,0.0,0.0,0.0,0.0,0.0,0.0
10.0,6.85344267213361,0.0040238348589742,0.0040238348583639,0.999991904343293,0.999991904343292,49.41356771499154,0.0,49.97273886700528,0.0,45.595025411477,0.0,45.30169905065468,0.0,0.0,0.0,0.0,0.0,0.0,0.0
10.0,6.85369268463423,0.0040238874743472,0.0040238874737389,0.999991904131576,0.999991904131575,49.41356769555807,0.0,49.97273844878775,0.0,45.5950254064443,0.0,45.30169896198096,0.0,0.0,0.0,0.0,0.0,0.0,0.0
10.0,6.85394269713486,0.0040239400908775,0.0040239400902713,0.999991903919851,0.99999190391985,49.413567676123584,0.0,49.97273803055596,0.0,45.59502540141141,0.0,45.3016988733041,0.0,0.0,0.0,0.0,0.0,0.0,0.0
10.0,6.85419270963548,0.0040239927085651,0.004023992707961,0.999991903708119,0.999991903708118,49.41356765668808,0.0,49.9727376123099,0.0,45.59502539637833,0.0,45.30169878462408,0.0,0.0,0.0,0.0,0.0,0.0,0.0
10.0,6.85444272213611,0.0040240453274101,0.004024045326808,0.999991903496379,0.999991903496378,49.41356763725155,0.0,49.97273719404958,0.0,45.59502539134508,0.0,45.301698695940914,0.0,0.0,0.0,0.0,0.0,0.0,0.0
10.0,6.85469273463673,0.0040240979474122,0.0040240979468122,0.999991903284632,0.999991903284632,49.41356761781401,0.0,49.972736775774976,0.0,45.59502538631162,0.0,45.3016986072546,0.0,0.0,0.0,0.0,0.0,0.0,0.0
10.0,6.85494274713736,0.0040241505685716,0.0040241505679737,0.999991903072878,0.999991903072877,49.41356759837545,0.0,49.97273635748612,0.0,45.59502538127799,0.0,45.30169851856514,0.0,0.0,0.0,0.0,0.0,0.0,0.0
10.0,6.85519275963798,0.0040242031908881,0.0040242031902922,0.999991902861116,0.999991902861115,49.41356757893588,0.0,49.972735939183,0.0,45.595025376244166,0.0,45.30169842987253,0.0,0.0,0.0,0.0,0.0,0.0,0.0
10.0,6.85544277213861,0.0040242558143616,0.0040242558137678,0.999991902649347,0.999991902649346,49.41356755949528,0.0,49.972735520865605,0.0,45.59502537121016,0.0,45.30169834117677,0.0,0.0,0.0,0.0,0.0,0.0,0.0
10.0,6.85569278463923,0.0040243084389922,0.0040243084384004,0.99999190243757,0.999991902437569,49.41356754005367,0.0,49.972735102533946,0.0,45.59502536617597,0.0,45.30169825247787,0.0,0.0,0.0,0.0,0.0,0.0,0.0
10.0,6.855942797139859,0.0040243610647797,0.00402436106419,0.999991902225786,0.999991902225785,49.41356752061103,0.0,49.97273468418803,0.0,45.59502536114159,0.0,45.3016981637758,0.0,0.0,0.0,0.0,0.0,0.0,0.0
10.0,6.85619280964048,0.0040244136917241,0.0040244136911365,0.999991902013994,0.999991902013993,49.413567501167385,0.0,49.97273426582785,0.0,45.59502535610703,0.0,45.3016980750706,0.0,0.0,0.0,0.0,0.0,0.0,0.0
10.0,6.85644282214111,0.0040244663198254,0.0040244663192399,0.999991901802195,0.999991901802194,49.41356748172272,0.0,49.972733847453405,0.0,45.59502535107228,0.0,45.30169798636224,0.0,0.0,0.0,0.0,0.0,0.0,0.0
10.0,6.85669283464173,0.0040245189490836,0.0040245189485,0.9999919015903888,0.999991901590388,49.41356746227703,0.0,49.97273342906469,0.0,45.59502534603734,0.0,45.30169789765073,0.0,0.0,0.0,0.0,0.0,0.0,0.0
10.0,6.85694284714236,0.0040245715794984,0.0040245715789169,0.9999919013785752,0.999991901378574,49.413567442830335,0.0,49.972733010661706,0.0,45.59502534100223,0.0,45.30169780893608,0.0,0.0,0.0,0.0,0.0,0.0,0.0
10.0,6.85719285964298,0.00402462421107,0.0040246242104905,0.999991901166753,0.999991901166753,49.41356742338262,0.0,49.97273259224446,0.0,45.59502533596692,0.0,45.30169772021828,0.0,0.0,0.0,0.0,0.0,0.0,0.0
10.0,6.85744287214361,0.0040246768437982,0.0040246768432208,0.999991900954925,0.999991900954924,49.41356740393388,0.0,49.97273217381295,0.0,45.59502533093142,0.0,45.301697631497326,0.0,0.0,0.0,0.0,0.0,0.0,0.0
10.0,6.85769288464423,0.004024729477683,0.0040247294771076,0.999991900743089,0.999991900743088,49.41356738448413,0.0,49.97273175536719,0.0,45.59502532589575,0.0,45.301697542773226,0.0,0.0,0.0,0.0,0.0,0.0,0.0
10.0,6.85794289714486,0.0040247821127243,0.004024782112151,0.999991900531245,0.999991900531244,49.41356736503336,0.0,49.972731336907145,0.0,45.59502532085988,0.0,45.30169745404598,0.0,0.0,0.0,0.0,0.0,0.0,0.0
10.0,6.858192909645479,0.0040248347489221,0.0040248347483509,0.999991900319394,0.999991900319394,49.413567345581576,0.0,49.97273091843285,0.0,45.59502531582383,0.0,45.30169736531558,0.0,0.0,0.0,0.0,0.0,0.0,0.0
10.0,6.85844292214611,0.0040248873862763,0.0040248873857072,0.999991900107536,0.999991900107535,49.41356732612878,0.0,49.97273049994429,0.0,45.59502531078759,0.0,45.30169727658204,0.0,0.0,0.0,0.0,0.0,0.0,0.0
10.0,6.85869293464673,0.004024940024787,0.0040249400242199,0.99999189989567,0.999991899895669,49.41356730667496,0.0,49.972730081441455,0.0,45.595025305751165,0.0,45.301697187845335,0.0,0.0,0.0,0.0,0.0,0.0,0.0
10.0,6.85894294714736,0.0040249926644539,0.0040249926638889,0.999991899683797,0.999991899683796,49.413567287220125,0.0,49.972729662924365,0.0,45.59502530071456,0.0,45.301697099105496,0.0,0.0,0.0,0.0,0.0,0.0,0.0
10.0,6.85919295964798,0.0040250453052771,0.0040250453047142,0.999991899471916,0.999991899471915,49.41356726776427,0.0,49.97272924439301,0.0,45.59502529567776,0.0,45.3016970103625,0.0,0.0,0.0,0.0,0.0,0.0,0.0
10.0,6.85944297214861,0.0040250979472566,0.0040250979466956,0.999991899260028,0.9999918992600269,49.4135672483074,0.0,49.97272882584739,0.0,45.59502529064078,0.0,45.30169692161636,0.0,0.0,0.0,0.0,0.0,0.0,0.0
10.0,6.85969298464923,0.0040251505903922,0.0040251505898333,0.999991899048132,0.999991899048132,49.41356722884953,0.0,49.97272840728751,0.0,45.59502528560361,0.0,45.30169683286708,0.0,0.0,0.0,0.0,0.0,0.0,0.0
10.0,6.85994299714986,0.0040252032346839,0.0040252032341271,0.999991898836229,0.999991898836229,49.41356720939063,0.0,49.97272798871336,0.0,45.59502528056626,0.0,45.30169674411464,0.0,0.0,0.0,0.0,0.0,0.0,0.0
10.0,6.86019300965048,0.0040252558801317,0.0040252558795769,0.999991898624319,0.999991898624318,49.41356718993072,0.0,49.97272757012495,0.0,45.59502527552873,0.0,45.301696655359045,0.0,0.0,0.0,0.0,0.0,0.0,0.0
10.0,6.86044302215111,0.0040253085267354,0.0040253085261827,0.999991898412401,0.9999918984124,49.41356717046979,0.0,49.97272715152227,0.0,45.595025270491,0.0,45.30169656660031,0.0,0.0,0.0,0.0,0.0,0.0,0.0
10.0,6.86069303465173,0.0040253611744952,0.0040253611739445,0.999991898200476,0.999991898200475,49.41356715100785,0.0,49.972726732905336,0.0,45.595025265453096,0.0,45.30169647783842,0.0,0.0,0.0,0.0,0.0,0.0,0.0
10.0,6.86094304715236,0.0040254138234108,0.0040254138228621,0.9999918979885428,0.9999918979885428,49.41356713154489,0.0,49.97272631427414,0.0,45.59502526041499,0.0,45.301696389073385,0.0,0.0,0.0,0.0,0.0,0.0,0.0
10.0,6.86119305965298,0.0040254664734822,0.0040254664729357,0.9999918977766028,0.999991897776602,49.41356711208091,0.0,49.97272589562867,0.0,45.59502525537671,0.0,45.3016963003052,0.0,0.0,0.0,0.0,0.0,0.0,0.0
10.0,6.86144307215361,0.0040255191247095,0.004025519124165,0.999991897564656,0.999991897564655,49.413567092615935,0.0,49.97272547696895,0.0,45.59502525033824,0.0,45.30169621153387,0.0,0.0,0.0,0.0,0.0,0.0,0.0
10.0,6.86169308465423,0.0040255717770925,0.00402557177655,0.999991897352701,0.9999918973527,49.413567073149935,0.0,49.97272505829496,0.0,45.5950252452996,0.0,45.30169612275939,0.0,0.0,0.0,0.0,0.0,0.0,0.0
10.0,6.86194309715486,0.0040256244306312,0.0040256244300907,0.9999918971407392,0.999991897140738,49.41356705368292,0.0,49.97272463960671,0.0,45.59502524026075,0.0,45.30169603398176,0.0,0.0,0.0,0.0,0.0,0.0,0.0
10.0,6.86219310965548,0.0040256770853255,0.0040256770847871,0.999991896928769,0.999991896928768,49.41356703421488,0.0,49.9727242209042,0.0,45.59502523522173,0.0,45.30169594520098,0.0,0.0,0.0,0.0,0.0,0.0,0.0
10.0,6.86244312215611,0.0040257297411754,0.004025729740639,0.999991896716791,0.999991896716791,49.41356701474584,0.0,49.97272380218742,0.0,45.59502523018252,0.0,45.30169585641706,0.0,0.0,0.0,0.0,0.0,0.0,0.0
10.0,6.86269313465673,0.0040257823981808,0.0040257823976465,0.999991896504807,0.999991896504806,49.41356699527578,0.0,49.97272338345638,0.0,45.59502522514312,0.0,45.30169576762998,0.0,0.0,0.0,0.0,0.0,0.0,0.0
10.0,6.86294314715736,0.0040258350563416,0.0040258350558094,0.999991896292815,0.999991896292814,49.41356697580471,0.0,49.97272296471108,0.0,45.59502522010354,0.0,45.30169567883976,0.0,0.0,0.0,0.0,0.0,0.0,0.0
10.0,6.86319315965798,0.0040258877156579,0.0040258877151277,0.9999918960808152,0.9999918960808152,49.413566956332616,0.0,49.97272254595152,0.0,45.59502521506377,0.0,45.30169559004639,0.0,0.0,0.0,0.0,0.0,0.0,0.0
10.0,6.86344317215861,0.0040259403761296,0.0040259403756014,0.9999918958688088,0.999991895868808,49.41356693685952,0.0,49.9727221271777,0.0,45.595025210023806,0.0,45.30169550124987,0.0,0.0,0.0,0.0,0.0,0.0,0.0
10.0,6.863693184659229,0.0040259930377566,0.0040259930372304,0.999991895656794,0.9999918956567933,49.41356691738541,0.0,49.97272170838961,0.0,45.59502520498368,0.0,45.301695412450194,0.0,0.0,0.0,0.0,0.0,0.0,0.0
10.0,6.86394319715986,0.0040260457005388,0.0040260457000147,0.999991895444772,0.999991895444772,49.413566897910286,0.0,49.972721289587255,0.0,45.59502519994334,0.0,45.30169532364737,0.0,0.0,0.0,0.0,0.0,0.0,0.0
10.0,6.86419320966048,0.0040260983644762,0.0040260983639542,0.999991895232743,0.999991895232742,49.41356687843414,0.0,49.97272087077065,0.0,45.59502519490283,0.0,45.30169523484141,0.0,0.0,0.0,0.0,0.0,0.0,0.0
10.0,6.86444322216111,0.0040261510295688,0.0040261510290488,0.999991895020707,0.999991895020706,49.41356685895698,0.0,49.97272045193977,0.0,45.595025189862135,0.0,45.30169514603229,0.0,0.0,0.0,0.0,0.0,0.0,0.0
10.0,6.86469323466173,0.0040262036958165,0.0040262036952985,0.999991894808662,0.999991894808662,49.413566839478825,0.0,49.97272003309464,0.0,45.595025184821246,0.0,45.30169505722003,0.0,0.0,0.0,0.0,0.0,0.0,0.0
10.0,6.86494324716236,0.0040262563632192,0.0040262563627033,0.9999918945966112,0.99999189459661,49.41356681999964,0.0,49.97271961423525,0.0,45.59502517978017,0.0,45.30169496840462,0.0,0.0,0.0,0.0,0.0,0.0,0.0
10.0,6.86519325966298,0.0040263090317769,0.004026309031263,0.999991894384552,0.999991894384551,49.41356680051944,0.0,49.9727191953616,0.0,45.59502517473892,0.0,45.30169487958606,0.0,0.0,0.0,0.0,0.0,0.0,0.0
10.0,6.86544327216361,0.0040263617014895,0.0040263617009777,0.999991894172486,0.999991894172485,49.41356678103824,0.0,49.97271877647368,0.0,45.59502516969748,0.0,45.30169479076434,0.0,0.0,0.0,0.0,0.0,0.0,0.0
10.0,6.86569328466423,0.0040264143723571,0.0040264143718473,0.999991893960412,0.999991893960412,49.41356676155603,0.0,49.9727183575715,0.0,45.59502516465586,0.0,45.30169470193949,0.0,0.0,0.0,0.0,0.0,0.0,0.0
10.0,6.86594329716486,0.0040264670443794,0.0040264670438716,0.999991893748331,0.99999189374833,49.4135667420728,0.0,49.972717938655066,0.0,45.59502515961404,0.0,45.30169461311148,0.0,0.0,0.0,0.0,0.0,0.0,0.0
10.0,6.86619330966548,0.0040265197175565,0.0040265197170508,0.999991893536242,0.999991893536242,49.41356672258856,0.0,49.97271751972436,0.0,45.59502515457204,0.0,45.301694524280336,0.0,0.0,0.0,0.0,0.0,0.0,0.0
10.0,6.86644332216611,0.0040265723918884,0.0040265723913847,0.9999918933241458,0.9999918933241458,49.41356670310331,0.0,49.9727171007794,0.0,45.59502514952985,0.0,45.30169443544602,0.0,0.0,0.0,0.0,0.0,0.0,0.0
10.0,6.86669333466673,0.0040266250673749,0.0040266250668733,0.999991893112043,0.999991893112042,49.41356668361704,0.0,49.97271668182018,0.0,45.59502514448748,0.0,45.30169434660857,0.0,0.0,0.0,0.0,0.0,0.0,0.0
10.0,6.86694334716736,0.0040266777440161,0.0040266777435165,0.999991892899932,0.999991892899932,49.41356666412976,0.0,49.9727162628467,0.0,45.59502513944492,0.0,45.30169425776796,0.0,0.0,0.0,0.0,0.0,0.0,0.0
10.0,6.86719335966798,0.0040267304218118,0.0040267304213142,0.999991892687814,0.999991892687813,49.41356664464146,0.0,49.97271584385896,0.0,45.59502513440218,0.0,45.30169416892422,0.0,0.0,0.0,0.0,0.0,0.0,0.0
10.0,6.86744337216861,0.004026783100762,0.0040267831002664,0.999991892475688,0.999991892475688,49.41356662515216,0.0,49.97271542485696,0.0,45.59502512935925,0.0,45.30169408007732,0.0,0.0,0.0,0.0,0.0,0.0,0.0
10.0,6.86769338466923,0.0040268357808667,0.0040268357803732,0.999991892263555,0.999991892263554,49.413566605661856,0.0,49.9727150058407,0.0,45.59502512431613,0.0,45.30169399122728,0.0,0.0,0.0,0.0,0.0,0.0,0.0
10.0,6.86794339716986,0.0040268884621257,0.0040268884616343,0.999991892051414,0.999991892051414,49.41356658617053,0.0,49.97271458681017,0.0,45.59502511927283,0.0,45.30169390237408,0.0,0.0,0.0,0.0,0.0,0.0,0.0
10.0,6.86819340967048,0.0040269411445392,0.0040269411440497,0.999991891839267,0.999991891839266,49.4135665666782,0.0,49.97271416776539,0.0,45.595025114229344,0.0,45.30169381351774,0.0,0.0,0.0,0.0,0.0,0.0,0.0
10.0,6.868443422171111,0.0040269938281069,0.0040269938276195,0.999991891627111,0.999991891627111,49.41356654718486,0.0,49.97271374870634,0.0,45.59502510918567,0.0,45.30169372465824,0.0,0.0,0.0,0.0,0.0,0.0,0.0
10.0,6.86869343467173,0.0040270465128288,0.0040270465123435,0.999991891414948,0.999991891414948,49.41356652769049,0.0,49.97271332963304,0.0,45.59502510414181,0.0,45.3016936357956,0.0,0.0,0.0,0.0,0.0,0.0,0.0
10.0,6.86894344717236,0.004027099198705,0.0040270991982217,0.999991891202778,0.9999918912027768,49.41356650819513,0.0,49.97271291054548,0.0,45.59502509909777,0.0,45.30169354692981,0.0,0.0,0.0,0.0,0.0,0.0,0.0
10.0,6.86919345967298,0.0040271518857353,0.004027151885254,0.9999918909906,0.9999918909906,49.41356648869876,0.0,49.97271249144365,0.0,45.59502509405354,0.0,45.30169345806088,0.0,0.0,0.0,0.0,0.0,0.0,0.0
10.0,6.86944347217361,0.0040272045739196,0.0040272045734404,0.9999918907784152,0.9999918907784152,49.41356646920137,0.0,49.972712072327575,0.0,45.59502508900912,0.0,45.3016933691888,0.0,0.0,0.0,0.0,0.0,0.0,0.0
10.0,6.86969348467423,0.004027257263258,0.0040272572627808,0.999991890566223,0.999991890566222,49.41356644970297,0.0,49.97271165319723,0.0,45.59502508396452,0.0,45.30169328031356,0.0,0.0,0.0,0.0,0.0,0.0,0.0
10.0,6.86994349717486,0.0040273099537504,0.0040273099532752,0.9999918903540232,0.999991890354022,49.41356643020356,0.0,49.97271123405264,0.0,45.595025078919726,0.0,45.30169319143518,0.0,0.0,0.0,0.0,0.0,0.0,0.0
10.0,6.87019350967548,0.0040273626453967,0.0040273626449235,0.999991890141815,0.999991890141815,49.41356641070314,0.0,49.97271081489378,0.0,45.59502507387476,0.0,45.30169310255365,0.0,0.0,0.0,0.0,0.0,0.0,0.0
10.0,6.87044352217611,0.0040274153381969,0.0040274153377257,0.999991889929601,0.9999918899296,49.41356639120171,0.0,49.972710395720654,0.0,45.59502506882959,0.0,45.30169301366897,0.0,0.0,0.0,0.0,0.0,0.0,0.0
10.0,6.87069353467673,0.0040274680321509,0.0040274680316818,0.999991889717379,0.999991889717378,49.41356637169928,0.0,49.97270997653329,0.0,45.59502506378425,0.0,45.301692924781136,0.0,0.0,0.0,0.0,0.0,0.0,0.0
10.0,6.87094354717736,0.0040275207272586,0.0040275207267915,0.999991889505149,0.999991889505148,49.41356635219583,0.0,49.97270955733165,0.0,45.59502505873871,0.0,45.301692835890165,0.0,0.0,0.0,0.0,0.0,0.0,0.0
10.0,6.87119355967798,0.0040275734235201,0.004027573423055,0.999991889292912,0.999991889292911,49.413566332691374,0.0,49.97270913811575,0.0,45.59502505369299,0.0,45.30169274699604,0.0,0.0,0.0,0.0,0.0,0.0,0.0
10.0,6.87144357217861,0.0040276261209352,0.0040276261204722,0.9999918890806668,0.9999918890806668,49.41356631318591,0.0,49.97270871888559,0.0,45.595025048647095,0.0,45.301692658098766,0.0,0.0,0.0,0.0,0.0,0.0,0.0
10.0,6.87169358467923,0.0040276788195039,0.0040276788190429,0.999991888868415,0.999991888868415,49.41356629367943,0.0,49.972708299641184,0.0,45.595025043601,0.0,45.301692569198345,0.0,0.0,0.0,0.0,0.0,0.0,0.0
10.0,6.87194359717986,0.0040277315192262,0.0040277315187672,0.999991888656156,0.999991888656156,49.41356627417195,0.0,49.97270788038251,0.0,45.59502503855472,0.0,45.301692480294776,0.0,0.0,0.0,0.0,0.0,0.0,0.0
10.0,6.87219360968048,0.0040277842201019,0.004027784219645,0.99999188844389,0.999991888443889,49.41356625466345,0.0,49.97270746110958,0.0,45.59502503350826,0.0,45.30169239138805,0.0,0.0,0.0,0.0,0.0,0.0,0.0
10.0,6.87244362218111,0.0040278369221311,0.0040278369216762,0.999991888231615,0.999991888231615,49.41356623515395,0.0,49.97270704182239,0.0,45.595025028461606,0.0,45.3016923024782,0.0,0.0,0.0,0.0,0.0,0.0,0.0
10.0,6.87269363468173,0.0040278896253137,0.0040278896248608,0.999991888019334,0.999991888019333,49.41356621564344,0.0,49.97270662252095,0.0,45.595025023414784,0.0,45.30169221356518,0.0,0.0,0.0,0.0,0.0,0.0,0.0
10.0,6.87294364718236,0.0040279423296497,0.0040279423291988,0.999991887807045,0.999991887807044,49.41356619613192,0.0,49.97270620320524,0.0,45.59502501836776,0.0,45.301692124649016,0.0,0.0,0.0,0.0,0.0,0.0,0.0
10.0,6.87319365968298,0.0040279950351389,0.00402799503469,0.999991887594748,0.999991887594747,49.41356617661939,0.0,49.97270578387528,0.0,45.59502501332056,0.0,45.30169203572971,0.0,0.0,0.0,0.0,0.0,0.0,0.0
10.0,6.87344367218361,0.0040280477417813,0.0040280477413345,0.999991887382444,0.9999918873824428,49.41356615710586,0.0,49.97270536453106,0.0,45.59502500827316,0.0,45.301691946807246,0.0,0.0,0.0,0.0,0.0,0.0,0.0
10.0,6.87369368468423,0.0040281004495769,0.0040281004491321,0.9999918871701332,0.999991887170132,49.41356613759131,0.0,49.97270494517259,0.0,45.59502500322559,0.0,45.30169185788164,0.0,0.0,0.0,0.0,0.0,0.0,0.0
10.0,6.873943697184861,0.0040281531585257,0.0040281531580829,0.999991886957814,0.999991886957814,49.41356611807575,0.0,49.97270452579985,0.0,45.59502499817783,0.0,45.30169176895289,0.0,0.0,0.0,0.0,0.0,0.0,0.0
10.0,6.87419370968548,0.0040282058686275,0.0040282058681867,0.999991886745488,0.999991886745487,49.4135660985592,0.0,49.972704106412856,0.0,45.59502499312988,0.0,45.30169168002098,0.0,0.0,0.0,0.0,0.0,0.0,0.0
10.0,6.87444372218611,0.0040282585798823,0.0040282585794436,0.9999918865331549,0.999991886533154,49.41356607904163,0.0,49.9727036870116,0.0,45.59502498808173,0.0,45.30169159108593,0.0,0.0,0.0,0.0,0.0,0.0,0.0
10.0,6.87469373468673,0.0040283112922901,0.0040283112918534,0.999991886320814,0.999991886320813,49.41356605952305,0.0,49.97270326759609,0.0,45.59502498303341,0.0,45.30169150214773,0.0,0.0,0.0,0.0,0.0,0.0,0.0
10.0,6.87494374718736,0.0040283640058508,0.0040283640054161,0.999991886108465,0.999991886108465,49.41356604000347,0.0,49.97270284816634,0.0,45.595024977984906,0.0,45.30169141320638,0.0,0.0,0.0,0.0,0.0,0.0,0.0
10.0,6.87519375968798,0.0040284167205644,0.0040284167201317,0.999991885896109,0.999991885896109,49.41356602048288,0.0,49.97270242872232,0.0,45.595024972936216,0.0,45.30169132426189,0.0,0.0,0.0,0.0,0.0,0.0,0.0
10.0,6.87544377218861,0.0040284694364307,0.0040284694360001,0.999991885683746,0.999991885683746,49.41356600096128,0.0,49.97270200926403,0.0,45.59502496788733,0.0,45.30169123531424,0.0,0.0,0.0,0.0,0.0,0.0,0.0
10.0,6.87569378468923,0.0040285221534498,0.0040285221530212,0.999991885471375,0.999991885471375,49.41356598143868,0.0,49.9727015897915,0.0,45.59502496283827,0.0,45.301691146363446,0.0,0.0,0.0,0.0,0.0,0.0,0.0
10.0,6.87594379718986,0.0040285748716216,0.0040285748711951,0.999991885258998,0.999991885258997,49.41356596191506,0.0,49.97270117030471,0.0,45.59502495778902,0.0,45.30169105740951,0.0,0.0,0.0,0.0,0.0,0.0,0.0
10.0,6.87619380969049,0.0040286275909461,0.0040286275905215,0.999991885046612,0.999991885046611,49.41356594239044,0.0,49.97270075080365,0.0,45.59502495273959,0.0,45.30169096845241,0.0,0.0,0.0,0.0,0.0,0.0,0.0
10.0,6.87644382219111,0.0040286803114231,0.0040286803110006,0.999991884834219,0.999991884834218,49.41356592286482,0.0,49.97270033128834,0.0,45.59502494768996,0.0,45.30169087949218,0.0,0.0,0.0,0.0,0.0,0.0,0.0
10.0,6.87669383469173,0.0040287330330527,0.0040287330326322,0.999991884621819,0.999991884621818,49.41356590333819,0.0,49.97269991175879,0.0,45.59502494264015,0.0,45.3016907905288,0.0,0.0,0.0,0.0,0.0,0.0,0.0
10.0,6.87694384719236,0.0040287857558348,0.0040287857554163,0.999991884409411,0.99999188440941,49.41356588381055,0.0,49.97269949221496,0.0,45.59502493759015,0.0,45.30169070156226,0.0,0.0,0.0,0.0,0.0,0.0,0.0
10.0,6.87719385969298,0.0040288384797693,0.0040288384793528,0.999991884196996,0.999991884196995,49.41356586428191,0.0,49.972699072656894,0.0,45.59502493253997,0.0,45.30169061259258,0.0,0.0,0.0,0.0,0.0,0.0,0.0
10.0,6.87744387219361,0.0040288912048561,0.0040288912044416,0.999991883984573,0.999991883984572,49.41356584475225,0.0,49.97269865308456,0.0,45.59502492748961,0.0,45.30169052361975,0.0,0.0,0.0,0.0,0.0,0.0,0.0
10.0,6.87769388469424,0.0040289439310953,0.0040289439306829,0.999991883772143,0.999991883772142,49.4135658252216,0.0,49.97269823349797,0.0,45.59502492243905,0.0,45.301690434643774,0.0,0.0,0.0,0.0,0.0,0.0,0.0
10.0,6.87794389719486,0.0040289966584868,0.0040289966580763,0.999991883559705,0.999991883559705,49.413565805689935,0.0,49.97269781389712,0.0,45.59502491738832,0.0,45.301690345664646,0.0,0.0,0.0,0.0,0.0,0.0,0.0
10.0,6.87819390969548,0.0040290493870305,0.004029049386622,0.999991883347261,0.99999188334726,49.413565786157264,0.0,49.97269739428203,0.0,45.595024912337394,0.0,45.30169025668237,0.0,0.0,0.0,0.0,0.0,0.0,0.0
10.0,6.87844392219611,0.0040291021167263,0.0040291021163199,0.999991883134808,0.999991883134808,49.41356576662359,0.0,49.97269697465267,0.0,45.59502490728628,0.0,45.30169016769696,0.0,0.0,0.0,0.0,0.0,0.0,0.0
10.0,6.87869393469674,0.0040291548475743,0.0040291548471698,0.999991882922349,0.999991882922348,49.41356574708891,0.0,49.972696555009065,0.0,45.59502490223499,0.0,45.301690078708376,0.0,0.0,0.0,0.0,0.0,0.0,0.0
10.0,6.87894394719736,0.0040292075795743,0.0040292075791719,0.9999918827098808,0.9999918827098808,49.41356572755323,0.0,49.9726961353512,0.0,45.59502489718351,0.0,45.30168998971666,0.0,0.0,0.0,0.0,0.0,0.0,0.0
10.0,6.87919395969798,0.0040292603127263,0.0040292603123259,0.999991882497407,0.999991882497406,49.41356570801653,0.0,49.97269571567907,0.0,45.59502489213184,0.0,45.30168990072179,0.0,0.0,0.0,0.0,0.0,0.0,0.0
10.0,6.879443972198609,0.0040293130470302,0.0040293130466319,0.999991882284925,0.999991882284924,49.41356568847884,0.0,49.9726952959927,0.0,45.59502488707998,0.0,45.30168981172377,0.0,0.0,0.0,0.0,0.0,0.0,0.0
10.0,6.87969398469923,0.0040293657824861,0.0040293657820897,0.999991882072435,0.999991882072435,49.413565668940144,0.0,49.97269487629206,0.0,45.59502488202794,0.0,45.30168972272261,0.0,0.0,0.0,0.0,0.0,0.0,0.0
10.0,6.87994399719986,0.0040294185190938,0.0040294185186995,0.999991881859938,0.999991881859938,49.41356564940044,0.0,49.97269445657718,0.0,45.59502487697572,0.0,45.3016896337183,0.0,0.0,0.0,0.0,0.0,0.0,0.0
10.0,6.88019400970049,0.0040294712568533,0.004029471256461,0.999991881647434,0.999991881647433,49.41356562985973,0.0,49.97269403684804,0.0,45.59502487192331,0.0,45.30168954471085,0.0,0.0,0.0,0.0,0.0,0.0,0.0
10.0,6.88044402220111,0.0040295239957645,0.0040295239953742,0.999991881434922,0.999991881434922,49.41356561031801,0.0,49.97269361710464,0.0,45.59502486687071,0.0,45.30168945570024,0.0,0.0,0.0,0.0,0.0,0.0,0.0
10.0,6.88069403470173,0.0040295767358275,0.0040295767354391,0.9999918812224032,0.9999918812224032,49.413565590775285,0.0,49.972693197346985,0.0,45.595024861817926,0.0,45.30168936668649,0.0,0.0,0.0,0.0,0.0,0.0,0.0
10.0,6.88094404720236,0.004029629477042,0.0040296294766557,0.9999918810098768,0.999991881009876,49.41356557123157,0.0,49.97269277757508,0.0,45.59502485676496,0.0,45.30168927766958,0.0,0.0,0.0,0.0,0.0,0.0,0.0
10.0,6.88119405970298,0.0040296822194081,0.0040296822190238,0.9999918807973428,0.999991880797342,49.41356555168685,0.0,49.97269235778891,0.0,45.5950248517118,0.0,45.30168918864953,0.0,0.0,0.0,0.0,0.0,0.0,0.0
10.0,6.88144407220361,0.0040297349629258,0.0040297349625435,0.999991880584801,0.999991880584801,49.41356553214112,0.0,49.9726919379885,0.0,45.59502484665846,0.0,45.30168909962634,0.0,0.0,0.0,0.0,0.0,0.0,0.0
10.0,6.88169408470424,0.0040297877075949,0.0040297877072146,0.999991880372253,0.999991880372252,49.41356551259438,0.0,49.97269151817383,0.0,45.59502484160493,0.0,45.30168901059999,0.0,0.0,0.0,0.0,0.0,0.0,0.0
10.0,6.88194409720486,0.0040298404534154,0.0040298404530372,0.999991880159696,0.999991880159696,49.41356549304663,0.0,49.972691098344896,0.0,45.59502483655122,0.0,45.301688921570495,0.0,0.0,0.0,0.0,0.0,0.0,0.0
10.0,6.88219410970549,0.0040298932003873,0.0040298932000111,0.999991879947133,0.999991879947132,49.4135654734979,0.0,49.97269067850172,0.0,45.59502483149732,0.0,45.30168883253785,0.0,0.0,0.0,0.0,0.0,0.0,0.0
10.0,6.88244412220611,0.0040299459485105,0.0040299459481363,0.999991879734561,0.999991879734561,49.41356545394815,0.0,49.972690258644285,0.0,45.59502482644323,0.0,45.30168874350207,0.0,0.0,0.0,0.0,0.0,0.0,0.0
10.0,6.88269413470674,0.004029998697785,0.0040299986974128,0.999991879521983,0.999991879521982,49.4135654343974,0.0,49.9726898387726,0.0,45.59502482138896,0.0,45.30168865446312,0.0,0.0,0.0,0.0,0.0,0.0,0.0
10.0,6.88294414720736,0.0040300514482107,0.0040300514478405,0.999991879309397,0.999991879309396,49.41356541484564,0.0,49.97268941888666,0.0,45.59502481633451,0.0,45.30168856542104,0.0,0.0,0.0,0.0,0.0,0.0,0.0
10.0,6.88319415970799,0.0040301041997875,0.0040301041994193,0.999991879096804,0.999991879096803,49.4135653952929,0.0,49.97268899898646,0.0,45.59502481127986,0.0,45.3016884763758,0.0,0.0,0.0,0.0,0.0,0.0,0.0
10.0,6.88344417220861,0.0040301569525155,0.0040301569521492,0.999991878884203,0.999991878884202,49.41356537573913,0.0,49.97268857907201,0.0,45.59502480622504,0.0,45.30168838732742,0.0,0.0,0.0,0.0,0.0,0.0,0.0
10.0,6.88369418470923,0.0040302097063944,0.0040302097060302,0.999991878671595,0.999991878671594,49.41356535618438,0.0,49.97268815914332,0.0,45.59502480117001,0.0,45.30168829827589,0.0,0.0,0.0,0.0,0.0,0.0,0.0
10.0,6.88394419720986,0.0040302624614244,0.0040302624610622,0.999991878458979,0.999991878458978,49.41356533662861,0.0,49.97268773920035,0.0,45.59502479611482,0.0,45.30168820922121,0.0,0.0,0.0,0.0,0.0,0.0,0.0
10.0,6.88419420971049,0.0040303152176053,0.0040303152172451,0.999991878246356,0.999991878246356,49.41356531707184,0.0,49.97268731924314,0.0,45.59502479105944,0.0,45.30168812016339,0.0,0.0,0.0,0.0,0.0,0.0,0.0
10.0,6.88444422221111,0.0040303679749371,0.0040303679745789,0.999991878033726,0.999991878033725,49.41356529751407,0.0,49.97268689927168,0.0,45.595024786003854,0.0,45.301688031102415,0.0,0.0,0.0,0.0,0.0,0.0,0.0
10.0,6.88469423471174,0.0040304207334197,0.0040304207330635,0.999991877821088,0.9999918778210868,49.41356527795531,0.0,49.97268647928597,0.0,45.5950247809481,0.0,45.30168794203829,0.0,0.0,0.0,0.0,0.0,0.0,0.0
10.0,6.88494424721236,0.0040304734930531,0.0040304734926989,0.999991877608443,0.999991877608442,49.41356525839553,0.0,49.972686059286,0.0,45.59502477589216,0.0,45.30168785297102,0.0,0.0,0.0,0.0,0.0,0.0,0.0
10.0,6.88519425971299,0.0040305262538372,0.004030526253485,0.99999187739579,0.999991877395789,49.41356523883476,0.0,49.97268563927177,0.0,45.59502477083603,0.0,45.3016877639006,0.0,0.0,0.0,0.0,0.0,0.0,0.0
10.0,6.88544427221361,0.004030579015772,0.0040305790154218,0.99999187718313,0.999991877183129,49.413565219272975,0.0,49.9726852192433,0.0,45.59502476577971,0.0,45.30168767482704,0.0,0.0,0.0,0.0,0.0,0.0,0.0
10.0,6.88569428471424,0.0040306317788574,0.0040306317785092,0.999991876970462,0.999991876970461,49.4135651997102,0.0,49.97268479920057,0.0,45.595024760723206,0.0,45.30168758575033,0.0,0.0,0.0,0.0,0.0,0.0,0.0
10.0,6.88594429721486,0.0040306845430934,0.0040306845427472,0.9999918767577868,0.999991876757786,49.41356518014642,0.0,49.97268437914359,0.0,45.59502475566652,0.0,45.30168749667047,0.0,0.0,0.0,0.0,0.0,0.0,0.0
10.0,6.88619430971549,0.0040307373084799,0.0040307373081357,0.999991876545105,0.999991876545104,49.413565160581626,0.0,49.97268395907236,0.0,45.595024750609646,0.0,45.30168740758746,0.0,0.0,0.0,0.0,0.0,0.0,0.0
10.0,6.88644432221611,0.0040307900750169,0.0040307900746746,0.999991876332415,0.999991876332414,49.41356514101585,0.0,49.97268353898687,0.0,45.595024745552585,0.0,45.30168731850131,0.0,0.0,0.0,0.0,0.0,0.0,0.0
10.0,6.88669433471674,0.0040308428427042,0.004030842842364,0.999991876119718,0.999991876119717,49.41356512144907,0.0,49.97268311888713,0.0,45.59502474049534,0.0,45.301687229412,0.0,0.0,0.0,0.0,0.0,0.0,0.0
10.0,6.88694434721736,0.0040308956115419,0.0040308956112037,0.9999918759070132,0.999991875907012,49.41356510188128,0.0,49.97268269877314,0.0,45.5950247354379,0.0,45.30168714031954,0.0,0.0,0.0,0.0,0.0,0.0,0.0
10.0,6.88719435971799,0.0040309483815299,0.0040309483811937,0.999991875694301,0.9999918756943,49.413565082312495,0.0,49.9726822786449,0.0,45.59502473038029,0.0,45.30168705122395,0.0,0.0,0.0,0.0,0.0,0.0,0.0
10.0,6.88744437221861,0.0040310011526682,0.004031001152334,0.999991875481581,0.999991875481581,49.41356506274271,0.0,49.972681858502405,0.0,45.59502472532248,0.0,45.3016869621252,0.0,0.0,0.0,0.0,0.0,0.0,0.0
10.0,6.88769438471924,0.0040310539249567,0.0040310539246244,0.999991875268854,0.999991875268854,49.41356504317193,0.0,49.97268143834566,0.0,45.5950247202645,0.0,45.301686873023314,0.0,0.0,0.0,0.0,0.0,0.0,0.0
10.0,6.88794439721986,0.0040311066983952,0.004031106698065,0.99999187505612,0.999991875056119,49.41356502360013,0.0,49.97268101817466,0.0,45.59502471520632,0.0,45.30168678391826,0.0,0.0,0.0,0.0,0.0,0.0,0.0
10.0,6.88819440972049,0.0040311594729839,0.0040311594726557,0.999991874843378,0.999991874843378,49.41356500402734,0.0,49.97268059798941,0.0,45.59502471014796,0.0,45.30168669481007,0.0,0.0,0.0,0.0,0.0,0.0,0.0
10.0,6.88844442222111,0.0040312122487226,0.0040312122483964,0.999991874630629,0.999991874630629,49.41356498445355,0.0,49.97268017778991,0.0,45.59502470508941,0.0,45.30168660569874,0.0,0.0,0.0,0.0,0.0,0.0,0.0
10.0,6.88869443472174,0.0040312650256113,0.0040312650252871,0.999991874417873,0.999991874417872,49.413564964878766,0.0,49.97267975757615,0.0,45.59502470003068,0.0,45.30168651658425,0.0,0.0,0.0,0.0,0.0,0.0,0.0
10.0,6.88894444722236,0.0040313178036499,0.0040313178033277,0.9999918742051082,0.9999918742051082,49.41356494530297,0.0,49.97267933734816,0.0,45.59502469497176,0.0,45.30168642746662,0.0,0.0,0.0,0.0,0.0,0.0,0.0
10.0,6.88919445972299,0.0040313705828384,0.0040313705825182,0.999991873992337,0.999991873992336,49.413564925726185,0.0,49.972678917105895,0.0,45.595024689912655,0.0,45.30168633834584,0.0,0.0,0.0,0.0,0.0,0.0,0.0
10.0,6.88944447222361,0.0040314233631767,0.0040314233628585,0.999991873779558,0.999991873779557,49.4135649061484,0.0,49.97267849684939,0.0,45.59502468485336,0.0,45.30168624922191,0.0,0.0,0.0,0.0,0.0,0.0,0.0
10.0,6.889694484724241,0.0040314761446648,0.0040314761443486,0.999991873566772,0.9999918735667712,49.4135648865696,0.0,49.97267807657863,0.0,45.59502467979388,0.0,45.30168616009483,0.0,0.0,0.0,0.0,0.0,0.0,0.0
10.0,6.88994449722486,0.0040315289273026,0.0040315289269883,0.999991873353978,0.999991873353977,49.41356486698981,0.0,49.97267765629362,0.0,45.59502467473423,0.0,45.30168607096461,0.0,0.0,0.0,0.0,0.0,0.0,0.0
10.0,6.89019450972549,0.0040315817110901,0.0040315817107778,0.999991873141177,0.999991873141176,49.41356484740903,0.0,49.972677235994354,0.0,45.59502466967437,0.0,45.30168598183124,0.0,0.0,0.0,0.0,0.0,0.0,0.0
10.0,6.89044452222611,0.0040316344960271,0.0040316344957168,0.999991872928368,0.999991872928367,49.41356482782724,0.0,49.97267681568084,0.0,45.595024664614336,0.0,45.30168589269472,0.0,0.0,0.0,0.0,0.0,0.0,0.0
10.0,6.89069453472674,0.0040316872821138,0.0040316872818054,0.999991872715552,0.999991872715552,49.413564808244445,0.0,49.97267639535308,0.0,45.59502465955412,0.0,45.30168580355505,0.0,0.0,0.0,0.0,0.0,0.0,0.0
10.0,6.89094454722736,0.0040317400693499,0.0040317400690436,0.999991872502729,0.999991872502728,49.41356478866067,0.0,49.97267597501108,0.0,45.595024654493706,0.0,45.30168571441224,0.0,0.0,0.0,0.0,0.0,0.0,0.0
10.0,6.89119455972799,0.0040317928577354,0.0040317928574311,0.999991872289898,0.999991872289897,49.41356476907589,0.0,49.97267555465481,0.0,45.59502464943312,0.0,45.30168562526627,0.0,0.0,0.0,0.0,0.0,0.0,0.0
10.0,6.89144457222861,0.0040318456472704,0.0040318456469681,0.99999187207706,0.999991872077059,49.41356474949011,0.0,49.972675134284295,0.0,45.59502464437234,0.0,45.30168553611717,0.0,0.0,0.0,0.0,0.0,0.0,0.0
10.0,6.89169458472924,0.0040318984379547,0.0040318984376544,0.999991871864214,0.999991871864213,49.41356472990332,0.0,49.97267471389953,0.0,45.59502463931137,0.0,45.3016854469649,0.0,0.0,0.0,0.0,0.0,0.0,0.0
10.0,6.891944597229861,0.0040319512297883,0.0040319512294899,0.999991871651361,0.99999187165136,49.41356471031554,0.0,49.972674293500525,0.0,45.59502463425022,0.0,45.301685357809504,0.0,0.0,0.0,0.0,0.0,0.0,0.0
10.0,6.89219460973049,0.0040320040227711,0.0040320040224747,0.9999918714385,0.9999918714385,49.413564690726766,0.0,49.97267387308726,0.0,45.595024629188885,0.0,45.30168526865096,0.0,0.0,0.0,0.0,0.0,0.0,0.0
10.0,6.89244462223111,0.0040320568169031,0.0040320568166087,0.999991871225633,0.999991871225632,49.41356467113699,0.0,49.97267345265974,0.0,45.59502462412737,0.0,45.30168517948925,0.0,0.0,0.0,0.0,0.0,0.0,0.0
10.0,6.89269463473174,0.0040321096121843,0.0040321096118919,0.9999918710127572,0.9999918710127572,49.41356465154622,0.0,49.972673032217976,0.0,45.59502461906566,0.0,45.301685090324405,0.0,0.0,0.0,0.0,0.0,0.0,0.0
10.0,6.89294464723236,0.0040321624086145,0.0040321624083241,0.999991870799874,0.999991870799874,49.41356463195444,0.0,49.972672611761965,0.0,45.59502461400376,0.0,45.30168500115641,0.0,0.0,0.0,0.0,0.0,0.0,0.0
10.0,6.89319465973299,0.0040322152061937,0.0040322152059053,0.999991870586984,0.999991870586984,49.41356461236167,0.0,49.9726721912917,0.0,45.59502460894168,0.0,45.30168491198527,0.0,0.0,0.0,0.0,0.0,0.0,0.0
10.0,6.89344467223361,0.0040322680049219,0.0040322680046355,0.999991870374087,0.999991870374086,49.41356459276791,0.0,49.97267177080719,0.0,45.595024603879416,0.0,45.30168482281098,0.0,0.0,0.0,0.0,0.0,0.0,0.0
10.0,6.89369468473424,0.0040323208047991,0.0040323208045146,0.999991870161182,0.9999918701611809,49.41356457317315,0.0,49.97267135030842,0.0,45.59502459881696,0.0,45.30168473363354,0.0,0.0,0.0,0.0,0.0,0.0,0.0
10.0,6.89394469723486,0.004032373605825,0.0040323736055426,0.999991869948269,0.999991869948268,49.41356455357738,0.0,49.97267092979542,0.0,45.59502459375432,0.0,45.30168464445295,0.0,0.0,0.0,0.0,0.0,0.0,0.0
10.0,6.89419470973549,0.0040324264079998,0.0040324264077193,0.999991869735349,0.999991869735348,49.41356453398062,0.0,49.97267050926816,0.0,45.5950245886915,0.0,45.301684555269226,0.0,0.0,0.0,0.0,0.0,0.0,0.0
10.0,6.89444472223611,0.0040324792113234,0.0040324792110449,0.999991869522422,0.999991869522421,49.41356451438286,0.0,49.972670088726645,0.0,45.59502458362849,0.0,45.30168446608235,0.0,0.0,0.0,0.0,0.0,0.0,0.0
10.0,6.89469473473674,0.0040325320157956,0.0040325320155191,0.999991869309487,0.999991869309486,49.4135644947841,0.0,49.97266966817088,0.0,45.595024578565294,0.0,45.30168437689232,0.0,0.0,0.0,0.0,0.0,0.0,0.0
10.0,6.89494474723736,0.0040325848214165,0.004032584821142,0.9999918690965448,0.999991869096544,49.41356447518436,0.0,49.97266924760088,0.0,45.59502457350192,0.0,45.30168428769914,0.0,0.0,0.0,0.0,0.0,0.0,0.0
10.0,6.895194759737989,0.004032637628186,0.0040326376279135,0.999991868883595,0.999991868883595,49.41356445558361,0.0,49.97266882701663,0.0,45.59502456843834,0.0,45.30168419850282,0.0,0.0,0.0,0.0,0.0,0.0,0.0
10.0,6.89544477223861,0.0040326904361041,0.0040326904358335,0.9999918686706382,0.9999918686706382,49.41356443598187,0.0,49.97266840641812,0.0,45.59502456337459,0.0,45.30168410930335,0.0,0.0,0.0,0.0,0.0,0.0,0.0
10.0,6.89569478473924,0.0040327432451706,0.004032743244902,0.999991868457674,0.999991868457673,49.41356441637913,0.0,49.972667985805366,0.0,45.59502455831065,0.0,45.30168402010073,0.0,0.0,0.0,0.0,0.0,0.0,0.0
10.0,6.89594479723986,0.0040327960553856,0.004032796055119,0.999991868244702,0.999991868244702,49.41356439677539,0.0,49.97266756517836,0.0,45.595024553246525,0.0,45.30168393089497,0.0,0.0,0.0,0.0,0.0,0.0,0.0
10.0,6.89619480974049,0.004032848866749,0.0040328488664843,0.999991868031723,0.999991868031722,49.413564377170665,0.0,49.97266714453711,0.0,45.59502454818221,0.0,45.30168384168606,0.0,0.0,0.0,0.0,0.0,0.0,0.0
10.0,6.89644482224111,0.0040329016792607,0.004032901678998,0.999991867818736,0.999991867818736,49.41356435756493,0.0,49.97266672388161,0.0,45.59502454311771,0.0,45.30168375247399,0.0,0.0,0.0,0.0,0.0,0.0,0.0
10.0,6.89669483474174,0.0040329544929206,0.0040329544926599,0.999991867605742,0.999991867605742,49.413564337958206,0.0,49.97266630321187,0.0,45.59502453805303,0.0,45.30168366325879,0.0,0.0,0.0,0.0,0.0,0.0,0.0
10.0,6.89694484724236,0.0040330073077288,0.0040330073074701,0.999991867392741,0.99999186739274,49.41356431835048,0.0,49.97266588252786,0.0,45.59502453298816,0.0,45.30168357404044,0.0,0.0,0.0,0.0,0.0,0.0,0.0
10.0,6.89719485974299,0.0040330601236852,0.0040330601234284,0.999991867179732,0.999991867179731,49.41356429874177,0.0,49.97266546182962,0.0,45.59502452792311,0.0,45.30168348481893,0.0,0.0,0.0,0.0,0.0,0.0,0.0
10.0,6.897444872243611,0.0040331129407897,0.0040331129405349,0.999991866966715,0.999991866966715,49.41356427913206,0.0,49.97266504111713,0.0,45.59502452285787,0.0,45.30168339559428,0.0,0.0,0.0,0.0,0.0,0.0,0.0
10.0,6.89769488474424,0.0040331657590422,0.0040331657587894,0.999991866753692,0.9999918667536912,49.41356425952135,0.0,49.9726646203904,0.0,45.59502451779244,0.0,45.301683306366485,0.0,0.0,0.0,0.0,0.0,0.0,0.0
10.0,6.89794489724486,0.0040332185784428,0.0040332185781919,0.99999186654066,0.99999186654066,49.41356423990965,0.0,49.9726641996494,0.0,45.59502451272683,0.0,45.30168321713554,0.0,0.0,0.0,0.0,0.0,0.0,0.0
10.0,6.89819490974549,0.0040332713989913,0.0040332713987424,0.999991866327622,0.999991866327621,49.41356422029696,0.0,49.972663778894166,0.0,45.59502450766103,0.0,45.301683127901455,0.0,0.0,0.0,0.0,0.0,0.0,0.0
10.0,6.89844492224611,0.0040333242206877,0.0040333242204408,0.999991866114576,0.999991866114575,49.41356420068326,0.0,49.97266335812469,0.0,45.595024502595045,0.0,45.301683038664216,0.0,0.0,0.0,0.0,0.0,0.0,0.0
10.0,6.89869493474674,0.004033377043532,0.0040333770432871,0.999991865901522,0.999991865901522,49.41356418106857,0.0,49.97266293734096,0.0,45.59502449752887,0.0,45.30168294942383,0.0,0.0,0.0,0.0,0.0,0.0,0.0
10.0,6.89894494724736,0.0040334298675241,0.0040334298672811,0.9999918656884612,0.9999918656884612,49.413564161452896,0.0,49.97266251654298,0.0,45.595024492462514,0.0,45.3016828601803,0.0,0.0,0.0,0.0,0.0,0.0,0.0
10.0,6.89919495974799,0.0040334826926639,0.0040334826924229,0.999991865475393,0.999991865475393,49.41356414183622,0.0,49.97266209573076,0.0,45.59502448739597,0.0,45.30168277093362,0.0,0.0,0.0,0.0,0.0,0.0,0.0
10.0,6.89944497224861,0.0040335355189514,0.0040335355187124,0.999991865262317,0.999991865262317,49.41356412221855,0.0,49.97266167490429,0.0,45.59502448232924,0.0,45.30168268168379,0.0,0.0,0.0,0.0,0.0,0.0,0.0
10.0,6.89969498474924,0.0040335883463866,0.0040335883461495,0.999991865049234,0.999991865049234,49.413564102599885,0.0,49.97266125406357,0.0,45.59502447726233,0.0,45.30168259243081,0.0,0.0,0.0,0.0,0.0,0.0,0.0
10.0,6.89994499724986,0.0040336411749693,0.0040336411747343,0.999991864836144,0.999991864836143,49.41356408298023,0.0,49.97266083320861,0.0,45.59502447219522,0.0,45.30168250317469,0.0,0.0,0.0,0.0,0.0,0.0,0.0
10.0,6.90019500975049,0.0040336940046996,0.0040336940044665,0.999991864623046,0.999991864623045,49.41356406335957,0.0,49.972660412339394,0.0,45.595024467127935,0.0,45.30168241391542,0.0,0.0,0.0,0.0,0.0,0.0,0.0
10.0,6.90044502225111,0.0040337468355773,0.0040337468353462,0.99999186440994,0.99999186440994,49.41356404373792,0.0,49.972659991455934,0.0,45.59502446206047,0.0,45.301682324653,0.0,0.0,0.0,0.0,0.0,0.0,0.0
10.0,6.900695034751739,0.0040337996676025,0.0040337996673734,0.999991864196827,0.999991864196827,49.41356402411528,0.0,49.97265957055823,0.0,45.5950244569928,0.0,45.30168223538744,0.0,0.0,0.0,0.0,0.0,0.0,0.0
10.0,6.90094504725236,0.0040338525007751,0.0040338525005479,0.9999918639837068,0.9999918639837068,49.41356400449164,0.0,49.97265914964628,0.0,45.59502445192496,0.0,45.30168214611873,0.0,0.0,0.0,0.0,0.0,0.0,0.0
10.0,6.90119505975299,0.004033905335095,0.0040339053348698,0.99999186377058,0.999991863770579,49.41356398486702,0.0,49.97265872872008,0.0,45.59502444685693,0.0,45.30168205684687,0.0,0.0,0.0,0.0,0.0,0.0,0.0
10.0,6.90144507225361,0.0040339581705621,0.0040339581703389,0.999991863557445,0.999991863557444,49.413563965241394,0.0,49.97265830777964,0.0,45.59502444178871,0.0,45.30168196757187,0.0,0.0,0.0,0.0,0.0,0.0,0.0
10.0,6.90169508475424,0.0040340110071765,0.0040340110069552,0.999991863344302,0.999991863344301,49.41356394561478,0.0,49.97265788682495,0.0,45.59502443672031,0.0,45.30168187829371,0.0,0.0,0.0,0.0,0.0,0.0,0.0
10.0,6.90194509725486,0.004034063844938,0.0040340638447187,0.999991863131152,0.999991863131152,49.41356392598717,0.0,49.97265746585601,0.0,45.59502443165172,0.0,45.30168178901241,0.0,0.0,0.0,0.0,0.0,0.0,0.0
10.0,6.90219510975549,0.0040341166838466,0.0040341166836293,0.999991862917995,0.999991862917994,49.41356390635857,0.0,49.97265704487284,0.0,45.59502442658295,0.0,45.30168169972797,0.0,0.0,0.0,0.0,0.0,0.0,0.0
10.0,6.90244512225611,0.0040341695239023,0.0040341695236869,0.99999186270483,0.99999186270483,49.41356388672898,0.0,49.97265662387541,0.0,45.59502442151398,0.0,45.30168161044036,0.0,0.0,0.0,0.0,0.0,0.0,0.0
10.0,6.90269513475674,0.004034222365105,0.0040342223648916,0.999991862491658,0.999991862491657,49.41356386709839,0.0,49.97265620286373,0.0,45.59502441644484,0.0,45.301681521149625,0.0,0.0,0.0,0.0,0.0,0.0,0.0
10.0,6.902945147257359,0.0040342752074546,0.0040342752072432,0.999991862278478,0.999991862278478,49.41356384746681,0.0,49.9726557818378,0.0,45.59502441137551,0.0,45.30168143185575,0.0,0.0,0.0,0.0,0.0,0.0,0.0
10.0,6.90319515975799,0.0040343280509512,0.0040343280507417,0.9999918620652912,0.9999918620652912,49.41356382783424,0.0,49.972655360797646,0.0,45.59502440630599,0.0,45.3016813425587,0.0,0.0,0.0,0.0,0.0,0.0,0.0
10.0,6.90344517225861,0.0040343808955946,0.004034380895387,0.999991861852097,0.999991861852096,49.41356380820068,0.0,49.97265493974324,0.0,45.59502440123629,0.0,45.30168125325852,0.0,0.0,0.0,0.0,0.0,0.0,0.0
10.0,6.90369518475924,0.0040344337413847,0.0040344337411792,0.9999918616388948,0.999991861638894,49.41356378856612,0.0,49.972654518674574,0.0,45.5950243961664,0.0,45.3016811639552,0.0,0.0,0.0,0.0,0.0,0.0,0.0
10.0,6.90394519725986,0.0040344865883216,0.004034486588118,0.999991861425686,0.999991861425685,49.413563768930565,0.0,49.97265409759168,0.0,45.59502439109632,0.0,45.30168107464871,0.0,0.0,0.0,0.0,0.0,0.0,0.0
10.0,6.90419520976049,0.0040345394364052,0.0040345394362036,0.999991861212469,0.999991861212469,49.41356374929404,0.0,49.97265367649453,0.0,45.59502438602605,0.0,45.30168098533909,0.0,0.0,0.0,0.0,0.0,0.0,0.0
10.0,6.90444522226111,0.0040345922856354,0.0040345922854358,0.999991860999245,0.999991860999244,49.413563729656495,0.0,49.97265325538315,0.0,45.595024380955614,0.0,45.30168089602631,0.0,0.0,0.0,0.0,0.0,0.0,0.0
10.0,6.90469523476174,0.0040346451360122,0.0040346451358145,0.999991860786014,0.999991860786013,49.413563710017975,0.0,49.97265283425751,0.0,45.595024375884975,0.0,45.3016808067104,0.0,0.0,0.0,0.0,0.0,0.0,0.0
10.0,6.90494524726236,0.0040346979875356,0.0040346979873398,0.999991860572775,0.999991860572774,49.41356369037846,0.0,49.97265241311763,0.0,45.59502437081415,0.0,45.30168071739133,0.0,0.0,0.0,0.0,0.0,0.0,0.0
10.0,6.90519525976299,0.0040347508402053,0.0040347508400116,0.999991860359528,0.999991860359528,49.41356367073795,0.0,49.9726519919635,0.0,45.59502436574315,0.0,45.30168062806912,0.0,0.0,0.0,0.0,0.0,0.0,0.0
10.0,6.90544527226361,0.0040348036940216,0.0040348036938297,0.999991860146274,0.999991860146274,49.41356365109645,0.0,49.972651570795136,0.0,45.59502436067196,0.0,45.30168053874375,0.0,0.0,0.0,0.0,0.0,0.0,0.0
10.0,6.90569528476424,0.0040348565489841,0.0040348565487943,0.999991859933013,0.999991859933013,49.41356363145397,0.0,49.97265114961253,0.0,45.59502435560058,0.0,45.30168044941526,0.0,0.0,0.0,0.0,0.0,0.0,0.0
10.0,6.90594529726486,0.004034909405093,0.0040349094049051,0.9999918597197452,0.999991859719744,49.41356361181049,0.0,49.97265072841567,0.0,45.59502435052901,0.0,45.3016803600836,0.0,0.0,0.0,0.0,0.0,0.0,0.0
10.0,6.90619530976549,0.0040349622623482,0.0040349622621622,0.999991859506469,0.999991859506468,49.41356359216601,0.0,49.97265030720456,0.0,45.59502434545727,0.0,45.3016802707488,0.0,0.0,0.0,0.0,0.0,0.0,0.0
10.0,6.90644532226611,0.0040350151207495,0.0040350151205655,0.999991859293185,0.999991859293184,49.41356357252055,0.0,49.972649885979216,0.0,45.595024340385336,0.0,45.30168018141085,0.0,0.0,0.0,0.0,0.0,0.0,0.0
10.0,6.90669533476674,0.004035067980297,0.004035067980115,0.999991859079894,0.999991859079894,49.4135635528741,0.0,49.972649464739625,0.0,45.59502433531322,0.0,45.30168009206976,0.0,0.0,0.0,0.0,0.0,0.0,0.0
10.0,6.90694534726736,0.0040351208409906,0.0040351208408105,0.999991858866596,0.999991858866595,49.41356353322666,0.0,49.97264904348579,0.0,45.5950243302409,0.0,45.30168000272551,0.0,0.0,0.0,0.0,0.0,0.0,0.0
10.0,6.90719535976799,0.0040351737028302,0.0040351737026521,0.99999185865329,0.99999185865329,49.41356351357823,0.0,49.9726486222177,0.0,45.59502432516842,0.0,45.30167991337812,0.0,0.0,0.0,0.0,0.0,0.0,0.0
10.0,6.90744537226861,0.0040352265658159,0.0040352265656397,0.999991858439977,0.999991858439976,49.413563493928805,0.0,49.97264820093539,0.0,45.59502432009573,0.0,45.30167982402759,0.0,0.0,0.0,0.0,0.0,0.0,0.0
10.0,6.90769538476924,0.0040352794299475,0.0040352794297733,0.9999918582266571,0.999991858226656,49.413563474278384,0.0,49.97264777963883,0.0,45.59502431502287,0.0,45.301679734673904,0.0,0.0,0.0,0.0,0.0,0.0,0.0
10.0,6.90794539726986,0.0040353322952249,0.0040353322950527,0.999991858013329,0.999991858013328,49.41356345462698,0.0,49.97264735832801,0.0,45.59502430994981,0.0,45.30167964531708,0.0,0.0,0.0,0.0,0.0,0.0,0.0
10.0,6.90819540977049,0.0040353851616482,0.0040353851614779,0.999991857799993,0.999991857799992,49.41356343497459,0.0,49.97264693700296,0.0,45.595024304876574,0.0,45.3016795559571,0.0,0.0,0.0,0.0,0.0,0.0,0.0
10.0,6.908445422271109,0.0040354380292173,0.004035438029049,0.99999185758665,0.99999185758665,49.41356341532121,0.0,49.97264651566367,0.0,45.59502429980316,0.0,45.30167946659397,0.0,0.0,0.0,0.0,0.0,0.0,0.0
10.0,6.90869543477174,0.0040354908979321,0.0040354908977657,0.9999918573733,0.999991857373299,49.41356339566683,0.0,49.97264609431012,0.0,45.59502429472955,0.0,45.30167937722771,0.0,0.0,0.0,0.0,0.0,0.0,0.0
10.0,6.90894544727236,0.0040355437677926,0.0040355437676281,0.999991857159943,0.999991857159942,49.413563376011474,0.0,49.97264567294234,0.0,45.59502428965575,0.0,45.301679287858285,0.0,0.0,0.0,0.0,0.0,0.0,0.0
10.0,6.90919545977299,0.0040355966387987,0.0040355966386362,0.999991856946577,0.999991856946577,49.41356335635512,0.0,49.97264525156032,0.0,45.59502428458177,0.0,45.30167919848572,0.0,0.0,0.0,0.0,0.0,0.0,0.0
10.0,6.90944547227361,0.0040356495109504,0.0040356495107898,0.9999918567332052,0.999991856733204,49.41356333669778,0.0,49.97264483016405,0.0,45.5950242795076,0.0,45.30167910911001,0.0,0.0,0.0,0.0,0.0,0.0,0.0
10.0,6.90969548477424,0.0040357023842476,0.004035702384089,0.999991856519825,0.999991856519824,49.41356331703945,0.0,49.97264440875354,0.0,45.59502427443325,0.0,45.301679019731154,0.0,0.0,0.0,0.0,0.0,0.0,0.0
10.0,6.90994549727486,0.0040357552586902,0.0040357552585336,0.999991856306438,0.999991856306437,49.41356329738013,0.0,49.97264398732878,0.0,45.59502426935871,0.0,45.30167893034915,0.0,0.0,0.0,0.0,0.0,0.0,0.0
10.0,6.91019550977549,0.0040358081342783,0.0040358081341236,0.9999918560930432,0.9999918560930432,49.413563277719824,0.0,49.97264356588978,0.0,45.59502426428399,0.0,45.301678840964,0.0,0.0,0.0,0.0,0.0,0.0,0.0
10.0,6.91044552227611,0.0040358610110117,0.0040358610108589,0.999991855879641,0.99999185587964,49.41356325805853,0.0,49.97264314443655,0.0,45.59502425920907,0.0,45.3016787515757,0.0,0.0,0.0,0.0,0.0,0.0,0.0
10.0,6.91069553477674,0.0040359138888904,0.0040359138887396,0.999991855666231,0.9999918556662298,49.41356323839624,0.0,49.97264272296907,0.0,45.595024254133975,0.0,45.30167866218425,0.0,0.0,0.0,0.0,0.0,0.0,0.0
10.0,6.91094554727736,0.0040359667679144,0.0040359667677655,0.999991855452814,0.999991855452813,49.41356321873297,0.0,49.97264230148733,0.0,45.59502424905869,0.0,45.30167857278966,0.0,0.0,0.0,0.0,0.0,0.0,0.0
10.0,6.91119555977799,0.0040360196480835,0.0040360196479366,0.9999918552393902,0.9999918552393892,49.41356319906871,0.0,49.97264187999137,0.0,45.595024243983225,0.0,45.30167848339192,0.0,0.0,0.0,0.0,0.0,0.0,0.0
10.0,6.91144557227861,0.0040360725293978,0.0040360725292528,0.999991855025958,0.999991855025957,49.413563179403454,0.0,49.97264145848117,0.0,45.59502423890757,0.0,45.30167839399103,0.0,0.0,0.0,0.0,0.0,0.0,0.0
10.0,6.91169558477924,0.0040361254118572,0.0040361254117142,0.9999918548125192,0.999991854812518,49.413563159737215,0.0,49.97264103695672,0.0,45.59502423383173,0.0,45.30167830458699,0.0,0.0,0.0,0.0,0.0,0.0,0.0
10.0,6.91194559727986,0.0040361782954616,0.0040361782953206,0.999991854599072,0.999991854599071,49.41356314007,0.0,49.97264061541802,0.0,45.595024228755705,0.0,45.30167821517981,0.0,0.0,0.0,0.0,0.0,0.0,0.0
10.0,6.91219560978049,0.0040362311802111,0.0040362311800719,0.999991854385618,0.9999918543856172,49.41356312040178,0.0,49.97264019386509,0.0,45.595024223679495,0.0,45.30167812576949,0.0,0.0,0.0,0.0,0.0,0.0,0.0
10.0,6.91244562228111,0.0040362840661054,0.0040362840659682,0.9999918541721567,0.999991854172156,49.41356310073258,0.0,49.97263977229792,0.0,45.59502421860309,0.0,45.301678036356016,0.0,0.0,0.0,0.0,0.0,0.0,0.0
10.0,6.91269563478174,0.0040363369531446,0.0040363369530094,0.999991853958688,0.999991853958687,49.41356308106239,0.0,49.972639350716506,0.0,45.59502421352651,0.0,45.30167794693939,0.0,0.0,0.0,0.0,0.0,0.0,0.0
10.0,6.91294564728236,0.0040363898413287,0.0040363898411954,0.9999918537452108,0.9999918537452108,49.413563061391216,0.0,49.97263892912084,0.0,45.595024208449736,0.0,45.30167785751962,0.0,0.0,0.0,0.0,0.0,0.0,0.0
10.0,6.913195659782991,0.0040364427306575,0.0040364427305261,0.999991853531727,0.999991853531727,49.41356304171906,0.0,49.97263850751095,0.0,45.59502420337278,0.0,45.30167776809671,0.0,0.0,0.0,0.0,0.0,0.0,0.0
10.0,6.91344567228361,0.0040364956211311,0.0040364956210016,0.999991853318236,0.999991853318236,49.41356302204591,0.0,49.9726380858868,0.0,45.59502419829563,0.0,45.30167767867066,0.0,0.0,0.0,0.0,0.0,0.0,0.0
10.0,6.91369568478424,0.0040365485127493,0.0040365485126218,0.999991853104738,0.999991853104737,49.413563002371774,0.0,49.97263766424842,0.0,45.59502419321832,0.0,45.30167758924144,0.0,0.0,0.0,0.0,0.0,0.0,0.0
10.0,6.91394569728486,0.0040366014055121,0.0040366014053865,0.999991852891232,0.999991852891231,49.41356298269665,0.0,49.9726372425958,0.0,45.59502418814079,0.0,45.30167749980908,0.0,0.0,0.0,0.0,0.0,0.0,0.0
10.0,6.91419570978549,0.0040366542994195,0.0040366542992959,0.999991852677718,0.999991852677718,49.41356296302054,0.0,49.97263682092893,0.0,45.595024183063096,0.0,45.30167741037359,0.0,0.0,0.0,0.0,0.0,0.0,0.0
10.0,6.91444572228611,0.0040367071944713,0.0040367071943497,0.999991852464197,0.999991852464197,49.41356294334344,0.0,49.97263639924783,0.0,45.59502417798521,0.0,45.30167732093494,0.0,0.0,0.0,0.0,0.0,0.0,0.0
10.0,6.91469573478674,0.0040367600906677,0.004036760090548,0.999991852250669,0.999991852250668,49.41356292366536,0.0,49.972635977552486,0.0,45.59502417290714,0.0,45.30167723149315,0.0,0.0,0.0,0.0,0.0,0.0,0.0
10.0,6.91494574728736,0.0040368129880084,0.0040368129878906,0.999991852037133,0.999991852037133,49.41356290398629,0.0,49.9726355558429,0.0,45.59502416782888,0.0,45.301677142048206,0.0,0.0,0.0,0.0,0.0,0.0,0.0
10.0,6.91519575978799,0.0040368658864935,0.0040368658863777,0.99999185182359,0.99999185182359,49.41356288430623,0.0,49.97263513411907,0.0,45.595024162750434,0.0,45.30167705260012,0.0,0.0,0.0,0.0,0.0,0.0,0.0
10.0,6.91544577228861,0.0040369187861229,0.004036918786009,0.99999185161004,0.999991851610039,49.41356286462519,0.0,49.972634712381,0.0,45.5950241576718,0.0,45.30167696314888,0.0,0.0,0.0,0.0,0.0,0.0,0.0
10.0,6.91569578478924,0.0040369716868965,0.0040369716867845,0.999991851396482,0.999991851396481,49.413562844943165,0.0,49.9726342906287,0.0,45.59502415259298,0.0,45.3016768736945,0.0,0.0,0.0,0.0,0.0,0.0,0.0
10.0,6.91594579728986,0.0040370245888143,0.0040370245887043,0.999991851182916,0.999991851182916,49.41356282526016,0.0,49.97263386886216,0.0,45.59502414751398,0.0,45.301676784236975,0.0,0.0,0.0,0.0,0.0,0.0,0.0
10.0,6.91619580979049,0.0040370774918763,0.0040370774917682,0.999991850969344,0.9999918509693432,49.41356280557615,0.0,49.97263344708136,0.0,45.5950241424348,0.0,45.30167669477629,0.0,0.0,0.0,0.0,0.0,0.0,0.0
10.0,6.91644582229111,0.0040371303960823,0.0040371303959761,0.999991850755763,0.999991850755763,49.413562785891166,0.0,49.972633025286335,0.0,45.59502413735542,0.0,45.30167660531247,0.0,0.0,0.0,0.0,0.0,0.0,0.0
10.0,6.91669583479174,0.0040371833014324,0.0040371833013281,0.999991850542176,0.999991850542175,49.4135627662052,0.0,49.97263260347707,0.0,45.59502413227586,0.0,45.30167651584551,0.0,0.0,0.0,0.0,0.0,0.0,0.0
10.0,6.91694584729236,0.0040372362079264,0.0040372362078241,0.999991850328581,0.99999185032858,49.41356274651824,0.0,49.972632181653566,0.0,45.59502412719611,0.0,45.30167642637539,0.0,0.0,0.0,0.0,0.0,0.0,0.0
10.0,6.91719585979299,0.0040372891155643,0.004037289115464,0.999991850114978,0.999991850114978,49.41356272683031,0.0,49.97263175981582,0.0,45.595024122116186,0.0,45.301676336902126,0.0,0.0,0.0,0.0,0.0,0.0,0.0
10.0,6.91744587229361,0.0040373420243462,0.0040373420242477,0.999991849901368,0.999991849901368,49.41356270714138,0.0,49.97263133796383,0.0,45.59502411703607,0.0,45.30167624742572,0.0,0.0,0.0,0.0,0.0,0.0,0.0
10.0,6.91769588479424,0.0040373949342718,0.0040373949341753,0.999991849687751,0.999991849687751,49.413562687451474,0.0,49.97263091609761,0.0,45.59502411195576,0.0,45.30167615794616,0.0,0.0,0.0,0.0,0.0,0.0,0.0
10.0,6.91794589729486,0.0040374478453412,0.0040374478452466,0.999991849474127,0.999991849474126,49.41356266776058,0.0,49.97263049421715,0.0,45.59502410687527,0.0,45.301676068463465,0.0,0.0,0.0,0.0,0.0,0.0,0.0
10.0,6.91819590979549,0.0040375007575543,0.0040375007574617,0.999991849260494,0.999991849260494,49.4135626480687,0.0,49.97263007232243,0.0,45.59502410179459,0.0,45.30167597897762,0.0,0.0,0.0,0.0,0.0,0.0,0.0
10.0,6.91844592229611,0.0040375536709111,0.0040375536708204,0.999991849046855,0.999991849046854,49.41356262837584,0.0,49.972629650413495,0.0,45.595024096713736,0.0,45.30167588948862,0.0,0.0,0.0,0.0,0.0,0.0,0.0
10.0,6.918695934796739,0.0040376065854115,0.0040376065853227,0.999991848833208,0.9999918488332072,49.41356260868199,0.0,49.97262922849031,0.0,45.59502409163269,0.0,45.30167579999648,0.0,0.0,0.0,0.0,0.0,0.0,0.0
10.0,6.91894594729736,0.0040376595010554,0.0040376595009686,0.999991848619554,0.9999918486195531,49.41356258898716,0.0,49.97262880655289,0.0,45.595024086551454,0.0,45.3016757105012,0.0,0.0,0.0,0.0,0.0,0.0,0.0
10.0,6.91919595979799,0.0040377124178428,0.0040377124177579,0.999991848405892,0.9999918484058912,49.413562569291344,0.0,49.97262838460122,0.0,45.59502408147004,0.0,45.301675621002765,0.0,0.0,0.0,0.0,0.0,0.0,0.0
10.0,6.91944597229861,0.0040377653357737,0.0040377653356907,0.999991848192223,0.999991848192222,49.41356254959454,0.0,49.97262796263533,0.0,45.59502407638843,0.0,45.30167553150118,0.0,0.0,0.0,0.0,0.0,0.0,0.0
10.0,6.91969598479924,0.004037818254848,0.0040378182547669,0.999991847978546,0.999991847978545,49.413562529896765,0.0,49.97262754065519,0.0,45.59502407130664,0.0,45.30167544199645,0.0,0.0,0.0,0.0,0.0,0.0,0.0
10.0,6.91994599729987,0.0040378711750656,0.0040378711749864,0.999991847764862,0.999991847764861,49.41356251019799,0.0,49.97262711866081,0.0,45.59502406622466,0.0,45.30167535248858,0.0,0.0,0.0,0.0,0.0,0.0,0.0
10.0,6.92019600980049,0.0040379240964265,0.0040379240963493,0.999991847551171,0.99999184755117,49.41356249049824,0.0,49.9726266966522,0.0,45.59502406114249,0.0,45.301675262977554,0.0,0.0,0.0,0.0,0.0,0.0,0.0
10.0,6.92044602230111,0.0040379770189306,0.0040379770188553,0.999991847337472,0.999991847337471,49.41356247079751,0.0,49.97262627462934,0.0,45.59502405606014,0.0,45.30167517346339,0.0,0.0,0.0,0.0,0.0,0.0,0.0
10.0,6.92069603480174,0.0040380299425779,0.0040380299425045,0.999991847123765,0.999991847123765,49.413562451095785,0.0,49.97262585259226,0.0,45.595024050977614,0.0,45.30167508394609,0.0,0.0,0.0,0.0,0.0,0.0,0.0
10.0,6.920946047302361,0.0040380828673684,0.0040380828672969,0.999991846910052,0.999991846910051,49.413562431393096,0.0,49.97262543054092,0.0,45.59502404589488,0.0,45.30167499442562,0.0,0.0,0.0,0.0,0.0,0.0,0.0
10.0,6.92119605980299,0.0040381357933019,0.0040381357932323,0.999991846696331,0.99999184669633,49.41356241168941,0.0,49.97262500847536,0.0,45.59502404081198,0.0,45.301674904902015,0.0,0.0,0.0,0.0,0.0,0.0,0.0
10.0,6.92144607230362,0.0040381887203784,0.0040381887203108,0.999991846482602,0.9999918464826012,49.41356239198474,0.0,49.972624586395554,0.0,45.59502403572889,0.0,45.301674815375264,0.0,0.0,0.0,0.0,0.0,0.0,0.0
10.0,6.92169608480424,0.0040382416485979,0.0040382416485322,0.999991846268866,0.9999918462688652,49.41356237227909,0.0,49.97262416430151,0.0,45.5950240306456,0.0,45.301674725845366,0.0,0.0,0.0,0.0,0.0,0.0,0.0
10.0,6.92194609730486,0.0040382945779603,0.0040382945778965,0.9999918460551228,0.999991846055122,49.413562352572455,0.0,49.97262374219322,0.0,45.59502402556214,0.0,45.30167463631231,0.0,0.0,0.0,0.0,0.0,0.0,0.0
10.0,6.92219610980549,0.0040383475084656,0.0040383475084037,0.999991845841372,0.999991845841371,49.41356233286485,0.0,49.97262332007071,0.0,45.59502402047849,0.0,45.30167454677613,0.0,0.0,0.0,0.0,0.0,0.0,0.0
10.0,6.92244612230612,0.0040384004401137,0.0040384004400538,0.999991845627614,0.999991845627613,49.41356231315625,0.0,49.97262289793395,0.0,45.59502401539465,0.0,45.30167445723679,0.0,0.0,0.0,0.0,0.0,0.0,0.0
10.0,6.92269613480674,0.0040384533729045,0.0040384533728465,0.999991845413848,0.999991845413847,49.413562293446674,0.0,49.97262247578296,0.0,45.59502401031063,0.0,45.301674367694304,0.0,0.0,0.0,0.0,0.0,0.0,0.0
10.0,6.92294614730737,0.004038506306838,0.004038506306782,0.999991845200075,0.999991845200074,49.41356227373611,0.0,49.97262205361773,0.0,45.59502400522642,0.0,45.30167427814867,0.0,0.0,0.0,0.0,0.0,0.0,0.0
10.0,6.92319615980799,0.0040385592419142,0.0040385592418601,0.999991844986295,0.999991844986294,49.41356225402456,0.0,49.97262163143826,0.0,45.595024000142025,0.0,45.3016741885999,0.0,0.0,0.0,0.0,0.0,0.0,0.0
10.0,6.92344617230861,0.004038612178133,0.0040386121780808,0.999991844772507,0.999991844772506,49.41356223431204,0.0,49.97262120924456,0.0,45.59502399505744,0.0,45.301674099047965,0.0,0.0,0.0,0.0,0.0,0.0,0.0
10.0,6.92369618480924,0.0040386651154944,0.0040386651154441,0.999991844558711,0.999991844558711,49.413562214598535,0.0,49.97262078703662,0.0,45.595023989972674,0.0,45.3016740094929,0.0,0.0,0.0,0.0,0.0,0.0,0.0
10.0,6.92394619730987,0.0040387180539982,0.0040387180539498,0.999991844344909,0.999991844344908,49.41356219488405,0.0,49.97262036481443,0.0,45.595023984887725,0.0,45.30167391993468,0.0,0.0,0.0,0.0,0.0,0.0,0.0
10.0,6.924196209810489,0.0040387709936445,0.004038770993598,0.9999918441310992,0.999991844131098,49.41356217516858,0.0,49.972619942578014,0.0,45.59502397980258,0.0,45.30167383037332,0.0,0.0,0.0,0.0,0.0,0.0,0.0
10.0,6.92444622231111,0.0040388239344331,0.0040388239343886,0.999991843917281,0.99999184391728,49.41356215545213,0.0,49.97261952032737,0.0,45.59502397471727,0.0,45.30167374080881,0.0,0.0,0.0,0.0,0.0,0.0,0.0
10.0,6.92469623481174,0.0040388768763641,0.0040388768763214,0.999991843703456,0.999991843703455,49.4135621357347,0.0,49.97261909806248,0.0,45.59502396963175,0.0,45.30167365124115,0.0,0.0,0.0,0.0,0.0,0.0,0.0
10.0,6.92494624731237,0.0040389298194374,0.0040389298193966,0.999991843489624,0.999991843489623,49.41356211601629,0.0,49.97261867578336,0.0,45.59502396454605,0.0,45.30167356167036,0.0,0.0,0.0,0.0,0.0,0.0,0.0
10.0,6.92519625981299,0.0040389827636528,0.004038982763614,0.999991843275784,0.999991843275783,49.413562096296886,0.0,49.97261825348999,0.0,45.59502395946017,0.0,45.30167347209641,0.0,0.0,0.0,0.0,0.0,0.0,0.0
10.0,6.92544627231362,0.0040390357090105,0.0040390357089736,0.9999918430619372,0.999991843061936,49.41356207657652,0.0,49.9726178311824,0.0,45.5950239543741,0.0,45.30167338251931,0.0,0.0,0.0,0.0,0.0,0.0,0.0
10.0,6.92569628481424,0.0040390886555103,0.0040390886554753,0.999991842848082,0.9999918428480812,49.41356205685516,0.0,49.972617408860565,0.0,45.59502394928785,0.0,45.30167329293907,0.0,0.0,0.0,0.0,0.0,0.0,0.0
10.0,6.92594629731486,0.0040391416031521,0.0040391416031191,0.99999184263422,0.999991842634219,49.41356203713283,0.0,49.97261698652449,0.0,45.59502394420141,0.0,45.30167320335568,0.0,0.0,0.0,0.0,0.0,0.0,0.0
10.0,6.92619630981549,0.004039194551936,0.0040391945519048,0.99999184242035,0.99999184242035,49.41356201740951,0.0,49.97261656417419,0.0,45.595023939114775,0.0,45.30167311376916,0.0,0.0,0.0,0.0,0.0,0.0,0.0
10.0,6.92644632231612,0.0040392475018618,0.0040392475018326,0.999991842206474,0.999991842206473,49.41356199768522,0.0,49.972616141809645,0.0,45.59502393402797,0.0,45.301673024179465,0.0,0.0,0.0,0.0,0.0,0.0,0.0
10.0,6.92669633481674,0.0040393004529296,0.0040393004529022,0.999991841992589,0.999991841992588,49.41356197795994,0.0,49.97261571943088,0.0,45.59502392894096,0.0,45.30167293458664,0.0,0.0,0.0,0.0,0.0,0.0,0.0
10.0,6.92694634731737,0.0040393534051391,0.0040393534051137,0.9999918417786972,0.9999918417786972,49.41356195823368,0.0,49.972615297037855,0.0,45.59502392385378,0.0,45.30167284499067,0.0,0.0,0.0,0.0,0.0,0.0,0.0
10.0,6.92719635981799,0.0040394063584905,0.004039406358467,0.9999918415647988,0.999991841564798,49.41356193850645,0.0,49.97261487463061,0.0,45.59502391876641,0.0,45.30167275539155,0.0,0.0,0.0,0.0,0.0,0.0,0.0
10.0,6.92744637231862,0.0040394593129837,0.0040394593129621,0.999991841350892,0.999991841350891,49.41356191877824,0.0,49.97261445220912,0.0,45.59502391367886,0.0,45.30167266578929,0.0,0.0,0.0,0.0,0.0,0.0,0.0
10.0,6.92769638481924,0.0040395122686185,0.0040395122685988,0.999991841136978,0.9999918411369768,49.41356189904904,0.0,49.9726140297734,0.0,45.59502390859112,0.0,45.30167257618388,0.0,0.0,0.0,0.0,0.0,0.0,0.0
10.0,6.92794639731987,0.004039565225395,0.0040395652253772,0.9999918409230572,0.9999918409230562,49.41356187931886,0.0,49.97261360732345,0.0,45.59502390350318,0.0,45.30167248657532,0.0,0.0,0.0,0.0,0.0,0.0,0.0
10.0,6.92819640982049,0.0040396181833131,0.0040396181832972,0.999991840709128,0.999991840709127,49.41356185958771,0.0,49.97261318485926,0.0,45.59502389841507,0.0,45.30167239696361,0.0,0.0,0.0,0.0,0.0,0.0,0.0
10.0,6.92844642232112,0.0040396711423727,0.0040396711423587,0.999991840495192,0.999991840495191,49.41356183985558,0.0,49.972612762380834,0.0,45.59502389332677,0.0,45.30167230734876,0.0,0.0,0.0,0.0,0.0,0.0,0.0
10.0,6.92869643482174,0.0040397241025738,0.0040397241025617,0.999991840281248,0.999991840281248,49.41356182012247,0.0,49.97261233988818,0.0,45.59502388823829,0.0,45.30167221773077,0.0,0.0,0.0,0.0,0.0,0.0,0.0
10.0,6.928946447322371,0.0040397770639163,0.0040397770639061,0.9999918400672968,0.999991840067296,49.41356180038837,0.0,49.97261191738128,0.0,45.59502388314961,0.0,45.30167212810963,0.0,0.0,0.0,0.0,0.0,0.0,0.0
10.0,6.92919645982299,0.0040398300264002,0.0040398300263919,0.999991839853338,0.999991839853338,49.41356178065331,0.0,49.97261149486016,0.0,45.59502387806075,0.0,45.30167203848534,0.0,0.0,0.0,0.0,0.0,0.0,0.0
10.0,6.92944647232362,0.0040398829900254,0.004039882990019,0.9999918396393732,0.999991839639372,49.41356176091726,0.0,49.97261107232479,0.0,45.5950238729717,0.0,45.3016719488579,0.0,0.0,0.0,0.0,0.0,0.0,0.0
10.0,6.92969648482424,0.0040399359547919,0.0040399359547874,0.999991839425399,0.999991839425399,49.41356174118024,0.0,49.9726106497752,0.0,45.59502386788248,0.0,45.301671859227326,0.0,0.0,0.0,0.0,0.0,0.0,0.0
10.0,6.92994649732487,0.0040399889206996,0.0040399889206971,0.999991839211419,0.999991839211418,49.41356172144223,0.0,49.97261022721137,0.0,45.595023862793056,0.0,45.3016717695936,0.0,0.0,0.0,0.0,0.0,0.0,0.0
10.0,6.93019650982549,0.0040400418877485,0.0040400418877479,0.99999183899743,0.99999183899743,49.413561701703244,0.0,49.9726098046333,0.0,45.59502385770345,0.0,45.301671679956726,0.0,0.0,0.0,0.0,0.0,0.0,0.0
10.0,6.93044652232612,0.0040400948559385,0.0040400948559398,0.999991838783435,0.999991838783434,49.41356168196329,0.0,49.97260938204099,0.0,45.595023852613664,0.0,45.30167159031671,0.0,0.0,0.0,0.0,0.0,0.0,0.0
10.0,6.93069653482674,0.0040401478252696,0.0040401478252727,0.999991838569432,0.999991838569431,49.41356166222234,0.0,49.97260895943446,0.0,45.59502384752369,0.0,45.30167150067354,0.0,0.0,0.0,0.0,0.0,0.0,0.0
10.0,6.93094654732737,0.0040402007957416,0.0040402007957467,0.999991838355422,0.999991838355421,49.41356164248042,0.0,49.972608536813695,0.0,45.59502384243353,0.0,45.30167141102723,0.0,0.0,0.0,0.0,0.0,0.0,0.0
10.0,6.93119655982799,0.0040402537673546,0.0040402537673616,0.999991838141404,0.999991838141403,49.413561622737525,0.0,49.9726081141787,0.0,45.595023837343184,0.0,45.301671321377775,0.0,0.0,0.0,0.0,0.0,0.0,0.0
10.0,6.93144657232862,0.0040403067401086,0.0040403067401174,0.9999918379273788,0.999991837927378,49.41356160299366,0.0,49.97260769152946,0.0,45.59502383225265,0.0,45.301671231725166,0.0,0.0,0.0,0.0,0.0,0.0,0.0
10.0,6.93169658482924,0.0040403597140033,0.0040403597140141,0.999991837713346,0.999991837713345,49.41356158324881,0.0,49.97260726886599,0.0,45.59502382716193,0.0,45.301671142069424,0.0,0.0,0.0,0.0,0.0,0.0,0.0
10.0,6.93194659732987,0.0040404126890389,0.0040404126890516,0.999991837499306,0.999991837499305,49.41356156350298,0.0,49.97260684618829,0.0,45.59502382207103,0.0,45.301671052410526,0.0,0.0,0.0,0.0,0.0,0.0,0.0
10.0,6.93219660983049,0.0040404656652152,0.0040404656652298,0.9999918372852588,0.999991837285258,49.413561543756174,0.0,49.972606423496345,0.0,45.59502381697994,0.0,45.30167096274848,0.0,0.0,0.0,0.0,0.0,0.0,0.0
10.0,6.93244662233112,0.0040405186425322,0.0040405186425487,0.999991837071204,0.9999918370712032,49.4135615240084,0.0,49.97260600079018,0.0,45.595023811888666,0.0,45.301670873083296,0.0,0.0,0.0,0.0,0.0,0.0,0.0
10.0,6.93269663483174,0.0040405716209898,0.0040405716210082,0.9999918368571408,0.9999918368571408,49.41356150425964,0.0,49.972605578069775,0.0,45.5950238067972,0.0,45.30167078341496,0.0,0.0,0.0,0.0,0.0,0.0,0.0
10.0,6.93294664733237,0.0040406246005881,0.0040406246006083,0.999991836643072,0.999991836643071,49.41356148450991,0.0,49.972605155335145,0.0,45.59502380170555,0.0,45.30167069374348,0.0,0.0,0.0,0.0,0.0,0.0,0.0
10.0,6.93319665983299,0.0040406775813268,0.004040677581349,0.999991836428994,0.999991836428994,49.41356146475919,0.0,49.97260473258627,0.0,45.59502379661373,0.0,45.30167060406886,0.0,0.0,0.0,0.0,0.0,0.0,0.0
10.0,6.93344667233362,0.004040730563206,0.0040407305632301,0.99999183621491,0.999991836214909,49.413561445007495,0.0,49.97260430982317,0.0,45.5950237915217,0.0,45.30167051439109,0.0,0.0,0.0,0.0,0.0,0.0,0.0
10.0,6.93369668483424,0.0040407835462257,0.0040407835462516,0.999991836000818,0.999991836000818,49.41356142525484,0.0,49.97260388704584,0.0,45.595023786429486,0.0,45.30167042471017,0.0,0.0,0.0,0.0,0.0,0.0,0.0
10.0,6.93394669733487,0.0040408365303857,0.0040408365304135,0.999991835786719,0.999991835786718,49.41356140550119,0.0,49.97260346425427,0.0,45.59502378133711,0.0,45.30167033502611,0.0,0.0,0.0,0.0,0.0,0.0,0.0
10.0,6.93419670983549,0.0040408895156861,0.0040408895157158,0.999991835572612,0.999991835572611,49.41356138574658,0.0,49.97260304144847,0.0,45.59502377624452,0.0,45.30167024533889,0.0,0.0,0.0,0.0,0.0,0.0,0.0
10.0,6.934446722336121,0.0040409425021267,0.0040409425021583,0.999991835358498,0.999991835358497,49.41356136599098,0.0,49.97260261862843,0.0,45.59502377115175,0.0,45.30167015564854,0.0,0.0,0.0,0.0,0.0,0.0,0.0
10.0,6.93469673483674,0.0040409954897075,0.004040995489741,0.9999918351443758,0.9999918351443748,49.41356134623441,0.0,49.972602195794174,0.0,45.59502376605881,0.0,45.30167006595504,0.0,0.0,0.0,0.0,0.0,0.0,0.0
10.0,6.93494674733737,0.0040410484784285,0.0040410484784639,0.999991834930247,0.999991834930247,49.41356132647687,0.0,49.97260177294567,0.0,45.59502376096567,0.0,45.30166997625839,0.0,0.0,0.0,0.0,0.0,0.0,0.0
10.0,6.93519675983799,0.0040411014682896,0.0040411014683269,0.9999918347161112,0.99999183471611,49.41356130671834,0.0,49.97260135008294,0.0,45.59502375587235,0.0,45.30166988655859,0.0,0.0,0.0,0.0,0.0,0.0,0.0
10.0,6.93544677233862,0.0040411544592907,0.0040411544593299,0.9999918345019672,0.999991834501966,49.41356128695885,0.0,49.97260092720598,0.0,45.59502375077884,0.0,45.30166979685566,0.0,0.0,0.0,0.0,0.0,0.0,0.0
10.0,6.93569678483924,0.0040412074514319,0.0040412074514729,0.999991834287816,0.9999918342878152,49.41356126719838,0.0,49.972600504314784,0.0,45.59502374568515,0.0,45.30166970714957,0.0,0.0,0.0,0.0,0.0,0.0,0.0
10.0,6.93594679733987,0.004041260444713,0.0040412604447559,0.999991834073657,0.999991834073656,49.41356124743693,0.0,49.97260008140937,0.0,45.59502374059126,0.0,45.301669617440346,0.0,0.0,0.0,0.0,0.0,0.0,0.0
10.0,6.93619680984049,0.004041313439134,0.0040413134391788,0.999991833859491,0.99999183385949,49.41356122767451,0.0,49.9725996584897,0.0,45.5950237354972,0.0,45.30166952772796,0.0,0.0,0.0,0.0,0.0,0.0,0.0
10.0,6.93644682234112,0.0040413664346948,0.0040413664347415,0.9999918336453172,0.9999918336453172,49.41356120791111,0.0,49.97259923555581,0.0,45.59502373040295,0.0,45.30166943801244,0.0,0.0,0.0,0.0,0.0,0.0,0.0
10.0,6.936696834841741,0.0040414194313954,0.0040414194314441,0.999991833431136,0.999991833431136,49.41356118814674,0.0,49.97259881260769,0.0,45.59502372530851,0.0,45.30166934829377,0.0,0.0,0.0,0.0,0.0,0.0,0.0
10.0,6.93694684734237,0.0040414724292358,0.0040414724292863,0.999991833216948,0.999991833216947,49.41356116838139,0.0,49.97259838964535,0.0,45.59502372021388,0.0,45.30166925857196,0.0,0.0,0.0,0.0,0.0,0.0,0.0
10.0,6.93719685984299,0.0040415254282158,0.0040415254282682,0.999991833002752,0.999991833002752,49.413561148615074,0.0,49.972597966668765,0.0,45.59502371511908,0.0,45.30166916884699,0.0,0.0,0.0,0.0,0.0,0.0,0.0
10.0,6.93744687234362,0.0040415784283355,0.0040415784283898,0.999991832788549,0.999991832788548,49.413561128847775,0.0,49.97259754367795,0.0,45.59502371002409,0.0,45.30166907911889,0.0,0.0,0.0,0.0,0.0,0.0,0.0
10.0,6.93769688484424,0.0040416314295948,0.0040416314296509,0.9999918325743388,0.999991832574338,49.4135611090795,0.0,49.9725971206729,0.0,45.5950237049289,0.0,45.30166898938764,0.0,0.0,0.0,0.0,0.0,0.0,0.0
10.0,6.93794689734487,0.0040416844319935,0.0040416844320516,0.99999183236012,0.99999183236012,49.41356108931026,0.0,49.97259669765363,0.0,45.59502369983354,0.0,45.30166889965324,0.0,0.0,0.0,0.0,0.0,0.0,0.0
10.0,6.93819690984549,0.0040417374355318,0.0040417374355917,0.9999918321458952,0.999991832145894,49.41356106954004,0.0,49.97259627462012,0.0,45.59502369473798,0.0,45.3016688099157,0.0,0.0,0.0,0.0,0.0,0.0,0.0
10.0,6.93844692234612,0.0040417904402095,0.0040417904402713,0.999991831931662,0.999991831931662,49.41356104976885,0.0,49.97259585157238,0.0,45.59502368964223,0.0,45.30166872017501,0.0,0.0,0.0,0.0,0.0,0.0,0.0
10.0,6.93869693484674,0.0040418434460265,0.0040418434460902,0.999991831717422,0.999991831717421,49.413561029996686,0.0,49.97259542851042,0.0,45.59502368454631,0.0,45.301668630431166,0.0,0.0,0.0,0.0,0.0,0.0,0.0
10.0,6.93894694734737,0.0040418964529829,0.0040418964530485,0.999991831503174,0.999991831503174,49.413561010223546,0.0,49.972595005434215,0.0,45.5950236794502,0.0,45.30166854068419,0.0,0.0,0.0,0.0,0.0,0.0,0.0
10.0,6.93919695984799,0.0040419494610785,0.004041949461146,0.999991831288919,0.999991831288919,49.41356099044943,0.0,49.97259458234378,0.0,45.595023674353904,0.0,45.30166845093406,0.0,0.0,0.0,0.0,0.0,0.0,0.0
10.0,6.93944697234862,0.0040420024703133,0.0040420024703827,0.999991831074657,0.999991831074656,49.41356097067434,0.0,49.97259415923912,0.0,45.595023669257415,0.0,45.30166836118079,0.0,0.0,0.0,0.0,0.0,0.0,0.0
10.0,6.93969698484924,0.0040420554806873,0.0040420554807585,0.999991830860387,0.999991830860386,49.41356095089829,0.0,49.97259373612024,0.0,45.59502366416075,0.0,45.30166827142437,0.0,0.0,0.0,0.0,0.0,0.0,0.0
10.0,6.939946997349869,0.0040421084922003,0.0040421084922735,0.99999183064611,0.9999918306461092,49.41356093112125,0.0,49.97259331298712,0.0,45.59502365906389,0.0,45.30166818166481,0.0,0.0,0.0,0.0,0.0,0.0,0.0
10.0,6.94019700985049,0.0040421615048525,0.0040421615049275,0.9999918304318252,0.999991830431824,49.41356091134325,0.0,49.97259288983977,0.0,45.59502365396685,0.0,45.301668091902094,0.0,0.0,0.0,0.0,0.0,0.0,0.0
10.0,6.94044702235112,0.0040422145186436,0.0040422145187205,0.999991830217532,0.999991830217532,49.41356089156427,0.0,49.972592466678186,0.0,45.59502364886962,0.0,45.30166800213624,0.0,0.0,0.0,0.0,0.0,0.0,0.0
10.0,6.94069703485174,0.0040422675335737,0.0040422675336524,0.999991830003233,0.999991830003232,49.41356087178431,0.0,49.97259204350237,0.0,45.59502364377221,0.0,45.30166791236724,0.0,0.0,0.0,0.0,0.0,0.0,0.0
10.0,6.94094704735237,0.0040423205496426,0.0040423205497233,0.999991829788926,0.999991829788925,49.41356085200339,0.0,49.97259162031233,0.0,45.59502363867461,0.0,45.301667822595086,0.0,0.0,0.0,0.0,0.0,0.0,0.0
10.0,6.94119705985299,0.0040423735668504,0.0040423735669329,0.999991829574612,0.999991829574611,49.41356083222149,0.0,49.97259119710807,0.0,45.59502363357682,0.0,45.301667732819794,0.0,0.0,0.0,0.0,0.0,0.0,0.0
10.0,6.94144707235362,0.004042426585197,0.0040424265852814,0.99999182936029,0.999991829360289,49.41356081243863,0.0,49.97259077388957,0.0,45.595023628478856,0.0,45.30166764304136,0.0,0.0,0.0,0.0,0.0,0.0,0.0
10.0,6.94169708485424,0.0040424796046823,0.0040424796047686,0.9999918291459612,0.99999182914596,49.41356079265479,0.0,49.97259035065684,0.0,45.59502362338069,0.0,45.301667553259776,0.0,0.0,0.0,0.0,0.0,0.0,0.0
10.0,6.94194709735487,0.0040425326253063,0.0040425326253944,0.999991828931624,0.999991828931624,49.41356077286997,0.0,49.97258992740988,0.0,45.59502361828236,0.0,45.30166746347504,0.0,0.0,0.0,0.0,0.0,0.0,0.0
10.0,6.942197109855491,0.0040425856470689,0.0040425856471589,0.99999182871728,0.999991828717279,49.41356075308418,0.0,49.97258950414869,0.0,45.59502361318382,0.0,45.30166737368717,0.0,0.0,0.0,0.0,0.0,0.0,0.0
10.0,6.94244712235612,0.0040426386699701,0.004042638670062,0.999991828502929,0.999991828502928,49.41356073329742,0.0,49.97258908087326,0.0,45.59502360808511,0.0,45.301667283896144,0.0,0.0,0.0,0.0,0.0,0.0,0.0
10.0,6.94269713485674,0.0040426916940098,0.0040426916941036,0.9999918282885693,0.999991828288569,49.413560713509696,0.0,49.97258865758362,0.0,45.5950236029862,0.0,45.30166719410198,0.0,0.0,0.0,0.0,0.0,0.0,0.0
10.0,6.94294714735737,0.004042744719188,0.0040427447192836,0.999991828074203,0.999991828074203,49.413560693721,0.0,49.97258823427975,0.0,45.59502359788711,0.0,45.30166710430466,0.0,0.0,0.0,0.0,0.0,0.0,0.0
10.0,6.94319715985799,0.0040427977455046,0.0040427977456021,0.999991827859829,0.999991827859829,49.41356067393132,0.0,49.97258781096165,0.0,45.59502359278784,0.0,45.30166701450421,0.0,0.0,0.0,0.0,0.0,0.0,0.0
10.0,6.94344717235862,0.0040428507729595,0.0040428507730589,0.9999918276454488,0.999991827645448,49.41356065414068,0.0,49.97258738762932,0.0,45.59502358768838,0.0,45.301666924700605,0.0,0.0,0.0,0.0,0.0,0.0,0.0
10.0,6.94369718485924,0.0040429038015528,0.004042903801654,0.99999182743106,0.99999182743106,49.41356063434906,0.0,49.97258696428276,0.0,45.59502358258874,0.0,45.30166683489386,0.0,0.0,0.0,0.0,0.0,0.0,0.0
10.0,6.94394719735987,0.0040429568312843,0.0040429568313874,0.999991827216664,0.999991827216664,49.41356061455649,0.0,49.97258654092197,0.0,45.59502357748891,0.0,45.30166674508396,0.0,0.0,0.0,0.0,0.0,0.0,0.0
10.0,6.94419720986049,0.004043009862154,0.004043009862259,0.9999918270022607,0.99999182700226,49.41356059476292,0.0,49.97258611754695,0.0,45.59502357238889,0.0,45.301666655270914,0.0,0.0,0.0,0.0,0.0,0.0,0.0
10.0,6.94444722236112,0.0040430628941619,0.0040430628942687,0.99999182678785,0.9999918267878488,49.41356057496839,0.0,49.9725856941577,0.0,45.595023567288685,0.0,45.30166656545473,0.0,0.0,0.0,0.0,0.0,0.0,0.0
10.0,6.94469723486174,0.0040431159273078,0.0040431159274165,0.999991826573432,0.999991826573431,49.4135605551729,0.0,49.97258527075423,0.0,45.59502356218829,0.0,45.30166647563541,0.0,0.0,0.0,0.0,0.0,0.0,0.0
10.0,6.94494724736237,0.0040431689615918,0.0040431689617024,0.999991826359006,0.999991826359006,49.413560535376426,0.0,49.972584847336535,0.0,45.595023557087714,0.0,45.30166638581292,0.0,0.0,0.0,0.0,0.0,0.0,0.0
10.0,6.94519725986299,0.0040432219970138,0.0040432219971263,0.999991826144573,0.999991826144573,49.413560515579,0.0,49.97258442390459,0.0,45.59502355198696,0.0,45.301666295987296,0.0,0.0,0.0,0.0,0.0,0.0,0.0
10.0,6.945447272363619,0.0040432750335738,0.0040432750336881,0.999991825930133,0.999991825930132,49.41356049578059,0.0,49.97258400045844,0.0,45.595023546886,0.0,45.30166620615852,0.0,0.0,0.0,0.0,0.0,0.0,0.0
10.0,6.94569728486424,0.0040433280712716,0.0040433280713878,0.999991825715685,0.999991825715684,49.41356047598121,0.0,49.972583576998055,0.0,45.59502354178487,0.0,45.301666116326615,0.0,0.0,0.0,0.0,0.0,0.0,0.0
10.0,6.94594729736487,0.0040433811101072,0.0040433811102253,0.99999182550123,0.999991825501229,49.41356045618085,0.0,49.972583153523445,0.0,45.59502353668356,0.0,45.30166602649156,0.0,0.0,0.0,0.0,0.0,0.0,0.0
10.0,6.94619730986549,0.0040434341500807,0.0040434341502006,0.9999918252867668,0.999991825286766,49.413560436379534,0.0,49.9725827300346,0.0,45.59502353158205,0.0,45.30166593665335,0.0,0.0,0.0,0.0,0.0,0.0,0.0
10.0,6.94644732236612,0.0040434871911918,0.0040434871913136,0.9999918250722968,0.999991825072296,49.41356041657725,0.0,49.97258230653153,0.0,45.595023526480354,0.0,45.301665846812,0.0,0.0,0.0,0.0,0.0,0.0,0.0
10.0,6.94669733486674,0.0040435402334407,0.0040435402335643,0.999991824857819,0.999991824857819,49.413560396774,0.0,49.97258188301424,0.0,45.59502352137848,0.0,45.3016657569675,0.0,0.0,0.0,0.0,0.0,0.0,0.0
10.0,6.94694734736737,0.0040435932768271,0.0040435932769526,0.999991824643334,0.999991824643334,49.41356037696976,0.0,49.97258145948271,0.0,45.59502351627642,0.0,45.30166566711986,0.0,0.0,0.0,0.0,0.0,0.0,0.0
10.0,6.94719735986799,0.0040436463213511,0.0040436463214785,0.999991824428842,0.9999918244288412,49.41356035716456,0.0,49.97258103593696,0.0,45.59502351117416,0.0,45.30166557726908,0.0,0.0,0.0,0.0,0.0,0.0,0.0
10.0,6.94744737236862,0.0040436993670127,0.0040436993671419,0.999991824214342,0.999991824214341,49.4135603373584,0.0,49.97258061237698,0.0,45.59502350607173,0.0,45.301665487415136,0.0,0.0,0.0,0.0,0.0,0.0,0.0
10.0,6.947697384869239,0.0040437524138117,0.0040437524139428,0.999991823999835,0.999991823999834,49.41356031755127,0.0,49.97258018880278,0.0,45.59502350096911,0.0,45.30166539755806,0.0,0.0,0.0,0.0,0.0,0.0,0.0
10.0,6.94794739736987,0.0040438054617481,0.0040438054618811,0.99999182378532,0.99999182378532,49.41356029774316,0.0,49.97257976521435,0.0,45.59502349586631,0.0,45.30166530769784,0.0,0.0,0.0,0.0,0.0,0.0,0.0
10.0,6.94819740987049,0.0040438585108219,0.0040438585109567,0.999991823570799,0.999991823570798,49.41356027793408,0.0,49.97257934161169,0.0,45.59502349076331,0.0,45.30166521783448,0.0,0.0,0.0,0.0,0.0,0.0,0.0
10.0,6.94844742237112,0.0040439115610329,0.0040439115611696,0.999991823356269,0.999991823356269,49.41356025812404,0.0,49.9725789179948,0.0,45.59502348566012,0.0,45.30166512796796,0.0,0.0,0.0,0.0,0.0,0.0,0.0
10.0,6.94869743487174,0.0040439646123813,0.0040439646125198,0.999991823141732,0.999991823141732,49.41356023831303,0.0,49.972578494363695,0.0,45.59502348055676,0.0,45.3016650380983,0.0,0.0,0.0,0.0,0.0,0.0,0.0
10.0,6.94894744737237,0.0040440176648668,0.0040440176650072,0.999991822927188,0.999991822927187,49.41356021850105,0.0,49.97257807071836,0.0,45.59502347545321,0.0,45.301664948225486,0.0,0.0,0.0,0.0,0.0,0.0,0.0
10.0,6.94919745987299,0.0040440707184894,0.0040440707186317,0.999991822712636,0.999991822712636,49.4135601986881,0.0,49.9725776470588,0.0,45.595023470349474,0.0,45.30166485834955,0.0,0.0,0.0,0.0,0.0,0.0,0.0
10.0,6.94944747237362,0.0040441237732492,0.0040441237733933,0.999991822498077,0.999991822498077,49.413560178874185,0.0,49.97257722338501,0.0,45.595023465245546,0.0,45.30166476847044,0.0,0.0,0.0,0.0,0.0,0.0,0.0
10.0,6.94969748487424,0.004044176829146,0.004044176829292,0.999991822283511,0.99999182228351,49.41356015905931,0.0,49.97257679969699,0.0,45.59502346014144,0.0,45.3016646785882,0.0,0.0,0.0,0.0,0.0,0.0,0.0
10.0,6.94994749737487,0.0040442298861798,0.0040442298863276,0.999991822068937,0.999991822068936,49.41356013924346,0.0,49.97257637599474,0.0,45.59502345503715,0.0,45.30166458870282,0.0,0.0,0.0,0.0,0.0,0.0,0.0
10.0,6.95019750987549,0.0040442829443505,0.0040442829445002,0.999991821854356,0.999991821854355,49.41356011942663,0.0,49.97257595227829,0.0,45.59502344993266,0.0,45.30166449881428,0.0,0.0,0.0,0.0,0.0,0.0,0.0
10.0,6.95044752237612,0.0040443360036581,0.0040443360038096,0.9999918216397672,0.999991821639766,49.41356009960885,0.0,49.97257552854759,0.0,45.595023444828,0.0,45.3016644089226,0.0,0.0,0.0,0.0,0.0,0.0,0.0
10.0,6.95069753487674,0.0040443890641025,0.0040443890642559,0.999991821425171,0.99999182142517,49.413560079790095,0.0,49.972575104802665,0.0,45.59502343972315,0.0,45.30166431902778,0.0,0.0,0.0,0.0,0.0,0.0,0.0
10.0,6.95094754737737,0.0040444421256837,0.004044442125839,0.9999918212105668,0.9999918212105668,49.413560059970365,0.0,49.972574681043525,0.0,45.595023434618106,0.0,45.30166422912982,0.0,0.0,0.0,0.0,0.0,0.0,0.0
10.0,6.95119755987799,0.0040444951884017,0.0040444951885588,0.999991820995956,0.999991820995956,49.41356004014968,0.0,49.97257425727015,0.0,45.59502342951288,0.0,45.30166413922869,0.0,0.0,0.0,0.0,0.0,0.0,0.0
10.0,6.95144757237862,0.0040445482522563,0.0040445482524152,0.999991820781338,0.999991820781337,49.41356002032802,0.0,49.97257383348256,0.0,45.595023424407465,0.0,45.30166404932445,0.0,0.0,0.0,0.0,0.0,0.0,0.0
10.0,6.95169758487924,0.0040446013172475,0.0040446013174083,0.999991820566712,0.999991820566712,49.4135600005054,0.0,49.972573409680734,0.0,45.59502341930186,0.0,45.30166395941704,0.0,0.0,0.0,0.0,0.0,0.0,0.0
10.0,6.95194759737987,0.0040446543833752,0.0040446543835379,0.9999918203520792,0.9999918203520792,49.41355998068181,0.0,49.97257298586469,0.0,45.595023414196085,0.0,45.30166386950648,0.0,0.0,0.0,0.0,0.0,0.0,0.0
10.0,6.95219760988049,0.0040447074506395,0.004044707450804,0.999991820137438,0.999991820137438,49.41355996085726,0.0,49.972572562034415,0.0,45.59502340909011,0.0,45.30166377959279,0.0,0.0,0.0,0.0,0.0,0.0,0.0
10.0,6.95244762238112,0.0040447605190403,0.0040447605192066,0.999991819922791,0.99999181992279,49.413559941031735,0.0,49.97257213818992,0.0,45.59502340398396,0.0,45.30166368967596,0.0,0.0,0.0,0.0,0.0,0.0,0.0
10.0,6.95269763488174,0.0040448135885774,0.0040448135887456,0.999991819708135,0.999991819708134,49.41355992120525,0.0,49.9725717143312,0.0,45.595023398877615,0.0,45.30166359975596,0.0,0.0,0.0,0.0,0.0,0.0,0.0
10.0,6.95294764738237,0.0040448666592509,0.004044866659421,0.9999918194934722,0.9999918194934722,49.41355990137779,0.0,49.97257129045825,0.0,45.595023393771086,0.0,45.30166350983284,0.0,0.0,0.0,0.0,0.0,0.0,0.0
10.0,6.95319765988299,0.0040449197310607,0.0040449197312326,0.999991819278802,0.999991819278801,49.41355988154936,0.0,49.97257086657108,0.0,45.59502338866437,0.0,45.30166341990656,0.0,0.0,0.0,0.0,0.0,0.0,0.0
10.0,6.95344767238362,0.0040449728040068,0.0040449728041805,0.9999918190641242,0.9999918190641242,49.413559861719975,0.0,49.972570442669685,0.0,45.59502338355748,0.0,45.30166332997714,0.0,0.0,0.0,0.0,0.0,0.0,0.0
10.0,6.95369768488424,0.004045025878089,0.0040450258782646,0.999991818849439,0.999991818849439,49.41355984188962,0.0,49.97257001875407,0.0,45.59502337845039,0.0,45.30166324004457,0.0,0.0,0.0,0.0,0.0,0.0,0.0
10.0,6.95394769738487,0.0040450789533074,0.0040450789534849,0.999991818634747,0.999991818634746,49.4135598220583,0.0,49.972569594824215,0.0,45.59502337334312,0.0,45.30166315010886,0.0,0.0,0.0,0.0,0.0,0.0,0.0
10.0,6.95419770988549,0.0040451320296619,0.0040451320298412,0.999991818420047,0.999991818420046,49.41355980222602,0.0,49.97256917088016,0.0,45.59502336823566,0.0,45.30166306017001,0.0,0.0,0.0,0.0,0.0,0.0,0.0
10.0,6.95444772238612,0.0040451851071524,0.0040451851073335,0.999991818205339,0.999991818205339,49.41355978239276,0.0,49.972568746921866,0.0,45.59502336312802,0.0,45.301662970228,0.0,0.0,0.0,0.0,0.0,0.0,0.0
10.0,6.95469773488674,0.0040452381857789,0.0040452381859619,0.999991817990625,0.999991817990624,49.41355976255856,0.0,49.97256832294935,0.0,45.595023358020185,0.0,45.301662880282855,0.0,0.0,0.0,0.0,0.0,0.0,0.0
10.0,6.95494774738737,0.0040452912655413,0.0040452912657261,0.999991817775903,0.999991817775902,49.41355974272337,0.0,49.97256789896261,0.0,45.595023352912165,0.0,45.30166279033456,0.0,0.0,0.0,0.0,0.0,0.0,0.0
10.0,6.95519775988799,0.0040453443464396,0.0040453443466263,0.999991817561173,0.999991817561173,49.41355972288722,0.0,49.97256747496164,0.0,45.59502334780397,0.0,45.301662700383126,0.0,0.0,0.0,0.0,0.0,0.0,0.0
10.0,6.95544777238862,0.0040453974284738,0.0040453974286623,0.999991817346436,0.9999918173464348,49.41355970305011,0.0,49.97256705094646,0.0,45.59502334269558,0.0,45.30166261042854,0.0,0.0,0.0,0.0,0.0,0.0,0.0
10.0,6.95569778488924,0.0040454505116437,0.004045450511834,0.999991817131692,0.999991817131691,49.41355968321204,0.0,49.97256662691705,0.0,45.59502333758701,0.0,45.30166252047081,0.0,0.0,0.0,0.0,0.0,0.0,0.0
10.0,6.95594779738987,0.0040455035959493,0.0040455035961415,0.99999181691694,0.999991816916939,49.41355966337299,0.0,49.972566202873416,0.0,45.59502333247825,0.0,45.30166243050994,0.0,0.0,0.0,0.0,0.0,0.0,0.0
10.0,6.95619780989049,0.0040455566813906,0.0040455566815846,0.999991816702181,0.99999181670218,49.41355964353298,0.0,49.97256577881556,0.0,45.5950233273693,0.0,45.30166234054592,0.0,0.0,0.0,0.0,0.0,0.0,0.0
10.0,6.95644782239112,0.0040456097679675,0.0040456097681633,0.999991816487414,0.999991816487413,49.41355962369202,0.0,49.97256535474347,0.0,45.59502332226017,0.0,45.30166225057876,0.0,0.0,0.0,0.0,0.0,0.0,0.0
10.0,6.95669783489174,0.0040456628556799,0.0040456628558776,0.99999181627264,0.9999918162726388,49.41355960385008,0.0,49.97256493065717,0.0,45.59502331715085,0.0,45.30166216060845,0.0,0.0,0.0,0.0,0.0,0.0,0.0
10.0,6.95694784739237,0.0040457159445279,0.0040457159447274,0.999991816057858,0.999991816057858,49.41355958400718,0.0,49.97256450655664,0.0,45.59502331204136,0.0,45.301662070635,0.0,0.0,0.0,0.0,0.0,0.0,0.0
10.0,6.95719785989299,0.0040457690345113,0.0040457690347127,0.99999181584307,0.999991815843069,49.41355956416332,0.0,49.97256408244189,0.0,45.59502330693167,0.0,45.3016619806584,0.0,0.0,0.0,0.0,0.0,0.0,0.0
10.0,6.95744787239362,0.0040458221256301,0.0040458221258333,0.999991815628273,0.999991815628273,49.41355954431848,0.0,49.97256365831292,0.0,45.59502330182178,0.0,45.30166189067866,0.0,0.0,0.0,0.0,0.0,0.0,0.0
10.0,6.95769788489425,0.0040458752178843,0.0040458752180893,0.99999181541347,0.999991815413469,49.41355952447269,0.0,49.972563234169726,0.0,45.59502329671173,0.0,45.30166180069576,0.0,0.0,0.0,0.0,0.0,0.0,0.0
10.0,6.957947897394871,0.0040459283112738,0.0040459283114806,0.999991815198659,0.999991815198658,49.41355950462594,0.0,49.97256281001231,0.0,45.59502329160148,0.0,45.30166171070974,0.0,0.0,0.0,0.0,0.0,0.0,0.0
10.0,6.95819790989549,0.0040459814057985,0.0040459814060072,0.99999181498384,0.999991814983839,49.41355948477822,0.0,49.97256238584066,0.0,45.59502328649104,0.0,45.30166162072055,0.0,0.0,0.0,0.0,0.0,0.0,0.0
10.0,6.95844792239612,0.0040460345014584,0.0040460345016689,0.999991814769014,0.999991814769014,49.413559464929534,0.0,49.9725619616548,0.0,45.59502328138043,0.0,45.30166153072823,0.0,0.0,0.0,0.0,0.0,0.0,0.0
10.0,6.95869793489674,0.0040460875982534,0.0040460875984658,0.999991814554181,0.99999181455418,49.4135594450799,0.0,49.97256153745472,0.0,45.595023276269615,0.0,45.30166144073276,0.0,0.0,0.0,0.0,0.0,0.0,0.0
10.0,6.95894794739737,0.0040461406961835,0.0040461406963978,0.99999181433934,0.999991814339339,49.41355942522929,0.0,49.97256111324041,0.0,45.595023271158624,0.0,45.30166135073414,0.0,0.0,0.0,0.0,0.0,0.0,0.0
10.0,6.959197959898,0.0040461937952487,0.0040461937954647,0.999991814124492,0.999991814124491,49.41355940537771,0.0,49.97256068901187,0.0,45.59502326604745,0.0,45.30166126073239,0.0,0.0,0.0,0.0,0.0,0.0,0.0
10.0,6.95944797239862,0.0040462468954488,0.0040462468956667,0.999991813909636,0.999991813909636,49.413559385525176,0.0,49.97256026476912,0.0,45.59502326093609,0.0,45.30166117072748,0.0,0.0,0.0,0.0,0.0,0.0,0.0
10.0,6.95969798489924,0.0040462999967839,0.0040462999970036,0.9999918136947732,0.9999918136947732,49.41355936567168,0.0,49.97255984051215,0.0,45.595023255824536,0.0,45.30166108071944,0.0,0.0,0.0,0.0,0.0,0.0,0.0
10.0,6.95994799739987,0.0040463530992538,0.0040463530994754,0.999991813479903,0.999991813479902,49.41355934581722,0.0,49.97255941624096,0.0,45.5950232507128,0.0,45.30166099070824,0.0,0.0,0.0,0.0,0.0,0.0,0.0
10.0,6.9601980099005,0.0040464062028586,0.004046406203082,0.9999918132650248,0.9999918132650248,49.41355932596179,0.0,49.97255899195554,0.0,45.59502324560087,0.0,45.3016609006939,0.0,0.0,0.0,0.0,0.0,0.0,0.0
10.0,6.96044802240112,0.0040464593075981,0.0040464593078233,0.99999181305014,0.999991813050139,49.41355930610541,0.0,49.9725585676559,0.0,45.59502324048877,0.0,45.30166081067642,0.0,0.0,0.0,0.0,0.0,0.0,0.0
10.0,6.96069803490174,0.0040465124134724,0.0040465124136994,0.999991812835247,0.999991812835247,49.41355928624807,0.0,49.97255814334204,0.0,45.59502323537647,0.0,45.30166072065579,0.0,0.0,0.0,0.0,0.0,0.0,0.0
10.0,6.96094804740237,0.0040465655204813,0.0040465655207101,0.999991812620347,0.999991812620347,49.41355926638976,0.0,49.97255771901396,0.0,45.59502323026399,0.0,45.301660630632014,0.0,0.0,0.0,0.0,0.0,0.0,0.0
10.0,6.961198059903,0.0040466186286248,0.0040466186288555,0.99999181240544,0.999991812405439,49.41355924653048,0.0,49.972557294671645,0.0,45.59502322515133,0.0,45.3016605406051,0.0,0.0,0.0,0.0,0.0,0.0,0.0
10.0,6.96144807240362,0.0040466717379029,0.0040466717381354,0.999991812190525,0.999991812190524,49.41355922667025,0.0,49.97255687031512,0.0,45.59502322003848,0.0,45.30166045057504,0.0,0.0,0.0,0.0,0.0,0.0,0.0
10.0,6.96169808490425,0.0040467248483155,0.0040467248485498,0.9999918119756032,0.9999918119756022,49.413559206809055,0.0,49.97255644594439,0.0,45.59502321492545,0.0,45.301660360541824,0.0,0.0,0.0,0.0,0.0,0.0,0.0
10.0,6.96194809740487,0.0040467779598625,0.0040467779600986,0.999991811760673,0.999991811760672,49.4135591869469,0.0,49.97255602155942,0.0,45.59502320981222,0.0,45.301660270505465,0.0,0.0,0.0,0.0,0.0,0.0,0.0
10.0,6.96219810990549,0.0040468310725439,0.0040468310727819,0.999991811545736,0.999991811545735,49.413559167083775,0.0,49.97255559716023,0.0,45.59502320469881,0.0,45.301660180465966,0.0,0.0,0.0,0.0,0.0,0.0,0.0
10.0,6.96244812240612,0.0040468841863597,0.0040468841865995,0.999991811330791,0.999991811330791,49.41355914721971,0.0,49.972555172746816,0.0,45.595023199585206,0.0,45.301660090423326,0.0,0.0,0.0,0.0,0.0,0.0,0.0
10.0,6.96269813490675,0.0040469373013098,0.0040469373015514,0.999991811115839,0.999991811115839,49.41355912735466,0.0,49.97255474831919,0.0,45.59502319447143,0.0,45.30166000037754,0.0,0.0,0.0,0.0,0.0,0.0,0.0
10.0,6.96294814740737,0.0040469904173941,0.0040469904176375,0.99999181090088,0.99999181090088,49.41355910748866,0.0,49.97255432387734,0.0,45.595023189357455,0.0,45.30165991032861,0.0,0.0,0.0,0.0,0.0,0.0,0.0
10.0,6.963198159908,0.0040470435346126,0.0040470435348579,0.999991810685913,0.999991810685913,49.41355908762169,0.0,49.97255389942127,0.0,45.59502318424331,0.0,45.30165982027653,0.0,0.0,0.0,0.0,0.0,0.0,0.0
10.0,6.96344817240862,0.0040470966529652,0.0040470966532123,0.999991810470939,0.999991810470939,49.41355906775377,0.0,49.97255347495098,0.0,45.595023179128965,0.0,45.3016597302213,0.0,0.0,0.0,0.0,0.0,0.0,0.0
10.0,6.96369818490925,0.0040471497724519,0.0040471497727008,0.999991810255958,0.999991810255957,49.41355904788488,0.0,49.97255305046648,0.0,45.59502317401444,0.0,45.30165964016294,0.0,0.0,0.0,0.0,0.0,0.0,0.0
10.0,6.96394819740987,0.0040472028930727,0.0040472028933234,0.999991810040969,0.999991810040968,49.41355902801504,0.0,49.972552625967744,0.0,45.59502316889973,0.0,45.30165955010143,0.0,0.0,0.0,0.0,0.0,0.0,0.0
10.0,6.9641982099105,0.0040472560148274,0.00404725601508,0.999991809825972,0.999991809825972,49.41355900814423,0.0,49.97255220145479,0.0,45.59502316378482,0.0,45.30165946003677,0.0,0.0,0.0,0.0,0.0,0.0,0.0
10.0,6.96444822241112,0.004047309137716,0.0040473091379704,0.999991809610968,0.999991809610968,49.41355898827248,0.0,49.97255177692762,0.0,45.59502315866975,0.0,45.30165936996897,0.0,0.0,0.0,0.0,0.0,0.0,0.0
10.0,6.96469823491175,0.0040473622617386,0.0040473622619948,0.9999918093959568,0.9999918093959568,49.41355896839975,0.0,49.97255135238623,0.0,45.59502315355448,0.0,45.30165927989802,0.0,0.0,0.0,0.0,0.0,0.0,0.0
10.0,6.96494824741237,0.0040474153868949,0.0040474153871529,0.999991809180939,0.999991809180938,49.41355894852607,0.0,49.97255092783063,0.0,45.59502314843903,0.0,45.30165918982392,0.0,0.0,0.0,0.0,0.0,0.0,0.0
10.0,6.965198259913,0.004047468513185,0.0040474685134448,0.999991808965913,0.999991808965912,49.41355892865141,0.0,49.972550503260784,0.0,45.59502314332338,0.0,45.301659099746686,0.0,0.0,0.0,0.0,0.0,0.0,0.0
10.0,6.96544827241362,0.0040475216406088,0.0040475216408705,0.999991808750879,0.999991808750878,49.41355890877581,0.0,49.97255007867675,0.0,45.59502313820755,0.0,45.30165900966631,0.0,0.0,0.0,0.0,0.0,0.0,0.0
10.0,6.96569828491425,0.0040475747691663,0.0040475747694298,0.999991808535838,0.999991808535838,49.413558888899246,0.0,49.97254965407848,0.0,45.59502313309154,0.0,45.30165891958279,0.0,0.0,0.0,0.0,0.0,0.0,0.0
10.0,6.96594829741487,0.0040476278988574,0.0040476278991227,0.99999180832079,0.999991808320789,49.41355886902172,0.0,49.97254922946599,0.0,45.59502312797535,0.0,45.30165882949611,0.0,0.0,0.0,0.0,0.0,0.0,0.0
10.0,6.9661983099155,0.004047681029682,0.0040476810299491,0.999991808105734,0.999991808105734,49.41355884914323,0.0,49.97254880483928,0.0,45.59502312285896,0.0,45.3016587394063,0.0,0.0,0.0,0.0,0.0,0.0,0.0
10.0,6.96644832241612,0.0040477341616402,0.0040477341619091,0.999991807890671,0.99999180789067,49.41355882926379,0.0,49.97254838019835,0.0,45.59502311774238,0.0,45.30165864931333,0.0,0.0,0.0,0.0,0.0,0.0,0.0
10.0,6.96669833491675,0.0040477872947318,0.0040477872950025,0.999991807675601,0.9999918076756,49.41355880938339,0.0,49.972547955543206,0.0,45.59502311262562,0.0,45.30165855921723,0.0,0.0,0.0,0.0,0.0,0.0,0.0
10.0,6.96694834741737,0.0040478404289568,0.0040478404292293,0.999991807460523,0.999991807460522,49.41355878950203,0.0,49.97254753087385,0.0,45.59502310750867,0.0,45.30165846911798,0.0,0.0,0.0,0.0,0.0,0.0,0.0
10.0,6.967198359918,0.0040478935643151,0.0040478935645894,0.999991807245438,0.999991807245437,49.41355876961971,0.0,49.97254710619026,0.0,45.59502310239154,0.0,45.30165837901559,0.0,0.0,0.0,0.0,0.0,0.0,0.0
10.0,6.96744837241862,0.0040479467008067,0.0040479467010829,0.999991807030345,0.999991807030344,49.41355874973643,0.0,49.97254668149246,0.0,45.59502309727424,0.0,45.30165828891004,0.0,0.0,0.0,0.0,0.0,0.0,0.0
10.0,6.96769838491925,0.0040479998384316,0.0040479998387095,0.999991806815244,0.999991806815244,49.4135587298522,0.0,49.97254625678044,0.0,45.59502309215674,0.0,45.30165819880136,0.0,0.0,0.0,0.0,0.0,0.0,0.0
10.0,6.96794839741987,0.0040480529771896,0.0040480529774694,0.999991806600137,0.999991806600136,49.413558709967,0.0,49.9725458320542,0.0,45.59502308703904,0.0,45.30165810868954,0.0,0.0,0.0,0.0,0.0,0.0,0.0
10.0,6.9681984099205,0.0040481061170808,0.0040481061173624,0.999991806385022,0.999991806385021,49.41355869008084,0.0,49.97254540731374,0.0,45.59502308192116,0.0,45.30165801857456,0.0,0.0,0.0,0.0,0.0,0.0,0.0
10.0,6.96844842242112,0.0040481592581051,0.0040481592583885,0.9999918061698992,0.9999918061698992,49.41355867019373,0.0,49.97254498255907,0.0,45.5950230768031,0.0,45.30165792845644,0.0,0.0,0.0,0.0,0.0,0.0,0.0
10.0,6.96869843492175,0.0040482124002624,0.0040482124005476,0.99999180595477,0.999991805954769,49.41355865030565,0.0,49.97254455779018,0.0,45.59502307168486,0.0,45.30165783833517,0.0,0.0,0.0,0.0,0.0,0.0,0.0
10.0,6.9689484474223695,0.0040482655435526,0.0040482655438396,0.999991805739633,0.999991805739632,49.413558630416624,0.0,49.97254413300706,0.0,45.595023066566434,0.0,45.301657748210765,0.0,0.0,0.0,0.0,0.0,0.0,0.0
10.0,6.969198459923,0.0040483186879758,0.0040483186882646,0.999991805524488,0.999991805524487,49.41355861052664,0.0,49.97254370820973,0.0,45.59502306144781,0.0,45.301657658083215,0.0,0.0,0.0,0.0,0.0,0.0,0.0
10.0,6.96944847242362,0.0040483718335319,0.0040483718338225,0.999991805309336,0.999991805309335,49.4135585906357,0.0,49.97254328339819,0.0,45.59502305632901,0.0,45.301657567952525,0.0,0.0,0.0,0.0,0.0,0.0,0.0
10.0,6.96969848492425,0.0040484249802207,0.0040484249805132,0.999991805094176,0.999991805094176,49.4135585707438,0.0,49.972542858572425,0.0,45.59502305121001,0.0,45.30165747781868,0.0,0.0,0.0,0.0,0.0,0.0,0.0
10.0,6.96994849742487,0.0040484781280424,0.0040484781283366,0.99999180487901,0.999991804879009,49.41355855085094,0.0,49.97254243373244,0.0,45.59502304609084,0.0,45.30165738768169,0.0,0.0,0.0,0.0,0.0,0.0,0.0
10.0,6.9701985099255,0.0040485312769967,0.0040485312772928,0.9999918046638352,0.9999918046638352,49.41355853095713,0.0,49.97254200887824,0.0,45.59502304097147,0.0,45.30165729754157,0.0,0.0,0.0,0.0,0.0,0.0,0.0
10.0,6.97044852242612,0.0040485844270837,0.0040485844273816,0.9999918044486532,0.9999918044486532,49.41355851106235,0.0,49.97254158400983,0.0,45.59502303585193,0.0,45.301657207398286,0.0,0.0,0.0,0.0,0.0,0.0,0.0
10.0,6.97069853492675,0.0040486375783033,0.004048637578603,0.999991804233465,0.999991804233464,49.41355849116662,0.0,49.97254115912719,0.0,45.59502303073219,0.0,45.30165711725187,0.0,0.0,0.0,0.0,0.0,0.0,0.0
10.0,6.97094854742737,0.0040486907306555,0.0040486907309569,0.999991804018268,0.9999918040182671,49.41355847126993,0.0,49.97254073423034,0.0,45.59502302561228,0.0,45.3016570271023,0.0,0.0,0.0,0.0,0.0,0.0,0.0
10.0,6.971198559928,0.0040487438841402,0.0040487438844434,0.999991803803064,0.999991803803064,49.41355845137229,0.0,49.972540309319264,0.0,45.59502302049216,0.0,45.3016569369496,0.0,0.0,0.0,0.0,0.0,0.0,0.0
10.0,6.97144857242862,0.0040487970387573,0.0040487970390623,0.999991803587853,0.999991803587852,49.41355843147369,0.0,49.97253988439398,0.0,45.59502301537187,0.0,45.30165684679374,0.0,0.0,0.0,0.0,0.0,0.0,0.0
10.0,6.97169858492925,0.0040488501945068,0.0040488501948136,0.999991803372634,0.999991803372633,49.41355841157412,0.0,49.97253945945448,0.0,45.5950230102514,0.0,45.30165675663474,0.0,0.0,0.0,0.0,0.0,0.0,0.0
10.0,6.97194859742987,0.0040489033513886,0.0040489033516973,0.999991803157408,0.999991803157407,49.41355839167361,0.0,49.97253903450076,0.0,45.59502300513073,0.0,45.3016566664726,0.0,0.0,0.0,0.0,0.0,0.0,0.0
10.0,6.9721986099305004,0.0040489565094028,0.0040489565097132,0.999991802942174,0.999991802942174,49.41355837177214,0.0,49.972538609532826,0.0,45.59502300000988,0.0,45.30165657630732,0.0,0.0,0.0,0.0,0.0,0.0,0.0
10.0,6.97244862243112,0.0040490096685491,0.0040490096688614,0.9999918027269332,0.9999918027269332,49.413558351869725,0.0,49.97253818455067,0.0,45.59502299488884,0.0,45.30165648613888,0.0,0.0,0.0,0.0,0.0,0.0,0.0
10.0,6.97269863493175,0.0040490628288277,0.0040490628291418,0.999991802511685,0.999991802511684,49.41355833196634,0.0,49.9725377595543,0.0,45.59502298976763,0.0,45.30165639596731,0.0,0.0,0.0,0.0,0.0,0.0,0.0
10.0,6.97294864743237,0.0040491159902384,0.0040491159905542,0.999991802296429,0.999991802296429,49.41355831206201,0.0,49.97253733454372,0.0,45.59502298464622,0.0,45.30165630579259,0.0,0.0,0.0,0.0,0.0,0.0,0.0
10.0,6.973198659933,0.0040491691527812,0.0040491691530988,0.999991802081166,0.999991802081166,49.41355829215671,0.0,49.97253690951892,0.0,45.59502297952462,0.0,45.30165621561473,0.0,0.0,0.0,0.0,0.0,0.0,0.0
10.0,6.97344867243362,0.004049222316456,0.0040492223167754,0.999991801865896,0.999991801865895,49.413558272250455,0.0,49.9725364844799,0.0,45.595022974402845,0.0,45.30165612543371,0.0,0.0,0.0,0.0,0.0,0.0,0.0
10.0,6.973698684934251,0.0040492754812627,0.004049275481584,0.999991801650617,0.999991801650617,49.41355825234325,0.0,49.97253605942667,0.0,45.59502296928088,0.0,45.30165603524956,0.0,0.0,0.0,0.0,0.0,0.0,0.0
10.0,6.97394869743487,0.0040493286472014,0.0040493286475244,0.999991801435332,0.999991801435332,49.413558232435086,0.0,49.97253563435922,0.0,45.59502296415872,0.0,45.30165594506226,0.0,0.0,0.0,0.0,0.0,0.0,0.0
10.0,6.9741987099355,0.004049381814272,0.0040493818145968,0.999991801220039,0.999991801220039,49.41355821252598,0.0,49.97253520927755,0.0,45.59502295903639,0.0,45.30165585487182,0.0,0.0,0.0,0.0,0.0,0.0,0.0
10.0,6.9744487224361205,0.0040494349824744,0.004049434982801,0.999991801004739,0.999991801004738,49.4135581926159,0.0,49.97253478418167,0.0,45.59502295391386,0.0,45.30165576467823,0.0,0.0,0.0,0.0,0.0,0.0,0.0
10.0,6.97469873493675,0.0040494881518085,0.0040494881521369,0.999991800789431,0.999991800789431,49.41355817270488,0.0,49.97253435907157,0.0,45.59502294879115,0.0,45.3016556744815,0.0,0.0,0.0,0.0,0.0,0.0,0.0
10.0,6.97494874743737,0.0040495413222743,0.0040495413226045,0.999991800574116,0.999991800574116,49.4135581527929,0.0,49.97253393394726,0.0,45.59502294366825,0.0,45.30165558428162,0.0,0.0,0.0,0.0,0.0,0.0,0.0
10.0,6.975198759938,0.0040495944938718,0.0040495944942038,0.999991800358794,0.999991800358793,49.41355813287997,0.0,49.97253350880873,0.0,45.59502293854516,0.0,45.3016554940786,0.0,0.0,0.0,0.0,0.0,0.0,0.0
10.0,6.97544877243862,0.0040496476666009,0.0040496476669347,0.999991800143464,0.999991800143463,49.41355811296608,0.0,49.97253308365599,0.0,45.595022933421895,0.0,45.30165540387244,0.0,0.0,0.0,0.0,0.0,0.0,0.0
10.0,6.97569878493925,0.0040497008404616,0.0040497008407972,0.999991799928127,0.999991799928126,49.41355809305124,0.0,49.97253265848904,0.0,45.59502292829845,0.0,45.30165531366313,0.0,0.0,0.0,0.0,0.0,0.0,0.0
10.0,6.97594879743987,0.0040497540154538,0.0040497540157911,0.999991799712782,0.999991799712781,49.41355807313544,0.0,49.97253223330786,0.0,45.5950229231748,0.0,45.30165522345067,0.0,0.0,0.0,0.0,0.0,0.0,0.0
10.0,6.9761988099405,0.0040498071915774,0.0040498071919165,0.99999179949743,0.999991799497429,49.41355805321868,0.0,49.97253180811247,0.0,45.59502291805097,0.0,45.30165513323508,0.0,0.0,0.0,0.0,0.0,0.0,0.0
10.0,6.97644882244112,0.0040498603688324,0.0040498603691733,0.99999179928207,0.99999179928207,49.41355803330098,0.0,49.97253138290287,0.0,45.59502291292696,0.0,45.30165504301633,0.0,0.0,0.0,0.0,0.0,0.0,0.0
10.0,6.97669883494175,0.0040499135472187,0.0040499135475614,0.999991799066703,0.999991799066703,49.41355801338233,0.0,49.972530957679055,0.0,45.595022907802765,0.0,45.30165495279446,0.0,0.0,0.0,0.0,0.0,0.0,0.0
10.0,6.97694884744237,0.0040499667267363,0.0040499667270808,0.9999917988513292,0.9999917988513282,49.4135579934627,0.0,49.97253053244102,0.0,45.59502290267838,0.0,45.30165486256942,0.0,0.0,0.0,0.0,0.0,0.0,0.0
10.0,6.977198859943,0.0040500199073852,0.0040500199077315,0.999991798635947,0.999991798635947,49.41355797354214,0.0,49.97253010718877,0.0,45.59502289755381,0.0,45.30165477234125,0.0,0.0,0.0,0.0,0.0,0.0,0.0
10.0,6.97744887244362,0.0040500730891652,0.0040500730895133,0.999991798420558,0.999991798420557,49.41355795362062,0.0,49.9725296819223,0.0,45.59502289242906,0.0,45.30165468210993,0.0,0.0,0.0,0.0,0.0,0.0,0.0
10.0,6.977698884944249,0.0040501262720764,0.0040501262724263,0.999991798205162,0.999991798205161,49.41355793369815,0.0,49.97252925664163,0.0,45.59502288730411,0.0,45.301654591875455,0.0,0.0,0.0,0.0,0.0,0.0,0.0
10.0,6.97794889744487,0.0040501794561187,0.0040501794564703,0.999991797989758,0.999991797989757,49.41355791377472,0.0,49.972528831346736,0.0,45.595022882178974,0.0,45.30165450163785,0.0,0.0,0.0,0.0,0.0,0.0,0.0
10.0,6.9781989099455,0.0040502326412919,0.0040502326416454,0.999991797774346,0.999991797774346,49.41355789385034,0.0,49.97252840603764,0.0,45.59502287705366,0.0,45.3016544113971,0.0,0.0,0.0,0.0,0.0,0.0,0.0
10.0,6.97844892244612,0.0040502858275962,0.0040502858279514,0.999991797558927,0.999991797558927,49.413557873925,0.0,49.97252798071432,0.0,45.595022871928165,0.0,45.30165432115321,0.0,0.0,0.0,0.0,0.0,0.0,0.0
10.0,6.97869893494675,0.0040503390150313,0.0040503390153883,0.9999917973435012,0.9999917973435,49.41355785399872,0.0,49.97252755537679,0.0,45.59502286680247,0.0,45.301654230906166,0.0,0.0,0.0,0.0,0.0,0.0,0.0
10.0,6.97894894744737,0.0040503922035974,0.0040503922039562,0.999991797128067,0.999991797128067,49.41355783407148,0.0,49.97252713002504,0.0,45.59502286167661,0.0,45.301654140655984,0.0,0.0,0.0,0.0,0.0,0.0,0.0
10.0,6.979198959948001,0.0040504453932942,0.0040504453936548,0.999991796912627,0.999991796912626,49.41355781414329,0.0,49.97252670465909,0.0,45.59502285655054,0.0,45.301654050402654,0.0,0.0,0.0,0.0,0.0,0.0,0.0
10.0,6.97944897244862,0.0040504985841218,0.0040504985844842,0.999991796697178,0.999991796697177,49.41355779421415,0.0,49.97252627927891,0.0,45.5950228514243,0.0,45.301653960146176,0.0,0.0,0.0,0.0,0.0,0.0,0.0
10.0,6.97969898494925,0.0040505517760802,0.0040505517764443,0.999991796481722,0.999991796481721,49.41355777428405,0.0,49.97252585388452,0.0,45.595022846297866,0.0,45.30165386988656,0.0,0.0,0.0,0.0,0.0,0.0,0.0
10.0,6.979948997449869,0.0040506049691691,0.004050604969535,0.999991796266259,0.999991796266258,49.41355775435301,0.0,49.97252542847592,0.0,45.59502284117125,0.0,45.3016537796238,0.0,0.0,0.0,0.0,0.0,0.0,0.0
10.0,6.9801990099505,0.0040506581633887,0.0040506581637564,0.999991796050788,0.999991796050788,49.413557734421,0.0,49.9725250030531,0.0,45.59502283604444,0.0,45.30165368935789,0.0,0.0,0.0,0.0,0.0,0.0,0.0
10.0,6.98044902245112,0.0040507113587389,0.0040507113591083,0.99999179583531,0.99999179583531,49.41355771448805,0.0,49.97252457761608,0.0,45.59502283091746,0.0,45.30165359908884,0.0,0.0,0.0,0.0,0.0,0.0,0.0
10.0,6.98069903495175,0.0040507645552195,0.0040507645555907,0.999991795619825,0.999991795619824,49.41355769455414,0.0,49.97252415216484,0.0,45.59502282579028,0.0,45.30165350881664,0.0,0.0,0.0,0.0,0.0,0.0,0.0
10.0,6.98094904745237,0.0040508177528306,0.0040508177532036,0.999991795404332,0.9999917954043313,49.41355767461929,0.0,49.97252372669938,0.0,45.59502282066292,0.0,45.30165341854131,0.0,0.0,0.0,0.0,0.0,0.0,0.0
10.0,6.981199059953,0.004050870951572,0.0040508709519468,0.999991795188831,0.999991795188831,49.41355765468348,0.0,49.97252330121973,0.0,45.595022815535366,0.0,45.30165332826282,0.0,0.0,0.0,0.0,0.0,0.0,0.0
10.0,6.98144907245362,0.0040509241514438,0.0040509241518204,0.999991794973324,0.999991794973323,49.41355763474672,0.0,49.97252287572584,0.0,45.595022810407634,0.0,45.30165323798119,0.0,0.0,0.0,0.0,0.0,0.0,0.0
10.0,6.98169908495425,0.0040509773524459,0.0040509773528242,0.999991794757809,0.999991794757808,49.413557614809015,0.0,49.97252245021775,0.0,45.595022805279726,0.0,45.30165314769643,0.0,0.0,0.0,0.0,0.0,0.0,0.0
10.0,6.98194909745487,0.0040510305545783,0.0040510305549583,0.999991794542286,0.999991794542286,49.41355759487036,0.0,49.97252202469544,0.0,45.59502280015161,0.0,45.30165305740851,0.0,0.0,0.0,0.0,0.0,0.0,0.0
10.0,6.9821991099555,0.0040510837578408,0.0040510837582226,0.999991794326756,0.999991794326756,49.41355757493074,0.0,49.97252159915893,0.0,45.595022795023326,0.0,45.30165296711745,0.0,0.0,0.0,0.0,0.0,0.0,0.0
10.0,6.98244912245612,0.0040511369622334,0.004051136962617,0.999991794111219,0.999991794111218,49.41355755499018,0.0,49.9725211736082,0.0,45.59502278989484,0.0,45.30165287682325,0.0,0.0,0.0,0.0,0.0,0.0,0.0
10.0,6.98269913495675,0.0040511901677561,0.0040511901681415,0.999991793895674,0.999991793895673,49.41355753504867,0.0,49.97252074804326,0.0,45.59502278476618,0.0,45.30165278652589,0.0,0.0,0.0,0.0,0.0,0.0,0.0
10.0,6.98294914745737,0.0040512433744089,0.004051243374796,0.999991793680122,0.9999917936801208,49.413557515106206,0.0,49.9725203224641,0.0,45.59502277963733,0.0,45.3016526962254,0.0,0.0,0.0,0.0,0.0,0.0,0.0
10.0,6.983199159958,0.0040512965821916,0.0040512965825805,0.999991793464562,0.999991793464562,49.41355749516279,0.0,49.972519896870736,0.0,45.5950227745083,0.0,45.30165260592177,0.0,0.0,0.0,0.0,0.0,0.0,0.0
10.0,6.98344917245862,0.0040513497911042,0.0040513497914949,0.999991793248995,0.999991793248995,49.413557475218425,0.0,49.97251947126316,0.0,45.59502276937908,0.0,45.30165251561499,0.0,0.0,0.0,0.0,0.0,0.0,0.0
10.0,6.98369918495925,0.0040514030011467,0.0040514030015392,0.999991793033421,0.99999179303342,49.41355745527311,0.0,49.97251904564137,0.0,45.59502276424966,0.0,45.301652425305065,0.0,0.0,0.0,0.0,0.0,0.0,0.0
10.0,6.98394919745987,0.004051456212319,0.0040514562127133,0.999991792817839,0.999991792817838,49.41355743532685,0.0,49.972518620005374,0.0,45.59502275912007,0.0,45.30165233499199,0.0,0.0,0.0,0.0,0.0,0.0,0.0
10.0,6.9841992099605,0.0040515094246211,0.0040515094250171,0.99999179260225,0.999991792602249,49.41355741537963,0.0,49.97251819435515,0.0,45.59502275399029,0.0,45.301652244675786,0.0,0.0,0.0,0.0,0.0,0.0,0.0
10.0,6.98444922246112,0.0040515626380529,0.0040515626384507,0.999991792386653,0.999991792386652,49.41355739543146,0.0,49.97251776869073,0.0,45.59502274886032,0.0,45.30165215435643,0.0,0.0,0.0,0.0,0.0,0.0,0.0
10.0,6.98469923496175,0.0040516158526143,0.0040516158530139,0.999991792171049,0.999991792171048,49.41355737548235,0.0,49.9725173430121,0.0,45.595022743730176,0.0,45.30165206403393,0.0,0.0,0.0,0.0,0.0,0.0,0.0
10.0,6.98494924746237,0.0040516690683054,0.0040516690687067,0.999991791955438,0.999991791955437,49.41355735553229,0.0,49.97251691731925,0.0,45.59502273859983,0.0,45.30165197370828,0.0,0.0,0.0,0.0,0.0,0.0,0.0
10.0,6.985199259963,0.004051722285126,0.0040517222855291,0.9999917917398192,0.999991791739818,49.41355733558128,0.0,49.9725164916122,0.0,45.595022733469314,0.0,45.30165188337949,0.0,0.0,0.0,0.0,0.0,0.0,0.0
10.0,6.985449272463619,0.0040517755030761,0.0040517755034809,0.999991791524192,0.999991791524192,49.413557315629305,0.0,49.97251606589092,0.0,45.595022728338606,0.0,45.30165179304756,0.0,0.0,0.0,0.0,0.0,0.0,0.0
10.0,6.98569928496425,0.0040518287221556,0.0040518287225622,0.9999917913085592,0.999991791308558,49.4135572956764,0.0,49.97251564015544,0.0,45.595022723207705,0.0,45.30165170271249,0.0,0.0,0.0,0.0,0.0,0.0,0.0
10.0,6.98594929746487,0.0040518819423645,0.0040518819427729,0.999991791092918,0.9999917910929168,49.41355727572254,0.0,49.97251521440575,0.0,45.59502271807663,0.0,45.301651612374265,0.0,0.0,0.0,0.0,0.0,0.0,0.0
10.0,6.9861993099655,0.0040519351637028,0.0040519351641129,0.999991790877269,0.999991790877269,49.413557255767735,0.0,49.972514788641845,0.0,45.595022712945365,0.0,45.301651522032905,0.0,0.0,0.0,0.0,0.0,0.0,0.0
10.0,6.98644932246612,0.0040519883861704,0.0040519883865822,0.999991790661613,0.999991790661613,49.413557235811965,0.0,49.97251436286374,0.0,45.5950227078139,0.0,45.30165143168839,0.0,0.0,0.0,0.0,0.0,0.0,0.0
10.0,6.98669933496675,0.0040520416097671,0.0040520416101808,0.99999179044595,0.99999179044595,49.41355721585526,0.0,49.97251393707142,0.0,45.595022702682265,0.0,45.30165134134074,0.0,0.0,0.0,0.0,0.0,0.0,0.0
10.0,6.98694934746737,0.0040520948344931,0.0040520948349085,0.9999917902302798,0.999991790230279,49.4135571958976,0.0,49.97251351126488,0.0,45.595022697550434,0.0,45.30165125098994,0.0,0.0,0.0,0.0,0.0,0.0,0.0
10.0,6.987199359968,0.0040521480603482,0.0040521480607654,0.999991790014601,0.999991790014601,49.413557175939005,0.0,49.972513085444135,0.0,45.59502269241843,0.0,45.301651160636005,0.0,0.0,0.0,0.0,0.0,0.0,0.0
10.0,6.98744937246862,0.0040522012873324,0.0040522012877513,0.999991789798916,0.9999917897989148,49.413557155979454,0.0,49.97251265960918,0.0,45.59502268728623,0.0,45.30165107027892,0.0,0.0,0.0,0.0,0.0,0.0,0.0
10.0,6.98769938496925,0.0040522545154456,0.0040522545158663,0.9999917895832232,0.999991789583222,49.41355713601895,0.0,49.97251223376002,0.0,45.59502268215384,0.0,45.3016509799187,0.0,0.0,0.0,0.0,0.0,0.0,0.0
10.0,6.98794939746987,0.0040523077446878,0.0040523077451102,0.999991789367522,0.999991789367522,49.4135571160575,0.0,49.972511807896645,0.0,45.59502267702127,0.0,45.301650889555326,0.0,0.0,0.0,0.0,0.0,0.0,0.0
10.0,6.9881994099705,0.0040523609750589,0.0040523609754831,0.999991789151815,0.999991789151814,49.413557096095104,0.0,49.97251138201906,0.0,45.59502267188852,0.0,45.301650799188806,0.0,0.0,0.0,0.0,0.0,0.0,0.0
10.0,6.98844942247112,0.0040524142065588,0.0040524142069848,0.999991788936099,0.999991788936099,49.41355707613176,0.0,49.97251095612727,0.0,45.59502266675557,0.0,45.30165070881914,0.0,0.0,0.0,0.0,0.0,0.0,0.0
10.0,6.98869943497175,0.0040524674391876,0.0040524674396153,0.9999917887203768,0.999991788720376,49.41355705616747,0.0,49.972510530221264,0.0,45.59502266162245,0.0,45.301650618446345,0.0,0.0,0.0,0.0,0.0,0.0,0.0
10.0,6.98894944747237,0.0040525206729452,0.0040525206733746,0.999991788504647,0.999991788504646,49.41355703620224,0.0,49.97251010430105,0.0,45.59502265648913,0.0,45.30165052807039,0.0,0.0,0.0,0.0,0.0,0.0,0.0
10.0,6.989199459973,0.0040525739078314,0.0040525739082626,0.9999917882889088,0.9999917882889088,49.413557016236055,0.0,49.97250967836662,0.0,45.595022651355634,0.0,45.3016504376913,0.0,0.0,0.0,0.0,0.0,0.0,0.0
10.0,6.98944947247362,0.0040526271438463,0.0040526271442793,0.999991788073165,0.999991788073164,49.41355699626892,0.0,49.97250925241799,0.0,45.59502264622194,0.0,45.30165034730907,0.0,0.0,0.0,0.0,0.0,0.0,0.0
10.0,6.98969948497425,0.0040526803809898,0.0040526803814245,0.9999917878574128,0.999991787857412,49.41355697630083,0.0,49.972508826455154,0.0,45.59502264108807,0.0,45.30165025692369,0.0,0.0,0.0,0.0,0.0,0.0,0.0
10.0,6.98994949747487,0.0040527336192619,0.0040527336196983,0.999991787641653,0.999991787641652,49.4135569563318,0.0,49.9725084004781,0.0,45.59502263595402,0.0,45.30165016653516,0.0,0.0,0.0,0.0,0.0,0.0,0.0
10.0,6.9901995099755005,0.0040527868586624,0.0040527868591007,0.999991787425886,0.999991787425885,49.41355693636183,0.0,49.97250797448684,0.0,45.59502263081978,0.0,45.301650076143495,0.0,0.0,0.0,0.0,0.0,0.0,0.0
10.0,6.99044952247612,0.0040528400991914,0.0040528400996314,0.999991787210111,0.999991787210111,49.41355691639091,0.0,49.972507548481374,0.0,45.59502262568534,0.0,45.30164998574869,0.0,0.0,0.0,0.0,0.0,0.0,0.0
10.0,6.99069953497675,0.0040528933408488,0.0040528933412905,0.999991786994329,0.999991786994329,49.413556896419045,0.0,49.97250712246169,0.0,45.59502262055072,0.0,45.301649895350735,0.0,0.0,0.0,0.0,0.0,0.0,0.0
10.0,6.99094954747737,0.0040529465836346,0.004052946584078,0.99999178677854,0.99999178677854,49.41355687644623,0.0,49.97250669642781,0.0,45.59502261541592,0.0,45.30164980494963,0.0,0.0,0.0,0.0,0.0,0.0,0.0
10.0,6.991199559978,0.0040529998275486,0.0040529998279938,0.999991786562744,0.999991786562743,49.41355685647248,0.0,49.97250627037971,0.0,45.59502261028093,0.0,45.30164971454539,0.0,0.0,0.0,0.0,0.0,0.0,0.0
10.0,6.99144957247862,0.0040530530725908,0.0040530530730378,0.99999178634694,0.999991786346939,49.41355683649776,0.0,49.9725058443174,0.0,45.59502260514576,0.0,45.30164962413801,0.0,0.0,0.0,0.0,0.0,0.0,0.0
10.0,6.99169958497925,0.0040531063187613,0.00405310631921,0.999991786131128,0.999991786131127,49.41355681652212,0.0,49.9725054182409,0.0,45.5950226000104,0.0,45.30164953372748,0.0,0.0,0.0,0.0,0.0,0.0,0.0
10.0,6.99194959747987,0.0040531595660599,0.0040531595665103,0.999991785915309,0.999991785915309,49.41355679654552,0.0,49.97250499215018,0.0,45.59502259487485,0.0,45.3016494433138,0.0,0.0,0.0,0.0,0.0,0.0,0.0
10.0,6.9921996099805,0.0040532128144865,0.0040532128149387,0.999991785699483,0.999991785699482,49.41355677656797,0.0,49.972504566045245,0.0,45.59502258973912,0.0,45.30164935289699,0.0,0.0,0.0,0.0,0.0,0.0,0.0
10.0,6.99244962248112,0.0040532660640412,0.0040532660644951,0.999991785483649,0.999991785483649,49.413556756589486,0.0,49.97250413992611,0.0,45.5950225846032,0.0,45.30164926247703,0.0,0.0,0.0,0.0,0.0,0.0,0.0
10.0,6.99269963498175,0.0040533193147238,0.0040533193151795,0.999991785267808,0.999991785267808,49.413556736610055,0.0,49.97250371379276,0.0,45.5950225794671,0.0,45.30164917205393,0.0,0.0,0.0,0.0,0.0,0.0,0.0
10.0,6.99294964748237,0.0040533725665344,0.0040533725669918,0.99999178505196,0.999991785051959,49.41355671662967,0.0,49.97250328764521,0.0,45.5950225743308,0.0,45.30164908162767,0.0,0.0,0.0,0.0,0.0,0.0,0.0
10.0,6.993199659983,0.0040534258194728,0.004053425819932,0.999991784836104,0.999991784836103,49.41355669664835,0.0,49.97250286148345,0.0,45.59502256919432,0.0,45.30164899119829,0.0,0.0,0.0,0.0,0.0,0.0,0.0
10.0,6.99344967248362,0.0040534790735391,0.004053479074,0.99999178462024,0.99999178462024,49.41355667666608,0.0,49.97250243530748,0.0,45.59502256405767,0.0,45.30164890076575,0.0,0.0,0.0,0.0,0.0,0.0,0.0
10.0,6.99369968498425,0.0040535323287331,0.0040535323291957,0.99999178440437,0.999991784404369,49.413556656682864,0.0,49.972502009117306,0.0,45.59502255892081,0.0,45.30164881033007,0.0,0.0,0.0,0.0,0.0,0.0,0.0
10.0,6.99394969748487,0.0040535855850548,0.0040535855855192,0.999991784188492,0.9999917841884912,49.4135566366987,0.0,49.97250158291292,0.0,45.59502255378378,0.0,45.30164871989125,0.0,0.0,0.0,0.0,0.0,0.0,0.0
10.0,6.9941997099855,0.0040536388425042,0.0040536388429703,0.999991783972606,0.999991783972606,49.4135566167136,0.0,49.97250115669433,0.0,45.59502254864656,0.0,45.30164862944928,0.0,0.0,0.0,0.0,0.0,0.0,0.0
10.0,6.99444972248612,0.0040536921010812,0.004053692101549,0.999991783756713,0.999991783756712,49.41355659672755,0.0,49.97250073046152,0.0,45.595022543509145,0.0,45.30164853900418,0.0,0.0,0.0,0.0,0.0,0.0,0.0
10.0,6.99469973498675,0.0040537453607857,0.0040537453612553,0.9999917835408128,0.999991783540812,49.41355657674056,0.0,49.97250030421452,0.0,45.59502253837155,0.0,45.30164844855592,0.0,0.0,0.0,0.0,0.0,0.0,0.0
10.0,6.99494974748737,0.0040537986216177,0.0040537986220891,0.9999917833249048,0.999991783324904,49.41355655675262,0.0,49.97249987795331,0.0,45.59502253323377,0.0,45.30164835810452,0.0,0.0,0.0,0.0,0.0,0.0,0.0
10.0,6.995199759988,0.0040538518835772,0.0040538518840503,0.99999178310899,0.999991783108989,49.413556536763735,0.0,49.97249945167789,0.0,45.59502252809581,0.0,45.30164826764998,0.0,0.0,0.0,0.0,0.0,0.0,0.0
10.0,6.99544977248862,0.0040539051466641,0.0040539051471389,0.9999917828930668,0.999991782893066,49.41355651677391,0.0,49.97249902538826,0.0,45.595022522957656,0.0,45.30164817719229,0.0,0.0,0.0,0.0,0.0,0.0,0.0
10.0,6.995699784989251,0.0040539584108783,0.0040539584113548,0.999991782677137,0.999991782677136,49.41355649678314,0.0,49.97249859908443,0.0,45.59502251781933,0.0,45.30164808673146,0.0,0.0,0.0,0.0,0.0,0.0,0.0
10.0,6.99594979748987,0.0040540116762198,0.0040540116766981,0.9999917824612,0.999991782461199,49.41355647679143,0.0,49.97249817276639,0.0,45.5950225126808,0.0,45.30164799626749,0.0,0.0,0.0,0.0,0.0,0.0,0.0
10.0,6.9961998099905,0.0040540649426885,0.0040540649431686,0.9999917822452548,0.999991782245254,49.413556456798766,0.0,49.972497746434136,0.0,45.59502250754209,0.0,45.30164790580038,0.0,0.0,0.0,0.0,0.0,0.0,0.0
10.0,6.99644982249113,0.0040541182102845,0.0040541182107662,0.999991782029303,0.999991782029302,49.41355643680518,0.0,49.97249732008769,0.0,45.59502250240319,0.0,45.301647815330114,0.0,0.0,0.0,0.0,0.0,0.0,0.0
10.0,6.99669983499175,0.0040541714790075,0.004054171479491,0.9999917818133433,0.999991781813342,49.41355641681062,0.0,49.97249689372703,0.0,45.59502249726411,0.0,45.30164772485672,0.0,0.0,0.0,0.0,0.0,0.0,0.0
10.0,6.99694984749237,0.0040542247488576,0.0040542247493429,0.999991781597376,0.999991781597375,49.413556396815146,0.0,49.972496467352165,0.0,45.59502249212484,0.0,45.301647634380174,0.0,0.0,0.0,0.0,0.0,0.0,0.0
10.0,6.997199859993,0.0040542780198348,0.0040542780203217,0.999991781381401,0.999991781381401,49.413556376818704,0.0,49.97249604096309,0.0,45.59502248698539,0.0,45.30164754390048,0.0,0.0,0.0,0.0,0.0,0.0,0.0
10.0,6.99744987249362,0.0040543312919389,0.0040543312924276,0.99999178116542,0.999991781165419,49.41355635682134,0.0,49.97249561455981,0.0,45.59502248184575,0.0,45.30164745341765,0.0,0.0,0.0,0.0,0.0,0.0,0.0
10.0,6.99769988499425,0.00405438456517,0.0040543845656604,0.99999178094943,0.99999178094943,49.41355633682301,0.0,49.972495188142325,0.0,45.59502247670592,0.0,45.30164736293167,0.0,0.0,0.0,0.0,0.0,0.0,0.0
10.0,6.99794989749488,0.0040544378395279,0.00405443784002,0.999991780733434,0.999991780733433,49.41355631682376,0.0,49.97249476171064,0.0,45.59502247156591,0.0,45.301647272442544,0.0,0.0,0.0,0.0,0.0,0.0,0.0
10.0,6.9981999099955,0.0040544911150126,0.0040544911155065,0.99999178051743,0.999991780517429,49.41355629682356,0.0,49.97249433526474,0.0,45.59502246642571,0.0,45.30164718195028,0.0,0.0,0.0,0.0,0.0,0.0,0.0
10.0,6.99844992249612,0.0040545443916241,0.0040545443921197,0.999991780301418,0.999991780301418,49.41355627682242,0.0,49.97249390880464,0.0,45.595022461285325,0.0,45.30164709145488,0.0,0.0,0.0,0.0,0.0,0.0,0.0
10.0,6.99869993499675,0.0040545976693624,0.0040545976698597,0.999991780085399,0.999991780085399,49.413556256820335,0.0,49.972493482330336,0.0,45.595022456144754,0.0,45.30164700095633,0.0,0.0,0.0,0.0,0.0,0.0,0.0
10.0,6.99894994749737,0.0040546509482272,0.0040546509487263,0.999991779869373,0.999991779869373,49.4135562368173,0.0,49.972493055841824,0.0,45.595022451004006,0.0,45.30164691045464,0.0,0.0,0.0,0.0,0.0,0.0,0.0
10.0,6.999199959998,0.0040547042282187,0.0040547042287195,0.9999917796533389,0.9999917796533389,49.41355621681333,0.0,49.9724926293391,0.0,45.59502244586306,0.0,45.3016468199498,0.0,0.0,0.0,0.0,0.0,0.0,0.0
10.0,6.99944997249862,0.0040547575093367,0.0040547575098392,0.999991779437298,0.999991779437297,49.413556196808415,0.0,49.97249220282218,0.0,45.595022440721934,0.0,45.30164672944182,0.0,0.0,0.0,0.0,0.0,0.0,0.0
10.0,6.99969998499925,0.0040548107915813,0.0040548107920855,0.9999917792212502,0.9999917792212492,49.413556176802565,0.0,49.97249177629105,0.0,45.59502243558062,0.0,45.30164663893069,0.0,0.0,0.0,0.0,0.0,0.0,0.0
10.0,6.99994999749987,0.0040548640749522,0.0040548640754582,0.999991779005194,0.9999917790051932,49.41355615679577,0.0,49.97249134974572,0.0,45.59502243043912,0.0,45.30164654841642,0.0,0.0,0.0,0.0,0.0,0.0,0.0
10.0,7.0002000100005,0.0040549173594496,0.0040549173599573,0.99999177878913,0.99999177878913,49.41355613678803,0.0,49.97249092318617,0.0,45.59502242529743,0.0,45.30164645789901,0.0,0.0,0.0,0.0,0.0,0.0,0.0
10.0,7.00045002250113,0.0040549706450733,0.0040549706455827,0.99999177857306,0.9999917785730588,49.41355611677935,0.0,49.97249049661244,0.0,45.59502242015556,0.0,45.30164636737845,0.0,0.0,0.0,0.0,0.0,0.0,0.0
10.0,7.00070003500175,0.0040550239318233,0.0040550239323344,0.999991778356981,0.999991778356981,49.41355609676974,0.0,49.972490070024485,0.0,45.5950224150135,0.0,45.301646276854754,0.0,0.0,0.0,0.0,0.0,0.0,0.0
10.0,7.00095004750237,0.0040550772196996,0.0040550772202124,0.999991778140896,0.999991778140895,49.41355607675917,0.0,49.972489643422335,0.0,45.595022409871255,0.0,45.30164618632792,0.0,0.0,0.0,0.0,0.0,0.0,0.0
10.0,7.001200060002999,0.004055130508702,0.0040551305092166,0.999991777924803,0.999991777924802,49.41355605674767,0.0,49.97248921680598,0.0,45.59502240472882,0.0,45.301646095797935,0.0,0.0,0.0,0.0,0.0,0.0,0.0
10.0,7.00145007250362,0.0040551837988306,0.0040551837993468,0.999991777708703,0.999991777708702,49.41355603673523,0.0,49.97248879017542,0.0,45.595022399586206,0.0,45.3016460052648,0.0,0.0,0.0,0.0,0.0,0.0,0.0
10.0,7.00170008500425,0.0040552370900852,0.0040552370906032,0.999991777492595,0.999991777492594,49.41355601672185,0.0,49.97248836353065,0.0,45.59502239444341,0.0,45.30164591472853,0.0,0.0,0.0,0.0,0.0,0.0,0.0
10.0,7.00195009750488,0.0040552903824659,0.0040552903829856,0.99999177727648,0.999991777276479,49.41355599670752,0.0,49.97248793687169,0.0,45.595022389300425,0.0,45.30164582418912,0.0,0.0,0.0,0.0,0.0,0.0,0.0
10.0,7.0022001100055,0.0040553436759725,0.004055343676494,0.9999917770603568,0.9999917770603568,49.413555976692265,0.0,49.97248751019851,0.0,45.59502238415724,0.0,45.30164573364656,0.0,0.0,0.0,0.0,0.0,0.0,0.0
10.0,7.00245012250612,0.0040553969706051,0.0040553969711282,0.999991776844227,0.999991776844226,49.413555956676056,0.0,49.97248708351113,0.0,45.59502237901388,0.0,45.301645643100855,0.0,0.0,0.0,0.0,0.0,0.0,0.0
10.0,7.00270013500675,0.0040554502663635,0.0040554502668884,0.99999177662809,0.999991776628089,49.41355593665892,0.0,49.97248665680955,0.0,45.59502237387033,0.0,45.30164555255202,0.0,0.0,0.0,0.0,0.0,0.0,0.0
10.0,7.00295014750738,0.0040555035632478,0.0040555035637744,0.999991776411945,0.999991776411944,49.41355591664082,0.0,49.97248623009376,0.0,45.5950223687266,0.0,45.30164546200003,0.0,0.0,0.0,0.0,0.0,0.0,0.0
10.0,7.003200160008,0.0040555568612578,0.0040555568617861,0.999991776195793,0.999991776195792,49.413555896621794,0.0,49.97248580336378,0.0,45.59502236358268,0.0,45.30164537144489,0.0,0.0,0.0,0.0,0.0,0.0,0.0
10.0,7.00345017250863,0.0040556101603936,0.0040556101609236,0.999991775979633,0.999991775979633,49.41355587660184,0.0,49.97248537661959,0.0,45.59502235843858,0.0,45.30164528088662,0.0,0.0,0.0,0.0,0.0,0.0,0.0
10.0,7.00370018500925,0.004055663460655,0.0040556634611867,0.999991775763466,0.999991775763466,49.413555856580935,0.0,49.9724849498612,0.0,45.59502235329428,0.0,45.3016451903252,0.0,0.0,0.0,0.0,0.0,0.0,0.0
10.0,7.00395019750988,0.004055716762042,0.0040557167625754,0.999991775547292,0.9999917755472908,49.41355583655909,0.0,49.9724845230886,0.0,45.59502234814981,0.0,45.30164509976064,0.0,0.0,0.0,0.0,0.0,0.0,0.0
10.0,7.0042002100105,0.0040557700645545,0.0040557700650897,0.99999177533111,0.9999917753311088,49.41355581653631,0.0,49.9724840963018,0.0,45.59502234300514,0.0,45.30164500919294,0.0,0.0,0.0,0.0,0.0,0.0,0.0
10.0,7.00445022251113,0.0040558233681926,0.0040558233687294,0.999991775114921,0.99999177511492,49.41355579651258,0.0,49.9724836695008,0.0,45.5950223378603,0.0,45.30164491862209,0.0,0.0,0.0,0.0,0.0,0.0,0.0
10.0,7.00470023501175,0.0040558766729561,0.0040558766734947,0.999991774898724,0.999991774898723,49.413555776487925,0.0,49.97248324268558,0.0,45.59502233271526,0.0,45.30164482804809,0.0,0.0,0.0,0.0,0.0,0.0,0.0
10.0,7.00495024751238,0.004055929978845,0.0040559299793853,0.99999177468252,0.999991774682519,49.41355575646233,0.0,49.97248281585617,0.0,45.59502232757004,0.0,45.30164473747096,0.0,0.0,0.0,0.0,0.0,0.0,0.0
10.0,7.005200260013,0.0040559832858593,0.0040559832864012,0.999991774466308,0.999991774466308,49.41355573643578,0.0,49.97248238901256,0.0,45.59502232242463,0.0,45.30164464689068,0.0,0.0,0.0,0.0,0.0,0.0,0.0
10.0,7.00545027251363,0.0040560365939988,0.0040560365945425,0.99999177425009,0.9999917742500892,49.413555716408304,0.0,49.97248196215474,0.0,45.59502231727904,0.0,45.30164455630726,0.0,0.0,0.0,0.0,0.0,0.0,0.0
10.0,7.00570028501425,0.0040560899032636,0.004056089903809,0.9999917740338627,0.9999917740338627,49.41355569637989,0.0,49.97248153528272,0.0,45.59502231213326,0.0,45.3016444657207,0.0,0.0,0.0,0.0,0.0,0.0,0.0
10.0,7.00595029751488,0.0040561432136536,0.0040561432142007,0.99999177381763,0.999991773817629,49.41355567635053,0.0,49.9724811083965,0.0,45.595022306987296,0.0,45.30164437513098,0.0,0.0,0.0,0.0,0.0,0.0,0.0
10.0,7.0062003100155,0.0040561965251687,0.0040561965257175,0.999991773601388,0.999991773601388,49.41355565632024,0.0,49.97248068149607,0.0,45.59502230184114,0.0,45.301644284538135,0.0,0.0,0.0,0.0,0.0,0.0,0.0
10.0,7.00645032251613,0.0040562498378089,0.0040562498383594,0.99999177338514,0.99999177338514,49.41355563628901,0.0,49.972480254581455,0.0,45.5950222966948,0.0,45.30164419394215,0.0,0.0,0.0,0.0,0.0,0.0,0.0
10.0,7.00670033501675,0.0040563031515741,0.0040563031521263,0.999991773168884,0.999991773168883,49.41355561625683,0.0,49.97247982765262,0.0,45.59502229154828,0.0,45.301644103343,0.0,0.0,0.0,0.0,0.0,0.0,0.0
10.0,7.00695034751738,0.0040563564664643,0.0040563564670182,0.999991772952621,0.99999177295262,49.41355559622373,0.0,49.97247940070959,0.0,45.595022286401566,0.0,45.30164401274072,0.0,0.0,0.0,0.0,0.0,0.0,0.0
10.0,7.007200360018,0.0040564097824794,0.004056409783035,0.99999177273635,0.99999177273635,49.41355557618969,0.0,49.97247897375235,0.0,45.59502228125467,0.0,45.301643922135305,0.0,0.0,0.0,0.0,0.0,0.0,0.0
10.0,7.00745037251863,0.0040564630996194,0.0040564631001767,0.999991772520072,0.9999917725200712,49.4135555561547,0.0,49.97247854678093,0.0,45.59502227610759,0.0,45.301643831526725,0.0,0.0,0.0,0.0,0.0,0.0,0.0
10.0,7.00770038501925,0.0040565164178842,0.0040565164184432,0.9999917723037868,0.999991772303786,49.41355553611878,0.0,49.97247811979529,0.0,45.59502227096032,0.0,45.30164374091502,0.0,0.0,0.0,0.0,0.0,0.0,0.0
10.0,7.00795039751988,0.0040565697372738,0.0040565697378345,0.999991772087494,0.999991772087493,49.41355551608192,0.0,49.97247769279545,0.0,45.59502226581287,0.0,45.30164365030017,0.0,0.0,0.0,0.0,0.0,0.0,0.0
10.0,7.0082004100205,0.0040566230577881,0.0040566230583505,0.999991771871193,0.999991771871193,49.413555496044125,0.0,49.97247726578141,0.0,45.59502226066523,0.0,45.30164355968218,0.0,0.0,0.0,0.0,0.0,0.0,0.0
10.0,7.00845042252113,0.0040566763794271,0.0040566763799912,0.999991771654886,0.999991771654885,49.41355547600539,0.0,49.97247683875317,0.0,45.59502225551741,0.0,45.30164346906104,0.0,0.0,0.0,0.0,0.0,0.0,0.0
10.0,7.00870043502175,0.0040567297021907,0.0040567297027565,0.99999177143857,0.99999177143857,49.41355545596572,0.0,49.97247641171073,0.0,45.59502225036939,0.0,45.30164337843676,0.0,0.0,0.0,0.0,0.0,0.0,0.0
10.0,7.00895044752238,0.0040567830260788,0.0040567830266463,0.999991771222248,0.999991771222247,49.41355543592512,0.0,49.97247598465408,0.0,45.5950222452212,0.0,45.30164328780933,0.0,0.0,0.0,0.0,0.0,0.0,0.0
10.0,7.009200460023,0.0040568363510914,0.0040568363516606,0.999991771005918,0.999991771005917,49.41355541588358,0.0,49.97247555758324,0.0,45.59502224007281,0.0,45.30164319717876,0.0,0.0,0.0,0.0,0.0,0.0,0.0
10.0,7.00945047252363,0.0040568896772285,0.0040568896777994,0.999991770789581,0.99999177078958,49.41355539584109,0.0,49.97247513049821,0.0,45.59502223492423,0.0,45.30164310654505,0.0,0.0,0.0,0.0,0.0,0.0,0.0
10.0,7.00970048502425,0.00405694300449,0.0040569430050626,0.999991770573236,0.999991770573235,49.413555375797685,0.0,49.97247470339895,0.0,45.59502222977548,0.0,45.3016430159082,0.0,0.0,0.0,0.0,0.0,0.0,0.0
10.0,7.00995049752488,0.0040569963328758,0.0040569963334501,0.999991770356883,0.999991770356883,49.41355535575333,0.0,49.97247427628551,0.0,45.59502222462654,0.0,45.3016429252682,0.0,0.0,0.0,0.0,0.0,0.0,0.0
10.0,7.0102005100255,0.004057049662386,0.004057049662962,0.999991770140524,0.9999917701405232,49.41355533570804,0.0,49.97247384915786,0.0,45.59502221947741,0.0,45.30164283462505,0.0,0.0,0.0,0.0,0.0,0.0,0.0
10.0,7.01045052252613,0.0040571029930203,0.004057102993598,0.999991769924157,0.999991769924156,49.41355531566181,0.0,49.972473422016016,0.0,45.59502221432809,0.0,45.30164274397877,0.0,0.0,0.0,0.0,0.0,0.0,0.0
10.0,7.01070053502675,0.0040571563247789,0.0040571563253583,0.9999917697077828,0.999991769707782,49.41355529561465,0.0,49.97247299485996,0.0,45.5950222091786,0.0,45.30164265332935,0.0,0.0,0.0,0.0,0.0,0.0,0.0
10.0,7.01095054752738,0.0040572096576616,0.0040572096582427,0.999991769491401,0.9999917694914,49.41355527556656,0.0,49.97247256768971,0.0,45.59502220402891,0.0,45.301642562676776,0.0,0.0,0.0,0.0,0.0,0.0,0.0
10.0,7.011200560028,0.0040572629916684,0.0040572629922512,0.999991769275012,0.999991769275011,49.41355525551752,0.0,49.97247214050526,0.0,45.59502219887904,0.0,45.301642472021065,0.0,0.0,0.0,0.0,0.0,0.0,0.0
10.0,7.011450572528631,0.0040573163267992,0.0040573163273837,0.999991769058615,0.999991769058614,49.41355523546756,0.0,49.97247171330662,0.0,45.59502219372897,0.0,45.30164238136221,0.0,0.0,0.0,0.0,0.0,0.0,0.0
10.0,7.01170058502925,0.004057369663054,0.0040573696636402,0.9999917688422112,0.99999176884221,49.41355521541665,0.0,49.97247128609376,0.0,45.59502218857873,0.0,45.30164229070021,0.0,0.0,0.0,0.0,0.0,0.0,0.0
10.0,7.01195059752988,0.0040574230004328,0.0040574230010206,0.9999917686258,0.9999917686257987,49.41355519536481,0.0,49.97247085886672,0.0,45.5950221834283,0.0,45.30164220003507,0.0,0.0,0.0,0.0,0.0,0.0,0.0
10.0,7.0122006100305,0.0040574763389354,0.0040574763395249,0.999991768409381,0.99999176840938,49.413555175312034,0.0,49.972470431625474,0.0,45.59502217827769,0.0,45.30164210936679,0.0,0.0,0.0,0.0,0.0,0.0,0.0
10.0,7.01245062253113,0.0040575296785618,0.004057529679153,0.999991768192955,0.999991768192954,49.41355515525833,0.0,49.97247000437002,0.0,45.59502217312688,0.0,45.30164201869536,0.0,0.0,0.0,0.0,0.0,0.0,0.0
10.0,7.01270063503175,0.004057583019312,0.0040575830199049,0.9999917679765212,0.99999176797652,49.41355513520369,0.0,49.97246957710036,0.0,45.59502216797589,0.0,45.30164192802079,0.0,0.0,0.0,0.0,0.0,0.0,0.0
10.0,7.01295064753238,0.0040576363611859,0.0040576363617805,0.99999176776008,0.999991767760079,49.4135551151481,0.0,49.972469149816526,0.0,45.59502216282472,0.0,45.30164183734308,0.0,0.0,0.0,0.0,0.0,0.0,0.0
10.0,7.013200660033,0.0040576897041835,0.0040576897047798,0.9999917675436308,0.9999917675436308,49.41355509509159,0.0,49.97246872251848,0.0,45.59502215767336,0.0,45.30164174666222,0.0,0.0,0.0,0.0,0.0,0.0,0.0
10.0,7.01345067253363,0.0040577430483047,0.0040577430489026,0.999991767327176,0.999991767327175,49.41355507503415,0.0,49.97246829520623,0.0,45.5950221525218,0.0,45.301641655978216,0.0,0.0,0.0,0.0,0.0,0.0,0.0
10.0,7.01370068503425,0.0040577963935494,0.0040577963941491,0.999991767110712,0.999991767110712,49.41355505497576,0.0,49.972467867879786,0.0,45.59502214737008,0.0,45.30164156529107,0.0,0.0,0.0,0.0,0.0,0.0,0.0
10.0,7.01395069753488,0.0040578497399177,0.004057849740519,0.999991766894242,0.9999917668942409,49.41355503491644,0.0,49.972467440539134,0.0,45.59502214221816,0.0,45.30164147460079,0.0,0.0,0.0,0.0,0.0,0.0,0.0
10.0,7.0142007100355,0.0040579030874094,0.0040579030880124,0.999991766677764,0.999991766677763,49.4135550148562,0.0,49.97246701318429,0.0,45.595022137066046,0.0,45.301641383907366,0.0,0.0,0.0,0.0,0.0,0.0,0.0
10.0,7.01445072253613,0.0040579564360246,0.0040579564366292,0.999991766461278,0.999991766461278,49.41355499479501,0.0,49.97246658581525,0.0,45.59502213191375,0.0,45.30164129321079,0.0,0.0,0.0,0.0,0.0,0.0,0.0
10.0,7.01470073503675,0.004058009785763,0.0040580097863694,0.999991766244785,0.999991766244785,49.41355497473289,0.0,49.97246615843201,0.0,45.59502212676128,0.0,45.30164120251107,0.0,0.0,0.0,0.0,0.0,0.0,0.0
10.0,7.01495074753738,0.0040580631366248,0.0040580631372328,0.999991766028285,0.999991766028284,49.41355495466984,0.0,49.97246573103457,0.0,45.595022121608615,0.0,45.30164111180823,0.0,0.0,0.0,0.0,0.0,0.0,0.0
10.0,7.015200760038,0.0040581164886098,0.0040581164892195,0.9999917658117768,0.9999917658117768,49.413554934605855,0.0,49.97246530362294,0.0,45.595022116455766,0.0,45.30164102110222,0.0,0.0,0.0,0.0,0.0,0.0,0.0
10.0,7.01545077253863,0.004058169841718,0.0040581698423294,0.999991765595262,0.999991765595261,49.41355491454094,0.0,49.9724648761971,0.0,45.59502211130273,0.0,45.30164093039309,0.0,0.0,0.0,0.0,0.0,0.0,0.0
10.0,7.01570078503925,0.0040582231959494,0.0040582231965625,0.99999176537874,0.9999917653787388,49.41355489447509,0.0,49.97246444875706,0.0,45.59502210614951,0.0,45.30164083968079,0.0,0.0,0.0,0.0,0.0,0.0,0.0
10.0,7.01595079753988,0.0040582765513038,0.0040582765519186,0.99999176516221,0.999991765162209,49.4135548744083,0.0,49.97246402130283,0.0,45.5950221009961,0.0,45.30164074896537,0.0,0.0,0.0,0.0,0.0,0.0,0.0
10.0,7.0162008100405,0.0040583299077813,0.0040583299083978,0.999991764945672,0.999991764945672,49.41355485434059,0.0,49.97246359383439,0.0,45.59502209584251,0.0,45.3016406582468,0.0,0.0,0.0,0.0,0.0,0.0,0.0
10.0,7.01645082254113,0.0040583832653818,0.0040583832659999,0.999991764729128,0.999991764729127,49.41355483427193,0.0,49.972463166351766,0.0,45.59502209068872,0.0,45.30164056752509,0.0,0.0,0.0,0.0,0.0,0.0,0.0
10.0,7.01670083504175,0.0040584366241052,0.004058436624725,0.999991764512576,0.999991764512575,49.41355481420234,0.0,49.97246273885494,0.0,45.59502208553476,0.0,45.30164047680022,0.0,0.0,0.0,0.0,0.0,0.0,0.0
10.0,7.016950847542379,0.0040584899839515,0.0040584899845729,0.999991764296016,0.999991764296015,49.41355479413183,0.0,49.97246231134391,0.0,45.59502208038061,0.0,45.30164038607223,0.0,0.0,0.0,0.0,0.0,0.0,0.0
10.0,7.017200860043,0.0040585433449206,0.0040585433455437,0.999991764079449,0.999991764079449,49.41355477406037,0.0,49.97246188381869,0.0,45.59502207522627,0.0,45.30164029534109,0.0,0.0,0.0,0.0,0.0,0.0,0.0
10.0,7.01745087254363,0.0040585967070124,0.0040585967076372,0.999991763862875,0.999991763862874,49.413554753988,0.0,49.97246145627926,0.0,45.59502207007174,0.0,45.301640204606805,0.0,0.0,0.0,0.0,0.0,0.0,0.0
10.0,7.01770088504425,0.004058650070227,0.0040586500708535,0.999991763646293,0.999991763646293,49.41355473391468,0.0,49.97246102872565,0.0,45.59502206491704,0.0,45.301640113869375,0.0,0.0,0.0,0.0,0.0,0.0,0.0
10.0,7.01795089754488,0.0040587034345643,0.0040587034351924,0.999991763429704,0.999991763429704,49.41355471384043,0.0,49.97246060115784,0.0,45.595022059762144,0.0,45.30164002312881,0.0,0.0,0.0,0.0,0.0,0.0,0.0
10.0,7.0182009100455,0.0040587568000242,0.004058756800654,0.999991763213108,0.9999917632131072,49.41355469376526,0.0,49.97246017357582,0.0,45.59502205460706,0.0,45.30163993238509,0.0,0.0,0.0,0.0,0.0,0.0,0.0
10.0,7.01845092254613,0.0040588101666066,0.0040588101672381,0.999991762996503,0.999991762996503,49.41355467368916,0.0,49.972459745979606,0.0,45.595022049451785,0.0,45.30163984163824,0.0,0.0,0.0,0.0,0.0,0.0,0.0
10.0,7.01870093504675,0.0040588635343116,0.0040588635349447,0.999991762779892,0.999991762779892,49.41355465361211,0.0,49.9724593183692,0.0,45.59502204429633,0.0,45.30163975088824,0.0,0.0,0.0,0.0,0.0,0.0,0.0
10.0,7.01895094754738,0.004058916903139,0.0040589169037738,0.999991762563273,0.999991762563273,49.41355463353413,0.0,49.97245889074459,0.0,45.59502203914069,0.0,45.3016396601351,0.0,0.0,0.0,0.0,0.0,0.0,0.0
10.0,7.019200960048001,0.0040589702730888,0.0040589702737253,0.999991762346647,0.999991762346647,49.41355461345523,0.0,49.9724584631058,0.0,45.59502203398487,0.0,45.30163956937882,0.0,0.0,0.0,0.0,0.0,0.0,0.0
10.0,7.01945097254863,0.004059023644161,0.0040590236447992,0.999991762130014,0.9999917621300132,49.4135545933754,0.0,49.9724580354528,0.0,45.59502202882885,0.0,45.30163947861939,0.0,0.0,0.0,0.0,0.0,0.0,0.0
10.0,7.01970098504925,0.0040590770163555,0.0040590770169953,0.9999917619133732,0.999991761913372,49.41355457329463,0.0,49.9724576077856,0.0,45.595022023672655,0.0,45.30163938785682,0.0,0.0,0.0,0.0,0.0,0.0,0.0
10.0,7.01995099754988,0.0040591303896722,0.0040591303903137,0.999991761696724,0.999991761696724,49.41355455321293,0.0,49.972457180104215,0.0,45.59502201851627,0.0,45.30163929709112,0.0,0.0,0.0,0.0,0.0,0.0,0.0
10.0,7.0202010100505,0.0040591837641112,0.0040591837647543,0.999991761480069,0.999991761480068,49.4135545331303,0.0,49.97245675240862,0.0,45.595022013359696,0.0,45.30163920632226,0.0,0.0,0.0,0.0,0.0,0.0,0.0
10.0,7.02045102255113,0.0040592371396722,0.0040592371403171,0.999991761263405,0.999991761263405,49.41355451304674,0.0,49.97245632469883,0.0,45.59502200820294,0.0,45.30163911555026,0.0,0.0,0.0,0.0,0.0,0.0,0.0
10.0,7.02070103505175,0.0040592905163554,0.0040592905170019,0.9999917610467352,0.9999917610467342,49.413554492962255,0.0,49.97245589697486,0.0,45.595022003046,0.0,45.30163902477512,0.0,0.0,0.0,0.0,0.0,0.0,0.0
10.0,7.02095104755238,0.0040593438941606,0.0040593438948088,0.999991760830057,0.999991760830056,49.413554472876825,0.0,49.972455469236685,0.0,45.595021997888864,0.0,45.30163893399684,0.0,0.0,0.0,0.0,0.0,0.0,0.0
10.0,7.021201060053,0.0040593972730878,0.0040593972737376,0.999991760613371,0.999991760613371,49.41355445279048,0.0,49.97245504148431,0.0,45.59502199273155,0.0,45.30163884321541,0.0,0.0,0.0,0.0,0.0,0.0,0.0
10.0,7.02145107255363,0.004059450653137,0.0040594506537884,0.999991760396679,0.999991760396678,49.4135544327032,0.0,49.972454613717744,0.0,45.59502198757405,0.0,45.30163875243085,0.0,0.0,0.0,0.0,0.0,0.0,0.0
10.0,7.02170108505425,0.004059504034308,0.0040595040349611,0.999991760179978,0.999991760179978,49.41355441261497,0.0,49.972454185936975,0.0,45.59502198241637,0.0,45.30163866164313,0.0,0.0,0.0,0.0,0.0,0.0,0.0
10.0,7.02195109755488,0.0040595574166008,0.0040595574172556,0.999991759963271,0.99999175996327,49.41355439252584,0.0,49.97245375814202,0.0,45.59502197725849,0.0,45.30163857085229,0.0,0.0,0.0,0.0,0.0,0.0,0.0
10.0,7.0222011100555,0.0040596108000154,0.0040596108006719,0.999991759746556,0.999991759746555,49.41355437243577,0.0,49.97245333033286,0.0,45.59502197210043,0.0,45.30163848005829,0.0,0.0,0.0,0.0,0.0,0.0,0.0
10.0,7.022451122556129,0.0040596641845518,0.0040596641852099,0.999991759529833,0.999991759529833,49.41355435234476,0.0,49.97245290250951,0.0,45.59502196694218,0.0,45.30163838926116,0.0,0.0,0.0,0.0,0.0,0.0,0.0
10.0,7.02270113505675,0.0040597175702098,0.0040597175708696,0.9999917593131028,0.9999917593131028,49.41355433225284,0.0,49.97245247467196,0.0,45.59502196178375,0.0,45.30163829846087,0.0,0.0,0.0,0.0,0.0,0.0,0.0
10.0,7.02295114755738,0.0040597709569895,0.0040597709576509,0.999991759096367,0.999991759096366,49.41355431215998,0.0,49.972452046820216,0.0,45.59502195662513,0.0,45.301638207657454,0.0,0.0,0.0,0.0,0.0,0.0,0.0
10.0,7.023201160058,0.0040598243448907,0.0040598243455537,0.999991758879622,0.999991758879621,49.41355429206618,0.0,49.97245161895428,0.0,45.59502195146633,0.0,45.30163811685088,0.0,0.0,0.0,0.0,0.0,0.0,0.0
10.0,7.02345117255863,0.0040598777339134,0.0040598777345781,0.99999175866287,0.9999917586628688,49.41355427197146,0.0,49.97245119107415,0.0,45.59502194630734,0.0,45.301638026041175,0.0,0.0,0.0,0.0,0.0,0.0,0.0
10.0,7.02370118505925,0.0040599311240576,0.004059931124724,0.99999175844611,0.99999175844611,49.413554251875816,0.0,49.97245076317982,0.0,45.59502194114816,0.0,45.30163793522833,0.0,0.0,0.0,0.0,0.0,0.0,0.0
10.0,7.02395119755988,0.0040599845153232,0.0040599845159912,0.999991758229344,0.999991758229343,49.41355423177924,0.0,49.9724503352713,0.0,45.5950219359888,0.0,45.30163784441233,0.0,0.0,0.0,0.0,0.0,0.0,0.0
10.0,7.0242012100605,0.0040600379077102,0.0040600379083798,0.999991758012569,0.999991758012569,49.413554211681735,0.0,49.97244990734858,0.0,45.595021930829255,0.0,45.30163775359321,0.0,0.0,0.0,0.0,0.0,0.0,0.0
10.0,7.02445122256113,0.0040600913012184,0.0040600913018898,0.999991757795788,0.999991757795787,49.413554191583295,0.0,49.97244947941167,0.0,45.59502192566951,0.0,45.30163766277093,0.0,0.0,0.0,0.0,0.0,0.0,0.0
10.0,7.024701235061749,0.004060144695848,0.0040601446965209,0.999991757578998,0.999991757578998,49.41355417148394,0.0,49.972449051460565,0.0,45.5950219205096,0.0,45.30163757194551,0.0,0.0,0.0,0.0,0.0,0.0,0.0
10.0,7.02495124756238,0.0040601980915987,0.0040601980922733,0.999991757362202,0.999991757362202,49.41355415138365,0.0,49.97244862349526,0.0,45.59502191534949,0.0,45.30163748111695,0.0,0.0,0.0,0.0,0.0,0.0,0.0
10.0,7.025201260063,0.0040602514884706,0.0040602514891468,0.999991757145398,0.999991757145398,49.41355413128242,0.0,49.97244819551577,0.0,45.5950219101892,0.0,45.30163739028524,0.0,0.0,0.0,0.0,0.0,0.0,0.0
10.0,7.02545127256363,0.0040603048864635,0.0040603048871415,0.999991756928587,0.999991756928586,49.41355411118028,0.0,49.97244776752208,0.0,45.59502190502872,0.0,45.30163729945039,0.0,0.0,0.0,0.0,0.0,0.0,0.0
10.0,7.02570128506425,0.0040603582855775,0.0040603582862571,0.999991756711768,0.999991756711768,49.41355409107721,0.0,49.9724473395142,0.0,45.59502189986806,0.0,45.3016372086124,0.0,0.0,0.0,0.0,0.0,0.0,0.0
10.0,7.02595129756488,0.0040604116858126,0.0040604116864938,0.999991756494942,0.999991756494942,49.4135540709732,0.0,49.97244691149212,0.0,45.5950218947072,0.0,45.30163711777127,0.0,0.0,0.0,0.0,0.0,0.0,0.0
10.0,7.0262013100655,0.0040604650871685,0.0040604650878514,0.999991756278109,0.999991756278108,49.41355405086827,0.0,49.972446483455855,0.0,45.59502188954617,0.0,45.301637026927,0.0,0.0,0.0,0.0,0.0,0.0,0.0
10.0,7.02645132256613,0.0040605184896453,0.0040605184903299,0.999991756061268,0.9999917560612668,49.413554030762405,0.0,49.972446055405385,0.0,45.59502188438494,0.0,45.301636936079575,0.0,0.0,0.0,0.0,0.0,0.0,0.0
10.0,7.02670133506675,0.004060571893243,0.0040605718939292,0.99999175584442,0.999991755844419,49.41355401065562,0.0,49.972445627340726,0.0,45.59502187922354,0.0,45.30163684522901,0.0,0.0,0.0,0.0,0.0,0.0,0.0
10.0,7.02695134756738,0.0040606252979615,0.0040606252986493,0.999991755627564,0.999991755627563,49.41355399054791,0.0,49.97244519926187,0.0,45.59502187406194,0.0,45.30163675437532,0.0,0.0,0.0,0.0,0.0,0.0,0.0
10.0,7.027201360068,0.0040606787038007,0.0040606787044901,0.9999917554107012,0.9999917554107,49.41355397043928,0.0,49.97244477116882,0.0,45.59502186890016,0.0,45.30163666351847,0.0,0.0,0.0,0.0,0.0,0.0,0.0
10.0,7.02745137256863,0.0040607321107605,0.0040607321114516,0.99999175519383,0.99999175519383,49.4135539503297,0.0,49.97244434306158,0.0,45.5950218637382,0.0,45.30163657265849,0.0,0.0,0.0,0.0,0.0,0.0,0.0
10.0,7.02770138506925,0.004060785518841,0.0040607855195338,0.999991754976952,0.999991754976952,49.41355393021921,0.0,49.97244391494015,0.0,45.59502185857604,0.0,45.30163648179536,0.0,0.0,0.0,0.0,0.0,0.0,0.0
10.0,7.02795139756988,0.0040608389280421,0.0040608389287365,0.999991754760067,0.999991754760067,49.41355391010778,0.0,49.97244348680453,0.0,45.5950218534137,0.0,45.30163639092908,0.0,0.0,0.0,0.0,0.0,0.0,0.0
10.0,7.0282014100705,0.0040608923383637,0.0040608923390597,0.999991754543174,0.999991754543174,49.41355388999544,0.0,49.97244305865471,0.0,45.59502184825117,0.0,45.30163630005967,0.0,0.0,0.0,0.0,0.0,0.0,0.0
10.0,7.02845142257113,0.0040609457498057,0.0040609457505034,0.999991754326274,0.999991754326274,49.41355386988216,0.0,49.97244263049069,0.0,45.59502184308846,0.0,45.30163620918712,0.0,0.0,0.0,0.0,0.0,0.0,0.0
10.0,7.02870143507175,0.0040609991623682,0.0040609991630675,0.999991754109367,0.999991754109366,49.41355384976796,0.0,49.97244220231249,0.0,45.595021837925565,0.0,45.30163611831142,0.0,0.0,0.0,0.0,0.0,0.0,0.0
10.0,7.02895144757238,0.004061052576051,0.004061052576752,0.999991753892452,0.999991753892451,49.41355382965283,0.0,49.9724417741201,0.0,45.59502183276248,0.0,45.30163602743258,0.0,0.0,0.0,0.0,0.0,0.0,0.0
10.0,7.029201460073,0.0040611059908542,0.0040611059915568,0.99999175367553,0.999991753675529,49.41355380953678,0.0,49.9724413459135,0.0,45.59502182759921,0.0,45.3016359365506,0.0,0.0,0.0,0.0,0.0,0.0,0.0
10.0,7.02945147257363,0.0040611594067776,0.0040611594074818,0.9999917534586,0.999991753458599,49.4135537894198,0.0,49.97244091769272,0.0,45.59502182243576,0.0,45.30163584566547,0.0,0.0,0.0,0.0,0.0,0.0,0.0
10.0,7.02970148507425,0.0040612128238212,0.004061212824527,0.999991753241663,0.999991753241662,49.41355376930189,0.0,49.97244048945774,0.0,45.59502181727211,0.0,45.3016357547772,0.0,0.0,0.0,0.0,0.0,0.0,0.0
10.0,7.02995149757488,0.004061266241985,0.0040612662426924,0.999991753024718,0.999991753024718,49.41355374918306,0.0,49.97244006120858,0.0,45.595021812108286,0.0,45.3016356638858,0.0,0.0,0.0,0.0,0.0,0.0,0.0
10.0,7.030201510075499,0.0040613196612688,0.0040613196619779,0.999991752807766,0.999991752807766,49.4135537290633,0.0,49.97243963294522,0.0,45.595021806944274,0.0,45.301635572991245,0.0,0.0,0.0,0.0,0.0,0.0,0.0
10.0,7.03045152257613,0.0040613730816727,0.0040613730823835,0.999991752590807,0.999991752590807,49.41355370894262,0.0,49.97243920466767,0.0,45.595021801780064,0.0,45.30163548209355,0.0,0.0,0.0,0.0,0.0,0.0,0.0
10.0,7.03070153507675,0.0040614265031967,0.004061426503909,0.99999175237384,0.99999175237384,49.41355368882102,0.0,49.97243877637592,0.0,45.59502179661568,0.0,45.30163539119271,0.0,0.0,0.0,0.0,0.0,0.0,0.0
10.0,7.03095154757738,0.0040614799258405,0.0040614799265545,0.999991752156866,0.999991752156866,49.41355366869848,0.0,49.97243834806999,0.0,45.59502179145111,0.0,45.30163530028874,0.0,0.0,0.0,0.0,0.0,0.0,0.0
10.0,7.031201560078,0.0040615333496043,0.0040615333503199,0.999991751939885,0.999991751939884,49.41355364857503,0.0,49.97243791974986,0.0,45.59502178628636,0.0,45.301635209381615,0.0,0.0,0.0,0.0,0.0,0.0,0.0
10.0,7.03145157257863,0.0040615867744879,0.0040615867752051,0.999991751722896,0.999991751722895,49.41355362845064,0.0,49.97243749141554,0.0,45.59502178112141,0.0,45.30163511847135,0.0,0.0,0.0,0.0,0.0,0.0,0.0
10.0,7.03170158507925,0.0040616402004912,0.0040616402012102,0.999991751505899,0.999991751505899,49.41355360832533,0.0,49.97243706306704,0.0,45.59502177595628,0.0,45.30163502755794,0.0,0.0,0.0,0.0,0.0,0.0,0.0
10.0,7.03195159757988,0.0040616936276144,0.0040616936283349,0.999991751288896,0.999991751288895,49.4135535881991,0.0,49.97243663470432,0.0,45.59502177079096,0.0,45.3016349366414,0.0,0.0,0.0,0.0,0.0,0.0,0.0
10.0,7.0322016100805,0.0040617470558572,0.0040617470565793,0.999991751071885,0.999991751071884,49.41355356807195,0.0,49.97243620632744,0.0,45.595021765625454,0.0,45.30163484572171,0.0,0.0,0.0,0.0,0.0,0.0,0.0
10.0,7.03245162258113,0.0040618004852196,0.0040618004859434,0.999991750854866,0.999991750854865,49.41355354794387,0.0,49.972435777936354,0.0,45.59502176045977,0.0,45.30163475479888,0.0,0.0,0.0,0.0,0.0,0.0,0.0
10.0,7.03270163508175,0.0040618539157016,0.004061853916427,0.99999175063784,0.99999175063784,49.413553527814855,0.0,49.97243534953107,0.0,45.5950217552939,0.0,45.3016346638729,0.0,0.0,0.0,0.0,0.0,0.0,0.0
10.0,7.03295164758238,0.0040619073473031,0.0040619073480302,0.999991750420807,0.999991750420806,49.41355350768493,0.0,49.972434921111606,0.0,45.59502175012784,0.0,45.30163457294379,0.0,0.0,0.0,0.0,0.0,0.0,0.0
10.0,7.033201660083,0.0040619607800242,0.0040619607807528,0.999991750203766,0.999991750203765,49.41355348755407,0.0,49.97243449267796,0.0,45.59502174496159,0.0,45.301634482011536,0.0,0.0,0.0,0.0,0.0,0.0,0.0
10.0,7.03345167258363,0.0040620142138646,0.0040620142145949,0.999991749986718,0.9999917499867172,49.4135534674223,0.0,49.9724340642301,0.0,45.59502173979516,0.0,45.30163439107613,0.0,0.0,0.0,0.0,0.0,0.0,0.0
10.0,7.03370168508425,0.0040620676488244,0.0040620676495563,0.999991749769663,0.999991749769662,49.4135534472896,0.0,49.97243363576806,0.0,45.59502173462853,0.0,45.30163430013759,0.0,0.0,0.0,0.0,0.0,0.0,0.0
10.0,7.03395169758488,0.0040621210849035,0.0040621210856371,0.999991749552599,0.999991749552599,49.41355342715597,0.0,49.97243320729183,0.0,45.59502172946173,0.0,45.30163420919591,0.0,0.0,0.0,0.0,0.0,0.0,0.0
10.0,7.0342017100855,0.0040621745221019,0.0040621745228371,0.999991749335529,0.999991749335528,49.41355340702143,0.0,49.972432778801405,0.0,45.59502172429474,0.0,45.30163411825108,0.0,0.0,0.0,0.0,0.0,0.0,0.0
10.0,7.03445172258613,0.0040622279604195,0.0040622279611563,0.999991749118451,0.99999174911845,49.41355338688594,0.0,49.9724323502968,0.0,45.595021719127566,0.0,45.30163402730311,0.0,0.0,0.0,0.0,0.0,0.0,0.0
10.0,7.03470173508675,0.0040622813998563,0.0040622814005947,0.999991748901366,0.999991748901365,49.413553366749554,0.0,49.972431921778,0.0,45.5950217139602,0.0,45.301633936352005,0.0,0.0,0.0,0.0,0.0,0.0,0.0
10.0,7.034951747587381,0.0040623348404121,0.0040623348411522,0.999991748684273,0.999991748684273,49.41355334661223,0.0,49.97243149324501,0.0,45.59502170879264,0.0,45.30163384539775,0.0,0.0,0.0,0.0,0.0,0.0,0.0
10.0,7.035201760088,0.004062388282087,0.0040623882828287,0.999991748467173,0.999991748467173,49.413553326474,0.0,49.97243106469782,0.0,45.59502170362492,0.0,45.30163375444035,0.0,0.0,0.0,0.0,0.0,0.0,0.0
10.0,7.03545177258863,0.004062441724881,0.0040624417256242,0.999991748250066,0.999991748250065,49.41355330633484,0.0,49.97243063613645,0.0,45.59502169845699,0.0,45.30163366347982,0.0,0.0,0.0,0.0,0.0,0.0,0.0
10.0,7.03570178508925,0.0040624951687938,0.0040624951695387,0.9999917480329512,0.9999917480329512,49.41355328619474,0.0,49.97243020756088,0.0,45.595021693288885,0.0,45.30163357251615,0.0,0.0,0.0,0.0,0.0,0.0,0.0
10.0,7.03595179758988,0.0040625486138256,0.0040625486145721,0.999991747815829,0.999991747815829,49.41355326605374,0.0,49.97242977897113,0.0,45.59502168812059,0.0,45.30163348154932,0.0,0.0,0.0,0.0,0.0,0.0,0.0
10.0,7.0362018100905,0.0040626020599762,0.0040626020607244,0.9999917475987,0.999991747598699,49.4135532459118,0.0,49.97242935036719,0.0,45.59502168295211,0.0,45.30163339057936,0.0,0.0,0.0,0.0,0.0,0.0,0.0
10.0,7.03645182259113,0.0040626555072456,0.0040626555079954,0.999991747381562,0.999991747381562,49.41355322576896,0.0,49.97242892174906,0.0,45.59502167778344,0.0,45.301633299606245,0.0,0.0,0.0,0.0,0.0,0.0,0.0
10.0,7.03670183509175,0.0040627089556338,0.0040627089563851,0.999991747164418,0.999991747164418,49.41355320562518,0.0,49.97242849311674,0.0,45.595021672614585,0.0,45.30163320863,0.0,0.0,0.0,0.0,0.0,0.0,0.0
10.0,7.03695184759238,0.0040627624051406,0.0040627624058936,0.999991746947266,0.999991746947266,49.41355318548048,0.0,49.97242806447023,0.0,45.59502166744554,0.0,45.30163311765062,0.0,0.0,0.0,0.0,0.0,0.0,0.0
10.0,7.037201860093,0.0040628158557661,0.0040628158565207,0.999991746730107,0.999991746730107,49.41355316533485,0.0,49.97242763580953,0.0,45.59502166227633,0.0,45.301633026668085,0.0,0.0,0.0,0.0,0.0,0.0,0.0
10.0,7.03745187259363,0.0040628693075102,0.0040628693082664,0.999991746512941,0.99999174651294,49.41355314518832,0.0,49.97242720713464,0.0,45.59502165710691,0.0,45.301632935682406,0.0,0.0,0.0,0.0,0.0,0.0,0.0
10.0,7.03770188509425,0.0040629227603728,0.0040629227611306,0.999991746295767,0.999991746295766,49.413553125040856,0.0,49.972426778445566,0.0,45.59502165193732,0.0,45.30163284469359,0.0,0.0,0.0,0.0,0.0,0.0,0.0
10.0,7.03795189759488,0.0040629762143539,0.0040629762151133,0.999991746078585,0.999991746078585,49.41355310489248,0.0,49.97242634974229,0.0,45.59502164676753,0.0,45.30163275370164,0.0,0.0,0.0,0.0,0.0,0.0,0.0
10.0,7.0382019100955,0.0040630296694534,0.0040630296702144,0.999991745861396,0.999991745861396,49.41355308474317,0.0,49.97242592102484,0.0,45.59502164159757,0.0,45.30163266270655,0.0,0.0,0.0,0.0,0.0,0.0,0.0
10.0,7.03845192259613,0.0040630831256712,0.0040630831264339,0.9999917456442,0.9999917456441992,49.41355306459294,0.0,49.9724254922932,0.0,45.59502163642741,0.0,45.3016325717083,0.0,0.0,0.0,0.0,0.0,0.0,0.0
10.0,7.03870193509675,0.0040631365830074,0.0040631365837717,0.999991745426996,0.999991745426996,49.41355304444179,0.0,49.97242506354736,0.0,45.59502163125707,0.0,45.301632480706914,0.0,0.0,0.0,0.0,0.0,0.0,0.0
10.0,7.03895194759738,0.0040631900414619,0.0040631900422278,0.999991745209785,0.999991745209785,49.413553024289726,0.0,49.97242463478734,0.0,45.59502162608655,0.0,45.3016323897024,0.0,0.0,0.0,0.0,0.0,0.0,0.0
10.0,7.039201960098,0.0040632435010346,0.0040632435018021,0.9999917449925672,0.9999917449925672,49.41355300413674,0.0,49.97242420601313,0.0,45.59502162091583,0.0,45.30163229869473,0.0,0.0,0.0,0.0,0.0,0.0,0.0
10.0,7.03945197259863,0.0040632969617255,0.0040632969624945,0.999991744775341,0.999991744775341,49.413552983982825,0.0,49.97242377722474,0.0,45.595021615744926,0.0,45.30163220768392,0.0,0.0,0.0,0.0,0.0,0.0,0.0
10.0,7.03970198509925,0.0040633504235344,0.0040633504243051,0.999991744558108,0.999991744558108,49.41355296382799,0.0,49.97242334842216,0.0,45.59502161057385,0.0,45.30163211666997,0.0,0.0,0.0,0.0,0.0,0.0,0.0
10.0,7.03995199759988,0.0040634038864615,0.0040634038872338,0.999991744340868,0.9999917443408668,49.41355294367224,0.0,49.97242291960538,0.0,45.59502160540257,0.0,45.301632025652886,0.0,0.0,0.0,0.0,0.0,0.0,0.0
10.0,7.04020201010051,0.0040634573505065,0.0040634573512804,0.9999917441236188,0.9999917441236188,49.41355292351557,0.0,49.97242249077441,0.0,45.59502160023112,0.0,45.301631934632645,0.0,0.0,0.0,0.0,0.0,0.0,0.0
10.0,7.040452022601131,0.0040635108156695,0.004063510816445,0.999991743906364,0.999991743906364,49.41355290335797,0.0,49.97242206192927,0.0,45.59502159505948,0.0,45.30163184360927,0.0,0.0,0.0,0.0,0.0,0.0,0.0
10.0,7.04070203510175,0.0040635642819504,0.0040635642827275,0.9999917436891008,0.9999917436891008,49.41355288319947,0.0,49.97242163306993,0.0,45.59502158988765,0.0,45.30163175258276,0.0,0.0,0.0,0.0,0.0,0.0,0.0
10.0,7.04095204760238,0.0040636177493492,0.0040636177501279,0.999991743471831,0.999991743471831,49.41355286304003,0.0,49.9724212041964,0.0,45.59502158471562,0.0,45.301631661553095,0.0,0.0,0.0,0.0,0.0,0.0,0.0
10.0,7.041202060103,0.0040636712178657,0.004063671218646,0.999991743254553,0.999991743254553,49.41355284287968,0.0,49.9724207753087,0.0,45.59502157954343,0.0,45.30163157052029,0.0,0.0,0.0,0.0,0.0,0.0,0.0
10.0,7.04145207260363,0.0040637246875,0.0040637246882819,0.999991743037268,0.999991743037268,49.413552822718415,0.0,49.97242034640678,0.0,45.59502157437104,0.0,45.30163147948435,0.0,0.0,0.0,0.0,0.0,0.0,0.0
10.0,7.04170208510426,0.0040637781582521,0.0040637781590355,0.999991742819976,0.999991742819975,49.41355280255622,0.0,49.9724199174907,0.0,45.59502156919847,0.0,45.30163138844527,0.0,0.0,0.0,0.0,0.0,0.0,0.0
10.0,7.04195209760488,0.0040638316301217,0.0040638316309068,0.999991742602676,0.999991742602676,49.41355278239311,0.0,49.972419488560426,0.0,45.5950215640257,0.0,45.30163129740304,0.0,0.0,0.0,0.0,0.0,0.0,0.0
10.0,7.0422021101055,0.0040638851031089,0.0040638851038956,0.9999917423853693,0.999991742385368,49.41355276222909,0.0,49.972419059615966,0.0,45.59502155885277,0.0,45.30163120635768,0.0,0.0,0.0,0.0,0.0,0.0,0.0
10.0,7.04245212260613,0.0040639385772137,0.004063938578002,0.999991742168054,0.999991742168054,49.41355274206414,0.0,49.97241863065732,0.0,45.59502155367963,0.0,45.30163111530916,0.0,0.0,0.0,0.0,0.0,0.0,0.0
10.0,7.04270213510676,0.004063992052436,0.0040639920532258,0.999991741950732,0.999991741950732,49.41355272189828,0.0,49.97241820168448,0.0,45.59502154850631,0.0,45.30163102425751,0.0,0.0,0.0,0.0,0.0,0.0,0.0
10.0,7.04295214760738,0.0040640455287757,0.0040640455295671,0.999991741733403,0.999991741733402,49.41355270173149,0.0,49.972417772697455,0.0,45.595021543332805,0.0,45.30163093320272,0.0,0.0,0.0,0.0,0.0,0.0,0.0
10.0,7.04320216010801,0.0040640990062327,0.0040640990070258,0.9999917415160658,0.999991741516065,49.413552681563786,0.0,49.97241734369624,0.0,45.59502153815912,0.0,45.30163084214478,0.0,0.0,0.0,0.0,0.0,0.0,0.0
10.0,7.04345217260863,0.0040641524848071,0.0040641524856018,0.999991741298722,0.9999917412987211,49.41355266139516,0.0,49.97241691468084,0.0,45.59502153298524,0.0,45.30163075108371,0.0,0.0,0.0,0.0,0.0,0.0,0.0
10.0,7.04370218510925,0.0040642059644988,0.0040642059652951,0.99999174108137,0.999991741081369,49.41355264122562,0.0,49.97241648565126,0.0,45.59502152781118,0.0,45.30163066001949,0.0,0.0,0.0,0.0,0.0,0.0,0.0
10.0,7.04395219760988,0.0040642594453077,0.0040642594461056,0.9999917408640108,0.99999174086401,49.41355262105516,0.0,49.97241605660749,0.0,45.59502152263693,0.0,45.30163056895213,0.0,0.0,0.0,0.0,0.0,0.0,0.0
10.0,7.04420221011051,0.0040643129272338,0.0040643129280333,0.999991740646645,0.999991740646644,49.41355260088378,0.0,49.97241562754954,0.0,45.59502151746248,0.0,45.30163047788163,0.0,0.0,0.0,0.0,0.0,0.0,0.0
10.0,7.04445222261113,0.004064366410277,0.0040643664110781,0.9999917404292712,0.99999174042927,49.41355258071149,0.0,49.97241519847739,0.0,45.59502151228787,0.0,45.30163038680798,0.0,0.0,0.0,0.0,0.0,0.0,0.0
10.0,7.04470223511175,0.0040644198944373,0.0040644198952399,0.99999174021189,0.9999917402118887,49.41355256053828,0.0,49.972414769391065,0.0,45.59502150711307,0.0,45.3016302957312,0.0,0.0,0.0,0.0,0.0,0.0,0.0
10.0,7.04495224761238,0.0040644733797146,0.0040644733805188,0.9999917399945008,0.9999917399945,49.41355254036415,0.0,49.97241434029055,0.0,45.595021501938064,0.0,45.30163020465128,0.0,0.0,0.0,0.0,0.0,0.0,0.0
10.0,7.04520226011301,0.0040645268661088,0.0040645268669146,0.9999917397771052,0.999991739777104,49.4135525201891,0.0,49.97241391117585,0.0,45.5950214967629,0.0,45.3016301135682,0.0,0.0,0.0,0.0,0.0,0.0,0.0
10.0,7.04545227261363,0.00406458035362,0.0040645803544274,0.999991739559701,0.999991739559701,49.41355250001313,0.0,49.97241348204697,0.0,45.59502149158752,0.0,45.301630022482,0.0,0.0,0.0,0.0,0.0,0.0,0.0
10.0,7.04570228511426,0.004064633842248,0.004064633843057,0.99999173934229,0.99999173934229,49.41355247983625,0.0,49.97241305290389,0.0,45.59502148641197,0.0,45.30162993139264,0.0,0.0,0.0,0.0,0.0,0.0,0.0
10.0,7.045952297614879,0.0040646873319929,0.0040646873328034,0.999991739124872,0.999991739124872,49.41355245965845,0.0,49.97241262374664,0.0,45.59502148123623,0.0,45.30162984030015,0.0,0.0,0.0,0.0,0.0,0.0,0.0
10.0,7.0462023101155,0.0040647408228544,0.0040647408236666,0.999991738907447,0.999991738907446,49.41355243947973,0.0,49.97241219457519,0.0,45.59502147606031,0.0,45.30162974920452,0.0,0.0,0.0,0.0,0.0,0.0,0.0
10.0,7.04645232261613,0.0040647943148327,0.0040647943156464,0.999991738690014,0.999991738690013,49.413552419300096,0.0,49.972411765389566,0.0,45.595021470884205,0.0,45.30162965810574,0.0,0.0,0.0,0.0,0.0,0.0,0.0
10.0,7.04670233511676,0.0040648478079277,0.004064847808743,0.999991738472573,0.999991738472573,49.413552399119546,0.0,49.97241133618975,0.0,45.5950214657079,0.0,45.301629567003815,0.0,0.0,0.0,0.0,0.0,0.0,0.0
10.0,7.04695234761738,0.0040649013021392,0.0040649013029561,0.9999917382551248,0.9999917382551248,49.41355237893808,0.0,49.97241090697575,0.0,45.59502146053142,0.0,45.30162947589875,0.0,0.0,0.0,0.0,0.0,0.0,0.0
10.0,7.04720236011801,0.0040649547974673,0.0040649547982857,0.99999173803767,0.99999173803767,49.413552358755695,0.0,49.97241047774757,0.0,45.595021455354754,0.0,45.30162938479055,0.0,0.0,0.0,0.0,0.0,0.0,0.0
10.0,7.04745237261863,0.0040650082939119,0.0040650082947319,0.999991737820207,0.999991737820207,49.4135523385724,0.0,49.9724100485052,0.0,45.5950214501779,0.0,45.30162929367921,0.0,0.0,0.0,0.0,0.0,0.0,0.0
10.0,7.04770238511926,0.0040650617914729,0.0040650617922945,0.999991737602737,0.999991737602737,49.41355231838818,0.0,49.97240961924865,0.0,45.59502144500086,0.0,45.30162920256473,0.0,0.0,0.0,0.0,0.0,0.0,0.0
10.0,7.04795239761988,0.0040651152901503,0.0040651152909735,0.99999173738526,0.999991737385259,49.41355229820305,0.0,49.97240918997791,0.0,45.59502143982363,0.0,45.30162911144711,0.0,0.0,0.0,0.0,0.0,0.0,0.0
10.0,7.04820241012051,0.004065168789944,0.0040651687907688,0.999991737167775,0.999991737167775,49.413552278017,0.0,49.97240876069299,0.0,45.59502143464621,0.0,45.30162902032633,0.0,0.0,0.0,0.0,0.0,0.0,0.0
10.0,7.04845242262113,0.004065222290854,0.0040652222916804,0.999991736950283,0.999991736950282,49.413552257830034,0.0,49.97240833139388,0.0,45.59502142946862,0.0,45.30162892920242,0.0,0.0,0.0,0.0,0.0,0.0,0.0
10.0,7.04870243512176,0.0040652757928803,0.0040652757937082,0.999991736732783,0.999991736732782,49.41355223764216,0.0,49.97240790208058,0.0,45.595021424290834,0.0,45.30162883807537,0.0,0.0,0.0,0.0,0.0,0.0,0.0
10.0,7.04895244762238,0.0040653292960227,0.0040653292968523,0.999991736515276,0.999991736515276,49.41355221745336,0.0,49.97240747275312,0.0,45.59502141911286,0.0,45.301628746945184,0.0,0.0,0.0,0.0,0.0,0.0,0.0
10.0,7.04920246012301,0.0040653828002813,0.0040653828011124,0.999991736297762,0.9999917362977608,49.41355219726364,0.0,49.97240704341145,0.0,45.59502141393471,0.0,45.30162865581185,0.0,0.0,0.0,0.0,0.0,0.0,0.0
10.0,7.04945247262363,0.0040654363056559,0.0040654363064886,0.99999173608024,0.9999917360802392,49.41355217707302,0.0,49.972406614055615,0.0,45.59502140875637,0.0,45.301628564675376,0.0,0.0,0.0,0.0,0.0,0.0,0.0
10.0,7.04970248512426,0.0040654898121466,0.0040654898129809,0.999991735862711,0.99999173586271,49.41355215688148,0.0,49.97240618468558,0.0,45.59502140357784,0.0,45.30162847353576,0.0,0.0,0.0,0.0,0.0,0.0,0.0
10.0,7.04995249762488,0.0040655433197533,0.0040655433205891,0.999991735645174,0.999991735645173,49.41355213668902,0.0,49.97240575530137,0.0,45.59502139839912,0.0,45.301628382393,0.0,0.0,0.0,0.0,0.0,0.0,0.0
10.0,7.05020251012551,0.0040655968284758,0.0040655968293132,0.99999173542763,0.9999917354276288,49.41355211649565,0.0,49.972405325902976,0.0,45.59502139322022,0.0,45.3016282912471,0.0,0.0,0.0,0.0,0.0,0.0,0.0
10.0,7.05045252262613,0.0040656503383142,0.0040656503391532,0.999991735210078,0.999991735210078,49.413552096301366,0.0,49.9724048964904,0.0,45.59502138804113,0.0,45.30162820009806,0.0,0.0,0.0,0.0,0.0,0.0,0.0
10.0,7.05070253512676,0.0040657038492685,0.004065703850109,0.99999173499252,0.9999917349925193,49.41355207610617,0.0,49.97240446706363,0.0,45.59502138286186,0.0,45.30162810894588,0.0,0.0,0.0,0.0,0.0,0.0,0.0
10.0,7.05095254762738,0.0040657573613385,0.0040657573621806,0.999991734774953,0.999991734774953,49.413552055910046,0.0,49.97240403762269,0.0,45.59502137768241,0.0,45.30162801779055,0.0,0.0,0.0,0.0,0.0,0.0,0.0
10.0,7.05120256012801,0.0040658108745242,0.0040658108753678,0.99999173455738,0.999991734557379,49.41355203571302,0.0,49.97240360816756,0.0,45.59502137250276,0.0,45.30162792663209,0.0,0.0,0.0,0.0,0.0,0.0,0.0
10.0,7.05145257262863,0.0040658643888255,0.0040658643896708,0.9999917343397988,0.999991734339798,49.41355201551508,0.0,49.97240317869824,0.0,45.59502136732292,0.0,45.30162783547048,0.0,0.0,0.0,0.0,0.0,0.0,0.0
10.0,7.05170258512926,0.0040659179042425,0.0040659179050893,0.99999173412221,0.99999173412221,49.41355199531621,0.0,49.97240274921474,0.0,45.59502136214291,0.0,45.301627744305726,0.0,0.0,0.0,0.0,0.0,0.0,0.0
10.0,7.05195259762988,0.004065971420775,0.0040659714216234,0.999991733904614,0.999991733904614,49.41355197511645,0.0,49.97240231971707,0.0,45.595021356962704,0.0,45.30162765313784,0.0,0.0,0.0,0.0,0.0,0.0,0.0
10.0,7.05220261013051,0.0040660249384231,0.004066024939273,0.9999917336870112,0.99999173368701,49.41355195491576,0.0,49.972401890205205,0.0,45.59502135178232,0.0,45.30162756196681,0.0,0.0,0.0,0.0,0.0,0.0,0.0
10.0,7.05245262263113,0.0040660784571866,0.0040660784580381,0.9999917334694012,0.9999917334694,49.41355193471416,0.0,49.97240146067916,0.0,45.595021346601726,0.0,45.301627470792646,0.0,0.0,0.0,0.0,0.0,0.0,0.0
10.0,7.05270263513176,0.0040661319770654,0.0040661319779185,0.999991733251782,0.999991733251782,49.41355191451165,0.0,49.97240103113894,0.0,45.595021341420974,0.0,45.301627379615326,0.0,0.0,0.0,0.0,0.0,0.0,0.0
10.0,7.05295264763238,0.0040661854980596,0.0040661854989143,0.999991733034157,0.999991733034156,49.41355189430821,0.0,49.972400601584525,0.0,45.59502133624002,0.0,45.30162728843487,0.0,0.0,0.0,0.0,0.0,0.0,0.0
10.0,7.05320266013301,0.0040662390201692,0.0040662390210253,0.999991732816524,0.999991732816523,49.41355187410388,0.0,49.97240017201593,0.0,45.59502133105889,0.0,45.30162719725127,0.0,0.0,0.0,0.0,0.0,0.0,0.0
10.0,7.05345267263363,0.0040662925433939,0.0040662925442517,0.999991732598884,0.999991732598883,49.41355185389863,0.0,49.97239974243316,0.0,45.595021325877575,0.0,45.301627106064544,0.0,0.0,0.0,0.0,0.0,0.0,0.0
10.0,7.05370268513426,0.0040663460677338,0.0040663460685932,0.999991732381236,0.9999917323812348,49.41355183369247,0.0,49.9723993128362,0.0,45.59502132069607,0.0,45.301627014874654,0.0,0.0,0.0,0.0,0.0,0.0,0.0
10.0,7.05395269763488,0.0040663995931889,0.0040663995940498,0.999991732163581,0.99999173216358,49.41355181348538,0.0,49.972398883225054,0.0,45.595021315514366,0.0,45.30162692368164,0.0,0.0,0.0,0.0,0.0,0.0,0.0
10.0,7.05420271013551,0.0040664531197591,0.0040664531206215,0.999991731945918,0.999991731945918,49.41355179327739,0.0,49.97239845359975,0.0,45.59502131033249,0.0,45.30162683248548,0.0,0.0,0.0,0.0,0.0,0.0,0.0
10.0,7.05445272263613,0.0040665066474443,0.0040665066483083,0.9999917317282492,0.999991731728248,49.41355177306849,0.0,49.97239802396024,0.0,45.595021305150425,0.0,45.30162674128617,0.0,0.0,0.0,0.0,0.0,0.0,0.0
10.0,7.05470273513676,0.0040665601762444,0.00406656017711,0.9999917315105712,0.9999917315105712,49.41355175285867,0.0,49.97239759430655,0.0,45.595021299968174,0.0,45.30162665008373,0.0,0.0,0.0,0.0,0.0,0.0,0.0
10.0,7.05495274763738,0.0040666137061595,0.0040666137070266,0.999991731292887,0.999991731292886,49.413551732647946,0.0,49.972397164638686,0.0,45.59502129478574,0.0,45.30162655887814,0.0,0.0,0.0,0.0,0.0,0.0,0.0
10.0,7.05520276013801,0.0040666672371895,0.0040666672380582,0.9999917310751952,0.999991731075194,49.4135517124363,0.0,49.97239673495664,0.0,45.59502128960311,0.0,45.30162646766942,0.0,0.0,0.0,0.0,0.0,0.0,0.0
10.0,7.05545277263863,0.0040667207693343,0.0040667207702045,0.999991730857495,0.999991730857495,49.41355169222375,0.0,49.97239630526041,0.0,45.59502128442031,0.0,45.30162637645756,0.0,0.0,0.0,0.0,0.0,0.0,0.0
10.0,7.05570278513926,0.0040667743025939,0.0040667743034656,0.999991730639788,0.999991730639788,49.41355167201029,0.0,49.97239587554999,0.0,45.59502127923731,0.0,45.30162628524254,0.0,0.0,0.0,0.0,0.0,0.0,0.0
10.0,7.05595279763988,0.0040668278369681,0.0040668278378415,0.999991730422074,0.999991730422074,49.41355165179591,0.0,49.9723954458254,0.0,45.595021274054126,0.0,45.3016261940244,0.0,0.0,0.0,0.0,0.0,0.0,0.0
10.0,7.056202810140511,0.0040668813724571,0.004066881373332,0.999991730204353,0.999991730204352,49.413551631580624,0.0,49.97239501608663,0.0,45.59502126887076,0.0,45.3016261028031,0.0,0.0,0.0,0.0,0.0,0.0,0.0
10.0,7.05645282264113,0.0040669349090606,0.0040669349099371,0.999991729986623,0.999991729986623,49.413551611364426,0.0,49.97239458633367,0.0,45.59502126368721,0.0,45.30162601157867,0.0,0.0,0.0,0.0,0.0,0.0,0.0
10.0,7.05670283514176,0.0040669884467788,0.0040669884476568,0.999991729768887,0.999991729768887,49.41355159114732,0.0,49.97239415656654,0.0,45.59502125850346,0.0,45.3016259203511,0.0,0.0,0.0,0.0,0.0,0.0,0.0
10.0,7.05695284764238,0.0040670419856114,0.0040670419864909,0.999991729551143,0.999991729551142,49.41355157092929,0.0,49.97239372678522,0.0,45.59502125331954,0.0,45.301625829120375,0.0,0.0,0.0,0.0,0.0,0.0,0.0
10.0,7.05720286014301,0.0040670955255585,0.0040670955264396,0.999991729333392,0.999991729333391,49.41355155071035,0.0,49.97239329698972,0.0,45.595021248135424,0.0,45.301625737886525,0.0,0.0,0.0,0.0,0.0,0.0,0.0
10.0,7.05745287264363,0.00406714906662,0.0040671490675026,0.999991729115633,0.999991729115633,49.41355153049052,0.0,49.97239286718004,0.0,45.59502124295113,0.0,45.301625646649526,0.0,0.0,0.0,0.0,0.0,0.0,0.0
10.0,7.05770288514426,0.0040672026087958,0.00406720260968,0.999991728897867,0.999991728897867,49.41355151026976,0.0,49.97239243735619,0.0,45.595021237766645,0.0,45.3016255554094,0.0,0.0,0.0,0.0,0.0,0.0,0.0
10.0,7.05795289764488,0.004067256152086,0.0040672561529717,0.999991728680094,0.999991728680093,49.4135514900481,0.0,49.97239200751815,0.0,45.59502123258197,0.0,45.30162546416611,0.0,0.0,0.0,0.0,0.0,0.0,0.0
10.0,7.05820291014551,0.0040673096964904,0.0040673096973776,0.999991728462313,0.999991728462312,49.41355146982552,0.0,49.97239157766592,0.0,45.59502122739712,0.0,45.30162537291969,0.0,0.0,0.0,0.0,0.0,0.0,0.0
10.0,7.058452922646131,0.004067363242009,0.0040673632428978,0.999991728244525,0.999991728244524,49.413551449602025,0.0,49.97239114779952,0.0,45.59502122221208,0.0,45.30162528167012,0.0,0.0,0.0,0.0,0.0,0.0,0.0
10.0,7.05870293514676,0.0040674167886417,0.0040674167895321,0.999991728026729,0.999991728026728,49.413551429377634,0.0,49.97239071791894,0.0,45.59502121702684,0.0,45.30162519041742,0.0,0.0,0.0,0.0,0.0,0.0,0.0
10.0,7.05895294764738,0.0040674703363885,0.0040674703372804,0.999991727808926,0.999991727808925,49.413551409152326,0.0,49.97239028802418,0.0,45.59502121184144,0.0,45.30162509916157,0.0,0.0,0.0,0.0,0.0,0.0,0.0
10.0,7.05920296014801,0.0040675238852494,0.0040675238861428,0.999991727591115,0.999991727591115,49.41355138892611,0.0,49.97238985811524,0.0,45.59502120665583,0.0,45.301625007902594,0.0,0.0,0.0,0.0,0.0,0.0,0.0
10.0,7.05945297264863,0.0040675774352242,0.0040675774361192,0.999991727373298,0.999991727373297,49.413551368698975,0.0,49.97238942819212,0.0,45.59502120147004,0.0,45.30162491664046,0.0,0.0,0.0,0.0,0.0,0.0,0.0
10.0,7.05970298514926,0.004067630986313,0.0040676309872096,0.999991727155472,0.999991727155472,49.41355134847093,0.0,49.97238899825482,0.0,45.59502119628407,0.0,45.3016248253752,0.0,0.0,0.0,0.0,0.0,0.0,0.0
10.0,7.05995299764988,0.0040676845385157,0.0040676845394138,0.99999172693764,0.999991726937639,49.413551328242,0.0,49.972388568303344,0.0,45.59502119109791,0.0,45.30162473410679,0.0,0.0,0.0,0.0,0.0,0.0,0.0
10.0,7.06020301015051,0.0040677380918322,0.0040677380927318,0.9999917267198,0.999991726719799,49.41355130801214,0.0,49.97238813833768,0.0,45.59502118591156,0.0,45.30162464283524,0.0,0.0,0.0,0.0,0.0,0.0,0.0
10.0,7.06045302265113,0.0040677916462625,0.0040677916471637,0.999991726501952,0.999991726501952,49.413551287781374,0.0,49.97238770835784,0.0,45.59502118072504,0.0,45.30162455156055,0.0,0.0,0.0,0.0,0.0,0.0,0.0
10.0,7.06070303515176,0.0040678452018065,0.0040678452027092,0.999991726284097,0.9999917262840972,49.4135512675497,0.0,49.97238727836383,0.0,45.59502117553832,0.0,45.30162446028271,0.0,0.0,0.0,0.0,0.0,0.0,0.0
10.0,7.06095304765238,0.0040678987584642,0.0040678987593684,0.9999917260662352,0.9999917260662352,49.41355124731711,0.0,49.972386848355626,0.0,45.59502117035141,0.0,45.30162436900174,0.0,0.0,0.0,0.0,0.0,0.0,0.0
10.0,7.06120306015301,0.0040679523162355,0.0040679523171413,0.999991725848365,0.999991725848365,49.413551227083616,0.0,49.97238641833325,0.0,45.59502116516432,0.0,45.30162427771763,0.0,0.0,0.0,0.0,0.0,0.0,0.0
10.0,7.06145307265363,0.0040680058751204,0.0040680058760277,0.999991725630488,0.999991725630488,49.41355120684922,0.0,49.97238598829669,0.0,45.59502115997704,0.0,45.30162418643037,0.0,0.0,0.0,0.0,0.0,0.0,0.0
10.0,7.061703085154259,0.0040680594351188,0.0040680594360276,0.999991725412604,0.999991725412603,49.41355118661391,0.0,49.97238555824596,0.0,45.59502115478959,0.0,45.30162409513998,0.0,0.0,0.0,0.0,0.0,0.0,0.0
10.0,7.06195309765488,0.0040681129962306,0.004068112997141,0.999991725194712,0.999991725194712,49.41355116637769,0.0,49.972385128181045,0.0,45.59502114960193,0.0,45.30162400384644,0.0,0.0,0.0,0.0,0.0,0.0,0.0
10.0,7.06220311015551,0.0040681665584559,0.0040681665593678,0.9999917249768132,0.999991724976812,49.41355114614056,0.0,49.97238469810196,0.0,45.59502114441409,0.0,45.301623912549765,0.0,0.0,0.0,0.0,0.0,0.0,0.0
10.0,7.06245312265613,0.0040682201217945,0.004068220122708,0.999991724758906,0.999991724758906,49.41355112590253,0.0,49.97238426800868,0.0,45.59502113922608,0.0,45.30162382124994,0.0,0.0,0.0,0.0,0.0,0.0,0.0
10.0,7.06270313515676,0.0040682736862465,0.0040682736871615,0.999991724540992,0.999991724540992,49.41355110566359,0.0,49.97238383790124,0.0,45.59502113403786,0.0,45.30162372994698,0.0,0.0,0.0,0.0,0.0,0.0,0.0
10.0,7.06295314765738,0.0040683272518117,0.0040683272527282,0.9999917243230712,0.99999172432307,49.41355108542373,0.0,49.97238340777961,0.0,45.59502112884948,0.0,45.30162363864088,0.0,0.0,0.0,0.0,0.0,0.0,0.0
10.0,7.06320316015801,0.0040683808184901,0.0040683808194082,0.999991724105142,0.999991724105141,49.41355106518298,0.0,49.97238297764381,0.0,45.5950211236609,0.0,45.30162354733165,0.0,0.0,0.0,0.0,0.0,0.0,0.0
10.0,7.06345317265863,0.0040684343862817,0.0040684343872012,0.999991723887206,0.9999917238872048,49.41355104494132,0.0,49.97238254749383,0.0,45.59502111847213,0.0,45.301623456019264,0.0,0.0,0.0,0.0,0.0,0.0,0.0
10.0,7.06370318515926,0.0040684879551863,0.0040684879561074,0.999991723669262,0.999991723669261,49.413551024698734,0.0,49.97238211732966,0.0,45.59502111328319,0.0,45.30162336470374,0.0,0.0,0.0,0.0,0.0,0.0,0.0
10.0,7.063953197659881,0.004068541525204,0.0040685415261267,0.999991723451311,0.99999172345131,49.41355100445525,0.0,49.97238168715132,0.0,45.595021108094045,0.0,45.30162327338508,0.0,0.0,0.0,0.0,0.0,0.0,0.0
10.0,7.06420321016051,0.0040685950963348,0.0040685950972589,0.999991723233353,0.999991723233352,49.41355098421086,0.0,49.972381256958805,0.0,45.59502110290472,0.0,45.30162318206327,0.0,0.0,0.0,0.0,0.0,0.0,0.0
10.0,7.06445322266113,0.0040686486685784,0.0040686486695041,0.999991723015387,0.999991723015387,49.41355096396556,0.0,49.97238082675211,0.0,45.59502109771521,0.0,45.30162309073832,0.0,0.0,0.0,0.0,0.0,0.0,0.0
10.0,7.06470323516176,0.004068702241935,0.0040687022428622,0.999991722797414,0.9999917227974128,49.41355094371936,0.0,49.97238039653124,0.0,45.59502109252552,0.0,45.30162299941023,0.0,0.0,0.0,0.0,0.0,0.0,0.0
10.0,7.06495324766238,0.0040687558164043,0.0040687558173331,0.999991722579433,0.999991722579432,49.41355092347224,0.0,49.97237996629618,0.0,45.59502108733564,0.0,45.30162290807901,0.0,0.0,0.0,0.0,0.0,0.0,0.0
10.0,7.06520326016301,0.0040688093919865,0.0040688093929168,0.999991722361445,0.999991722361445,49.41355090322423,0.0,49.97237953604695,0.0,45.59502108214557,0.0,45.30162281674463,0.0,0.0,0.0,0.0,0.0,0.0,0.0
10.0,7.06545327266363,0.0040688629686814,0.0040688629696132,0.99999172214345,0.999991722143449,49.41355088297531,0.0,49.97237910578355,0.0,45.59502107695532,0.0,45.30162272540713,0.0,0.0,0.0,0.0,0.0,0.0,0.0
10.0,7.06570328516426,0.004068916546489,0.0040689165474223,0.9999917219254468,0.999991721925446,49.41355086272547,0.0,49.972378675505965,0.0,45.59502107176488,0.0,45.30162263406648,0.0,0.0,0.0,0.0,0.0,0.0,0.0
10.0,7.06595329766488,0.0040689701254092,0.0040689701263441,0.999991721707437,0.999991721707436,49.41355084247474,0.0,49.97237824521421,0.0,45.59502106657425,0.0,45.30162254272268,0.0,0.0,0.0,0.0,0.0,0.0,0.0
10.0,7.06620331016551,0.004069023705442,0.0040690237063784,0.999991721489419,0.999991721489419,49.4135508222231,0.0,49.97237781490828,0.0,45.59502106138344,0.0,45.30162245137576,0.0,0.0,0.0,0.0,0.0,0.0,0.0
10.0,7.06645332266613,0.0040690772865874,0.0040690772875252,0.999991721271394,0.9999917212713932,49.413550801970544,0.0,49.97237738458816,0.0,45.59502105619245,0.0,45.30162236002568,0.0,0.0,0.0,0.0,0.0,0.0,0.0
10.0,7.06670333516676,0.0040691308688452,0.0040691308697846,0.999991721053362,0.999991721053361,49.41355078171709,0.0,49.97237695425388,0.0,45.59502105100125,0.0,45.30162226867247,0.0,0.0,0.0,0.0,0.0,0.0,0.0
10.0,7.06695334766738,0.0040691844522154,0.0040691844531563,0.999991720835322,0.999991720835321,49.41355076146273,0.0,49.9723765239054,0.0,45.59502104580988,0.0,45.30162217731612,0.0,0.0,0.0,0.0,0.0,0.0,0.0
10.0,7.067203360168009,0.004069238036698,0.0040692380376404,0.9999917206172751,0.999991720617274,49.413550741207466,0.0,49.97237609354276,0.0,45.59502104061833,0.0,45.301622085956616,0.0,0.0,0.0,0.0,0.0,0.0,0.0
10.0,7.06745337266863,0.0040692916222929,0.0040692916232369,0.99999172039922,0.99999172039922,49.41355072095129,0.0,49.97237566316595,0.0,45.59502103542658,0.0,45.30162199459398,0.0,0.0,0.0,0.0,0.0,0.0,0.0
10.0,7.06770338516926,0.0040693452090001,0.0040693452099456,0.999991720181158,0.9999917201811568,49.413550700694216,0.0,49.972375232774944,0.0,45.595021030234655,0.0,45.3016219032282,0.0,0.0,0.0,0.0,0.0,0.0,0.0
10.0,7.06795339766988,0.0040693987968195,0.0040693987977665,0.9999917199630892,0.999991719963088,49.41355068043624,0.0,49.97237480236978,0.0,45.59502102504254,0.0,45.301621811859285,0.0,0.0,0.0,0.0,0.0,0.0,0.0
10.0,7.06820341017051,0.0040694523857511,0.0040694523866996,0.999991719745012,0.999991719745011,49.41355066017735,0.0,49.97237437195044,0.0,45.59502101985024,0.0,45.301621720487226,0.0,0.0,0.0,0.0,0.0,0.0,0.0
10.0,7.06845342267113,0.0040695059757948,0.0040695059767448,0.9999917195269268,0.9999917195269268,49.41355063991755,0.0,49.9723739415169,0.0,45.59502101465775,0.0,45.301621629112034,0.0,0.0,0.0,0.0,0.0,0.0,0.0
10.0,7.06870343517176,0.0040695595669505,0.004069559567902,0.999991719308836,0.999991719308835,49.413550619656846,0.0,49.97237351106921,0.0,45.59502100946508,0.0,45.301621537733695,0.0,0.0,0.0,0.0,0.0,0.0,0.0
10.0,7.06895344767238,0.0040696131592182,0.0040696131601713,0.9999917190907373,0.9999917190907373,49.41355059939525,0.0,49.972373080607326,0.0,45.59502100427223,0.0,45.30162144635221,0.0,0.0,0.0,0.0,0.0,0.0,0.0
10.0,7.06920346017301,0.0040696667525979,0.0040696667535525,0.999991718872631,0.99999171887263,49.41355057913274,0.0,49.97237265013128,0.0,45.595020999079175,0.0,45.3016213549676,0.0,0.0,0.0,0.0,0.0,0.0,0.0
10.0,7.069453472673629,0.0040697203470895,0.0040697203480456,0.9999917186545172,0.999991718654516,49.41355055886933,0.0,49.97237221964105,0.0,45.59502099388594,0.0,45.30162126357983,0.0,0.0,0.0,0.0,0.0,0.0,0.0
10.0,7.06970348517426,0.004069773942693,0.0040697739436505,0.999991718436396,0.999991718436395,49.413550538605016,0.0,49.97237178913665,0.0,45.595020988692525,0.0,45.30162117218892,0.0,0.0,0.0,0.0,0.0,0.0,0.0
10.0,7.06995349767488,0.0040698275394082,0.0040698275403673,0.9999917182182668,0.999991718218266,49.4135505183398,0.0,49.97237135861808,0.0,45.59502098349893,0.0,45.30162108079488,0.0,0.0,0.0,0.0,0.0,0.0,0.0
10.0,7.07020351017551,0.0040698811372352,0.0040698811381958,0.999991718000131,0.99999171800013,49.41355049807367,0.0,49.97237092808532,0.0,45.59502097830513,0.0,45.3016209893977,0.0,0.0,0.0,0.0,0.0,0.0,0.0
10.0,7.07045352267613,0.0040699347361739,0.004069934737136,0.999991717781988,0.9999917177819868,49.41355047780664,0.0,49.97237049753839,0.0,45.595020973111154,0.0,45.301620897997374,0.0,0.0,0.0,0.0,0.0,0.0,0.0
10.0,7.07070353517676,0.0040699883362242,0.0040699883371878,0.999991717563837,0.999991717563836,49.41355045753871,0.0,49.97237006697729,0.0,45.59502096791699,0.0,45.30162080659391,0.0,0.0,0.0,0.0,0.0,0.0,0.0
10.0,7.07095354767738,0.0040700419373861,0.0040700419383512,0.999991717345679,0.999991717345678,49.41355043726987,0.0,49.972369636402,0.0,45.59502096272264,0.0,45.301620715187305,0.0,0.0,0.0,0.0,0.0,0.0,0.0
10.0,7.07120356017801,0.0040700955396596,0.0040700955406262,0.999991717127513,0.999991717127513,49.41355041700014,0.0,49.97236920581256,0.0,45.59502095752811,0.0,45.30162062377756,0.0,0.0,0.0,0.0,0.0,0.0,0.0
10.0,7.07145357267863,0.0040701491430445,0.0040701491440126,0.99999171690934,0.99999171690934,49.41355039672949,0.0,49.97236877520892,0.0,45.595020952333385,0.0,45.30162053236467,0.0,0.0,0.0,0.0,0.0,0.0,0.0
10.0,7.07170358517926,0.0040702027475409,0.0040702027485105,0.99999171669116,0.9999917166911588,49.41355037645795,0.0,49.972368344591125,0.0,45.59502094713848,0.0,45.30162044094864,0.0,0.0,0.0,0.0,0.0,0.0,0.0
10.0,7.07195359767988,0.0040702563531486,0.0040702563541197,0.999991716472972,0.999991716472971,49.413550356185496,0.0,49.97236791395914,0.0,45.59502094194338,0.0,45.30162034952947,0.0,0.0,0.0,0.0,0.0,0.0,0.0
10.0,7.07220361018051,0.0040703099598677,0.0040703099608403,0.999991716254777,0.999991716254776,49.41355033591214,0.0,49.97236748331299,0.0,45.59502093674811,0.0,45.30162025810717,0.0,0.0,0.0,0.0,0.0,0.0,0.0
10.0,7.07245362268113,0.0040703635676981,0.0040703635686722,0.999991716036574,0.999991716036574,49.41355031563789,0.0,49.972367052652665,0.0,45.59502093155265,0.0,45.30162016668172,0.0,0.0,0.0,0.0,0.0,0.0,0.0
10.0,7.07270363518176,0.0040704171766397,0.0040704171776153,0.999991715818364,0.999991715818364,49.413550295362725,0.0,49.97236662197817,0.0,45.59502092635699,0.0,45.301620075253126,0.0,0.0,0.0,0.0,0.0,0.0,0.0
10.0,7.07295364768238,0.0040704707866924,0.0040704707876695,0.999991715600147,0.999991715600146,49.41355027508667,0.0,49.97236619128949,0.0,45.59502092116116,0.0,45.3016199838214,0.0,0.0,0.0,0.0,0.0,0.0,0.0
10.0,7.07320366018301,0.0040705243978563,0.0040705243988349,0.999991715381922,0.999991715381922,49.4135502548097,0.0,49.97236576058664,0.0,45.59502091596513,0.0,45.301619892386526,0.0,0.0,0.0,0.0,0.0,0.0,0.0
10.0,7.07345367268363,0.0040705780101312,0.0040705780111113,0.99999171516369,0.999991715163689,49.41355023453185,0.0,49.97236532986962,0.0,45.59502091076892,0.0,45.30161980094852,0.0,0.0,0.0,0.0,0.0,0.0,0.0
10.0,7.07370368518426,0.0040706316235172,0.0040706316244988,0.99999171494545,0.99999171494545,49.41355021425308,0.0,49.97236489913843,0.0,45.595020905572525,0.0,45.30161970950737,0.0,0.0,0.0,0.0,0.0,0.0,0.0
10.0,7.07395369768488,0.0040706852380141,0.0040706852389972,0.999991714727204,0.9999917147272028,49.41355019397341,0.0,49.97236446839305,0.0,45.59502090037594,0.0,45.30161961806307,0.0,0.0,0.0,0.0,0.0,0.0,0.0
10.0,7.07420371018551,0.004070738853622,0.0040707388546065,0.999991714508949,0.999991714508949,49.41355017369284,0.0,49.97236403763352,0.0,45.595020895179175,0.0,45.30161952661564,0.0,0.0,0.0,0.0,0.0,0.0,0.0
10.0,7.07445372268613,0.0040707924703407,0.0040707924713267,0.999991714290688,0.999991714290687,49.41355015341136,0.0,49.972363606859794,0.0,45.595020889982216,0.0,45.301619435165065,0.0,0.0,0.0,0.0,0.0,0.0,0.0
10.0,7.07470373518676,0.0040708460881702,0.0040708460891577,0.999991714072418,0.999991714072418,49.413550133128986,0.0,49.9723631760719,0.0,45.59502088478508,0.0,45.301619343711344,0.0,0.0,0.0,0.0,0.0,0.0,0.0
10.0,7.07495374768738,0.0040708997071104,0.0040708997080995,0.999991713854142,0.999991713854141,49.41355011284571,0.0,49.97236274526984,0.0,45.59502087958775,0.0,45.3016192522545,0.0,0.0,0.0,0.0,0.0,0.0,0.0
10.0,7.07520376018801,0.0040709533271614,0.0040709533281519,0.999991713635858,0.999991713635857,49.413550092561536,0.0,49.972362314453605,0.0,45.59502087439024,0.0,45.3016191607945,0.0,0.0,0.0,0.0,0.0,0.0,0.0
10.0,7.07545377268864,0.004071006948323,0.004071006949315,0.9999917134175672,0.999991713417566,49.41355007227646,0.0,49.97236188362319,0.0,45.59502086919255,0.0,45.30161906933136,0.0,0.0,0.0,0.0,0.0,0.0,0.0
10.0,7.07570378518926,0.0040710605705952,0.0040710605715887,0.999991713199268,0.999991713199268,49.41355005199048,0.0,49.97236145277862,0.0,45.595020863994655,0.0,45.3016189778651,0.0,0.0,0.0,0.0,0.0,0.0,0.0
10.0,7.07595379768988,0.004071114193978,0.004071114194973,0.999991712980962,0.999991712980961,49.41355003170359,0.0,49.97236102191986,0.0,45.5950208587966,0.0,45.30161888639567,0.0,0.0,0.0,0.0,0.0,0.0,0.0
10.0,7.07620381019051,0.0040711678184712,0.0040711678194677,0.999991712762648,0.999991712762648,49.41355001141582,0.0,49.97236059104693,0.0,45.59502085359833,0.0,45.30161879492312,0.0,0.0,0.0,0.0,0.0,0.0,0.0
10.0,7.07645382269113,0.0040712214440749,0.0040712214450729,0.999991712544327,0.999991712544327,49.413549991127134,0.0,49.97236016015984,0.0,45.59502084839989,0.0,45.301618703447424,0.0,0.0,0.0,0.0,0.0,0.0,0.0
10.0,7.07670383519176,0.004071275070789,0.0040712750717885,0.999991712325999,0.999991712325999,49.41354997083756,0.0,49.97235972925856,0.0,45.59502084320125,0.0,45.30161861196858,0.0,0.0,0.0,0.0,0.0,0.0,0.0
10.0,7.07695384769238,0.0040713286986135,0.0040713286996144,0.999991712107663,0.999991712107663,49.41354995054707,0.0,49.97235929834311,0.0,45.59502083800244,0.0,45.301618520486606,0.0,0.0,0.0,0.0,0.0,0.0,0.0
10.0,7.07720386019301,0.0040713823275482,0.0040713823285506,0.99999171188932,0.99999171188932,49.41354993025568,0.0,49.97235886741349,0.0,45.59502083280344,0.0,45.301618429001486,0.0,0.0,0.0,0.0,0.0,0.0,0.0
10.0,7.07745387269363,0.0040714359575931,0.0040714359585971,0.99999171167097,0.999991711670969,49.41354990996341,0.0,49.9723584364697,0.0,45.59502082760425,0.0,45.301618337513226,0.0,0.0,0.0,0.0,0.0,0.0,0.0
10.0,7.07770388519426,0.0040714895887483,0.0040714895897537,0.999991711452612,0.999991711452611,49.41354988967023,0.0,49.97235800551174,0.0,45.59502082240488,0.0,45.30161824602183,0.0,0.0,0.0,0.0,0.0,0.0,0.0
10.0,7.07795389769489,0.0040715432210136,0.0040715432220204,0.999991711234247,0.999991711234246,49.41354986937613,0.0,49.97235757453961,0.0,45.59502081720532,0.0,45.3016181545273,0.0,0.0,0.0,0.0,0.0,0.0,0.0
10.0,7.07820391019551,0.0040715968543889,0.0040715968553973,0.999991711015874,0.9999917110158733,49.41354984908116,0.0,49.972357143553296,0.0,45.59502081200557,0.0,45.30161806302961,0.0,0.0,0.0,0.0,0.0,0.0,0.0
10.0,7.07845392269613,0.0040716504888743,0.0040716504898841,0.999991710797494,0.999991710797493,49.41354982878528,0.0,49.972356712552816,0.0,45.59502080680564,0.0,45.30161797152879,0.0,0.0,0.0,0.0,0.0,0.0,0.0
10.0,7.07870393519676,0.0040717041244696,0.0040717041254809,0.999991710579106,0.999991710579106,49.4135498084885,0.0,49.97235628153817,0.0,45.59502080160552,0.0,45.30161788002482,0.0,0.0,0.0,0.0,0.0,0.0,0.0
10.0,7.07895394769738,0.0040717577611749,0.0040717577621877,0.999991710360712,0.999991710360711,49.413549788190814,0.0,49.97235585050935,0.0,45.595020796405215,0.0,45.30161778851773,0.0,0.0,0.0,0.0,0.0,0.0,0.0
10.0,7.07920396019801,0.0040718113989901,0.0040718114000043,0.999991710142309,0.999991710142308,49.41354976789224,0.0,49.97235541946636,0.0,45.59502079120472,0.0,45.30161769700749,0.0,0.0,0.0,0.0,0.0,0.0,0.0
10.0,7.07945397269864,0.004071865037915,0.0040718650389308,0.999991709923899,0.999991709923899,49.413549747592754,0.0,49.9723549884092,0.0,45.595020786004056,0.0,45.3016176054941,0.0,0.0,0.0,0.0,0.0,0.0,0.0
10.0,7.079703985199261,0.0040719186779498,0.004071918678967,0.999991709705482,0.999991709705482,49.41354972729238,0.0,49.97235455733786,0.0,45.59502078080319,0.0,45.30161751397758,0.0,0.0,0.0,0.0,0.0,0.0,0.0
10.0,7.07995399769988,0.0040719723190942,0.0040719723201129,0.999991709487058,0.999991709487057,49.41354970699111,0.0,49.97235412625236,0.0,45.59502077560214,0.0,45.30161742245792,0.0,0.0,0.0,0.0,0.0,0.0,0.0
10.0,7.08020401020051,0.0040720259613483,0.0040720259623685,0.999991709268626,0.999991709268625,49.41354968668893,0.0,49.97235369515268,0.0,45.5950207704009,0.0,45.30161733093512,0.0,0.0,0.0,0.0,0.0,0.0,0.0
10.0,7.08045402270114,0.004072079604712,0.0040720796057337,0.9999917090501872,0.999991709050186,49.413549666385855,0.0,49.97235326403883,0.0,45.595020765199486,0.0,45.30161723940918,0.0,0.0,0.0,0.0,0.0,0.0,0.0
10.0,7.08070403520176,0.0040721332491853,0.0040721332502084,0.99999170883174,0.9999917088317392,49.41354964608188,0.0,49.97235283291081,0.0,45.59502075999788,0.0,45.301617147880094,0.0,0.0,0.0,0.0,0.0,0.0,0.0
10.0,7.08095404770239,0.0040721868947681,0.0040721868957927,0.999991708613286,0.999991708613286,49.41354962577701,0.0,49.97235240176862,0.0,45.59502075479608,0.0,45.30161705634788,0.0,0.0,0.0,0.0,0.0,0.0,0.0
10.0,7.08120406020301,0.0040722405414603,0.0040722405424864,0.999991708394825,0.999991708394824,49.41354960547124,0.0,49.97235197061226,0.0,45.5950207495941,0.0,45.30161696481251,0.0,0.0,0.0,0.0,0.0,0.0,0.0
10.0,7.08145407270364,0.004072294189262,0.0040722941902895,0.999991708176356,0.9999917081763552,49.41354958516458,0.0,49.97235153944173,0.0,45.59502074439193,0.0,45.301616873274,0.0,0.0,0.0,0.0,0.0,0.0,0.0
10.0,7.08170408520426,0.004072347838173,0.004072347839202,0.99999170795788,0.999991707957879,49.41354956485701,0.0,49.97235110825702,0.0,45.59502073918958,0.0,45.30161678173236,0.0,0.0,0.0,0.0,0.0,0.0,0.0
10.0,7.08195409770489,0.0040724014881933,0.0040724014892237,0.9999917077393962,0.999991707739395,49.41354954454855,0.0,49.97235067705815,0.0,45.59502073398704,0.0,45.30161669018759,0.0,0.0,0.0,0.0,0.0,0.0,0.0
10.0,7.08220411020551,0.0040724551393228,0.0040724551403547,0.999991707520905,0.999991707520904,49.4135495242392,0.0,49.97235024584512,0.0,45.59502072878432,0.0,45.30161659863966,0.0,0.0,0.0,0.0,0.0,0.0,0.0
10.0,7.08245412270613,0.0040725087915615,0.0040725087925949,0.999991707302406,0.999991707302406,49.41354950392893,0.0,49.9723498146179,0.0,45.59502072358141,0.0,45.3016165070886,0.0,0.0,0.0,0.0,0.0,0.0,0.0
10.0,7.08270413520676,0.0040725624449094,0.0040725624459443,0.999991707083901,0.9999917070839,49.41354948361778,0.0,49.97234938337652,0.0,45.59502071837832,0.0,45.30161641553438,0.0,0.0,0.0,0.0,0.0,0.0,0.0
10.0,7.08295414770738,0.0040726160993664,0.0040726161004027,0.999991706865387,0.999991706865387,49.413549463305735,0.0,49.97234895212097,0.0,45.59502071317503,0.0,45.30161632397704,0.0,0.0,0.0,0.0,0.0,0.0,0.0
10.0,7.08320416020801,0.0040726697549324,0.0040726697559702,0.9999917066468668,0.999991706646866,49.41354944299278,0.0,49.97234852085125,0.0,45.59502070797157,0.0,45.30161623241656,0.0,0.0,0.0,0.0,0.0,0.0,0.0
10.0,7.08345417270864,0.0040727234116074,0.0040727234126466,0.999991706428339,0.999991706428338,49.41354942267894,0.0,49.97234808956736,0.0,45.59502070276791,0.0,45.301616140852936,0.0,0.0,0.0,0.0,0.0,0.0,0.0
10.0,7.08370418520926,0.0040727770693913,0.004072777070432,0.9999917062098028,0.9999917062098028,49.4135494023642,0.0,49.97234765826929,0.0,45.59502069756406,0.0,45.30161604928617,0.0,0.0,0.0,0.0,0.0,0.0,0.0
10.0,7.08395419770989,0.0040728307282841,0.0040728307293263,0.999991705991261,0.99999170599126,49.41354938204856,0.0,49.97234722695706,0.0,45.59502069236004,0.0,45.301615957716265,0.0,0.0,0.0,0.0,0.0,0.0,0.0
10.0,7.08420421021051,0.0040728843882858,0.0040728843893294,0.99999170577271,0.99999170577271,49.41354936173203,0.0,49.97234679563066,0.0,45.595020687155824,0.0,45.30161586614322,0.0,0.0,0.0,0.0,0.0,0.0,0.0
10.0,7.08445422271114,0.0040729380493962,0.0040729380504413,0.999991705554153,0.9999917055541518,49.413549341414594,0.0,49.9723463642901,0.0,45.59502068195143,0.0,45.30161577456704,0.0,0.0,0.0,0.0,0.0,0.0,0.0
10.0,7.08470423521176,0.0040729917116153,0.0040729917126619,0.999991705335588,0.999991705335587,49.41354932109627,0.0,49.97234593293536,0.0,45.59502067674684,0.0,45.30161568298771,0.0,0.0,0.0,0.0,0.0,0.0,0.0
10.0,7.08495424771239,0.0040730453749431,0.0040730453759911,0.999991705117015,0.999991705117015,49.41354930077705,0.0,49.97234550156646,0.0,45.59502067154207,0.0,45.301615591405245,0.0,0.0,0.0,0.0,0.0,0.0,0.0
10.0,7.085204260213009,0.0040730990393796,0.004073099040429,0.999991704898436,0.9999917048984348,49.41354928045693,0.0,49.97234507018338,0.0,45.59502066633711,0.0,45.30161549981964,0.0,0.0,0.0,0.0,0.0,0.0,0.0
10.0,7.08545427271364,0.0040731527049246,0.0040731527059755,0.999991704679848,0.999991704679848,49.41354926013592,0.0,49.97234463878613,0.0,45.59502066113197,0.0,45.3016154082309,0.0,0.0,0.0,0.0,0.0,0.0,0.0
10.0,7.08570428521426,0.0040732063715781,0.0040732063726305,0.999991704461254,0.999991704461253,49.41354923981401,0.0,49.97234420737472,0.0,45.59502065592664,0.0,45.301615316639015,0.0,0.0,0.0,0.0,0.0,0.0,0.0
10.0,7.08595429771489,0.0040732600393401,0.0040732600403939,0.999991704242652,0.9999917042426508,49.4135492194912,0.0,49.972343775949135,0.0,45.59502065072112,0.0,45.30161522504399,0.0,0.0,0.0,0.0,0.0,0.0,0.0
10.0,7.08620431021551,0.0040733137082105,0.0040733137092658,0.999991704024042,0.999991704024042,49.4135491991675,0.0,49.9723433445094,0.0,45.59502064551542,0.0,45.30161513344582,0.0,0.0,0.0,0.0,0.0,0.0,0.0
10.0,7.08645432271614,0.0040733673781893,0.004073367379246,0.999991703805426,0.999991703805425,49.4135491788429,0.0,49.97234291305547,0.0,45.59502064030953,0.0,45.30161504184452,0.0,0.0,0.0,0.0,0.0,0.0,0.0
10.0,7.08670433521676,0.0040734210492764,0.0040734210503345,0.999991703586801,0.999991703586801,49.41354915851742,0.0,49.97234248158738,0.0,45.59502063510345,0.0,45.30161495024007,0.0,0.0,0.0,0.0,0.0,0.0,0.0
10.0,7.08695434771739,0.0040734747214717,0.0040734747225313,0.99999170336817,0.999991703368169,49.41354913819103,0.0,49.972342050105134,0.0,45.595020629897206,0.0,45.30161485863248,0.0,0.0,0.0,0.0,0.0,0.0,0.0
10.0,7.08720436021801,0.0040735283947752,0.0040735283958363,0.999991703149531,0.999991703149531,49.41354911786375,0.0,49.97234161860871,0.0,45.59502062469074,0.0,45.30161476702176,0.0,0.0,0.0,0.0,0.0,0.0,0.0
10.0,7.08745437271864,0.0040735820691869,0.0040735820702495,0.999991702930885,0.999991702930884,49.41354909753557,0.0,49.97234118709812,0.0,45.59502061948412,0.0,45.3016146754079,0.0,0.0,0.0,0.0,0.0,0.0,0.0
10.0,7.08770438521926,0.0040736357447067,0.0040736357457707,0.999991702712231,0.99999170271223,49.4135490772065,0.0,49.97234075557336,0.0,45.595020614277296,0.0,45.30161458379089,0.0,0.0,0.0,0.0,0.0,0.0,0.0
10.0,7.08795439771989,0.0040736894213346,0.0040736894224,0.9999917024935698,0.999991702493569,49.41354905687654,0.0,49.972340324034434,0.0,45.59502060907029,0.0,45.30161449217074,0.0,0.0,0.0,0.0,0.0,0.0,0.0
10.0,7.08820441022051,0.0040737430990704,0.0040737431001373,0.9999917022749012,0.9999917022749012,49.41354903654568,0.0,49.97233989248134,0.0,45.5950206038631,0.0,45.30161440054746,0.0,0.0,0.0,0.0,0.0,0.0,0.0
10.0,7.08845442272114,0.0040737967779142,0.0040737967789826,0.999991702056225,0.999991702056225,49.41354901621393,0.0,49.97233946091407,0.0,45.59502059865572,0.0,45.30161430892103,0.0,0.0,0.0,0.0,0.0,0.0,0.0
10.0,7.08870443522176,0.0040738504578659,0.0040738504589357,0.999991701837542,0.999991701837541,49.413548995881285,0.0,49.972339029332645,0.0,45.59502059344816,0.0,45.30161421729147,0.0,0.0,0.0,0.0,0.0,0.0,0.0
10.0,7.08895444772239,0.0040739041389255,0.0040739041399967,0.999991701618851,0.999991701618851,49.41354897554774,0.0,49.97233859773706,0.0,45.59502058824041,0.0,45.301614125658766,0.0,0.0,0.0,0.0,0.0,0.0,0.0
10.0,7.08920446022301,0.0040739578210928,0.0040739578221654,0.999991701400153,0.999991701400153,49.4135489552133,0.0,49.97233816612729,0.0,45.59502058303247,0.0,45.301614034022926,0.0,0.0,0.0,0.0,0.0,0.0,0.0
10.0,7.08945447272364,0.0040740115043679,0.0040740115054419,0.999991701181448,0.999991701181447,49.41354893487799,0.0,49.97233773450336,0.0,45.59502057782435,0.0,45.30161394238394,0.0,0.0,0.0,0.0,0.0,0.0,0.0
10.0,7.08970448522426,0.0040740651887506,0.0040740651898261,0.9999917009627352,0.9999917009627342,49.41354891454176,0.0,49.97233730286526,0.0,45.59502057261604,0.0,45.30161385074181,0.0,0.0,0.0,0.0,0.0,0.0,0.0
10.0,7.08995449772489,0.004074118874241,0.004074118875318,0.999991700744014,0.999991700744014,49.41354889420465,0.0,49.97233687121299,0.0,45.595020567407545,0.0,45.30161375909655,0.0,0.0,0.0,0.0,0.0,0.0,0.0
10.0,7.09020451022551,0.004074172560839,0.0040741725619174,0.9999917005252869,0.999991700525286,49.413548873866645,0.0,49.97233643954657,0.0,45.59502056219887,0.0,45.30161366744815,0.0,0.0,0.0,0.0,0.0,0.0,0.0
10.0,7.09045452272614,0.0040742262485444,0.0040742262496243,0.9999917003065508,0.9999917003065508,49.41354885352774,0.0,49.97233600786597,0.0,45.59502055699,0.0,45.3016135757966,0.0,0.0,0.0,0.0,0.0,0.0,0.0
10.0,7.09070453522676,0.0040742799373574,0.0040742799384387,0.999991700087809,0.999991700087809,49.41354883318795,0.0,49.9723355761712,0.0,45.59502055178095,0.0,45.30161348414192,0.0,0.0,0.0,0.0,0.0,0.0,0.0
10.0,7.09095454772739,0.0040743336272778,0.0040743336283605,0.999991699869059,0.999991699869059,49.41354881284726,0.0,49.97233514446226,0.0,45.59502054657171,0.0,45.30161339248409,0.0,0.0,0.0,0.0,0.0,0.0,0.0
10.0,7.09120456022801,0.0040743873183056,0.0040743873193898,0.999991699650302,0.999991699650301,49.41354879250569,0.0,49.97233471273917,0.0,45.59502054136229,0.0,45.301613300823135,0.0,0.0,0.0,0.0,0.0,0.0,0.0
10.0,7.09145457272864,0.0040744410104407,0.0040744410115263,0.999991699431537,0.999991699431537,49.41354877216322,0.0,49.97233428100191,0.0,45.59502053615267,0.0,45.30161320915902,0.0,0.0,0.0,0.0,0.0,0.0,0.0
10.0,7.09170458522926,0.0040744947036831,0.0040744947047701,0.999991699212765,0.999991699212765,49.41354875181986,0.0,49.97233384925048,0.0,45.59502053094287,0.0,45.30161311749178,0.0,0.0,0.0,0.0,0.0,0.0,0.0
10.0,7.09195459772989,0.0040745483980327,0.0040745483991211,0.999991698993986,0.999991698993985,49.4135487314756,0.0,49.97233341748489,0.0,45.595020525732885,0.0,45.3016130258214,0.0,0.0,0.0,0.0,0.0,0.0,0.0
10.0,7.09220461023051,0.0040746020934894,0.0040746020945793,0.999991698775199,0.999991698775198,49.41354871113046,0.0,49.97233298570512,0.0,45.59502052052272,0.0,45.30161293414788,0.0,0.0,0.0,0.0,0.0,0.0,0.0
10.0,7.09245462273114,0.0040746557900533,0.0040746557911446,0.999991698556405,0.999991698556404,49.41354869078442,0.0,49.9723325539112,0.0,45.59502051531236,0.0,45.301612842471215,0.0,0.0,0.0,0.0,0.0,0.0,0.0
10.0,7.09270463523176,0.0040747094877242,0.004074709488817,0.999991698337603,0.999991698337603,49.41354867043749,0.0,49.972332122103104,0.0,45.59502051010183,0.0,45.30161275079141,0.0,0.0,0.0,0.0,0.0,0.0,0.0
10.0,7.09295464773239,0.0040747631865021,0.0040747631875963,0.999991698118794,0.999991698118794,49.41354865008967,0.0,49.972331690280846,0.0,45.595020504891096,0.0,45.30161265910848,0.0,0.0,0.0,0.0,0.0,0.0,0.0
10.0,7.09320466023301,0.004074816886387,0.0040748168874827,0.999991697899978,0.9999916978999768,49.41354862974096,0.0,49.97233125844442,0.0,45.595020499680174,0.0,45.3016125674224,0.0,0.0,0.0,0.0,0.0,0.0,0.0
10.0,7.09345467273364,0.0040748705873789,0.0040748705884759,0.999991697681154,0.999991697681153,49.41354860939135,0.0,49.97233082659383,0.0,45.59502049446908,0.0,45.30161247573317,0.0,0.0,0.0,0.0,0.0,0.0,0.0
10.0,7.09370468523426,0.0040749242894775,0.004074924290576,0.999991697462323,0.999991697462322,49.41354858904086,0.0,49.97233039472908,0.0,45.59502048925779,0.0,45.30161238404081,0.0,0.0,0.0,0.0,0.0,0.0,0.0
10.0,7.09395469773489,0.004074977992683,0.0040749779937829,0.999991697243484,0.999991697243483,49.41354856868947,0.0,49.97232996285016,0.0,45.59502048404632,0.0,45.30161229234531,0.0,0.0,0.0,0.0,0.0,0.0,0.0
10.0,7.09420471023551,0.0040750316969952,0.0040750316980965,0.999991697024638,0.999991697024638,49.41354854833719,0.0,49.97232953095707,0.0,45.595020478834655,0.0,45.301612200646666,0.0,0.0,0.0,0.0,0.0,0.0,0.0
10.0,7.09445472273614,0.0040750854024141,0.0040750854035168,0.999991696805785,0.999991696805784,49.41354852798402,0.0,49.97232909904983,0.0,45.59502047362282,0.0,45.30161210894489,0.0,0.0,0.0,0.0,0.0,0.0,0.0
10.0,7.09470473523676,0.0040751391089397,0.0040751391100438,0.999991696586924,0.9999916965869228,49.41354850762996,0.0,49.97232866712841,0.0,45.59502046841078,0.0,45.30161201723997,0.0,0.0,0.0,0.0,0.0,0.0,0.0
10.0,7.09495474773739,0.0040751928165718,0.0040751928176774,0.999991696368056,0.999991696368055,49.41354848727501,0.0,49.972328235192826,0.0,45.595020463198566,0.0,45.30161192553191,0.0,0.0,0.0,0.0,0.0,0.0,0.0
10.0,7.09520476023801,0.0040752465253105,0.0040752465264175,0.99999169614918,0.999991696149179,49.41354846691917,0.0,49.97232780324308,0.0,45.595020457986166,0.0,45.30161183382071,0.0,0.0,0.0,0.0,0.0,0.0,0.0
10.0,7.095454772738641,0.0040753002351557,0.0040753002362641,0.999991695930297,0.999991695930296,49.41354844656245,0.0,49.97232737127917,0.0,45.595020452773575,0.0,45.30161174210637,0.0,0.0,0.0,0.0,0.0,0.0,0.0
10.0,7.09570478523926,0.0040753539461073,0.0040753539472172,0.999991695711406,0.999991695711406,49.41354842620483,0.0,49.97232693930111,0.0,45.5950204475608,0.0,45.30161165038889,0.0,0.0,0.0,0.0,0.0,0.0,0.0
10.0,7.09595479773989,0.0040754076581654,0.0040754076592766,0.999991695492509,0.999991695492508,49.41354840584631,0.0,49.972326507308864,0.0,45.59502044234784,0.0,45.30161155866828,0.0,0.0,0.0,0.0,0.0,0.0,0.0
10.0,7.09620481024051,0.0040754613713297,0.0040754613724424,0.999991695273604,0.999991695273603,49.41354838548692,0.0,49.97232607530246,0.0,45.595020437134686,0.0,45.301611466944514,0.0,0.0,0.0,0.0,0.0,0.0,0.0
10.0,7.09645482274114,0.0040755150856004,0.0040755150867145,0.999991695054691,0.999991695054691,49.41354836512662,0.0,49.9723256432819,0.0,45.59502043192135,0.0,45.30161137521762,0.0,0.0,0.0,0.0,0.0,0.0,0.0
10.0,7.09670483524176,0.0040755688009772,0.0040755688020927,0.9999916948357708,0.9999916948357708,49.413548344765445,0.0,49.97232521124717,0.0,45.59502042670783,0.0,45.30161128348758,0.0,0.0,0.0,0.0,0.0,0.0,0.0
10.0,7.09695484774239,0.0040756225174603,0.0040756225185772,0.999991694616844,0.9999916946168432,49.41354832440338,0.0,49.972324779198274,0.0,45.59502042149413,0.0,45.3016111917544,0.0,0.0,0.0,0.0,0.0,0.0,0.0
10.0,7.09720486024301,0.0040756762350494,0.0040756762361678,0.999991694397909,0.999991694397908,49.413548304040425,0.0,49.97232434713521,0.0,45.59502041628024,0.0,45.30161110001809,0.0,0.0,0.0,0.0,0.0,0.0,0.0
10.0,7.09745487274364,0.0040757299537447,0.0040757299548645,0.999991694178967,0.999991694178966,49.413548283676576,0.0,49.972323915058,0.0,45.59502041106616,0.0,45.30161100827863,0.0,0.0,0.0,0.0,0.0,0.0,0.0
10.0,7.09770488524426,0.004075783673546,0.0040757836746671,0.999991693960018,0.9999916939600172,49.41354826331184,0.0,49.972323482966615,0.0,45.59502040585189,0.0,45.30161091653604,0.0,0.0,0.0,0.0,0.0,0.0,0.0
10.0,7.09795489774489,0.0040758373944532,0.0040758373955758,0.99999169374106,0.99999169374106,49.413548242946206,0.0,49.97232305086106,0.0,45.595020400637445,0.0,45.3016108247903,0.0,0.0,0.0,0.0,0.0,0.0,0.0
10.0,7.09820491024551,0.0040758911164664,0.0040758911175904,0.999991693522096,0.999991693522096,49.4135482225797,0.0,49.97232261874135,0.0,45.59502039542281,0.0,45.30161073304143,0.0,0.0,0.0,0.0,0.0,0.0,0.0
10.0,7.09845492274614,0.0040759448395854,0.0040759448407108,0.999991693303124,0.999991693303124,49.41354820221229,0.0,49.97232218660748,0.0,45.59502039020798,0.0,45.30161064128942,0.0,0.0,0.0,0.0,0.0,0.0,0.0
10.0,7.09870493524676,0.0040759985638103,0.0040759985649371,0.999991693084145,0.999991693084145,49.41354818184401,0.0,49.97232175445944,0.0,45.59502038499297,0.0,45.30161054953426,0.0,0.0,0.0,0.0,0.0,0.0,0.0
10.0,7.09895494774739,0.0040760522891409,0.0040760522902691,0.999991692865159,0.999991692865158,49.41354816147483,0.0,49.97232132229724,0.0,45.59502037977777,0.0,45.30161045777597,0.0,0.0,0.0,0.0,0.0,0.0,0.0
10.0,7.09920496024801,0.0040761060155772,0.0040761060167068,0.9999916926461648,0.999991692646164,49.41354814110476,0.0,49.97232089012088,0.0,45.5950203745624,0.0,45.301610366014536,0.0,0.0,0.0,0.0,0.0,0.0,0.0
10.0,7.099454972748639,0.0040761597431192,0.0040761597442502,0.999991692427164,0.999991692427163,49.41354812073381,0.0,49.97232045793034,0.0,45.59502036934682,0.0,45.30161027424997,0.0,0.0,0.0,0.0,0.0,0.0,0.0
10.0,7.09970498524926,0.0040762134717668,0.0040762134728992,0.9999916922081548,0.9999916922081548,49.413548100361965,0.0,49.97232002572566,0.0,45.595020364131074,0.0,45.30161018248226,0.0,0.0,0.0,0.0,0.0,0.0,0.0
10.0,7.09995499774989,0.0040762672015199,0.0040762672026538,0.999991691989139,0.999991691989138,49.41354807998924,0.0,49.97231959350681,0.0,45.59502035891513,0.0,45.3016100907114,0.0,0.0,0.0,0.0,0.0,0.0,0.0
10.0,7.10020501025051,0.0040763209323786,0.0040763209335138,0.999991691770115,0.999991691770115,49.41354805961562,0.0,49.9723191612738,0.0,45.595020353699006,0.0,45.301609998937415,0.0,0.0,0.0,0.0,0.0,0.0,0.0
10.0,7.10045502275114,0.0040763746643427,0.0040763746654794,0.999991691551085,0.999991691551084,49.41354803924112,0.0,49.97231872902662,0.0,45.59502034848269,0.0,45.30160990716029,0.0,0.0,0.0,0.0,0.0,0.0,0.0
10.0,7.10070503525176,0.0040764283974122,0.0040764283985503,0.999991691332046,0.999991691332046,49.413548018865725,0.0,49.97231829676527,0.0,45.5950203432662,0.0,45.30160981538002,0.0,0.0,0.0,0.0,0.0,0.0,0.0
10.0,7.100955047752391,0.0040764821315871,0.0040764821327265,0.9999916911130012,0.999991691113,49.41354799848944,0.0,49.97231786448977,0.0,45.59502033804951,0.0,45.301609723596606,0.0,0.0,0.0,0.0,0.0,0.0,0.0
10.0,7.10120506025301,0.0040765358668672,0.0040765358680081,0.999991690893948,0.9999916908939472,49.41354797811228,0.0,49.972317432200114,0.0,45.59502033283264,0.0,45.30160963181006,0.0,0.0,0.0,0.0,0.0,0.0,0.0
10.0,7.10145507275364,0.0040765896032526,0.0040765896043949,0.999991690674887,0.999991690674887,49.41354795773422,0.0,49.97231699989628,0.0,45.59502032761558,0.0,45.30160954002037,0.0,0.0,0.0,0.0,0.0,0.0,0.0
10.0,7.101705085254259,0.0040766433407432,0.0040766433418869,0.999991690455819,0.999991690455819,49.41354793735528,0.0,49.972316567578304,0.0,45.59502032239834,0.0,45.301609448227545,0.0,0.0,0.0,0.0,0.0,0.0,0.0
10.0,7.10195509775489,0.0040766970793389,0.004076697080484,0.999991690236744,0.999991690236744,49.41354791697545,0.0,49.97231613524615,0.0,45.5950203171809,0.0,45.301609356431584,0.0,0.0,0.0,0.0,0.0,0.0,0.0
10.0,7.10220511025551,0.0040767508190398,0.0040767508201862,0.9999916900176608,0.9999916900176608,49.41354789659474,0.0,49.97231570289984,0.0,45.59502031196329,0.0,45.30160926463248,0.0,0.0,0.0,0.0,0.0,0.0,0.0
10.0,7.10245512275614,0.0040768045598456,0.0040768045609935,0.9999916897985712,0.9999916897985712,49.41354787621314,0.0,49.97231527053936,0.0,45.59502030674549,0.0,45.30160917283023,0.0,0.0,0.0,0.0,0.0,0.0,0.0
10.0,7.10270513525676,0.0040768583017565,0.0040768583029057,0.999991689579474,0.999991689579473,49.41354785583065,0.0,49.97231483816473,0.0,45.5950203015275,0.0,45.30160908102484,0.0,0.0,0.0,0.0,0.0,0.0,0.0
10.0,7.10295514775739,0.0040769120447722,0.0040769120459229,0.9999916893603688,0.9999916893603688,49.41354783544728,0.0,49.97231440577593,0.0,45.59502029630932,0.0,45.30160898921633,0.0,0.0,0.0,0.0,0.0,0.0,0.0
10.0,7.103205160258011,0.0040769657888929,0.0040769657900449,0.999991689141257,0.999991689141256,49.41354781506303,0.0,49.97231397337298,0.0,45.59502029109097,0.0,45.30160889740466,0.0,0.0,0.0,0.0,0.0,0.0,0.0
10.0,7.10345517275864,0.0040770195341184,0.0040770195352718,0.999991688922138,0.999991688922137,49.41354779467788,0.0,49.97231354095586,0.0,45.595020285872415,0.0,45.30160880558986,0.0,0.0,0.0,0.0,0.0,0.0,0.0
10.0,7.10370518525926,0.0040770732804487,0.0040770732816035,0.99999168870301,0.99999168870301,49.41354777429186,0.0,49.97231310852458,0.0,45.595020280653685,0.0,45.30160871377192,0.0,0.0,0.0,0.0,0.0,0.0,0.0
10.0,7.10395519775989,0.0040771270278837,0.0040771270290399,0.999991688483876,0.999991688483876,49.41354775390494,0.0,49.97231267607914,0.0,45.59502027543477,0.0,45.301608621950834,0.0,0.0,0.0,0.0,0.0,0.0,0.0
10.0,7.10420521026051,0.0040771807764233,0.0040771807775809,0.999991688264734,0.999991688264734,49.413547733517134,0.0,49.97231224361954,0.0,45.59502027021566,0.0,45.30160853012661,0.0,0.0,0.0,0.0,0.0,0.0,0.0
10.0,7.10445522276114,0.0040772345260676,0.0040772345272266,0.999991688045585,0.999991688045584,49.413547713128445,0.0,49.97231181114578,0.0,45.59502026499637,0.0,45.301608438299255,0.0,0.0,0.0,0.0,0.0,0.0,0.0
10.0,7.10470523526176,0.0040772882768165,0.0040772882779769,0.999991687826429,0.999991687826428,49.41354769273888,0.0,49.97231137865786,0.0,45.595020259776895,0.0,45.30160834646876,0.0,0.0,0.0,0.0,0.0,0.0,0.0
10.0,7.10495524776239,0.0040773420286699,0.0040773420298316,0.999991687607265,0.999991687607264,49.41354767234843,0.0,49.97231094615578,0.0,45.595020254557234,0.0,45.30160825463512,0.0,0.0,0.0,0.0,0.0,0.0,0.0
10.0,7.10520526026301,0.0040773957816277,0.0040773957827909,0.999991687388093,0.999991687388093,49.41354765195708,0.0,49.972310513639535,0.0,45.59502024933739,0.0,45.301608162798345,0.0,0.0,0.0,0.0,0.0,0.0,0.0
10.0,7.10545527276364,0.00407744953569,0.0040774495368545,0.999991687168915,0.999991687168914,49.41354763156486,0.0,49.972310081109136,0.0,45.59502024411734,0.0,45.30160807095843,0.0,0.0,0.0,0.0,0.0,0.0,0.0
10.0,7.10570528526426,0.0040775032908566,0.0040775032920225,0.999991686949729,0.999991686949728,49.41354761117175,0.0,49.97230964856457,0.0,45.59502023889713,0.0,45.301607979115374,0.0,0.0,0.0,0.0,0.0,0.0,0.0
10.0,7.10595529776489,0.0040775570471275,0.0040775570482948,0.999991686730535,0.999991686730534,49.41354759077776,0.0,49.97230921600585,0.0,45.59502023367671,0.0,45.30160788726917,0.0,0.0,0.0,0.0,0.0,0.0,0.0
10.0,7.10620531026551,0.0040776108045027,0.0040776108056714,0.999991686511334,0.999991686511333,49.41354757038288,0.0,49.972308783432965,0.0,45.59502022845612,0.0,45.30160779541985,0.0,0.0,0.0,0.0,0.0,0.0,0.0
10.0,7.10645532276614,0.0040776645629821,0.0040776645641522,0.999991686292126,0.999991686292125,49.41354754998712,0.0,49.97230835084592,0.0,45.59502022323534,0.0,45.30160770356737,0.0,0.0,0.0,0.0,0.0,0.0,0.0
10.0,7.10670533526676,0.0040777183225657,0.0040777183237371,0.99999168607291,0.999991686072909,49.41354752959048,0.0,49.97230791824472,0.0,45.595020218014376,0.0,45.30160761171176,0.0,0.0,0.0,0.0,0.0,0.0,0.0
10.0,7.10695534776739,0.0040777720832533,0.0040777720844262,0.999991685853687,0.999991685853686,49.41354750919295,0.0,49.97230748562936,0.0,45.59502021279322,0.0,45.30160751985301,0.0,0.0,0.0,0.0,0.0,0.0,0.0
10.0,7.107205360268009,0.004077825845045,0.0040778258462192,0.999991685634456,0.999991685634456,49.41354748879452,0.0,49.97230705299984,0.0,45.59502020757188,0.0,45.30160742799112,0.0,0.0,0.0,0.0,0.0,0.0,0.0
10.0,7.10745537276864,0.0040778796079407,0.0040778796091163,0.999991685415219,0.999991685415218,49.41354746839523,0.0,49.97230662035616,0.0,45.59502020235036,0.0,45.30160733612609,0.0,0.0,0.0,0.0,0.0,0.0,0.0
10.0,7.10770538526926,0.0040779333719404,0.0040779333731174,0.999991685195973,0.999991685195973,49.41354744799505,0.0,49.97230618769832,0.0,45.59502019712865,0.0,45.30160724425792,0.0,0.0,0.0,0.0,0.0,0.0,0.0
10.0,7.10795539776989,0.0040779871370439,0.0040779871382223,0.999991684976721,0.99999168497672,49.41354742759399,0.0,49.97230575502632,0.0,45.59502019190675,0.0,45.30160715238661,0.0,0.0,0.0,0.0,0.0,0.0,0.0
10.0,7.10820541027051,0.0040780409032513,0.0040780409044311,0.9999916847574613,0.99999168475746,49.41354740719204,0.0,49.97230532234016,0.0,45.59502018668466,0.0,45.30160706051217,0.0,0.0,0.0,0.0,0.0,0.0,0.0
10.0,7.10845542277114,0.0040780946705625,0.0040780946717436,0.999991684538193,0.999991684538193,49.41354738678921,0.0,49.97230488963984,0.0,45.5950201814624,0.0,45.30160696863458,0.0,0.0,0.0,0.0,0.0,0.0,0.0
10.0,7.10870543527176,0.0040781484389775,0.0040781484401599,0.999991684318918,0.999991684318918,49.4135473663855,0.0,49.97230445692537,0.0,45.59502017623994,0.0,45.30160687675384,0.0,0.0,0.0,0.0,0.0,0.0,0.0
10.0,7.10895544777239,0.0040782022084961,0.0040782022096799,0.999991684099636,0.999991684099635,49.4135473459809,0.0,49.97230402419672,0.0,45.595020171017296,0.0,45.30160678486999,0.0,0.0,0.0,0.0,0.0,0.0,0.0
10.0,7.10920546027301,0.0040782559791183,0.0040782559803035,0.999991683880346,0.999991683880346,49.41354732557542,0.0,49.97230359145394,0.0,45.59502016579447,0.0,45.30160669298298,0.0,0.0,0.0,0.0,0.0,0.0,0.0
10.0,7.10945547277364,0.0040783097508442,0.0040783097520307,0.999991683661049,0.999991683661049,49.41354730516906,0.0,49.97230315869699,0.0,45.59502016057145,0.0,45.30160660109284,0.0,0.0,0.0,0.0,0.0,0.0,0.0
10.0,7.10970548527426,0.0040783635236735,0.0040783635248615,0.999991683441745,0.999991683441744,49.41354728476182,0.0,49.97230272592588,0.0,45.59502015534826,0.0,45.30160650919955,0.0,0.0,0.0,0.0,0.0,0.0,0.0
10.0,7.10995549777489,0.0040784172976064,0.0040784172987957,0.999991683222433,0.999991683222433,49.413547264353696,0.0,49.972302293140594,0.0,45.59502015012488,0.0,45.301606417303134,0.0,0.0,0.0,0.0,0.0,0.0,0.0
10.0,7.11020551027551,0.0040784710726427,0.0040784710738334,0.999991683003114,0.999991683003114,49.41354724394469,0.0,49.972301860341176,0.0,45.5950201449013,0.0,45.301606325403576,0.0,0.0,0.0,0.0,0.0,0.0,0.0
10.0,7.11045552277614,0.0040785248487823,0.0040785248499744,0.999991682783788,0.9999916827837873,49.4135472235348,0.0,49.97230142752759,0.0,45.59502013967754,0.0,45.30160623350088,0.0,0.0,0.0,0.0,0.0,0.0,0.0
10.0,7.11070553527676,0.0040785786260253,0.0040785786272187,0.9999916825644528,0.9999916825644528,49.41354720312403,0.0,49.97230099469985,0.0,45.5950201344536,0.0,45.301606141595045,0.0,0.0,0.0,0.0,0.0,0.0,0.0
10.0,7.11095554777739,0.0040786324043716,0.0040786324055664,0.999991682345112,0.9999916823451108,49.41354718271238,0.0,49.97230056185794,0.0,45.59502012922946,0.0,45.30160604968606,0.0,0.0,0.0,0.0,0.0,0.0,0.0
10.0,7.11120556027801,0.004078686183821,0.0040786861850172,0.9999916821257632,0.9999916821257632,49.41354716229984,0.0,49.97230012900189,0.0,45.595020124005146,0.0,45.30160595777395,0.0,0.0,0.0,0.0,0.0,0.0,0.0
10.0,7.11145557277864,0.0040787399643737,0.0040787399655712,0.999991681906407,0.999991681906406,49.413547141886426,0.0,49.972299696131664,0.0,45.595020118780646,0.0,45.30160586585869,0.0,0.0,0.0,0.0,0.0,0.0,0.0
10.0,7.11170558527926,0.0040787937460294,0.0040787937472283,0.999991681687044,0.9999916816870428,49.413547121472135,0.0,49.972299263247294,0.0,45.595020113555954,0.0,45.301605773940295,0.0,0.0,0.0,0.0,0.0,0.0,0.0
10.0,7.1119555977798905,0.0040788475287883,0.0040788475299885,0.999991681467673,0.999991681467672,49.41354710105696,0.0,49.97229883034876,0.0,45.59502010833108,0.0,45.30160568201877,0.0,0.0,0.0,0.0,0.0,0.0,0.0
10.0,7.11220561028051,0.0040789013126501,0.0040789013138517,0.999991681248294,0.999991681248294,49.413547080640896,0.0,49.97229839743607,0.0,45.595020103106016,0.0,45.30160559009409,0.0,0.0,0.0,0.0,0.0,0.0,0.0
10.0,7.11245562278114,0.0040789550976149,0.0040789550988179,0.999991681028908,0.999991681028908,49.41354706022396,0.0,49.97229796450922,0.0,45.59502009788077,0.0,45.30160549816628,0.0,0.0,0.0,0.0,0.0,0.0,0.0
10.0,7.11270563528176,0.0040790088836827,0.004079008884887,0.999991680809515,0.999991680809515,49.41354703980614,0.0,49.972297531568216,0.0,45.59502009265533,0.0,45.30160540623533,0.0,0.0,0.0,0.0,0.0,0.0,0.0
10.0,7.11295564778239,0.0040790626708532,0.0040790626720589,0.9999916805901148,0.999991680590114,49.41354701938744,0.0,49.97229709861306,0.0,45.59502008742971,0.0,45.30160531430124,0.0,0.0,0.0,0.0,0.0,0.0,0.0
10.0,7.11320566028301,0.0040791164591266,0.0040791164603337,0.999991680370707,0.999991680370707,49.41354699896786,0.0,49.97229666564374,0.0,45.59502008220391,0.0,45.30160522236402,0.0,0.0,0.0,0.0,0.0,0.0,0.0
10.0,7.11345567278364,0.0040791702485028,0.0040791702497112,0.999991680151292,0.999991680151291,49.4135469785474,0.0,49.97229623266026,0.0,45.59502007697791,0.0,45.30160513042365,0.0,0.0,0.0,0.0,0.0,0.0,0.0
10.0,7.11370568528426,0.0040792240389816,0.0040792240401914,0.999991679931869,0.999991679931869,49.41354695812606,0.0,49.97229579966264,0.0,45.59502007175174,0.0,45.30160503848015,0.0,0.0,0.0,0.0,0.0,0.0,0.0
10.0,7.11395569778489,0.0040792778305631,0.0040792778317742,0.999991679712439,0.999991679712439,49.41354693770384,0.0,49.97229536665084,0.0,45.59502006652537,0.0,45.30160494653349,0.0,0.0,0.0,0.0,0.0,0.0,0.0
10.0,7.11420571028551,0.0040793316232472,0.0040793316244597,0.999991679493001,0.999991679493001,49.41354691728074,0.0,49.972294933624894,0.0,45.59502006129882,0.0,45.30160485458372,0.0,0.0,0.0,0.0,0.0,0.0,0.0
10.0,7.11445572278614,0.0040793854170338,0.0040793854182477,0.999991679273557,0.999991679273556,49.413546896856765,0.0,49.9722945005848,0.0,45.59502005607208,0.0,45.3016047626308,0.0,0.0,0.0,0.0,0.0,0.0,0.0
10.0,7.11470573528676,0.004079439211923,0.0040794392131381,0.999991679054104,0.999991679054104,49.41354687643189,0.0,49.97229406753053,0.0,45.59502005084515,0.0,45.301604670674735,0.0,0.0,0.0,0.0,0.0,0.0,0.0
10.0,7.11495574778739,0.0040794930079146,0.0040794930091311,0.999991678834645,0.999991678834644,49.41354685600616,0.0,49.972293634462126,0.0,45.59502004561804,0.0,45.301604578715526,0.0,0.0,0.0,0.0,0.0,0.0,0.0
10.0,7.11520576028801,0.0040795468050085,0.0040795468062264,0.999991678615178,0.9999916786151768,49.41354683557954,0.0,49.97229320137957,0.0,45.59502004039075,0.0,45.30160448675319,0.0,0.0,0.0,0.0,0.0,0.0,0.0
10.0,7.11545577278864,0.0040796006032048,0.0040796006044241,0.999991678395703,0.999991678395703,49.413546815152046,0.0,49.972292768282834,0.0,45.59502003516327,0.0,45.30160439478772,0.0,0.0,0.0,0.0,0.0,0.0,0.0
10.0,7.11570578528926,0.0040796544025034,0.004079654403724,0.999991678176221,0.999991678176221,49.41354679472367,0.0,49.97229233517195,0.0,45.5950200299356,0.0,45.3016043028191,0.0,0.0,0.0,0.0,0.0,0.0,0.0
10.0,7.11595579778989,0.0040797082029043,0.0040797082041262,0.999991677956732,0.999991677956732,49.41354677429442,0.0,49.97229190204692,0.0,45.59502002470774,0.0,45.30160421084734,0.0,0.0,0.0,0.0,0.0,0.0,0.0
10.0,7.11620581029051,0.0040797620044073,0.0040797620056306,0.999991677737236,0.999991677737235,49.41354675386428,0.0,49.97229146890772,0.0,45.595020019479705,0.0,45.30160411887245,0.0,0.0,0.0,0.0,0.0,0.0,0.0
10.0,7.11645582279114,0.0040798158070125,0.0040798158082371,0.999991677517732,0.9999916775177312,49.41354673343327,0.0,49.97229103575437,0.0,45.59502001425148,0.0,45.30160402689442,0.0,0.0,0.0,0.0,0.0,0.0,0.0
10.0,7.11670583529176,0.0040798696107197,0.0040798696119457,0.99999167729822,0.99999167729822,49.41354671300138,0.0,49.97229060258687,0.0,45.59502000902306,0.0,45.301603934913246,0.0,0.0,0.0,0.0,0.0,0.0,0.0
10.0,7.11695584779239,0.004079923415529,0.0040799234167563,0.999991677078701,0.999991677078701,49.41354669256861,0.0,49.97229016940521,0.0,45.59502000379447,0.0,45.30160384292893,0.0,0.0,0.0,0.0,0.0,0.0,0.0
10.0,7.11720586029301,0.0040799772214402,0.0040799772226689,0.999991676859175,0.999991676859175,49.41354667213497,0.0,49.9722897362094,0.0,45.59501999856568,0.0,45.30160375094148,0.0,0.0,0.0,0.0,0.0,0.0,0.0
10.0,7.117455872793641,0.0040800310284534,0.0040800310296834,0.999991676639642,0.9999916766396412,49.41354665170044,0.0,49.97228930299942,0.0,45.59501999333671,0.0,45.3016036589509,0.0,0.0,0.0,0.0,0.0,0.0,0.0
10.0,7.11770588529426,0.0040800848365685,0.0040800848377998,0.999991676420101,0.9999916764201,49.41354663126504,0.0,49.9722888697753,0.0,45.59501998810755,0.0,45.30160356695717,0.0,0.0,0.0,0.0,0.0,0.0,0.0
10.0,7.11795589779489,0.0040801386457853,0.004080138647018,0.999991676200552,0.999991676200552,49.41354661082876,0.0,49.97228843653702,0.0,45.59501998287821,0.0,45.3016034749603,0.0,0.0,0.0,0.0,0.0,0.0,0.0
10.0,7.11820591029552,0.004080192456104,0.004080192457338,0.9999916759809973,0.999991675980996,49.4135465903916,0.0,49.97228800328459,0.0,45.59501997764868,0.0,45.301603382960295,0.0,0.0,0.0,0.0,0.0,0.0,0.0
10.0,7.11845592279614,0.0040802462675243,0.0040802462687597,0.9999916757614328,0.9999916757614328,49.41354656995357,0.0,49.972287570018,0.0,45.59501997241897,0.0,45.30160329095715,0.0,0.0,0.0,0.0,0.0,0.0,0.0
10.0,7.11870593529676,0.0040803000800463,0.004080300081283,0.999991675541863,0.999991675541863,49.413546549514656,0.0,49.97228713673725,0.0,45.59501996718905,0.0,45.30160319895088,0.0,0.0,0.0,0.0,0.0,0.0,0.0
10.0,7.11895594779739,0.00408035389367,0.004080353894908,0.999991675322285,0.999991675322285,49.413546529074864,0.0,49.97228670344235,0.0,45.59501996195897,0.0,45.30160310694146,0.0,0.0,0.0,0.0,0.0,0.0,0.0
10.0,7.11920596029801,0.0040804077083952,0.0040804077096345,0.9999916751027,0.9999916751026988,49.413546508634205,0.0,49.972286270133296,0.0,45.59501995672869,0.0,45.301603014928894,0.0,0.0,0.0,0.0,0.0,0.0,0.0
10.0,7.11945597279864,0.0040804615242219,0.0040804615254626,0.9999916748831073,0.9999916748831073,49.41354648819266,0.0,49.972285836810094,0.0,45.59501995149823,0.0,45.3016029229132,0.0,0.0,0.0,0.0,0.0,0.0,0.0
10.0,7.11970598529927,0.0040805153411501,0.0040805153423921,0.999991674663507,0.999991674663506,49.41354646775024,0.0,49.972285403472725,0.0,45.595019946267584,0.0,45.30160283089436,0.0,0.0,0.0,0.0,0.0,0.0,0.0
10.0,7.11995599779989,0.0040805691591797,0.004080569160423,0.999991674443899,0.999991674443899,49.41354644730694,0.0,49.972284970121216,0.0,45.59501994103675,0.0,45.30160273887239,0.0,0.0,0.0,0.0,0.0,0.0,0.0
10.0,7.12020601030051,0.0040806229783106,0.0040806229795553,0.9999916742242848,0.999991674224284,49.413546426862766,0.0,49.972284536755545,0.0,45.59501993580574,0.0,45.30160264684727,0.0,0.0,0.0,0.0,0.0,0.0,0.0
10.0,7.12045602280114,0.0040806767985429,0.0040806767997889,0.999991674004662,0.999991674004662,49.41354640641772,0.0,49.97228410337573,0.0,45.59501993057453,0.0,45.30160255481902,0.0,0.0,0.0,0.0,0.0,0.0,0.0
10.0,7.120706035301769,0.0040807306198764,0.0040807306211237,0.9999916737850332,0.999991673785032,49.4135463859718,0.0,49.97228366998174,0.0,45.59501992534313,0.0,45.30160246278764,0.0,0.0,0.0,0.0,0.0,0.0,0.0
10.0,7.12095604780239,0.0040807844423111,0.0040807844435597,0.999991673565396,0.999991673565395,49.413546365524994,0.0,49.97228323657361,0.0,45.59501992011156,0.0,45.3016023707531,0.0,0.0,0.0,0.0,0.0,0.0,0.0
10.0,7.12120606030301,0.0040808382658469,0.0040808382670969,0.999991673345751,0.999991673345751,49.413546345077314,0.0,49.97228280315134,0.0,45.5950199148798,0.0,45.30160227871544,0.0,0.0,0.0,0.0,0.0,0.0,0.0
10.0,7.12145607280364,0.0040808920904838,0.0040808920917352,0.999991673126099,0.999991673126099,49.41354632462877,0.0,49.97228236971489,0.0,45.595019909647846,0.0,45.30160218667463,0.0,0.0,0.0,0.0,0.0,0.0,0.0
10.0,7.12170608530426,0.0040809459162218,0.0040809459174745,0.99999167290644,0.99999167290644,49.41354630417933,0.0,49.9722819362643,0.0,45.59501990441572,0.0,45.30160209463068,0.0,0.0,0.0,0.0,0.0,0.0,0.0
10.0,7.12195609780489,0.0040809997430608,0.0040809997443148,0.999991672686774,0.999991672686773,49.41354628372903,0.0,49.972281502799554,0.0,45.59501989918338,0.0,45.30160200258359,0.0,0.0,0.0,0.0,0.0,0.0,0.0
10.0,7.12220611030552,0.0040810535710007,0.004081053572256,0.9999916724671,0.999991672467099,49.41354626327785,0.0,49.97228106932066,0.0,45.59501989395088,0.0,45.30160191053338,0.0,0.0,0.0,0.0,0.0,0.0,0.0
10.0,7.12245612280614,0.0040811074000416,0.0040811074012982,0.999991672247418,0.999991672247418,49.4135462428258,0.0,49.97228063582761,0.0,45.59501988871818,0.0,45.30160181848001,0.0,0.0,0.0,0.0,0.0,0.0,0.0
10.0,7.12270613530676,0.0040811612301832,0.0040811612314412,0.99999167202773,0.999991672027729,49.41354622237288,0.0,49.972280202320405,0.0,45.5950198834853,0.0,45.30160172642351,0.0,0.0,0.0,0.0,0.0,0.0,0.0
10.0,7.122956147807389,0.0040812150614256,0.0040812150626849,0.999991671808033,0.999991671808033,49.41354620191907,0.0,49.97227976879905,0.0,45.59501987825224,0.0,45.30160163436389,0.0,0.0,0.0,0.0,0.0,0.0,0.0
10.0,7.12320616030802,0.0040812688937688,0.0040812688950294,0.99999167158833,0.999991671588329,49.41354618146439,0.0,49.97227933526354,0.0,45.59501987301898,0.0,45.3016015423011,0.0,0.0,0.0,0.0,0.0,0.0,0.0
10.0,7.12345617280864,0.0040813227272127,0.0040813227284746,0.999991671368619,0.999991671368618,49.41354616100884,0.0,49.97227890171387,0.0,45.59501986778554,0.0,45.30160145023518,0.0,0.0,0.0,0.0,0.0,0.0,0.0
10.0,7.12370618530927,0.0040813765617572,0.0040813765630204,0.9999916711489,0.9999916711489,49.41354614055241,0.0,49.97227846815007,0.0,45.59501986255192,0.0,45.30160135816613,0.0,0.0,0.0,0.0,0.0,0.0,0.0
10.0,7.12395619780989,0.0040814303974022,0.0040814303986668,0.9999916709291752,0.999991670929174,49.41354612009511,0.0,49.9722780345721,0.0,45.5950198573181,0.0,45.30160126609394,0.0,0.0,0.0,0.0,0.0,0.0,0.0
10.0,7.12420621031052,0.0040814842341478,0.0040814842354137,0.999991670709442,0.999991670709441,49.41354609963693,0.0,49.97227760097998,0.0,45.59501985208411,0.0,45.30160117401861,0.0,0.0,0.0,0.0,0.0,0.0,0.0
10.0,7.12445622281114,0.0040815380719939,0.0040815380732611,0.999991670489701,0.999991670489701,49.41354607917789,0.0,49.9722771673737,0.0,45.59501984684992,0.0,45.30160108194014,0.0,0.0,0.0,0.0,0.0,0.0,0.0
10.0,7.12470623531177,0.0040815919109404,0.0040815919122089,0.999991670269953,0.999991670269953,49.41354605871796,0.0,49.97227673375329,0.0,45.595019841615546,0.0,45.30160098985853,0.0,0.0,0.0,0.0,0.0,0.0,0.0
10.0,7.12495624781239,0.0040816457509873,0.0040816457522571,0.999991670050198,0.9999916700501972,49.41354603825715,0.0,49.97227630011871,0.0,45.59501983638099,0.0,45.30160089777379,0.0,0.0,0.0,0.0,0.0,0.0,0.0
10.0,7.12520626031302,0.0040816995921345,0.0040816995934056,0.999991669830435,0.999991669830435,49.41354601779549,0.0,49.97227586646998,0.0,45.59501983114625,0.0,45.3016008056859,0.0,0.0,0.0,0.0,0.0,0.0,0.0
10.0,7.12545627281364,0.0040817534343819,0.0040817534356543,0.999991669610665,0.999991669610665,49.41354599733294,0.0,49.9722754328071,0.0,45.59501982591132,0.0,45.30160071359488,0.0,0.0,0.0,0.0,0.0,0.0,0.0
10.0,7.12570628531427,0.0040818072777296,0.0040818072790033,0.999991669390888,0.999991669390887,49.41354597686952,0.0,49.97227499913008,0.0,45.59501982067621,0.0,45.30160062150072,0.0,0.0,0.0,0.0,0.0,0.0,0.0
10.0,7.12595629781489,0.0040818611221774,0.0040818611234525,0.999991669171103,0.999991669171102,49.41354595640523,0.0,49.972274565438894,0.0,45.5950198154409,0.0,45.301600529403416,0.0,0.0,0.0,0.0,0.0,0.0,0.0
10.0,7.12620631031552,0.0040819149677254,0.0040819149690017,0.999991668951311,0.99999166895131,49.41354593594007,0.0,49.97227413173356,0.0,45.595019810205415,0.0,45.30160043730298,0.0,0.0,0.0,0.0,0.0,0.0,0.0
10.0,7.12645632281614,0.0040819688143734,0.0040819688156511,0.999991668731511,0.99999166873151,49.413545915474025,0.0,49.97227369801408,0.0,45.59501980496974,0.0,45.30160034519941,0.0,0.0,0.0,0.0,0.0,0.0,0.0
10.0,7.12670633531677,0.0040820226621214,0.0040820226634004,0.999991668511704,0.999991668511703,49.41354589500712,0.0,49.972273264280446,0.0,45.59501979973389,0.0,45.30160025309269,0.0,0.0,0.0,0.0,0.0,0.0,0.0
10.0,7.12695634781739,0.0040820765109694,0.0040820765122497,0.999991668291889,0.999991668291889,49.41354587453934,0.0,49.97227283053266,0.0,45.59501979449784,0.0,45.30160016098284,0.0,0.0,0.0,0.0,0.0,0.0,0.0
10.0,7.12720636031802,0.0040821303609173,0.0040821303621989,0.999991668072068,0.999991668072067,49.41354585407069,0.0,49.97227239677072,0.0,45.595019789261606,0.0,45.30160006886984,0.0,0.0,0.0,0.0,0.0,0.0,0.0
10.0,7.12745637281864,0.004082184211965,0.0040821842132479,0.999991667852238,0.999991667852238,49.41354583360116,0.0,49.97227196299463,0.0,45.59501978402519,0.0,45.301599976753714,0.0,0.0,0.0,0.0,0.0,0.0,0.0
10.0,7.12770638531927,0.0040822380641126,0.0040822380653968,0.999991667632402,0.999991667632401,49.41354581313076,0.0,49.97227152920439,0.0,45.59501977878858,0.0,45.30159988463444,0.0,0.0,0.0,0.0,0.0,0.0,0.0
10.0,7.12795639781989,0.0040822919173599,0.0040822919186454,0.999991667412558,0.999991667412557,49.41354579265949,0.0,49.9722710954,0.0,45.59501977355179,0.0,45.30159979251204,0.0,0.0,0.0,0.0,0.0,0.0,0.0
10.0,7.12820641032052,0.0040823457717069,0.0040823457729937,0.999991667192706,0.999991667192706,49.41354577218735,0.0,49.97227066158146,0.0,45.59501976831481,0.0,45.30159970038649,0.0,0.0,0.0,0.0,0.0,0.0,0.0
10.0,7.128456422821139,0.0040823996271535,0.0040823996284416,0.999991666972848,0.999991666972847,49.41354575171432,0.0,49.97227022774878,0.0,45.59501976307765,0.0,45.30159960825782,0.0,0.0,0.0,0.0,0.0,0.0,0.0
10.0,7.12870643532177,0.0040824534836998,0.0040824534849892,0.999991666752982,0.9999916667529812,49.41354573124045,0.0,49.97226979390194,0.0,45.5950197578403,0.0,45.30159951612599,0.0,0.0,0.0,0.0,0.0,0.0,0.0
10.0,7.12895644782239,0.0040825073413456,0.0040825073426363,0.999991666533108,0.999991666533107,49.41354571076569,0.0,49.97226936004094,0.0,45.59501975260277,0.0,45.30159942399103,0.0,0.0,0.0,0.0,0.0,0.0,0.0
10.0,7.12920646032302,0.0040825612000909,0.0040825612013829,0.999991666313227,0.999991666313227,49.41354569029006,0.0,49.9722689261658,0.0,45.59501974736504,0.0,45.30159933185293,0.0,0.0,0.0,0.0,0.0,0.0,0.0
10.0,7.12945647282364,0.0040826150599356,0.0040826150612289,0.999991666093339,0.999991666093338,49.41354566981356,0.0,49.972268492276505,0.0,45.595019742127135,0.0,45.30159923971169,0.0,0.0,0.0,0.0,0.0,0.0,0.0
10.0,7.12970648532427,0.0040826689208797,0.0040826689221743,0.999991665873443,0.999991665873442,49.413545649336186,0.0,49.97226805837307,0.0,45.59501973688904,0.0,45.30159914756732,0.0,0.0,0.0,0.0,0.0,0.0,0.0
10.0,7.12995649782489,0.0040827227829231,0.004082722784219,0.99999166565354,0.999991665653539,49.41354562885794,0.0,49.97226762445548,0.0,45.595019731650765,0.0,45.30159905541981,0.0,0.0,0.0,0.0,0.0,0.0,0.0
10.0,7.13020651032552,0.0040827766460659,0.0040827766473631,0.9999916654336288,0.9999916654336288,49.41354560837883,0.0,49.97226719052373,0.0,45.595019726412296,0.0,45.30159896326916,0.0,0.0,0.0,0.0,0.0,0.0,0.0
10.0,7.13045652282614,0.0040828305103078,0.0040828305116063,0.999991665213712,0.9999916652137107,49.413545587898845,0.0,49.97226675657785,0.0,45.59501972117364,0.0,45.30159887111537,0.0,0.0,0.0,0.0,0.0,0.0,0.0
10.0,7.13070653532677,0.004082884375649,0.0040828843769488,0.999991664993786,0.999991664993786,49.41354556741799,0.0,49.972266322617806,0.0,45.59501971593481,0.0,45.30159877895844,0.0,0.0,0.0,0.0,0.0,0.0,0.0
10.0,7.13095654782739,0.0040829382420893,0.0040829382433903,0.999991664773854,0.9999916647738532,49.41354554693626,0.0,49.97226588864362,0.0,45.59501971069578,0.0,45.30159868679837,0.0,0.0,0.0,0.0,0.0,0.0,0.0
10.0,7.13120656032802,0.0040829921096286,0.004082992110931,0.999991664553914,0.999991664553913,49.41354552645367,0.0,49.97226545465528,0.0,45.595019705456565,0.0,45.301598594635166,0.0,0.0,0.0,0.0,0.0,0.0,0.0
10.0,7.13145657282864,0.004083045978267,0.0040830459795707,0.999991664333966,0.999991664333966,49.413545505970205,0.0,49.9722650206528,0.0,45.59501970021717,0.0,45.30159850246883,0.0,0.0,0.0,0.0,0.0,0.0,0.0
10.0,7.13170658532927,0.0040830998480044,0.0040830998493093,0.999991664114011,0.999991664114011,49.41354548548587,0.0,49.972264586636165,0.0,45.59501969497759,0.0,45.30159841029934,0.0,0.0,0.0,0.0,0.0,0.0,0.0
10.0,7.13195659782989,0.0040831537188407,0.0040831537201469,0.999991663894049,0.999991663894048,49.41354546500067,0.0,49.97226415260537,0.0,45.59501968973782,0.0,45.30159831812673,0.0,0.0,0.0,0.0,0.0,0.0,0.0
10.0,7.13220661033052,0.0040832075907758,0.0040832075920833,0.99999166367408,0.999991663674079,49.4135454445146,0.0,49.972263718560434,0.0,45.595019684497856,0.0,45.30159822595097,0.0,0.0,0.0,0.0,0.0,0.0,0.0
10.0,7.13245662283114,0.0040832614638098,0.0040832614651186,0.9999916634541028,0.9999916634541018,49.413545424027646,0.0,49.97226328450135,0.0,45.59501967925772,0.0,45.30159813377208,0.0,0.0,0.0,0.0,0.0,0.0,0.0
10.0,7.13270663533177,0.0040833153379426,0.0040833153392526,0.999991663234118,0.999991663234118,49.41354540353984,0.0,49.97226285042812,0.0,45.59501967401739,0.0,45.30159804159004,0.0,0.0,0.0,0.0,0.0,0.0,0.0
10.0,7.13295664783239,0.004083369213174,0.0040833692144854,0.999991663014126,0.999991663014126,49.41354538305116,0.0,49.97226241634075,0.0,45.59501966877688,0.0,45.30159794940488,0.0,0.0,0.0,0.0,0.0,0.0,0.0
10.0,7.133206660333021,0.0040834230895041,0.0040834230908168,0.999991662794127,0.999991662794127,49.41354536256161,0.0,49.97226198223922,0.0,45.59501966353617,0.0,45.30159785721656,0.0,0.0,0.0,0.0,0.0,0.0,0.0
10.0,7.13345667283364,0.0040834769669329,0.0040834769682468,0.999991662574121,0.99999166257412,49.41354534207118,0.0,49.972261548123534,0.0,45.595019658295286,0.0,45.30159776502512,0.0,0.0,0.0,0.0,0.0,0.0,0.0
10.0,7.13370668533427,0.0040835308454602,0.0040835308467754,0.999991662354107,0.999991662354106,49.41354532157989,0.0,49.97226111399371,0.0,45.59501965305422,0.0,45.30159767283053,0.0,0.0,0.0,0.0,0.0,0.0,0.0
10.0,7.13395669783489,0.004083584725086,0.0040835847264025,0.9999916621340852,0.9999916621340852,49.413545301087744,0.0,49.97226067984974,0.0,45.59501964781296,0.0,45.301597580632816,0.0,0.0,0.0,0.0,0.0,0.0,0.0
10.0,7.13420671033552,0.0040836386058103,0.004083638607128,0.9999916619140572,0.999991661914056,49.41354528059471,0.0,49.97226024569162,0.0,45.59501964257151,0.0,45.301597488431945,0.0,0.0,0.0,0.0,0.0,0.0,0.0
10.0,7.13445672283614,0.004083692487633,0.004083692488952,0.999991661694021,0.99999166169402,49.41354526010082,0.0,49.97225981151935,0.0,45.59501963732988,0.0,45.30159739622795,0.0,0.0,0.0,0.0,0.0,0.0,0.0
10.0,7.13470673533677,0.004083746370554,0.0040837463718743,0.999991661473977,0.999991661473976,49.41354523960605,0.0,49.972259377332925,0.0,45.59501963208806,0.0,45.30159730402082,0.0,0.0,0.0,0.0,0.0,0.0,0.0
10.0,7.13495674783739,0.0040838002545733,0.0040838002558949,0.999991661253926,0.999991661253926,49.413545219110425,0.0,49.97225894313237,0.0,45.59501962684605,0.0,45.30159721181054,0.0,0.0,0.0,0.0,0.0,0.0,0.0
10.0,7.13520676033802,0.0040838541396909,0.0040838541410138,0.999991661033868,0.999991661033867,49.41354519861392,0.0,49.97225850891765,0.0,45.59501962160387,0.0,45.30159711959712,0.0,0.0,0.0,0.0,0.0,0.0,0.0
10.0,7.13545677283864,0.0040839080259067,0.0040839080272309,0.999991660813802,0.999991660813802,49.41354517811656,0.0,49.97225807468879,0.0,45.59501961636149,0.0,45.301597027380566,0.0,0.0,0.0,0.0,0.0,0.0,0.0
10.0,7.13570678533927,0.0040839619132206,0.0040839619145461,0.9999916605937292,0.999991660593728,49.41354515761832,0.0,49.9722576404458,0.0,45.59501961111893,0.0,45.30159693516087,0.0,0.0,0.0,0.0,0.0,0.0,0.0
10.0,7.13595679783989,0.0040840158016327,0.0040840158029594,0.999991660373649,0.999991660373648,49.41354513711922,0.0,49.97225720618864,0.0,45.595019605876175,0.0,45.30159684293805,0.0,0.0,0.0,0.0,0.0,0.0,0.0
10.0,7.13620681034052,0.0040840696911428,0.0040840696924707,0.9999916601535612,0.99999166015356,49.41354511661925,0.0,49.97225677191734,0.0,45.59501960063324,0.0,45.301596750712086,0.0,0.0,0.0,0.0,0.0,0.0,0.0
10.0,7.13645682284114,0.0040841235817508,0.0040841235830801,0.999991659933466,0.999991659933465,49.41354509611842,0.0,49.97225633763189,0.0,45.59501959539012,0.0,45.30159665848299,0.0,0.0,0.0,0.0,0.0,0.0,0.0
10.0,7.13670683534177,0.0040841774734568,0.0040841774747873,0.999991659713363,0.999991659713363,49.41354507561671,0.0,49.9722559033323,0.0,45.59501959014681,0.0,45.30159656625074,0.0,0.0,0.0,0.0,0.0,0.0,0.0
10.0,7.13695684784239,0.0040842313662607,0.0040842313675925,0.9999916594932527,0.9999916594932527,49.41354505511414,0.0,49.97225546901854,0.0,45.59501958490332,0.0,45.30159647401536,0.0,0.0,0.0,0.0,0.0,0.0,0.0
10.0,7.13720686034302,0.0040842852601625,0.0040842852614955,0.999991659273136,0.999991659273135,49.41354503461071,0.0,49.97225503469066,0.0,45.59501957965965,0.0,45.30159638177685,0.0,0.0,0.0,0.0,0.0,0.0,0.0
10.0,7.13745687284364,0.004084339155162,0.0040843391564963,0.9999916590530108,0.99999165905301,49.4135450141064,0.0,49.97225460034863,0.0,45.59501957441578,0.0,45.30159628953519,0.0,0.0,0.0,0.0,0.0,0.0,0.0
10.0,7.13770688534427,0.0040843930512593,0.0040843930525948,0.9999916588328792,0.999991658832878,49.41354499360124,0.0,49.97225416599244,0.0,45.595019569171725,0.0,45.3015961972904,0.0,0.0,0.0,0.0,0.0,0.0,0.0
10.0,7.13795689784489,0.0040844469484542,0.0040844469497911,0.999991658612739,0.999991658612738,49.4135449730952,0.0,49.97225373162211,0.0,45.59501956392749,0.0,45.301596105042464,0.0,0.0,0.0,0.0,0.0,0.0,0.0
10.0,7.13820691034552,0.0040845008467468,0.0040845008480849,0.999991658392592,0.999991658392592,49.413544952588296,0.0,49.97225329723764,0.0,45.595019558683056,0.0,45.30159601279139,0.0,0.0,0.0,0.0,0.0,0.0,0.0
10.0,7.13845692284614,0.0040845547461369,0.0040845547474763,0.999991658172438,0.999991658172437,49.41354493208052,0.0,49.97225286283902,0.0,45.59501955343845,0.0,45.30159592053719,0.0,0.0,0.0,0.0,0.0,0.0,0.0
10.0,7.138706935346771,0.0040846086466246,0.0040846086479653,0.999991657952276,0.999991657952276,49.4135449115719,0.0,49.97225242842625,0.0,45.595019548193655,0.0,45.30159582827984,0.0,0.0,0.0,0.0,0.0,0.0,0.0
10.0,7.13895694784739,0.0040846625482098,0.0040846625495517,0.999991657732107,0.999991657732107,49.41354489106239,0.0,49.972251993999336,0.0,45.59501954294867,0.0,45.301595736019365,0.0,0.0,0.0,0.0,0.0,0.0,0.0
10.0,7.13920696034802,0.0040847164508924,0.0040847164522355,0.999991657511931,0.99999165751193,49.41354487055203,0.0,49.97225155955828,0.0,45.5950195377035,0.0,45.30159564375574,0.0,0.0,0.0,0.0,0.0,0.0,0.0
10.0,7.13945697284864,0.0040847703546723,0.0040847703560167,0.999991657291747,0.999991657291746,49.41354485004079,0.0,49.97225112510308,0.0,45.59501953245815,0.0,45.30159555148898,0.0,0.0,0.0,0.0,0.0,0.0,0.0
10.0,7.13970698534927,0.0040848242595496,0.0040848242608953,0.999991657071555,0.999991657071555,49.413544829528696,0.0,49.972250690633736,0.0,45.59501952721261,0.0,45.30159545921908,0.0,0.0,0.0,0.0,0.0,0.0,0.0
10.0,7.13995699784989,0.0040848781655241,0.0040848781668711,0.9999916568513572,0.9999916568513562,49.41354480901573,0.0,49.97225025615024,0.0,45.59501952196688,0.0,45.301595366946046,0.0,0.0,0.0,0.0,0.0,0.0,0.0
10.0,7.14020701035052,0.0040849320725959,0.0040849320739441,0.9999916566311507,0.99999165663115,49.41354478850191,0.0,49.97224982165259,0.0,45.59501951672097,0.0,45.30159527466988,0.0,0.0,0.0,0.0,0.0,0.0,0.0
10.0,7.14045702285114,0.0040849859807648,0.0040849859821143,0.9999916564109368,0.9999916564109368,49.41354476798722,0.0,49.97224938714081,0.0,45.59501951147486,0.0,45.30159518239056,0.0,0.0,0.0,0.0,0.0,0.0,0.0
10.0,7.14070703535177,0.0040850398900309,0.0040850398913816,0.999991656190716,0.999991656190716,49.41354474747166,0.0,49.97224895261488,0.0,45.595019506228574,0.0,45.30159509010812,0.0,0.0,0.0,0.0,0.0,0.0,0.0
10.0,7.140957047852391,0.004085093800394,0.0040850938017459,0.999991655970488,0.999991655970487,49.41354472695524,0.0,49.9722485180748,0.0,45.59501950098211,0.0,45.30159499782253,0.0,0.0,0.0,0.0,0.0,0.0,0.0
10.0,7.14120706035302,0.0040851477118541,0.0040851477132073,0.999991655750253,0.999991655750252,49.41354470643795,0.0,49.97224808352058,0.0,45.59501949573544,0.0,45.30159490553381,0.0,0.0,0.0,0.0,0.0,0.0,0.0
10.0,7.14145707285364,0.0040852016244112,0.0040852016257656,0.99999165553001,0.999991655530009,49.4135446859198,0.0,49.97224764895222,0.0,45.5950194904886,0.0,45.30159481324195,0.0,0.0,0.0,0.0,0.0,0.0,0.0
10.0,7.14170708535427,0.0040852555380652,0.0040852555394209,0.999991655309759,0.999991655309759,49.41354466540079,0.0,49.9722472143697,0.0,45.595019485241565,0.0,45.30159472094695,0.0,0.0,0.0,0.0,0.0,0.0,0.0
10.0,7.14195709785489,0.004085309452816,0.004085309454173,0.999991655089501,0.999991655089501,49.41354464488092,0.0,49.97224677977305,0.0,45.59501947999436,0.0,45.301594628648814,0.0,0.0,0.0,0.0,0.0,0.0,0.0
10.0,7.14220711035552,0.0040853633686637,0.0040853633700219,0.999991654869236,0.999991654869236,49.41354462436017,0.0,49.97224634516225,0.0,45.59501947474695,0.0,45.30159453634754,0.0,0.0,0.0,0.0,0.0,0.0,0.0
10.0,7.14245712285614,0.0040854172856081,0.0040854172869675,0.999991654648964,0.999991654648963,49.41354460383856,0.0,49.972245910537296,0.0,45.59501946949936,0.0,45.301594444043126,0.0,0.0,0.0,0.0,0.0,0.0,0.0
10.0,7.14270713535677,0.0040854712036492,0.0040854712050098,0.999991654428684,0.999991654428683,49.413544583316096,0.0,49.97224547589823,0.0,45.59501946425159,0.0,45.30159435173557,0.0,0.0,0.0,0.0,0.0,0.0,0.0
10.0,7.14295714785739,0.0040855251227869,0.0040855251241488,0.999991654208396,0.999991654208396,49.413544562792765,0.0,49.97224504124498,0.0,45.59501945900362,0.0,45.30159425942489,0.0,0.0,0.0,0.0,0.0,0.0,0.0
10.0,7.14320716035802,0.0040855790430213,0.0040855790443844,0.999991653988102,0.999991653988101,49.41354454226856,0.0,49.97224460657761,0.0,45.59501945375547,0.0,45.30159416711106,0.0,0.0,0.0,0.0,0.0,0.0,0.0
10.0,7.14345717285864,0.0040856329643521,0.0040856329657166,0.9999916537678,0.999991653767799,49.41354452174351,0.0,49.97224417189609,0.0,45.59501944850714,0.0,45.301594074794096,0.0,0.0,0.0,0.0,0.0,0.0,0.0
10.0,7.14370718535927,0.0040856868867795,0.0040856868881452,0.99999165354749,0.999991653547489,49.41354450121758,0.0,49.97224373720042,0.0,45.59501944325861,0.0,45.301593982474,0.0,0.0,0.0,0.0,0.0,0.0,0.0
10.0,7.14395719785989,0.0040857408103034,0.0040857408116703,0.9999916533271732,0.9999916533271732,49.41354448069079,0.0,49.97224330249062,0.0,45.59501943800991,0.0,45.30159389015076,0.0,0.0,0.0,0.0,0.0,0.0,0.0
10.0,7.144207210360519,0.0040857947349236,0.0040857947362917,0.999991653106849,0.999991653106848,49.413544460163145,0.0,49.97224286776667,0.0,45.59501943276101,0.0,45.30159379782438,0.0,0.0,0.0,0.0,0.0,0.0,0.0
10.0,7.14445722286114,0.0040858486606402,0.0040858486620096,0.9999916528865168,0.9999916528865168,49.41354443963464,0.0,49.97224243302856,0.0,45.595019427511936,0.0,45.30159370549487,0.0,0.0,0.0,0.0,0.0,0.0,0.0
10.0,7.14470723536177,0.004085902587453,0.0040859025888236,0.999991652666178,0.999991652666178,49.413544419105264,0.0,49.97224199827632,0.0,45.59501942226267,0.0,45.30159361316222,0.0,0.0,0.0,0.0,0.0,0.0,0.0
10.0,7.14495724786239,0.0040859565153621,0.004085956516734,0.999991652445832,0.999991652445831,49.41354439857503,0.0,49.97224156350995,0.0,45.59501941701322,0.0,45.30159352082643,0.0,0.0,0.0,0.0,0.0,0.0,0.0
10.0,7.14520726036302,0.0040860104443674,0.0040860104457405,0.999991652225478,0.999991652225477,49.41354437804392,0.0,49.972241128729415,0.0,45.59501941176359,0.0,45.30159342848751,0.0,0.0,0.0,0.0,0.0,0.0,0.0
10.0,7.14545727286364,0.0040860643744688,0.0040860643758431,0.9999916520051172,0.999991652005116,49.41354435751197,0.0,49.97224069393474,0.0,45.59501940651376,0.0,45.30159333614544,0.0,0.0,0.0,0.0,0.0,0.0,0.0
10.0,7.14570728536427,0.0040861183056663,0.0040861183070418,0.999991651784748,0.999991651784747,49.41354433697914,0.0,49.97224025912594,0.0,45.59501940126375,0.0,45.30159324380024,0.0,0.0,0.0,0.0,0.0,0.0,0.0
10.0,7.14595729786489,0.0040861722379598,0.0040861722393366,0.999991651564372,0.999991651564372,49.41354431644546,0.0,49.972239824302974,0.0,45.59501939601356,0.0,45.30159315145189,0.0,0.0,0.0,0.0,0.0,0.0,0.0
10.0,7.14620731036552,0.0040862261713493,0.0040862261727273,0.9999916513439888,0.999991651343988,49.41354429591092,0.0,49.97223938946589,0.0,45.59501939076317,0.0,45.301593059100426,0.0,0.0,0.0,0.0,0.0,0.0,0.0
10.0,7.146457322866139,0.0040862801058347,0.004086280107214,0.999991651123598,0.999991651123598,49.41354427537551,0.0,49.97223895461464,0.0,45.5950193855126,0.0,45.3015929667458,0.0,0.0,0.0,0.0,0.0,0.0,0.0
10.0,7.14670733536677,0.004086334041416,0.0040863340427965,0.9999916509032,0.9999916509031987,49.41354425483924,0.0,49.97223851974925,0.0,45.59501938026184,0.0,45.30159287438805,0.0,0.0,0.0,0.0,0.0,0.0,0.0
10.0,7.14695734786739,0.0040863879780931,0.0040863879794749,0.999991650682794,0.999991650682794,49.41354423430212,0.0,49.97223808486973,0.0,45.59501937501091,0.0,45.30159278202717,0.0,0.0,0.0,0.0,0.0,0.0,0.0
10.0,7.14720736036802,0.004086441915866,0.004086441917249,0.999991650462381,0.999991650462381,49.41354421376411,0.0,49.97223764997607,0.0,45.595019369759775,0.0,45.30159268966313,0.0,0.0,0.0,0.0,0.0,0.0,0.0
10.0,7.14745737286864,0.0040864958547346,0.0040864958561188,0.999991650241961,0.99999165024196,49.41354419322526,0.0,49.97223721506825,0.0,45.59501936450847,0.0,45.30159259729597,0.0,0.0,0.0,0.0,0.0,0.0,0.0
10.0,7.14770738536927,0.0040865497946989,0.0040865497960843,0.999991650021534,0.999991650021533,49.41354417268556,0.0,49.972236780146304,0.0,45.59501935925695,0.0,45.30159250492567,0.0,0.0,0.0,0.0,0.0,0.0,0.0
10.0,7.14795739786989,0.0040866037357588,0.0040866037371455,0.999991649801098,0.999991649801098,49.41354415214498,0.0,49.972236345210206,0.0,45.59501935400528,0.0,45.30159241255223,0.0,0.0,0.0,0.0,0.0,0.0,0.0
10.0,7.14820741037052,0.0040866576779143,0.0040866576793021,0.999991649580656,0.9999916495806548,49.41354413160355,0.0,49.97223591025997,0.0,45.59501934875341,0.0,45.30159232017565,0.0,0.0,0.0,0.0,0.0,0.0,0.0
10.0,7.14845742287114,0.0040867116211652,0.0040867116225543,0.999991649360206,0.999991649360205,49.413544111061256,0.0,49.97223547529559,0.0,45.59501934350135,0.0,45.301592227795936,0.0,0.0,0.0,0.0,0.0,0.0,0.0
10.0,7.14870743537177,0.0040867655655117,0.004086765566902,0.999991649139749,0.999991649139748,49.4135440905181,0.0,49.97223504031707,0.0,45.5950193382491,0.0,45.30159213541308,0.0,0.0,0.0,0.0,0.0,0.0,0.0
10.0,7.14895744787239,0.0040868195109535,0.0040868195123451,0.999991648919284,0.999991648919284,49.413544069974094,0.0,49.9722346053244,0.0,45.59501933299666,0.0,45.30159204302709,0.0,0.0,0.0,0.0,0.0,0.0,0.0
10.0,7.14920746037302,0.0040868734574907,0.0040868734588835,0.999991648698812,0.999991648698812,49.41354404942922,0.0,49.972234170317606,0.0,45.595019327744055,0.0,45.30159195063796,0.0,0.0,0.0,0.0,0.0,0.0,0.0
10.0,7.14945747287364,0.0040869274051233,0.0040869274065173,0.999991648478333,0.999991648478332,49.413544028883486,0.0,49.97223373529666,0.0,45.59501932249125,0.0,45.30159185824571,0.0,0.0,0.0,0.0,0.0,0.0,0.0
10.0,7.14970748537427,0.004086981353851,0.0040869813552462,0.999991648257846,0.999991648257845,49.413544008336885,0.0,49.97223330026157,0.0,45.595019317238254,0.0,45.301591765850304,0.0,0.0,0.0,0.0,0.0,0.0,0.0
10.0,7.14995749787489,0.004087035303674,0.0040870353050704,0.999991648037352,0.9999916480373512,49.41354398778943,0.0,49.97223286521234,0.0,45.59501931198509,0.0,45.30159167345176,0.0,0.0,0.0,0.0,0.0,0.0,0.0
10.0,7.15020751037552,0.0040870892545921,0.0040870892559898,0.99999164781685,0.99999164781685,49.41354396724112,0.0,49.97223243014898,0.0,45.59501930673173,0.0,45.30159158105009,0.0,0.0,0.0,0.0,0.0,0.0,0.0
10.0,7.15045752287614,0.0040871432066054,0.0040871432080042,0.999991647596341,0.999991647596341,49.41354394669195,0.0,49.97223199507147,0.0,45.595019301478175,0.0,45.30159148864527,0.0,0.0,0.0,0.0,0.0,0.0,0.0
10.0,7.15070753537677,0.0040871971597136,0.0040871971611137,0.999991647375825,0.999991647375824,49.41354392614193,0.0,49.97223155997981,0.0,45.59501929622444,0.0,45.30159139623732,0.0,0.0,0.0,0.0,0.0,0.0,0.0
10.0,7.15095754787739,0.0040872511139169,0.0040872511153182,0.9999916471553012,0.9999916471553012,49.41354390559104,0.0,49.97223112487402,0.0,45.59501929097052,0.0,45.30159130382623,0.0,0.0,0.0,0.0,0.0,0.0,0.0
10.0,7.15120756037802,0.0040873050692151,0.0040873050706177,0.99999164693477,0.999991646934769,49.41354388503928,0.0,49.972230689754085,0.0,45.59501928571641,0.0,45.301591211412,0.0,0.0,0.0,0.0,0.0,0.0,0.0
10.0,7.15145757287864,0.0040873590256083,0.004087359027012,0.999991646714232,0.999991646714231,49.41354386448668,0.0,49.97223025462002,0.0,45.59501928046212,0.0,45.30159111899464,0.0,0.0,0.0,0.0,0.0,0.0,0.0
10.0,7.15170758537927,0.0040874129830962,0.0040874129845012,0.999991646493686,0.999991646493685,49.41354384393321,0.0,49.972229819471806,0.0,45.59501927520764,0.0,45.30159102657414,0.0,0.0,0.0,0.0,0.0,0.0,0.0
10.0,7.151957597879889,0.004087466941679,0.0040874669430851,0.999991646273132,0.999991646273132,49.41354382337889,0.0,49.97222938430944,0.0,45.59501926995297,0.0,45.3015909341505,0.0,0.0,0.0,0.0,0.0,0.0,0.0
10.0,7.15220761038052,0.0040875209013565,0.0040875209027638,0.9999916460525718,0.999991646052571,49.4135438028237,0.0,49.97222894913296,0.0,45.59501926469813,0.0,45.30159084172372,0.0,0.0,0.0,0.0,0.0,0.0,0.0
10.0,7.15245762288114,0.0040875748621286,0.0040875748635372,0.999991645832004,0.999991645832003,49.41354378226767,0.0,49.97222851394231,0.0,45.595019259443085,0.0,45.30159074929381,0.0,0.0,0.0,0.0,0.0,0.0,0.0
10.0,7.15270763538177,0.0040876288239955,0.0040876288254052,0.9999916456114278,0.9999916456114278,49.41354376171077,0.0,49.97222807873755,0.0,45.59501925418786,0.0,45.30159065686075,0.0,0.0,0.0,0.0,0.0,0.0,0.0
10.0,7.15295764788239,0.0040876827869569,0.0040876827883678,0.999991645390845,0.999991645390845,49.41354374115301,0.0,49.97222764351863,0.0,45.59501924893245,0.0,45.30159056442457,0.0,0.0,0.0,0.0,0.0,0.0,0.0
10.0,7.15320766038302,0.0040877367510128,0.004087736752425,0.9999916451702552,0.9999916451702552,49.4135437205944,0.0,49.97222720828558,0.0,45.59501924367686,0.0,45.30159047198524,0.0,0.0,0.0,0.0,0.0,0.0,0.0
10.0,7.15345767288364,0.0040877907161632,0.0040877907175766,0.999991644949657,0.999991644949657,49.413543700034936,0.0,49.97222677303839,0.0,45.59501923842107,0.0,45.30159037954278,0.0,0.0,0.0,0.0,0.0,0.0,0.0
10.0,7.15370768538427,0.004087844682408,0.0040878446838226,0.999991644729053,0.999991644729052,49.4135436794746,0.0,49.97222633777705,0.0,45.595019233165104,0.0,45.301590287097184,0.0,0.0,0.0,0.0,0.0,0.0,0.0
10.0,7.15395769788489,0.0040878986497473,0.0040878986511631,0.99999164450844,0.99999164450844,49.41354365891342,0.0,49.97222590250158,0.0,45.59501922790895,0.0,45.30159019464844,0.0,0.0,0.0,0.0,0.0,0.0,0.0
10.0,7.15420771038552,0.0040879526181808,0.0040879526195978,0.9999916442878212,0.99999164428782,49.41354363835138,0.0,49.97222546721197,0.0,45.5950192226526,0.0,45.30159010219657,0.0,0.0,0.0,0.0,0.0,0.0,0.0
10.0,7.15445772288614,0.0040880065877086,0.0040880065891268,0.9999916440671928,0.9999916440671928,49.41354361778848,0.0,49.97222503190821,0.0,45.59501921739608,0.0,45.30159000974155,0.0,0.0,0.0,0.0,0.0,0.0,0.0
10.0,7.15470773538677,0.0040880605583307,0.0040880605597501,0.999991643846559,0.999991643846558,49.41354359722472,0.0,49.97222459659032,0.0,45.59501921213937,0.0,45.3015899172834,0.0,0.0,0.0,0.0,0.0,0.0,0.0
10.0,7.15495774788739,0.0040881145300469,0.0040881145314675,0.999991643625917,0.999991643625916,49.41354357666012,0.0,49.972224161258296,0.0,45.59501920688246,0.0,45.30158982482212,0.0,0.0,0.0,0.0,0.0,0.0,0.0
10.0,7.15520776038802,0.0040881685028573,0.0040881685042791,0.999991643405268,0.999991643405267,49.413543556094645,0.0,49.97222372591213,0.0,45.59501920162538,0.0,45.3015897323577,0.0,0.0,0.0,0.0,0.0,0.0,0.0
10.0,7.15545777288864,0.0040882224767617,0.0040882224781847,0.9999916431846112,0.99999164318461,49.41354353552831,0.0,49.97222329055182,0.0,45.595019196368106,0.0,45.30158963989014,0.0,0.0,0.0,0.0,0.0,0.0,0.0
10.0,7.15570778538927,0.0040882764517601,0.0040882764531843,0.999991642963947,0.999991642963946,49.413543514961134,0.0,49.97222285517736,0.0,45.59501919111064,0.0,45.30158954741943,0.0,0.0,0.0,0.0,0.0,0.0,0.0
10.0,7.15595779788989,0.0040883304278525,0.0040883304292779,0.9999916427432748,0.9999916427432748,49.4135434943931,0.0,49.97222241978878,0.0,45.59501918585301,0.0,45.3015894549456,0.0,0.0,0.0,0.0,0.0,0.0,0.0
10.0,7.15620781039052,0.0040883844050388,0.0040883844064654,0.999991642522596,0.999991642522596,49.41354347382421,0.0,49.97222198438606,0.0,45.59501918059517,0.0,45.30158936246863,0.0,0.0,0.0,0.0,0.0,0.0,0.0
10.0,7.15645782289114,0.004088438383319,0.0040884383847467,0.99999164230191,0.99999164230191,49.41354345325446,0.0,49.9722215489692,0.0,45.59501917533717,0.0,45.30158926998852,0.0,0.0,0.0,0.0,0.0,0.0,0.0
10.0,7.156707835391771,0.004088492362693,0.0040884923641219,0.999991642081216,0.999991642081216,49.41354343268386,0.0,49.97222111353821,0.0,45.59501917007896,0.0,45.30158917750528,0.0,0.0,0.0,0.0,0.0,0.0,0.0
10.0,7.15695784789239,0.0040885463431607,0.0040885463445909,0.999991641860515,0.999991641860515,49.4135434121124,0.0,49.972220678093066,0.0,45.59501916482056,0.0,45.3015890850189,0.0,0.0,0.0,0.0,0.0,0.0,0.0
10.0,7.15720786039302,0.0040886003247222,0.0040886003261535,0.999991641639807,0.999991641639806,49.41354339154009,0.0,49.97222024263379,0.0,45.59501915956199,0.0,45.30158899252937,0.0,0.0,0.0,0.0,0.0,0.0,0.0
10.0,7.15745787289364,0.0040886543073773,0.0040886543088098,0.9999916414190908,0.9999916414190908,49.41354337096691,0.0,49.97221980716037,0.0,45.59501915430323,0.0,45.30158890003671,0.0,0.0,0.0,0.0,0.0,0.0,0.0
10.0,7.15770788539427,0.004088708291126,0.0040887082925597,0.999991641198368,0.999991641198368,49.413543350392885,0.0,49.972219371672814,0.0,45.59501914904428,0.0,45.30158880754092,0.0,0.0,0.0,0.0,0.0,0.0,0.0
10.0,7.1579578978949,0.0040887622759682,0.0040887622774032,0.999991640977637,0.999991640977637,49.413543329818005,0.0,49.97221893617113,0.0,45.59501914378515,0.0,45.30158871504199,0.0,0.0,0.0,0.0,0.0,0.0,0.0
10.0,7.15820791039552,0.004088816261904,0.0040888162633401,0.9999916407569,0.999991640756899,49.41354330924227,0.0,49.9722185006553,0.0,45.59501913852582,0.0,45.30158862253992,0.0,0.0,0.0,0.0,0.0,0.0,0.0
10.0,7.15845792289614,0.0040888702489332,0.0040888702503705,0.999991640536154,0.999991640536154,49.413543288665686,0.0,49.97221806512533,0.0,45.59501913326631,0.0,45.30158853003471,0.0,0.0,0.0,0.0,0.0,0.0,0.0
10.0,7.15870793539677,0.0040889242370559,0.0040889242384943,0.999991640315402,0.999991640315401,49.41354326808825,0.0,49.97221762958123,0.0,45.59501912800663,0.0,45.30158843752637,0.0,0.0,0.0,0.0,0.0,0.0,0.0
10.0,7.15895794789739,0.0040889782262718,0.0040889782277115,0.999991640094642,0.999991640094641,49.41354324750995,0.0,49.97221719402299,0.0,45.59501912274674,0.0,45.301588345014885,0.0,0.0,0.0,0.0,0.0,0.0,0.0
10.0,7.15920796039802,0.0040890322165811,0.0040890322180219,0.9999916398738738,0.999991639873874,49.4135432269308,0.0,49.97221675845061,0.0,45.59501911748668,0.0,45.30158825250027,0.0,0.0,0.0,0.0,0.0,0.0,0.0
10.0,7.15945797289865,0.0040890862079836,0.0040890862094256,0.9999916396530988,0.9999916396530988,49.41354320635079,0.0,49.9722163228641,0.0,45.59501911222642,0.0,45.30158815998252,0.0,0.0,0.0,0.0,0.0,0.0,0.0
10.0,7.15970798539927,0.0040891402004793,0.0040891402019225,0.999991639432317,0.999991639432316,49.413543185769925,0.0,49.97221588726345,0.0,45.59501910696599,0.0,45.30158806746163,0.0,0.0,0.0,0.0,0.0,0.0,0.0
10.0,7.15995799789989,0.0040891941940681,0.0040891941955125,0.9999916392115272,0.9999916392115272,49.413543165188216,0.0,49.97221545164866,0.0,45.59501910170537,0.0,45.30158797493759,0.0,0.0,0.0,0.0,0.0,0.0,0.0
10.0,7.16020801040052,0.00408924818875,0.0040892481901956,0.99999163899073,0.99999163899073,49.41354314460565,0.0,49.972215016019724,0.0,45.59501909644455,0.0,45.30158788241042,0.0,0.0,0.0,0.0,0.0,0.0,0.0
10.0,7.16045802290115,0.004089302184525,0.0040893021859717,0.999991638769926,0.9999916387699253,49.41354312402223,0.0,49.972214580376665,0.0,45.59501909118356,0.0,45.30158778988013,0.0,0.0,0.0,0.0,0.0,0.0,0.0
10.0,7.16070803540177,0.004089356181393,0.0040893561828409,0.999991638549114,0.999991638549113,49.41354310343796,0.0,49.97221414471947,0.0,45.59501908592238,0.0,45.30158769734668,0.0,0.0,0.0,0.0,0.0,0.0,0.0
10.0,7.16095804790239,0.0040894101793539,0.0040894101808029,0.9999916383282952,0.999991638328294,49.41354308285283,0.0,49.97221370904813,0.0,45.59501908066101,0.0,45.30158760481011,0.0,0.0,0.0,0.0,0.0,0.0,0.0
10.0,7.16120806040302,0.0040894641784076,0.0040894641798579,0.9999916381074682,0.9999916381074682,49.41354306226685,0.0,49.97221327336266,0.0,45.595019075399456,0.0,45.3015875122704,0.0,0.0,0.0,0.0,0.0,0.0,0.0
10.0,7.16145807290364,0.0040895181785542,0.0040895181800056,0.999991637886634,0.999991637886634,49.41354304168002,0.0,49.97221283766306,0.0,45.59501907013771,0.0,45.30158741972755,0.0,0.0,0.0,0.0,0.0,0.0,0.0
10.0,7.16170808540427,0.0040895721797936,0.0040895721812462,0.999991637665793,0.999991637665792,49.41354302109233,0.0,49.97221240194931,0.0,45.595019064875785,0.0,45.301587327181565,0.0,0.0,0.0,0.0,0.0,0.0,0.0
10.0,7.1619580979049,0.0040896261821257,0.0040896261835795,0.999991637444944,0.999991637444944,49.41354300050379,0.0,49.97221196622143,0.0,45.59501905961367,0.0,45.30158723463244,0.0,0.0,0.0,0.0,0.0,0.0,0.0
10.0,7.162208110405521,0.0040896801855505,0.0040896801870054,0.999991637224088,0.999991637224088,49.4135429799144,0.0,49.97221153047941,0.0,45.59501905435137,0.0,45.30158714208017,0.0,0.0,0.0,0.0,0.0,0.0,0.0
10.0,7.16245812290614,0.0040897341900679,0.004089734191524,0.999991637003225,0.999991637003224,49.41354295932416,0.0,49.97221109472326,0.0,45.59501904908888,0.0,45.30158704952478,0.0,0.0,0.0,0.0,0.0,0.0,0.0
10.0,7.16270813540677,0.0040897881956779,0.0040897881971352,0.999991636782354,0.9999916367823533,49.41354293873307,0.0,49.97221065895297,0.0,45.595019043826206,0.0,45.30158695696624,0.0,0.0,0.0,0.0,0.0,0.0,0.0
10.0,7.1629581479074,0.0040898422023804,0.0040898422038389,0.999991636561475,0.999991636561475,49.41354291814112,0.0,49.97221022316855,0.0,45.59501903856336,0.0,45.30158686440457,0.0,0.0,0.0,0.0,0.0,0.0,0.0
10.0,7.16320816040802,0.0040898962101754,0.004089896211635,0.99999163634059,0.999991636340589,49.413542897548325,0.0,49.972209787369984,0.0,45.59501903330031,0.0,45.30158677183976,0.0,0.0,0.0,0.0,0.0,0.0,0.0
10.0,7.16345817290865,0.0040899502190628,0.0040899502205236,0.999991636119697,0.999991636119696,49.41354287695467,0.0,49.9722093515573,0.0,45.59501902803708,0.0,45.30158667927181,0.0,0.0,0.0,0.0,0.0,0.0,0.0
10.0,7.16370818540927,0.0040900042290426,0.0040900042305045,0.999991635898796,0.999991635898796,49.41354285636017,0.0,49.97220891573046,0.0,45.59501902277366,0.0,45.30158658670073,0.0,0.0,0.0,0.0,0.0,0.0,0.0
10.0,7.16395819790989,0.0040900582401147,0.0040900582415778,0.999991635677889,0.999991635677888,49.41354283576482,0.0,49.97220847988949,0.0,45.59501901751005,0.0,45.30158649412652,0.0,0.0,0.0,0.0,0.0,0.0,0.0
10.0,7.16420821041052,0.004090112252279,0.0040901122537433,0.9999916354569728,0.9999916354569728,49.41354281516862,0.0,49.9722080440344,0.0,45.59501901224627,0.0,45.30158640154915,0.0,0.0,0.0,0.0,0.0,0.0,0.0
10.0,7.16445822291115,0.0040901662655356,0.004090166267001,0.999991635236051,0.99999163523605,49.41354279457156,0.0,49.97220760816517,0.0,45.5950190069823,0.0,45.30158630896866,0.0,0.0,0.0,0.0,0.0,0.0,0.0
10.0,7.16470823541177,0.0040902202798843,0.0040902202813509,0.999991635015121,0.99999163501512,49.41354277397366,0.0,49.9722071722818,0.0,45.59501900171813,0.0,45.30158621638503,0.0,0.0,0.0,0.0,0.0,0.0,0.0
10.0,7.1649582479124,0.0040902742953252,0.0040902742967929,0.999991634794184,0.999991634794183,49.4135427533749,0.0,49.97220673638429,0.0,45.595018996453774,0.0,45.30158612379826,0.0,0.0,0.0,0.0,0.0,0.0,0.0
10.0,7.16520826041302,0.0040903283118581,0.004090328313327,0.9999916345732388,0.999991634573238,49.4135427327753,0.0,49.97220630047265,0.0,45.59501899118925,0.0,45.30158603120836,0.0,0.0,0.0,0.0,0.0,0.0,0.0
10.0,7.165458272913649,0.004090382329483,0.004090382330953,0.999991634352287,0.999991634352286,49.41354271217484,0.0,49.97220586454687,0.0,45.595018985924526,0.0,45.30158593861532,0.0,0.0,0.0,0.0,0.0,0.0,0.0
10.0,7.16570828541427,0.0040904363481998,0.004090436349671,0.9999916341313272,0.9999916341313272,49.413542691573525,0.0,49.97220542860696,0.0,45.59501898065962,0.0,45.30158584601914,0.0,0.0,0.0,0.0,0.0,0.0,0.0
10.0,7.1659582979149,0.0040904903680086,0.004090490369481,0.99999163391036,0.99999163391036,49.41354267097138,0.0,49.97220499265293,0.0,45.59501897539453,0.0,45.30158575341983,0.0,0.0,0.0,0.0,0.0,0.0,0.0
10.0,7.16620831041552,0.0040905443889092,0.0040905443903827,0.999991633689386,0.999991633689385,49.41354265036836,0.0,49.97220455668474,0.0,45.59501897012924,0.0,45.30158566081738,0.0,0.0,0.0,0.0,0.0,0.0,0.0
10.0,7.16645832291614,0.0040905984109016,0.0040905984123763,0.999991633468404,0.999991633468404,49.41354262976451,0.0,49.97220412070244,0.0,45.59501896486378,0.0,45.30158556821179,0.0,0.0,0.0,0.0,0.0,0.0,0.0
10.0,7.16670833541677,0.0040906524339858,0.0040906524354616,0.999991633247415,0.999991633247415,49.413542609159805,0.0,49.97220368470599,0.0,45.595018959598136,0.0,45.30158547560307,0.0,0.0,0.0,0.0,0.0,0.0,0.0
10.0,7.1669583479174,0.0040907064581617,0.0040907064596386,0.999991633026419,0.999991633026418,49.41354258855424,0.0,49.97220324869541,0.0,45.595018954332296,0.0,45.301585382991206,0.0,0.0,0.0,0.0,0.0,0.0,0.0
10.0,7.16720836041802,0.0040907604834292,0.0040907604849073,0.999991632805415,0.999991632805414,49.41354256794784,0.0,49.972202812670695,0.0,45.595018949066265,0.0,45.30158529037621,0.0,0.0,0.0,0.0,0.0,0.0,0.0
10.0,7.16745837291865,0.0040908145097883,0.0040908145112676,0.999991632584404,0.9999916325844028,49.413542547340576,0.0,49.97220237663184,0.0,45.595018943800056,0.0,45.30158519775808,0.0,0.0,0.0,0.0,0.0,0.0,0.0
10.0,7.167708385419269,0.004090868537239,0.0040908685387194,0.999991632363385,0.999991632363385,49.41354252673247,0.0,49.97220194057887,0.0,45.595018938533656,0.0,45.3015851051368,0.0,0.0,0.0,0.0,0.0,0.0,0.0
10.0,7.16795839791989,0.0040909225657811,0.0040909225672627,0.999991632142359,0.999991632142359,49.41354250612352,0.0,49.97220150451175,0.0,45.59501893326708,0.0,45.30158501251239,0.0,0.0,0.0,0.0,0.0,0.0,0.0
10.0,7.16820841042052,0.0040909765954147,0.0040909765968974,0.999991631921326,0.9999916319213248,49.41354248551372,0.0,49.97220106843051,0.0,45.59501892800031,0.0,45.301584919884846,0.0,0.0,0.0,0.0,0.0,0.0,0.0
10.0,7.16845842292115,0.0040910306261397,0.0040910306276235,0.999991631700285,0.999991631700285,49.41354246490306,0.0,49.97220063233513,0.0,45.59501892273335,0.0,45.301584827254175,0.0,0.0,0.0,0.0,0.0,0.0,0.0
10.0,7.16870843542177,0.004091084657956,0.004091084659441,0.999991631479237,0.999991631479236,49.41354244429157,0.0,49.972200196225614,0.0,45.59501891746621,0.0,45.30158473462035,0.0,0.0,0.0,0.0,0.0,0.0,0.0
10.0,7.1689584479224,0.0040911386908636,0.0040911386923497,0.9999916312581808,0.9999916312581808,49.41354242367922,0.0,49.97219976010196,0.0,45.59501891219888,0.0,45.3015846419834,0.0,0.0,0.0,0.0,0.0,0.0,0.0
10.0,7.16920846042302,0.0040911927248624,0.0040911927263497,0.999991631037119,0.999991631037118,49.413542403066025,0.0,49.97219932396418,0.0,45.595018906931365,0.0,45.3015845493433,0.0,0.0,0.0,0.0,0.0,0.0,0.0
10.0,7.16945847292365,0.0040912467599525,0.0040912467614409,0.999991630816048,0.999991630816048,49.41354238245198,0.0,49.97219888781227,0.0,45.59501890166366,0.0,45.30158445670008,0.0,0.0,0.0,0.0,0.0,0.0,0.0
10.0,7.16970848542427,0.0040913007961336,0.0040913007976232,0.999991630594971,0.99999163059497,49.413542361837074,0.0,49.97219845164623,0.0,45.595018896395786,0.0,45.30158436405371,0.0,0.0,0.0,0.0,0.0,0.0,0.0
10.0,7.1699584979249,0.0040913548334059,0.0040913548348966,0.999991630373885,0.999991630373885,49.413542341221344,0.0,49.97219801546605,0.0,45.5950188911277,0.0,45.30158427140421,0.0,0.0,0.0,0.0,0.0,0.0,0.0
10.0,7.17020851042552,0.0040914088717691,0.004091408873261,0.999991630152793,0.999991630152793,49.41354232060475,0.0,49.97219757927173,0.0,45.595018885859446,0.0,45.30158417875157,0.0,0.0,0.0,0.0,0.0,0.0,0.0
10.0,7.17045852292615,0.0040914629112234,0.0040914629127163,0.9999916299316928,0.9999916299316928,49.41354229998731,0.0,49.97219714306329,0.0,45.595018880591006,0.0,45.3015840860958,0.0,0.0,0.0,0.0,0.0,0.0,0.0
10.0,7.17070853542677,0.0040915169517685,0.0040915169532626,0.999991629710586,0.999991629710586,49.41354227936903,0.0,49.97219670684072,0.0,45.59501887532237,0.0,45.301583993436886,0.0,0.0,0.0,0.0,0.0,0.0,0.0
10.0,7.1709585479274,0.0040915709934046,0.0040915709948998,0.999991629489471,0.999991629489471,49.41354225874989,0.0,49.972196270604016,0.0,45.59501887005355,0.0,45.30158390077485,0.0,0.0,0.0,0.0,0.0,0.0,0.0
10.0,7.17120856042802,0.0040916250361314,0.0040916250376278,0.9999916292683498,0.999991629268349,49.41354223812992,0.0,49.97219583435317,0.0,45.59501886478456,0.0,45.301583808109655,0.0,0.0,0.0,0.0,0.0,0.0,0.0
10.0,7.17145857292865,0.0040916790799491,0.0040916790814466,0.99999162904722,0.99999162904722,49.4135422175091,0.0,49.9721953980882,0.0,45.59501885951536,0.0,45.30158371544133,0.0,0.0,0.0,0.0,0.0,0.0,0.0
10.0,7.17170858542927,0.0040917331248574,0.0040917331263561,0.999991628826084,0.999991628826083,49.41354219688743,0.0,49.972194961809095,0.0,45.59501885424599,0.0,45.30158362276988,0.0,0.0,0.0,0.0,0.0,0.0,0.0
10.0,7.1719585979299,0.0040917871708565,0.0040917871723562,0.999991628604939,0.999991628604939,49.413542176264905,0.0,49.97219452551585,0.0,45.59501884897642,0.0,45.30158353009529,0.0,0.0,0.0,0.0,0.0,0.0,0.0
10.0,7.17220861043052,0.0040918412179461,0.004091841219447,0.999991628383788,0.9999916283837872,49.41354215564154,0.0,49.97219408920849,0.0,45.59501884370668,0.0,45.30158343741756,0.0,0.0,0.0,0.0,0.0,0.0,0.0
10.0,7.17245862293115,0.0040918952661263,0.0040918952676284,0.9999916281626292,0.999991628162628,49.41354213501733,0.0,49.972193652887,0.0,45.59501883843674,0.0,45.30158334473669,0.0,0.0,0.0,0.0,0.0,0.0,0.0
10.0,7.17270863543177,0.004091949315397,0.0040919493169002,0.999991627941463,0.999991627941462,49.41354211439227,0.0,49.97219321655136,0.0,45.59501883316661,0.0,45.30158325205269,0.0,0.0,0.0,0.0,0.0,0.0,0.0
10.0,7.1729586479324,0.0040920033657582,0.0040920033672625,0.999991627720289,0.999991627720288,49.41354209376637,0.0,49.9721927802016,0.0,45.59501882789631,0.0,45.30158315936555,0.0,0.0,0.0,0.0,0.0,0.0,0.0
10.0,7.17320866043302,0.0040920574172098,0.0040920574187152,0.999991627499108,0.999991627499108,49.41354207313962,0.0,49.97219234383771,0.0,45.59501882262582,0.0,45.30158306667527,0.0,0.0,0.0,0.0,0.0,0.0,0.0
10.0,7.17345867293365,0.0040921114697518,0.0040921114712583,0.9999916272779192,0.9999916272779192,49.41354205251202,0.0,49.97219190745968,0.0,45.59501881735514,0.0,45.30158297398186,0.0,0.0,0.0,0.0,0.0,0.0,0.0
10.0,7.17370868543427,0.0040921655233841,0.0040921655248917,0.999991627056724,0.999991627056723,49.41354203188359,0.0,49.97219147106753,0.0,45.59501881208427,0.0,45.301582881285306,0.0,0.0,0.0,0.0,0.0,0.0,0.0
10.0,7.1739586979349,0.0040922195781066,0.0040922195796154,0.99999162683552,0.99999162683552,49.41354201125429,0.0,49.97219103466124,0.0,45.595018806813215,0.0,45.30158278858563,0.0,0.0,0.0,0.0,0.0,0.0,0.0
10.0,7.17420871043552,0.0040922736339193,0.0040922736354292,0.9999916266143098,0.9999916266143088,49.41354199062416,0.0,49.97219059824084,0.0,45.595018801541976,0.0,45.3015826958828,0.0,0.0,0.0,0.0,0.0,0.0,0.0
10.0,7.17445872293615,0.0040923276908222,0.0040923276923332,0.999991626393092,0.999991626393091,49.41354196999318,0.0,49.97219016180628,0.0,45.59501879627055,0.0,45.30158260317684,0.0,0.0,0.0,0.0,0.0,0.0,0.0
10.0,7.17470873543677,0.0040923817488152,0.0040923817503273,0.999991626171866,0.999991626171866,49.41354194936136,0.0,49.97218972535761,0.0,45.595018790998935,0.0,45.30158251046775,0.0,0.0,0.0,0.0,0.0,0.0,0.0
10.0,7.1749587479374,0.0040924358078982,0.0040924358094115,0.999991625950634,0.999991625950633,49.41354192872869,0.0,49.9721892888948,0.0,45.59501878572715,0.0,45.30158241775552,0.0,0.0,0.0,0.0,0.0,0.0,0.0
10.0,7.17520876043802,0.0040924898680713,0.0040924898695857,0.999991625729394,0.999991625729393,49.41354190809519,0.0,49.97218885241786,0.0,45.59501878045516,0.0,45.301582325040144,0.0,0.0,0.0,0.0,0.0,0.0,0.0
10.0,7.17545877293865,0.0040925439293343,0.0040925439308498,0.999991625508146,0.999991625508146,49.41354188746082,0.0,49.97218841592679,0.0,45.595018775182986,0.0,45.30158223232165,0.0,0.0,0.0,0.0,0.0,0.0,0.0
10.0,7.17570878543927,0.0040925979916871,0.0040925979932038,0.999991625286891,0.999991625286891,49.413541866825625,0.0,49.97218797942159,0.0,45.59501876991064,0.0,45.30158213960001,0.0,0.0,0.0,0.0,0.0,0.0,0.0
10.0,7.1759587979399,0.0040926520551299,0.0040926520566476,0.999991625065629,0.9999916250656292,49.41354184618957,0.0,49.972187542902255,0.0,45.5950187646381,0.0,45.301582046875225,0.0,0.0,0.0,0.0,0.0,0.0,0.0
10.0,7.17620881044052,0.0040927061196624,0.0040927061211812,0.999991624844359,0.999991624844359,49.41354182555269,0.0,49.9721871063688,0.0,45.59501875936537,0.0,45.30158195414732,0.0,0.0,0.0,0.0,0.0,0.0,0.0
10.0,7.17645882294115,0.0040927601852847,0.0040927601868046,0.999991624623082,0.999991624623082,49.41354180491496,0.0,49.97218666982121,0.0,45.59501875409245,0.0,45.30158186141627,0.0,0.0,0.0,0.0,0.0,0.0,0.0
10.0,7.17670883544177,0.0040928142519966,0.0040928142535177,0.999991624401798,0.9999916244017972,49.413541784276376,0.0,49.97218623325949,0.0,45.59501874881935,0.0,45.30158176868208,0.0,0.0,0.0,0.0,0.0,0.0,0.0
10.0,7.1769588479424,0.0040928683197982,0.0040928683213204,0.999991624180506,0.999991624180506,49.41354176363696,0.0,49.97218579668365,0.0,45.59501874354607,0.0,45.30158167594475,0.0,0.0,0.0,0.0,0.0,0.0,0.0
10.0,7.17720886044302,0.0040929223886894,0.0040929223902127,0.999991623959207,0.999991623959206,49.41354174299669,0.0,49.97218536009367,0.0,45.595018738272586,0.0,45.301581583204296,0.0,0.0,0.0,0.0,0.0,0.0,0.0
10.0,7.17745887294365,0.0040929764586701,0.0040929764601945,0.9999916237379,0.9999916237379,49.41354172235558,0.0,49.97218492348956,0.0,45.59501873299892,0.0,45.30158149046071,0.0,0.0,0.0,0.0,0.0,0.0,0.0
10.0,7.17770888544427,0.0040930305297403,0.0040930305312659,0.999991623516586,0.999991623516586,49.41354170171364,0.0,49.97218448687132,0.0,45.59501872772508,0.0,45.30158139771398,0.0,0.0,0.0,0.0,0.0,0.0,0.0
10.0,7.177958897944901,0.0040930846019,0.0040930846034266,0.999991623295265,0.999991623295265,49.41354168107084,0.0,49.97218405023895,0.0,45.59501872245105,0.0,45.3015813049641,0.0,0.0,0.0,0.0,0.0,0.0,0.0
10.0,7.17820891044552,0.004093138675149,0.0040931386766767,0.999991623073936,0.999991623073936,49.4135416604272,0.0,49.972183613592456,0.0,45.59501871717684,0.0,45.301581212211104,0.0,0.0,0.0,0.0,0.0,0.0,0.0
10.0,7.17845892294615,0.0040931927494874,0.0040931927510162,0.9999916228526,0.9999916228526,49.41354163978272,0.0,49.97218317693184,0.0,45.595018711902426,0.0,45.301581119454966,0.0,0.0,0.0,0.0,0.0,0.0,0.0
10.0,7.17870893544677,0.004093246824915,0.0040932468264449,0.999991622631257,0.999991622631256,49.41354161913739,0.0,49.97218274025708,0.0,45.59501870662784,0.0,45.301581026695686,0.0,0.0,0.0,0.0,0.0,0.0,0.0
10.0,7.1789589479474,0.0040933009014319,0.0040933009029629,0.999991622409906,0.999991622409905,49.41354159849123,0.0,49.97218230356821,0.0,45.595018701353055,0.0,45.30158093393328,0.0,0.0,0.0,0.0,0.0,0.0,0.0
10.0,7.17920896044802,0.0040933549790379,0.00409335498057,0.999991622188548,0.999991622188547,49.41354157784422,0.0,49.97218186686519,0.0,45.5950186960781,0.0,45.30158084116773,0.0,0.0,0.0,0.0,0.0,0.0,0.0
10.0,7.17945897294865,0.0040934090577331,0.0040934090592663,0.999991621967182,0.999991621967181,49.41354155719637,0.0,49.972181430148055,0.0,45.59501869080295,0.0,45.30158074839904,0.0,0.0,0.0,0.0,0.0,0.0,0.0
10.0,7.17970898544927,0.0040934631375173,0.0040934631390517,0.999991621745809,0.999991621745808,49.41354153654768,0.0,49.97218099341679,0.0,45.59501868552761,0.0,45.30158065562722,0.0,0.0,0.0,0.0,0.0,0.0,0.0
10.0,7.1799589979499,0.0040935172183906,0.004093517219926,0.999991621524428,0.999991621524428,49.41354151589814,0.0,49.97218055667139,0.0,45.59501868025209,0.0,45.301580562852266,0.0,0.0,0.0,0.0,0.0,0.0,0.0
10.0,7.180209010450521,0.0040935713003528,0.0040935713018894,0.999991621303041,0.99999162130304,49.41354149524777,0.0,49.97218011991186,0.0,45.59501867497639,0.0,45.30158047007417,0.0,0.0,0.0,0.0,0.0,0.0,0.0
10.0,7.18045902295115,0.004093625383404,0.0040936253849416,0.999991621081646,0.999991621081645,49.41354147459655,0.0,49.97217968313822,0.0,45.59501866970049,0.0,45.301580377292936,0.0,0.0,0.0,0.0,0.0,0.0,0.0
10.0,7.18070903545177,0.004093679467544,0.0040936794690827,0.999991620860243,0.999991620860243,49.41354145394449,0.0,49.97217924635044,0.0,45.59501866442441,0.0,45.301580284508574,0.0,0.0,0.0,0.0,0.0,0.0,0.0
10.0,7.1809590479524,0.0040937335527729,0.0040937335543127,0.999991620638833,0.999991620638833,49.41354143329159,0.0,49.97217880954853,0.0,45.59501865914814,0.0,45.30158019172107,0.0,0.0,0.0,0.0,0.0,0.0,0.0
10.0,7.18120906045302,0.0040937876390905,0.0040937876406314,0.999991620417416,0.999991620417415,49.41354141263785,0.0,49.97217837273249,0.0,45.59501865387169,0.0,45.30158009893044,0.0,0.0,0.0,0.0,0.0,0.0,0.0
10.0,7.18145907295365,0.0040938417264968,0.0040938417280388,0.999991620195991,0.999991620195991,49.41354139198327,0.0,49.97217793590233,0.0,45.59501864859505,0.0,45.30158000613666,0.0,0.0,0.0,0.0,0.0,0.0,0.0
10.0,7.18170908545427,0.0040938958149918,0.0040938958165349,0.999991619974559,0.999991619974558,49.41354137132784,0.0,49.97217749905804,0.0,45.59501864331822,0.0,45.30157991333975,0.0,0.0,0.0,0.0,0.0,0.0,0.0
10.0,7.1819590979549,0.0040939499045754,0.0040939499061195,0.99999161975312,0.9999916197531188,49.41354135067157,0.0,49.97217706219963,0.0,45.59501863804121,0.0,45.30157982053971,0.0,0.0,0.0,0.0,0.0,0.0,0.0
10.0,7.18220911045552,0.0040940039952475,0.0040940039967928,0.999991619531673,0.999991619531672,49.41354133001447,0.0,49.97217662532708,0.0,45.59501863276401,0.0,45.30157972773653,0.0,0.0,0.0,0.0,0.0,0.0,0.0
10.0,7.18245912295615,0.0040940580870082,0.0040940580885545,0.999991619310218,0.999991619310218,49.413541309356525,0.0,49.9721761884404,0.0,45.595018627486624,0.0,45.30157963493021,0.0,0.0,0.0,0.0,0.0,0.0,0.0
10.0,7.18270913545677,0.0040941121798573,0.0040941121814047,0.999991619088757,0.999991619088756,49.413541288697736,0.0,49.97217575153961,0.0,45.595018622209054,0.0,45.30157954212075,0.0,0.0,0.0,0.0,0.0,0.0,0.0
10.0,7.1829591479574,0.0040941662737949,0.0040941662753434,0.999991618867288,0.999991618867287,49.41354126803811,0.0,49.97217531462467,0.0,45.5950186169313,0.0,45.30157944930816,0.0,0.0,0.0,0.0,0.0,0.0,0.0
10.0,7.18320916045802,0.0040942203688207,0.0040942203703703,0.999991618645811,0.999991618645811,49.41354124737764,0.0,49.97217487769562,0.0,45.59501861165335,0.0,45.301579356492425,0.0,0.0,0.0,0.0,0.0,0.0,0.0
10.0,7.183459172958649,0.0040942744649349,0.0040942744664856,0.999991618424327,0.999991618424327,49.413541226716326,0.0,49.97217444075245,0.0,45.595018606375234,0.0,45.30157926367357,0.0,0.0,0.0,0.0,0.0,0.0,0.0
10.0,7.18370918545927,0.0040943285621374,0.0040943285636891,0.9999916182028368,0.999991618202836,49.41354120605418,0.0,49.97217400379513,0.0,45.59501860109691,0.0,45.30157917085157,0.0,0.0,0.0,0.0,0.0,0.0,0.0
10.0,7.1839591979599,0.004094382660428,0.0040943826619808,0.999991617981338,0.999991617981337,49.4135411853912,0.0,49.9721735668237,0.0,45.59501859581841,0.0,45.30157907802644,0.0,0.0,0.0,0.0,0.0,0.0,0.0
10.0,7.18420921046052,0.0040944367598068,0.0040944367613607,0.999991617759832,0.9999916177598308,49.41354116472738,0.0,49.97217312983814,0.0,45.59501859053972,0.0,45.30157898519816,0.0,0.0,0.0,0.0,0.0,0.0,0.0
10.0,7.18445922296115,0.0040944908602737,0.0040944908618287,0.999991617538319,0.999991617538318,49.41354114406271,0.0,49.97217269283845,0.0,45.595018585260846,0.0,45.30157889236675,0.0,0.0,0.0,0.0,0.0,0.0,0.0
10.0,7.18470923546177,0.0040945449618286,0.0040945449633847,0.999991617316798,0.999991617316797,49.41354112339721,0.0,49.97217225582464,0.0,45.59501857998179,0.0,45.30157879953221,0.0,0.0,0.0,0.0,0.0,0.0,0.0
10.0,7.1849592479624,0.0040945990644715,0.0040945990660287,0.9999916170952698,0.9999916170952698,49.41354110273086,0.0,49.97217181879671,0.0,45.595018574702536,0.0,45.301578706694535,0.0,0.0,0.0,0.0,0.0,0.0,0.0
10.0,7.18520926046302,0.0040946531682024,0.0040946531697606,0.999991616873735,0.999991616873734,49.41354108206368,0.0,49.97217138175464,0.0,45.595018569423104,0.0,45.30157861385372,0.0,0.0,0.0,0.0,0.0,0.0,0.0
10.0,7.18545927296365,0.0040947072730212,0.0040947072745805,0.999991616652192,0.999991616652191,49.41354106139567,0.0,49.97217094469845,0.0,45.59501856414349,0.0,45.30157852100977,0.0,0.0,0.0,0.0,0.0,0.0,0.0
10.0,7.185709285464271,0.0040947613789278,0.0040947613804881,0.9999916164306408,0.9999916164306408,49.413541040726805,0.0,49.972170507628135,0.0,45.59501855886368,0.0,45.30157842816268,0.0,0.0,0.0,0.0,0.0,0.0,0.0
10.0,7.1859592979649,0.0040948154859221,0.0040948154874836,0.999991616209084,0.9999916162090828,49.4135410200571,0.0,49.97217007054368,0.0,45.59501855358369,0.0,45.301578335312456,0.0,0.0,0.0,0.0,0.0,0.0,0.0
10.0,7.18620931046552,0.0040948695940043,0.0040948695955668,0.999991615987519,0.999991615987518,49.41354099938657,0.0,49.97216963344511,0.0,45.59501854830352,0.0,45.30157824245909,0.0,0.0,0.0,0.0,0.0,0.0,0.0
10.0,7.18645932296615,0.0040949237031741,0.0040949237047377,0.999991615765946,0.999991615765946,49.4135409787152,0.0,49.97216919633242,0.0,45.59501854302314,0.0,45.30157814960261,0.0,0.0,0.0,0.0,0.0,0.0,0.0
10.0,7.18670933546677,0.0040949778134315,0.0040949778149962,0.999991615544367,0.999991615544366,49.41354095804299,0.0,49.9721687592056,0.0,45.5950185377426,0.0,45.301578056742976,0.0,0.0,0.0,0.0,0.0,0.0,0.0
10.0,7.1869593479674,0.0040950319247766,0.0040950319263423,0.99999161532278,0.999991615322779,49.41354093736994,0.0,49.97216832206466,0.0,45.59501853246186,0.0,45.301577963880206,0.0,0.0,0.0,0.0,0.0,0.0,0.0
10.0,7.18720936046802,0.0040950860372091,0.0040950860387759,0.999991615101185,0.999991615101185,49.41354091669605,0.0,49.97216788490959,0.0,45.59501852718094,0.0,45.3015778710143,0.0,0.0,0.0,0.0,0.0,0.0,0.0
10.0,7.18745937296865,0.0040951401507292,0.0040951401522971,0.9999916148795828,0.9999916148795828,49.41354089602133,0.0,49.97216744774039,0.0,45.59501852189983,0.0,45.30157777814527,0.0,0.0,0.0,0.0,0.0,0.0,0.0
10.0,7.18770938546927,0.0040951942653367,0.0040951942669056,0.999991614657974,0.999991614657974,49.41354087534577,0.0,49.97216701055707,0.0,45.59501851661854,0.0,45.301577685273095,0.0,0.0,0.0,0.0,0.0,0.0,0.0
10.0,7.1879593979699,0.0040952483810315,0.0040952483826015,0.999991614436357,0.999991614436357,49.41354085466936,0.0,49.97216657335963,0.0,45.59501851133705,0.0,45.30157759239778,0.0,0.0,0.0,0.0,0.0,0.0,0.0
10.0,7.18820941047052,0.0040953024978137,0.0040953024993848,0.999991614214733,0.999991614214733,49.41354083399213,0.0,49.97216613614806,0.0,45.59501850605538,0.0,45.30157749951934,0.0,0.0,0.0,0.0,0.0,0.0,0.0
10.0,7.18845942297115,0.0040953566156831,0.0040953566172553,0.999991613993102,0.999991613993101,49.41354081331405,0.0,49.97216569892236,0.0,45.59501850077353,0.0,45.30157740663776,0.0,0.0,0.0,0.0,0.0,0.0,0.0
10.0,7.18870943547177,0.0040954107346398,0.004095410736213,0.9999916137714628,0.9999916137714618,49.41354079263514,0.0,49.97216526168254,0.0,45.59501849549149,0.0,45.30157731375304,0.0,0.0,0.0,0.0,0.0,0.0,0.0
10.0,7.188959447972399,0.0040954648546837,0.0040954648562579,0.999991613549817,0.999991613549816,49.4135407719554,0.0,49.9721648244286,0.0,45.59501849020926,0.0,45.30157722086518,0.0,0.0,0.0,0.0,0.0,0.0,0.0
10.0,7.18920946047302,0.0040955189758147,0.00409551897739,0.9999916133281628,0.9999916133281628,49.41354075127481,0.0,49.972164387160525,0.0,45.59501848492685,0.0,45.3015771279742,0.0,0.0,0.0,0.0,0.0,0.0,0.0
10.0,7.18945947297365,0.0040955730980327,0.0040955730996091,0.999991613106503,0.999991613106502,49.41354073059339,0.0,49.972163949878336,0.0,45.59501847964425,0.0,45.30157703508007,0.0,0.0,0.0,0.0,0.0,0.0,0.0
10.0,7.18970948547427,0.0040956272213378,0.0040956272229152,0.999991612884834,0.999991612884833,49.41354070991114,0.0,49.97216351258202,0.0,45.595018474361474,0.0,45.301576942182805,0.0,0.0,0.0,0.0,0.0,0.0,0.0
10.0,7.1899594979749,0.0040956813457298,0.0040956813473083,0.999991612663158,0.999991612663158,49.41354068922805,0.0,49.97216307527159,0.0,45.5950184690785,0.0,45.30157684928241,0.0,0.0,0.0,0.0,0.0,0.0,0.0
10.0,7.19020951047552,0.0040957354712087,0.0040957354727883,0.9999916124414752,0.9999916124414752,49.41354066854412,0.0,49.97216263794702,0.0,45.59501846379533,0.0,45.30157675637888,0.0,0.0,0.0,0.0,0.0,0.0,0.0
10.0,7.19045952297615,0.0040957895977746,0.0040957895993551,0.999991612219785,0.999991612219784,49.41354064785935,0.0,49.97216220060833,0.0,45.595018458512,0.0,45.30157666347222,0.0,0.0,0.0,0.0,0.0,0.0,0.0
10.0,7.19070953547677,0.0040958437254272,0.0040958437270088,0.999991611998087,0.9999916119980858,49.41354062717376,0.0,49.97216176325552,0.0,45.59501845322846,0.0,45.30157657056241,0.0,0.0,0.0,0.0,0.0,0.0,0.0
10.0,7.1909595479774,0.0040958978541666,0.0040958978557493,0.999991611776382,0.999991611776381,49.41354060648733,0.0,49.97216132588858,0.0,45.595018447944746,0.0,45.30157647764946,0.0,0.0,0.0,0.0,0.0,0.0,0.0
10.0,7.191209560478019,0.0040959519839927,0.0040959519855764,0.999991611554669,0.999991611554669,49.41354058580005,0.0,49.97216088850752,0.0,45.59501844266084,0.0,45.30157638473339,0.0,0.0,0.0,0.0,0.0,0.0,0.0
10.0,7.19145957297865,0.0040960061149054,0.0040960061164902,0.999991611332949,0.999991611332948,49.41354056511194,0.0,49.97216045111234,0.0,45.59501843737676,0.0,45.301576291814186,0.0,0.0,0.0,0.0,0.0,0.0,0.0
10.0,7.19170958547927,0.0040960602469048,0.0040960602484906,0.999991611111222,0.999991611111221,49.413540544423,0.0,49.97216001370303,0.0,45.59501843209248,0.0,45.30157619889183,0.0,0.0,0.0,0.0,0.0,0.0,0.0
10.0,7.1919595979799,0.0040961143799907,0.0040961143815776,0.999991610889487,0.999991610889486,49.41354052373323,0.0,49.97215957627961,0.0,45.59501842680802,0.0,45.30157610596635,0.0,0.0,0.0,0.0,0.0,0.0,0.0
10.0,7.19220961048052,0.0040961685141631,0.0040961685157511,0.999991610667745,0.999991610667744,49.41354050304263,0.0,49.97215913884205,0.0,45.59501842152337,0.0,45.30157601303774,0.0,0.0,0.0,0.0,0.0,0.0,0.0
10.0,7.19245962298115,0.004096222649422,0.004096222651011,0.999991610445995,0.999991610445995,49.41354048235118,0.0,49.97215870139038,0.0,45.59501841623854,0.0,45.30157592010598,0.0,0.0,0.0,0.0,0.0,0.0,0.0
10.0,7.19270963548177,0.0040962767857673,0.0040962767873573,0.999991610224238,0.999991610224238,49.4135404616589,0.0,49.97215826392458,0.0,45.59501841095352,0.0,45.301575827171085,0.0,0.0,0.0,0.0,0.0,0.0,0.0
10.0,7.1929596479824,0.0040963309231989,0.00409633092479,0.999991610002474,0.999991610002474,49.41354044096579,0.0,49.97215782644466,0.0,45.59501840566831,0.0,45.30157573423306,0.0,0.0,0.0,0.0,0.0,0.0,0.0
10.0,7.19320966048302,0.0040963850617169,0.004096385063309,0.999991609780702,0.999991609780702,49.41354042027184,0.0,49.97215738895061,0.0,45.595018400382926,0.0,45.30157564129191,0.0,0.0,0.0,0.0,0.0,0.0,0.0
10.0,7.19345967298365,0.004096439201321,0.0040964392029142,0.999991609558923,0.999991609558923,49.413540399577066,0.0,49.97215695144245,0.0,45.59501839509734,0.0,45.301575548347614,0.0,0.0,0.0,0.0,0.0,0.0,0.0
10.0,7.19370968548427,0.0040964933420114,0.0040964933436056,0.9999916093371368,0.999991609337136,49.41354037888145,0.0,49.97215651392016,0.0,45.59501838981157,0.0,45.301575455400176,0.0,0.0,0.0,0.0,0.0,0.0,0.0
10.0,7.1939596979849,0.0040965474837879,0.0040965474853832,0.999991609115343,0.999991609115343,49.413540358185,0.0,49.97215607638375,0.0,45.59501838452562,0.0,45.3015753624496,0.0,0.0,0.0,0.0,0.0,0.0,0.0
10.0,7.19420971048552,0.0040966016266506,0.0040966016282468,0.999991608893542,0.999991608893541,49.41354033748771,0.0,49.97215563883322,0.0,45.59501837923949,0.0,45.30157526949591,0.0,0.0,0.0,0.0,0.0,0.0,0.0
10.0,7.19445972298615,0.0040966557705992,0.0040966557721965,0.999991608671733,0.999991608671733,49.4135403167896,0.0,49.97215520126856,0.0,45.59501837395316,0.0,45.30157517653906,0.0,0.0,0.0,0.0,0.0,0.0,0.0
10.0,7.19470973548677,0.0040967099156339,0.0040967099172322,0.999991608449917,0.999991608449917,49.41354029609065,0.0,49.972154763689794,0.0,45.59501836866665,0.0,45.30157508357908,0.0,0.0,0.0,0.0,0.0,0.0,0.0
10.0,7.1949597479874,0.0040967640617545,0.0040967640633539,0.999991608228094,0.999991608228094,49.41354027539087,0.0,49.97215432609689,0.0,45.59501836337995,0.0,45.301574990615975,0.0,0.0,0.0,0.0,0.0,0.0,0.0
10.0,7.19520976048802,0.004096818208961,0.0040968182105614,0.999991608006263,0.999991608006263,49.41354025469026,0.0,49.97215388848987,0.0,45.59501835809307,0.0,45.30157489764973,0.0,0.0,0.0,0.0,0.0,0.0,0.0
10.0,7.19545977298865,0.0040968723572533,0.0040968723588547,0.9999916077844248,0.9999916077844248,49.41354023398882,0.0,49.97215345086873,0.0,45.59501835280601,0.0,45.30157480468035,0.0,0.0,0.0,0.0,0.0,0.0,0.0
10.0,7.19570978548928,0.0040969265066314,0.0040969265082339,0.99999160756258,0.999991607562579,49.41354021328653,0.0,49.972153013233466,0.0,45.595018347518746,0.0,45.30157471170784,0.0,0.0,0.0,0.0,0.0,0.0,0.0
10.0,7.1959597979899,0.0040969806570952,0.0040969806586987,0.9999916073407272,0.999991607340726,49.41354019258343,0.0,49.97215257558408,0.0,45.595018342231306,0.0,45.301574618732175,0.0,0.0,0.0,0.0,0.0,0.0,0.0
10.0,7.19620981049052,0.0040970348086448,0.0040970348102493,0.999991607118866,0.999991607118866,49.41354017187948,0.0,49.97215213792058,0.0,45.59501833694368,0.0,45.30157452575339,0.0,0.0,0.0,0.0,0.0,0.0,0.0
10.0,7.19645982299115,0.0040970889612799,0.0040970889628855,0.9999916068969988,0.999991606896998,49.41354015117471,0.0,49.97215170024296,0.0,45.595018331655865,0.0,45.30157443277147,0.0,0.0,0.0,0.0,0.0,0.0,0.0
10.0,7.196709835491769,0.0040971431150007,0.0040971431166073,0.999991606675124,0.9999916066751228,49.41354013046909,0.0,49.9721512625512,0.0,45.59501832636786,0.0,45.30157433978641,0.0,0.0,0.0,0.0,0.0,0.0,0.0
10.0,7.1969598479924,0.0040971972698069,0.0040971972714146,0.999991606453242,0.999991606453241,49.41354010976266,0.0,49.972150824845336,0.0,45.59501832107967,0.0,45.30157424679821,0.0,0.0,0.0,0.0,0.0,0.0,0.0
10.0,7.19720986049303,0.0040972514256987,0.0040972514273073,0.999991606231352,0.999991606231351,49.41354008905538,0.0,49.97215038712534,0.0,45.59501831579131,0.0,45.30157415380688,0.0,0.0,0.0,0.0,0.0,0.0,0.0
10.0,7.19745987299365,0.0040973055826759,0.0040973055842855,0.999991606009455,0.999991606009454,49.41354006834728,0.0,49.97214994939123,0.0,45.595018310502745,0.0,45.30157406081241,0.0,0.0,0.0,0.0,0.0,0.0,0.0
10.0,7.19770988549427,0.0040973597407384,0.0040973597423491,0.99999160578755,0.99999160578755,49.41354004763834,0.0,49.972149511643,0.0,45.595018305214005,0.0,45.30157396781482,0.0,0.0,0.0,0.0,0.0,0.0,0.0
10.0,7.1979598979949,0.0040974138998863,0.004097413901498,0.999991605565638,0.999991605565638,49.41354002692858,0.0,49.97214907388065,0.0,45.595018299925066,0.0,45.30157387481408,0.0,0.0,0.0,0.0,0.0,0.0,0.0
10.0,7.19820991049552,0.0040974680601195,0.0040974680617322,0.999991605343719,0.999991605343718,49.41354000621799,0.0,49.972148636104166,0.0,45.59501829463596,0.0,45.30157378181021,0.0,0.0,0.0,0.0,0.0,0.0,0.0
10.0,7.19845992299615,0.0040975222214378,0.0040975222230516,0.999991605121792,0.999991605121792,49.41353998550655,0.0,49.97214819831358,0.0,45.59501828934665,0.0,45.3015736888032,0.0,0.0,0.0,0.0,0.0,0.0,0.0
10.0,7.19870993549677,0.0040975763838414,0.0040975763854562,0.999991604899858,0.999991604899858,49.413539964794296,0.0,49.97214776050886,0.0,45.595018284057154,0.0,45.30157359579306,0.0,0.0,0.0,0.0,0.0,0.0,0.0
10.0,7.1989599479974,0.00409763054733,0.0040976305489458,0.999991604677917,0.999991604677916,49.41353994408121,0.0,49.972147322690034,0.0,45.59501827876748,0.0,45.30157350277978,0.0,0.0,0.0,0.0,0.0,0.0,0.0
10.0,7.19920996049802,0.0040976847119038,0.0040976847135206,0.999991604455968,0.999991604455968,49.41353992336728,0.0,49.97214688485708,0.0,45.59501827347762,0.0,45.30157340976337,0.0,0.0,0.0,0.0,0.0,0.0,0.0
10.0,7.19945997299865,0.0040977388775625,0.0040977388791804,0.999991604234012,0.9999916042340108,49.41353990265254,0.0,49.972146447010005,0.0,45.59501826818757,0.0,45.30157331674382,0.0,0.0,0.0,0.0,0.0,0.0,0.0
10.0,7.19970998549928,0.0040977930443062,0.0040977930459251,0.999991604012048,0.999991604012048,49.41353988193696,0.0,49.972146009148815,0.0,45.59501826289733,0.0,45.301573223721135,0.0,0.0,0.0,0.0,0.0,0.0,0.0
10.0,7.1999599979999,0.0040978472121349,0.0040978472137547,0.999991603790077,0.999991603790077,49.41353986122054,0.0,49.9721455712735,0.0,45.59501825760691,0.0,45.30157313069531,0.0,0.0,0.0,0.0,0.0,0.0,0.0
10.0,7.20021001050052,0.0040979013810484,0.0040979013826692,0.9999916035680992,0.9999916035680992,49.4135398405033,0.0,49.97214513338408,0.0,45.59501825231631,0.0,45.301573037666365,0.0,0.0,0.0,0.0,0.0,0.0,0.0
10.0,7.20046002300115,0.0040979555510467,0.0040979555526686,0.999991603346113,0.999991603346112,49.41353981978524,0.0,49.97214469548051,0.0,45.59501824702551,0.0,45.30157294463427,0.0,0.0,0.0,0.0,0.0,0.0,0.0
10.0,7.20071003550177,0.0040980097221297,0.0040980097237526,0.99999160312412,0.99999160312412,49.41353979906633,0.0,49.972144257562846,0.0,45.59501824173453,0.0,45.30157285159904,0.0,0.0,0.0,0.0,0.0,0.0,0.0
10.0,7.2009600480024,0.0040980638942975,0.0040980638959214,0.99999160290212,0.999991602902119,49.41353977834662,0.0,49.97214381963105,0.0,45.59501823644336,0.0,45.30157275856069,0.0,0.0,0.0,0.0,0.0,0.0,0.0
10.0,7.20121006050303,0.00409811806755,0.0040981180691749,0.999991602680112,0.999991602680111,49.41353975762605,0.0,49.97214338168514,0.0,45.595018231152,0.0,45.30157266551919,0.0,0.0,0.0,0.0,0.0,0.0,0.0
10.0,7.201460073003651,0.004098172241887,0.0040981722435129,0.999991602458096,0.999991602458096,49.41353973690466,0.0,49.97214294372511,0.0,45.59501822586047,0.0,45.30157257247456,0.0,0.0,0.0,0.0,0.0,0.0,0.0
10.0,7.20171008550427,0.0040982264173086,0.0040982264189355,0.999991602236074,0.9999916022360728,49.41353971618245,0.0,49.972142505750966,0.0,45.59501822056875,0.0,45.30157247942679,0.0,0.0,0.0,0.0,0.0,0.0,0.0
10.0,7.2019600980049,0.0040982805938147,0.0040982805954426,0.999991602014044,0.999991602014043,49.413539695459406,0.0,49.9721420677627,0.0,45.59501821527683,0.0,45.30157238637589,0.0,0.0,0.0,0.0,0.0,0.0,0.0
10.0,7.20221011050553,0.0040983347714052,0.0040983347730342,0.999991601792006,0.999991601792006,49.41353967473552,0.0,49.97214162976032,0.0,45.59501820998474,0.0,45.30157229332185,0.0,0.0,0.0,0.0,0.0,0.0,0.0
10.0,7.20246012300615,0.0040983889500802,0.0040983889517101,0.999991601569962,0.9999916015699608,49.41353965401082,0.0,49.97214119174381,0.0,45.59501820469245,0.0,45.30157220026467,0.0,0.0,0.0,0.0,0.0,0.0,0.0
10.0,7.20271013550678,0.0040984431298395,0.0040984431314704,0.999991601347909,0.999991601347909,49.413539633285296,0.0,49.97214075371319,0.0,45.59501819939998,0.0,45.301572107204365,0.0,0.0,0.0,0.0,0.0,0.0,0.0
10.0,7.2029601480074,0.0040984973106831,0.004098497312315,0.99999160112585,0.999991601125849,49.413539612558935,0.0,49.97214031566845,0.0,45.595018194107325,0.0,45.30157201414092,0.0,0.0,0.0,0.0,0.0,0.0,0.0
10.0,7.20321016050802,0.004098551492611,0.0040985514942439,0.9999916009037828,0.9999916009037828,49.41353959183175,0.0,49.97213987760959,0.0,45.595018188814485,0.0,45.30157192107434,0.0,0.0,0.0,0.0,0.0,0.0,0.0
10.0,7.20346017300865,0.004098605675623,0.0040986056772569,0.999991600681709,0.999991600681708,49.413539571103726,0.0,49.97213943953661,0.0,45.59501818352146,0.0,45.30157182800463,0.0,0.0,0.0,0.0,0.0,0.0,0.0
10.0,7.20371018550928,0.0040986598597192,0.0040986598613541,0.999991600459627,0.999991600459627,49.41353955037489,0.0,49.97213900144952,0.0,45.59501817822824,0.0,45.30157173493178,0.0,0.0,0.0,0.0,0.0,0.0,0.0
10.0,7.2039601980099,0.0040987140448995,0.0040987140465354,0.999991600237538,0.999991600237538,49.41353952964523,0.0,49.9721385633483,0.0,45.59501817293483,0.0,45.3015716418558,0.0,0.0,0.0,0.0,0.0,0.0,0.0
10.0,7.20421021051052,0.0040987682311638,0.0040987682328007,0.999991600015442,0.999991600015441,49.41353950891472,0.0,49.972138125232966,0.0,45.59501816764124,0.0,45.30157154877668,0.0,0.0,0.0,0.0,0.0,0.0,0.0
10.0,7.20446022301115,0.0040988224185121,0.0040988224201501,0.999991599793338,0.999991599793337,49.4135394881834,0.0,49.97213768710352,0.0,45.59501816234748,0.0,45.30157145569442,0.0,0.0,0.0,0.0,0.0,0.0,0.0
10.0,7.204710235511779,0.0040988766069444,0.0040988766085833,0.999991599571227,0.999991599571226,49.41353946745125,0.0,49.97213724895995,0.0,45.59501815705352,0.0,45.30157136260903,0.0,0.0,0.0,0.0,0.0,0.0,0.0
10.0,7.2049602480124,0.0040989307964606,0.0040989307981005,0.999991599349108,0.999991599349108,49.41353944671826,0.0,49.97213681080228,0.0,45.59501815175937,0.0,45.30157126952052,0.0,0.0,0.0,0.0,0.0,0.0,0.0
10.0,7.20521026051303,0.0040989849870605,0.0040989849887014,0.999991599126982,0.999991599126982,49.41353942598446,0.0,49.97213637263047,0.0,45.59501814646503,0.0,45.30157117642885,0.0,0.0,0.0,0.0,0.0,0.0,0.0
10.0,7.20546027301365,0.0040990391787443,0.0040990391803862,0.999991598904849,0.999991598904848,49.41353940524983,0.0,49.97213593444455,0.0,45.59501814117052,0.0,45.30157108333405,0.0,0.0,0.0,0.0,0.0,0.0,0.0
10.0,7.20571028551428,0.0040990933715118,0.0040990933731547,0.999991598682708,0.999991598682708,49.41353938451437,0.0,49.97213549624451,0.0,45.59501813587581,0.0,45.30157099023612,0.0,0.0,0.0,0.0,0.0,0.0,0.0
10.0,7.2059602980149,0.004099147565363,0.0040991475670069,0.99999159846056,0.99999159846056,49.413539363778085,0.0,49.972135058030354,0.0,45.59501813058092,0.0,45.30157089713505,0.0,0.0,0.0,0.0,0.0,0.0,0.0
10.0,7.20621031051553,0.0040992017602979,0.0040992017619427,0.9999915982384052,0.999991598238404,49.413539343040966,0.0,49.97213461980208,0.0,45.59501812528584,0.0,45.30157080403085,0.0,0.0,0.0,0.0,0.0,0.0,0.0
10.0,7.20646032301615,0.0040992559563163,0.0040992559579621,0.999991598016242,0.999991598016241,49.41353932230303,0.0,49.972134181559696,0.0,45.59501811999058,0.0,45.30157071092352,0.0,0.0,0.0,0.0,0.0,0.0,0.0
10.0,7.20671033551678,0.0040993101534182,0.004099310155065,0.999991597794071,0.999991597794071,49.41353930156426,0.0,49.9721337433032,0.0,45.59501811469513,0.0,45.30157061781305,0.0,0.0,0.0,0.0,0.0,0.0,0.0
10.0,7.206960348017399,0.0040993643516036,0.0040993643532514,0.9999915975718942,0.9999915975718932,49.41353928082467,0.0,49.97213330503257,0.0,45.59501810939949,0.0,45.30157052469944,0.0,0.0,0.0,0.0,0.0,0.0,0.0
10.0,7.20721036051803,0.0040994185508725,0.0040994185525212,0.9999915973497092,0.9999915973497092,49.41353926008426,0.0,49.97213286674784,0.0,45.59501810410367,0.0,45.3015704315827,0.0,0.0,0.0,0.0,0.0,0.0,0.0
10.0,7.20746037301865,0.0040994727512247,0.0040994727528744,0.999991597127517,0.999991597127516,49.41353923934302,0.0,49.97213242844899,0.0,45.59501809880766,0.0,45.30157033846282,0.0,0.0,0.0,0.0,0.0,0.0,0.0
10.0,7.20771038551928,0.0040995269526602,0.004099526954311,0.9999915969053168,0.999991596905316,49.41353921860095,0.0,49.972131990136006,0.0,45.59501809351146,0.0,45.30157024533981,0.0,0.0,0.0,0.0,0.0,0.0,0.0
10.0,7.2079603980199,0.004099581155179,0.0040995811568308,0.99999159668311,0.999991596683109,49.41353919785806,0.0,49.97213155180892,0.0,45.595018088215085,0.0,45.301570152213664,0.0,0.0,0.0,0.0,0.0,0.0,0.0
10.0,7.20821041052053,0.0040996353587811,0.0040996353604338,0.999991596460895,0.999991596460895,49.413539177114345,0.0,49.972131113467725,0.0,45.59501808291851,0.0,45.30157005908438,0.0,0.0,0.0,0.0,0.0,0.0,0.0
10.0,7.20846042302115,0.0040996895634663,0.00409968956512,0.9999915962386728,0.9999915962386728,49.4135391563698,0.0,49.9721306751124,0.0,45.59501807762176,0.0,45.30156996595197,0.0,0.0,0.0,0.0,0.0,0.0,0.0
10.0,7.20871043552178,0.0040997437692346,0.0040997437708893,0.999991596016444,0.999991596016443,49.41353913562443,0.0,49.97213023674297,0.0,45.59501807232481,0.0,45.301569872816415,0.0,0.0,0.0,0.0,0.0,0.0,0.0
10.0,7.2089604480224,0.004099797976086,0.0040997979777417,0.999991595794208,0.999991595794207,49.41353911487825,0.0,49.97212979835942,0.0,45.595018067027695,0.0,45.30156977967773,0.0,0.0,0.0,0.0,0.0,0.0,0.0
10.0,7.20921046052303,0.0040998521840205,0.0040998521856771,0.999991595571963,0.999991595571963,49.41353909413122,0.0,49.97212935996176,0.0,45.59501806173037,0.0,45.30156968653591,0.0,0.0,0.0,0.0,0.0,0.0,0.0
10.0,7.20946047302365,0.0040999063930379,0.0040999063946954,0.999991595349712,0.999991595349712,49.41353907338339,0.0,49.97212892154997,0.0,45.59501805643287,0.0,45.30156959339095,0.0,0.0,0.0,0.0,0.0,0.0,0.0
10.0,7.20971048552428,0.0040999606031382,0.0040999606047967,0.999991595127453,0.999991595127453,49.413539052634725,0.0,49.97212848312407,0.0,45.59501805113519,0.0,45.301569500242856,0.0,0.0,0.0,0.0,0.0,0.0,0.0
10.0,7.2099604980249,0.0041000148143213,0.0041000148159808,0.999991594905187,0.999991594905187,49.41353903188524,0.0,49.972128044684055,0.0,45.59501804583732,0.0,45.301569407091634,0.0,0.0,0.0,0.0,0.0,0.0,0.0
10.0,7.21021051052553,0.0041000690265873,0.0041000690282478,0.999991594682914,0.9999915946829128,49.41353901113493,0.0,49.97212760622993,0.0,45.59501804053927,0.0,45.301569313937264,0.0,0.0,0.0,0.0,0.0,0.0,0.0
10.0,7.21046052302615,0.0041001232399361,0.0041001232415975,0.9999915944606332,0.999991594460632,49.413538990383785,0.0,49.97212716776168,0.0,45.59501803524102,0.0,45.301569220779776,0.0,0.0,0.0,0.0,0.0,0.0,0.0
10.0,7.21071053552678,0.0041001774543675,0.0041001774560299,0.999991594238344,0.999991594238344,49.41353896963183,0.0,49.97212672927933,0.0,45.59501802994259,0.0,45.301569127619146,0.0,0.0,0.0,0.0,0.0,0.0,0.0
10.0,7.2109605480274,0.0041002316698816,0.004100231671545,0.999991594016049,0.999991594016048,49.41353894887905,0.0,49.972126290782846,0.0,45.59501802464397,0.0,45.30156903445538,0.0,0.0,0.0,0.0,0.0,0.0,0.0
10.0,7.21121056052803,0.0041002858864783,0.0041002858881427,0.999991593793746,0.999991593793745,49.41353892812545,0.0,49.97212585227226,0.0,45.59501801934517,0.0,45.30156894128848,0.0,0.0,0.0,0.0,0.0,0.0,0.0
10.0,7.21146057302865,0.0041003401041576,0.0041003401058229,0.999991593571435,0.999991593571435,49.41353890737101,0.0,49.97212541374756,0.0,45.595018014046175,0.0,45.30156884811844,0.0,0.0,0.0,0.0,0.0,0.0,0.0
10.0,7.21171058552928,0.0041003943229194,0.0041003943245857,0.999991593349117,0.999991593349117,49.41353888661576,0.0,49.97212497520874,0.0,45.595018008747,0.0,45.30156875494527,0.0,0.0,0.0,0.0,0.0,0.0,0.0
10.0,7.2119605980299,0.0041004485427636,0.0041004485444309,0.999991593126793,0.999991593126792,49.413538865859685,0.0,49.97212453665581,0.0,45.59501800344764,0.0,45.30156866176897,0.0,0.0,0.0,0.0,0.0,0.0,0.0
10.0,7.21221061053053,0.0041005027636903,0.0041005027653585,0.99999159290446,0.999991592904459,49.41353884510279,0.0,49.97212409808877,0.0,45.595017998148094,0.0,45.30156856858953,0.0,0.0,0.0,0.0,0.0,0.0,0.0
10.0,7.212460623031149,0.0041005569856993,0.0041005569873684,0.99999159268212,0.999991592682119,49.41353882434507,0.0,49.9721236595076,0.0,45.59501799284836,0.0,45.30156847540695,0.0,0.0,0.0,0.0,0.0,0.0,0.0
10.0,7.21271063553178,0.0041006112087906,0.0041006112104607,0.999991592459773,0.999991592459772,49.41353880358653,0.0,49.97212322091233,0.0,45.59501798754844,0.0,45.30156838222125,0.0,0.0,0.0,0.0,0.0,0.0,0.0
10.0,7.2129606480324,0.0041006654329641,0.0041006654346352,0.999991592237418,0.999991592237417,49.41353878282717,0.0,49.97212278230294,0.0,45.59501798224833,0.0,45.3015682890324,0.0,0.0,0.0,0.0,0.0,0.0,0.0
10.0,7.21321066053303,0.0041007196582198,0.0041007196598919,0.999991592015056,0.9999915920150548,49.413538762066985,0.0,49.97212234367944,0.0,45.59501797694804,0.0,45.30156819584042,0.0,0.0,0.0,0.0,0.0,0.0,0.0
10.0,7.21346067303365,0.0041007738845577,0.0041007738862307,0.999991591792686,0.999991591792686,49.41353874130597,0.0,49.972121905041824,0.0,45.59501797164756,0.0,45.3015681026453,0.0,0.0,0.0,0.0,0.0,0.0,0.0
10.0,7.21371068553428,0.0041008281119777,0.0041008281136516,0.999991591570309,0.999991591570309,49.41353872054414,0.0,49.972121466390085,0.0,45.59501796634689,0.0,45.30156800944705,0.0,0.0,0.0,0.0,0.0,0.0,0.0
10.0,7.2139606980349,0.0041008823404797,0.0041008823421546,0.999991591347925,0.999991591347925,49.41353869978149,0.0,49.97212102772424,0.0,45.59501796104604,0.0,45.30156791624567,0.0,0.0,0.0,0.0,0.0,0.0,0.0
10.0,7.21421071053553,0.0041009365700637,0.0041009365717396,0.999991591125533,0.999991591125533,49.41353867901802,0.0,49.97212058904428,0.0,45.59501795574499,0.0,45.30156782304115,0.0,0.0,0.0,0.0,0.0,0.0,0.0
10.0,7.21446072303615,0.0041009908007297,0.0041009908024065,0.9999915909031352,0.9999915909031342,49.41353865825373,0.0,49.97212015035021,0.0,45.59501795044377,0.0,45.3015677298335,0.0,0.0,0.0,0.0,0.0,0.0,0.0
10.0,7.21471073553678,0.0041010450324776,0.0041010450341553,0.999991590680728,0.999991590680728,49.41353863748861,0.0,49.97211971164203,0.0,45.59501794514237,0.0,45.30156763662271,0.0,0.0,0.0,0.0,0.0,0.0,0.0
10.0,7.2149607480374,0.0041010992653073,0.004101099266986,0.999991590458314,0.999991590458314,49.41353861672268,0.0,49.97211927291973,0.0,45.595017939840766,0.0,45.30156754340879,0.0,0.0,0.0,0.0,0.0,0.0,0.0
10.0,7.21521076053803,0.0041011534992187,0.0041011535008984,0.999991590235893,0.999991590235893,49.41353859595591,0.0,49.97211883418332,0.0,45.59501793453899,0.0,45.301567450191726,0.0,0.0,0.0,0.0,0.0,0.0,0.0
10.0,7.21546077303865,0.004101207734212,0.0041012077358925,0.999991590013465,0.999991590013464,49.41353857518834,0.0,49.9721183954328,0.0,45.59501792923701,0.0,45.30156735697153,0.0,0.0,0.0,0.0,0.0,0.0,0.0
10.0,7.21571078553928,0.0041012619702869,0.0041012619719684,0.999991589791029,0.999991589791029,49.41353855441994,0.0,49.97211795666816,0.0,45.59501792393485,0.0,45.30156726374821,0.0,0.0,0.0,0.0,0.0,0.0,0.0
10.0,7.2159607980399,0.0041013162074434,0.0041013162091259,0.999991589568586,0.999991589568585,49.41353853365073,0.0,49.97211751788941,0.0,45.595017918632514,0.0,45.30156717052174,0.0,0.0,0.0,0.0,0.0,0.0,0.0
10.0,7.21621081054053,0.0041013704456815,0.0041013704473649,0.999991589346135,0.999991589346135,49.413538512880685,0.0,49.97211707909655,0.0,45.59501791332999,0.0,45.30156707729214,0.0,0.0,0.0,0.0,0.0,0.0,0.0
10.0,7.21646082304115,0.0041014246850012,0.0041014246866855,0.999991589123677,0.999991589123677,49.41353849210983,0.0,49.97211664028957,0.0,45.59501790802727,0.0,45.30156698405941,0.0,0.0,0.0,0.0,0.0,0.0,0.0
10.0,7.21671083554178,0.0041014789254023,0.0041014789270876,0.999991588901212,0.999991588901211,49.41353847133815,0.0,49.97211620146849,0.0,45.595017902724365,0.0,45.30156689082354,0.0,0.0,0.0,0.0,0.0,0.0,0.0
10.0,7.2169608480424,0.0041015331668849,0.0041015331685711,0.999991588678739,0.999991588678738,49.41353845056566,0.0,49.97211576263329,0.0,45.59501789742127,0.0,45.30156679758455,0.0,0.0,0.0,0.0,0.0,0.0,0.0
10.0,7.217210860543031,0.0041015874094488,0.004101587411136,0.999991588456259,0.999991588456258,49.41353842979234,0.0,49.97211532378397,0.0,45.59501789211801,0.0,45.30156670434241,0.0,0.0,0.0,0.0,0.0,0.0,0.0
10.0,7.21746087304365,0.0041016416530941,0.0041016416547822,0.9999915882337712,0.9999915882337712,49.4135384090182,0.0,49.97211488492056,0.0,45.59501788681455,0.0,45.30156661109714,0.0,0.0,0.0,0.0,0.0,0.0,0.0
10.0,7.21771088554428,0.0041016958978207,0.0041016958995097,0.999991588011277,0.999991588011276,49.413538388243246,0.0,49.972114446043015,0.0,45.5950178815109,0.0,45.301566517848734,0.0,0.0,0.0,0.0,0.0,0.0,0.0
10.0,7.2179608980449,0.0041017501436285,0.0041017501453184,0.999991587788774,0.999991587788774,49.41353836746747,0.0,49.97211400715136,0.0,45.595017876207066,0.0,45.3015664245972,0.0,0.0,0.0,0.0,0.0,0.0,0.0
10.0,7.21821091054553,0.0041018043905174,0.0041018043922083,0.999991587566264,0.999991587566264,49.41353834669087,0.0,49.97211356824561,0.0,45.59501787090305,0.0,45.30156633134252,0.0,0.0,0.0,0.0,0.0,0.0,0.0
10.0,7.21846092304615,0.0041018586384875,0.0041018586401793,0.9999915873437468,0.9999915873437468,49.41353832591346,0.0,49.97211312932573,0.0,45.59501786559885,0.0,45.30156623808471,0.0,0.0,0.0,0.0,0.0,0.0,0.0
10.0,7.21871093554678,0.0041019128875386,0.0041019128892314,0.999991587121223,0.999991587121223,49.413538305135226,0.0,49.97211269039176,0.0,45.595017860294455,0.0,45.301566144823774,0.0,0.0,0.0,0.0,0.0,0.0,0.0
10.0,7.2189609480474,0.0041019671376708,0.0041019671393645,0.999991586898691,0.999991586898691,49.41353828435618,0.0,49.97211225144365,0.0,45.59501785498988,0.0,45.30156605155969,0.0,0.0,0.0,0.0,0.0,0.0,0.0
10.0,7.21921096054803,0.0041020213888839,0.0041020213905786,0.999991586676152,0.999991586676152,49.41353826357632,0.0,49.97211181248144,0.0,45.59501784968511,0.0,45.30156595829247,0.0,0.0,0.0,0.0,0.0,0.0,0.0
10.0,7.21946097304865,0.004102075641178,0.0041020756428736,0.9999915864536052,0.9999915864536052,49.41353824279562,0.0,49.97211137350513,0.0,45.59501784438016,0.0,45.30156586502213,0.0,0.0,0.0,0.0,0.0,0.0,0.0
10.0,7.21971098554928,0.0041021298945529,0.0041021298962494,0.999991586231052,0.9999915862310512,49.41353822201412,0.0,49.9721109345147,0.0,45.59501783907504,0.0,45.30156577174865,0.0,0.0,0.0,0.0,0.0,0.0,0.0
10.0,7.2199609980499,0.0041021841490087,0.0041021841507061,0.99999158600849,0.99999158600849,49.4135382012318,0.0,49.97211049551016,0.0,45.5950178337697,0.0,45.30156567847203,0.0,0.0,0.0,0.0,0.0,0.0,0.0
10.0,7.22021101055053,0.0041022384045452,0.0041022384062435,0.9999915857859218,0.9999915857859208,49.413538180448654,0.0,49.97211005649151,0.0,45.595017828464194,0.0,45.301565585192286,0.0,0.0,0.0,0.0,0.0,0.0,0.0
10.0,7.22046102305115,0.0041022926611624,0.0041022926628617,0.999991585563346,0.9999915855633448,49.4135381596647,0.0,49.97210961745875,0.0,45.59501782315849,0.0,45.30156549190939,0.0,0.0,0.0,0.0,0.0,0.0,0.0
10.0,7.22071103555178,0.0041023469188603,0.0041023469205605,0.999991585340762,0.999991585340762,49.41353813887992,0.0,49.97210917841187,0.0,45.59501781785261,0.0,45.30156539862338,0.0,0.0,0.0,0.0,0.0,0.0,0.0
10.0,7.2209610480524,0.0041024011776388,0.0041024011793399,0.9999915851181708,0.9999915851181708,49.41353811809433,0.0,49.97210873935089,0.0,45.595017812546544,0.0,45.30156530533422,0.0,0.0,0.0,0.0,0.0,0.0,0.0
10.0,7.22121106055303,0.0041024554374978,0.0041024554391999,0.999991584895573,0.999991584895573,49.41353809730792,0.0,49.9721083002758,0.0,45.595017807240296,0.0,45.301565212041936,0.0,0.0,0.0,0.0,0.0,0.0,0.0
10.0,7.22146107305365,0.0041025096984374,0.0041025097001403,0.999991584672968,0.999991584672967,49.413538076520695,0.0,49.97210786118659,0.0,45.59501780193386,0.0,45.30156511874651,0.0,0.0,0.0,0.0,0.0,0.0,0.0
10.0,7.22171108555428,0.0041025639604574,0.0041025639621613,0.9999915844503549,0.999991584450354,49.41353805573265,0.0,49.97210742208328,0.0,45.595017796627225,0.0,45.30156502544796,0.0,0.0,0.0,0.0,0.0,0.0,0.0
10.0,7.2219610980549,0.0041026182235578,0.0041026182252626,0.999991584227734,0.999991584227734,49.41353803494379,0.0,49.972106982965855,0.0,45.59501779132041,0.0,45.301564932146256,0.0,0.0,0.0,0.0,0.0,0.0,0.0
10.0,7.22221111055553,0.0041026724877386,0.0041026724894443,0.999991584005107,0.999991584005106,49.41353801415411,0.0,49.97210654383432,0.0,45.59501778601341,0.0,45.30156483884144,0.0,0.0,0.0,0.0,0.0,0.0,0.0
10.0,7.22246112305615,0.0041027267529997,0.0041027267547063,0.999991583782472,0.999991583782471,49.41353799336362,0.0,49.97210610468868,0.0,45.59501778070623,0.0,45.30156474553347,0.0,0.0,0.0,0.0,0.0,0.0,0.0
10.0,7.222711135556781,0.0041027810193411,0.0041027810210486,0.999991583559829,0.999991583559829,49.41353797257232,0.0,49.97210566552892,0.0,45.59501777539886,0.0,45.301564652222375,0.0,0.0,0.0,0.0,0.0,0.0,0.0
10.0,7.2229611480574,0.0041028352867626,0.0041028352884711,0.999991583337179,0.999991583337179,49.413537951780185,0.0,49.972105226355055,0.0,45.595017770091296,0.0,45.30156455890816,0.0,0.0,0.0,0.0,0.0,0.0,0.0
10.0,7.22321116055803,0.0041028895552643,0.0041028895569737,0.999991583114522,0.999991583114522,49.41353793098725,0.0,49.97210478716708,0.0,45.59501776478355,0.0,45.30156446559078,0.0,0.0,0.0,0.0,0.0,0.0,0.0
10.0,7.22346117305865,0.0041029438248461,0.0041029438265564,0.999991582891858,0.999991582891857,49.41353791019349,0.0,49.972104347965,0.0,45.59501775947562,0.0,45.30156437227028,0.0,0.0,0.0,0.0,0.0,0.0,0.0
10.0,7.22371118555928,0.0041029980955079,0.0041029980972191,0.999991582669186,0.999991582669185,49.41353788939892,0.0,49.97210390874881,0.0,45.59501775416751,0.0,45.30156427894665,0.0,0.0,0.0,0.0,0.0,0.0,0.0
10.0,7.2239611980599,0.0041030523672498,0.0041030523689619,0.999991582446506,0.999991582446506,49.41353786860353,0.0,49.97210346951851,0.0,45.5950177488592,0.0,45.30156418561988,0.0,0.0,0.0,0.0,0.0,0.0,0.0
10.0,7.22421121056053,0.0041031066400716,0.0041031066417846,0.99999158222382,0.9999915822238188,49.413537847807326,0.0,49.97210303027409,0.0,45.59501774355071,0.0,45.30156409228998,0.0,0.0,0.0,0.0,0.0,0.0,0.0
10.0,7.22446122306115,0.0041031609139733,0.0041031609156872,0.9999915820011248,0.9999915820011248,49.41353782701031,0.0,49.97210259101556,0.0,45.59501773824204,0.0,45.301563998956944,0.0,0.0,0.0,0.0,0.0,0.0,0.0
10.0,7.22471123556178,0.0041032151889548,0.0041032151906696,0.999991581778424,0.999991581778424,49.41353780621248,0.0,49.97210215174295,0.0,45.59501773293317,0.0,45.301563905620775,0.0,0.0,0.0,0.0,0.0,0.0,0.0
10.0,7.224961248062401,0.0041032694650161,0.0041032694667318,0.9999915815557152,0.9999915815557152,49.41353778541382,0.0,49.9721017124562,0.0,45.595017727624125,0.0,45.30156381228147,0.0,0.0,0.0,0.0,0.0,0.0,0.0
10.0,7.22521126056303,0.0041033237421572,0.0041033237438738,0.999991581332999,0.999991581332998,49.41353776461437,0.0,49.97210127315535,0.0,45.59501772231489,0.0,45.30156371893903,0.0,0.0,0.0,0.0,0.0,0.0,0.0
10.0,7.22546127306365,0.0041033780203779,0.0041033780220955,0.999991581110275,0.999991581110275,49.41353774381409,0.0,49.9721008338404,0.0,45.59501771700547,0.0,45.30156362559346,0.0,0.0,0.0,0.0,0.0,0.0,0.0
10.0,7.22571128556428,0.0041034322996783,0.0041034323013968,0.999991580887544,0.999991580887544,49.41353772301299,0.0,49.97210039451133,0.0,45.59501771169587,0.0,45.30156353224475,0.0,0.0,0.0,0.0,0.0,0.0,0.0
10.0,7.2259612980649,0.0041034865800583,0.0041034865817776,0.999991580664806,0.999991580664805,49.41353770221109,0.0,49.97209995516816,0.0,45.59501770638607,0.0,45.30156343889291,0.0,0.0,0.0,0.0,0.0,0.0,0.0
10.0,7.22621131056553,0.0041035408615178,0.0041035408632381,0.99999158044206,0.99999158044206,49.41353768140837,0.0,49.97209951581088,0.0,45.59501770107609,0.0,45.30156334553793,0.0,0.0,0.0,0.0,0.0,0.0,0.0
10.0,7.22646132306615,0.0041035951440568,0.004103595145778,0.999991580219307,0.999991580219307,49.41353766060483,0.0,49.97209907643949,0.0,45.59501769576592,0.0,45.30156325217982,0.0,0.0,0.0,0.0,0.0,0.0,0.0
10.0,7.226711335566779,0.0041036494276753,0.0041036494293973,0.9999915799965472,0.999991579996546,49.413537639800495,0.0,49.97209863705399,0.0,45.59501769045558,0.0,45.301563158818574,0.0,0.0,0.0,0.0,0.0,0.0,0.0
10.0,7.2269613480674,0.0041037037123731,0.004103703714096,0.999991579773779,0.999991579773778,49.41353761899533,0.0,49.97209819765438,0.0,45.59501768514504,0.0,45.30156306545419,0.0,0.0,0.0,0.0,0.0,0.0,0.0
10.0,7.22721136056803,0.0041037579981503,0.0041037579998741,0.999991579551004,0.999991579551003,49.41353759818936,0.0,49.97209775824067,0.0,45.59501767983431,0.0,45.301562972086685,0.0,0.0,0.0,0.0,0.0,0.0,0.0
10.0,7.22746137306865,0.0041038122850067,0.0041038122867314,0.999991579328221,0.99999157932822,49.41353757738256,0.0,49.97209731881285,0.0,45.5950176745234,0.0,45.30156287871603,0.0,0.0,0.0,0.0,0.0,0.0,0.0
10.0,7.22771138556928,0.0041038665729424,0.004103866574668,0.999991579105431,0.999991579105431,49.413537556574965,0.0,49.97209687937092,0.0,45.595017669212304,0.0,45.30156278534225,0.0,0.0,0.0,0.0,0.0,0.0,0.0
10.0,7.2279613980699,0.0041039208619573,0.0041039208636837,0.999991578882634,0.9999915788826332,49.41353753576656,0.0,49.97209643991488,0.0,45.59501766390102,0.0,45.30156269196534,0.0,0.0,0.0,0.0,0.0,0.0,0.0
10.0,7.2282114105705295,0.0041039751520512,0.0041039751537786,0.999991578659829,0.999991578659829,49.413537514957326,0.0,49.97209600044473,0.0,45.59501765858955,0.0,45.301562598585285,0.0,0.0,0.0,0.0,0.0,0.0,0.0
10.0,7.22846142307115,0.0041040294432243,0.0041040294449526,0.9999915784370172,0.999991578437016,49.413537494147285,0.0,49.97209556096049,0.0,45.5950176532779,0.0,45.30156250520211,0.0,0.0,0.0,0.0,0.0,0.0,0.0
10.0,7.22871143557178,0.0041040837354764,0.0041040837372055,0.999991578214197,0.999991578214197,49.41353747333643,0.0,49.972095121462125,0.0,45.595017647966046,0.0,45.30156241181578,0.0,0.0,0.0,0.0,0.0,0.0,0.0
10.0,7.228961448072399,0.0041041380288074,0.0041041380305375,0.99999157799137,0.99999157799137,49.41353745252478,0.0,49.972094681949656,0.0,45.59501764265402,0.0,45.30156231842633,0.0,0.0,0.0,0.0,0.0,0.0,0.0
10.0,7.22921146057303,0.0041041923232174,0.0041041923249484,0.999991577768536,0.999991577768536,49.41353743171229,0.0,49.97209424242309,0.0,45.595017637341805,0.0,45.30156222503374,0.0,0.0,0.0,0.0,0.0,0.0,0.0
10.0,7.22946147307365,0.0041042466187063,0.0041042466204381,0.999991577545695,0.999991577545694,49.41353741089901,0.0,49.97209380288241,0.0,45.5950176320294,0.0,45.30156213163802,0.0,0.0,0.0,0.0,0.0,0.0,0.0
10.0,7.22971148557428,0.004104300915274,0.0041043009170067,0.999991577322846,0.999991577322845,49.41353739008491,0.0,49.97209336332762,0.0,45.59501762671682,0.0,45.30156203823916,0.0,0.0,0.0,0.0,0.0,0.0,0.0
10.0,7.2299614980749,0.0041043552129204,0.004104355214654,0.999991577099989,0.999991577099989,49.41353736927,0.0,49.97209292375872,0.0,45.59501762140404,0.0,45.301561944837175,0.0,0.0,0.0,0.0,0.0,0.0,0.0
10.0,7.23021151057553,0.0041044095116456,0.00410440951338,0.999991576877126,0.999991576877125,49.41353734845427,0.0,49.972092484175725,0.0,45.59501761609108,0.0,45.301561851432055,0.0,0.0,0.0,0.0,0.0,0.0,0.0
10.0,7.230461523076151,0.0041044638114494,0.0041044638131848,0.999991576654254,0.999991576654254,49.41353732763773,0.0,49.972092044578616,0.0,45.59501761077793,0.0,45.301561758023794,0.0,0.0,0.0,0.0,0.0,0.0,0.0
10.0,7.23071153557678,0.0041045181123319,0.0041045181140681,0.999991576431376,0.9999915764313748,49.4135373068204,0.0,49.9720916049674,0.0,45.5950176054646,0.0,45.3015616646124,0.0,0.0,0.0,0.0,0.0,0.0,0.0
10.0,7.2309615480774,0.0041045724142929,0.00410457241603,0.99999157620849,0.999991576208489,49.41353728600223,0.0,49.972091165342086,0.0,45.59501760015108,0.0,45.30156157119787,0.0,0.0,0.0,0.0,0.0,0.0,0.0
10.0,7.23121156057803,0.0041046267173325,0.0041046267190704,0.999991575985597,0.999991575985596,49.41353726518327,0.0,49.97209072570266,0.0,45.59501759483738,0.0,45.30156147778021,0.0,0.0,0.0,0.0,0.0,0.0,0.0
10.0,7.23146157307865,0.0041046810214505,0.0041046810231893,0.999991575762696,0.999991575762695,49.41353724436349,0.0,49.97209028604912,0.0,45.595017589523486,0.0,45.30156138435942,0.0,0.0,0.0,0.0,0.0,0.0,0.0
10.0,7.23171158557928,0.0041047353266469,0.0041047353283866,0.999991575539788,0.9999915755397872,49.4135372235429,0.0,49.97208984638149,0.0,45.59501758420941,0.0,45.30156129093549,0.0,0.0,0.0,0.0,0.0,0.0,0.0
10.0,7.2319615980799,0.0041047896329217,0.0041047896346622,0.999991575316872,0.999991575316872,49.4135372027215,0.0,49.97208940669975,0.0,45.59501757889514,0.0,45.301561197508434,0.0,0.0,0.0,0.0,0.0,0.0,0.0
10.0,7.23221161058053,0.0041048439402748,0.0041048439420162,0.99999157509395,0.999991575093949,49.413537181899294,0.0,49.9720889670039,0.0,45.59501757358069,0.0,45.30156110407824,0.0,0.0,0.0,0.0,0.0,0.0,0.0
10.0,7.23246162308115,0.0041048982487061,0.0041048982504484,0.99999157487102,0.999991574871019,49.41353716107627,0.0,49.97208852729394,0.0,45.59501756826605,0.0,45.3015610106449,0.0,0.0,0.0,0.0,0.0,0.0,0.0
10.0,7.23271163558178,0.0041049525582157,0.0041049525599589,0.999991574648082,0.9999915746480807,49.41353714025244,0.0,49.97208808756988,0.0,45.59501756295122,0.0,45.30156091720844,0.0,0.0,0.0,0.0,0.0,0.0,0.0
10.0,7.2329616480824,0.0041050068688034,0.0041050068705474,0.999991574425137,0.999991574425137,49.4135371194278,0.0,49.972087647831714,0.0,45.59501755763623,0.0,45.301560823768845,0.0,0.0,0.0,0.0,0.0,0.0,0.0
10.0,7.23321166058303,0.0041050611804692,0.0041050611822141,0.999991574202185,0.999991574202185,49.41353709860235,0.0,49.97208720807944,0.0,45.59501755232103,0.0,45.30156073032611,0.0,0.0,0.0,0.0,0.0,0.0,0.0
10.0,7.23346167308365,0.0041051154932131,0.0041051154949589,0.999991573979225,0.999991573979225,49.41353707777608,0.0,49.97208676831307,0.0,45.59501754700565,0.0,45.30156063688025,0.0,0.0,0.0,0.0,0.0,0.0,0.0
10.0,7.23371168558428,0.004105169807035,0.0041051698087816,0.999991573756258,0.999991573756258,49.41353705694903,0.0,49.97208632853258,0.0,45.59501754169008,0.0,45.30156054343124,0.0,0.0,0.0,0.0,0.0,0.0,0.0
10.0,7.2339616980849,0.0041052241219348,0.0041052241236823,0.999991573533284,0.999991573533283,49.41353703612114,0.0,49.972085888738,0.0,45.59501753637432,0.0,45.30156044997911,0.0,0.0,0.0,0.0,0.0,0.0,0.0
10.0,7.23421171058553,0.0041052784379126,0.0041052784396609,0.999991573310302,0.999991573310302,49.413537015292455,0.0,49.972085448929306,0.0,45.59501753105838,0.0,45.30156035652384,0.0,0.0,0.0,0.0,0.0,0.0,0.0
10.0,7.23446172308615,0.0041053327549681,0.0041053327567174,0.999991573087313,0.999991573087313,49.41353699446296,0.0,49.97208500910651,0.0,45.59501752574225,0.0,45.30156026306544,0.0,0.0,0.0,0.0,0.0,0.0,0.0
10.0,7.23471173558678,0.0041053870731015,0.0041053870748516,0.9999915728643158,0.9999915728643158,49.41353697363265,0.0,49.972084569269605,0.0,45.59501752042595,0.0,45.3015601696039,0.0,0.0,0.0,0.0,0.0,0.0,0.0
10.0,7.2349617480874,0.0041054413923127,0.0041054413940636,0.999991572641312,0.999991572641312,49.41353695280154,0.0,49.972084129418604,0.0,45.59501751510944,0.0,45.30156007613924,0.0,0.0,0.0,0.0,0.0,0.0,0.0
10.0,7.23521176058803,0.0041054957126015,0.0041054957143533,0.999991572418301,0.999991572418301,49.41353693196962,0.0,49.972083689553486,0.0,45.595017509792754,0.0,45.30155998267143,0.0,0.0,0.0,0.0,0.0,0.0,0.0
10.0,7.23546177308865,0.004105550033968,0.0041055500357207,0.999991572195282,0.999991572195282,49.41353691113689,0.0,49.97208324967428,0.0,45.59501750447589,0.0,45.30155988920049,0.0,0.0,0.0,0.0,0.0,0.0,0.0
10.0,7.23571178558928,0.0041056043564121,0.0041056043581656,0.999991571972256,0.999991571972256,49.41353689030335,0.0,49.97208280978096,0.0,45.59501749915882,0.0,45.30155979572641,0.0,0.0,0.0,0.0,0.0,0.0,0.0
10.0,7.2359617980899,0.0041056586799337,0.0041056586816881,0.999991571749223,0.999991571749223,49.413536869469006,0.0,49.972082369873526,0.0,45.59501749384157,0.0,45.301559702249214,0.0,0.0,0.0,0.0,0.0,0.0,0.0
10.0,7.23621181059053,0.0041057130045328,0.0041057130062881,0.999991571526182,0.999991571526182,49.413536848633846,0.0,49.972081929952,0.0,45.59501748852415,0.0,45.30155960876888,0.0,0.0,0.0,0.0,0.0,0.0,0.0
10.0,7.23646182309115,0.0041057673302094,0.0041057673319655,0.999991571303134,0.999991571303134,49.41353682779789,0.0,49.97208149001637,0.0,45.595017483206526,0.0,45.3015595152854,0.0,0.0,0.0,0.0,0.0,0.0,0.0
10.0,7.23671183559178,0.0041058216569634,0.0041058216587203,0.999991571080079,0.999991571080078,49.41353680696112,0.0,49.97208105006663,0.0,45.59501747788872,0.0,45.30155942179879,0.0,0.0,0.0,0.0,0.0,0.0,0.0
10.0,7.2369618480924,0.0041058759847947,0.0041058759865525,0.999991570857016,0.9999915708570152,49.41353678612354,0.0,49.9720806101028,0.0,45.59501747257074,0.0,45.30155932830905,0.0,0.0,0.0,0.0,0.0,0.0,0.0
10.0,7.23721186059303,0.0041059303137032,0.0041059303154619,0.999991570633945,0.999991570633945,49.41353676528515,0.0,49.97208017012485,0.0,45.59501746725255,0.0,45.301559234816175,0.0,0.0,0.0,0.0,0.0,0.0,0.0
10.0,7.23746187309365,0.0041059846436891,0.0041059846454486,0.9999915704108678,0.9999915704108668,49.41353674444596,0.0,49.97207973013281,0.0,45.5950174619342,0.0,45.30155914132016,0.0,0.0,0.0,0.0,0.0,0.0,0.0
10.0,7.23771188559428,0.0041060389747521,0.0041060389765124,0.999991570187782,0.999991570187782,49.413536723605965,0.0,49.97207929012666,0.0,45.59501745661564,0.0,45.30155904782103,0.0,0.0,0.0,0.0,0.0,0.0,0.0
10.0,7.2379618980949,0.0041060933068922,0.0041060933086534,0.99999156996469,0.99999156996469,49.41353670276516,0.0,49.97207885010641,0.0,45.59501745129691,0.0,45.30155895431876,0.0,0.0,0.0,0.0,0.0,0.0,0.0
10.0,7.23821191059553,0.0041061476401095,0.0041061476418715,0.99999156974159,0.99999156974159,49.413536681923546,0.0,49.97207841007205,0.0,45.59501744597799,0.0,45.30155886081334,0.0,0.0,0.0,0.0,0.0,0.0,0.0
10.0,7.238461923096161,0.0041062019744037,0.0041062019761666,0.999991569518483,0.999991569518483,49.41353666108113,0.0,49.97207797002359,0.0,45.59501744065888,0.0,45.3015587673048,0.0,0.0,0.0,0.0,0.0,0.0,0.0
10.0,7.23871193559678,0.004106256309775,0.0041062563115387,0.999991569295369,0.999991569295368,49.41353664023791,0.0,49.97207752996103,0.0,45.59501743533959,0.0,45.30155867379312,0.0,0.0,0.0,0.0,0.0,0.0,0.0
10.0,7.2389619480974,0.0041063106462232,0.0041063106479877,0.999991569072247,0.999991569072246,49.41353661939388,0.0,49.97207708988437,0.0,45.59501743002011,0.0,45.301558580278304,0.0,0.0,0.0,0.0,0.0,0.0,0.0
10.0,7.2392119605980305,0.0041063649837482,0.0041063649855136,0.9999915688491172,0.9999915688491172,49.41353659854904,0.0,49.9720766497936,0.0,45.59501742470044,0.0,45.30155848676037,0.0,0.0,0.0,0.0,0.0,0.0,0.0
10.0,7.23946197309865,0.0041064193223501,0.0041064193241164,0.999991568625981,0.99999156862598,49.41353657770341,0.0,49.97207620968873,0.0,45.59501741938058,0.0,45.30155839323929,0.0,0.0,0.0,0.0,0.0,0.0,0.0
10.0,7.23971198559928,0.0041064736620288,0.0041064736637959,0.9999915684028368,0.999991568402836,49.41353655685696,0.0,49.97207576956976,0.0,45.59501741406054,0.0,45.30155829971507,0.0,0.0,0.0,0.0,0.0,0.0,0.0
10.0,7.23996199809991,0.0041065280027842,0.0041065280045521,0.999991568179685,0.999991568179685,49.41353653600971,0.0,49.97207532943669,0.0,45.59501740874032,0.0,45.30155820618773,0.0,0.0,0.0,0.0,0.0,0.0,0.0
10.0,7.24021201060053,0.0041065823446163,0.004106582346385,0.999991567956527,0.999991567956526,49.41353651516165,0.0,49.97207488928951,0.0,45.59501740341991,0.0,45.30155811265725,0.0,0.0,0.0,0.0,0.0,0.0,0.0
10.0,7.24046202310115,0.004106636687525,0.0041066366892946,0.99999156773336,0.99999156773336,49.41353649431278,0.0,49.97207444912823,0.0,45.59501739809931,0.0,45.30155801912364,0.0,0.0,0.0,0.0,0.0,0.0,0.0
10.0,7.24071203560178,0.0041066910315103,0.0041066910332807,0.999991567510187,0.999991567510186,49.41353647346311,0.0,49.97207400895285,0.0,45.59501739277852,0.0,45.30155792558689,0.0,0.0,0.0,0.0,0.0,0.0,0.0
10.0,7.24096204810241,0.0041067453765721,0.0041067453783433,0.999991567287006,0.999991567287005,49.41353645261264,0.0,49.97207356876336,0.0,45.59501738745755,0.0,45.30155783204701,0.0,0.0,0.0,0.0,0.0,0.0,0.0
10.0,7.24121206060303,0.0041067997227104,0.0041067997244824,0.999991567063818,0.999991567063817,49.41353643176136,0.0,49.97207312855977,0.0,45.59501738213639,0.0,45.30155773850399,0.0,0.0,0.0,0.0,0.0,0.0,0.0
10.0,7.24146207310365,0.0041068540699251,0.004106854071698,0.999991566840622,0.999991566840622,49.41353641090927,0.0,49.972072688342095,0.0,45.59501737681505,0.0,45.30155764495784,0.0,0.0,0.0,0.0,0.0,0.0,0.0
10.0,7.24171208560428,0.0041069084182161,0.0041069084199899,0.999991566617419,0.999991566617419,49.41353639005639,0.0,49.97207224811031,0.0,45.595017371493526,0.0,45.30155755140856,0.0,0.0,0.0,0.0,0.0,0.0,0.0
10.0,7.24196209810491,0.0041069627675835,0.0041069627693581,0.999991566394209,0.999991566394208,49.413536369202696,0.0,49.97207180786442,0.0,45.59501736617181,0.0,45.30155745785615,0.0,0.0,0.0,0.0,0.0,0.0,0.0
10.0,7.24221211060553,0.0041070171180272,0.0041070171198026,0.99999156617099,0.99999156617099,49.4135363483482,0.0,49.97207136760443,0.0,45.59501736084991,0.0,45.3015573643006,0.0,0.0,0.0,0.0,0.0,0.0,0.0
10.0,7.242462123106159,0.0041070714695471,0.0041070714713233,0.999991565947766,0.999991565947765,49.4135363274929,0.0,49.97207092733033,0.0,45.595017355527816,0.0,45.30155727074192,0.0,0.0,0.0,0.0,0.0,0.0,0.0
10.0,7.24271213560678,0.0041071258221431,0.0041071258239201,0.999991565724533,0.999991565724532,49.41353630663679,0.0,49.97207048704214,0.0,45.59501735020554,0.0,45.301557177180094,0.0,0.0,0.0,0.0,0.0,0.0,0.0
10.0,7.2429621481074,0.0041071801758153,0.0041071801775931,0.999991565501293,0.999991565501293,49.41353628577989,0.0,49.97207004673984,0.0,45.59501734488308,0.0,45.30155708361514,0.0,0.0,0.0,0.0,0.0,0.0,0.0
10.0,7.24321216060803,0.0041072345305635,0.0041072345323422,0.999991565278046,0.9999915652780448,49.41353626492217,0.0,49.97206960642344,0.0,45.59501733956044,0.0,45.30155699004706,0.0,0.0,0.0,0.0,0.0,0.0,0.0
10.0,7.24346217310866,0.0041072888863877,0.0041072888881672,0.999991565054791,0.999991565054791,49.41353624406367,0.0,49.97206916609295,0.0,45.5950173342376,0.0,45.30155689647584,0.0,0.0,0.0,0.0,0.0,0.0,0.0
10.0,7.24371218560928,0.0041073432432879,0.0041073432450682,0.9999915648315292,0.9999915648315292,49.41353622320435,0.0,49.97206872574835,0.0,45.59501732891459,0.0,45.30155680290149,0.0,0.0,0.0,0.0,0.0,0.0,0.0
10.0,7.24396219810991,0.004107397601264,0.0041073976030452,0.99999156460826,0.999991564608259,49.41353620234423,0.0,49.972068285389646,0.0,45.59501732359138,0.0,45.30155670932402,0.0,0.0,0.0,0.0,0.0,0.0,0.0
10.0,7.24421221061053,0.004107451960316,0.0041074519620979,0.999991564384983,0.999991564384982,49.4135361814833,0.0,49.97206784501685,0.0,45.59501731826799,0.0,45.301556615743394,0.0,0.0,0.0,0.0,0.0,0.0,0.0
10.0,7.24446222311116,0.0041075063204438,0.0041075063222265,0.999991564161699,0.999991564161698,49.41353616062158,0.0,49.972067404629954,0.0,45.5950173129444,0.0,45.30155652215964,0.0,0.0,0.0,0.0,0.0,0.0,0.0
10.0,7.244712235611779,0.0041075606816473,0.0041075606834309,0.999991563938407,0.999991563938407,49.41353613975906,0.0,49.97206696422895,0.0,45.59501730762064,0.0,45.30155642857275,0.0,0.0,0.0,0.0,0.0,0.0,0.0
10.0,7.24496224811241,0.0041076150439266,0.004107615045711,0.999991563715108,0.999991563715108,49.41353611889573,0.0,49.97206652381385,0.0,45.59501730229668,0.0,45.301556334982735,0.0,0.0,0.0,0.0,0.0,0.0,0.0
10.0,7.24521226061303,0.0041076694072815,0.0041076694090667,0.999991563491802,0.999991563491802,49.4135360980316,0.0,49.972066083384654,0.0,45.59501729697254,0.0,45.301556241389584,0.0,0.0,0.0,0.0,0.0,0.0,0.0
10.0,7.24546227311366,0.004107723771712,0.004107723773498,0.999991563268488,0.999991563268488,49.41353607716666,0.0,49.97206564294135,0.0,45.59501729164822,0.0,45.301556147793306,0.0,0.0,0.0,0.0,0.0,0.0,0.0
10.0,7.24571228561428,0.0041077781372181,0.0041077781390049,0.999991563045167,0.999991563045167,49.41353605630092,0.0,49.972065202483954,0.0,45.59501728632371,0.0,45.30155605419389,0.0,0.0,0.0,0.0,0.0,0.0,0.0
10.0,7.24596229811491,0.0041078325037996,0.0041078325055873,0.9999915628218392,0.999991562821838,49.41353603543438,0.0,49.97206476201245,0.0,45.595017280999016,0.0,45.30155596059133,0.0,0.0,0.0,0.0,0.0,0.0,0.0
10.0,7.24621231061553,0.0041078868714567,0.0041078868732451,0.9999915625985032,0.9999915625985032,49.41353601456704,0.0,49.97206432152686,0.0,45.59501727567413,0.0,45.301555866985645,0.0,0.0,0.0,0.0,0.0,0.0,0.0
10.0,7.24646232311616,0.0041079412401891,0.0041079412419783,0.9999915623751598,0.999991562375159,49.41353599369891,0.0,49.97206388102715,0.0,45.59501727034906,0.0,45.301555773376826,0.0,0.0,0.0,0.0,0.0,0.0,0.0
10.0,7.24671233561678,0.0041079956099969,0.0041079956117869,0.999991562151809,0.999991562151809,49.41353597282996,0.0,49.97206344051335,0.0,45.5950172650238,0.0,45.30155567976488,0.0,0.0,0.0,0.0,0.0,0.0,0.0
10.0,7.24696234811741,0.0041080499808799,0.0041080499826708,0.999991561928452,0.999991561928451,49.41353595196021,0.0,49.97206299998546,0.0,45.595017259698366,0.0,45.30155558614979,0.0,0.0,0.0,0.0,0.0,0.0,0.0
10.0,7.24721236061803,0.0041081043528383,0.0041081043546299,0.999991561705086,0.999991561705085,49.41353593108968,0.0,49.97206255944346,0.0,45.595017254372735,0.0,45.30155549253157,0.0,0.0,0.0,0.0,0.0,0.0,0.0
10.0,7.24746237311866,0.0041081587258718,0.0041081587276642,0.999991561481713,0.999991561481713,49.41353591021833,0.0,49.972062118887365,0.0,45.59501724904692,0.0,45.30155539891022,0.0,0.0,0.0,0.0,0.0,0.0,0.0
10.0,7.24771238561928,0.0041082130999804,0.0041082131017737,0.999991561258334,0.999991561258333,49.413535889346186,0.0,49.97206167831717,0.0,45.59501724372092,0.0,45.30155530528573,0.0,0.0,0.0,0.0,0.0,0.0,0.0
10.0,7.24796239811991,0.0041082674751642,0.0041082674769583,0.999991561034946,0.999991561034946,49.41353586847323,0.0,49.97206123773288,0.0,45.59501723839473,0.0,45.30155521165811,0.0,0.0,0.0,0.0,0.0,0.0,0.0
10.0,7.24821241062053,0.004108321851423,0.0041083218532179,0.999991560811551,0.999991560811551,49.41353584759949,0.0,49.97206079713448,0.0,45.59501723306836,0.0,45.301555118027366,0.0,0.0,0.0,0.0,0.0,0.0,0.0
10.0,7.24846242312116,0.0041083762287568,0.0041083762305525,0.9999915605881492,0.9999915605881492,49.41353582672495,0.0,49.97206035652199,0.0,45.5950172277418,0.0,45.30155502439347,0.0,0.0,0.0,0.0,0.0,0.0,0.0
10.0,7.24871243562178,0.0041084306071656,0.004108430608962,0.99999156036474,0.999991560364739,49.4135358058496,0.0,49.97205991589539,0.0,45.59501722241505,0.0,45.30155493075645,0.0,0.0,0.0,0.0,0.0,0.0,0.0
10.0,7.24896244812241,0.0041084849866492,0.0041084849884464,0.9999915601413228,0.999991560141322,49.413535784973455,0.0,49.9720594752547,0.0,45.59501721708811,0.0,45.3015548371163,0.0,0.0,0.0,0.0,0.0,0.0,0.0
10.0,7.24921246062303,0.0041085393672077,0.0041085393690057,0.999991559917898,0.999991559917898,49.4135357640965,0.0,49.97205903459992,0.0,45.595017211761,0.0,45.30155474347301,0.0,0.0,0.0,0.0,0.0,0.0,0.0
10.0,7.24946247312366,0.0041085937488409,0.0041085937506398,0.9999915596944668,0.9999915596944658,49.41353574321876,0.0,49.97205859393104,0.0,45.59501720643369,0.0,45.3015546498266,0.0,0.0,0.0,0.0,0.0,0.0,0.0
10.0,7.24971248562428,0.0041086481315489,0.0041086481333486,0.999991559471028,0.999991559471027,49.41353572234022,0.0,49.97205815324806,0.0,45.5950172011062,0.0,45.301554556177045,0.0,0.0,0.0,0.0,0.0,0.0,0.0
10.0,7.24996249812491,0.0041087025153316,0.004108702517132,0.999991559247581,0.999991559247581,49.41353570146087,0.0,49.97205771255096,0.0,45.59501719577852,0.0,45.30155446252436,0.0,0.0,0.0,0.0,0.0,0.0,0.0
10.0,7.250212510625529,0.004108756900189,0.0041087569019902,0.999991559024128,0.999991559024127,49.41353568058073,0.0,49.9720572718398,0.0,45.59501719045066,0.0,45.301554368868544,0.0,0.0,0.0,0.0,0.0,0.0,0.0
10.0,7.25046252312616,0.0041088112861209,0.0041088112879229,0.999991558800666,0.999991558800666,49.41353565969978,0.0,49.972056831114514,0.0,45.59501718512261,0.0,45.30155427520958,0.0,0.0,0.0,0.0,0.0,0.0,0.0
10.0,7.25071253562678,0.0041088656731273,0.0041088656749301,0.999991558577198,0.999991558577197,49.41353563881805,0.0,49.97205639037514,0.0,45.595017179794375,0.0,45.3015541815475,0.0,0.0,0.0,0.0,0.0,0.0,0.0
10.0,7.25096254812741,0.0041089200612083,0.0041089200630118,0.999991558353722,0.999991558353722,49.41353561793551,0.0,49.972055949621655,0.0,45.59501717446596,0.0,45.30155408788228,0.0,0.0,0.0,0.0,0.0,0.0,0.0
10.0,7.25121256062803,0.0041089744503636,0.004108974452168,0.9999915581302392,0.999991558130238,49.41353559705217,0.0,49.9720555088541,0.0,45.59501716913734,0.0,45.301553994213926,0.0,0.0,0.0,0.0,0.0,0.0,0.0
10.0,7.25146257312866,0.0041090288405934,0.0041090288423985,0.999991557906748,0.999991557906748,49.41353557616803,0.0,49.97205506807242,0.0,45.59501716380855,0.0,45.30155390054244,0.0,0.0,0.0,0.0,0.0,0.0,0.0
10.0,7.25171258562928,0.0041090832318975,0.0041090832337034,0.99999155768325,0.99999155768325,49.4135355552831,0.0,49.972054627276655,0.0,45.59501715847957,0.0,45.301553806867815,0.0,0.0,0.0,0.0,0.0,0.0,0.0
10.0,7.25196259812991,0.0041091376242758,0.0041091376260825,0.999991557459745,0.999991557459744,49.41353553439737,0.0,49.9720541864668,0.0,45.5950171531504,0.0,45.30155371319006,0.0,0.0,0.0,0.0,0.0,0.0,0.0
10.0,7.25221261063053,0.0041091920177284,0.0041091920195359,0.999991557236232,0.999991557236232,49.41353551351083,0.0,49.97205374564284,0.0,45.59501714782104,0.0,45.30155361950919,0.0,0.0,0.0,0.0,0.0,0.0,0.0
10.0,7.25246262313116,0.0041092464122552,0.0041092464140634,0.999991557012712,0.9999915570127108,49.41353549262351,0.0,49.97205330480478,0.0,45.5950171424915,0.0,45.30155352582516,0.0,0.0,0.0,0.0,0.0,0.0,0.0
10.0,7.25271263563178,0.0041093008078561,0.0041093008096651,0.999991556789184,0.999991556789184,49.41353547173538,0.0,49.97205286395263,0.0,45.595017137161776,0.0,45.301553432138014,0.0,0.0,0.0,0.0,0.0,0.0,0.0
10.0,7.25296264813241,0.0041093552045311,0.0041093552063409,0.99999155656565,0.9999915565656488,49.41353545084646,0.0,49.972052423086375,0.0,45.59501713183186,0.0,45.30155333844773,0.0,0.0,0.0,0.0,0.0,0.0,0.0
10.0,7.25321266063303,0.0041094096022801,0.0041094096040906,0.999991556342107,0.999991556342107,49.41353542995674,0.0,49.972051982206025,0.0,45.59501712650176,0.0,45.30155324475431,0.0,0.0,0.0,0.0,0.0,0.0,0.0
10.0,7.25346267313366,0.004109464001103,0.0041094640029144,0.999991556118558,0.999991556118557,49.41353540906622,0.0,49.97205154131159,0.0,45.59501712117148,0.0,45.30155315105775,0.0,0.0,0.0,0.0,0.0,0.0,0.0
10.0,7.25371268563428,0.0041095184009999,0.004109518402812,0.999991555895,0.999991555895,49.413535388174914,0.0,49.97205110040304,0.0,45.595017115841,0.0,45.30155305735808,0.0,0.0,0.0,0.0,0.0,0.0,0.0
10.0,7.25396269813491,0.0041095728019707,0.0041095728037836,0.999991555671436,0.999991555671435,49.413535367282805,0.0,49.972050659480416,0.0,45.59501711051034,0.0,45.30155296365525,0.0,0.0,0.0,0.0,0.0,0.0,0.0
10.0,7.25421271063553,0.0041096272040153,0.0041096272058289,0.9999915554478648,0.999991555447864,49.4135353463899,0.0,49.97205021854367,0.0,45.59501710517949,0.0,45.301552869949305,0.0,0.0,0.0,0.0,0.0,0.0,0.0
10.0,7.25446272313616,0.0041096816071336,0.0041096816089481,0.9999915552242858,0.9999915552242848,49.41353532549619,0.0,49.97204977759285,0.0,45.59501709984847,0.0,45.30155277624022,0.0,0.0,0.0,0.0,0.0,0.0,0.0
10.0,7.25471273563678,0.0041097360113257,0.0041097360131409,0.999991555000699,0.999991555000698,49.413535304601695,0.0,49.97204933662792,0.0,45.595017094517246,0.0,45.301552682528005,0.0,0.0,0.0,0.0,0.0,0.0,0.0
10.0,7.254962748137411,0.0041097904165915,0.0041097904184074,0.999991554777105,0.999991554777104,49.4135352837064,0.0,49.9720488956489,0.0,45.59501708918584,0.0,45.301552588812655,0.0,0.0,0.0,0.0,0.0,0.0,0.0
10.0,7.25521276063803,0.0041098448229308,0.0041098448247476,0.999991554553504,0.999991554553503,49.41353526281031,0.0,49.97204845465578,0.0,45.59501708385425,0.0,45.30155249509417,0.0,0.0,0.0,0.0,0.0,0.0,0.0
10.0,7.25546277313866,0.0041098992303438,0.0041098992321612,0.9999915543298952,0.9999915543298952,49.413535241913415,0.0,49.97204801364858,0.0,45.59501707852248,0.0,45.30155240137256,0.0,0.0,0.0,0.0,0.0,0.0,0.0
10.0,7.25571278563928,0.0041099536388302,0.0041099536406485,0.999991554106279,0.9999915541062792,49.413535221015735,0.0,49.97204757262727,0.0,45.59501707319051,0.0,45.30155230764781,0.0,0.0,0.0,0.0,0.0,0.0,0.0
10.0,7.25596279813991,0.0041100080483901,0.0041100080502091,0.999991553882656,0.999991553882655,49.41353520011727,0.0,49.97204713159186,0.0,45.595017067858365,0.0,45.30155221391992,0.0,0.0,0.0,0.0,0.0,0.0,0.0
10.0,7.25621281064053,0.0041100624590234,0.0041100624608432,0.9999915536590248,0.9999915536590248,49.41353517921798,0.0,49.97204669054236,0.0,45.59501706252603,0.0,45.30155212018891,0.0,0.0,0.0,0.0,0.0,0.0,0.0
10.0,7.25646282314116,0.0041101168707301,0.0041101168725507,0.9999915534353868,0.999991553435386,49.41353515831792,0.0,49.97204624947877,0.0,45.5950170571935,0.0,45.301552026454765,0.0,0.0,0.0,0.0,0.0,0.0,0.0
10.0,7.25671283564178,0.0041101712835101,0.0041101712853314,0.999991553211741,0.999991553211741,49.41353513741706,0.0,49.97204580840109,0.0,45.5950170518608,0.0,45.30155193271748,0.0,0.0,0.0,0.0,0.0,0.0,0.0
10.0,7.25696284814241,0.0041102256973634,0.0041102256991855,0.9999915529880892,0.999991552988088,49.4135351165154,0.0,49.972045367309306,0.0,45.59501704652791,0.0,45.30155183897707,0.0,0.0,0.0,0.0,0.0,0.0,0.0
10.0,7.25721286064303,0.0041102801122899,0.0041102801141127,0.999991552764428,0.999991552764428,49.41353509561294,0.0,49.972044926203424,0.0,45.59501704119482,0.0,45.30155174523352,0.0,0.0,0.0,0.0,0.0,0.0,0.0
10.0,7.25746287314366,0.0041103345282895,0.0041103345301131,0.999991552540761,0.99999155254076,49.4135350747097,0.0,49.97204448508344,0.0,45.59501703586156,0.0,45.30155165148685,0.0,0.0,0.0,0.0,0.0,0.0,0.0
10.0,7.25771288564428,0.0041103889453622,0.0041103889471866,0.999991552317086,0.999991552317085,49.41353505380566,0.0,49.97204404394939,0.0,45.5950170305281,0.0,45.30155155773702,0.0,0.0,0.0,0.0,0.0,0.0,0.0
10.0,7.25796289814491,0.004110443363508,0.0041104433653331,0.999991552093404,0.999991552093403,49.413535032900825,0.0,49.97204360280122,0.0,45.59501702519447,0.0,45.30155146398408,0.0,0.0,0.0,0.0,0.0,0.0,0.0
10.0,7.25821291064553,0.0041104977827269,0.0041104977845527,0.999991551869714,0.999991551869713,49.4135350119952,0.0,49.97204316163896,0.0,45.59501701986064,0.0,45.301551370228,0.0,0.0,0.0,0.0,0.0,0.0,0.0
10.0,7.25846292314616,0.0041105522030186,0.0041105522048452,0.999991551646016,0.999991551646016,49.41353499108877,0.0,49.9720427204626,0.0,45.59501701452663,0.0,45.30155127646879,0.0,0.0,0.0,0.0,0.0,0.0,0.0
10.0,7.25871293564678,0.0041106066243833,0.0041106066262106,0.999991551422312,0.999991551422312,49.41353497018156,0.0,49.97204227927216,0.0,45.595017009192425,0.0,45.30155118270645,0.0,0.0,0.0,0.0,0.0,0.0,0.0
10.0,7.25896294814741,0.0041106610468208,0.0041106610486489,0.9999915511986,0.9999915511986,49.41353494927355,0.0,49.97204183806762,0.0,45.59501700385804,0.0,45.30155108894097,0.0,0.0,0.0,0.0,0.0,0.0,0.0
10.0,7.25921296064803,0.0041107154703311,0.0041107154721599,0.999991550974881,0.99999155097488,49.41353492836475,0.0,49.972041396848994,0.0,45.59501699852348,0.0,45.30155099517236,0.0,0.0,0.0,0.0,0.0,0.0,0.0
10.0,7.25946297314866,0.0041107698949142,0.0041107698967438,0.9999915507511552,0.999991550751154,49.41353490745514,0.0,49.97204095561626,0.0,45.59501699318872,0.0,45.30155090140062,0.0,0.0,0.0,0.0,0.0,0.0,0.0
10.0,7.25971298564928,0.00411082432057,0.0041108243224003,0.99999155052742,0.99999155052742,49.41353488654475,0.0,49.97204051436944,0.0,45.59501698785377,0.0,45.30155080762574,0.0,0.0,0.0,0.0,0.0,0.0,0.0
10.0,7.25996299814991,0.0041108787472984,0.0041108787491294,0.999991550303679,0.999991550303679,49.41353486563357,0.0,49.97204007310852,0.0,45.59501698251864,0.0,45.301550713847725,0.0,0.0,0.0,0.0,0.0,0.0,0.0
10.0,7.26021301065053,0.0041109331750994,0.0041109331769312,0.99999155007993,0.99999155007993,49.4135348447216,0.0,49.97203963183352,0.0,45.59501697718332,0.0,45.301550620066585,0.0,0.0,0.0,0.0,0.0,0.0,0.0
10.0,7.260463023151161,0.004110987603973,0.0041109876058055,0.999991549856174,0.999991549856174,49.41353482380883,0.0,49.972039190544415,0.0,45.59501697184782,0.0,45.30155052628231,0.0,0.0,0.0,0.0,0.0,0.0,0.0
10.0,7.26071303565178,0.0041110420339191,0.0041110420357523,0.9999915496324112,0.99999154963241,49.41353480289526,0.0,49.97203874924121,0.0,45.59501696651213,0.0,45.3015504324949,0.0,0.0,0.0,0.0,0.0,0.0,0.0
10.0,7.26096304815241,0.0041110964649376,0.0041110964667716,0.99999154940864,0.99999154940864,49.413534781980914,0.0,49.97203830792392,0.0,45.59501696117625,0.0,45.30155033870436,0.0,0.0,0.0,0.0,0.0,0.0,0.0
10.0,7.26121306065303,0.0041111508970285,0.0041111508988632,0.999991549184862,0.9999915491848612,49.41353476106577,0.0,49.972037866592544,0.0,45.59501695584019,0.0,45.301550244910686,0.0,0.0,0.0,0.0,0.0,0.0,0.0
10.0,7.26146307315366,0.0041112053301917,0.0041112053320272,0.999991548961076,0.999991548961076,49.41353474014984,0.0,49.97203742524706,0.0,45.59501695050394,0.0,45.30155015111389,0.0,0.0,0.0,0.0,0.0,0.0,0.0
10.0,7.26171308565428,0.0041112597644273,0.0041112597662635,0.9999915487372828,0.9999915487372828,49.41353471923311,0.0,49.9720369838875,0.0,45.59501694516751,0.0,45.301550057313946,0.0,0.0,0.0,0.0,0.0,0.0,0.0
10.0,7.26196309815491,0.0041113141997351,0.004111314201572,0.999991548513483,0.999991548513483,49.4135346983156,0.0,49.97203654251384,0.0,45.59501693983088,0.0,45.30154996351087,0.0,0.0,0.0,0.0,0.0,0.0,0.0
10.0,7.26221311065553,0.0041113686361151,0.0041113686379528,0.999991548289676,0.999991548289675,49.41353467739727,0.0,49.97203610112608,0.0,45.59501693449408,0.0,45.30154986970466,0.0,0.0,0.0,0.0,0.0,0.0,0.0
10.0,7.26246312315616,0.0041114230735672,0.0041114230754056,0.99999154806586,0.99999154806586,49.41353465647818,0.0,49.97203565972424,0.0,45.59501692915709,0.0,45.301549775895325,0.0,0.0,0.0,0.0,0.0,0.0,0.0
10.0,7.262713135656781,0.0041114775120914,0.0041114775139306,0.999991547842038,0.999991547842038,49.41353463555828,0.0,49.9720352183083,0.0,45.59501692381991,0.0,45.30154968208286,0.0,0.0,0.0,0.0,0.0,0.0,0.0
10.0,7.26296314815741,0.0041115319516877,0.0041115319535275,0.999991547618208,0.999991547618208,49.41353461463759,0.0,49.97203477687827,0.0,45.59501691848254,0.0,45.30154958826726,0.0,0.0,0.0,0.0,0.0,0.0,0.0
10.0,7.26321316065803,0.0041115863923559,0.0041115863941965,0.999991547394371,0.999991547394371,49.41353459371612,0.0,49.97203433543414,0.0,45.595016913145,0.0,45.30154949444852,0.0,0.0,0.0,0.0,0.0,0.0,0.0
10.0,7.26346317315866,0.0041116408340961,0.0041116408359374,0.999991547170526,0.999991547170526,49.41353457279386,0.0,49.972033893975926,0.0,45.59501690780725,0.0,45.301549400626655,0.0,0.0,0.0,0.0,0.0,0.0,0.0
10.0,7.26371318565928,0.0041116952769082,0.0041116952787502,0.999991546946675,0.999991546946674,49.4135345518708,0.0,49.97203345250362,0.0,45.595016902469325,0.0,45.30154930680165,0.0,0.0,0.0,0.0,0.0,0.0,0.0
10.0,7.26396319815991,0.0041117497207921,0.0041117497226348,0.999991546722815,0.999991546722815,49.41353453094696,0.0,49.97203301101722,0.0,45.59501689713121,0.0,45.30154921297351,0.0,0.0,0.0,0.0,0.0,0.0,0.0
10.0,7.26421321066053,0.0041118041657478,0.0041118041675913,0.999991546498949,0.999991546498948,49.41353451002231,0.0,49.97203256951672,0.0,45.59501689179292,0.0,45.30154911914225,0.0,0.0,0.0,0.0,0.0,0.0,0.0
10.0,7.26446322316116,0.0041118586117752,0.0041118586136194,0.999991546275075,0.999991546275074,49.41353448909689,0.0,49.97203212800215,0.0,45.59501688645442,0.0,45.30154902530784,0.0,0.0,0.0,0.0,0.0,0.0,0.0
10.0,7.26471323566178,0.0041119130588743,0.0041119130607192,0.999991546051193,0.999991546051193,49.413534468170674,0.0,49.97203168647346,0.0,45.59501688111576,0.0,45.30154893147032,0.0,0.0,0.0,0.0,0.0,0.0,0.0
10.0,7.26496324816241,0.004111967507045,0.0041119675088907,0.9999915458273048,0.999991545827304,49.41353444724366,0.0,49.9720312449307,0.0,45.5950168757769,0.0,45.30154883762965,0.0,0.0,0.0,0.0,0.0,0.0,0.0
10.0,7.26521326066303,0.0041120219562874,0.0041120219581337,0.999991545603408,0.999991545603408,49.41353442631587,0.0,49.97203080337384,0.0,45.59501687043786,0.0,45.30154874378586,0.0,0.0,0.0,0.0,0.0,0.0,0.0
10.0,7.26546327316366,0.0041120764066012,0.0041120764084483,0.999991545379505,0.999991545379505,49.41353440538728,0.0,49.97203036180289,0.0,45.59501686509863,0.0,45.30154864993893,0.0,0.0,0.0,0.0,0.0,0.0,0.0
10.0,7.26571328566428,0.0041121308579865,0.0041121308598343,0.999991545155594,0.999991545155594,49.41353438445791,0.0,49.97202992021785,0.0,45.59501685975921,0.0,45.30154855608886,0.0,0.0,0.0,0.0,0.0,0.0,0.0
10.0,7.265963298164909,0.0041121853104433,0.0041121853122918,0.999991544931676,0.999991544931675,49.41353436352775,0.0,49.97202947861872,0.0,45.59501685441961,0.0,45.30154846223567,0.0,0.0,0.0,0.0,0.0,0.0,0.0
10.0,7.26621331066553,0.0041122397639714,0.0041122397658207,0.99999154470775,0.99999154470775,49.4135343425968,0.0,49.97202903700549,0.0,45.59501684907982,0.0,45.301548368379336,0.0,0.0,0.0,0.0,0.0,0.0,0.0
10.0,7.26646332316616,0.0041122942185709,0.0041122942204208,0.999991544483817,0.999991544483817,49.41353432166506,0.0,49.97202859537818,0.0,45.59501684373985,0.0,45.30154827451988,0.0,0.0,0.0,0.0,0.0,0.0,0.0
10.0,7.26671333566678,0.0041123486742416,0.0041123486760923,0.999991544259877,0.999991544259876,49.41353430073253,0.0,49.97202815373677,0.0,45.59501683839969,0.0,45.301548180657285,0.0,0.0,0.0,0.0,0.0,0.0,0.0
10.0,7.26696334816741,0.0041124031309836,0.004112403132835,0.999991544035929,0.999991544035928,49.41353427979921,0.0,49.97202771208128,0.0,45.59501683305934,0.0,45.30154808679156,0.0,0.0,0.0,0.0,0.0,0.0,0.0
10.0,7.26721336066803,0.0041124575887967,0.0041124575906488,0.999991543811974,0.9999915438119727,49.4135342588651,0.0,49.972027270411694,0.0,45.59501682771881,0.0,45.3015479929227,0.0,0.0,0.0,0.0,0.0,0.0,0.0
10.0,7.26746337316866,0.004112512047681,0.0041125120495338,0.999991543588011,0.999991543588011,49.41353423793021,0.0,49.97202682872802,0.0,45.595016822378085,0.0,45.30154789905071,0.0,0.0,0.0,0.0,0.0,0.0,0.0
10.0,7.26771338566928,0.0041125665076363,0.0041125665094898,0.9999915433640412,0.9999915433640412,49.41353421699452,0.0,49.97202638703025,0.0,45.595016817037184,0.0,45.30154780517559,0.0,0.0,0.0,0.0,0.0,0.0,0.0
10.0,7.26796339816991,0.0041126209686627,0.0041126209705169,0.999991543140064,0.999991543140064,49.41353419605806,0.0,49.97202594531839,0.0,45.59501681169608,0.0,45.30154771129733,0.0,0.0,0.0,0.0,0.0,0.0,0.0
10.0,7.268213410670529,0.00411267543076,0.0041126754326149,0.99999154291608,0.999991542916079,49.4135341751208,0.0,49.97202550359244,0.0,45.59501680635481,0.0,45.301547617415935,0.0,0.0,0.0,0.0,0.0,0.0,0.0
10.0,7.26846342317116,0.0041127298939283,0.0041127298957839,0.999991542692088,0.9999915426920872,49.41353415418276,0.0,49.972025061852406,0.0,45.595016801013344,0.0,45.30154752353142,0.0,0.0,0.0,0.0,0.0,0.0,0.0
10.0,7.26871343567178,0.0041127843581674,0.0041127843600237,0.999991542468088,0.999991542468088,49.41353413324392,0.0,49.972024620098274,0.0,45.59501679567169,0.0,45.30154742964377,0.0,0.0,0.0,0.0,0.0,0.0,0.0
10.0,7.26896344817241,0.0041128388234773,0.0041128388253343,0.9999915422440822,0.999991542244081,49.41353411230431,0.0,49.97202417833006,0.0,45.59501679032985,0.0,45.301547335752986,0.0,0.0,0.0,0.0,0.0,0.0,0.0
10.0,7.26921346067303,0.004112893289858,0.0041128932917157,0.999991542020068,0.999991542020067,49.4135340913639,0.0,49.97202373654776,0.0,45.59501678498783,0.0,45.30154724185906,0.0,0.0,0.0,0.0,0.0,0.0,0.0
10.0,7.26946347317366,0.0041129477573094,0.0041129477591678,0.999991541796046,0.999991541796046,49.41353407042271,0.0,49.97202329475136,0.0,45.59501677964561,0.0,45.30154714796201,0.0,0.0,0.0,0.0,0.0,0.0,0.0
10.0,7.26971348567428,0.0041130022258315,0.0041130022276906,0.9999915415720168,0.9999915415720168,49.41353404948073,0.0,49.97202285294088,0.0,45.595016774303225,0.0,45.30154705406183,0.0,0.0,0.0,0.0,0.0,0.0,0.0
10.0,7.26996349817491,0.0041130566954242,0.004113056697284,0.999991541347981,0.999991541347981,49.41353402853797,0.0,49.9720224111163,0.0,45.59501676896064,0.0,45.30154696015851,0.0,0.0,0.0,0.0,0.0,0.0,0.0
10.0,7.27021351067553,0.0041131111660875,0.004113111167948,0.9999915411239372,0.9999915411239372,49.413534007594414,0.0,49.97202196927763,0.0,45.59501676361787,0.0,45.30154686625206,0.0,0.0,0.0,0.0,0.0,0.0,0.0
10.0,7.27046352317616,0.0041131656378213,0.0041131656396824,0.999991540899887,0.999991540899886,49.41353398665007,0.0,49.97202152742488,0.0,45.59501675827492,0.0,45.30154677234248,0.0,0.0,0.0,0.0,0.0,0.0,0.0
10.0,7.27071353567678,0.0041132201106255,0.0041132201124874,0.999991540675828,0.999991540675828,49.41353396570495,0.0,49.97202108555804,0.0,45.59501675293177,0.0,45.30154667842977,0.0,0.0,0.0,0.0,0.0,0.0,0.0
10.0,7.27096354817741,0.0041132745845001,0.0041132745863627,0.999991540451763,0.999991540451762,49.41353394475904,0.0,49.97202064367711,0.0,45.595016747588446,0.0,45.30154658451392,0.0,0.0,0.0,0.0,0.0,0.0,0.0
10.0,7.27121356067803,0.0041133290594452,0.0041133290613084,0.99999154022769,0.9999915402276892,49.413533923812345,0.0,49.97202020178209,0.0,45.59501674224492,0.0,45.30154649059495,0.0,0.0,0.0,0.0,0.0,0.0,0.0
10.0,7.27146357317866,0.0041133835354605,0.0041133835373244,0.999991540003609,0.999991540003609,49.413533902864856,0.0,49.97201975987297,0.0,45.59501673690122,0.0,45.30154639667284,0.0,0.0,0.0,0.0,0.0,0.0,0.0
10.0,7.27171358567928,0.0041134380125461,0.0041134380144107,0.999991539779521,0.999991539779521,49.41353388191659,0.0,49.97201931794979,0.0,45.59501673155734,0.0,45.3015463027476,0.0,0.0,0.0,0.0,0.0,0.0,0.0
10.0,7.27196359817991,0.0041134924907018,0.0041134924925671,0.999991539555426,0.999991539555426,49.41353386096755,0.0,49.97201887601249,0.0,45.59501672621327,0.0,45.30154620881922,0.0,0.0,0.0,0.0,0.0,0.0,0.0
10.0,7.27221361068053,0.0041135469699278,0.0041135469717938,0.999991539331324,0.999991539331323,49.413533840017706,0.0,49.97201843406111,0.0,45.595016720869005,0.0,45.301546114887714,0.0,0.0,0.0,0.0,0.0,0.0,0.0
10.0,7.27246362318116,0.0041136014502238,0.0041136014520905,0.999991539107214,0.999991539107213,49.41353381906709,0.0,49.97201799209566,0.0,45.59501671552456,0.0,45.30154602095307,0.0,0.0,0.0,0.0,0.0,0.0,0.0
10.0,7.27271363568178,0.00411365593159,0.0041136559334573,0.999991538883096,0.999991538883096,49.41353379811568,0.0,49.9720175501161,0.0,45.59501671017992,0.0,45.3015459270153,0.0,0.0,0.0,0.0,0.0,0.0,0.0
10.0,7.27296364818241,0.0041137104140261,0.0041137104158941,0.999991538658972,0.999991538658971,49.41353377716349,0.0,49.97201710812247,0.0,45.5950167048351,0.0,45.3015458330744,0.0,0.0,0.0,0.0,0.0,0.0,0.0
10.0,7.27321366068303,0.0041137648975321,0.0041137648994008,0.99999153843484,0.9999915384348392,49.41353375621051,0.0,49.97201666611473,0.0,45.595016699490095,0.0,45.30154573913036,0.0,0.0,0.0,0.0,0.0,0.0,0.0
10.0,7.27346367318366,0.0041138193821081,0.0041138193839775,0.9999915382107,0.9999915382107,49.41353373525676,0.0,49.972016224092926,0.0,45.5950166941449,0.0,45.30154564518319,0.0,0.0,0.0,0.0,0.0,0.0,0.0
10.0,7.273713685684279,0.0041138738677539,0.004113873869624,0.999991537986554,0.999991537986553,49.41353371430222,0.0,49.97201578205702,0.0,45.595016688799525,0.0,45.30154555123288,0.0,0.0,0.0,0.0,0.0,0.0,0.0
10.0,7.27396369818491,0.0041139283544695,0.0041139283563403,0.999991537762399,0.999991537762399,49.413533693346885,0.0,49.97201534000703,0.0,45.59501668345396,0.0,45.30154545727946,0.0,0.0,0.0,0.0,0.0,0.0,0.0
10.0,7.27421371068553,0.0041139828422549,0.0041139828441263,0.999991537538238,0.999991537538237,49.41353367239078,0.0,49.97201489794295,0.0,45.595016678108216,0.0,45.30154536332289,0.0,0.0,0.0,0.0,0.0,0.0,0.0
10.0,7.27446372318616,0.00411403733111,0.0041140373329821,0.999991537314069,0.999991537314069,49.41353365143388,0.0,49.97201445586478,0.0,45.59501667276227,0.0,45.30154526936319,0.0,0.0,0.0,0.0,0.0,0.0,0.0
10.0,7.27471373568678,0.0041140918210347,0.0041140918229075,0.9999915370898932,0.999991537089892,49.4135336304762,0.0,49.97201401377253,0.0,45.59501666741615,0.0,45.30154517540036,0.0,0.0,0.0,0.0,0.0,0.0,0.0
10.0,7.27496374818741,0.004114146312029,0.0041141463139025,0.9999915368657092,0.9999915368657092,49.41353360951774,0.0,49.97201357166619,0.0,45.59501666206984,0.0,45.301545081434405,0.0,0.0,0.0,0.0,0.0,0.0,0.0
10.0,7.27521376068803,0.0041142008040929,0.004114200805967,0.999991536641518,0.999991536641518,49.413533588558494,0.0,49.972013129545765,0.0,45.59501665672335,0.0,45.301544987465306,0.0,0.0,0.0,0.0,0.0,0.0,0.0
10.0,7.27546377318866,0.0041142552972263,0.0041142552991011,0.99999153641732,0.9999915364173192,49.41353356759848,0.0,49.97201268741126,0.0,45.59501665137666,0.0,45.30154489349308,0.0,0.0,0.0,0.0,0.0,0.0,0.0
10.0,7.27571378568928,0.0041143097914291,0.0041143097933045,0.999991536193114,0.999991536193114,49.41353354663767,0.0,49.97201224526265,0.0,45.5950166460298,0.0,45.301544799517714,0.0,0.0,0.0,0.0,0.0,0.0,0.0
10.0,7.27596379818991,0.0041143642867013,0.0041143642885774,0.999991535968901,0.999991535968901,49.41353352567607,0.0,49.97201180309997,0.0,45.595016640682736,0.0,45.30154470553922,0.0,0.0,0.0,0.0,0.0,0.0,0.0
10.0,7.27621381069053,0.0041144187830428,0.0041144187849196,0.99999153574468,0.99999153574468,49.413533504713705,0.0,49.97201136092319,0.0,45.5950166353355,0.0,45.3015446115576,0.0,0.0,0.0,0.0,0.0,0.0,0.0
10.0,7.27646382319116,0.0041144732804537,0.0041144732823311,0.9999915355204532,0.999991535520452,49.41353348375054,0.0,49.97201091873233,0.0,45.59501662998807,0.0,45.30154451757284,0.0,0.0,0.0,0.0,0.0,0.0,0.0
10.0,7.27671383569178,0.0041145277789338,0.0041145277808119,0.999991535296217,0.999991535296217,49.4135334627866,0.0,49.97201047652738,0.0,45.59501662464046,0.0,45.30154442358496,0.0,0.0,0.0,0.0,0.0,0.0,0.0
10.0,7.27696384819241,0.0041145822784831,0.0041145822803618,0.999991535071975,0.999991535071974,49.41353344182188,0.0,49.97201003430834,0.0,45.59501661929266,0.0,45.30154432959394,0.0,0.0,0.0,0.0,0.0,0.0,0.0
10.0,7.27721386069303,0.0041146367791015,0.0041146367809809,0.999991534847725,0.999991534847724,49.41353342085638,0.0,49.97200959207523,0.0,45.59501661394467,0.0,45.30154423559979,0.0,0.0,0.0,0.0,0.0,0.0,0.0
10.0,7.27746387319366,0.004114691280789,0.0041146912826691,0.999991534623468,0.999991534623467,49.413533399890106,0.0,49.97200914982802,0.0,45.5950166085965,0.0,45.3015441416025,0.0,0.0,0.0,0.0,0.0,0.0,0.0
10.0,7.27771388569428,0.0041147457835455,0.0041147457854263,0.999991534399203,0.999991534399202,49.41353337892303,0.0,49.97200870756673,0.0,45.59501660324813,0.0,45.301544047602086,0.0,0.0,0.0,0.0,0.0,0.0,0.0
10.0,7.27796389819491,0.0041148002873711,0.0041148002892525,0.9999915341749313,0.99999153417493,49.41353335795519,0.0,49.97200826529136,0.0,45.59501659789959,0.0,45.30154395359854,0.0,0.0,0.0,0.0,0.0,0.0,0.0
10.0,7.27821391069554,0.0041148547922655,0.0041148547941476,0.999991533950652,0.9999915339506508,49.41353333698656,0.0,49.97200782300189,0.0,45.595016592550856,0.0,45.30154385959185,0.0,0.0,0.0,0.0,0.0,0.0,0.0
10.0,7.278463923196161,0.0041149092982289,0.0041149093001116,0.999991533726365,0.999991533726364,49.41353331601715,0.0,49.97200738069834,0.0,45.59501658720194,0.0,45.30154376558204,0.0,0.0,0.0,0.0,0.0,0.0,0.0
10.0,7.27871393569678,0.0041149638052611,0.0041149638071445,0.99999153350207,0.99999153350207,49.41353329504696,0.0,49.9720069383807,0.0,45.59501658185284,0.0,45.30154367156909,0.0,0.0,0.0,0.0,0.0,0.0,0.0
10.0,7.27896394819741,0.0041150183133621,0.0041150183152461,0.999991533277769,0.999991533277768,49.413533274076,0.0,49.97200649604899,0.0,45.59501657650354,0.0,45.30154357755302,0.0,0.0,0.0,0.0,0.0,0.0,0.0
10.0,7.27921396069803,0.0041150728225318,0.0041150728244165,0.99999153305346,0.999991533053459,49.41353325310424,0.0,49.972006053703176,0.0,45.59501657115406,0.0,45.301543483533806,0.0,0.0,0.0,0.0,0.0,0.0,0.0
10.0,7.27946397319866,0.0041151273327702,0.0041151273346555,0.999991532829144,0.999991532829143,49.413533232131705,0.0,49.972005611343285,0.0,45.5950165658044,0.0,45.30154338951146,0.0,0.0,0.0,0.0,0.0,0.0,0.0
10.0,7.27971398569929,0.0041151818440772,0.0041151818459632,0.99999153260482,0.99999153260482,49.4135332111584,0.0,49.97200516896931,0.0,45.59501656045455,0.0,45.301543295486,0.0,0.0,0.0,0.0,0.0,0.0,0.0
10.0,7.27996399819991,0.0041152363564529,0.0041152363583395,0.999991532380489,0.999991532380489,49.41353319018431,0.0,49.97200472658125,0.0,45.59501655510452,0.0,45.30154320145739,0.0,0.0,0.0,0.0,0.0,0.0,0.0
10.0,7.28021401070053,0.004115290869897,0.0041152908717843,0.999991532156151,0.99999153215615,49.41353316920944,0.0,49.97200428417911,0.0,45.59501654975429,0.0,45.30154310742565,0.0,0.0,0.0,0.0,0.0,0.0,0.0
10.0,7.28046402320116,0.0041153453844096,0.0041153453862975,0.999991531931805,0.999991531931805,49.41353314823378,0.0,49.97200384176288,0.0,45.59501654440388,0.0,45.30154301339078,0.0,0.0,0.0,0.0,0.0,0.0,0.0
10.0,7.28071403570179,0.0041153998999907,0.0041153999018792,0.999991531707452,0.9999915317074513,49.41353312725736,0.0,49.97200339933256,0.0,45.59501653905328,0.0,45.30154291935278,0.0,0.0,0.0,0.0,0.0,0.0,0.0
10.0,7.28096404820241,0.0041154544166401,0.0041154544185293,0.9999915314830908,0.9999915314830908,49.41353310628015,0.0,49.97200295688816,0.0,45.595016533702506,0.0,45.30154282531164,0.0,0.0,0.0,0.0,0.0,0.0,0.0
10.0,7.28121406070304,0.0041155089343579,0.0041155089362477,0.999991531258723,0.999991531258723,49.41353308530216,0.0,49.97200251442968,0.0,45.59501652835153,0.0,45.30154273126738,0.0,0.0,0.0,0.0,0.0,0.0,0.0
10.0,7.28146407320366,0.004115563453144,0.0041155634550344,0.999991531034348,0.999991531034348,49.4135330643234,0.0,49.9720020719571,0.0,45.595016523000375,0.0,45.30154263721998,0.0,0.0,0.0,0.0,0.0,0.0,0.0
10.0,7.28171408570428,0.0041156179729982,0.0041156179748893,0.999991530809966,0.999991530809965,49.41353304334385,0.0,49.972001629470455,0.0,45.59501651764904,0.0,45.301542543169454,0.0,0.0,0.0,0.0,0.0,0.0,0.0
10.0,7.28196409820491,0.0041156724939207,0.0041156724958124,0.999991530585576,0.999991530585575,49.41353302236353,0.0,49.97200118696971,0.0,45.59501651229751,0.0,45.301542449115786,0.0,0.0,0.0,0.0,0.0,0.0,0.0
10.0,7.28221411070554,0.0041157270159113,0.0041157270178036,0.999991530361178,0.999991530361178,49.41353300138242,0.0,49.97200074445489,0.0,45.5950165069458,0.0,45.301542355059006,0.0,0.0,0.0,0.0,0.0,0.0,0.0
10.0,7.28246412320616,0.0041157815389699,0.0041157815408629,0.9999915301367728,0.9999915301367728,49.41353298040055,0.0,49.97200030192599,0.0,45.595016501593896,0.0,45.30154226099907,0.0,0.0,0.0,0.0,0.0,0.0,0.0
10.0,7.28271413570678,0.0041158360630966,0.0041158360649902,0.999991529912361,0.999991529912361,49.413532959417886,0.0,49.971999859383,0.0,45.59501649624181,0.0,45.30154216693602,0.0,0.0,0.0,0.0,0.0,0.0,0.0
10.0,7.28296414820741,0.0041158905882912,0.0041158905901855,0.999991529687942,0.999991529687941,49.41353293843444,0.0,49.97199941682593,0.0,45.59501649088954,0.0,45.30154207286983,0.0,0.0,0.0,0.0,0.0,0.0,0.0
10.0,7.28321416070804,0.0041159451145538,0.0041159451164487,0.999991529463515,0.999991529463515,49.41353291745023,0.0,49.97199897425477,0.0,45.59501648553707,0.0,45.3015419788005,0.0,0.0,0.0,0.0,0.0,0.0,0.0
10.0,7.28346417320866,0.0041159996418842,0.0041159996437797,0.9999915292390807,0.9999915292390807,49.41353289646524,0.0,49.971998531669534,0.0,45.595016480184434,0.0,45.30154188472805,0.0,0.0,0.0,0.0,0.0,0.0,0.0
10.0,7.28371418570929,0.0041160541702825,0.0041160541721786,0.99999152901464,0.999991529014639,49.41353287547947,0.0,49.971998089070205,0.0,45.5950164748316,0.0,45.30154179065247,0.0,0.0,0.0,0.0,0.0,0.0,0.0
10.0,7.283964198209911,0.0041161086997485,0.0041161087016453,0.99999152879019,0.99999152879019,49.413532854492914,0.0,49.971997646456806,0.0,45.59501646947858,0.0,45.30154169657375,0.0,0.0,0.0,0.0,0.0,0.0,0.0
10.0,7.28421421071053,0.0041161632302822,0.0041161632321797,0.999991528565734,0.999991528565734,49.41353283350559,0.0,49.97199720382931,0.0,45.59501646412538,0.0,45.3015416024919,0.0,0.0,0.0,0.0,0.0,0.0,0.0
10.0,7.28446422321116,0.0041162177618837,0.0041162177637817,0.99999152834127,0.99999152834127,49.41353281251749,0.0,49.97199676118774,0.0,45.595016458772,0.0,45.30154150840692,0.0,0.0,0.0,0.0,0.0,0.0,0.0
10.0,7.28471423571179,0.0041162722945527,0.0041162722964514,0.9999915281168,0.999991528116799,49.41353279152861,0.0,49.97199631853209,0.0,45.59501645341841,0.0,45.301541414318805,0.0,0.0,0.0,0.0,0.0,0.0,0.0
10.0,7.28496424821241,0.0041163268282893,0.0041163268301886,0.999991527892321,0.999991527892321,49.41353277053896,0.0,49.97199587586235,0.0,45.59501644806465,0.0,45.30154132022757,0.0,0.0,0.0,0.0,0.0,0.0,0.0
10.0,7.28521426071304,0.0041163813630934,0.0041163813649933,0.9999915276678348,0.9999915276678348,49.41353274954852,0.0,49.97199543317853,0.0,45.59501644271069,0.0,45.30154122613319,0.0,0.0,0.0,0.0,0.0,0.0,0.0
10.0,7.28546427321366,0.004116435898965,0.0041164359008655,0.999991527443342,0.999991527443342,49.413532728557314,0.0,49.971994990480624,0.0,45.59501643735656,0.0,45.30154113203568,0.0,0.0,0.0,0.0,0.0,0.0,0.0
10.0,7.28571428571428,0.004116490435904,0.0041164904378051,0.999991527218842,0.999991527218841,49.41353270756533,0.0,49.97199454776864,0.0,45.59501643200223,0.0,45.301541037935046,0.0,0.0,0.0,0.0,0.0,0.0,0.0
10.0,7.28596429821491,0.0041165449739104,0.0041165449758121,0.999991526994334,0.999991526994333,49.413532686572566,0.0,49.97199410504257,0.0,45.595016426647724,0.0,45.30154094383128,0.0,0.0,0.0,0.0,0.0,0.0,0.0
10.0,7.28621431071554,0.004116599512984,0.0041165995148864,0.999991526769819,0.999991526769818,49.41353266557903,0.0,49.97199366230242,0.0,45.59501642129303,0.0,45.30154084972437,0.0,0.0,0.0,0.0,0.0,0.0,0.0
10.0,7.28646432321616,0.004116654053125,0.0041166540550279,0.999991526545296,0.9999915265452952,49.41353264458472,0.0,49.97199321954819,0.0,45.59501641593815,0.0,45.30154075561433,0.0,0.0,0.0,0.0,0.0,0.0,0.0
10.0,7.28671433571679,0.0041167085943331,0.0041167085962367,0.999991526320766,0.999991526320765,49.41353262358963,0.0,49.97199277677986,0.0,45.595016410583085,0.0,45.30154066150117,0.0,0.0,0.0,0.0,0.0,0.0,0.0
10.0,7.28696434821741,0.0041167631366084,0.0041167631385126,0.9999915260962288,0.999991526096228,49.41353260259376,0.0,49.97199233399747,0.0,45.59501640522783,0.0,45.30154056738487,0.0,0.0,0.0,0.0,0.0,0.0,0.0
10.0,7.287214360718039,0.0041168176799508,0.0041168176818557,0.999991525871684,0.999991525871683,49.41353258159713,0.0,49.97199189120099,0.0,45.59501639987239,0.0,45.30154047326544,0.0,0.0,0.0,0.0,0.0,0.0,0.0
10.0,7.28746437321866,0.0041168722243603,0.0041168722262657,0.999991525647132,0.999991525647131,49.41353256059971,0.0,49.97199144839043,0.0,45.59501639451676,0.0,45.30154037914287,0.0,0.0,0.0,0.0,0.0,0.0,0.0
10.0,7.28771438571929,0.0041169267698368,0.0041169267717428,0.999991525422572,0.999991525422572,49.413532539601526,0.0,49.97199100556579,0.0,45.59501638916095,0.0,45.30154028501718,0.0,0.0,0.0,0.0,0.0,0.0,0.0
10.0,7.28796439821991,0.0041169813163802,0.0041169813182869,0.999991525198005,0.999991525198005,49.413532518602565,0.0,49.971990562727065,0.0,45.59501638380495,0.0,45.30154019088835,0.0,0.0,0.0,0.0,0.0,0.0,0.0
10.0,7.28821441072053,0.0041170358639906,0.0041170358658978,0.9999915249734312,0.9999915249734312,49.413532497602816,0.0,49.97199011987426,0.0,45.59501637844876,0.0,45.301540096756405,0.0,0.0,0.0,0.0,0.0,0.0,0.0
10.0,7.28846442322116,0.0041170904126678,0.0041170904145757,0.99999152474885,0.999991524748849,49.41353247660231,0.0,49.97198967700737,0.0,45.59501637309239,0.0,45.30154000262131,0.0,0.0,0.0,0.0,0.0,0.0,0.0
10.0,7.28871443572179,0.0041171449624118,0.0041171449643203,0.9999915245242608,0.99999152452426,49.41353245560102,0.0,49.9719892341264,0.0,45.59501636773583,0.0,45.30153990848309,0.0,0.0,0.0,0.0,0.0,0.0,0.0
10.0,7.28896444822241,0.0041171995132226,0.0041171995151317,0.999991524299664,0.999991524299664,49.41353243459896,0.0,49.97198879123136,0.0,45.59501636237909,0.0,45.30153981434174,0.0,0.0,0.0,0.0,0.0,0.0,0.0
10.0,7.28921446072304,0.0041172540651001,0.0041172540670097,0.999991524075061,0.99999152407506,49.41353241359613,0.0,49.97198834832224,0.0,45.59501635702215,0.0,45.30153972019726,0.0,0.0,0.0,0.0,0.0,0.0,0.0
10.0,7.289464473223659,0.0041173086180442,0.0041173086199545,0.99999152385045,0.9999915238504492,49.41353239259252,0.0,49.97198790539902,0.0,45.59501635166504,0.0,45.30153962604964,0.0,0.0,0.0,0.0,0.0,0.0,0.0
10.0,7.28971448572429,0.0041173631720549,0.0041173631739658,0.9999915236258308,0.9999915236258308,49.41353237158814,0.0,49.97198746246172,0.0,45.59501634630773,0.0,45.3015395318989,0.0,0.0,0.0,0.0,0.0,0.0,0.0
10.0,7.28996449822491,0.0041174177271322,0.0041174177290437,0.999991523401205,0.999991523401205,49.41353235058298,0.0,49.97198701951035,0.0,45.595016340950245,0.0,45.30153943774502,0.0,0.0,0.0,0.0,0.0,0.0,0.0
10.0,7.29021451072554,0.004117472283276,0.004117472285188,0.999991523176572,0.999991523176572,49.41353232957705,0.0,49.9719865765449,0.0,45.59501633559256,0.0,45.30153934358802,0.0,0.0,0.0,0.0,0.0,0.0,0.0
10.0,7.29046452322616,0.0041175268404862,0.0041175268423989,0.999991522951932,0.999991522951931,49.41353230857035,0.0,49.971986133565366,0.0,45.59501633023471,0.0,45.30153924942787,0.0,0.0,0.0,0.0,0.0,0.0,0.0
10.0,7.29071453572679,0.0041175813987628,0.0041175814006761,0.999991522727284,0.999991522727283,49.41353228756288,0.0,49.97198569057175,0.0,45.59501632487665,0.0,45.30153915526459,0.0,0.0,0.0,0.0,0.0,0.0,0.0
10.0,7.29096454822741,0.0041176359581058,0.0041176359600197,0.999991522502629,0.999991522502628,49.41353226655464,0.0,49.971985247564064,0.0,45.595016319518415,0.0,45.30153906109819,0.0,0.0,0.0,0.0,0.0,0.0,0.0
10.0,7.29121456072804,0.0041176905185151,0.0041176905204295,0.999991522277966,0.999991522277965,49.413532245545625,0.0,49.97198480454229,0.0,45.59501631416,0.0,45.30153896692865,0.0,0.0,0.0,0.0,0.0,0.0,0.0
10.0,7.29146457322866,0.0041177450799906,0.0041177450819057,0.999991522053296,0.999991522053295,49.41353222453581,0.0,49.97198436150644,0.0,45.59501630880138,0.0,45.301538872755984,0.0,0.0,0.0,0.0,0.0,0.0,0.0
10.0,7.29171458572929,0.0041177996425324,0.004117799644448,0.999991521828619,0.999991521828618,49.41353220352526,0.0,49.971983918456495,0.0,45.59501630344258,0.0,45.30153877858018,0.0,0.0,0.0,0.0,0.0,0.0,0.0
10.0,7.29196459822991,0.0041178542061402,0.0041178542080564,0.999991521603934,0.9999915216039332,49.413532182513926,0.0,49.97198347539248,0.0,45.59501629808361,0.0,45.30153868440125,0.0,0.0,0.0,0.0,0.0,0.0,0.0
10.0,7.29221461073054,0.0041179087708142,0.004117908772731,0.999991521379242,0.999991521379242,49.41353216150182,0.0,49.97198303231439,0.0,45.595016292724445,0.0,45.3015385902192,0.0,0.0,0.0,0.0,0.0,0.0,0.0
10.0,7.29246462323116,0.0041179633365542,0.0041179633384716,0.999991521154542,0.999991521154542,49.41353214048894,0.0,49.97198258922222,0.0,45.59501628736509,0.0,45.301538496034,0.0,0.0,0.0,0.0,0.0,0.0,0.0
10.0,7.29271463573179,0.0041180179033602,0.0041180179052782,0.999991520929836,0.9999915209298352,49.41353211947528,0.0,49.97198214611597,0.0,45.595016282005545,0.0,45.30153840184568,0.0,0.0,0.0,0.0,0.0,0.0,0.0
10.0,7.29296464823241,0.0041180724712322,0.0041180724731507,0.999991520705121,0.999991520705121,49.413532098460855,0.0,49.97198170299564,0.0,45.59501627664582,0.0,45.30153830765421,0.0,0.0,0.0,0.0,0.0,0.0,0.0
10.0,7.29321466073304,0.00411812704017,0.0041181270420891,0.9999915204804,0.999991520480399,49.41353207744566,0.0,49.97198125986122,0.0,45.59501627128591,0.0,45.30153821345963,0.0,0.0,0.0,0.0,0.0,0.0,0.0
10.0,7.29346467323366,0.0041181816101737,0.0041181816120934,0.999991520255671,0.99999152025567,49.4135320564297,0.0,49.97198081671274,0.0,45.59501626592581,0.0,45.30153811926191,0.0,0.0,0.0,0.0,0.0,0.0,0.0
10.0,7.29371468573429,0.0041182361812432,0.0041182361831635,0.999991520030934,0.999991520030934,49.41353203541296,0.0,49.97198037355017,0.0,45.59501626056552,0.0,45.301538025061056,0.0,0.0,0.0,0.0,0.0,0.0,0.0
10.0,7.29396469823491,0.0041182907533784,0.0041182907552993,0.999991519806191,0.99999151980619,49.41353201439545,0.0,49.97197993037352,0.0,45.59501625520505,0.0,45.30153793085708,0.0,0.0,0.0,0.0,0.0,0.0,0.0
10.0,7.29421471073554,0.0041183453265793,0.0041183453285007,0.99999151958144,0.999991519581439,49.41353199337718,0.0,49.97197948718279,0.0,45.59501624984439,0.0,45.30153783664996,0.0,0.0,0.0,0.0,0.0,0.0,0.0
10.0,7.29446472323616,0.0041183999008459,0.0041183999027679,0.999991519356682,0.9999915193566808,49.41353197235812,0.0,49.97197904397799,0.0,45.59501624448355,0.0,45.30153774243971,0.0,0.0,0.0,0.0,0.0,0.0,0.0
10.0,7.29471473573679,0.004118454476178,0.0041184544781006,0.999991519131916,0.999991519131915,49.41353195133831,0.0,49.9719786007591,0.0,45.59501623912252,0.0,45.301537648226336,0.0,0.0,0.0,0.0,0.0,0.0,0.0
10.0,7.29496474823741,0.0041185090525757,0.0041185090544988,0.999991518907142,0.999991518907142,49.41353193031772,0.0,49.97197815752613,0.0,45.5950162337613,0.0,45.30153755400983,0.0,0.0,0.0,0.0,0.0,0.0,0.0
10.0,7.29521476073804,0.0041185636300388,0.0041185636319626,0.999991518682362,0.999991518682361,49.41353190929636,0.0,49.9719777142791,0.0,45.5950162283999,0.0,45.30153745979019,0.0,0.0,0.0,0.0,0.0,0.0,0.0
10.0,7.29546477323866,0.0041186182085674,0.0041186182104917,0.999991518457574,0.999991518457574,49.41353188827423,0.0,49.971977271017984,0.0,45.59501622303831,0.0,45.30153736556743,0.0,0.0,0.0,0.0,0.0,0.0,0.0
10.0,7.29571478573929,0.0041186727881614,0.0041186727900863,0.9999915182327788,0.999991518232778,49.41353186725133,0.0,49.97197682774278,0.0,45.59501621767653,0.0,45.30153727134152,0.0,0.0,0.0,0.0,0.0,0.0,0.0
10.0,7.29596479823991,0.0041187273688207,0.0041187273707462,0.999991518007976,0.999991518007976,49.41353184622766,0.0,49.97197638445351,0.0,45.59501621231456,0.0,45.30153717711248,0.0,0.0,0.0,0.0,0.0,0.0,0.0
10.0,7.29621481074054,0.0041187819505453,0.0041187819524713,0.999991517783166,0.999991517783166,49.41353182520323,0.0,49.97197594115016,0.0,45.595016206952415,0.0,45.30153708288032,0.0,0.0,0.0,0.0,0.0,0.0,0.0
10.0,7.29646482324116,0.0041188365333352,0.0041188365352617,0.9999915175583493,0.999991517558348,49.41353180417802,0.0,49.97197549783272,0.0,45.59501620159008,0.0,45.30153698864503,0.0,0.0,0.0,0.0,0.0,0.0,0.0
10.0,7.29671483574179,0.0041188911171902,0.0041188911191173,0.999991517333524,0.999991517333524,49.413531783152045,0.0,49.97197505450121,0.0,45.59501619622756,0.0,45.3015368944066,0.0,0.0,0.0,0.0,0.0,0.0,0.0
10.0,7.29696484824241,0.0041189457021104,0.004118945704038,0.999991517108692,0.999991517108692,49.4135317621253,0.0,49.97197461115563,0.0,45.59501619086485,0.0,45.30153680016503,0.0,0.0,0.0,0.0,0.0,0.0,0.0
10.0,7.29721486074304,0.0041190002880956,0.0041190002900238,0.999991516883853,0.999991516883852,49.413531741097785,0.0,49.97197416779596,0.0,45.595016185501954,0.0,45.30153670592035,0.0,0.0,0.0,0.0,0.0,0.0,0.0
10.0,7.29746487324366,0.0041190548751459,0.0041190548770747,0.999991516659006,0.999991516659005,49.41353172006951,0.0,49.97197372442223,0.0,45.59501618013888,0.0,45.30153661167252,0.0,0.0,0.0,0.0,0.0,0.0,0.0
10.0,7.29771488574429,0.0041191094632611,0.0041191094651905,0.999991516434152,0.9999915164341512,49.41353169904046,0.0,49.9719732810344,0.0,45.59501617477561,0.0,45.30153651742157,0.0,0.0,0.0,0.0,0.0,0.0,0.0
10.0,7.29796489824491,0.0041191640524413,0.0041191640543712,0.9999915162092902,0.999991516209289,49.41353167801064,0.0,49.971972837632514,0.0,45.59501616941216,0.0,45.30153642316749,0.0,0.0,0.0,0.0,0.0,0.0,0.0
10.0,7.29821491074554,0.0041192186426863,0.0041192186446168,0.999991515984421,0.99999151598442,49.413531656980055,0.0,49.971972394216536,0.0,45.59501616404852,0.0,45.30153632891027,0.0,0.0,0.0,0.0,0.0,0.0,0.0
10.0,7.29846492324616,0.0041192732339962,0.0041192732359273,0.999991515759545,0.999991515759544,49.4135316359487,0.0,49.97197195078649,0.0,45.595016158684686,0.0,45.30153623464992,0.0,0.0,0.0,0.0,0.0,0.0,0.0
10.0,7.29871493574679,0.0041193278263709,0.0041193278283025,0.999991515534661,0.99999151553466,49.413531614916586,0.0,49.97197150734236,0.0,45.59501615332067,0.0,45.301536140386446,0.0,0.0,0.0,0.0,0.0,0.0,0.0
10.0,7.29896494824741,0.0041193824198103,0.0041193824217424,0.9999915153097702,0.9999915153097702,49.4135315938837,0.0,49.97197106388416,0.0,45.59501614795648,0.0,45.30153604611984,0.0,0.0,0.0,0.0,0.0,0.0,0.0
10.0,7.29921496074804,0.0041194370143143,0.004119437016247,0.999991515084872,0.999991515084871,49.41353157285004,0.0,49.971970620411874,0.0,45.595016142592094,0.0,45.30153595185009,0.0,0.0,0.0,0.0,0.0,0.0,0.0
10.0,7.29946497324866,0.004119491609883,0.0041194916118163,0.999991514859966,0.999991514859965,49.413531551815616,0.0,49.97197017692552,0.0,45.59501613722752,0.0,45.30153585757722,0.0,0.0,0.0,0.0,0.0,0.0,0.0
10.0,7.299714985749291,0.0041195462065163,0.0041195462084501,0.999991514635053,0.999991514635052,49.41353153078043,0.0,49.97196973342509,0.0,45.59501613186276,0.0,45.30153576330122,0.0,0.0,0.0,0.0,0.0,0.0,0.0
10.0,7.29996499824991,0.0041196008042141,0.0041196008061484,0.999991514410132,0.999991514410132,49.41353150974447,0.0,49.971969289910575,0.0,45.59501612649781,0.0,45.30153566902209,0.0,0.0,0.0,0.0,0.0,0.0,0.0
10.0,7.30021501075054,0.0041196554029764,0.0041196554049112,0.999991514185204,0.999991514185204,49.41353148870775,0.0,49.97196884638199,0.0,45.59501612113268,0.0,45.301535574739816,0.0,0.0,0.0,0.0,0.0,0.0,0.0
10.0,7.30046502325116,0.004119710002803,0.0041197100047385,0.999991513960269,0.999991513960269,49.41353146767026,0.0,49.97196840283933,0.0,45.595016115767365,0.0,45.30153548045442,0.0,0.0,0.0,0.0,0.0,0.0,0.0
10.0,7.30071503575179,0.0041197646036941,0.0041197646056301,0.999991513735327,0.999991513735326,49.413531446632,0.0,49.971967959282594,0.0,45.59501611040186,0.0,45.301535386165895,0.0,0.0,0.0,0.0,0.0,0.0,0.0
10.0,7.30096504825241,0.0041198192056495,0.004119819207586,0.999991513510376,0.999991513510376,49.413531425592986,0.0,49.97196751571178,0.0,45.595016105036166,0.0,45.30153529187423,0.0,0.0,0.0,0.0,0.0,0.0,0.0
10.0,7.30121506075304,0.0041198738086691,0.0041198738106062,0.999991513285419,0.999991513285419,49.4135314045532,0.0,49.971967072126894,0.0,45.595016099670296,0.0,45.30153519757945,0.0,0.0,0.0,0.0,0.0,0.0,0.0
10.0,7.30146507325366,0.004119928412753,0.0041199284146906,0.9999915130604548,0.999991513060454,49.41353138351264,0.0,49.97196662852792,0.0,45.59501609430423,0.0,45.30153510328152,0.0,0.0,0.0,0.0,0.0,0.0,0.0
10.0,7.30171508575429,0.0041199830179011,0.0041199830198392,0.9999915128354822,0.9999915128354822,49.41353136247132,0.0,49.97196618491489,0.0,45.59501608893798,0.0,45.30153500898047,0.0,0.0,0.0,0.0,0.0,0.0,0.0
10.0,7.301965098254911,0.0041200376241132,0.0041200376260519,0.999991512610503,0.999991512610503,49.413531341429234,0.0,49.971965741287775,0.0,45.59501608357154,0.0,45.30153491467629,0.0,0.0,0.0,0.0,0.0,0.0,0.0
10.0,7.30221511075554,0.0041200922313895,0.0041200922333287,0.999991512385516,0.999991512385516,49.41353132038639,0.0,49.97196529764658,0.0,45.59501607820493,0.0,45.30153482036897,0.0,0.0,0.0,0.0,0.0,0.0,0.0
10.0,7.30246512325616,0.0041201468397297,0.0041201468416695,0.999991512160522,0.999991512160522,49.41353129934277,0.0,49.97196485399131,0.0,45.59501607283811,0.0,45.30153472605853,0.0,0.0,0.0,0.0,0.0,0.0,0.0
10.0,7.30271513575679,0.0041202014491339,0.0041202014510742,0.999991511935521,0.99999151193552,49.41353127829839,0.0,49.97196441032197,0.0,45.59501606747112,0.0,45.30153463174496,0.0,0.0,0.0,0.0,0.0,0.0,0.0
10.0,7.30296514825741,0.0041202560596021,0.0041202560615429,0.9999915117105108,0.9999915117105108,49.41353125725325,0.0,49.97196396663856,0.0,45.59501606210394,0.0,45.30153453742824,0.0,0.0,0.0,0.0,0.0,0.0,0.0
10.0,7.30321516075804,0.0041203106711341,0.0041203106730754,0.999991511485495,0.999991511485495,49.41353123620733,0.0,49.97196352294107,0.0,45.59501605673657,0.0,45.3015344431084,0.0,0.0,0.0,0.0,0.0,0.0,0.0
10.0,7.30346517325866,0.0041203652837299,0.0041203652856718,0.999991511260472,0.999991511260471,49.41353121516067,0.0,49.9719630792295,0.0,45.59501605136902,0.0,45.301534348785424,0.0,0.0,0.0,0.0,0.0,0.0,0.0
10.0,7.30371518575929,0.0041204198973895,0.0041204198993319,0.999991511035441,0.99999151103544,49.413531194113226,0.0,49.97196263550386,0.0,45.59501604600128,0.0,45.30153425445933,0.0,0.0,0.0,0.0,0.0,0.0,0.0
10.0,7.30396519825991,0.0041204745121128,0.0041204745140557,0.999991510810402,0.999991510810402,49.413531173065024,0.0,49.97196219176415,0.0,45.59501604063336,0.0,45.3015341601301,0.0,0.0,0.0,0.0,0.0,0.0,0.0
10.0,7.30421521076054,0.0041205291278997,0.0041205291298432,0.999991510585356,0.999991510585356,49.413531152016056,0.0,49.97196174801036,0.0,45.59501603526524,0.0,45.30153406579774,0.0,0.0,0.0,0.0,0.0,0.0,0.0
10.0,7.30446522326116,0.0041205837447503,0.0041205837466943,0.999991510360304,0.999991510360303,49.41353113096633,0.0,49.97196130424248,0.0,45.59501602989694,0.0,45.30153397146224,0.0,0.0,0.0,0.0,0.0,0.0,0.0
10.0,7.30471523576179,0.0041206383626644,0.0041206383646089,0.999991510135243,0.999991510135243,49.41353110991583,0.0,49.97196086046055,0.0,45.595016024528455,0.0,45.30153387712362,0.0,0.0,0.0,0.0,0.0,0.0,0.0
10.0,7.30496524826241,0.0041206929816421,0.0041206929835871,0.999991509910175,0.999991509910175,49.41353108886457,0.0,49.971960416664544,0.0,45.59501601915978,0.0,45.30153378278186,0.0,0.0,0.0,0.0,0.0,0.0,0.0
10.0,7.305215260763039,0.0041207476016832,0.0041207476036287,0.9999915096851,0.9999915096851,49.41353106781256,0.0,49.97195997285446,0.0,45.59501601379093,0.0,45.301533688436976,0.0,0.0,0.0,0.0,0.0,0.0,0.0
10.0,7.30546527326366,0.0041208022227877,0.0041208022247338,0.999991509460017,0.999991509460017,49.41353104675977,0.0,49.97195952903029,0.0,45.59501600842188,0.0,45.30153359408896,0.0,0.0,0.0,0.0,0.0,0.0,0.0
10.0,7.30571528576429,0.0041208568449556,0.0041208568469022,0.999991509234927,0.999991509234927,49.41353102570623,0.0,49.97195908519206,0.0,45.59501600305265,0.0,45.30153349973781,0.0,0.0,0.0,0.0,0.0,0.0,0.0
10.0,7.30596529826491,0.0041209114681868,0.0041209114701339,0.99999150900983,0.99999150900983,49.41353100465192,0.0,49.97195864133976,0.0,45.595015997683234,0.0,45.30153340538352,0.0,0.0,0.0,0.0,0.0,0.0,0.0
10.0,7.30621531076554,0.0041209660924812,0.0041209660944288,0.999991508784726,0.999991508784725,49.41353098359684,0.0,49.97195819747337,0.0,45.59501599231363,0.0,45.30153331102611,0.0,0.0,0.0,0.0,0.0,0.0,0.0
10.0,7.30646532326616,0.0041210207178389,0.004121020719787,0.999991508559613,0.999991508559613,49.41353096254101,0.0,49.97195775359292,0.0,45.59501598694384,0.0,45.301533216665575,0.0,0.0,0.0,0.0,0.0,0.0,0.0
10.0,7.30671533576679,0.0041210753442597,0.0041210753462083,0.999991508334494,0.999991508334494,49.41353094148441,0.0,49.9719573096984,0.0,45.59501598157386,0.0,45.30153312230191,0.0,0.0,0.0,0.0,0.0,0.0,0.0
10.0,7.30696534826741,0.0041211299717436,0.0041211299736927,0.999991508109367,0.999991508109367,49.41353092042705,0.0,49.9719568657898,0.0,45.5950159762037,0.0,45.3015330279351,0.0,0.0,0.0,0.0,0.0,0.0,0.0
10.0,7.30721536076804,0.0041211846002906,0.0041211846022402,0.999991507884233,0.999991507884233,49.413530899368936,0.0,49.97195642186712,0.0,45.595015970833344,0.0,45.30153293356516,0.0,0.0,0.0,0.0,0.0,0.0,0.0
10.0,7.307465373268661,0.0041212392299005,0.0041212392318507,0.999991507659092,0.999991507659092,49.413530878310056,0.0,49.97195597793038,0.0,45.59501596546281,0.0,45.3015328391921,0.0,0.0,0.0,0.0,0.0,0.0,0.0
10.0,7.30771538576929,0.0041212938605735,0.0041212938625242,0.999991507433943,0.999991507433942,49.41353085725041,0.0,49.97195553397955,0.0,45.59501596009209,0.0,45.3015327448159,0.0,0.0,0.0,0.0,0.0,0.0,0.0
10.0,7.30796539826991,0.0041213484923093,0.0041213484942605,0.999991507208787,0.999991507208786,49.41353083619,0.0,49.97195509001466,0.0,45.59501595472118,0.0,45.30153265043658,0.0,0.0,0.0,0.0,0.0,0.0,0.0
10.0,7.30821541077054,0.004121403125108,0.0041214031270597,0.999991506983623,0.999991506983623,49.41353081512883,0.0,49.97195464603569,0.0,45.595015949350085,0.0,45.30153255605412,0.0,0.0,0.0,0.0,0.0,0.0,0.0
10.0,7.30846542327116,0.0041214577589695,0.0041214577609217,0.999991506758452,0.999991506758452,49.4135307940669,0.0,49.97195420204265,0.0,45.59501594397881,0.0,45.30153246166853,0.0,0.0,0.0,0.0,0.0,0.0,0.0
10.0,7.30871543577179,0.0041215123938938,0.0041215123958465,0.999991506533274,0.9999915065332728,49.41353077300422,0.0,49.97195375803554,0.0,45.59501593860734,0.0,45.30153236727981,0.0,0.0,0.0,0.0,0.0,0.0,0.0
10.0,7.30896544827241,0.0041215670298807,0.0041215670318339,0.999991506308088,0.999991506308088,49.41353075194076,0.0,49.97195331401437,0.0,45.595015933235686,0.0,45.30153227288796,0.0,0.0,0.0,0.0,0.0,0.0,0.0
10.0,7.30921546077304,0.0041216216669303,0.004121621668884,0.9999915060828952,0.9999915060828952,49.41353073087655,0.0,49.97195286997911,0.0,45.59501592786385,0.0,45.30153217849298,0.0,0.0,0.0,0.0,0.0,0.0,0.0
10.0,7.30946547327366,0.0041216763050425,0.0041216763069967,0.999991505857695,0.999991505857694,49.41353070981159,0.0,49.97195242592978,0.0,45.59501592249182,0.0,45.30153208409487,0.0,0.0,0.0,0.0,0.0,0.0,0.0
10.0,7.30971548577429,0.0041217309442173,0.004121730946172,0.999991505632487,0.999991505632487,49.41353068874585,0.0,49.97195198186638,0.0,45.59501591711961,0.0,45.30153198969363,0.0,0.0,0.0,0.0,0.0,0.0,0.0
10.0,7.30996549827491,0.0041217855844545,0.0041217855864097,0.999991505407272,0.999991505407271,49.41353066767937,0.0,49.97195153778892,0.0,45.59501591174721,0.0,45.30153189528925,0.0,0.0,0.0,0.0,0.0,0.0,0.0
10.0,7.31021551077554,0.0041218402257542,0.0041218402277099,0.999991505182049,0.999991505182049,49.41353064661211,0.0,49.97195109369736,0.0,45.59501590637462,0.0,45.30153180088175,0.0,0.0,0.0,0.0,0.0,0.0,0.0
10.0,7.31046552327616,0.0041218948681163,0.0041218948700725,0.999991504956819,0.999991504956819,49.4135306255441,0.0,49.97195064959176,0.0,45.59501590100184,0.0,45.30153170647112,0.0,0.0,0.0,0.0,0.0,0.0,0.0
10.0,7.310715535776789,0.0041219495115408,0.0041219495134974,0.999991504731582,0.999991504731582,49.41353060447533,0.0,49.97195020547206,0.0,45.59501589562889,0.0,45.30153161205735,0.0,0.0,0.0,0.0,0.0,0.0,0.0
10.0,7.31096554827741,0.0041220041560275,0.0041220041579847,0.999991504506337,0.999991504506337,49.4135305834058,0.0,49.97194976133831,0.0,45.59501589025574,0.0,45.301531517640456,0.0,0.0,0.0,0.0,0.0,0.0,0.0
10.0,7.31121556077804,0.0041220588015765,0.0041220588035341,0.999991504281085,0.999991504281085,49.41353056233551,0.0,49.97194931719048,0.0,45.595015884882415,0.0,45.30153142322042,0.0,0.0,0.0,0.0,0.0,0.0,0.0
10.0,7.31146557327866,0.0041221134481877,0.0041221134501458,0.999991504055826,0.999991504055826,49.413530541264464,0.0,49.97194887302857,0.0,45.59501587950889,0.0,45.30153132879726,0.0,0.0,0.0,0.0,0.0,0.0,0.0
10.0,7.31171558577929,0.004122168095861,0.0041221680978196,0.999991503830559,0.999991503830559,49.41353052019266,0.0,49.971948428852606,0.0,45.59501587413519,0.0,45.30153123437097,0.0,0.0,0.0,0.0,0.0,0.0,0.0
10.0,7.31196559827991,0.0041222227445964,0.0041222227465556,0.999991503605285,0.999991503605285,49.413530499120085,0.0,49.97194798466256,0.0,45.5950158687613,0.0,45.30153113994156,0.0,0.0,0.0,0.0,0.0,0.0,0.0
10.0,7.31221561078054,0.0041222773943939,0.0041222773963535,0.999991503380004,0.9999915033800032,49.413530478046766,0.0,49.97194754045846,0.0,45.595015863387225,0.0,45.30153104550901,0.0,0.0,0.0,0.0,0.0,0.0,0.0
10.0,7.31246562328116,0.0041223320452534,0.0041223320472135,0.999991503154715,0.999991503154715,49.41353045697268,0.0,49.97194709624026,0.0,45.59501585801296,0.0,45.301530951073325,0.0,0.0,0.0,0.0,0.0,0.0,0.0
10.0,7.31271563578179,0.0041223866971748,0.0041223866991353,0.9999915029294189,0.999991502929418,49.41353043589784,0.0,49.971946652008,0.0,45.59501585263851,0.0,45.301530856634514,0.0,0.0,0.0,0.0,0.0,0.0,0.0
10.0,7.312965648282409,0.0041224413501581,0.0041224413521191,0.999991502704115,0.999991502704115,49.41353041482224,0.0,49.97194620776169,0.0,45.59501584726387,0.0,45.30153076219257,0.0,0.0,0.0,0.0,0.0,0.0,0.0
10.0,7.31321566078304,0.0041224960042032,0.0041224960061647,0.999991502478804,0.999991502478804,49.41353039374587,0.0,49.97194576350129,0.0,45.59501584188906,0.0,45.3015306677475,0.0,0.0,0.0,0.0,0.0,0.0,0.0
10.0,7.31346567328366,0.0041225506593101,0.0041225506612722,0.999991502253486,0.999991502253486,49.41353037266876,0.0,49.97194531922682,0.0,45.59501583651405,0.0,45.3015305732993,0.0,0.0,0.0,0.0,0.0,0.0,0.0
10.0,7.31371568578429,0.0041226053154788,0.0041226053174413,0.99999150202816,0.99999150202816,49.41353035159089,0.0,49.97194487493829,0.0,45.595015831138845,0.0,45.301530478847965,0.0,0.0,0.0,0.0,0.0,0.0,0.0
10.0,7.31396569828491,0.0041226599727092,0.0041226599746721,0.999991501802827,0.999991501802827,49.413530330512266,0.0,49.97194443063568,0.0,45.59501582576346,0.0,45.30153038439351,0.0,0.0,0.0,0.0,0.0,0.0,0.0
10.0,7.31421571078554,0.0041227146310012,0.0041227146329646,0.999991501577487,0.999991501577487,49.41353030943287,0.0,49.971943986319005,0.0,45.5950158203879,0.0,45.301530289935904,0.0,0.0,0.0,0.0,0.0,0.0,0.0
10.0,7.31446572328616,0.0041227692903548,0.0041227692923187,0.999991501352139,0.999991501352139,49.41353028835273,0.0,49.97194354198825,0.0,45.59501581501215,0.0,45.30153019547518,0.0,0.0,0.0,0.0,0.0,0.0,0.0
10.0,7.31471573578679,0.0041228239507699,0.0041228239527343,0.999991501126784,0.999991501126784,49.413530267271824,0.0,49.97194309764343,0.0,45.5950158096362,0.0,45.30153010101133,0.0,0.0,0.0,0.0,0.0,0.0,0.0
10.0,7.31496574828741,0.0041228786122465,0.0041228786142114,0.999991500901422,0.9999915009014212,49.41353024619017,0.0,49.97194265328455,0.0,45.59501580426008,0.0,45.30153000654434,0.0,0.0,0.0,0.0,0.0,0.0,0.0
10.0,7.31521576078804,0.0041229332747846,0.0041229332767499,0.999991500676052,0.999991500676052,49.41353022510776,0.0,49.9719422089116,0.0,45.595015798883765,0.0,45.30152991207422,0.0,0.0,0.0,0.0,0.0,0.0,0.0
10.0,7.31546577328866,0.004122987938384,0.0041229879403498,0.999991500450675,0.999991500450674,49.41353020402459,0.0,49.971941764524566,0.0,45.59501579350727,0.0,45.30152981760097,0.0,0.0,0.0,0.0,0.0,0.0,0.0
10.0,7.31571578578929,0.0041230426030448,0.0041230426050111,0.99999150022529,0.99999150022529,49.41353018294066,0.0,49.97194132012348,0.0,45.595015788130574,0.0,45.3015297231246,0.0,0.0,0.0,0.0,0.0,0.0,0.0
10.0,7.31596579828991,0.0041230972687668,0.0041230972707336,0.999991499999898,0.999991499999898,49.41353016185598,0.0,49.97194087570831,0.0,45.595015782753705,0.0,45.301529628645085,0.0,0.0,0.0,0.0,0.0,0.0,0.0
10.0,7.31621581079054,0.0041231519355501,0.0041231519375173,0.999991499774499,0.999991499774499,49.41353014077054,0.0,49.97194043127908,0.0,45.59501577737665,0.0,45.30152953416245,0.0,0.0,0.0,0.0,0.0,0.0,0.0
10.0,7.31646582329116,0.0041232066033946,0.0041232066053623,0.999991499549092,0.999991499549092,49.41353011968434,0.0,49.97193998683577,0.0,45.5950157719994,0.0,45.30152943967668,0.0,0.0,0.0,0.0,0.0,0.0,0.0
10.0,7.31671583579179,0.0041232612723002,0.0041232612742684,0.999991499323678,0.999991499323678,49.41353009859739,0.0,49.9719395423784,0.0,45.59501576662198,0.0,45.301529345187774,0.0,0.0,0.0,0.0,0.0,0.0,0.0
10.0,7.31696584829241,0.0041233159422669,0.0041233159442355,0.999991499098257,0.999991499098256,49.41353007750969,0.0,49.97193909790696,0.0,45.59501576124436,0.0,45.30152925069575,0.0,0.0,0.0,0.0,0.0,0.0,0.0
10.0,7.31721586079304,0.0041233706132947,0.0041233706152637,0.999991498872828,0.999991498872828,49.41353005642122,0.0,49.97193865342145,0.0,45.59501575586655,0.0,45.30152915620059,0.0,0.0,0.0,0.0,0.0,0.0,0.0
10.0,7.31746587329367,0.0041234252853834,0.0041234252873529,0.999991498647392,0.999991498647392,49.41353003533201,0.0,49.97193820892187,0.0,45.59501575048856,0.0,45.3015290617023,0.0,0.0,0.0,0.0,0.0,0.0,0.0
10.0,7.31771588579429,0.004123479958533,0.004123479960503,0.999991498421949,0.999991498421948,49.41353001424204,0.0,49.97193776440822,0.0,45.59501574511038,0.0,45.30152896720087,0.0,0.0,0.0,0.0,0.0,0.0,0.0
10.0,7.31796589829491,0.0041235346327436,0.004123534634714,0.999991498196498,0.999991498196497,49.41352999315132,0.0,49.97193731988052,0.0,45.59501573973201,0.0,45.30152887269632,0.0,0.0,0.0,0.0,0.0,0.0,0.0
10.0,7.31821591079554,0.0041235893080149,0.0041235893099858,0.99999149797104,0.999991497971039,49.41352997205984,0.0,49.97193687533873,0.0,45.595015734353474,0.0,45.30152877818864,0.0,0.0,0.0,0.0,0.0,0.0,0.0
10.0,7.318465923296159,0.0041236439843471,0.0041236439863184,0.999991497745574,0.999991497745574,49.4135299509676,0.0,49.97193643078287,0.0,45.59501572897473,0.0,45.30152868367782,0.0,0.0,0.0,0.0,0.0,0.0,0.0
10.0,7.31871593579679,0.0041236986617399,0.0041236986637117,0.999991497520101,0.999991497520101,49.41352992987461,0.0,49.97193598621295,0.0,45.59501572359581,0.0,45.30152858916387,0.0,0.0,0.0,0.0,0.0,0.0,0.0
10.0,7.31896594829742,0.0041237533401935,0.0041237533421657,0.9999914972946212,0.99999149729462,49.41352990878086,0.0,49.971935541628966,0.0,45.5950157182167,0.0,45.3015284946468,0.0,0.0,0.0,0.0,0.0,0.0,0.0
10.0,7.31921596079804,0.0041238080197077,0.0041238080216803,0.999991497069133,0.999991497069133,49.413529887686366,0.0,49.97193509703092,0.0,45.59501571283741,0.0,45.3015284001266,0.0,0.0,0.0,0.0,0.0,0.0,0.0
10.0,7.31946597329866,0.0041238627002824,0.0041238627022555,0.999991496843638,0.999991496843638,49.41352986659112,0.0,49.97193465241879,0.0,45.595015707457925,0.0,45.30152830560327,0.0,0.0,0.0,0.0,0.0,0.0,0.0
10.0,7.31971598579929,0.0041239173819177,0.0041239173838913,0.999991496618136,0.9999914966181348,49.41352984549511,0.0,49.97193420779259,0.0,45.59501570207825,0.0,45.3015282110768,0.0,0.0,0.0,0.0,0.0,0.0,0.0
10.0,7.31996599829992,0.0041239720646135,0.0041239720665875,0.999991496392626,0.999991496392626,49.41352982439835,0.0,49.97193376315234,0.0,45.5950156966984,0.0,45.3015281165472,0.0,0.0,0.0,0.0,0.0,0.0,0.0
10.0,7.32021601080054,0.0041240267483697,0.0041240267503441,0.9999914961671093,0.999991496167108,49.41352980330085,0.0,49.97193331849801,0.0,45.595015691318366,0.0,45.30152802201448,0.0,0.0,0.0,0.0,0.0,0.0,0.0
10.0,7.32046602330116,0.0041240814331862,0.0041240814351611,0.999991495941584,0.999991495941584,49.41352978220258,0.0,49.971932873829616,0.0,45.59501568593814,0.0,45.301527927478624,0.0,0.0,0.0,0.0,0.0,0.0,0.0
10.0,7.32071603580179,0.0041241361190631,0.0041241361210384,0.999991495716053,0.999991495716052,49.41352976110356,0.0,49.97193242914716,0.0,45.59501568055772,0.0,45.301527832939634,0.0,0.0,0.0,0.0,0.0,0.0,0.0
10.0,7.32096604830241,0.0041241908060003,0.004124190807976,0.9999914954905128,0.9999914954905128,49.4135297400038,0.0,49.97193198445063,0.0,45.59501567517712,0.0,45.30152773839752,0.0,0.0,0.0,0.0,0.0,0.0,0.0
10.0,7.32121606080304,0.0041242454939977,0.0041242454959739,0.9999914952649668,0.999991495264966,49.41352971890328,0.0,49.97193153974004,0.0,45.59501566979633,0.0,45.30152764385228,0.0,0.0,0.0,0.0,0.0,0.0,0.0
10.0,7.32146607330367,0.0041243001830552,0.0041243001850319,0.999991495039413,0.999991495039412,49.413529697802,0.0,49.97193109501538,0.0,45.59501566441536,0.0,45.30152754930389,0.0,0.0,0.0,0.0,0.0,0.0,0.0
10.0,7.32171608580429,0.0041243548731729,0.00412435487515,0.999991494813852,0.999991494813851,49.413529676699966,0.0,49.97193065027665,0.0,45.5950156590342,0.0,45.30152745475239,0.0,0.0,0.0,0.0,0.0,0.0,0.0
10.0,7.32196609830492,0.0041244095643507,0.0041244095663282,0.999991494588283,0.999991494588282,49.4135296555972,0.0,49.971930205523854,0.0,45.59501565365285,0.0,45.30152736019775,0.0,0.0,0.0,0.0,0.0,0.0,0.0
10.0,7.32221611080554,0.0041244642565884,0.0041244642585664,0.999991494362707,0.9999914943627058,49.41352963449367,0.0,49.971929760756986,0.0,45.59501564827133,0.0,45.301527265639976,0.0,0.0,0.0,0.0,0.0,0.0,0.0
10.0,7.32246612330616,0.0041245189498862,0.0041245189518646,0.999991494137123,0.999991494137123,49.413529613389386,0.0,49.97192931597606,0.0,45.5950156428896,0.0,45.30152717107909,0.0,0.0,0.0,0.0,0.0,0.0,0.0
10.0,7.32271613580679,0.0041245736442439,0.0041245736462227,0.9999914939115332,0.999991493911532,49.41352959228436,0.0,49.97192887118107,0.0,45.5950156375077,0.0,45.30152707651506,0.0,0.0,0.0,0.0,0.0,0.0,0.0
10.0,7.32296614830742,0.0041246283396614,0.0041246283416406,0.999991493685935,0.999991493685934,49.41352957117857,0.0,49.97192842637202,0.0,45.59501563212561,0.0,45.301526981947895,0.0,0.0,0.0,0.0,0.0,0.0,0.0
10.0,7.323216160808041,0.0041246830361388,0.0041246830381184,0.999991493460329,0.999991493460328,49.41352955007204,0.0,49.97192798154889,0.0,45.59501562674333,0.0,45.301526887377605,0.0,0.0,0.0,0.0,0.0,0.0,0.0
10.0,7.32346617330867,0.0041247377336759,0.004124737735656,0.999991493234716,0.999991493234715,49.41352952896474,0.0,49.97192753671169,0.0,45.59501562136087,0.0,45.30152679280419,0.0,0.0,0.0,0.0,0.0,0.0,0.0
10.0,7.32371618580929,0.0041247924322727,0.0041247924342533,0.9999914930090958,0.999991493009095,49.41352950785671,0.0,49.97192709186043,0.0,45.59501561597822,0.0,45.30152669822764,0.0,0.0,0.0,0.0,0.0,0.0,0.0
10.0,7.32396619830992,0.0041248471319293,0.0041248471339102,0.999991492783468,0.999991492783468,49.41352948674792,0.0,49.97192664699511,0.0,45.59501561059538,0.0,45.30152660364796,0.0,0.0,0.0,0.0,0.0,0.0,0.0
10.0,7.32421621081054,0.0041249018326454,0.0041249018346268,0.999991492557833,0.999991492557833,49.41352946563838,0.0,49.97192620211572,0.0,45.59501560521236,0.0,45.30152650906515,0.0,0.0,0.0,0.0,0.0,0.0,0.0
10.0,7.32446622331117,0.0041249565344211,0.0041249565364029,0.999991492332191,0.999991492332191,49.413529444528095,0.0,49.971925757222266,0.0,45.59501559982915,0.0,45.301526414479206,0.0,0.0,0.0,0.0,0.0,0.0,0.0
10.0,7.32471623581179,0.0041250112372563,0.0041250112392386,0.9999914921065411,0.999991492106541,49.41352942341706,0.0,49.97192531231474,0.0,45.59501559444576,0.0,45.30152631989014,0.0,0.0,0.0,0.0,0.0,0.0,0.0
10.0,7.32496624831241,0.004125065941151,0.0041250659431337,0.999991491880884,0.999991491880884,49.41352940230527,0.0,49.97192486739316,0.0,45.59501558906217,0.0,45.30152622529794,0.0,0.0,0.0,0.0,0.0,0.0,0.0
10.0,7.32521626081304,0.0041251206461051,0.0041251206480882,0.99999149165522,0.999991491655219,49.41352938119273,0.0,49.97192442245751,0.0,45.5950155836784,0.0,45.301526130702605,0.0,0.0,0.0,0.0,0.0,0.0,0.0
10.0,7.32546627331367,0.0041251753521186,0.0041251753541021,0.999991491429548,0.999991491429548,49.41352936007944,0.0,49.971923977507785,0.0,45.59501557829445,0.0,45.30152603610414,0.0,0.0,0.0,0.0,0.0,0.0,0.0
10.0,7.32571628581429,0.0041252300591914,0.0041252300611753,0.9999914912038688,0.9999914912038688,49.41352933896541,0.0,49.971923532544,0.0,45.5950155729103,0.0,45.30152594150256,0.0,0.0,0.0,0.0,0.0,0.0,0.0
10.0,7.32596629831492,0.0041252847673234,0.0041252847693077,0.999991490978182,0.999991490978182,49.41352931785062,0.0,49.97192308756616,0.0,45.59501556752598,0.0,45.30152584689783,0.0,0.0,0.0,0.0,0.0,0.0,0.0
10.0,7.32621631081554,0.0041253394765147,0.0041253394784994,0.9999914907524888,0.999991490752488,49.413529296735085,0.0,49.97192264257425,0.0,45.59501556214147,0.0,45.30152575228998,0.0,0.0,0.0,0.0,0.0,0.0,0.0
10.0,7.326466323316169,0.0041253941867651,0.0041253941887503,0.999991490526787,0.999991490526787,49.4135292756188,0.0,49.97192219756827,0.0,45.59501555675677,0.0,45.301525657679,0.0,0.0,0.0,0.0,0.0,0.0,0.0
10.0,7.32671633581679,0.0041254488980747,0.0041254489000602,0.999991490301079,0.999991490301078,49.41352925450177,0.0,49.97192175254823,0.0,45.59501555137187,0.0,45.30152556306489,0.0,0.0,0.0,0.0,0.0,0.0,0.0
10.0,7.32696634831742,0.0041255036104433,0.0041255036124292,0.999991490075363,0.999991490075362,49.41352923338398,0.0,49.97192130751413,0.0,45.5950155459868,0.0,45.30152546844766,0.0,0.0,0.0,0.0,0.0,0.0,0.0
10.0,7.32721636081804,0.0041255583238709,0.0041255583258572,0.999991489849639,0.999991489849639,49.41352921226545,0.0,49.97192086246595,0.0,45.59501554060154,0.0,45.30152537382728,0.0,0.0,0.0,0.0,0.0,0.0,0.0
10.0,7.32746637331867,0.0041256130383575,0.0041256130403442,0.999991489623909,0.999991489623909,49.413529191146175,0.0,49.97192041740372,0.0,45.5950155352161,0.0,45.30152527920378,0.0,0.0,0.0,0.0,0.0,0.0,0.0
10.0,7.32771638581929,0.004125667753903,0.0041256677558901,0.999991489398171,0.999991489398171,49.41352917002615,0.0,49.97191997232742,0.0,45.59501552983047,0.0,45.301525184577145,0.0,0.0,0.0,0.0,0.0,0.0,0.0
10.0,7.32796639831992,0.0041257224705073,0.0041257224724949,0.999991489172425,0.999991489172425,49.41352914890537,0.0,49.97191952723706,0.0,45.59501552444464,0.0,45.30152508994739,0.0,0.0,0.0,0.0,0.0,0.0,0.0
10.0,7.32821641082054,0.0041257771881705,0.0041257771901584,0.999991488946673,0.999991488946672,49.41352912778385,0.0,49.97191908213263,0.0,45.59501551905864,0.0,45.301524995314495,0.0,0.0,0.0,0.0,0.0,0.0,0.0
10.0,7.32846642332117,0.0041258319068924,0.0041258319088808,0.999991488720913,0.999991488720912,49.41352910666158,0.0,49.97191863701415,0.0,45.59501551367245,0.0,45.30152490067847,0.0,0.0,0.0,0.0,0.0,0.0,0.0
10.0,7.328716435821791,0.004125886626673,0.0041258866286618,0.999991488495145,0.999991488495145,49.41352908553856,0.0,49.97191819188159,0.0,45.59501550828608,0.0,45.301524806039325,0.0,0.0,0.0,0.0,0.0,0.0,0.0
10.0,7.32896644832242,0.0041259413475123,0.0041259413495015,0.99999148826937,0.99999148826937,49.4135290644148,0.0,49.971917746734974,0.0,45.59501550289951,0.0,45.30152471139704,0.0,0.0,0.0,0.0,0.0,0.0,0.0
10.0,7.32921646082304,0.0041259960694102,0.0041259960713998,0.999991488043588,0.999991488043588,49.41352904329029,0.0,49.97191730157429,0.0,45.59501549751276,0.0,45.30152461675164,0.0,0.0,0.0,0.0,0.0,0.0,0.0
10.0,7.32946647332367,0.0041260507923667,0.0041260507943566,0.999991487817798,0.999991487817798,49.41352902216502,0.0,49.971916856399545,0.0,45.59501549212582,0.0,45.30152452210309,0.0,0.0,0.0,0.0,0.0,0.0,0.0
10.0,7.32971648582429,0.0041261055163816,0.004126105518372,0.999991487592002,0.999991487592001,49.413529001039024,0.0,49.97191641121074,0.0,45.595015486738696,0.0,45.30152442745143,0.0,0.0,0.0,0.0,0.0,0.0,0.0
10.0,7.32996649832492,0.0041261602414551,0.0041261602434458,0.999991487366197,0.999991487366197,49.41352897991227,0.0,49.97191596600787,0.0,45.59501548135139,0.0,45.30152433279663,0.0,0.0,0.0,0.0,0.0,0.0,0.0
10.0,7.33021651082554,0.0041262149675869,0.004126214969578,0.999991487140385,0.999991487140385,49.41352895878477,0.0,49.97191552079093,0.0,45.59501547596389,0.0,45.30152423813869,0.0,0.0,0.0,0.0,0.0,0.0,0.0
10.0,7.33046652332617,0.0041262696947771,0.0041262696967686,0.999991486914567,0.999991486914566,49.41352893765652,0.0,49.97191507555994,0.0,45.59501547057621,0.0,45.30152414347763,0.0,0.0,0.0,0.0,0.0,0.0,0.0
10.0,7.33071653582679,0.0041263244230256,0.0041263244250175,0.99999148668874,0.99999148668874,49.41352891652754,0.0,49.97191463031488,0.0,45.59501546518834,0.0,45.30152404881344,0.0,0.0,0.0,0.0,0.0,0.0,0.0
10.0,7.33096654832742,0.0041263791523323,0.0041263791543246,0.999991486462906,0.999991486462906,49.4135288953978,0.0,49.97191418505576,0.0,45.59501545980029,0.0,45.30152395414611,0.0,0.0,0.0,0.0,0.0,0.0,0.0
10.0,7.33121656082804,0.0041264338826972,0.0041264338846899,0.999991486237065,0.999991486237065,49.41352887426732,0.0,49.97191373978257,0.0,45.59501545441204,0.0,45.30152385947567,0.0,0.0,0.0,0.0,0.0,0.0,0.0
10.0,7.33146657332867,0.0041264886141203,0.0041264886161134,0.999991486011217,0.999991486011216,49.4135288531361,0.0,49.97191329449532,0.0,45.59501544902361,0.0,45.30152376480208,0.0,0.0,0.0,0.0,0.0,0.0,0.0
10.0,7.33171658582929,0.0041265433466016,0.004126543348595,0.999991485785361,0.99999148578536,49.413528832004125,0.0,49.97191284919402,0.0,45.595015443635,0.0,45.30152367012538,0.0,0.0,0.0,0.0,0.0,0.0,0.0
10.0,7.331966598329919,0.0041265980801408,0.0041265980821347,0.999991485559498,0.999991485559497,49.41352881087141,0.0,49.97191240387864,0.0,45.59501543824619,0.0,45.301523575445536,0.0,0.0,0.0,0.0,0.0,0.0,0.0
10.0,7.33221661083054,0.0041266528147381,0.0041266528167323,0.999991485333627,0.999991485333627,49.413528789737946,0.0,49.971911958549214,0.0,45.59501543285721,0.0,45.30152348076257,0.0,0.0,0.0,0.0,0.0,0.0,0.0
10.0,7.33246662333117,0.0041267075503933,0.0041267075523879,0.999991485107749,0.999991485107749,49.41352876860374,0.0,49.97191151320572,0.0,45.59501542746804,0.0,45.30152338607646,0.0,0.0,0.0,0.0,0.0,0.0,0.0
10.0,7.33271663583179,0.0041267622871064,0.0041267622891014,0.9999914848818638,0.9999914848818638,49.41352874746878,0.0,49.97191106784816,0.0,45.595015422078674,0.0,45.301523291387234,0.0,0.0,0.0,0.0,0.0,0.0,0.0
10.0,7.33296664833242,0.0041268170248774,0.0041268170268727,0.999991484655971,0.999991484655971,49.41352872633309,0.0,49.971910622476535,0.0,45.59501541668913,0.0,45.30152319669488,0.0,0.0,0.0,0.0,0.0,0.0,0.0
10.0,7.33321666083304,0.0041268717637061,0.0041268717657019,0.999991484430071,0.999991484430071,49.41352870519665,0.0,49.971910177090855,0.0,45.5950154112994,0.0,45.30152310199939,0.0,0.0,0.0,0.0,0.0,0.0,0.0
10.0,7.33346667333367,0.0041269265035927,0.0041269265055888,0.999991484204164,0.999991484204163,49.413528684059465,0.0,49.97190973169111,0.0,45.59501540590948,0.0,45.30152300730077,0.0,0.0,0.0,0.0,0.0,0.0,0.0
10.0,7.33371668583429,0.0041269812445369,0.0041269812465334,0.999991483978249,0.999991483978249,49.41352866292153,0.0,49.9719092862773,0.0,45.595015400519365,0.0,45.30152291259903,0.0,0.0,0.0,0.0,0.0,0.0,0.0
10.0,7.33396669833492,0.0041270359865388,0.0041270359885356,0.999991483752327,0.999991483752326,49.41352864178287,0.0,49.97190884084944,0.0,45.59501539512908,0.0,45.30152281789415,0.0,0.0,0.0,0.0,0.0,0.0,0.0
10.0,7.334216710835539,0.0041270907295982,0.0041270907315955,0.999991483526397,0.999991483526397,49.41352862064344,0.0,49.97190839540751,0.0,45.595015389738606,0.0,45.30152272318614,0.0,0.0,0.0,0.0,0.0,0.0,0.0
10.0,7.33446672333617,0.0041271454737152,0.0041271454757128,0.999991483300461,0.99999148330046,49.413528599503294,0.0,49.97190794995153,0.0,45.59501538434793,0.0,45.30152262847499,0.0,0.0,0.0,0.0,0.0,0.0,0.0
10.0,7.33471673583679,0.0041272002188898,0.0041272002208877,0.999991483074517,0.999991483074516,49.41352857836239,0.0,49.97190750448147,0.0,45.595015378957086,0.0,45.30152253376073,0.0,0.0,0.0,0.0,0.0,0.0,0.0
10.0,7.33496674833742,0.0041272549651217,0.0041272549671201,0.9999914828485648,0.999991482848564,49.41352855722074,0.0,49.97190705899737,0.0,45.59501537356604,0.0,45.30152243904333,0.0,0.0,0.0,0.0,0.0,0.0,0.0
10.0,7.33521676083804,0.0041273097124111,0.0041273097144098,0.999991482622606,0.999991482622606,49.41352853607835,0.0,49.97190661349919,0.0,45.59501536817481,0.0,45.301522344322805,0.0,0.0,0.0,0.0,0.0,0.0,0.0
10.0,7.33546677333867,0.0041273644607578,0.0041273644627569,0.999991482396639,0.999991482396639,49.413528514935216,0.0,49.97190616798695,0.0,45.5950153627834,0.0,45.30152224959915,0.0,0.0,0.0,0.0,0.0,0.0,0.0
10.0,7.33571678583929,0.0041274192101618,0.0041274192121612,0.999991482170666,0.999991482170665,49.41352849379135,0.0,49.97190572246067,0.0,45.59501535739181,0.0,45.30152215487237,0.0,0.0,0.0,0.0,0.0,0.0,0.0
10.0,7.33596679833992,0.0041274739606231,0.0041274739626228,0.999991481944685,0.999991481944685,49.41352847264673,0.0,49.97190527692031,0.0,45.595015352000026,0.0,45.30152206014245,0.0,0.0,0.0,0.0,0.0,0.0,0.0
10.0,7.33621681084054,0.0041275287121415,0.0041275287141416,0.999991481718696,0.999991481718696,49.41352845150138,0.0,49.97190483136589,0.0,45.59501534660806,0.0,45.3015219654094,0.0,0.0,0.0,0.0,0.0,0.0,0.0
10.0,7.33646682334117,0.0041275834647171,0.0041275834667176,0.9999914814927012,0.9999914814927012,49.41352843035528,0.0,49.97190438579742,0.0,45.59501534121591,0.0,45.30152187067323,0.0,0.0,0.0,0.0,0.0,0.0,0.0
10.0,7.33671683584179,0.0041276382183498,0.0041276382203506,0.999991481266698,0.999991481266697,49.41352840920843,0.0,49.97190394021489,0.0,45.59501533582356,0.0,45.30152177593393,0.0,0.0,0.0,0.0,0.0,0.0,0.0
10.0,7.33696684834242,0.0041276929730395,0.0041276929750407,0.999991481040687,0.999991481040687,49.41352838806085,0.0,49.97190349461829,0.0,45.59501533043103,0.0,45.30152168119149,0.0,0.0,0.0,0.0,0.0,0.0,0.0
10.0,7.33721686084304,0.0041277477287862,0.0041277477307878,0.99999148081467,0.999991480814669,49.41352836691252,0.0,49.97190304900764,0.0,45.59501532503831,0.0,45.30152158644593,0.0,0.0,0.0,0.0,0.0,0.0,0.0
10.0,7.33746687334367,0.0041278024855899,0.0041278024875918,0.999991480588644,0.999991480588644,49.41352834576345,0.0,49.97190260338292,0.0,45.59501531964541,0.0,45.30152149169723,0.0,0.0,0.0,0.0,0.0,0.0,0.0
10.0,7.33771688584429,0.0041278572434505,0.0041278572454527,0.999991480362612,0.999991480362611,49.41352832461365,0.0,49.97190215774415,0.0,45.59501531425232,0.0,45.30152139694542,0.0,0.0,0.0,0.0,0.0,0.0,0.0
10.0,7.33796689834492,0.0041279120023679,0.0041279120043705,0.999991480136572,0.9999914801365708,49.4135283034631,0.0,49.97190171209131,0.0,45.59501530885905,0.0,45.30152130219046,0.0,0.0,0.0,0.0,0.0,0.0,0.0
10.0,7.33821691084554,0.0041279667623421,0.0041279667643451,0.999991479910525,0.999991479910524,49.4135282823118,0.0,49.97190126642442,0.0,45.5950153034656,0.0,45.30152120743238,0.0,0.0,0.0,0.0,0.0,0.0,0.0
10.0,7.33846692334617,0.004128021523373,0.0041280215253763,0.99999147968447,0.99999147968447,49.413528261159776,0.0,49.97190082074347,0.0,45.59501529807194,0.0,45.30152111267117,0.0,0.0,0.0,0.0,0.0,0.0,0.0
10.0,7.33871693584679,0.0041280762854607,0.0041280762874643,0.999991479458408,0.999991479458407,49.41352824000701,0.0,49.971900375048456,0.0,45.595015292678106,0.0,45.30152101790683,0.0,0.0,0.0,0.0,0.0,0.0,0.0
10.0,7.33896694834742,0.0041281310486049,0.0041281310506089,0.999991479232339,0.999991479232338,49.4135282188535,0.0,49.971899929339386,0.0,45.59501528728408,0.0,45.30152092313935,0.0,0.0,0.0,0.0,0.0,0.0,0.0
10.0,7.33921696084804,0.0041281858128058,0.0041281858148101,0.999991479006262,0.999991479006262,49.41352819769924,0.0,49.971899483616255,0.0,45.59501528188988,0.0,45.30152082836874,0.0,0.0,0.0,0.0,0.0,0.0,0.0
10.0,7.33946697334867,0.0041282405780632,0.0041282405800679,0.999991478780178,0.999991478780178,49.413528176544254,0.0,49.97189903787906,0.0,45.59501527649549,0.0,45.30152073359502,0.0,0.0,0.0,0.0,0.0,0.0,0.0
10.0,7.33971698584929,0.0041282953443771,0.0041282953463821,0.999991478554086,0.999991478554086,49.41352815538852,0.0,49.971898592127815,0.0,45.595015271100905,0.0,45.30152063881816,0.0,0.0,0.0,0.0,0.0,0.0,0.0
10.0,7.33996699834992,0.0041283501117474,0.0041283501137528,0.999991478327988,0.999991478327987,49.413528134232045,0.0,49.971898146362506,0.0,45.59501526570615,0.0,45.30152054403817,0.0,0.0,0.0,0.0,0.0,0.0,0.0
10.0,7.34021701085054,0.0041284048801742,0.0041284048821799,0.999991478101881,0.999991478101881,49.41352811307484,0.0,49.97189770058314,0.0,45.59501526031119,0.0,45.30152044925505,0.0,0.0,0.0,0.0,0.0,0.0,0.0
10.0,7.34046702335117,0.0041284596496572,0.0041284596516633,0.999991477875768,0.999991477875767,49.413528091916895,0.0,49.97189725478972,0.0,45.59501525491605,0.0,45.3015203544688,0.0,0.0,0.0,0.0,0.0,0.0,0.0
10.0,7.34071703585179,0.0041285144201966,0.004128514422203,0.9999914776496472,0.999991477649646,49.4135280707582,0.0,49.97189680898223,0.0,45.59501524952073,0.0,45.30152025967942,0.0,0.0,0.0,0.0,0.0,0.0,0.0
10.0,7.34096704835242,0.0041285691917922,0.0041285691937989,0.9999914774235188,0.999991477423518,49.41352804959877,0.0,49.97189636316069,0.0,45.59501524412521,0.0,45.30152016488692,0.0,0.0,0.0,0.0,0.0,0.0,0.0
10.0,7.34121706085304,0.0041286239644439,0.004128623966451,0.999991477197383,0.999991477197383,49.413528028438606,0.0,49.9718959173251,0.0,45.59501523872952,0.0,45.30152007009128,0.0,0.0,0.0,0.0,0.0,0.0,0.0
10.0,7.34146707335367,0.0041286787381518,0.0041286787401592,0.99999147697124,0.99999147697124,49.413528007277705,0.0,49.97189547147544,0.0,45.59501523333363,0.0,45.301519975292514,0.0,0.0,0.0,0.0,0.0,0.0,0.0
10.0,7.34171708585429,0.0041287335129158,0.0041287335149236,0.99999147674509,0.9999914767450888,49.41352798611607,0.0,49.97189502561172,0.0,45.595015227937566,0.0,45.30151988049062,0.0,0.0,0.0,0.0,0.0,0.0,0.0
10.0,7.34196709835492,0.0041287882887359,0.0041287882907439,0.999991476518932,0.999991476518932,49.41352796495368,0.0,49.97189457973394,0.0,45.595015222541306,0.0,45.3015197856856,0.0,0.0,0.0,0.0,0.0,0.0,0.0
10.0,7.34221711085554,0.0041288430656119,0.0041288430676203,0.9999914762927672,0.9999914762927672,49.41352794379056,0.0,49.97189413384211,0.0,45.595015217144855,0.0,45.30151969087745,0.0,0.0,0.0,0.0,0.0,0.0,0.0
10.0,7.34246712335617,0.0041288978435439,0.0041288978455526,0.9999914760665952,0.999991476066594,49.4135279226267,0.0,49.97189368793622,0.0,45.59501521174823,0.0,45.30151959606616,0.0,0.0,0.0,0.0,0.0,0.0,0.0
10.0,7.34271713585679,0.0041289526225317,0.0041289526245407,0.999991475840415,0.999991475840414,49.4135279014621,0.0,49.97189324201628,0.0,45.595015206351405,0.0,45.30151950125175,0.0,0.0,0.0,0.0,0.0,0.0,0.0
10.0,7.34296714835742,0.0041290074025754,0.0041290074045847,0.999991475614228,0.999991475614227,49.41352788029677,0.0,49.97189279608227,0.0,45.595015200954414,0.0,45.30151940643421,0.0,0.0,0.0,0.0,0.0,0.0,0.0
10.0,7.34321716085804,0.0041290621836748,0.0041290621856845,0.999991475388033,0.999991475388033,49.41352785913071,0.0,49.97189235013421,0.0,45.59501519555722,0.0,45.30151931161354,0.0,0.0,0.0,0.0,0.0,0.0,0.0
10.0,7.34346717335867,0.00412911696583,0.00412911696784,0.999991475161831,0.999991475161831,49.4135278379639,0.0,49.97189190417209,0.0,45.59501519015985,0.0,45.30151921678973,0.0,0.0,0.0,0.0,0.0,0.0,0.0
10.0,7.34371718585929,0.0041291717490409,0.0041291717510512,0.999991474935622,0.999991474935622,49.41352781679635,0.0,49.97189145819592,0.0,45.59501518476228,0.0,45.301519121962805,0.0,0.0,0.0,0.0,0.0,0.0,0.0
10.0,7.34396719835992,0.0041292265333074,0.0041292265353181,0.999991474709406,0.999991474709405,49.41352779562807,0.0,49.97189101220569,0.0,45.59501517936454,0.0,45.30151902713274,0.0,0.0,0.0,0.0,0.0,0.0,0.0
10.0,7.34421721086054,0.0041292813186295,0.0041292813206405,0.9999914744831822,0.999991474483181,49.413527774459055,0.0,49.9718905662014,0.0,45.5950151739666,0.0,45.30151893229956,0.0,0.0,0.0,0.0,0.0,0.0,0.0
10.0,7.344467223361171,0.0041293361050072,0.0041293361070184,0.99999147425695,0.99999147425695,49.413527753289294,0.0,49.97189012018304,0.0,45.59501516856848,0.0,45.301518837463234,0.0,0.0,0.0,0.0,0.0,0.0,0.0
10.0,7.34471723586179,0.0041293908924403,0.0041293908944519,0.999991474030712,0.999991474030711,49.41352773211881,0.0,49.971889674150646,0.0,45.595015163170174,0.0,45.30151874262378,0.0,0.0,0.0,0.0,0.0,0.0,0.0
10.0,7.34496724836242,0.0041294456809288,0.0041294456829407,0.999991473804466,0.999991473804465,49.41352771094758,0.0,49.97188922810418,0.0,45.59501515777168,0.0,45.301518647781215,0.0,0.0,0.0,0.0,0.0,0.0,0.0
10.0,7.34521726086304,0.0041295004704727,0.004129500472485,0.999991473578212,0.999991473578212,49.41352768977562,0.0,49.97188878204367,0.0,45.595015152372994,0.0,45.30151855293551,0.0,0.0,0.0,0.0,0.0,0.0,0.0
10.0,7.34546727336367,0.004129555261072,0.0041295552630845,0.9999914733519512,0.9999914733519512,49.41352766860293,0.0,49.97188833596909,0.0,45.59501514697413,0.0,45.30151845808667,0.0,0.0,0.0,0.0,0.0,0.0,0.0
10.0,7.34571728586429,0.0041296100527265,0.0041296100547394,0.999991473125683,0.999991473125683,49.41352764742948,0.0,49.97188788988046,0.0,45.59501514157508,0.0,45.3015183632347,0.0,0.0,0.0,0.0,0.0,0.0,0.0
10.0,7.34596729836492,0.0041296648454363,0.0041296648474494,0.999991472899408,0.9999914728994068,49.41352762625532,0.0,49.97188744377778,0.0,45.59501513617584,0.0,45.30151826837962,0.0,0.0,0.0,0.0,0.0,0.0,0.0
10.0,7.34621731086554,0.0041297196392013,0.0041297196412147,0.9999914726731252,0.999991472673124,49.41352760508041,0.0,49.97188699766104,0.0,45.59501513077641,0.0,45.301518173521394,0.0,0.0,0.0,0.0,0.0,0.0,0.0
10.0,7.34646732336617,0.0041297744340213,0.0041297744360351,0.999991472446835,0.999991472446835,49.41352758390477,0.0,49.97188655153025,0.0,45.5950151253768,0.0,45.30151807866004,0.0,0.0,0.0,0.0,0.0,0.0,0.0
10.0,7.346717335866791,0.0041298292298965,0.0041298292319105,0.999991472220538,0.999991472220537,49.4135275627284,0.0,49.97188610538539,0.0,45.595015119977,0.0,45.30151798379556,0.0,0.0,0.0,0.0,0.0,0.0,0.0
10.0,7.34696734836742,0.0041298840268267,0.004129884028841,0.999991471994232,0.999991471994232,49.41352754155129,0.0,49.97188565922649,0.0,45.59501511457701,0.0,45.30151788892794,0.0,0.0,0.0,0.0,0.0,0.0,0.0
10.0,7.34721736086804,0.0041299388248118,0.0041299388268265,0.99999147176792,0.99999147176792,49.41352752037345,0.0,49.97188521305352,0.0,45.59501510917684,0.0,45.3015177940572,0.0,0.0,0.0,0.0,0.0,0.0,0.0
10.0,7.34746737336867,0.0041299936238519,0.0041299936258669,0.9999914715416,0.9999914715416,49.41352749919486,0.0,49.971884766866495,0.0,45.59501510377648,0.0,45.301517699183336,0.0,0.0,0.0,0.0,0.0,0.0,0.0
10.0,7.34771738586929,0.0041300484239469,0.0041300484259621,0.999991471315273,0.999991471315273,49.41352747801555,0.0,49.971884320665424,0.0,45.59501509837594,0.0,45.30151760430633,0.0,0.0,0.0,0.0,0.0,0.0,0.0
10.0,7.34796739836992,0.0041301032250967,0.0041301032271122,0.999991471088939,0.999991471088939,49.41352745683551,0.0,49.97188387445029,0.0,45.59501509297521,0.0,45.30151750942621,0.0,0.0,0.0,0.0,0.0,0.0,0.0
10.0,7.34821741087054,0.0041301580273013,0.0041301580293171,0.999991470862597,0.999991470862597,49.41352743565473,0.0,49.97188342822111,0.0,45.59501508757429,0.0,45.30151741454295,0.0,0.0,0.0,0.0,0.0,0.0,0.0
10.0,7.34846742337117,0.0041302128305606,0.0041302128325767,0.999991470636248,0.999991470636248,49.413527414473215,0.0,49.97188298197786,0.0,45.595015082173184,0.0,45.30151731965656,0.0,0.0,0.0,0.0,0.0,0.0,0.0
10.0,7.34871743587179,0.0041302676348745,0.004130267636891,0.999991470409892,0.999991470409891,49.41352739329097,0.0,49.97188253572057,0.0,45.5950150767719,0.0,45.30151722476706,0.0,0.0,0.0,0.0,0.0,0.0,0.0
10.0,7.34896744837242,0.0041303224402431,0.0041303224422599,0.999991470183528,0.999991470183528,49.41352737210799,0.0,49.97188208944922,0.0,45.59501507137042,0.0,45.301517129874405,0.0,0.0,0.0,0.0,0.0,0.0,0.0
10.0,7.34921746087304,0.0041303772466663,0.0041303772486833,0.999991469957157,0.999991469957157,49.41352735092428,0.0,49.971881643163805,0.0,45.59501506596876,0.0,45.30151703497863,0.0,0.0,0.0,0.0,0.0,0.0,0.0
10.0,7.34946747337367,0.004130432054144,0.0041304320561613,0.999991469730778,0.999991469730778,49.41352732973983,0.0,49.971881196864345,0.0,45.59501506056691,0.0,45.30151694007973,0.0,0.0,0.0,0.0,0.0,0.0,0.0
10.0,7.34971748587429,0.0041304868626762,0.0041304868646938,0.999991469504392,0.999991469504392,49.41352730855465,0.0,49.97188075055084,0.0,45.59501505516487,0.0,45.3015168451777,0.0,0.0,0.0,0.0,0.0,0.0,0.0
10.0,7.349967498374919,0.0041305416722628,0.0041305416742807,0.999991469277999,0.999991469277999,49.41352728736873,0.0,49.97188030422326,0.0,45.59501504976265,0.0,45.30151675027254,0.0,0.0,0.0,0.0,0.0,0.0,0.0
10.0,7.35021751087554,0.0041305964829038,0.0041305964849219,0.999991469051599,0.999991469051598,49.413527266182086,0.0,49.971879857881646,0.0,45.595015044360245,0.0,45.301516655364246,0.0,0.0,0.0,0.0,0.0,0.0,0.0
10.0,7.35046752337617,0.0041306512945991,0.0041306512966175,0.9999914688251909,0.99999146882519,49.41352724499472,0.0,49.97187941152597,0.0,45.59501503895764,0.0,45.30151656045284,0.0,0.0,0.0,0.0,0.0,0.0,0.0
10.0,7.35071753587679,0.0041307061073487,0.0041307061093674,0.999991468598775,0.999991468598775,49.41352722380661,0.0,49.97187896515624,0.0,45.59501503355487,0.0,45.301516465538285,0.0,0.0,0.0,0.0,0.0,0.0,0.0
10.0,7.35096754837742,0.0041307609211525,0.0041307609231715,0.9999914683723528,0.999991468372352,49.41352720261777,0.0,49.97187851877245,0.0,45.5950150281519,0.0,45.30151637062061,0.0,0.0,0.0,0.0,0.0,0.0,0.0
10.0,7.35121756087804,0.0041308157360104,0.0041308157380297,0.999991468145923,0.999991468145922,49.413527181428194,0.0,49.971878072374615,0.0,45.59501502274874,0.0,45.3015162756998,0.0,0.0,0.0,0.0,0.0,0.0,0.0
10.0,7.35146757337867,0.0041308705519225,0.0041308705539421,0.999991467919485,0.999991467919485,49.41352716023789,0.0,49.97187762596272,0.0,45.5950150173454,0.0,45.30151618077587,0.0,0.0,0.0,0.0,0.0,0.0,0.0
10.0,7.35171758587929,0.0041309253688887,0.0041309253709085,0.99999146769304,0.99999146769304,49.41352713904685,0.0,49.971877179536776,0.0,45.59501501194188,0.0,45.3015160858488,0.0,0.0,0.0,0.0,0.0,0.0,0.0
10.0,7.35196759837992,0.0041309801869089,0.004130980188929,0.999991467466588,0.999991467466588,49.41352711785509,0.0,49.97187673309678,0.0,45.59501500653816,0.0,45.30151599091861,0.0,0.0,0.0,0.0,0.0,0.0,0.0
10.0,7.352217610880541,0.0041310350059831,0.0041310350080034,0.999991467240129,0.999991467240128,49.41352709666258,0.0,49.97187628664272,0.0,45.59501500113426,0.0,45.30151589598529,0.0,0.0,0.0,0.0,0.0,0.0,0.0
10.0,7.35246762338117,0.0041310898261111,0.0041310898281318,0.999991467013662,0.999991467013662,49.41352707546936,0.0,49.97187584017461,0.0,45.59501499573017,0.0,45.30151580104884,0.0,0.0,0.0,0.0,0.0,0.0,0.0
10.0,7.35271763588179,0.0041311446472931,0.004131144649314,0.999991466787188,0.999991466787187,49.4135270542754,0.0,49.97187539369246,0.0,45.59501499032591,0.0,45.30151570610926,0.0,0.0,0.0,0.0,0.0,0.0,0.0
10.0,7.35296764838242,0.0041311994695289,0.0041311994715501,0.999991466560706,0.999991466560706,49.41352703308071,0.0,49.97187494719624,0.0,45.59501498492145,0.0,45.30151561116655,0.0,0.0,0.0,0.0,0.0,0.0,0.0
10.0,7.35321766088304,0.0041312542928184,0.0041312542948399,0.999991466334217,0.999991466334217,49.413527011885286,0.0,49.97187450068598,0.0,45.59501497951679,0.0,45.30151551622072,0.0,0.0,0.0,0.0,0.0,0.0,0.0
10.0,7.35346767338367,0.0041313091171617,0.0041313091191834,0.999991466107721,0.999991466107721,49.413526990689135,0.0,49.97187405416166,0.0,45.59501497411196,0.0,45.30151542127175,0.0,0.0,0.0,0.0,0.0,0.0,0.0
10.0,7.35371768588429,0.0041313639425586,0.0041313639445806,0.999991465881217,0.999991465881217,49.41352696949225,0.0,49.97187360762329,0.0,45.59501496870694,0.0,45.30151532631965,0.0,0.0,0.0,0.0,0.0,0.0,0.0
10.0,7.35396769838492,0.0041314187690092,0.0041314187710314,0.999991465654706,0.999991465654706,49.413526948294646,0.0,49.97187316107086,0.0,45.595014963301736,0.0,45.301515231364434,0.0,0.0,0.0,0.0,0.0,0.0,0.0
10.0,7.35421771088554,0.0041314735965133,0.0041314735985358,0.999991465428188,0.999991465428188,49.41352692709631,0.0,49.97187271450439,0.0,45.595014957896346,0.0,45.30151513640608,0.0,0.0,0.0,0.0,0.0,0.0,0.0
10.0,7.35446772338617,0.0041315284250709,0.0041315284270937,0.999991465201662,0.999991465201662,49.41352690589724,0.0,49.97187226792386,0.0,45.59501495249077,0.0,45.3015150414446,0.0,0.0,0.0,0.0,0.0,0.0,0.0
10.0,7.35471773588679,0.004131583254682,0.0041315832567051,0.999991464975129,0.999991464975129,49.41352688469744,0.0,49.97187182132927,0.0,45.59501494708501,0.0,45.30151494647998,0.0,0.0,0.0,0.0,0.0,0.0,0.0
10.0,7.35496774838742,0.0041316380853466,0.0041316380873699,0.9999914647485892,0.999991464748588,49.41352686349691,0.0,49.97187137472064,0.0,45.59501494167906,0.0,45.301514851512245,0.0,0.0,0.0,0.0,0.0,0.0,0.0
10.0,7.35521776088804,0.0041316929170645,0.004131692919088,0.999991464522041,0.99999146452204,49.41352684229565,0.0,49.97187092809797,0.0,45.59501493627292,0.0,45.30151475654138,0.0,0.0,0.0,0.0,0.0,0.0,0.0
10.0,7.355467773388669,0.0041317477498357,0.0041317477518595,0.999991464295486,0.999991464295485,49.41352682109366,0.0,49.97187048146122,0.0,45.5950149308666,0.0,45.301514661567374,0.0,0.0,0.0,0.0,0.0,0.0,0.0
10.0,7.35571778588929,0.0041318025836602,0.0041318025856842,0.999991464068923,0.999991464068923,49.41352679989095,0.0,49.97187003481043,0.0,45.59501492546008,0.0,45.30151456659025,0.0,0.0,0.0,0.0,0.0,0.0,0.0
10.0,7.35596779838992,0.0041318574185379,0.0041318574205622,0.999991463842353,0.999991463842353,49.41352677868751,0.0,49.97186958814559,0.0,45.595014920053394,0.0,45.30151447161,0.0,0.0,0.0,0.0,0.0,0.0,0.0
10.0,7.35621781089054,0.0041319122544687,0.0041319122564933,0.999991463615776,0.999991463615776,49.41352675748334,0.0,49.9718691414667,0.0,45.59501491464651,0.0,45.30151437662661,0.0,0.0,0.0,0.0,0.0,0.0,0.0
10.0,7.35646782339117,0.0041319670914527,0.0041319670934775,0.999991463389192,0.999991463389191,49.41352673627844,0.0,49.97186869477376,0.0,45.59501490923943,0.0,45.301514281640095,0.0,0.0,0.0,0.0,0.0,0.0,0.0
10.0,7.35671783589179,0.0041320219294898,0.0041320219315148,0.999991463162599,0.999991463162599,49.41352671507281,0.0,49.97186824806676,0.0,45.59501490383218,0.0,45.30151418665046,0.0,0.0,0.0,0.0,0.0,0.0,0.0
10.0,7.35696784839242,0.0041320767685798,0.0041320767706051,0.999991462936,0.999991462936,49.41352669386646,0.0,49.97186780134571,0.0,45.59501489842474,0.0,45.301514091657694,0.0,0.0,0.0,0.0,0.0,0.0,0.0
10.0,7.35721786089304,0.0041321316087228,0.0041321316107484,0.999991462709394,0.9999914627093932,49.41352667265938,0.0,49.97186735461061,0.0,45.59501489301711,0.0,45.30151399666178,0.0,0.0,0.0,0.0,0.0,0.0,0.0
10.0,7.35746787339367,0.0041321864499188,0.0041321864519446,0.999991462482779,0.999991462482779,49.41352665145157,0.0,49.971866907861454,0.0,45.5950148876093,0.0,45.301513901662766,0.0,0.0,0.0,0.0,0.0,0.0,0.0
10.0,7.3577178858942895,0.0041322412921676,0.0041322412941937,0.999991462256158,0.999991462256158,49.41352663024303,0.0,49.97186646109826,0.0,45.5950148822013,0.0,45.30151380666061,0.0,0.0,0.0,0.0,0.0,0.0,0.0
10.0,7.35796789839492,0.0041322961354692,0.0041322961374955,0.999991462029529,0.999991462029529,49.41352660903377,0.0,49.97186601432101,0.0,45.59501487679311,0.0,45.301513711655325,0.0,0.0,0.0,0.0,0.0,0.0,0.0
10.0,7.35821791089555,0.0041323509798236,0.0041323509818502,0.999991461802893,0.999991461802893,49.413526587823775,0.0,49.9718655675297,0.0,45.595014871384734,0.0,45.30151361664691,0.0,0.0,0.0,0.0,0.0,0.0,0.0
10.0,7.35846792339617,0.0041324058252307,0.0041324058272575,0.99999146157625,0.99999146157625,49.41352656661306,0.0,49.97186512072435,0.0,45.595014865976175,0.0,45.30151352163536,0.0,0.0,0.0,0.0,0.0,0.0,0.0
10.0,7.35871793589679,0.0041324606716905,0.0041324606737175,0.999991461349599,0.999991461349598,49.41352654540161,0.0,49.97186467390495,0.0,45.59501486056743,0.0,45.3015134266207,0.0,0.0,0.0,0.0,0.0,0.0,0.0
10.0,7.35896794839742,0.0041325155192029,0.0041325155212301,0.999991461122941,0.99999146112294,49.41352652418945,0.0,49.9718642270715,0.0,45.59501485515849,0.0,45.30151333160289,0.0,0.0,0.0,0.0,0.0,0.0,0.0
10.0,7.35921796089804,0.0041325703677678,0.0041325703697953,0.999991460896275,0.999991460896275,49.41352650297656,0.0,49.97186378022399,0.0,45.595014849749376,0.0,45.30151323658196,0.0,0.0,0.0,0.0,0.0,0.0,0.0
10.0,7.35946797339867,0.0041326252173853,0.004132625219413,0.999991460669602,0.999991460669602,49.41352648176293,0.0,49.97186333336244,0.0,45.59501484434007,0.0,45.30151314155791,0.0,0.0,0.0,0.0,0.0,0.0,0.0
10.0,7.35971798589929,0.0041326800680552,0.0041326800700831,0.999991460442922,0.999991460442922,49.41352646054859,0.0,49.97186288648683,0.0,45.595014838930574,0.0,45.30151304653073,0.0,0.0,0.0,0.0,0.0,0.0,0.0
10.0,7.35996799839992,0.0041327349197775,0.0041327349218057,0.999991460216234,0.999991460216234,49.41352643933351,0.0,49.97186243959718,0.0,45.5950148335209,0.0,45.30151295150041,0.0,0.0,0.0,0.0,0.0,0.0,0.0
10.0,7.360218010900551,0.0041327897725522,0.0041327897745806,0.99999145998954,0.999991459989539,49.41352641811771,0.0,49.97186199269347,0.0,45.59501482811103,0.0,45.30151285646696,0.0,0.0,0.0,0.0,0.0,0.0,0.0
10.0,7.36046802340117,0.0041328446263792,0.0041328446284079,0.999991459762837,0.999991459762837,49.41352639690118,0.0,49.97186154577573,0.0,45.59501482270098,0.0,45.3015127614304,0.0,0.0,0.0,0.0,0.0,0.0,0.0
10.0,7.3607180359018,0.0041328994812585,0.0041328994832874,0.999991459536127,0.999991459536127,49.41352637568394,0.0,49.97186109884392,0.0,45.59501481729074,0.0,45.3015126663907,0.0,0.0,0.0,0.0,0.0,0.0,0.0
10.0,7.36096804840242,0.0041329543371899,0.0041329543392191,0.99999145930941,0.99999145930941,49.413526354465965,0.0,49.97186065189806,0.0,45.59501481188031,0.0,45.30151257134786,0.0,0.0,0.0,0.0,0.0,0.0,0.0
10.0,7.36121806090304,0.0041330091941736,0.0041330091962029,0.9999914590826862,0.9999914590826852,49.41352633324728,0.0,49.97186020493816,0.0,45.595014806469706,0.0,45.30151247630191,0.0,0.0,0.0,0.0,0.0,0.0,0.0
10.0,7.36146807340367,0.0041330640522093,0.0041330640542389,0.999991458855954,0.999991458855954,49.41352631202784,0.0,49.97185975796421,0.0,45.5950148010589,0.0,45.30151238125282,0.0,0.0,0.0,0.0,0.0,0.0,0.0
10.0,7.36171808590429,0.0041331189112971,0.0041331189133269,0.999991458629215,0.999991458629215,49.413526290807695,0.0,49.97185931097621,0.0,45.59501479564793,0.0,45.301512286200605,0.0,0.0,0.0,0.0,0.0,0.0,0.0
10.0,7.36196809840492,0.004133173771437,0.004133173773467,0.9999914584024678,0.9999914584024678,49.41352626958683,0.0,49.97185886397416,0.0,45.595014790236746,0.0,45.30151219114526,0.0,0.0,0.0,0.0,0.0,0.0,0.0
10.0,7.36221811090555,0.0041332286326287,0.004133228634659,0.9999914581757152,0.999991458175714,49.41352624836523,0.0,49.97185841695806,0.0,45.5950147848254,0.0,45.30151209608679,0.0,0.0,0.0,0.0,0.0,0.0,0.0
10.0,7.36246812340617,0.0041332834948724,0.0041332834969029,0.999991457948953,0.999991457948953,49.41352622714292,0.0,49.97185796992791,0.0,45.59501477941385,0.0,45.30151200102519,0.0,0.0,0.0,0.0,0.0,0.0,0.0
10.0,7.3627181359068,0.004133338358168,0.0041333383601986,0.999991457722185,0.999991457722184,49.41352620591987,0.0,49.97185752288371,0.0,45.59501477400212,0.0,45.30151190596046,0.0,0.0,0.0,0.0,0.0,0.0,0.0
10.0,7.36296814840742,0.0041333932225153,0.0041333932245462,0.999991457495409,0.999991457495409,49.4135261846961,0.0,49.97185707582547,0.0,45.59501476859021,0.0,45.301511810892606,0.0,0.0,0.0,0.0,0.0,0.0,0.0
10.0,7.36321816090804,0.0041334480879145,0.0041334480899455,0.999991457268626,0.9999914572686248,49.413526163471616,0.0,49.97185662875317,0.0,45.595014763178106,0.0,45.30151171582162,0.0,0.0,0.0,0.0,0.0,0.0,0.0
10.0,7.36346817340867,0.0041335029543653,0.0041335029563966,0.9999914570418348,0.999991457041834,49.4135261422464,0.0,49.97185618166683,0.0,45.59501475776582,0.0,45.30151162074751,0.0,0.0,0.0,0.0,0.0,0.0,0.0
10.0,7.3637181859093,0.0041335578218678,0.0041335578238993,0.9999914568150372,0.9999914568150372,49.41352612102048,0.0,49.97185573456644,0.0,45.595014752353336,0.0,45.30151152567026,0.0,0.0,0.0,0.0,0.0,0.0,0.0
10.0,7.36396819840992,0.0041336126904219,0.0041336126924536,0.999991456588232,0.999991456588231,49.413526099793806,0.0,49.971855287452,0.0,45.59501474694068,0.0,45.30151143058988,0.0,0.0,0.0,0.0,0.0,0.0,0.0
10.0,7.364218210910549,0.0041336675600275,0.0041336675620594,0.999991456361419,0.999991456361418,49.41352607856643,0.0,49.97185484032351,0.0,45.59501474152783,0.0,45.30151133550639,0.0,0.0,0.0,0.0,0.0,0.0,0.0
10.0,7.36446822341117,0.0041337224306847,0.0041337224327168,0.999991456134599,0.999991456134598,49.41352605733833,0.0,49.971854393180976,0.0,45.5950147361148,0.0,45.30151124041977,0.0,0.0,0.0,0.0,0.0,0.0,0.0
10.0,7.3647182359118,0.0041337773023933,0.0041337773044256,0.9999914559077708,0.9999914559077708,49.41352603610951,0.0,49.97185394602439,0.0,45.59501473070157,0.0,45.30151114533,0.0,0.0,0.0,0.0,0.0,0.0,0.0
10.0,7.36496824841242,0.0041338321751533,0.0041338321771858,0.999991455680937,0.999991455680936,49.41352601487995,0.0,49.97185349885377,0.0,45.595014725288166,0.0,45.30151105023712,0.0,0.0,0.0,0.0,0.0,0.0,0.0
10.0,7.36521826091305,0.0041338870489647,0.0041338870509974,0.9999914554540938,0.9999914554540938,49.413525993649685,0.0,49.97185305166908,0.0,45.59501471987457,0.0,45.3015109551411,0.0,0.0,0.0,0.0,0.0,0.0,0.0
10.0,7.36546827341367,0.0041339419238274,0.0041339419258603,0.9999914552272448,0.999991455227244,49.4135259724187,0.0,49.97185260447036,0.0,45.59501471446079,0.0,45.30151086004196,0.0,0.0,0.0,0.0,0.0,0.0,0.0
10.0,7.3657182859143,0.0041339967997413,0.0041339968017745,0.999991455000388,0.999991455000388,49.41352595118698,0.0,49.97185215725758,0.0,45.59501470904682,0.0,45.30151076493969,0.0,0.0,0.0,0.0,0.0,0.0,0.0
10.0,7.36596829841492,0.0041340516767065,0.0041340516787398,0.999991454773524,0.999991454773523,49.41352592995455,0.0,49.97185171003077,0.0,45.59501470363266,0.0,45.30151066983429,0.0,0.0,0.0,0.0,0.0,0.0,0.0
10.0,7.36621831091555,0.0041341065547228,0.0041341065567563,0.999991454546652,0.999991454546652,49.41352590872141,0.0,49.9718512627899,0.0,45.59501469821833,0.0,45.30151057472576,0.0,0.0,0.0,0.0,0.0,0.0,0.0
10.0,7.366468323416169,0.0041341614337902,0.0041341614358239,0.9999914543197728,0.9999914543197728,49.41352588748752,0.0,49.97185081553498,0.0,45.5950146928038,0.0,45.30151047961411,0.0,0.0,0.0,0.0,0.0,0.0,0.0
10.0,7.3667183359168,0.0041342163139086,0.0041342163159426,0.999991454092887,0.999991454092886,49.413525866252925,0.0,49.97185036826601,0.0,45.59501468738909,0.0,45.30151038449933,0.0,0.0,0.0,0.0,0.0,0.0,0.0
10.0,7.36696834841742,0.0041342711950781,0.0041342711971122,0.9999914538659928,0.9999914538659928,49.41352584501761,0.0,49.97184992098301,0.0,45.59501468197419,0.0,45.30151028938141,0.0,0.0,0.0,0.0,0.0,0.0,0.0
10.0,7.36721836091805,0.0041343260772985,0.0041343260793329,0.999991453639092,0.999991453639092,49.413525823781576,0.0,49.97184947368595,0.0,45.5950146765591,0.0,45.301510194260366,0.0,0.0,0.0,0.0,0.0,0.0,0.0
10.0,7.36746837341867,0.0041343809605699,0.0041343809626044,0.999991453412184,0.9999914534121832,49.41352580254481,0.0,49.97184902637484,0.0,45.59501467114383,0.0,45.3015100991362,0.0,0.0,0.0,0.0,0.0,0.0,0.0
10.0,7.3677183859193,0.0041344358448921,0.0041344358469268,0.999991453185268,0.999991453185268,49.413525781307335,0.0,49.97184857904969,0.0,45.59501466572838,0.0,45.30151000400891,0.0,0.0,0.0,0.0,0.0,0.0,0.0
10.0,7.36796839841992,0.004134490730265,0.0041344907322999,0.999991452958345,0.999991452958344,49.41352576006914,0.0,49.97184813171051,0.0,45.595014660312735,0.0,45.30150990887848,0.0,0.0,0.0,0.0,0.0,0.0,0.0
10.0,7.36821841092055,0.0041345456166888,0.0041345456187239,0.999991452731414,0.999991452731414,49.413525738830224,0.0,49.97184768435726,0.0,45.59501465489689,0.0,45.30150981374492,0.0,0.0,0.0,0.0,0.0,0.0,0.0
10.0,7.36846842342117,0.0041346005041632,0.0041346005061985,0.999991452504477,0.999991452504476,49.41352571759059,0.0,49.971847236989966,0.0,45.59501464948087,0.0,45.30150971860824,0.0,0.0,0.0,0.0,0.0,0.0,0.0
10.0,7.3687184359218,0.0041346553926883,0.0041346553947238,0.999991452277531,0.999991452277531,49.41352569635023,0.0,49.97184678960864,0.0,45.59501464406468,0.0,45.301509623468434,0.0,0.0,0.0,0.0,0.0,0.0,0.0
10.0,7.36896844842242,0.004134710282264,0.0041347102842997,0.999991452050579,0.9999914520505782,49.41352567510915,0.0,49.97184634221325,0.0,45.59501463864829,0.0,45.3015095283255,0.0,0.0,0.0,0.0,0.0,0.0,0.0
10.0,7.36921846092305,0.0041347651728903,0.0041347651749261,0.9999914518236188,0.999991451823619,49.41352565386737,0.0,49.97184589480382,0.0,45.595014633231706,0.0,45.30150943317943,0.0,0.0,0.0,0.0,0.0,0.0,0.0
10.0,7.36946847342367,0.0041348200645671,0.004134820066603,0.999991451596652,0.999991451596651,49.41352563262485,0.0,49.97184544738036,0.0,45.59501462781495,0.0,45.30150933803023,0.0,0.0,0.0,0.0,0.0,0.0,0.0
10.0,7.3697184859243,0.0041348749572943,0.0041348749593304,0.999991451369677,0.999991451369677,49.41352561138162,0.0,49.97184499994284,0.0,45.595014622398,0.0,45.30150924287791,0.0,0.0,0.0,0.0,0.0,0.0,0.0
10.0,7.36996849842492,0.0041349298510719,0.0041349298531082,0.9999914511426948,0.9999914511426948,49.41352559013767,0.0,49.97184455249127,0.0,45.59501461698086,0.0,45.301509147722456,0.0,0.0,0.0,0.0,0.0,0.0,0.0
10.0,7.37021851092555,0.0041349847458999,0.0041349847479364,0.999991450915706,0.999991450915706,49.413525568893,0.0,49.97184410502567,0.0,45.595014611563535,0.0,45.30150905256388,0.0,0.0,0.0,0.0,0.0,0.0,0.0
10.0,7.37046852342617,0.0041350396417781,0.0041350396438148,0.999991450688709,0.999991450688709,49.413525547647616,0.0,49.971843657546,0.0,45.59501460614602,0.0,45.30150895740217,0.0,0.0,0.0,0.0,0.0,0.0,0.0
10.0,7.3707185359268,0.0041350945387067,0.0041350945407435,0.999991450461705,0.999991450461705,49.41352552640152,0.0,49.97184321005231,0.0,45.595014600728334,0.0,45.30150886223733,0.0,0.0,0.0,0.0,0.0,0.0,0.0
10.0,7.37096854842742,0.0041351494366854,0.0041351494387224,0.999991450234694,0.9999914502346928,49.413525505154695,0.0,49.97184276254456,0.0,45.59501459531045,0.0,45.301508767069365,0.0,0.0,0.0,0.0,0.0,0.0,0.0
10.0,7.37121856092805,0.0041352043357143,0.0041352043377515,0.999991450007675,0.999991450007675,49.41352548390715,0.0,49.97184231502277,0.0,45.59501458989239,0.0,45.30150867189828,0.0,0.0,0.0,0.0,0.0,0.0,0.0
10.0,7.37146857342867,0.0041352592357932,0.0041352592378306,0.999991449780649,0.999991449780648,49.41352546265889,0.0,49.97184186748693,0.0,45.59501458447413,0.0,45.30150857672406,0.0,0.0,0.0,0.0,0.0,0.0,0.0
10.0,7.3717185859293,0.0041353141369223,0.0041353141389598,0.999991449553615,0.999991449553615,49.41352544140992,0.0,49.97184141993705,0.0,45.595014579055686,0.0,45.30150848154671,0.0,0.0,0.0,0.0,0.0,0.0,0.0
10.0,7.371968598429919,0.0041353690391013,0.004135369041139,0.9999914493265748,0.999991449326574,49.41352542016023,0.0,49.97184097237313,0.0,45.59501457363706,0.0,45.30150838636623,0.0,0.0,0.0,0.0,0.0,0.0,0.0
10.0,7.37221861093055,0.0041354239423303,0.0041354239443681,0.999991449099526,0.999991449099526,49.41352539890982,0.0,49.97184052479516,0.0,45.59501456821825,0.0,45.30150829118263,0.0,0.0,0.0,0.0,0.0,0.0,0.0
10.0,7.37246862343117,0.0041354788466092,0.0041354788486472,0.9999914488724708,0.9999914488724708,49.4135253776587,0.0,49.97184007720315,0.0,45.59501456279924,0.0,45.301508195995886,0.0,0.0,0.0,0.0,0.0,0.0,0.0
10.0,7.3727186359318,0.0041355337519379,0.0041355337539761,0.999991448645408,0.999991448645408,49.41352535640686,0.0,49.971839629597085,0.0,45.59501455738006,0.0,45.30150810080603,0.0,0.0,0.0,0.0,0.0,0.0,0.0
10.0,7.37296864843242,0.0041355886583164,0.0041355886603548,0.999991448418338,0.9999914484183368,49.413525335154304,0.0,49.97183918197698,0.0,45.59501455196068,0.0,45.30150800561304,0.0,0.0,0.0,0.0,0.0,0.0,0.0
10.0,7.37321866093305,0.0041356435657447,0.0041356435677832,0.9999914481912598,0.9999914481912598,49.41352531390103,0.0,49.97183873434284,0.0,45.59501454654112,0.0,45.30150791041692,0.0,0.0,0.0,0.0,0.0,0.0,0.0
10.0,7.37346867343367,0.0041356984742227,0.0041356984762613,0.9999914479641748,0.9999914479641748,49.41352529264704,0.0,49.97183828669465,0.0,45.59501454112137,0.0,45.30150781521768,0.0,0.0,0.0,0.0,0.0,0.0,0.0
10.0,7.3737186859343,0.0041357533837503,0.0041357533857891,0.9999914477370828,0.999991447737082,49.41352527139233,0.0,49.97183783903241,0.0,45.59501453570144,0.0,45.3015077200153,0.0,0.0,0.0,0.0,0.0,0.0,0.0
10.0,7.37396869843492,0.0041358082943275,0.0041358082963665,0.9999914475099828,0.9999914475099828,49.413525250136914,0.0,49.97183739135613,0.0,45.595014530281325,0.0,45.3015076248098,0.0,0.0,0.0,0.0,0.0,0.0,0.0
10.0,7.37421871093555,0.0041358632059543,0.0041358632079934,0.999991447282876,0.999991447282876,49.41352522888078,0.0,49.97183694366581,0.0,45.59501452486101,0.0,45.30150752960117,0.0,0.0,0.0,0.0,0.0,0.0,0.0
10.0,7.37446872343617,0.0041359181186306,0.0041359181206699,0.999991447055762,0.999991447055761,49.41352520762392,0.0,49.97183649596144,0.0,45.59501451944052,0.0,45.30150743438941,0.0,0.0,0.0,0.0,0.0,0.0,0.0
10.0,7.3747187359368,0.0041359730323563,0.0041359730343957,0.99999144682864,0.99999144682864,49.41352518636636,0.0,49.97183604824304,0.0,45.59501451401984,0.0,45.30150733917452,0.0,0.0,0.0,0.0,0.0,0.0,0.0
10.0,7.37496874843742,0.0041360279471315,0.004136027949171,0.9999914466015112,0.9999914466015112,49.41352516510808,0.0,49.97183560051058,0.0,45.59501450859898,0.0,45.30150724395652,0.0,0.0,0.0,0.0,0.0,0.0,0.0
10.0,7.37521876093805,0.0041360828629559,0.0041360828649956,0.999991446374374,0.999991446374374,49.413525143849085,0.0,49.97183515276408,0.0,45.595014503177936,0.0,45.30150714873537,0.0,0.0,0.0,0.0,0.0,0.0,0.0
10.0,7.37546877343867,0.0041361377798297,0.0041361377818696,0.999991446147231,0.99999144614723,49.41352512258938,0.0,49.971834705003545,0.0,45.59501449775669,0.0,45.301507053511095,0.0,0.0,0.0,0.0,0.0,0.0,0.0
10.0,7.3757187859393,0.0041361926977527,0.0041361926997927,0.999991445920079,0.999991445920079,49.41352510132895,0.0,49.97183425722896,0.0,45.59501449233527,0.0,45.3015069582837,0.0,0.0,0.0,0.0,0.0,0.0,0.0
10.0,7.37596879843992,0.0041362476167249,0.0041362476187651,0.999991445692921,0.999991445692921,49.41352508006781,0.0,49.971833809440334,0.0,45.595014486913655,0.0,45.30150686305318,0.0,0.0,0.0,0.0,0.0,0.0,0.0
10.0,7.37621881094055,0.0041363025367463,0.0041363025387866,0.999991445465755,0.999991445465755,49.413525058805966,0.0,49.97183336163767,0.0,45.59501448149186,0.0,45.301506767819525,0.0,0.0,0.0,0.0,0.0,0.0,0.0
10.0,7.37646882344117,0.0041363574578168,0.0041363574598572,0.999991445238582,0.9999914452385812,49.4135250375434,0.0,49.97183291382096,0.0,45.59501447606987,0.0,45.30150667258274,0.0,0.0,0.0,0.0,0.0,0.0,0.0
10.0,7.376718835941801,0.0041364123799363,0.0041364123819769,0.9999914450114012,0.9999914450114012,49.413525016280126,0.0,49.97183246599021,0.0,45.595014470647705,0.0,45.30150657734284,0.0,0.0,0.0,0.0,0.0,0.0,0.0
10.0,7.37696884844242,0.0041364673031048,0.0041364673051455,0.999991444784213,0.999991444784213,49.413524995016125,0.0,49.971832018145406,0.0,45.59501446522536,0.0,45.3015064820998,0.0,0.0,0.0,0.0,0.0,0.0,0.0
10.0,7.37721886094305,0.0041365222273223,0.0041365222293631,0.999991444557018,0.999991444557018,49.41352497375142,0.0,49.97183157028657,0.0,45.595014459802805,0.0,45.30150638685363,0.0,0.0,0.0,0.0,0.0,0.0,0.0
10.0,7.37746887344367,0.0041365771525886,0.0041365771546296,0.9999914443298148,0.9999914443298148,49.413524952486,0.0,49.9718311224137,0.0,45.59501445438007,0.0,45.30150629160434,0.0,0.0,0.0,0.0,0.0,0.0,0.0
10.0,7.3777188859443,0.0041366320789038,0.0041366320809449,0.9999914441026048,0.9999914441026048,49.41352493121987,0.0,49.97183067452677,0.0,45.59501444895716,0.0,45.30150619635191,0.0,0.0,0.0,0.0,0.0,0.0,0.0
10.0,7.37796889844492,0.0041366870062678,0.004136687008309,0.999991443875388,0.9999914438753872,49.41352490995302,0.0,49.971830226625805,0.0,45.59501444353406,0.0,45.301506101096365,0.0,0.0,0.0,0.0,0.0,0.0,0.0
10.0,7.37821891094555,0.0041367419346805,0.0041367419367219,0.999991443648163,0.999991443648163,49.413524888685465,0.0,49.9718297787108,0.0,45.59501443811077,0.0,45.30150600583769,0.0,0.0,0.0,0.0,0.0,0.0,0.0
10.0,7.37846892344617,0.004136796864142,0.0041367968661835,0.999991443420931,0.99999144342093,49.4135248674172,0.0,49.97182933078175,0.0,45.59501443268729,0.0,45.30150591057589,0.0,0.0,0.0,0.0,0.0,0.0,0.0
10.0,7.3787189359468,0.0041368517946521,0.0041368517966937,0.999991443193691,0.999991443193691,49.41352484614821,0.0,49.97182888283866,0.0,45.59501442726364,0.0,45.30150581531095,0.0,0.0,0.0,0.0,0.0,0.0,0.0
10.0,7.37896894844742,0.0041369067262107,0.0041369067282525,0.999991442966444,0.999991442966444,49.41352482487852,0.0,49.97182843488153,0.0,45.595014421839785,0.0,45.30150572004289,0.0,0.0,0.0,0.0,0.0,0.0,0.0
10.0,7.37921896094805,0.004136961658818,0.0041369616608598,0.99999144273919,0.99999144273919,49.41352480360812,0.0,49.97182798691036,0.0,45.595014416415744,0.0,45.3015056247717,0.0,0.0,0.0,0.0,0.0,0.0,0.0
10.0,7.37946897344867,0.0041370165924737,0.0041370165945157,0.999991442511929,0.999991442511929,49.413524782337,0.0,49.97182753892514,0.0,45.59501441099152,0.0,45.30150552949739,0.0,0.0,0.0,0.0,0.0,0.0,0.0
10.0,7.3797189859493,0.0041370715271779,0.00413707152922,0.99999144228466,0.99999144228466,49.413524761065176,0.0,49.97182709092588,0.0,45.59501440556712,0.0,45.30150543421994,0.0,0.0,0.0,0.0,0.0,0.0,0.0
10.0,7.37996899844992,0.0041371264629304,0.0041371264649727,0.999991442057384,0.9999914420573832,49.41352473979263,0.0,49.97182664291258,0.0,45.59501440014253,0.0,45.30150533893937,0.0,0.0,0.0,0.0,0.0,0.0,0.0
10.0,7.38021901095055,0.0041371813997313,0.0041371814017737,0.9999914418301,0.9999914418301,49.41352471851938,0.0,49.971826194885246,0.0,45.595014394717744,0.0,45.30150524365567,0.0,0.0,0.0,0.0,0.0,0.0,0.0
10.0,7.38046902345117,0.0041372363375805,0.004137236339623,0.999991441602809,0.999991441602809,49.41352469724542,0.0,49.97182574684386,0.0,45.59501438929278,0.0,45.30150514836884,0.0,0.0,0.0,0.0,0.0,0.0,0.0
10.0,7.3807190359518,0.004137291276478,0.0041372912785206,0.999991441375511,0.999991441375511,49.41352467597076,0.0,49.971825298788445,0.0,45.59501438386763,0.0,45.30150505307889,0.0,0.0,0.0,0.0,0.0,0.0,0.0
10.0,7.38096904845242,0.0041373462164236,0.0041373462184663,0.9999914411482048,0.9999914411482048,49.413524654695365,0.0,49.971824850718974,0.0,45.595014378442286,0.0,45.3015049577858,0.0,0.0,0.0,0.0,0.0,0.0,0.0
10.0,7.38121906095305,0.0041374011574174,0.0041374011594602,0.999991440920892,0.999991440920892,49.41352463341928,0.0,49.97182440263548,0.0,45.59501437301676,0.0,45.3015048624896,0.0,0.0,0.0,0.0,0.0,0.0,0.0
10.0,7.38146907345367,0.0041374560994593,0.0041374561015022,0.999991440693572,0.999991440693572,49.41352461214248,0.0,49.97182395453794,0.0,45.59501436759105,0.0,45.30150476719026,0.0,0.0,0.0,0.0,0.0,0.0,0.0
10.0,7.3817190859543,0.0041375110425492,0.0041375110445923,0.999991440466244,0.999991440466244,49.41352459086496,0.0,49.97182350642635,0.0,45.595014362165145,0.0,45.30150467188779,0.0,0.0,0.0,0.0,0.0,0.0,0.0
10.0,7.38196909845492,0.0041375659866872,0.0041375659887303,0.9999914402389088,0.9999914402389088,49.413524569586734,0.0,49.97182305830073,0.0,45.59501435673906,0.0,45.3015045765822,0.0,0.0,0.0,0.0,0.0,0.0,0.0
10.0,7.382219110955551,0.004137620931873,0.0041376209339163,0.999991440011567,0.999991440011566,49.413524548307805,0.0,49.97182261016107,0.0,45.59501435131279,0.0,45.30150448127348,0.0,0.0,0.0,0.0,0.0,0.0,0.0
10.0,7.38246912345617,0.0041376758781068,0.0041376758801501,0.9999914397842172,0.999991439784216,49.413524527028166,0.0,49.97182216200736,0.0,45.595014345886334,0.0,45.30150438596163,0.0,0.0,0.0,0.0,0.0,0.0,0.0
10.0,7.3827191359568,0.0041377308253884,0.0041377308274319,0.99999143955686,0.9999914395568588,49.41352450574781,0.0,49.97182171383962,0.0,45.59501434045969,0.0,45.30150429064664,0.0,0.0,0.0,0.0,0.0,0.0,0.0
10.0,7.38296914845742,0.0041377857737178,0.0041377857757614,0.999991439329495,0.999991439329495,49.41352448446676,0.0,49.97182126565784,0.0,45.59501433503285,0.0,45.30150419532855,0.0,0.0,0.0,0.0,0.0,0.0,0.0
10.0,7.38321916095805,0.0041378407230949,0.0041378407251386,0.999991439102123,0.999991439102123,49.41352446318498,0.0,49.97182081746202,0.0,45.59501432960584,0.0,45.301504100007314,0.0,0.0,0.0,0.0,0.0,0.0,0.0
10.0,7.38346917345867,0.0041378956735198,0.0041378956755635,0.999991438874744,0.999991438874744,49.41352444190251,0.0,49.97182036925216,0.0,45.59501432417863,0.0,45.30150400468296,0.0,0.0,0.0,0.0,0.0,0.0,0.0
10.0,7.3837191859593,0.0041379506249922,0.0041379506270361,0.9999914386473578,0.9999914386473568,49.41352442061932,0.0,49.97181992102825,0.0,45.59501431875124,0.0,45.30150390935546,0.0,0.0,0.0,0.0,0.0,0.0,0.0
10.0,7.38396919845992,0.0041380055775123,0.0041380055795563,0.999991438419964,0.999991438419963,49.41352439933543,0.0,49.97181947279031,0.0,45.59501431332366,0.0,45.301503814024855,0.0,0.0,0.0,0.0,0.0,0.0,0.0
10.0,7.38421921096055,0.0041380605310799,0.004138060533124,0.999991438192562,0.999991438192562,49.41352437805083,0.0,49.97181902453832,0.0,45.5950143078959,0.0,45.30150371869111,0.0,0.0,0.0,0.0,0.0,0.0,0.0
10.0,7.384469223461171,0.004138115485695,0.0041381154877392,0.999991437965154,0.999991437965153,49.41352435676552,0.0,49.97181857627231,0.0,45.59501430246795,0.0,45.30150362335424,0.0,0.0,0.0,0.0,0.0,0.0,0.0
10.0,7.3847192359618,0.0041381704413576,0.0041381704434018,0.999991437737738,0.999991437737737,49.4135243354795,0.0,49.97181812799224,0.0,45.59501429703982,0.0,45.30150352801424,0.0,0.0,0.0,0.0,0.0,0.0,0.0
10.0,7.38496924846242,0.0041382253980675,0.0041382254001119,0.9999914375103142,0.9999914375103142,49.41352431419277,0.0,49.97181767969816,0.0,45.59501429161149,0.0,45.30150343267111,0.0,0.0,0.0,0.0,0.0,0.0,0.0
10.0,7.38521926096305,0.0041382803558248,0.0041382803578692,0.999991437282883,0.999991437282883,49.41352429290534,0.0,49.97181723139001,0.0,45.59501428618298,0.0,45.30150333732486,0.0,0.0,0.0,0.0,0.0,0.0,0.0
10.0,7.38546927346367,0.0041383353146294,0.0041383353166739,0.999991437055445,0.999991437055445,49.41352427161719,0.0,49.97181678306784,0.0,45.595014280754285,0.0,45.30150324197548,0.0,0.0,0.0,0.0,0.0,0.0,0.0
10.0,7.3857192859643,0.0041383902744812,0.0041383902765258,0.999991436828,0.999991436828,49.41352425032836,0.0,49.97181633473162,0.0,45.59501427532541,0.0,45.30150314662297,0.0,0.0,0.0,0.0,0.0,0.0,0.0
10.0,7.38596929846492,0.0041384452353802,0.0041384452374249,0.999991436600547,0.999991436600547,49.4135242290388,0.0,49.97181588638136,0.0,45.59501426989633,0.0,45.30150305126734,0.0,0.0,0.0,0.0,0.0,0.0,0.0
10.0,7.38621931096555,0.0041385001973264,0.0041385001993711,0.999991436373087,0.999991436373087,49.41352420774854,0.0,49.971815438017074,0.0,45.59501426446708,0.0,45.301502955908575,0.0,0.0,0.0,0.0,0.0,0.0,0.0
10.0,7.38646932346617,0.0041385551603196,0.0041385551623645,0.99999143614562,0.999991436145619,49.41352418645757,0.0,49.97181498963875,0.0,45.59501425903764,0.0,45.30150286054669,0.0,0.0,0.0,0.0,0.0,0.0,0.0
10.0,7.3867193359668,0.0041386101243599,0.0041386101264048,0.999991435918145,0.999991435918144,49.413524165165896,0.0,49.97181454124638,0.0,45.59501425360801,0.0,45.30150276518167,0.0,0.0,0.0,0.0,0.0,0.0,0.0
10.0,7.38696934846742,0.0041386650894472,0.0041386650914922,0.999991435690663,0.999991435690662,49.41352414387352,0.0,49.97181409283997,0.0,45.5950142481782,0.0,45.30150266981352,0.0,0.0,0.0,0.0,0.0,0.0,0.0
10.0,7.38721936096805,0.0041387200555814,0.0041387200576265,0.9999914354631728,0.9999914354631728,49.413524122580434,0.0,49.97181364441953,0.0,45.59501424274819,0.0,45.301502574442246,0.0,0.0,0.0,0.0,0.0,0.0,0.0
10.0,7.38746937346867,0.0041387750227625,0.0041387750248077,0.999991435235676,0.999991435235676,49.41352410128665,0.0,49.97181319598504,0.0,45.595014237318,0.0,45.30150247906784,0.0,0.0,0.0,0.0,0.0,0.0,0.0
10.0,7.387719385969299,0.0041388299909905,0.0041388299930357,0.999991435008172,0.999991435008172,49.41352407999214,0.0,49.971812747536525,0.0,45.59501423188763,0.0,45.30150238369032,0.0,0.0,0.0,0.0,0.0,0.0,0.0
10.0,7.38796939846992,0.0041388849602652,0.0041388849623105,0.99999143478066,0.99999143478066,49.41352405869694,0.0,49.97181229907397,0.0,45.59501422645707,0.0,45.30150228830966,0.0,0.0,0.0,0.0,0.0,0.0,0.0
10.0,7.38821941097055,0.0041389399305867,0.0041389399326321,0.999991434553141,0.999991434553141,49.41352403740103,0.0,49.971811850597376,0.0,45.595014221026325,0.0,45.301502192925874,0.0,0.0,0.0,0.0,0.0,0.0,0.0
10.0,7.38846942347117,0.0041389949019549,0.0041389949040004,0.999991434325615,0.999991434325615,49.413524016104425,0.0,49.971811402106745,0.0,45.59501421559539,0.0,45.30150209753897,0.0,0.0,0.0,0.0,0.0,0.0,0.0
10.0,7.3887194359718,0.0041390498743697,0.0041390498764153,0.999991434098081,0.999991434098081,49.41352399480711,0.0,49.97181095360207,0.0,45.59501421016427,0.0,45.30150200214892,0.0,0.0,0.0,0.0,0.0,0.0,0.0
10.0,7.38896944847242,0.0041391048478311,0.0041391048498767,0.99999143387054,0.99999143387054,49.41352397350908,0.0,49.97181050508336,0.0,45.59501420473297,0.0,45.30150190675577,0.0,0.0,0.0,0.0,0.0,0.0,0.0
10.0,7.38921946097305,0.0041391598223391,0.0041391598243848,0.999991433642992,0.999991433642991,49.41352395221036,0.0,49.971810056550616,0.0,45.59501419930147,0.0,45.30150181135947,0.0,0.0,0.0,0.0,0.0,0.0,0.0
10.0,7.38946947347367,0.0041392147978935,0.0041392147999393,0.999991433415436,0.999991433415436,49.41352393091093,0.0,49.97180960800383,0.0,45.595014193869794,0.0,45.30150171596006,0.0,0.0,0.0,0.0,0.0,0.0,0.0
10.0,7.3897194859743,0.0041392697744944,0.0041392697765402,0.9999914331878732,0.9999914331878732,49.41352390961079,0.0,49.97180915944302,0.0,45.59501418843793,0.0,45.3015016205575,0.0,0.0,0.0,0.0,0.0,0.0,0.0
10.0,7.389969498474919,0.0041393247521417,0.0041393247541875,0.9999914329603028,0.999991432960302,49.41352388830995,0.0,49.97180871086817,0.0,45.59501418300588,0.0,45.30150152515183,0.0,0.0,0.0,0.0,0.0,0.0,0.0
10.0,7.39021951097555,0.0041393797308353,0.0041393797328812,0.999991432732725,0.999991432732724,49.413523867008415,0.0,49.97180826227928,0.0,45.59501417757364,0.0,45.30150142974303,0.0,0.0,0.0,0.0,0.0,0.0,0.0
10.0,7.39046952347617,0.0041394347105752,0.0041394347126212,0.99999143250514,0.9999914325051392,49.413523845706166,0.0,49.97180781367634,0.0,45.59501417214121,0.0,45.30150133433109,0.0,0.0,0.0,0.0,0.0,0.0,0.0
10.0,7.3907195359768,0.0041394896913613,0.0041394896934074,0.999991432277547,0.999991432277547,49.413523824403214,0.0,49.97180736505938,0.0,45.5950141667086,0.0,45.30150123891604,0.0,0.0,0.0,0.0,0.0,0.0,0.0
10.0,7.39096954847742,0.0041395446731937,0.0041395446752398,0.9999914320499468,0.9999914320499468,49.413523803099565,0.0,49.97180691642839,0.0,45.595014161275806,0.0,45.30150114349786,0.0,0.0,0.0,0.0,0.0,0.0,0.0
10.0,7.39121956097805,0.0041395996560721,0.0041395996581183,0.99999143182234,0.99999143182234,49.41352378179521,0.0,49.97180646778334,0.0,45.595014155842826,0.0,45.30150104807655,0.0,0.0,0.0,0.0,0.0,0.0,0.0
10.0,7.39146957347867,0.0041396546399967,0.0041396546420429,0.999991431594725,0.999991431594725,49.41352376049014,0.0,49.97180601912427,0.0,45.59501415040965,0.0,45.301500952652106,0.0,0.0,0.0,0.0,0.0,0.0,0.0
10.0,7.3917195859793,0.0041397096249673,0.0041397096270136,0.999991431367103,0.999991431367103,49.41352373918439,0.0,49.97180557045116,0.0,45.59501414497629,0.0,45.30150085722454,0.0,0.0,0.0,0.0,0.0,0.0,0.0
10.0,7.39196959847992,0.0041397646109839,0.0041397646130302,0.999991431139474,0.999991431139474,49.41352371787792,0.0,49.971805121764014,0.0,45.59501413954274,0.0,45.30150076179385,0.0,0.0,0.0,0.0,0.0,0.0,0.0
10.0,7.39221961098055,0.0041398195980464,0.0041398196000928,0.999991430911838,0.999991430911837,49.41352369657076,0.0,49.971804673062834,0.0,45.59501413410902,0.0,45.30150066636003,0.0,0.0,0.0,0.0,0.0,0.0,0.0
10.0,7.39246962348117,0.0041398745861549,0.0041398745882013,0.9999914306841928,0.9999914306841928,49.413523675262894,0.0,49.971804224347615,0.0,45.5950141286751,0.0,45.30150057092308,0.0,0.0,0.0,0.0,0.0,0.0,0.0
10.0,7.3927196359818,0.0041399295753091,0.0041399295773556,0.999991430456542,0.999991430456542,49.41352365395432,0.0,49.97180377561837,0.0,45.59501412324099,0.0,45.301500475483,0.0,0.0,0.0,0.0,0.0,0.0,0.0
10.0,7.39296964848242,0.0041399845655092,0.0041399845675557,0.999991430228883,0.999991430228883,49.413523632645045,0.0,49.97180332687508,0.0,45.59501411780671,0.0,45.301500380039805,0.0,0.0,0.0,0.0,0.0,0.0,0.0
10.0,7.39321966098305,0.004140039556755,0.0041400395588016,0.999991430001217,0.999991430001217,49.41352361133508,0.0,49.97180287811776,0.0,45.59501411237223,0.0,45.30150028459347,0.0,0.0,0.0,0.0,0.0,0.0,0.0
10.0,7.39346967348367,0.0041400945490465,0.0041400945510931,0.999991429773544,0.999991429773544,49.4135235900244,0.0,49.9718024293464,0.0,45.59501410693757,0.0,45.301500189144015,0.0,0.0,0.0,0.0,0.0,0.0,0.0
10.0,7.3937196859843,0.0041401495423836,0.0041401495444303,0.9999914295458632,0.9999914295458632,49.41352356871303,0.0,49.971801980561,0.0,45.59501410150272,0.0,45.30150009369143,0.0,0.0,0.0,0.0,0.0,0.0,0.0
10.0,7.39396969848492,0.0041402045367663,0.004140204538813,0.999991429318175,0.999991429318175,49.41352354740095,0.0,49.97180153176157,0.0,45.595014096067686,0.0,45.30149999823572,0.0,0.0,0.0,0.0,0.0,0.0,0.0
10.0,7.39421971098555,0.0041402595321946,0.0041402595342413,0.999991429090479,0.999991429090479,49.41352352608818,0.0,49.97180108294811,0.0,45.59501409063246,0.0,45.30149990277688,0.0,0.0,0.0,0.0,0.0,0.0,0.0
10.0,7.39446972348617,0.0041403145286683,0.0041403145307151,0.999991428862776,0.999991428862776,49.413523504774695,0.0,49.97180063412061,0.0,45.59501408519705,0.0,45.30149980731492,0.0,0.0,0.0,0.0,0.0,0.0,0.0
10.0,7.3947197359868,0.0041403695261875,0.0041403695282343,0.9999914286350658,0.9999914286350658,49.41352348346052,0.0,49.97180018527908,0.0,45.59501407976146,0.0,45.30149971184982,0.0,0.0,0.0,0.0,0.0,0.0,0.0
10.0,7.39496974848742,0.0041404245247521,0.0041404245267989,0.999991428407349,0.999991428407348,49.41352346214564,0.0,49.97179973642352,0.0,45.59501407432568,0.0,45.301499616381605,0.0,0.0,0.0,0.0,0.0,0.0,0.0
10.0,7.39521976098805,0.004140479524362,0.0041404795264089,0.999991428179624,0.999991428179623,49.41352344083006,0.0,49.97179928755392,0.0,45.5950140688897,0.0,45.30149952091026,0.0,0.0,0.0,0.0,0.0,0.0,0.0
10.0,7.395469773488669,0.0041405345250172,0.0041405345270641,0.999991427951892,0.999991427951891,49.41352341951378,0.0,49.971798838670274,0.0,45.595014063453554,0.0,45.30149942543578,0.0,0.0,0.0,0.0,0.0,0.0,0.0
10.0,7.3957197859893,0.0041405895267176,0.0041405895287646,0.999991427724152,0.999991427724152,49.4135233981968,0.0,49.9717983897726,0.0,45.59501405801721,0.0,45.301499329958176,0.0,0.0,0.0,0.0,0.0,0.0,0.0
10.0,7.39596979848992,0.0041406445294633,0.0041406445315102,0.999991427496405,0.999991427496405,49.41352337687913,0.0,49.9717979408609,0.0,45.59501405258069,0.0,45.301499234477454,0.0,0.0,0.0,0.0,0.0,0.0,0.0
10.0,7.39621981099055,0.004140699533254,0.004140699535301,0.999991427268651,0.99999142726865,49.41352335556075,0.0,49.97179749193516,0.0,45.59501404714397,0.0,45.3014991389936,0.0,0.0,0.0,0.0,0.0,0.0,0.0
10.0,7.39646982349117,0.0041407545380899,0.0041407545401369,0.9999914270408892,0.9999914270408892,49.41352333424168,0.0,49.97179704299538,0.0,45.595014041707074,0.0,45.30149904350662,0.0,0.0,0.0,0.0,0.0,0.0,0.0
10.0,7.3967198359918,0.0041408095439708,0.0041408095460178,0.99999142681312,0.99999142681312,49.413523312921896,0.0,49.97179659404159,0.0,45.59501403626999,0.0,45.30149894801651,0.0,0.0,0.0,0.0,0.0,0.0,0.0
10.0,7.39696984849242,0.0041408645508967,0.0041408645529437,0.999991426585343,0.999991426585343,49.41352329160142,0.0,49.97179614507374,0.0,45.59501403083272,0.0,45.30149885252327,0.0,0.0,0.0,0.0,0.0,0.0,0.0
10.0,7.39721986099305,0.0041409195588675,0.0041409195609146,0.99999142635756,0.99999142635756,49.41352327028025,0.0,49.97179569609187,0.0,45.59501402539526,0.0,45.301498757026906,0.0,0.0,0.0,0.0,0.0,0.0,0.0
10.0,7.39746987349367,0.0041409745678832,0.0041409745699303,0.999991426129769,0.999991426129768,49.41352324895838,0.0,49.97179524709596,0.0,45.5950140199576,0.0,45.30149866152742,0.0,0.0,0.0,0.0,0.0,0.0,0.0
10.0,7.3977198859943,0.0041410295779437,0.0041410295799909,0.999991425901971,0.99999142590197,49.41352322763581,0.0,49.97179479808602,0.0,45.59501401451978,0.0,45.3014985660248,0.0,0.0,0.0,0.0,0.0,0.0,0.0
10.0,7.39796989849492,0.0041410845890491,0.0041410845910962,0.999991425674165,0.999991425674164,49.41352320631256,0.0,49.97179434906205,0.0,45.59501400908176,0.0,45.30149847051905,0.0,0.0,0.0,0.0,0.0,0.0,0.0
10.0,7.39821991099555,0.0041411396011992,0.0041411396032463,0.999991425446351,0.999991425446351,49.41352318498858,0.0,49.97179390002404,0.0,45.59501400364355,0.0,45.301498375010176,0.0,0.0,0.0,0.0,0.0,0.0,0.0
10.0,7.39846992349618,0.0041411946143939,0.0041411946164411,0.999991425218531,0.99999142521853,49.41352316366392,0.0,49.971793450972,0.0,45.59501399820516,0.0,45.30149827949818,0.0,0.0,0.0,0.0,0.0,0.0,0.0
10.0,7.3987199359968,0.0041412496286333,0.0041412496306805,0.9999914249907028,0.999991424990702,49.41352314233856,0.0,49.97179300190593,0.0,45.59501399276659,0.0,45.30149818398306,0.0,0.0,0.0,0.0,0.0,0.0,0.0
10.0,7.39896994849742,0.0041413046439173,0.0041413046459646,0.999991424762868,0.999991424762868,49.4135231210125,0.0,49.97179255282583,0.0,45.59501398732782,0.0,45.3014980884648,0.0,0.0,0.0,0.0,0.0,0.0,0.0
10.0,7.39921996099805,0.0041413596602459,0.0041413596622931,0.9999914245350252,0.9999914245350252,49.41352309968575,0.0,49.97179210373168,0.0,45.59501398188887,0.0,45.30149799294342,0.0,0.0,0.0,0.0,0.0,0.0,0.0
10.0,7.39946997349867,0.0041414146776189,0.0041414146796661,0.999991424307175,0.999991424307175,49.4135230783583,0.0,49.97179165462351,0.0,45.59501397644973,0.0,45.30149789741892,0.0,0.0,0.0,0.0,0.0,0.0,0.0
10.0,7.3997199859993,0.0041414696960364,0.0041414696980836,0.999991424079318,0.999991424079318,49.41352305703015,0.0,49.97179120550131,0.0,45.59501397101041,0.0,45.30149780189128,0.0,0.0,0.0,0.0,0.0,0.0,0.0
10.0,7.39996999849992,0.0041415247154982,0.0041415247175455,0.999991423851453,0.999991423851453,49.41352303570131,0.0,49.97179075636507,0.0,45.59501396557089,0.0,45.301497706360514,0.0,0.0,0.0,0.0,0.0,0.0,0.0
10.0,7.400220011000551,0.0041415797360044,0.0041415797380516,0.999991423623581,0.999991423623581,49.41352301437177,0.0,49.97179030721481,0.0,45.5950139601312,0.0,45.30149761082664,0.0,0.0,0.0,0.0,0.0,0.0,0.0
10.0,7.40047002350117,0.0041416347575549,0.0041416347596021,0.999991423395702,0.999991423395702,49.413522993041525,0.0,49.971789858050506,0.0,45.59501395469132,0.0,45.30149751528962,0.0,0.0,0.0,0.0,0.0,0.0,0.0
10.0,7.4007200360018,0.0041416897801496,0.0041416897821968,0.9999914231678148,0.9999914231678148,49.41352297171059,0.0,49.97178940887217,0.0,45.595013949251246,0.0,45.30149741974948,0.0,0.0,0.0,0.0,0.0,0.0,0.0
10.0,7.40097004850243,0.0041417448037885,0.0041417448058357,0.999991422939921,0.999991422939921,49.41352295037896,0.0,49.971788959679806,0.0,45.59501394381099,0.0,45.30149732420621,0.0,0.0,0.0,0.0,0.0,0.0,0.0
10.0,7.40122006100305,0.0041417998284715,0.0041417998305188,0.99999142271202,0.99999142271202,49.41352292904664,0.0,49.97178851047342,0.0,45.59501393837054,0.0,45.30149722865981,0.0,0.0,0.0,0.0,0.0,0.0,0.0
10.0,7.40147007350368,0.0041418548541987,0.0041418548562459,0.9999914224841108,0.999991422484111,49.41352290771362,0.0,49.97178806125299,0.0,45.59501393292991,0.0,45.30149713311029,0.0,0.0,0.0,0.0,0.0,0.0,0.0
10.0,7.4017200860043,0.0041419098809698,0.0041419098830171,0.9999914222561952,0.9999914222561952,49.41352288637991,0.0,49.97178761201853,0.0,45.5950139274891,0.0,45.301497037557645,0.0,0.0,0.0,0.0,0.0,0.0,0.0
10.0,7.40197009850492,0.004141964908785,0.0041419649108322,0.999991422028272,0.9999914220282712,49.41352286504549,0.0,49.97178716277004,0.0,45.595013922048096,0.0,45.30149694200187,0.0,0.0,0.0,0.0,0.0,0.0,0.0
10.0,7.40222011100555,0.0041420199376441,0.0041420199396913,0.999991421800341,0.99999142180034,49.41352284371039,0.0,49.97178671350751,0.0,45.59501391660691,0.0,45.301496846442966,0.0,0.0,0.0,0.0,0.0,0.0,0.0
10.0,7.40247012350618,0.0041420749675471,0.0041420749695943,0.9999914215724028,0.999991421572402,49.41352282237459,0.0,49.97178626423096,0.0,45.59501391116553,0.0,45.301496750880936,0.0,0.0,0.0,0.0,0.0,0.0,0.0
10.0,7.4027201360068,0.0041421299984939,0.0041421300005411,0.999991421344457,0.999991421344457,49.4135228010381,0.0,49.971785814940375,0.0,45.59501390572397,0.0,45.30149665531577,0.0,0.0,0.0,0.0,0.0,0.0,0.0
10.0,7.40297014850743,0.0041421850304845,0.0041421850325317,0.999991421116504,0.999991421116504,49.41352277970091,0.0,49.97178536563576,0.0,45.59501390028223,0.0,45.3014965597475,0.0,0.0,0.0,0.0,0.0,0.0,0.0
10.0,7.40322016100805,0.0041422400635189,0.004142240065566,0.999991420888544,0.999991420888544,49.41352275836303,0.0,49.97178491631711,0.0,45.595013894840285,0.0,45.30149646417609,0.0,0.0,0.0,0.0,0.0,0.0,0.0
10.0,7.403470173508679,0.0041422950975969,0.0041422950996441,0.999991420660576,0.999991420660576,49.41352273702445,0.0,49.971784466984445,0.0,45.59501388939817,0.0,45.30149636860156,0.0,0.0,0.0,0.0,0.0,0.0,0.0
10.0,7.4037201860093,0.0041423501327186,0.0041423501347657,0.999991420432602,0.999991420432601,49.413522715685176,0.0,49.97178401763773,0.0,45.59501388395586,0.0,45.301496273023886,0.0,0.0,0.0,0.0,0.0,0.0,0.0
10.0,7.40397019850993,0.0041424051688838,0.004142405170931,0.9999914202046188,0.9999914202046188,49.41352269434522,0.0,49.97178356827699,0.0,45.59501387851336,0.0,45.3014961774431,0.0,0.0,0.0,0.0,0.0,0.0,0.0
10.0,7.40422021101055,0.0041424602060926,0.0041424602081398,0.99999141997663,0.999991419976629,49.41352267300456,0.0,49.97178311890222,0.0,45.59501387307069,0.0,45.30149608185918,0.0,0.0,0.0,0.0,0.0,0.0,0.0
10.0,7.40447022351117,0.0041425152443449,0.004142515246392,0.999991419748633,0.999991419748632,49.41352265166321,0.0,49.97178266951342,0.0,45.59501386762781,0.0,45.30149598627214,0.0,0.0,0.0,0.0,0.0,0.0,0.0
10.0,7.4047202360118,0.0041425702836407,0.0041425702856877,0.999991419520628,0.999991419520628,49.41352263032117,0.0,49.9717822201106,0.0,45.59501386218477,0.0,45.30149589068197,0.0,0.0,0.0,0.0,0.0,0.0,0.0
10.0,7.40497024851243,0.0041426253239798,0.0041426253260268,0.999991419292616,0.999991419292616,49.413522608978425,0.0,49.97178177069374,0.0,45.59501385674152,0.0,45.30149579508867,0.0,0.0,0.0,0.0,0.0,0.0,0.0
10.0,7.40522026101305,0.0041426803653622,0.0041426803674093,0.999991419064597,0.999991419064597,49.413522587635,0.0,49.971781321262846,0.0,45.59501385129809,0.0,45.30149569949224,0.0,0.0,0.0,0.0,0.0,0.0,0.0
10.0,7.40547027351368,0.004142735407788,0.004142735409835,0.9999914188365712,0.9999914188365712,49.41352256629088,0.0,49.97178087181793,0.0,45.59501384585448,0.0,45.3014956038927,0.0,0.0,0.0,0.0,0.0,0.0,0.0
10.0,7.405720286014301,0.004142790451257,0.004142790453304,0.999991418608537,0.999991418608537,49.41352254494606,0.0,49.971780422358975,0.0,45.59501384041069,0.0,45.30149550829001,0.0,0.0,0.0,0.0,0.0,0.0,0.0
10.0,7.40597029851493,0.0041428454957691,0.0041428454978161,0.999991418380496,0.999991418380496,49.41352252360057,0.0,49.97177997288599,0.0,45.5950138349667,0.0,45.30149541268421,0.0,0.0,0.0,0.0,0.0,0.0,0.0
10.0,7.40622031101555,0.0041429005413245,0.0041429005433714,0.999991418152448,0.999991418152447,49.41352250225436,0.0,49.97177952339899,0.0,45.59501382952252,0.0,45.301495317075286,0.0,0.0,0.0,0.0,0.0,0.0,0.0
10.0,7.40647032351618,0.0041429555879229,0.0041429555899697,0.9999914179243918,0.9999914179243918,49.41352248090747,0.0,49.97177907389795,0.0,45.595013824078165,0.0,45.30149522146322,0.0,0.0,0.0,0.0,0.0,0.0,0.0
10.0,7.4067203360168,0.0041430106355643,0.0041430106376112,0.999991417696329,0.999991417696328,49.413522459559886,0.0,49.97177862438288,0.0,45.59501381863362,0.0,45.30149512584804,0.0,0.0,0.0,0.0,0.0,0.0,0.0
10.0,7.40697034851743,0.0041430656842487,0.0041430656862955,0.999991417468258,0.999991417468258,49.41352243821162,0.0,49.97177817485379,0.0,45.59501381318889,0.0,45.30149503022973,0.0,0.0,0.0,0.0,0.0,0.0,0.0
10.0,7.40722036101805,0.0041431207339761,0.0041431207360229,0.99999141724018,0.99999141724018,49.41352241686266,0.0,49.97177772531066,0.0,45.595013807743975,0.0,45.3014949346083,0.0,0.0,0.0,0.0,0.0,0.0,0.0
10.0,7.40747037351868,0.0041431757847463,0.0041431757867931,0.999991417012095,0.999991417012095,49.413522395513,0.0,49.9717772757535,0.0,45.59501380229887,0.0,45.30149483898373,0.0,0.0,0.0,0.0,0.0,0.0,0.0
10.0,7.4077203860193,0.0041432308365594,0.0041432308386061,0.999991416784003,0.999991416784002,49.41352237416265,0.0,49.97177682618232,0.0,45.59501379685357,0.0,45.30149474335604,0.0,0.0,0.0,0.0,0.0,0.0,0.0
10.0,7.40797039851993,0.0041432858894153,0.004143285891462,0.999991416555903,0.999991416555902,49.41352235281162,0.0,49.97177637659711,0.0,45.5950137914081,0.0,45.30149464772522,0.0,0.0,0.0,0.0,0.0,0.0,0.0
10.0,7.40822041102055,0.0041433409433139,0.0041433409453606,0.999991416327795,0.999991416327795,49.413522331459895,0.0,49.97177592699787,0.0,45.59501378596243,0.0,45.301494552091285,0.0,0.0,0.0,0.0,0.0,0.0,0.0
10.0,7.40847042352118,0.0041433959982553,0.0041433960003018,0.999991416099681,0.99999141609968,49.413522310107474,0.0,49.9717754773846,0.0,45.59501378051659,0.0,45.30149445645421,0.0,0.0,0.0,0.0,0.0,0.0,0.0
10.0,7.4087204360218,0.0041434510542392,0.0041434510562857,0.9999914158715592,0.9999914158715592,49.41352228875437,0.0,49.971775027757296,0.0,45.59501377507054,0.0,45.30149436081401,0.0,0.0,0.0,0.0,0.0,0.0,0.0
10.0,7.408970448522429,0.0041435061112657,0.0041435061133122,0.999991415643429,0.999991415643429,49.41352226740058,0.0,49.97177457811597,0.0,45.59501376962432,0.0,45.30149426517068,0.0,0.0,0.0,0.0,0.0,0.0,0.0
10.0,7.40922046102305,0.0041435611693348,0.0041435611713813,0.9999914154152928,0.999991415415292,49.41352224604609,0.0,49.971774128460616,0.0,45.59501376417792,0.0,45.30149416952424,0.0,0.0,0.0,0.0,0.0,0.0,0.0
10.0,7.40947047352368,0.0041436162284464,0.0041436162304928,0.9999914151871492,0.9999914151871492,49.41352222469092,0.0,49.97177367879122,0.0,45.59501375873131,0.0,45.30149407387466,0.0,0.0,0.0,0.0,0.0,0.0,0.0
10.0,7.4097204860243,0.0041436712886004,0.0041436712906467,0.999991414958997,0.999991414958997,49.41352220333505,0.0,49.97177322910782,0.0,45.59501375328453,0.0,45.30149397822196,0.0,0.0,0.0,0.0,0.0,0.0,0.0
10.0,7.40997049852493,0.0041437263497968,0.0041437263518431,0.999991414730839,0.999991414730838,49.4135221819785,0.0,49.97177277941038,0.0,45.59501374783756,0.0,45.30149388256613,0.0,0.0,0.0,0.0,0.0,0.0,0.0
10.0,7.41022051102555,0.0041437814120355,0.0041437814140817,0.999991414502672,0.999991414502672,49.413522160621255,0.0,49.97177232969891,0.0,45.5950137423904,0.0,45.30149378690717,0.0,0.0,0.0,0.0,0.0,0.0,0.0
10.0,7.41047052352618,0.0041438364753165,0.0041438364773627,0.999991414274499,0.999991414274499,49.41352213926333,0.0,49.97177187997342,0.0,45.595013736943066,0.0,45.30149369124509,0.0,0.0,0.0,0.0,0.0,0.0,0.0
10.0,7.4107205360268,0.0041438915396398,0.0041438915416859,0.999991414046318,0.999991414046318,49.41352211790471,0.0,49.971771430233886,0.0,45.595013731495534,0.0,45.30149359557988,0.0,0.0,0.0,0.0,0.0,0.0,0.0
10.0,7.41097054852743,0.0041439466050052,0.0041439466070513,0.99999141381813,0.99999141381813,49.41352209654539,0.0,49.97177098048034,0.0,45.59501372604782,0.0,45.30149349991155,0.0,0.0,0.0,0.0,0.0,0.0,0.0
10.0,7.411220561028049,0.0041440016714128,0.0041440016734588,0.999991413589935,0.999991413589934,49.4135220751854,0.0,49.97177053071275,0.0,45.59501372059992,0.0,45.30149340424009,0.0,0.0,0.0,0.0,0.0,0.0,0.0
10.0,7.41147057352868,0.0041440567388625,0.0041440567409085,0.999991413361732,0.999991413361731,49.41352205382472,0.0,49.97177008093116,0.0,45.59501371515184,0.0,45.30149330856549,0.0,0.0,0.0,0.0,0.0,0.0,0.0
10.0,7.4117205860293,0.0041441118073542,0.0041441118094001,0.999991413133522,0.999991413133521,49.41352203246334,0.0,49.97176963113553,0.0,45.59501370970355,0.0,45.301493212887785,0.0,0.0,0.0,0.0,0.0,0.0,0.0
10.0,7.41197059852993,0.0041441668768879,0.0041441668789337,0.999991412905304,0.999991412905304,49.41352201110129,0.0,49.97176918132587,0.0,45.59501370425509,0.0,45.30149311720695,0.0,0.0,0.0,0.0,0.0,0.0,0.0
10.0,7.41222061103055,0.0041442219474636,0.0041442219495093,0.999991412677079,0.999991412677079,49.41352198973854,0.0,49.97176873150218,0.0,45.59501369880645,0.0,45.30149302152297,0.0,0.0,0.0,0.0,0.0,0.0,0.0
10.0,7.41247062353118,0.0041442770190811,0.0041442770211268,0.9999914124488468,0.9999914124488468,49.4135219683751,0.0,49.97176828166447,0.0,45.59501369335761,0.0,45.30149292583589,0.0,0.0,0.0,0.0,0.0,0.0,0.0
10.0,7.4127206360318,0.0041443320917405,0.0041443320937861,0.999991412220607,0.999991412220607,49.41352194701098,0.0,49.97176783181273,0.0,45.59501368790859,0.0,45.30149283014567,0.0,0.0,0.0,0.0,0.0,0.0,0.0
10.0,7.41297064853243,0.0041443871654417,0.0041443871674872,0.99999141199236,0.99999141199236,49.41352192564617,0.0,49.97176738194696,0.0,45.59501368245938,0.0,45.30149273445232,0.0,0.0,0.0,0.0,0.0,0.0,0.0
10.0,7.41322066103305,0.0041444422401846,0.00414444224223,0.999991411764106,0.999991411764106,49.413521904280685,0.0,49.97176693206716,0.0,45.59501367700999,0.0,45.30149263875584,0.0,0.0,0.0,0.0,0.0,0.0,0.0
10.0,7.41347067353368,0.0041444973159692,0.0041444973180146,0.999991411535844,0.999991411535844,49.413521882914495,0.0,49.97176648217335,0.0,45.59501367156041,0.0,45.30149254305624,0.0,0.0,0.0,0.0,0.0,0.0,0.0
10.0,7.4137206860343,0.0041445523927954,0.0041445523948407,0.999991411307575,0.999991411307575,49.41352186154764,0.0,49.9717660322655,0.0,45.59501366611063,0.0,45.30149244735352,0.0,0.0,0.0,0.0,0.0,0.0,0.0
10.0,7.41397069853493,0.0041446074706632,0.0041446074727085,0.999991411079299,0.999991411079299,49.41352184018008,0.0,49.97176558234364,0.0,45.59501366066069,0.0,45.30149235164766,0.0,0.0,0.0,0.0,0.0,0.0,0.0
10.0,7.41422071103555,0.0041446625495726,0.0041446625516178,0.999991410851015,0.999991410851015,49.41352181881184,0.0,49.97176513240774,0.0,45.59501365521055,0.0,45.30149225593869,0.0,0.0,0.0,0.0,0.0,0.0,0.0
10.0,7.41447072353618,0.0041447176295234,0.0041447176315685,0.999991410622724,0.999991410622724,49.41352179744292,0.0,49.97176468245781,0.0,45.59501364976023,0.0,45.30149216022658,0.0,0.0,0.0,0.0,0.0,0.0,0.0
10.0,7.4147207360368,0.0041447727105157,0.0041447727125607,0.999991410394426,0.999991410394425,49.41352177607331,0.0,49.97176423249386,0.0,45.59501364430971,0.0,45.30149206451135,0.0,0.0,0.0,0.0,0.0,0.0,0.0
10.0,7.41497074853743,0.0041448277925494,0.0041448277945943,0.99999141016612,0.99999141016612,49.41352175470301,0.0,49.97176378251588,0.0,45.59501363885901,0.0,45.301491968793,0.0,0.0,0.0,0.0,0.0,0.0,0.0
10.0,7.41522076103805,0.0041448828756244,0.0041448828776693,0.999991409937807,0.999991409937806,49.41352173333203,0.0,49.97176333252389,0.0,45.59501363340813,0.0,45.30149187307151,0.0,0.0,0.0,0.0,0.0,0.0,0.0
10.0,7.41547077353868,0.0041449379597408,0.0041449379617855,0.999991409709486,0.999991409709486,49.41352171196037,0.0,49.97176288251786,0.0,45.59501362795705,0.0,45.3014917773469,0.0,0.0,0.0,0.0,0.0,0.0,0.0
10.0,7.4157207860393,0.0041449930448983,0.004144993046943,0.999991409481158,0.999991409481158,49.41352169058802,0.0,49.971762432497805,0.0,45.59501362250579,0.0,45.30149168161917,0.0,0.0,0.0,0.0,0.0,0.0,0.0
10.0,7.41597079853993,0.0041450481310971,0.0041450481331416,0.999991409252823,0.999991409252823,49.41352166921498,0.0,49.97176198246373,0.0,45.59501361705435,0.0,45.3014915858883,0.0,0.0,0.0,0.0,0.0,0.0,0.0
10.0,7.41622081104055,0.0041451032183369,0.0041451032203814,0.99999140902448,0.99999140902448,49.413521647841264,0.0,49.97176153241563,0.0,45.59501361160272,0.0,45.30149149015432,0.0,0.0,0.0,0.0,0.0,0.0,0.0
10.0,7.41647082354118,0.0041451583066179,0.0041451583086623,0.999991408796131,0.99999140879613,49.41352162646685,0.0,49.971761082353495,0.0,45.59501360615089,0.0,45.3014913944172,0.0,0.0,0.0,0.0,0.0,0.0,0.0
10.0,7.416720836041799,0.0041452133959399,0.0041452133979843,0.999991408567773,0.999991408567773,49.41352160509177,0.0,49.97176063227735,0.0,45.5950136006989,0.0,45.30149129867696,0.0,0.0,0.0,0.0,0.0,0.0,0.0
10.0,7.41697084854243,0.0041452684863029,0.0041452684883472,0.9999914083394088,0.999991408339408,49.413521583716,0.0,49.97176018218716,0.0,45.59501359524671,0.0,45.30149120293359,0.0,0.0,0.0,0.0,0.0,0.0,0.0
10.0,7.41722086104305,0.0041453235777069,0.004145323579751,0.9999914081110371,0.9999914081110371,49.41352156233953,0.0,49.971759732082965,0.0,45.59501358979433,0.0,45.3014911071871,0.0,0.0,0.0,0.0,0.0,0.0,0.0
10.0,7.41747087354368,0.0041453786701517,0.0041453786721958,0.999991407882658,0.999991407882657,49.4135215409624,0.0,49.97175928196474,0.0,45.59501358434176,0.0,45.30149101143748,0.0,0.0,0.0,0.0,0.0,0.0,0.0
10.0,7.4177208860443,0.0041454337636374,0.0041454337656814,0.999991407654271,0.999991407654271,49.41352151958458,0.0,49.97175883183249,0.0,45.595013578889,0.0,45.30149091568473,0.0,0.0,0.0,0.0,0.0,0.0,0.0
10.0,7.41797089854493,0.0041454888581639,0.0041454888602077,0.999991407425877,0.999991407425877,49.41352149820608,0.0,49.971758381686215,0.0,45.59501357343607,0.0,45.30149081992886,0.0,0.0,0.0,0.0,0.0,0.0,0.0
10.0,7.41822091104555,0.0041455439537311,0.0041455439557748,0.999991407197476,0.999991407197475,49.41352147682689,0.0,49.97175793152592,0.0,45.59501356798295,0.0,45.30149072416986,0.0,0.0,0.0,0.0,0.0,0.0,0.0
10.0,7.41847092354618,0.004145599050339,0.0041455990523826,0.999991406969067,0.999991406969067,49.41352145544702,0.0,49.9717574813516,0.0,45.59501356252964,0.0,45.30149062840774,0.0,0.0,0.0,0.0,0.0,0.0,0.0
10.0,7.4187209360468,0.0041456541479876,0.0041456541500311,0.999991406740651,0.999991406740651,49.41352143406647,0.0,49.97175703116324,0.0,45.59501355707614,0.0,45.30149053264249,0.0,0.0,0.0,0.0,0.0,0.0,0.0
10.0,7.41897094854743,0.0041457092466767,0.0041457092487201,0.999991406512228,0.9999914065122272,49.41352141268523,0.0,49.97175658096087,0.0,45.59501355162246,0.0,45.30149043687411,0.0,0.0,0.0,0.0,0.0,0.0,0.0
10.0,7.41922096104805,0.0041457643464064,0.0041457643484497,0.999991406283797,0.999991406283797,49.41352139130331,0.0,49.97175613074448,0.0,45.59501354616859,0.0,45.30149034110261,0.0,0.0,0.0,0.0,0.0,0.0,0.0
10.0,7.41947097354868,0.0041458194471766,0.0041458194492198,0.9999914060553592,0.999991406055358,49.41352136992072,0.0,49.97175568051405,0.0,45.59501354071453,0.0,45.30149024532798,0.0,0.0,0.0,0.0,0.0,0.0,0.0
10.0,7.4197209860493,0.0041458745489872,0.0041458745510303,0.999991405826913,0.999991405826913,49.41352134853744,0.0,49.97175523026961,0.0,45.595013535260286,0.0,45.30149014955023,0.0,0.0,0.0,0.0,0.0,0.0,0.0
10.0,7.41997099854993,0.0041459296518382,0.0041459296538812,0.99999140559846,0.99999140559846,49.41352132715347,0.0,49.97175478001114,0.0,45.59501352980586,0.0,45.30149005376934,0.0,0.0,0.0,0.0,0.0,0.0,0.0
10.0,7.42022101105055,0.0041459847557295,0.0041459847577724,0.99999140537,0.99999140537,49.41352130576883,0.0,49.97175432973865,0.0,45.59501352435125,0.0,45.30148995798534,0.0,0.0,0.0,0.0,0.0,0.0,0.0
10.0,7.42047102355118,0.0041460398606612,0.0041460398627039,0.9999914051415332,0.999991405141532,49.41352128438351,0.0,49.97175387945214,0.0,45.59501351889645,0.0,45.30148986219821,0.0,0.0,0.0,0.0,0.0,0.0,0.0
10.0,7.4207210360518,0.0041460949666331,0.0041460949686757,0.999991404913058,0.999991404913058,49.4135212629975,0.0,49.9717534291516,0.0,45.59501351344146,0.0,45.30148976640794,0.0,0.0,0.0,0.0,0.0,0.0,0.0
10.0,7.42097104855243,0.0041461500736451,0.0041461500756876,0.999991404684576,0.999991404684575,49.41352124161081,0.0,49.97175297883704,0.0,45.59501350798629,0.0,45.30148967061456,0.0,0.0,0.0,0.0,0.0,0.0,0.0
10.0,7.42122106105305,0.0041462051816973,0.0041462051837397,0.999991404456086,0.999991404456086,49.41352122022345,0.0,49.97175252850846,0.0,45.59501350253092,0.0,45.30148957481805,0.0,0.0,0.0,0.0,0.0,0.0,0.0
10.0,7.421471073553681,0.0041462602907897,0.0041462602928319,0.999991404227589,0.999991404227589,49.4135211988354,0.0,49.971752078165856,0.0,45.59501349707538,0.0,45.30148947901841,0.0,0.0,0.0,0.0,0.0,0.0,0.0
10.0,7.4217210860543,0.004146315400922,0.0041463154029642,0.999991403999085,0.999991403999084,49.41352117744667,0.0,49.971751627809226,0.0,45.59501349161963,0.0,45.30148938321565,0.0,0.0,0.0,0.0,0.0,0.0,0.0
10.0,7.42197109855493,0.0041463705120944,0.0041463705141364,0.9999914037705732,0.9999914037705732,49.41352115605726,0.0,49.97175117743858,0.0,45.59501348616372,0.0,45.301489287409765,0.0,0.0,0.0,0.0,0.0,0.0,0.0
10.0,7.42222111105555,0.0041464256243066,0.0041464256263486,0.999991403542055,0.999991403542054,49.41352113466718,0.0,49.9717507270539,0.0,45.59501348070761,0.0,45.30148919160074,0.0,0.0,0.0,0.0,0.0,0.0,0.0
10.0,7.42247112355618,0.0041464807375588,0.0041464807396006,0.999991403313528,0.999991403313528,49.41352111327641,0.0,49.97175027665521,0.0,45.595013475251314,0.0,45.30148909578861,0.0,0.0,0.0,0.0,0.0,0.0,0.0
10.0,7.4227211360568,0.0041465358518509,0.0041465358538925,0.999991403084994,0.999991403084994,49.41352109188496,0.0,49.97174982624249,0.0,45.59501346979484,0.0,45.30148899997334,0.0,0.0,0.0,0.0,0.0,0.0,0.0
10.0,7.42297114855743,0.0041465909671827,0.0041465909692242,0.999991402856453,0.999991402856453,49.413521070492834,0.0,49.97174937581575,0.0,45.595013464338166,0.0,45.301488904154944,0.0,0.0,0.0,0.0,0.0,0.0,0.0
10.0,7.42322116105805,0.0041466460835542,0.0041466460855956,0.999991402627905,0.999991402627905,49.41352104910003,0.0,49.97174892537499,0.0,45.59501345888132,0.0,45.30148880833343,0.0,0.0,0.0,0.0,0.0,0.0,0.0
10.0,7.42347117355868,0.0041467012009655,0.0041467012030068,0.9999914023993488,0.9999914023993488,49.413521027706544,0.0,49.97174847492021,0.0,45.59501345342428,0.0,45.30148871250879,0.0,0.0,0.0,0.0,0.0,0.0,0.0
10.0,7.4237211860593,0.0041467563194164,0.0041467563214575,0.999991402170786,0.999991402170786,49.41352100631239,0.0,49.97174802445139,0.0,45.59501344796705,0.0,45.30148861668101,0.0,0.0,0.0,0.0,0.0,0.0,0.0
10.0,7.42397119855993,0.0041468114389069,0.0041468114409479,0.999991401942216,0.999991401942215,49.41352098491754,0.0,49.97174757396856,0.0,45.59501344250963,0.0,45.301488520850114,0.0,0.0,0.0,0.0,0.0,0.0,0.0
10.0,7.42422121106055,0.0041468665594369,0.0041468665614778,0.999991401713638,0.999991401713638,49.41352096352202,0.0,49.97174712347172,0.0,45.59501343705203,0.0,45.301488425016096,0.0,0.0,0.0,0.0,0.0,0.0,0.0
10.0,7.42447122356118,0.0041469216810065,0.0041469216830472,0.999991401485053,0.999991401485053,49.41352094212582,0.0,49.97174667296085,0.0,45.595013431594246,0.0,45.30148832917895,0.0,0.0,0.0,0.0,0.0,0.0,0.0
10.0,7.4247212360618,0.0041469768036154,0.004146976805656,0.999991401256461,0.99999140125646,49.41352092072895,0.0,49.971746222435954,0.0,45.59501342613628,0.0,45.301488233338674,0.0,0.0,0.0,0.0,0.0,0.0,0.0
10.0,7.42497124856243,0.0041470319272638,0.0041470319293042,0.9999914010278608,0.99999140102786,49.4135208993314,0.0,49.97174577189704,0.0,45.595013420678114,0.0,45.30148813749527,0.0,0.0,0.0,0.0,0.0,0.0,0.0
10.0,7.42522126106305,0.0041470870519515,0.0041470870539918,0.999991400799254,0.999991400799253,49.413520877933166,0.0,49.97174532134411,0.0,45.59501341521977,0.0,45.30148804164874,0.0,0.0,0.0,0.0,0.0,0.0,0.0
10.0,7.42547127356368,0.0041471421776785,0.0041471421797187,0.999991400570639,0.9999914005706392,49.41352085653426,0.0,49.97174487077715,0.0,45.59501340976124,0.0,45.30148794579909,0.0,0.0,0.0,0.0,0.0,0.0,0.0
10.0,7.4257212860643,0.0041471973044448,0.0041471973064848,0.999991400342017,0.999991400342017,49.41352083513467,0.0,49.97174442019617,0.0,45.59501340430252,0.0,45.30148784994631,0.0,0.0,0.0,0.0,0.0,0.0,0.0
10.0,7.42597129856493,0.0041472524322502,0.0041472524342901,0.999991400113388,0.999991400113388,49.41352081373441,0.0,49.97174396960117,0.0,45.59501339884362,0.0,45.30148775409041,0.0,0.0,0.0,0.0,0.0,0.0,0.0
10.0,7.42622131106555,0.0041473075610948,0.0041473075631345,0.999991399884751,0.999991399884751,49.41352079233347,0.0,49.97174351899216,0.0,45.59501339338453,0.0,45.30148765823137,0.0,0.0,0.0,0.0,0.0,0.0,0.0
10.0,7.42647132356618,0.0041473626909785,0.0041473626930181,0.999991399656108,0.9999913996561068,49.413520770931854,0.0,49.97174306836912,0.0,45.59501338792525,0.0,45.301487562369225,0.0,0.0,0.0,0.0,0.0,0.0,0.0
10.0,7.4267213360668,0.0041474178219013,0.0041474178239407,0.999991399427456,0.999991399427456,49.41352074952956,0.0,49.971742617732055,0.0,45.59501338246578,0.0,45.30148746650394,0.0,0.0,0.0,0.0,0.0,0.0,0.0
10.0,7.426971348567431,0.004147472953863,0.0041474729559022,0.999991399198798,0.999991399198797,49.4135207281266,0.0,49.971742167080976,0.0,45.59501337700613,0.0,45.301487370635535,0.0,0.0,0.0,0.0,0.0,0.0,0.0
10.0,7.42722136106805,0.0041475280868637,0.0041475280889028,0.999991398970132,0.999991398970131,49.41352070672295,0.0,49.97174171641588,0.0,45.5950133715463,0.0,45.301487274764014,0.0,0.0,0.0,0.0,0.0,0.0,0.0
10.0,7.42747137356868,0.0041475832209032,0.0041475832229422,0.999991398741458,0.999991398741458,49.41352068531863,0.0,49.97174126573675,0.0,45.59501336608627,0.0,45.30148717888935,0.0,0.0,0.0,0.0,0.0,0.0,0.0
10.0,7.4277213860693,0.0041476383559817,0.0041476383580205,0.999991398512778,0.999991398512777,49.41352066391364,0.0,49.97174081504362,0.0,45.59501336062606,0.0,45.301487083011565,0.0,0.0,0.0,0.0,0.0,0.0,0.0
10.0,7.42797139856993,0.0041476934920989,0.0041476934941375,0.99999139828409,0.999991398284089,49.41352064250797,0.0,49.97174036433645,0.0,45.59501335516566,0.0,45.30148698713065,0.0,0.0,0.0,0.0,0.0,0.0,0.0
10.0,7.42822141107055,0.0041477486292548,0.0041477486312933,0.9999913980553942,0.9999913980553942,49.41352062110162,0.0,49.97173991361528,0.0,45.59501334970509,0.0,45.30148689124661,0.0,0.0,0.0,0.0,0.0,0.0,0.0
10.0,7.42847142357118,0.0041478037674495,0.0041478037694878,0.999991397826692,0.999991397826691,49.4135205996946,0.0,49.97173946288007,0.0,45.59501334424432,0.0,45.301486795359466,0.0,0.0,0.0,0.0,0.0,0.0,0.0
10.0,7.4287214360718,0.0041478589066828,0.0041478589087209,0.999991397597981,0.999991397597981,49.4135205782869,0.0,49.97173901213085,0.0,45.59501333878336,0.0,45.30148669946917,0.0,0.0,0.0,0.0,0.0,0.0,0.0
10.0,7.42897144857243,0.0041479140469547,0.0041479140489927,0.999991397369264,0.999991397369264,49.41352055687853,0.0,49.971738561367616,0.0,45.59501333332221,0.0,45.30148660357576,0.0,0.0,0.0,0.0,0.0,0.0,0.0
10.0,7.429221461073051,0.0041479691882652,0.004147969190303,0.9999913971405388,0.9999913971405388,49.41352053546949,0.0,49.97173811059035,0.0,45.59501332786088,0.0,45.301486507679215,0.0,0.0,0.0,0.0,0.0,0.0,0.0
10.0,7.42947147357368,0.0041480243306141,0.0041480243326517,0.999991396911807,0.999991396911807,49.41352051405976,0.0,49.97173765979907,0.0,45.59501332239937,0.0,45.30148641177957,0.0,0.0,0.0,0.0,0.0,0.0,0.0
10.0,7.4297214860743,0.0041480794740015,0.004148079476039,0.999991396683068,0.999991396683067,49.41352049264937,0.0,49.97173720899378,0.0,45.59501331693767,0.0,45.301486315876765,0.0,0.0,0.0,0.0,0.0,0.0,0.0
10.0,7.42997149857493,0.0041481346184273,0.0041481346204646,0.999991396454321,0.999991396454321,49.4135204712383,0.0,49.97173675817446,0.0,45.59501331147578,0.0,45.301486219970855,0.0,0.0,0.0,0.0,0.0,0.0,0.0
10.0,7.43022151107555,0.0041481897638914,0.0041481897659286,0.999991396225567,0.999991396225566,49.41352044982656,0.0,49.97173630734112,0.0,45.595013306013705,0.0,45.30148612406181,0.0,0.0,0.0,0.0,0.0,0.0,0.0
10.0,7.43047152357618,0.0041482449103939,0.0041482449124308,0.999991395996806,0.9999913959968048,49.41352042841415,0.0,49.97173585649377,0.0,45.59501330055144,0.0,45.30148602814965,0.0,0.0,0.0,0.0,0.0,0.0,0.0
10.0,7.4307215360768,0.0041483000579346,0.0041483000599713,0.999991395768036,0.999991395768036,49.41352040700105,0.0,49.9717354056324,0.0,45.59501329508899,0.0,45.30148593223435,0.0,0.0,0.0,0.0,0.0,0.0,0.0
10.0,7.43097154857743,0.0041483552065134,0.00414835520855,0.99999139553926,0.99999139553926,49.4135203855873,0.0,49.971734954757,0.0,45.595013289626365,0.0,45.30148583631593,0.0,0.0,0.0,0.0,0.0,0.0,0.0
10.0,7.43122156107805,0.0041484103561305,0.0041484103581669,0.9999913953104772,0.999991395310476,49.41352036417286,0.0,49.97173450386759,0.0,45.595013284163535,0.0,45.30148574039439,0.0,0.0,0.0,0.0,0.0,0.0,0.0
10.0,7.43147157357868,0.0041484655067856,0.0041484655088218,0.999991395081686,0.999991395081686,49.41352034275776,0.0,49.97173405296416,0.0,45.59501327870053,0.0,45.30148564446972,0.0,0.0,0.0,0.0,0.0,0.0,0.0
10.0,7.4317215860793,0.0041485206584788,0.0041485206605148,0.999991394852888,0.999991394852887,49.41352032134198,0.0,49.97173360204671,0.0,45.595013273237335,0.0,45.301485548541926,0.0,0.0,0.0,0.0,0.0,0.0,0.0
10.0,7.43197159857993,0.00414857581121,0.0041485758132458,0.999991394624082,0.9999913946240812,49.41352029992553,0.0,49.97173315111525,0.0,45.59501326777395,0.0,45.30148545261101,0.0,0.0,0.0,0.0,0.0,0.0,0.0
10.0,7.43222161108055,0.0041486309649791,0.0041486309670148,0.9999913943952689,0.9999913943952689,49.41352027850841,0.0,49.97173270016976,0.0,45.59501326231039,0.0,45.30148535667696,0.0,0.0,0.0,0.0,0.0,0.0,0.0
10.0,7.432471623581179,0.0041486861197861,0.0041486861218216,0.999991394166449,0.999991394166448,49.4135202570906,0.0,49.97173224921026,0.0,45.59501325684663,0.0,45.3014852607398,0.0,0.0,0.0,0.0,0.0,0.0,0.0
10.0,7.4327216360818,0.004148741275631,0.0041487412776663,0.999991393937621,0.999991393937621,49.41352023567214,0.0,49.971731798236746,0.0,45.595013251382696,0.0,45.3014851647995,0.0,0.0,0.0,0.0,0.0,0.0,0.0
10.0,7.43297164858243,0.0041487964325137,0.0041487964345488,0.999991393708786,0.999991393708786,49.413520214253,0.0,49.9717313472492,0.0,45.59501324591856,0.0,45.30148506885608,0.0,0.0,0.0,0.0,0.0,0.0,0.0
10.0,7.43322166108305,0.0041488515904341,0.004148851592469,0.999991393479944,0.999991393479943,49.41352019283319,0.0,49.97173089624765,0.0,45.59501324045424,0.0,45.30148497290952,0.0,0.0,0.0,0.0,0.0,0.0,0.0
10.0,7.43347167358368,0.0041489067493922,0.004148906751427,0.999991393251094,0.999991393251094,49.41352017141271,0.0,49.97173044523208,0.0,45.59501323498975,0.0,45.301484876959854,0.0,0.0,0.0,0.0,0.0,0.0,0.0
10.0,7.4337216860843,0.004148961909388,0.0041489619114225,0.999991393022237,0.999991393022237,49.41352014999156,0.0,49.97172999420249,0.0,45.595013229525065,0.0,45.30148478100705,0.0,0.0,0.0,0.0,0.0,0.0,0.0
10.0,7.43397169858493,0.0041490170704214,0.0041490170724557,0.999991392793373,0.999991392793372,49.41352012856973,0.0,49.97172954315889,0.0,45.5950132240602,0.0,45.30148468505113,0.0,0.0,0.0,0.0,0.0,0.0,0.0
10.0,7.43422171108555,0.0041490722324923,0.0041490722345265,0.999991392564501,0.9999913925645,49.41352010714723,0.0,49.971729092101256,0.0,45.595013218595135,0.0,45.30148458909208,0.0,0.0,0.0,0.0,0.0,0.0,0.0
10.0,7.43447172358618,0.0041491273956007,0.0041491273976347,0.999991392335622,0.999991392335621,49.41352008572407,0.0,49.971728641029614,0.0,45.59501321312989,0.0,45.3014844931299,0.0,0.0,0.0,0.0,0.0,0.0,0.0
10.0,7.434721736086799,0.0041491825597466,0.0041491825617804,0.999991392106735,0.999991392106735,49.41352006430023,0.0,49.97172818994396,0.0,45.59501320766445,0.0,45.30148439716461,0.0,0.0,0.0,0.0,0.0,0.0,0.0
10.0,7.43497174858743,0.0041492377249299,0.0041492377269635,0.999991391877841,0.999991391877841,49.41352004287573,0.0,49.97172773884429,0.0,45.59501320219884,0.0,45.30148430119618,0.0,0.0,0.0,0.0,0.0,0.0,0.0
10.0,7.43522176108805,0.0041492928911505,0.0041492928931839,0.99999139164894,0.99999139164894,49.41352002145055,0.0,49.971727287730594,0.0,45.59501319673303,0.0,45.30148420522463,0.0,0.0,0.0,0.0,0.0,0.0,0.0
10.0,7.43547177358868,0.0041493480584085,0.0041493480604416,0.999991391420032,0.999991391420031,49.41352000002471,0.0,49.97172683660288,0.0,45.59501319126704,0.0,45.30148410924996,0.0,0.0,0.0,0.0,0.0,0.0,0.0
10.0,7.4357217860893,0.0041494032267036,0.0041494032287366,0.999991391191116,0.999991391191116,49.41351997859819,0.0,49.97172638546116,0.0,45.59501318580086,0.0,45.30148401327215,0.0,0.0,0.0,0.0,0.0,0.0,0.0
10.0,7.43597179858993,0.004149458396036,0.0041494583980688,0.9999913909621928,0.9999913909621928,49.41351995717101,0.0,49.97172593430542,0.0,45.59501318033449,0.0,45.30148391729122,0.0,0.0,0.0,0.0,0.0,0.0,0.0
10.0,7.43622181109055,0.0041495135664056,0.0041495135684381,0.9999913907332622,0.9999913907332622,49.41351993574315,0.0,49.97172548313566,0.0,45.59501317486794,0.0,45.30148382130717,0.0,0.0,0.0,0.0,0.0,0.0,0.0
10.0,7.43647182359118,0.0041495687378122,0.0041495687398445,0.999991390504324,0.999991390504324,49.41351991431463,0.0,49.97172503195188,0.0,45.595013169401206,0.0,45.30148372531999,0.0,0.0,0.0,0.0,0.0,0.0,0.0
10.0,7.4367218360918,0.0041496239102559,0.004149623912288,0.999991390275379,0.999991390275379,49.413519892885446,0.0,49.9717245807541,0.0,45.59501316393428,0.0,45.30148362932969,0.0,0.0,0.0,0.0,0.0,0.0,0.0
10.0,7.43697184859243,0.0041496790837366,0.0041496790857685,0.999991390046427,0.999991390046426,49.41351987145558,0.0,49.97172412954229,0.0,45.59501315846717,0.0,45.30148353333626,0.0,0.0,0.0,0.0,0.0,0.0,0.0
10.0,7.43722186109305,0.0041497342582543,0.0041497342602859,0.999991389817467,0.999991389817466,49.413519850025054,0.0,49.97172367831647,0.0,45.59501315299988,0.0,45.301483437339705,0.0,0.0,0.0,0.0,0.0,0.0,0.0
10.0,7.43747187359368,0.0041497894338088,0.0041497894358403,0.9999913895884988,0.9999913895884988,49.41351982859386,0.0,49.97172322707663,0.0,45.59501314753239,0.0,45.30148334134002,0.0,0.0,0.0,0.0,0.0,0.0,0.0
10.0,7.43772188609431,0.0041498446104002,0.0041498446124315,0.999991389359525,0.999991389359524,49.413519807162,0.0,49.97172277582277,0.0,45.59501314206472,0.0,45.30148324533722,0.0,0.0,0.0,0.0,0.0,0.0,0.0
10.0,7.43797189859493,0.0041498997880284,0.0041498997900595,0.999991389130543,0.9999913891305428,49.41351978572946,0.0,49.9717223245549,0.0,45.59501313659686,0.0,45.3014831493313,0.0,0.0,0.0,0.0,0.0,0.0,0.0
10.0,7.43822191109555,0.0041499549666934,0.0041499549687242,0.999991388901554,0.999991388901553,49.41351976429627,0.0,49.97172187327303,0.0,45.59501313112882,0.0,45.30148305332224,0.0,0.0,0.0,0.0,0.0,0.0,0.0
10.0,7.43847192359618,0.0041500101463951,0.0041500101484257,0.9999913886725568,0.9999913886725568,49.4135197428624,0.0,49.97172142197712,0.0,45.595013125660586,0.0,45.30148295731006,0.0,0.0,0.0,0.0,0.0,0.0,0.0
10.0,7.4387219360968,0.0041500653271334,0.0041500653291638,0.999991388443553,0.999991388443552,49.41351972142787,0.0,49.971720970667214,0.0,45.59501312019217,0.0,45.30148286129475,0.0,0.0,0.0,0.0,0.0,0.0,0.0
10.0,7.43897194859743,0.0041501205089083,0.0041501205109385,0.999991388214542,0.999991388214541,49.41351969999267,0.0,49.97172051934327,0.0,45.59501311472357,0.0,45.30148276527632,0.0,0.0,0.0,0.0,0.0,0.0,0.0
10.0,7.43922196109806,0.0041501756917198,0.0041501756937497,0.999991387985523,0.999991387985522,49.4135196785568,0.0,49.971720068005325,0.0,45.59501310925478,0.0,45.30148266925476,0.0,0.0,0.0,0.0,0.0,0.0,0.0
10.0,7.43947197359868,0.0041502308755678,0.0041502308775975,0.999991387756497,0.999991387756496,49.41351965712027,0.0,49.971719616653374,0.0,45.5950131037858,0.0,45.30148257323008,0.0,0.0,0.0,0.0,0.0,0.0,0.0
10.0,7.4397219860993,0.0041502860604523,0.0041502860624817,0.999991387527463,0.999991387527463,49.413519635683066,0.0,49.97171916528739,0.0,45.59501309831664,0.0,45.30148247720227,0.0,0.0,0.0,0.0,0.0,0.0,0.0
10.0,7.43997199859993,0.0041503412463731,0.0041503412484023,0.999991387298422,0.999991387298422,49.4135196142452,0.0,49.9717187139074,0.0,45.59501309284729,0.0,45.30148238117134,0.0,0.0,0.0,0.0,0.0,0.0,0.0
10.0,7.440222011100549,0.0041503964333303,0.0041503964353593,0.999991387069374,0.999991387069374,49.41351959280667,0.0,49.9717182625134,0.0,45.59501308737776,0.0,45.30148228513728,0.0,0.0,0.0,0.0,0.0,0.0,0.0
10.0,7.44047202360118,0.0041504516213238,0.0041504516233526,0.999991386840319,0.999991386840319,49.41351957136747,0.0,49.97171781110538,0.0,45.59501308190803,0.0,45.3014821891001,0.0,0.0,0.0,0.0,0.0,0.0,0.0
10.0,7.44072203610181,0.0041505068103536,0.0041505068123821,0.999991386611256,0.999991386611256,49.41351954992761,0.0,49.97171735968335,0.0,45.59501307643812,0.0,45.30148209305979,0.0,0.0,0.0,0.0,0.0,0.0,0.0
10.0,7.44097204860243,0.0041505620004196,0.0041505620024478,0.999991386382186,0.999991386382186,49.41351952848708,0.0,49.9717169082473,0.0,45.59501307096803,0.0,45.30148199701636,0.0,0.0,0.0,0.0,0.0,0.0,0.0
10.0,7.44122206110305,0.0041506171915217,0.0041506171935497,0.9999913861531092,0.999991386153108,49.41351950704589,0.0,49.971716456797246,0.0,45.59501306549775,0.0,45.30148190096981,0.0,0.0,0.0,0.0,0.0,0.0,0.0
10.0,7.44147207360368,0.00415067238366,0.0041506723856877,0.999991385924024,0.999991385924023,49.41351948560403,0.0,49.97171600533317,0.0,45.59501306002728,0.0,45.30148180492012,0.0,0.0,0.0,0.0,0.0,0.0,0.0
10.0,7.44172208610431,0.0041507275768343,0.0041507275788618,0.999991385694932,0.999991385694931,49.4135194641615,0.0,49.97171555385508,0.0,45.595013054556624,0.0,45.30148170886731,0.0,0.0,0.0,0.0,0.0,0.0,0.0
10.0,7.44197209860493,0.0041507827710446,0.0041507827730719,0.999991385465832,0.999991385465832,49.41351944271831,0.0,49.97171510236297,0.0,45.595013049085786,0.0,45.30148161281137,0.0,0.0,0.0,0.0,0.0,0.0,0.0
10.0,7.44222211110556,0.0041508379662908,0.0041508379683179,0.999991385236725,0.999991385236725,49.41351942127447,0.0,49.97171465085686,0.0,45.59501304361476,0.0,45.30148151675232,0.0,0.0,0.0,0.0,0.0,0.0,0.0
10.0,7.44247212360618,0.004150893162573,0.0041508931645998,0.999991385007611,0.99999138500761,49.41351939982994,0.0,49.97171419933672,0.0,45.59501303814354,0.0,45.30148142069013,0.0,0.0,0.0,0.0,0.0,0.0,0.0
10.0,7.4427221361068,0.004150948359891,0.0041509483619176,0.999991384778489,0.999991384778489,49.41351937838477,0.0,49.97171374780258,0.0,45.595013032672135,0.0,45.30148132462482,0.0,0.0,0.0,0.0,0.0,0.0,0.0
10.0,7.44297214860743,0.0041510035582449,0.0041510035602712,0.99999138454936,0.99999138454936,49.41351935693892,0.0,49.97171329625443,0.0,45.59501302720055,0.0,45.30148122855639,0.0,0.0,0.0,0.0,0.0,0.0,0.0
10.0,7.44322216110806,0.0041510587576345,0.0041510587596605,0.999991384320224,0.999991384320224,49.41351933549241,0.0,49.971712844692256,0.0,45.595013021728775,0.0,45.30148113248483,0.0,0.0,0.0,0.0,0.0,0.0,0.0
10.0,7.44347217360868,0.0041511139580598,0.0041511139600856,0.99999138409108,0.99999138409108,49.41351931404524,0.0,49.97171239311607,0.0,45.59501301625682,0.0,45.30148103641015,0.0,0.0,0.0,0.0,0.0,0.0,0.0
10.0,7.44372218610931,0.0041511691595207,0.0041511691615463,0.999991383861929,0.999991383861929,49.4135192925974,0.0,49.97171194152588,0.0,45.59501301078468,0.0,45.30148094033234,0.0,0.0,0.0,0.0,0.0,0.0,0.0
10.0,7.44397219860993,0.0041512243620173,0.0041512243640426,0.999991383632771,0.999991383632771,49.41351927114891,0.0,49.97171148992168,0.0,45.59501300531233,0.0,45.3014808442514,0.0,0.0,0.0,0.0,0.0,0.0,0.0
10.0,7.44422221111056,0.0041512795655494,0.0041512795675745,0.999991383403606,0.9999913834036048,49.41351924969974,0.0,49.97171103830345,0.0,45.59501299983982,0.0,45.30148074816734,0.0,0.0,0.0,0.0,0.0,0.0,0.0
10.0,7.44447222361118,0.0041513347701171,0.0041513347721419,0.999991383174432,0.999991383174432,49.41351922824992,0.0,49.971710586671215,0.0,45.59501299436711,0.0,45.30148065208016,0.0,0.0,0.0,0.0,0.0,0.0,0.0
10.0,7.44472223611181,0.0041513899757202,0.0041513899777447,0.999991382945252,0.999991382945252,49.41351920679943,0.0,49.97171013502497,0.0,45.59501298889422,0.0,45.30148055598985,0.0,0.0,0.0,0.0,0.0,0.0,0.0
10.0,7.444972248612431,0.0041514451823587,0.004151445184383,0.999991382716064,0.999991382716064,49.41351918534828,0.0,49.97170968336471,0.0,45.59501298342114,0.0,45.30148045989642,0.0,0.0,0.0,0.0,0.0,0.0,0.0
10.0,7.44522226111305,0.0041515003900326,0.0041515003920566,0.999991382486869,0.999991382486869,49.41351916389648,0.0,49.97170923169044,0.0,45.595012977947874,0.0,45.301480363799854,0.0,0.0,0.0,0.0,0.0,0.0,0.0
10.0,7.44547227361368,0.0041515555987418,0.0041515556007655,0.9999913822576671,0.9999913822576671,49.413519142444,0.0,49.97170878000216,0.0,45.59501297247442,0.0,45.30148026770018,0.0,0.0,0.0,0.0,0.0,0.0,0.0
10.0,7.44572228611431,0.0041516108084862,0.0041516108105097,0.999991382028457,0.999991382028457,49.41351912099087,0.0,49.97170832829986,0.0,45.595012967000784,0.0,45.30148017159736,0.0,0.0,0.0,0.0,0.0,0.0,0.0
10.0,7.44597229861493,0.0041516660192659,0.0041516660212891,0.99999138179924,0.99999138179924,49.41351909953706,0.0,49.97170787658355,0.0,45.59501296152696,0.0,45.30148007549143,0.0,0.0,0.0,0.0,0.0,0.0,0.0
10.0,7.44622231111556,0.0041517212310807,0.0041517212331036,0.999991381570016,0.999991381570015,49.41351907808261,0.0,49.97170742485324,0.0,45.59501295605294,0.0,45.30147997938237,0.0,0.0,0.0,0.0,0.0,0.0,0.0
10.0,7.44647232361618,0.0041517764439307,0.0041517764459533,0.999991381340784,0.999991381340783,49.41351905662749,0.0,49.9717069731089,0.0,45.59501295057875,0.0,45.30147988327018,0.0,0.0,0.0,0.0,0.0,0.0,0.0
10.0,7.44672233611681,0.0041518316578157,0.004151831659838,0.999991381111545,0.999991381111544,49.41351903517171,0.0,49.97170652135055,0.0,45.595012945104365,0.0,45.30147978715488,0.0,0.0,0.0,0.0,0.0,0.0,0.0
10.0,7.44697234861743,0.0041518868727357,0.0041518868747578,0.999991380882298,0.999991380882298,49.41351901371527,0.0,49.97170606957821,0.0,45.59501293962979,0.0,45.30147969103645,0.0,0.0,0.0,0.0,0.0,0.0,0.0
10.0,7.44722236111806,0.0041519420886906,0.0041519420907125,0.999991380653044,0.999991380653044,49.41351899225817,0.0,49.97170561779184,0.0,45.59501293415503,0.0,45.30147959491489,0.0,0.0,0.0,0.0,0.0,0.0,0.0
10.0,7.44747237361868,0.0041519973056805,0.0041519973077021,0.999991380423783,0.999991380423783,49.41351897080041,0.0,49.97170516599145,0.0,45.59501292868009,0.0,45.3014794987902,0.0,0.0,0.0,0.0,0.0,0.0,0.0
10.0,7.44772238611931,0.0041520525237053,0.0041520525257265,0.999991380194515,0.9999913801945138,49.413518949341984,0.0,49.971704714177065,0.0,45.59501292320496,0.0,45.3014794026624,0.0,0.0,0.0,0.0,0.0,0.0,0.0
10.0,7.44797239861993,0.0041521077427648,0.0041521077447858,0.999991379965239,0.999991379965239,49.413518927882905,0.0,49.971704262348666,0.0,45.59501291772964,0.0,45.30147930653146,0.0,0.0,0.0,0.0,0.0,0.0,0.0
10.0,7.448222411120559,0.0041521629628592,0.0041521629648799,0.999991379735955,0.999991379735955,49.41351890642317,0.0,49.97170381050626,0.0,45.59501291225413,0.0,45.3014792103974,0.0,0.0,0.0,0.0,0.0,0.0,0.0
10.0,7.44847242362118,0.0041522181839882,0.0041522181860086,0.999991379506665,0.999991379506665,49.41351888496276,0.0,49.97170335864984,0.0,45.59501290677844,0.0,45.30147911426022,0.0,0.0,0.0,0.0,0.0,0.0,0.0
10.0,7.44872243612181,0.0041522734061519,0.0041522734081721,0.9999913792773673,0.9999913792773673,49.41351886350171,0.0,49.971702906779406,0.0,45.59501290130256,0.0,45.30147901811991,0.0,0.0,0.0,0.0,0.0,0.0,0.0
10.0,7.44897244862243,0.0041523286293503,0.0041523286313701,0.999991379048062,0.999991379048061,49.41351884203999,0.0,49.97170245489496,0.0,45.5950128958265,0.0,45.30147892197648,0.0,0.0,0.0,0.0,0.0,0.0,0.0
10.0,7.44922246112306,0.0041523838535831,0.0041523838556027,0.999991378818749,0.999991378818749,49.41351882057761,0.0,49.97170200299651,0.0,45.59501289035025,0.0,45.301478825829925,0.0,0.0,0.0,0.0,0.0,0.0,0.0
10.0,7.44947247362368,0.0041524390788506,0.0041524390808698,0.999991378589429,0.999991378589429,49.41351879911457,0.0,49.971701551084045,0.0,45.59501288487382,0.0,45.30147872968024,0.0,0.0,0.0,0.0,0.0,0.0,0.0
10.0,7.44972248612431,0.0041524943051524,0.0041524943071714,0.999991378360102,0.999991378360102,49.41351877765087,0.0,49.97170109915757,0.0,45.5950128793972,0.0,45.30147863352743,0.0,0.0,0.0,0.0,0.0,0.0,0.0
10.0,7.44997249862493,0.0041525495324887,0.0041525495345074,0.999991378130767,0.999991378130767,49.41351875618652,0.0,49.97170064721709,0.0,45.59501287392038,0.0,45.30147853737149,0.0,0.0,0.0,0.0,0.0,0.0,0.0
10.0,7.45022251112556,0.0041526047608594,0.0041526047628777,0.999991377901425,0.999991377901425,49.41351873472152,0.0,49.97170019526259,0.0,45.59501286844339,0.0,45.30147844121244,0.0,0.0,0.0,0.0,0.0,0.0,0.0
10.0,7.450472523626181,0.0041526599902643,0.0041526599922824,0.999991377672076,0.999991377672076,49.41351871325584,0.0,49.97169974329408,0.0,45.59501286296621,0.0,45.30147834505026,0.0,0.0,0.0,0.0,0.0,0.0,0.0
10.0,7.45072253612681,0.0041527152207036,0.0041527152227214,0.999991377442719,0.999991377442719,49.41351869178951,0.0,49.97169929131157,0.0,45.59501285748884,0.0,45.30147824888496,0.0,0.0,0.0,0.0,0.0,0.0,0.0
10.0,7.45097254862743,0.004152770452177,0.0041527704541945,0.9999913772133552,0.9999913772133552,49.41351867032252,0.0,49.971698839315046,0.0,45.59501285201128,0.0,45.30147815271653,0.0,0.0,0.0,0.0,0.0,0.0,0.0
10.0,7.45122256112806,0.0041528256846847,0.0041528256867018,0.999991376983984,0.999991376983984,49.41351864885488,0.0,49.97169838730451,0.0,45.59501284653354,0.0,45.30147805654497,0.0,0.0,0.0,0.0,0.0,0.0,0.0
10.0,7.45147257362868,0.0041528809182264,0.0041528809202433,0.999991376754605,0.999991376754605,49.41351862738658,0.0,49.97169793527997,0.0,45.595012841055606,0.0,45.301477960370285,0.0,0.0,0.0,0.0,0.0,0.0,0.0
10.0,7.45172258612931,0.0041529361528022,0.0041529361548188,0.999991376525219,0.999991376525219,49.41351860591763,0.0,49.97169748324141,0.0,45.59501283557749,0.0,45.301477864192485,0.0,0.0,0.0,0.0,0.0,0.0,0.0
10.0,7.45197259862993,0.004152991388412,0.0041529913904283,0.999991376295826,0.9999913762958252,49.41351858444801,0.0,49.97169703118885,0.0,45.59501283009919,0.0,45.30147776801155,0.0,0.0,0.0,0.0,0.0,0.0,0.0
10.0,7.45222261113056,0.0041530466250558,0.0041530466270718,0.999991376066425,0.999991376066425,49.413518562977735,0.0,49.97169657912228,0.0,45.5950128246207,0.0,45.30147767182749,0.0,0.0,0.0,0.0,0.0,0.0,0.0
10.0,7.45247262363118,0.0041531018627336,0.0041531018647492,0.999991375837017,0.999991375837016,49.41351854150681,0.0,49.971696127041696,0.0,45.59501281914203,0.0,45.30147757564033,0.0,0.0,0.0,0.0,0.0,0.0,0.0
10.0,7.45272263613181,0.0041531571014451,0.0041531571034605,0.999991375607601,0.999991375607601,49.41351852003523,0.0,49.97169567494712,0.0,45.59501281366317,0.0,45.301477479450014,0.0,0.0,0.0,0.0,0.0,0.0,0.0
10.0,7.45297264863243,0.0041532123411906,0.0041532123432056,0.999991375378178,0.999991375378178,49.41351849856299,0.0,49.97169522283851,0.0,45.59501280818412,0.0,45.3014773832566,0.0,0.0,0.0,0.0,0.0,0.0,0.0
10.0,7.45322266113306,0.0041532675819697,0.0041532675839845,0.999991375148748,0.999991375148748,49.41351847709009,0.0,49.97169477071591,0.0,45.59501280270488,0.0,45.30147728706003,0.0,0.0,0.0,0.0,0.0,0.0,0.0
10.0,7.45347267363368,0.0041533228237826,0.004153322825797,0.999991374919311,0.99999137491931,49.41351845561655,0.0,49.97169431857929,0.0,45.59501279722546,0.0,45.30147719086035,0.0,0.0,0.0,0.0,0.0,0.0,0.0
10.0,7.453722686134309,0.0041533780666292,0.0041533780686433,0.999991374689866,0.999991374689865,49.41351843414234,0.0,49.97169386642866,0.0,45.59501279174585,0.0,45.30147709465755,0.0,0.0,0.0,0.0,0.0,0.0,0.0
10.0,7.45397269863493,0.0041534333105094,0.0041534333125232,0.999991374460414,0.999991374460413,49.41351841266747,0.0,49.97169341426403,0.0,45.59501278626605,0.0,45.301476998451626,0.0,0.0,0.0,0.0,0.0,0.0,0.0
10.0,7.45422271113556,0.0041534885554232,0.0041534885574366,0.999991374230954,0.999991374230954,49.41351839119197,0.0,49.97169296208539,0.0,45.59501278078608,0.0,45.30147690224258,0.0,0.0,0.0,0.0,0.0,0.0,0.0
10.0,7.45447272363618,0.0041535438013704,0.0041535438033836,0.9999913740014869,0.9999913740014869,49.41351836971579,0.0,49.97169250989275,0.0,45.59501277530591,0.0,45.3014768060304,0.0,0.0,0.0,0.0,0.0,0.0,0.0
10.0,7.45472273613681,0.0041535990483512,0.004153599050364,0.999991373772013,0.999991373772013,49.413518348238966,0.0,49.97169205768608,0.0,45.59501276982556,0.0,45.3014767098151,0.0,0.0,0.0,0.0,0.0,0.0,0.0
10.0,7.45497274863743,0.0041536542963654,0.0041536542983779,0.999991373542532,0.999991373542531,49.41351832676148,0.0,49.97169160546542,0.0,45.59501276434501,0.0,45.30147661359667,0.0,0.0,0.0,0.0,0.0,0.0,0.0
10.0,7.45522276113806,0.0041537095454129,0.0041537095474251,0.999991373313043,0.999991373313042,49.41351830528335,0.0,49.97169115323074,0.0,45.59501275886429,0.0,45.30147651737512,0.0,0.0,0.0,0.0,0.0,0.0,0.0
10.0,7.45547277363868,0.0041537647954938,0.0041537647975057,0.999991373083546,0.999991373083546,49.41351828380456,0.0,49.97169070098207,0.0,45.59501275338338,0.0,45.30147642115045,0.0,0.0,0.0,0.0,0.0,0.0,0.0
10.0,7.45572278613931,0.004153820046608,0.0041538200486195,0.999991372854043,0.999991372854042,49.41351826232512,0.0,49.971690248719376,0.0,45.59501274790228,0.0,45.30147632492265,0.0,0.0,0.0,0.0,0.0,0.0,0.0
10.0,7.455972798639929,0.0041538752987553,0.0041538753007665,0.999991372624532,0.999991372624531,49.41351824084502,0.0,49.97168979644268,0.0,45.59501274242099,0.0,45.301476228691726,0.0,0.0,0.0,0.0,0.0,0.0,0.0
10.0,7.45622281114056,0.0041539305519359,0.0041539305539467,0.9999913723950132,0.9999913723950132,49.41351821936426,0.0,49.971689344151976,0.0,45.59501273693952,0.0,45.30147613245767,0.0,0.0,0.0,0.0,0.0,0.0,0.0
10.0,7.45647282364118,0.0041539858061496,0.0041539858081601,0.999991372165488,0.999991372165487,49.41351819788287,0.0,49.97168889184727,0.0,45.59501273145786,0.0,45.30147603622051,0.0,0.0,0.0,0.0,0.0,0.0,0.0
10.0,7.45672283614181,0.0041540410613963,0.0041540410634065,0.999991371935955,0.999991371935954,49.413518176400814,0.0,49.97168843952855,0.0,45.595012725976005,0.0,45.30147593998021,0.0,0.0,0.0,0.0,0.0,0.0,0.0
10.0,7.45697284864243,0.0041540963176761,0.0041540963196859,0.999991371706414,0.999991371706414,49.41351815491811,0.0,49.97168798719581,0.0,45.59501272049398,0.0,45.30147584373679,0.0,0.0,0.0,0.0,0.0,0.0,0.0
10.0,7.45722286114306,0.0041541515749888,0.0041541515769983,0.999991371476867,0.999991371476866,49.41351813343474,0.0,49.97168753484908,0.0,45.59501271501176,0.0,45.30147574749024,0.0,0.0,0.0,0.0,0.0,0.0,0.0
10.0,7.45747287364368,0.0041542068333345,0.0041542068353437,0.999991371247312,0.999991371247311,49.41351811195073,0.0,49.97168708248834,0.0,45.59501270952936,0.0,45.30147565124057,0.0,0.0,0.0,0.0,0.0,0.0,0.0
10.0,7.45772288614431,0.0041542620927131,0.0041542620947219,0.999991371017749,0.999991371017749,49.41351809046606,0.0,49.9716866301136,0.0,45.59501270404676,0.0,45.301475554987775,0.0,0.0,0.0,0.0,0.0,0.0,0.0
10.0,7.45797289864493,0.0041543173531244,0.0041543173551329,0.999991370788179,0.999991370788179,49.41351806898074,0.0,49.97168617772485,0.0,45.595012698563984,0.0,45.30147545873186,0.0,0.0,0.0,0.0,0.0,0.0,0.0
10.0,7.45822291114556,0.0041543726145686,0.0041543726165767,0.999991370558603,0.999991370558602,49.413518047494776,0.0,49.97168572532209,0.0,45.595012693081024,0.0,45.301475362472814,0.0,0.0,0.0,0.0,0.0,0.0,0.0
10.0,7.45847292364618,0.0041544278770455,0.0041544278790533,0.999991370329018,0.999991370329018,49.41351802600815,0.0,49.97168527290532,0.0,45.59501268759787,0.0,45.301475266210645,0.0,0.0,0.0,0.0,0.0,0.0,0.0
10.0,7.45872293614681,0.004154483140555,0.0041544831425625,0.999991370099426,0.999991370099426,49.41351800452088,0.0,49.97168482047455,0.0,45.59501268211453,0.0,45.30147516994535,0.0,0.0,0.0,0.0,0.0,0.0,0.0
10.0,7.45897294864743,0.0041545384050972,0.0041545384071043,0.999991369869827,0.999991369869827,49.41351798303295,0.0,49.97168436802977,0.0,45.59501267663101,0.0,45.30147507367693,0.0,0.0,0.0,0.0,0.0,0.0,0.0
10.0,7.45922296114806,0.004154593670672,0.0041545936726787,0.9999913696402212,0.99999136964022,49.41351796154437,0.0,49.971683915570985,0.0,45.595012671147295,0.0,45.30147497740539,0.0,0.0,0.0,0.0,0.0,0.0,0.0
10.0,7.45947297364868,0.0041546489372793,0.0041546489392857,0.999991369410607,0.999991369410607,49.41351794005514,0.0,49.9716834630982,0.0,45.5950126656634,0.0,45.30147488113073,0.0,0.0,0.0,0.0,0.0,0.0,0.0
10.0,7.45972298614931,0.0041547042049191,0.0041547042069251,0.999991369180986,0.999991369180986,49.41351791856527,0.0,49.9716830106114,0.0,45.595012660179314,0.0,45.301474784852935,0.0,0.0,0.0,0.0,0.0,0.0,0.0
10.0,7.45997299864993,0.0041547594735913,0.0041547594755969,0.999991368951357,0.999991368951357,49.41351789707474,0.0,49.9716825581106,0.0,45.59501265469504,0.0,45.30147468857202,0.0,0.0,0.0,0.0,0.0,0.0,0.0
10.0,7.46022301115056,0.0041548147432958,0.0041548147453012,0.999991368721721,0.999991368721721,49.413517875583565,0.0,49.9716821055958,0.0,45.59501264921058,0.0,45.30147459228798,0.0,0.0,0.0,0.0,0.0,0.0,0.0
10.0,7.46047302365118,0.0041548700140328,0.0041548700160377,0.999991368492078,0.999991368492078,49.41351785409174,0.0,49.97168165306698,0.0,45.59501264372594,0.0,45.301474496000814,0.0,0.0,0.0,0.0,0.0,0.0,0.0
10.0,7.46072303615181,0.004154925285802,0.0041549252878066,0.999991368262428,0.999991368262427,49.41351783259925,0.0,49.97168120052416,0.0,45.59501263824111,0.0,45.301474399710536,0.0,0.0,0.0,0.0,0.0,0.0,0.0
10.0,7.46097304865243,0.0041549805586034,0.0041549805606076,0.99999136803277,0.999991368032769,49.413517811106125,0.0,49.97168074796734,0.0,45.595012632756095,0.0,45.30147430341712,0.0,0.0,0.0,0.0,0.0,0.0,0.0
10.0,7.46122306115306,0.004155035832437,0.0041550358344409,0.999991367803105,0.999991367803104,49.41351778961236,0.0,49.97168029539651,0.0,45.59501262727089,0.0,45.30147420712058,0.0,0.0,0.0,0.0,0.0,0.0,0.0
10.0,7.46147307365368,0.0041550911073027,0.0041550911093062,0.999991367573432,0.999991367573432,49.413517768117934,0.0,49.97167984281168,0.0,45.5950126217855,0.0,45.30147411082092,0.0,0.0,0.0,0.0,0.0,0.0,0.0
10.0,7.46172308615431,0.0041551463832006,0.0041551463852037,0.999991367343752,0.999991367343752,49.41351774662285,0.0,49.971679390212834,0.0,45.59501261629992,0.0,45.30147401451814,0.0,0.0,0.0,0.0,0.0,0.0,0.0
10.0,7.46197309865493,0.0041552016601304,0.0041552016621332,0.999991367114065,0.999991367114065,49.41351772512712,0.0,49.97167893759999,0.0,45.59501261081416,0.0,45.30147391821223,0.0,0.0,0.0,0.0,0.0,0.0,0.0
10.0,7.46222311115556,0.0041552569380922,0.0041552569400947,0.99999136688437,0.99999136688437,49.41351770363075,0.0,49.97167848497314,0.0,45.5950126053282,0.0,45.3014738219032,0.0,0.0,0.0,0.0,0.0,0.0,0.0
10.0,7.46247312365618,0.004155312217086,0.0041553122190881,0.999991366654668,0.999991366654668,49.41351768213374,0.0,49.971678032332285,0.0,45.59501259984207,0.0,45.30147372559104,0.0,0.0,0.0,0.0,0.0,0.0,0.0
10.0,7.46272313615681,0.0041553674971117,0.0041553674991133,0.999991366424959,0.999991366424959,49.41351766063606,0.0,49.97167757967743,0.0,45.59501259435575,0.0,45.30147362927576,0.0,0.0,0.0,0.0,0.0,0.0,0.0
10.0,7.46297314865743,0.0041554227781692,0.0041554227801705,0.999991366195243,0.999991366195242,49.41351763913774,0.0,49.97167712700857,0.0,45.59501258886924,0.0,45.30147353295735,0.0,0.0,0.0,0.0,0.0,0.0,0.0
10.0,7.46322316115806,0.0041554780602584,0.0041554780622594,0.9999913659655189,0.999991365965518,49.41351761763877,0.0,49.9716766743257,0.0,45.59501258338254,0.0,45.30147343663582,0.0,0.0,0.0,0.0,0.0,0.0,0.0
10.0,7.46347317365868,0.0041555333433794,0.00415553334538,0.9999913657357872,0.9999913657357872,49.413517596139165,0.0,49.971676221628826,0.0,45.59501257789566,0.0,45.30147334031117,0.0,0.0,0.0,0.0,0.0,0.0,0.0
10.0,7.46372318615931,0.0041555886275321,0.0041555886295323,0.999991365506048,0.999991365506048,49.4135175746389,0.0,49.971675768917954,0.0,45.59501257240859,0.0,45.30147324398339,0.0,0.0,0.0,0.0,0.0,0.0,0.0
10.0,7.46397319865993,0.0041556439127165,0.0041556439147162,0.999991365276302,0.999991365276302,49.41351755313799,0.0,49.97167531619308,0.0,45.59501256692135,0.0,45.30147314765249,0.0,0.0,0.0,0.0,0.0,0.0,0.0
10.0,7.46422321116056,0.0041556991989324,0.0041556992009318,0.9999913650465488,0.9999913650465488,49.41351753163644,0.0,49.97167486345419,0.0,45.5950125614339,0.0,45.30147305131846,0.0,0.0,0.0,0.0,0.0,0.0,0.0
10.0,7.46447322366118,0.0041557544861798,0.0041557544881788,0.9999913648167889,0.999991364816788,49.41351751013423,0.0,49.9716744107013,0.0,45.59501255594627,0.0,45.301472954981314,0.0,0.0,0.0,0.0,0.0,0.0,0.0
10.0,7.46472323616181,0.0041558097744588,0.0041558097764574,0.999991364587021,0.99999136458702,49.41351748863138,0.0,49.971673957934414,0.0,45.59501255045845,0.0,45.30147285864104,0.0,0.0,0.0,0.0,0.0,0.0,0.0
10.0,7.46497324866243,0.0041558650637691,0.0041558650657674,0.9999913643572448,0.9999913643572448,49.41351746712789,0.0,49.971673505153525,0.0,45.59501254497045,0.0,45.30147276229764,0.0,0.0,0.0,0.0,0.0,0.0,0.0
10.0,7.46522326116306,0.0041559203541109,0.0041559203561088,0.999991364127462,0.999991364127462,49.41351744562375,0.0,49.97167305235863,0.0,45.59501253948226,0.0,45.30147266595111,0.0,0.0,0.0,0.0,0.0,0.0,0.0
10.0,7.46547327366368,0.004155975645484,0.0041559756474815,0.999991363897672,0.999991363897672,49.41351742411895,0.0,49.97167259954972,0.0,45.59501253399388,0.0,45.30147256960146,0.0,0.0,0.0,0.0,0.0,0.0,0.0
10.0,7.46572328616431,0.0041560309378884,0.0041560309398855,0.999991363667875,0.999991363667874,49.41351740261352,0.0,49.97167214672682,0.0,45.59501252850532,0.0,45.30147247324869,0.0,0.0,0.0,0.0,0.0,0.0,0.0
10.0,7.46597329866493,0.004156086231324,0.0041560862333207,0.9999913634380702,0.9999913634380702,49.41351738110744,0.0,49.97167169388991,0.0,45.59501252301657,0.0,45.3014723768928,0.0,0.0,0.0,0.0,0.0,0.0,0.0
10.0,7.466223311165561,0.0041561415257908,0.0041561415277871,0.999991363208258,0.999991363208258,49.41351735960071,0.0,49.971671241039004,0.0,45.59501251752764,0.0,45.30147228053377,0.0,0.0,0.0,0.0,0.0,0.0,0.0
10.0,7.46647332366618,0.0041561968212888,0.0041561968232847,0.999991362978438,0.999991362978438,49.41351733809335,0.0,49.97167078817409,0.0,45.59501251203852,0.0,45.30147218417163,0.0,0.0,0.0,0.0,0.0,0.0,0.0
10.0,7.46672333616681,0.0041562521178178,0.0041562521198133,0.999991362748612,0.9999913627486108,49.413517316585335,0.0,49.97167033529518,0.0,45.59501250654921,0.0,45.30147208780636,0.0,0.0,0.0,0.0,0.0,0.0,0.0
10.0,7.46697334866743,0.0041563074153779,0.004156307417373,0.999991362518778,0.999991362518777,49.41351729507667,0.0,49.971669882402246,0.0,45.59501250105972,0.0,45.30147199143797,0.0,0.0,0.0,0.0,0.0,0.0,0.0
10.0,7.46722336116806,0.004156362713969,0.0041563627159637,0.999991362288936,0.999991362288936,49.41351727356736,0.0,49.971669429495336,0.0,45.59501249557004,0.0,45.301471895066456,0.0,0.0,0.0,0.0,0.0,0.0,0.0
10.0,7.46747337366868,0.004156418013591,0.0041564180155853,0.9999913620590872,0.9999913620590872,49.41351725205741,0.0,49.971668976574406,0.0,45.595012490080165,0.0,45.30147179869181,0.0,0.0,0.0,0.0,0.0,0.0,0.0
10.0,7.46772338616931,0.0041564733142439,0.0041564733162378,0.999991361829231,0.999991361829231,49.413517230546816,0.0,49.97166852363949,0.0,45.59501248459012,0.0,45.30147170231405,0.0,0.0,0.0,0.0,0.0,0.0,0.0
10.0,7.46797339866993,0.0041565286159277,0.0041565286179212,0.9999913615993667,0.9999913615993667,49.41351720903558,0.0,49.97166807069056,0.0,45.59501247909988,0.0,45.301471605933166,0.0,0.0,0.0,0.0,0.0,0.0,0.0
10.0,7.46822341117056,0.0041565839186422,0.0041565839206353,0.9999913613694972,0.999991361369496,49.413517187523695,0.0,49.971667617727626,0.0,45.59501247360945,0.0,45.30147150954915,0.0,0.0,0.0,0.0,0.0,0.0,0.0
10.0,7.468473423671181,0.0041566392223875,0.0041566392243802,0.9999913611396178,0.9999913611396178,49.413517166011175,0.0,49.97166716475069,0.0,45.59501246811883,0.0,45.30147141316201,0.0,0.0,0.0,0.0,0.0,0.0,0.0
10.0,7.46872343617181,0.0041566945271635,0.0041566945291557,0.9999913609097332,0.9999913609097332,49.413517144498,0.0,49.97166671175976,0.0,45.595012462628034,0.0,45.30147131677176,0.0,0.0,0.0,0.0,0.0,0.0,0.0
10.0,7.46897344867243,0.0041567498329701,0.004156749834962,0.99999136067984,0.99999136067984,49.41351712298419,0.0,49.97166625875483,0.0,45.59501245713705,0.0,45.30147122037837,0.0,0.0,0.0,0.0,0.0,0.0,0.0
10.0,7.46922346117306,0.0041568051398073,0.0041568051417988,0.99999136044994,0.9999913604499392,49.413517101469736,0.0,49.97166580573589,0.0,45.59501245164588,0.0,45.30147112398186,0.0,0.0,0.0,0.0,0.0,0.0,0.0
10.0,7.46947347367368,0.0041568604476751,0.0041568604496661,0.999991360220032,0.999991360220032,49.41351707995463,0.0,49.97166535270296,0.0,45.59501244615451,0.0,45.30147102758223,0.0,0.0,0.0,0.0,0.0,0.0,0.0
10.0,7.46972348617431,0.0041569157565733,0.0041569157585639,0.999991359990117,0.999991359990117,49.41351705843889,0.0,49.97166489965601,0.0,45.59501244066298,0.0,45.30147093117948,0.0,0.0,0.0,0.0,0.0,0.0,0.0
10.0,7.46997349867493,0.004156971066502,0.0041569710684922,0.999991359760195,0.999991359760195,49.41351703692251,0.0,49.97166444659507,0.0,45.59501243517124,0.0,45.3014708347736,0.0,0.0,0.0,0.0,0.0,0.0,0.0
10.0,7.47022351117556,0.0041570263774611,0.0041570263794509,0.999991359530265,0.999991359530265,49.41351701540548,0.0,49.97166399352013,0.0,45.59501242967933,0.0,45.3014707383646,0.0,0.0,0.0,0.0,0.0,0.0,0.0
10.0,7.47047352367618,0.0041570816894506,0.0041570816914399,0.999991359300328,0.999991359300328,49.41351699388781,0.0,49.97166354043118,0.0,45.59501242418722,0.0,45.30147064195247,0.0,0.0,0.0,0.0,0.0,0.0,0.0
10.0,7.47072353617681,0.0041571370024703,0.0041571370044593,0.999991359070384,0.999991359070384,49.4135169723695,0.0,49.97166308732824,0.0,45.59501241869492,0.0,45.301470545537214,0.0,0.0,0.0,0.0,0.0,0.0,0.0
10.0,7.47097354867743,0.0041571923165203,0.0041571923185088,0.999991358840432,0.999991358840432,49.41351695085054,0.0,49.97166263421129,0.0,45.59501241320245,0.0,45.30147044911884,0.0,0.0,0.0,0.0,0.0,0.0,0.0
10.0,7.47122356117806,0.0041572476316005,0.0041572476335886,0.999991358610473,0.999991358610473,49.41351692933095,0.0,49.97166218108035,0.0,45.59501240770978,0.0,45.301470352697336,0.0,0.0,0.0,0.0,0.0,0.0,0.0
10.0,7.47147357367868,0.0041573029477108,0.0041573029496985,0.9999913583805068,0.9999913583805068,49.41351690781072,0.0,49.9716617279354,0.0,45.59501240221693,0.0,45.30147025627272,0.0,0.0,0.0,0.0,0.0,0.0,0.0
10.0,7.471723586179309,0.0041573582648513,0.0041573582668385,0.999991358150533,0.999991358150533,49.41351688628984,0.0,49.97166127477645,0.0,45.59501239672388,0.0,45.301470159844975,0.0,0.0,0.0,0.0,0.0,0.0,0.0
10.0,7.47197359867993,0.0041574135830217,0.0041574135850085,0.999991357920552,0.999991357920552,49.413516864768326,0.0,49.9716608216035,0.0,45.59501239123066,0.0,45.301470063414094,0.0,0.0,0.0,0.0,0.0,0.0,0.0
10.0,7.47222361118056,0.0041574689022222,0.0041574689042086,0.999991357690564,0.999991357690564,49.41351684324616,0.0,49.97166036841655,0.0,45.595012385737256,0.0,45.30146996698011,0.0,0.0,0.0,0.0,0.0,0.0,0.0
10.0,7.47247362368118,0.0041575242224527,0.0041575242244386,0.999991357460568,0.999991357460568,49.41351682172337,0.0,49.9716599152156,0.0,45.59501238024366,0.0,45.30146987054299,0.0,0.0,0.0,0.0,0.0,0.0,0.0
10.0,7.47272363618181,0.004157579543713,0.0041575795456985,0.9999913572305648,0.999991357230565,49.41351680019993,0.0,49.97165946200066,0.0,45.59501237474987,0.0,45.30146977410275,0.0,0.0,0.0,0.0,0.0,0.0,0.0
10.0,7.47297364868243,0.0041576348660032,0.0041576348679882,0.999991357000555,0.999991357000554,49.41351677867585,0.0,49.97165900877171,0.0,45.5950123692559,0.0,45.30146967765938,0.0,0.0,0.0,0.0,0.0,0.0,0.0
10.0,7.47322366118306,0.0041576901893231,0.0041576901913078,0.999991356770537,0.999991356770537,49.41351675715113,0.0,49.97165855552876,0.0,45.59501236376175,0.0,45.30146958121289,0.0,0.0,0.0,0.0,0.0,0.0,0.0
10.0,7.47347367368368,0.0041577455136729,0.0041577455156571,0.999991356540512,0.999991356540512,49.41351673562577,0.0,49.97165810227181,0.0,45.59501235826741,0.0,45.30146948476328,0.0,0.0,0.0,0.0,0.0,0.0,0.0
10.0,7.47372368618431,0.0041578008390523,0.004157800841036,0.99999135631048,0.999991356310479,49.41351671409977,0.0,49.97165764900086,0.0,45.59501235277287,0.0,45.30146938831054,0.0,0.0,0.0,0.0,0.0,0.0,0.0
10.0,7.473973698684931,0.0041578561654614,0.0041578561674447,0.99999135608044,0.999991356080439,49.41351669257314,0.0,49.97165719571591,0.0,45.59501234727816,0.0,45.30146929185467,0.0,0.0,0.0,0.0,0.0,0.0,0.0
10.0,7.47422371118556,0.0041579114929001,0.0041579114948829,0.999991355850393,0.999991355850392,49.41351667104586,0.0,49.97165674241697,0.0,45.595012341783246,0.0,45.3014691953957,0.0,0.0,0.0,0.0,0.0,0.0,0.0
10.0,7.47447372368618,0.0041579668213683,0.0041579668233507,0.999991355620338,0.999991355620338,49.413516649517945,0.0,49.97165628910402,0.0,45.59501233628816,0.0,45.30146909893358,0.0,0.0,0.0,0.0,0.0,0.0,0.0
10.0,7.47472373618681,0.0041580221508661,0.004158022152848,0.999991355390276,0.999991355390276,49.4135166279894,0.0,49.97165583577708,0.0,45.59501233079288,0.0,45.301469002468345,0.0,0.0,0.0,0.0,0.0,0.0,0.0
10.0,7.47497374868743,0.0041580774813933,0.0041580774833748,0.999991355160207,0.999991355160207,49.4135166064602,0.0,49.97165538243614,0.0,45.59501232529741,0.0,45.301468906,0.0,0.0,0.0,0.0,0.0,0.0,0.0
10.0,7.47522376118806,0.0041581328129499,0.0041581328149309,0.999991354930131,0.999991354930131,49.41351658493037,0.0,49.97165492908119,0.0,45.59501231980177,0.0,45.30146880952852,0.0,0.0,0.0,0.0,0.0,0.0,0.0
10.0,7.47547377368868,0.0041581881455359,0.0041581881475164,0.999991354700047,0.999991354700047,49.4135165633999,0.0,49.97165447571225,0.0,45.595012314305926,0.0,45.30146871305392,0.0,0.0,0.0,0.0,0.0,0.0,0.0
10.0,7.47572378618931,0.0041582434791511,0.0041582434811313,0.999991354469956,0.999991354469955,49.4135165418688,0.0,49.97165402232931,0.0,45.59501230880991,0.0,45.30146861657619,0.0,0.0,0.0,0.0,0.0,0.0,0.0
10.0,7.47597379868993,0.0041582988137956,0.0041582988157753,0.999991354239857,0.999991354239857,49.413516520337055,0.0,49.97165356893237,0.0,45.595012303313695,0.0,45.30146852009534,0.0,0.0,0.0,0.0,0.0,0.0,0.0
10.0,7.47622381119056,0.0041583541494694,0.0041583541514486,0.999991354009751,0.999991354009751,49.41351649880467,0.0,49.97165311552143,0.0,45.595012297817306,0.0,45.30146842361136,0.0,0.0,0.0,0.0,0.0,0.0,0.0
10.0,7.47647382369118,0.0041584094861723,0.004158409488151,0.999991353779638,0.999991353779638,49.41351647727165,0.0,49.97165266209649,0.0,45.59501229232071,0.0,45.30146832712427,0.0,0.0,0.0,0.0,0.0,0.0,0.0
10.0,7.47672383619181,0.0041584648239043,0.0041584648258826,0.999991353549518,0.999991353549517,49.41351645573799,0.0,49.97165220865756,0.0,45.59501228682395,0.0,45.30146823063404,0.0,0.0,0.0,0.0,0.0,0.0,0.0
10.0,7.47697384869243,0.0041585201626653,0.0041585201646431,0.99999135331939,0.999991353319389,49.4135164342037,0.0,49.97165175520462,0.0,45.595012281326994,0.0,45.3014681341407,0.0,0.0,0.0,0.0,0.0,0.0,0.0
10.0,7.4772238611930595,0.0041585755024554,0.0041585755044327,0.999991353089254,0.999991353089254,49.41351641266877,0.0,49.971651301737694,0.0,45.59501227582985,0.0,45.30146803764424,0.0,0.0,0.0,0.0,0.0,0.0,0.0
10.0,7.47747387369368,0.0041586308432744,0.0041586308452513,0.999991352859112,0.999991352859112,49.4135163911332,0.0,49.971650848256765,0.0,45.595012270332525,0.0,45.30146794114464,0.0,0.0,0.0,0.0,0.0,0.0,0.0
10.0,7.47772388619431,0.0041586861851223,0.0041586861870988,0.999991352628962,0.999991352628962,49.413516369597005,0.0,49.97165039476184,0.0,45.595012264835,0.0,45.30146784464192,0.0,0.0,0.0,0.0,0.0,0.0,0.0
10.0,7.47797389869493,0.0041587415279991,0.0041587415299751,0.999991352398805,0.999991352398804,49.41351634806016,0.0,49.97164994125291,0.0,45.5950122593373,0.0,45.30146774813609,0.0,0.0,0.0,0.0,0.0,0.0,0.0
10.0,7.47822391119556,0.0041587968719047,0.0041587968738802,0.99999135216864,0.99999135216864,49.41351632652269,0.0,49.97164948772999,0.0,45.59501225383941,0.0,45.30146765162712,0.0,0.0,0.0,0.0,0.0,0.0,0.0
10.0,7.47847392369619,0.0041588522168391,0.0041588522188141,0.999991351938468,0.999991351938468,49.413516304984576,0.0,49.97164903419306,0.0,45.59501224834134,0.0,45.30146755511503,0.0,0.0,0.0,0.0,0.0,0.0,0.0
10.0,7.47872393619681,0.0041589075628021,0.0041589075647767,0.999991351708289,0.999991351708289,49.41351628344583,0.0,49.97164858064215,0.0,45.59501224284308,0.0,45.30146745859982,0.0,0.0,0.0,0.0,0.0,0.0,0.0
10.0,7.47897394869743,0.0041589629097939,0.004158962911768,0.999991351478102,0.999991351478102,49.41351626190645,0.0,49.97164812707723,0.0,45.59501223734463,0.0,45.30146736208148,0.0,0.0,0.0,0.0,0.0,0.0,0.0
10.0,7.47922396119806,0.0041590182578142,0.0041590182597878,0.999991351247908,0.999991351247908,49.41351624036644,0.0,49.971647673498325,0.0,45.59501223184599,0.0,45.30146726556003,0.0,0.0,0.0,0.0,0.0,0.0,0.0
10.0,7.479473973698679,0.0041590736068631,0.0041590736088363,0.9999913510177068,0.9999913510177068,49.41351621882578,0.0,49.97164721990542,0.0,45.59501222634717,0.0,45.30146716903545,0.0,0.0,0.0,0.0,0.0,0.0,0.0
10.0,7.47972398619931,0.0041591289569405,0.0041591289589132,0.999991350787498,0.999991350787498,49.4135161972845,0.0,49.971646766298505,0.0,45.59501222084816,0.0,45.30146707250775,0.0,0.0,0.0,0.0,0.0,0.0,0.0
10.0,7.47997399869994,0.0041591843080464,0.0041591843100186,0.999991350557282,0.999991350557282,49.41351617574258,0.0,49.971646312677606,0.0,45.595012215348966,0.0,45.30146697597692,0.0,0.0,0.0,0.0,0.0,0.0,0.0
10.0,7.48022401120056,0.0041592396601807,0.0041592396621524,0.999991350327059,0.999991350327059,49.413516154200025,0.0,49.97164585904271,0.0,45.59501220984959,0.0,45.30146687944296,0.0,0.0,0.0,0.0,0.0,0.0,0.0
10.0,7.48047402370119,0.0041592950133434,0.0041592950153146,0.9999913500968282,0.9999913500968282,49.41351613265683,0.0,49.97164540539381,0.0,45.59501220435002,0.0,45.30146678290589,0.0,0.0,0.0,0.0,0.0,0.0,0.0
10.0,7.48072403620181,0.0041593503675344,0.0041593503695051,0.99999134986659,0.99999134986659,49.41351611111301,0.0,49.97164495173092,0.0,45.59501219885027,0.0,45.3014666863657,0.0,0.0,0.0,0.0,0.0,0.0,0.0
10.0,7.48097404870243,0.0041594057227536,0.0041594057247238,0.999991349636345,0.999991349636344,49.41351608956856,0.0,49.971644498054026,0.0,45.59501219335032,0.0,45.30146658982237,0.0,0.0,0.0,0.0,0.0,0.0,0.0
10.0,7.48122406120306,0.0041594610790011,0.0041594610809708,0.999991349406092,0.999991349406092,49.41351606802347,0.0,49.971644044363146,0.0,45.5950121878502,0.0,45.301466493275925,0.0,0.0,0.0,0.0,0.0,0.0,0.0
10.0,7.48147407370368,0.0041595164362767,0.0041595164382459,0.999991349175832,0.999991349175832,49.41351604647776,0.0,49.97164359065826,0.0,45.59501218234988,0.0,45.30146639672636,0.0,0.0,0.0,0.0,0.0,0.0,0.0
10.0,7.48172408620431,0.0041595717945804,0.0041595717965492,0.999991348945565,0.999991348945564,49.4135160249314,0.0,49.97164313693938,0.0,45.59501217684938,0.0,45.30146630017367,0.0,0.0,0.0,0.0,0.0,0.0,0.0
10.0,7.481974098704941,0.0041596271539123,0.0041596271558805,0.99999134871529,0.99999134871529,49.41351600338441,0.0,49.97164268320651,0.0,45.5950121713487,0.0,45.301466203617856,0.0,0.0,0.0,0.0,0.0,0.0,0.0
10.0,7.48222411120556,0.0041596825142721,0.0041596825162399,0.999991348485008,0.999991348485007,49.41351598183679,0.0,49.97164222945965,0.0,45.59501216584782,0.0,45.30146610705892,0.0,0.0,0.0,0.0,0.0,0.0,0.0
10.0,7.48247412370619,0.0041597378756599,0.0041597378776272,0.999991348254718,0.999991348254718,49.413515960288535,0.0,49.97164177569878,0.0,45.59501216034676,0.0,45.30146601049685,0.0,0.0,0.0,0.0,0.0,0.0,0.0
10.0,7.48272413620681,0.0041597932380756,0.0041597932400424,0.9999913480244208,0.9999913480244208,49.41351593873965,0.0,49.97164132192391,0.0,45.59501215484551,0.0,45.30146591393167,0.0,0.0,0.0,0.0,0.0,0.0,0.0
10.0,7.48297414870744,0.0041598486015192,0.0041598486034855,0.999991347794117,0.999991347794117,49.41351591719013,0.0,49.97164086813506,0.0,45.595012149344086,0.0,45.30146581736336,0.0,0.0,0.0,0.0,0.0,0.0,0.0
10.0,7.48322416120806,0.0041599039659906,0.0041599039679564,0.999991347563806,0.999991347563806,49.41351589563998,0.0,49.97164041433221,0.0,45.59501214384246,0.0,45.30146572079193,0.0,0.0,0.0,0.0,0.0,0.0,0.0
10.0,7.48347417370868,0.0041599593314898,0.004159959333455,0.999991347333487,0.999991347333487,49.41351587408921,0.0,49.97163996051536,0.0,45.59501213834066,0.0,45.30146562421737,0.0,0.0,0.0,0.0,0.0,0.0,0.0
10.0,7.48372418620931,0.0041600146980167,0.0041600146999814,0.999991347103161,0.999991347103161,49.413515852537785,0.0,49.97163950668452,0.0,45.59501213283866,0.0,45.30146552763969,0.0,0.0,0.0,0.0,0.0,0.0,0.0
10.0,7.48397419870994,0.0041600700655713,0.0041600700675355,0.999991346872828,0.999991346872827,49.41351583098575,0.0,49.97163905283968,0.0,45.59501212733649,0.0,45.301465431058894,0.0,0.0,0.0,0.0,0.0,0.0,0.0
10.0,7.48422421121056,0.0041601254341534,0.0041601254361172,0.999991346642487,0.999991346642486,49.41351580943307,0.0,49.971638598980846,0.0,45.59501212183413,0.0,45.30146533447497,0.0,0.0,0.0,0.0,0.0,0.0,0.0
10.0,7.48447422371119,0.0041601808037632,0.0041601808057264,0.9999913464121392,0.999991346412138,49.41351578787977,0.0,49.97163814510802,0.0,45.59501211633157,0.0,45.30146523788791,0.0,0.0,0.0,0.0,0.0,0.0,0.0
10.0,7.48472423621181,0.0041602361744005,0.0041602361763632,0.9999913461817832,0.9999913461817832,49.41351576632583,0.0,49.9716376912212,0.0,45.59501211082883,0.0,45.30146514129774,0.0,0.0,0.0,0.0,0.0,0.0,0.0
10.0,7.48497424871244,0.0041602915460653,0.0041602915480275,0.99999134595142,0.99999134595142,49.41351574477126,0.0,49.97163723732038,0.0,45.59501210532591,0.0,45.30146504470445,0.0,0.0,0.0,0.0,0.0,0.0,0.0
10.0,7.48522426121306,0.0041603469187575,0.0041603469207191,0.99999134572105,0.99999134572105,49.41351572321607,0.0,49.971636783405565,0.0,45.59501209982278,0.0,45.301464948108034,0.0,0.0,0.0,0.0,0.0,0.0,0.0
10.0,7.48547427371369,0.004160402292477,0.0041604022944382,0.999991345490672,0.999991345490672,49.413515701660245,0.0,49.971636329476766,0.0,45.59501209431949,0.0,45.30146485150849,0.0,0.0,0.0,0.0,0.0,0.0,0.0
10.0,7.48572428621431,0.0041604576672239,0.0041604576691846,0.999991345260288,0.999991345260288,49.413515680103785,0.0,49.97163587553396,0.0,45.595012088816006,0.0,45.30146475490582,0.0,0.0,0.0,0.0,0.0,0.0,0.0
10.0,7.485974298714939,0.0041605130429981,0.0041605130449582,0.999991345029896,0.999991345029895,49.4135156585467,0.0,49.97163542157717,0.0,45.595012083312334,0.0,45.30146465830004,0.0,0.0,0.0,0.0,0.0,0.0,0.0
10.0,7.48622431121556,0.0041605684197995,0.0041605684217591,0.999991344799496,0.999991344799495,49.41351563698898,0.0,49.97163496760638,0.0,45.59501207780847,0.0,45.30146456169113,0.0,0.0,0.0,0.0,0.0,0.0,0.0
10.0,7.48647432371619,0.004160623797628,0.0041606237995871,0.999991344569089,0.999991344569089,49.41351561543064,0.0,49.9716345136216,0.0,45.59501207230444,0.0,45.301464465079086,0.0,0.0,0.0,0.0,0.0,0.0,0.0
10.0,7.48672433621681,0.0041606791764837,0.0041606791784423,0.999991344338675,0.999991344338674,49.41351559387167,0.0,49.97163405962282,0.0,45.5950120668002,0.0,45.301464368463925,0.0,0.0,0.0,0.0,0.0,0.0,0.0
10.0,7.48697434871744,0.0041607345563665,0.0041607345583245,0.999991344108253,0.999991344108253,49.41351557231207,0.0,49.97163360561005,0.0,45.595012061295776,0.0,45.30146427184565,0.0,0.0,0.0,0.0,0.0,0.0,0.0
10.0,7.48722436121806,0.0041607899372763,0.0041607899392338,0.999991343877824,0.999991343877824,49.41351555075183,0.0,49.9716331515833,0.0,45.59501205579118,0.0,45.30146417522425,0.0,0.0,0.0,0.0,0.0,0.0,0.0
10.0,7.487474373718691,0.0041608453192131,0.0041608453211701,0.999991343647388,0.999991343647388,49.413515529190974,0.0,49.97163269754253,0.0,45.59501205028639,0.0,45.30146407859972,0.0,0.0,0.0,0.0,0.0,0.0,0.0
10.0,7.48772438621931,0.0041609007021768,0.0041609007041333,0.999991343416944,0.999991343416944,49.41351550762949,0.0,49.97163224348778,0.0,45.595012044781406,0.0,45.30146398197207,0.0,0.0,0.0,0.0,0.0,0.0,0.0
10.0,7.48797439871994,0.0041609560861674,0.0041609560881233,0.999991343186494,0.9999913431864932,49.413515486067375,0.0,49.97163178941904,0.0,45.59501203927624,0.0,45.3014638853413,0.0,0.0,0.0,0.0,0.0,0.0,0.0
10.0,7.488224411220559,0.0041610114711848,0.0041610114731402,0.999991342956035,0.999991342956035,49.41351546450464,0.0,49.9716313353363,0.0,45.595012033770885,0.0,45.3014637887074,0.0,0.0,0.0,0.0,0.0,0.0,0.0
10.0,7.48847442372119,0.004161066857229,0.0041610668591839,0.99999134272557,0.999991342725569,49.41351544294128,0.0,49.97163088123957,0.0,45.59501202826535,0.0,45.30146369207039,0.0,0.0,0.0,0.0,0.0,0.0,0.0
10.0,7.48872443622181,0.0041611222443,0.0041611222462543,0.999991342495096,0.999991342495096,49.41351542137728,0.0,49.97163042712885,0.0,45.595012022759626,0.0,45.30146359543024,0.0,0.0,0.0,0.0,0.0,0.0,0.0
10.0,7.48897444872244,0.0041611776323976,0.0041611776343513,0.999991342264616,0.999991342264616,49.413515399812646,0.0,49.97162997300413,0.0,45.59501201725372,0.0,45.30146349878697,0.0,0.0,0.0,0.0,0.0,0.0,0.0
10.0,7.48922446122306,0.0041612330215218,0.0041612330234751,0.999991342034129,0.999991342034128,49.4135153782474,0.0,49.97162951886543,0.0,45.59501201174761,0.0,45.30146340214058,0.0,0.0,0.0,0.0,0.0,0.0,0.0
10.0,7.48947447372369,0.0041612884116727,0.0041612884136254,0.999991341803634,0.999991341803633,49.41351535668152,0.0,49.97162906471272,0.0,45.59501200624134,0.0,45.30146330549108,0.0,0.0,0.0,0.0,0.0,0.0,0.0
10.0,7.489724486224311,0.00416134380285,0.0041613438048022,0.999991341573131,0.999991341573131,49.413515335115015,0.0,49.971628610546034,0.0,45.59501200073486,0.0,45.30146320883844,0.0,0.0,0.0,0.0,0.0,0.0,0.0
10.0,7.48997449872494,0.0041613991950539,0.0041613991970055,0.999991341342622,0.999991341342621,49.41351531354788,0.0,49.97162815636534,0.0,45.595011995228205,0.0,45.301463112182674,0.0,0.0,0.0,0.0,0.0,0.0,0.0
10.0,7.49022451122556,0.0041614545882842,0.0041614545902352,0.999991341112105,0.999991341112104,49.41351529198013,0.0,49.971627702170665,0.0,45.59501198972137,0.0,45.301463015523794,0.0,0.0,0.0,0.0,0.0,0.0,0.0
10.0,7.49047452372619,0.0041615099825409,0.0041615099844914,0.99999134088158,0.99999134088158,49.41351527041174,0.0,49.971627247962,0.0,45.59501198421433,0.0,45.3014629188618,0.0,0.0,0.0,0.0,0.0,0.0,0.0
10.0,7.49072453622681,0.0041615653778239,0.0041615653797738,0.9999913406510488,0.999991340651048,49.413515248842735,0.0,49.97162679373933,0.0,45.59501197870712,0.0,45.30146282219667,0.0,0.0,0.0,0.0,0.0,0.0,0.0
10.0,7.49097454872744,0.0041616207741332,0.0041616207760826,0.99999134042051,0.999991340420509,49.4135152272731,0.0,49.97162633950268,0.0,45.59501197319971,0.0,45.30146272552842,0.0,0.0,0.0,0.0,0.0,0.0,0.0
10.0,7.49122456122806,0.0041616761714687,0.0041616761734175,0.999991340189963,0.999991340189963,49.41351520570285,0.0,49.97162588525203,0.0,45.59501196769212,0.0,45.301462628857045,0.0,0.0,0.0,0.0,0.0,0.0,0.0
10.0,7.49147457372869,0.0041617315698304,0.0041617315717787,0.9999913399594093,0.9999913399594093,49.41351518413197,0.0,49.9716254309874,0.0,45.59501196218434,0.0,45.30146253218254,0.0,0.0,0.0,0.0,0.0,0.0,0.0
10.0,7.49172458622931,0.0041617869692183,0.004161786971166,0.999991339728848,0.999991339728848,49.41351516256045,0.0,49.97162497670877,0.0,45.59501195667639,0.0,45.30146243550493,0.0,0.0,0.0,0.0,0.0,0.0,0.0
10.0,7.49197459872994,0.0041618423696322,0.0041618423715794,0.99999133949828,0.99999133949828,49.41351514098832,0.0,49.97162452241615,0.0,45.59501195116824,0.0,45.30146233882419,0.0,0.0,0.0,0.0,0.0,0.0,0.0
10.0,7.49222461123056,0.0041618977710722,0.0041618977730188,0.999991339267704,0.999991339267704,49.41351511941557,0.0,49.971624068109534,0.0,45.59501194565991,0.0,45.301462242140325,0.0,0.0,0.0,0.0,0.0,0.0,0.0
10.0,7.49247462373119,0.0041619531735382,0.0041619531754843,0.9999913390371208,0.9999913390371208,49.41351509784218,0.0,49.97162361378892,0.0,45.59501194015137,0.0,45.30146214545333,0.0,0.0,0.0,0.0,0.0,0.0,0.0
10.0,7.49272463623181,0.0041620085770301,0.0041620085789756,0.999991338806531,0.99999133880653,49.413515076268176,0.0,49.97162315945433,0.0,45.59501193464266,0.0,45.30146204876323,0.0,0.0,0.0,0.0,0.0,0.0,0.0
10.0,7.49297464873244,0.0041620639815479,0.0041620639834929,0.999991338575933,0.999991338575932,49.41351505469356,0.0,49.97162270510575,0.0,45.59501192913377,0.0,45.30146195206999,0.0,0.0,0.0,0.0,0.0,0.0,0.0
10.0,7.49322466123306,0.0041621193870916,0.004162119389036,0.999991338345328,0.999991338345327,49.41351503311829,0.0,49.97162225074317,0.0,45.59501192362469,0.0,45.30146185537363,0.0,0.0,0.0,0.0,0.0,0.0,0.0
10.0,7.49347467373369,0.004162174793661,0.0041621747956048,0.999991338114715,0.999991338114715,49.41351501154242,0.0,49.971621796366605,0.0,45.59501191811542,0.0,45.30146175867416,0.0,0.0,0.0,0.0,0.0,0.0,0.0
10.0,7.493724686234309,0.0041622302012562,0.0041622302031995,0.999991337884095,0.999991337884095,49.41351498996592,0.0,49.971621341976046,0.0,45.59501191260596,0.0,45.30146166197154,0.0,0.0,0.0,0.0,0.0,0.0,0.0
10.0,7.49397469873494,0.0041622856098771,0.0041622856118198,0.999991337653468,0.999991337653468,49.41351496838879,0.0,49.97162088757149,0.0,45.59501190709632,0.0,45.30146156526582,0.0,0.0,0.0,0.0,0.0,0.0,0.0
10.0,7.49422471123556,0.0041623410195237,0.0041623410214657,0.999991337422834,0.999991337422834,49.41351494681105,0.0,49.97162043315295,0.0,45.595011901586496,0.0,45.30146146855697,0.0,0.0,0.0,0.0,0.0,0.0,0.0
10.0,7.49447472373619,0.0041623964301958,0.0041623964321373,0.999991337192192,0.999991337192192,49.41351492523268,0.0,49.971619978720426,0.0,45.59501189607648,0.0,45.301461371845,0.0,0.0,0.0,0.0,0.0,0.0,0.0
10.0,7.49472473623681,0.0041624518418934,0.0041624518438344,0.999991336961543,0.999991336961543,49.41351490365369,0.0,49.97161952427391,0.0,45.59501189056628,0.0,45.30146127512991,0.0,0.0,0.0,0.0,0.0,0.0,0.0
10.0,7.49497474873744,0.0041625072546166,0.0041625072565569,0.999991336730886,0.999991336730886,49.41351488207408,0.0,49.97161906981339,0.0,45.59501188505589,0.0,45.30146117841169,0.0,0.0,0.0,0.0,0.0,0.0,0.0
10.0,7.49522476123806,0.0041625626683652,0.004162562670305,0.999991336500222,0.999991336500222,49.41351486049385,0.0,49.97161861533889,0.0,45.59501187954531,0.0,45.30146108169035,0.0,0.0,0.0,0.0,0.0,0.0,0.0
10.0,7.49547477373869,0.0041626180831392,0.0041626180850784,0.999991336269551,0.999991336269551,49.41351483891298,0.0,49.9716181608504,0.0,45.59501187403455,0.0,45.30146098496589,0.0,0.0,0.0,0.0,0.0,0.0,0.0
10.0,7.49572478623931,0.0041626734989386,0.0041626735008772,0.9999913360388728,0.9999913360388728,49.41351481733151,0.0,49.97161770634793,0.0,45.595011868523606,0.0,45.30146088823831,0.0,0.0,0.0,0.0,0.0,0.0,0.0
10.0,7.49597479873994,0.0041627289157632,0.0041627289177013,0.999991335808187,0.999991335808187,49.41351479574941,0.0,49.971617251831454,0.0,45.59501186301247,0.0,45.3014607915076,0.0,0.0,0.0,0.0,0.0,0.0,0.0
10.0,7.49622481124056,0.0041627843336132,0.0041627843355506,0.999991335577494,0.999991335577494,49.413514774166686,0.0,49.97161679730099,0.0,45.59501185750114,0.0,45.301460694773766,0.0,0.0,0.0,0.0,0.0,0.0,0.0
10.0,7.49647482374119,0.0041628397524883,0.0041628397544251,0.999991335346793,0.999991335346793,49.41351475258335,0.0,49.97161634275655,0.0,45.59501185198964,0.0,45.301460598036805,0.0,0.0,0.0,0.0,0.0,0.0,0.0
10.0,7.49672483624181,0.0041628951723885,0.0041628951743248,0.999991335116085,0.999991335116085,49.41351473099939,0.0,49.9716158881981,0.0,45.595011846477945,0.0,45.30146050129674,0.0,0.0,0.0,0.0,0.0,0.0,0.0
10.0,7.49697484874244,0.0041629505933139,0.0041629505952495,0.99999133488537,0.99999133488537,49.413514709414805,0.0,49.97161543362567,0.0,45.59501184096607,0.0,45.30146040455353,0.0,0.0,0.0,0.0,0.0,0.0,0.0
10.0,7.49722486124306,0.0041630060152643,0.0041630060171993,0.999991334654648,0.9999913346546472,49.4135146878296,0.0,49.97161497903926,0.0,45.595011835454,0.0,45.30146030780722,0.0,0.0,0.0,0.0,0.0,0.0,0.0
10.0,7.49747487374369,0.0041630614382397,0.0041630614401741,0.999991334423918,0.999991334423918,49.41351466624378,0.0,49.971614524438856,0.0,45.59501182994174,0.0,45.30146021105777,0.0,0.0,0.0,0.0,0.0,0.0,0.0
10.0,7.49772488624431,0.00416311686224,0.0041631168641739,0.9999913341931808,0.99999133419318,49.41351464465733,0.0,49.97161406982445,0.0,45.59501182442931,0.0,45.3014601143052,0.0,0.0,0.0,0.0,0.0,0.0,0.0
10.0,7.49797489874494,0.0041631722872653,0.0041631722891986,0.999991333962436,0.999991333962436,49.41351462307028,0.0,49.97161361519608,0.0,45.595011818916674,0.0,45.30146001754951,0.0,0.0,0.0,0.0,0.0,0.0,0.0
10.0,7.49822491124556,0.0041632277133154,0.0041632277152481,0.999991333731684,0.999991333731684,49.4135146014826,0.0,49.97161316055371,0.0,45.59501181340387,0.0,45.3014599207907,0.0,0.0,0.0,0.0,0.0,0.0,0.0
10.0,7.4984749237461905,0.0041632831403904,0.0041632831423224,0.999991333500925,0.999991333500925,49.41351457989428,0.0,49.97161270589734,0.0,45.59501180789086,0.0,45.30145982402876,0.0,0.0,0.0,0.0,0.0,0.0,0.0
10.0,7.49872493624681,0.00416333856849,0.0041633385704215,0.999991333270158,0.999991333270158,49.41351455830537,0.0,49.97161225122699,0.0,45.59501180237767,0.0,45.3014597272637,0.0,0.0,0.0,0.0,0.0,0.0,0.0
10.0,7.49897494874744,0.0041633939976144,0.0041633939995453,0.999991333039384,0.999991333039384,49.41351453671583,0.0,49.97161179654265,0.0,45.59501179686431,0.0,45.30145963049553,0.0,0.0,0.0,0.0,0.0,0.0,0.0
10.0,7.49922496124806,0.0041634494277635,0.0041634494296937,0.999991332808603,0.999991332808603,49.41351451512568,0.0,49.97161134184433,0.0,45.59501179135074,0.0,45.30145953372422,0.0,0.0,0.0,0.0,0.0,0.0,0.0
10.0,7.49947497374869,0.0041635048589371,0.0041635048608668,0.999991332577814,0.999991332577814,49.4135144935349,0.0,49.971610887132016,0.0,45.595011785837,0.0,45.30145943694979,0.0,0.0,0.0,0.0,0.0,0.0,0.0
10.0,7.49972498624931,0.0041635602911353,0.0041635602930643,0.999991332347018,0.999991332347018,49.4135144719435,0.0,49.97161043240571,0.0,45.595011780323055,0.0,45.30145934017224,0.0,0.0,0.0,0.0,0.0,0.0,0.0
10.0,7.49997499874994,0.004163615724358,0.0041636157262864,0.999991332116215,0.999991332116215,49.413514450351485,0.0,49.97160997766542,0.0,45.59501177480894,0.0,45.30145924339158,0.0,0.0,0.0,0.0,0.0,0.0,0.0
10.0,7.50022501125056,0.0041636711586052,0.004163671160533,0.999991331885404,0.999991331885404,49.41351442875886,0.0,49.971609522911145,0.0,45.59501176929464,0.0,45.30145914660778,0.0,0.0,0.0,0.0,0.0,0.0,0.0
10.0,7.50047502375119,0.0041637265938768,0.004163726595804,0.999991331654587,0.999991331654586,49.413514407165614,0.0,49.97160906814287,0.0,45.59501176378014,0.0,45.30145904982086,0.0,0.0,0.0,0.0,0.0,0.0,0.0
10.0,7.50072503625181,0.0041637820301727,0.0041637820320993,0.9999913314237608,0.9999913314237608,49.41351438557175,0.0,49.97160861336062,0.0,45.59501175826546,0.0,45.30145895303082,0.0,0.0,0.0,0.0,0.0,0.0,0.0
10.0,7.50097504875244,0.004163837467493,0.0041638374694189,0.999991331192928,0.999991331192928,49.41351436397727,0.0,49.97160815856438,0.0,45.595011752750594,0.0,45.30145885623766,0.0,0.0,0.0,0.0,0.0,0.0,0.0
10.0,7.50122506125306,0.0041638929058375,0.0041638929077628,0.999991330962088,0.999991330962088,49.413514342382165,0.0,49.97160770375415,0.0,45.59501174723554,0.0,45.30145875944138,0.0,0.0,0.0,0.0,0.0,0.0,0.0
10.0,7.50147507375369,0.0041639483452062,0.0041639483471309,0.999991330731241,0.999991330731241,49.41351432078645,0.0,49.97160724892994,0.0,45.59501174172031,0.0,45.30145866264197,0.0,0.0,0.0,0.0,0.0,0.0,0.0
10.0,7.50172508625431,0.0041640037855991,0.0041640037875232,0.9999913305003868,0.999991330500386,49.41351429919011,0.0,49.97160679409174,0.0,45.59501173620488,0.0,45.30145856583944,0.0,0.0,0.0,0.0,0.0,0.0,0.0
10.0,7.50197509875494,0.0041640592270161,0.0041640592289396,0.999991330269524,0.999991330269524,49.413514277593166,0.0,49.97160633923955,0.0,45.59501173068927,0.0,45.30145846903379,0.0,0.0,0.0,0.0,0.0,0.0,0.0
10.0,7.50222511125556,0.0041641146694572,0.00416411467138,0.999991330038655,0.999991330038655,49.41351425599561,0.0,49.971605884373375,0.0,45.59501172517347,0.0,45.30145837222502,0.0,0.0,0.0,0.0,0.0,0.0,0.0
10.0,7.50247512375619,0.0041641701129222,0.0041641701148445,0.999991329807778,0.999991329807778,49.41351423439743,0.0,49.9716054294932,0.0,45.59501171965748,0.0,45.30145827541312,0.0,0.0,0.0,0.0,0.0,0.0,0.0
10.0,7.50272513625681,0.0041642255574113,0.0041642255593329,0.999991329576894,0.999991329576894,49.413514212798624,0.0,49.97160497459905,0.0,45.5950117141413,0.0,45.3014581785981,0.0,0.0,0.0,0.0,0.0,0.0,0.0
10.0,7.50297514875744,0.0041642810029242,0.0041642810048452,0.9999913293460032,0.9999913293460032,49.41351419119921,0.0,49.97160451969091,0.0,45.59501170862495,0.0,45.30145808177996,0.0,0.0,0.0,0.0,0.0,0.0,0.0
10.0,7.50322516125806,0.0041643364494611,0.0041643364513814,0.999991329115104,0.999991329115104,49.41351416959919,0.0,49.97160406476879,0.0,45.5950117031084,0.0,45.301457984958695,0.0,0.0,0.0,0.0,0.0,0.0,0.0
10.0,7.50347517375869,0.0041643918970217,0.0041643918989414,0.9999913288841978,0.9999913288841978,49.41351414799854,0.0,49.97160360983268,0.0,45.59501169759167,0.0,45.30145788813431,0.0,0.0,0.0,0.0,0.0,0.0,0.0
10.0,7.50372518625931,0.0041644473456061,0.0041644473475252,0.9999913286532852,0.9999913286532852,49.41351412639729,0.0,49.97160315488259,0.0,45.59501169207476,0.0,45.3014577913068,0.0,0.0,0.0,0.0,0.0,0.0,0.0
10.0,7.503975198759941,0.0041645027952142,0.0041645027971327,0.999991328422364,0.999991328422364,49.41351410479542,0.0,49.971602699918506,0.0,45.59501168655765,0.0,45.30145769447616,0.0,0.0,0.0,0.0,0.0,0.0,0.0
10.0,7.50422521126056,0.004164558245846,0.0041645582477638,0.999991328191436,0.999991328191436,49.41351408319292,0.0,49.97160224494044,0.0,45.59501168104036,0.0,45.30145759764241,0.0,0.0,0.0,0.0,0.0,0.0,0.0
10.0,7.50447522376119,0.0041646136975015,0.0041646136994186,0.999991327960501,0.9999913279605,49.41351406158982,0.0,49.97160178994838,0.0,45.59501167552288,0.0,45.30145750080553,0.0,0.0,0.0,0.0,0.0,0.0,0.0
10.0,7.50472523626181,0.0041646691501804,0.004164669152097,0.999991327729558,0.999991327729558,49.4135140399861,0.0,49.97160133494234,0.0,45.595011670005206,0.0,45.301457403965536,0.0,0.0,0.0,0.0,0.0,0.0,0.0
10.0,7.50497524876244,0.0041647246038829,0.0041647246057988,0.999991327498608,0.999991327498608,49.413514018381775,0.0,49.97160087992232,0.0,45.59501166448736,0.0,45.30145730712241,0.0,0.0,0.0,0.0,0.0,0.0,0.0
10.0,7.50522526126306,0.0041647800586089,0.0041647800605242,0.99999132726765,0.99999132726765,49.41351399677684,0.0,49.97160042488831,0.0,45.59501165896933,0.0,45.30145721027617,0.0,0.0,0.0,0.0,0.0,0.0,0.0
10.0,7.50547527376369,0.0041648355143583,0.0041648355162729,0.999991327036686,0.999991327036685,49.41351397517128,0.0,49.97159996984031,0.0,45.595011653451095,0.0,45.3014571134268,0.0,0.0,0.0,0.0,0.0,0.0,0.0
10.0,7.50572528626431,0.0041648909711311,0.004164890973045,0.999991326805713,0.999991326805713,49.41351395356512,0.0,49.971599514778326,0.0,45.59501164793269,0.0,45.30145701657432,0.0,0.0,0.0,0.0,0.0,0.0,0.0
10.0,7.50597529876494,0.0041649464289272,0.0041649464308405,0.999991326574734,0.999991326574734,49.41351393195833,0.0,49.97159905970236,0.0,45.595011642414086,0.0,45.3014569197187,0.0,0.0,0.0,0.0,0.0,0.0,0.0
10.0,7.506225311265561,0.0041650018877466,0.0041650018896592,0.9999913263437468,0.9999913263437468,49.413513910350936,0.0,49.9715986046124,0.0,45.59501163689531,0.0,45.30145682285997,0.0,0.0,0.0,0.0,0.0,0.0,0.0
10.0,7.50647532376619,0.0041650573475892,0.0041650573495011,0.999991326112753,0.999991326112753,49.413513888742926,0.0,49.97159814950847,0.0,45.59501163137634,0.0,45.30145672599812,0.0,0.0,0.0,0.0,0.0,0.0,0.0
10.0,7.50672533626681,0.0041651128084549,0.0041651128103663,0.999991325881752,0.999991325881751,49.41351386713431,0.0,49.97159769439055,0.0,45.59501162585718,0.0,45.30145662913314,0.0,0.0,0.0,0.0,0.0,0.0,0.0
10.0,7.50697534876744,0.0041651682703438,0.0041651682722545,0.9999913256507428,0.9999913256507428,49.413513845525074,0.0,49.97159723925864,0.0,45.59501162033784,0.0,45.30145653226504,0.0,0.0,0.0,0.0,0.0,0.0,0.0
10.0,7.50722536126806,0.0041652237332558,0.0041652237351658,0.999991325419727,0.999991325419727,49.41351382391523,0.0,49.97159678411274,0.0,45.5950116148183,0.0,45.30145643539381,0.0,0.0,0.0,0.0,0.0,0.0,0.0
10.0,7.50747537376869,0.0041652791971908,0.0041652791991002,0.999991325188703,0.999991325188703,49.41351380230478,0.0,49.97159632895287,0.0,45.59501160929858,0.0,45.30145633851947,0.0,0.0,0.0,0.0,0.0,0.0,0.0
10.0,7.50772538626931,0.0041653346621488,0.0041653346640575,0.999991324957673,0.999991324957672,49.413513780693705,0.0,49.97159587377901,0.0,45.59501160377868,0.0,45.301456241642,0.0,0.0,0.0,0.0,0.0,0.0,0.0
10.0,7.50797539876994,0.0041653901281297,0.0041653901300377,0.999991324726634,0.999991324726634,49.41351375908202,0.0,49.97159541859117,0.0,45.59501159825859,0.0,45.30145614476142,0.0,0.0,0.0,0.0,0.0,0.0,0.0
10.0,7.50822541127056,0.0041654455951335,0.0041654455970408,0.9999913244955888,0.999991324495588,49.41351373746974,0.0,49.97159496338933,0.0,45.59501159273831,0.0,45.3014560478777,0.0,0.0,0.0,0.0,0.0,0.0,0.0
10.0,7.50847542377119,0.0041655010631601,0.0041655010650668,0.999991324264536,0.999991324264536,49.41351371585684,0.0,49.97159450817352,0.0,45.595011587217854,0.0,45.301455950990864,0.0,0.0,0.0,0.0,0.0,0.0,0.0
10.0,7.50872543627181,0.0041655565322095,0.0041655565341155,0.999991324033476,0.999991324033476,49.41351369424333,0.0,49.97159405294373,0.0,45.5950115816972,0.0,45.30145585410092,0.0,0.0,0.0,0.0,0.0,0.0,0.0
10.0,7.50897544877244,0.0041656120022816,0.004165612004187,0.999991323802408,0.999991323802408,49.41351367262921,0.0,49.97159359769994,0.0,45.595011576176354,0.0,45.30145575720783,0.0,0.0,0.0,0.0,0.0,0.0,0.0
10.0,7.50922546127306,0.0041656674733765,0.0041656674752811,0.999991323571334,0.9999913235713328,49.41351365101448,0.0,49.97159314244218,0.0,45.59501157065535,0.0,45.30145566031163,0.0,0.0,0.0,0.0,0.0,0.0,0.0
10.0,7.509475473773689,0.0041657229454939,0.0041657229473979,0.999991323340251,0.999991323340251,49.413513629399134,0.0,49.97159268717042,0.0,45.59501156513413,0.0,45.301455563412304,0.0,0.0,0.0,0.0,0.0,0.0,0.0
10.0,7.50972548627431,0.0041657784186339,0.0041657784205373,0.999991323109162,0.999991323109162,49.41351360778318,0.0,49.97159223188469,0.0,45.595011559612736,0.0,45.30145546650986,0.0,0.0,0.0,0.0,0.0,0.0,0.0
10.0,7.50997549877494,0.0041658338927965,0.0041658338946992,0.9999913228780652,0.9999913228780652,49.41351358616661,0.0,49.97159177658499,0.0,45.59501155409114,0.0,45.30145536960429,0.0,0.0,0.0,0.0,0.0,0.0,0.0
10.0,7.51022551127556,0.0041658893679815,0.0041658893698835,0.999991322646961,0.99999132264696,49.41351356454944,0.0,49.97159132127128,0.0,45.595011548569374,0.0,45.3014552726956,0.0,0.0,0.0,0.0,0.0,0.0,0.0
10.0,7.51047552377619,0.004165944844189,0.0041659448460903,0.999991322415849,0.999991322415849,49.41351354293166,0.0,49.9715908659436,0.0,45.59501154304742,0.0,45.301455175783786,0.0,0.0,0.0,0.0,0.0,0.0,0.0
10.0,7.51072553627681,0.0041660003214189,0.0041660003233195,0.99999132218473,0.99999132218473,49.41351352131327,0.0,49.97159041060193,0.0,45.59501153752528,0.0,45.301455078868855,0.0,0.0,0.0,0.0,0.0,0.0,0.0
10.0,7.51097554877744,0.0041660557996711,0.004166055801571,0.999991321953604,0.999991321953604,49.41351349969428,0.0,49.97158995524628,0.0,45.59501153200295,0.0,45.30145498195081,0.0,0.0,0.0,0.0,0.0,0.0,0.0
10.0,7.51122556127806,0.0041661112789456,0.0041661112808448,0.999991321722471,0.99999132172247,49.41351347807467,0.0,49.97158949987664,0.0,45.595011526480434,0.0,45.30145488502962,0.0,0.0,0.0,0.0,0.0,0.0,0.0
10.0,7.51147557377869,0.0041661667592423,0.0041661667611409,0.99999132149133,0.999991321491329,49.41351345645445,0.0,49.97158904449304,0.0,45.595011520957726,0.0,45.30145478810533,0.0,0.0,0.0,0.0,0.0,0.0,0.0
10.0,7.511725586279311,0.0041662222405613,0.0041662222424591,0.9999913212601808,0.9999913212601808,49.413513434833625,0.0,49.97158858909543,0.0,45.595011515434834,0.0,45.30145469117791,0.0,0.0,0.0,0.0,0.0,0.0,0.0
10.0,7.51197559877994,0.0041662777229023,0.0041662777247995,0.999991321029026,0.9999913210290252,49.41351341321219,0.0,49.97158813368386,0.0,45.59501150991176,0.0,45.30145459424736,0.0,0.0,0.0,0.0,0.0,0.0,0.0
10.0,7.51222561128056,0.0041663332062655,0.004166333208162,0.999991320797863,0.999991320797863,49.41351339159015,0.0,49.97158767825829,0.0,45.5950115043885,0.0,45.30145449731369,0.0,0.0,0.0,0.0,0.0,0.0,0.0
10.0,7.51247562378119,0.0041663886906507,0.0041663886925465,0.9999913205666932,0.999991320566692,49.41351336996751,0.0,49.97158722281876,0.0,45.59501149886505,0.0,45.30145440037691,0.0,0.0,0.0,0.0,0.0,0.0,0.0
10.0,7.51272563628181,0.0041664441760579,0.004166444177953,0.999991320335515,0.999991320335515,49.41351334834425,0.0,49.97158676736522,0.0,45.59501149334142,0.0,45.301454303437,0.0,0.0,0.0,0.0,0.0,0.0,0.0
10.0,7.51297564878244,0.004166499662487,0.0041664996643814,0.99999132010433,0.99999132010433,49.413513326720384,0.0,49.97158631189772,0.0,45.5950114878176,0.0,45.301454206493965,0.0,0.0,0.0,0.0,0.0,0.0,0.0
10.0,7.51322566128306,0.004166555149938,0.0041665551518317,0.999991319873138,0.999991319873138,49.41351330509592,0.0,49.97158585641623,0.0,45.59501148229359,0.0,45.301454109547805,0.0,0.0,0.0,0.0,0.0,0.0,0.0
10.0,7.51347567378369,0.0041666106384109,0.0041666106403039,0.999991319641938,0.999991319641938,49.41351328347084,0.0,49.97158540092075,0.0,45.59501147676939,0.0,45.301454012598526,0.0,0.0,0.0,0.0,0.0,0.0,0.0
10.0,7.51372568628431,0.0041666661279055,0.0041666661297978,0.999991319410731,0.999991319410731,49.41351326184516,0.0,49.971584945411294,0.0,45.59501147124501,0.0,45.301453915646135,0.0,0.0,0.0,0.0,0.0,0.0,0.0
10.0,7.51397569878494,0.0041667216184219,0.0041667216203135,0.999991319179517,0.999991319179517,49.41351324021888,0.0,49.97158448988785,0.0,45.59501146572044,0.0,45.30145381869061,0.0,0.0,0.0,0.0,0.0,0.0,0.0
10.0,7.51422571128556,0.00416677710996,0.0041667771118509,0.999991318948296,0.999991318948295,49.41351321859197,0.0,49.97158403435044,0.0,45.595011460195686,0.0,45.30145372173197,0.0,0.0,0.0,0.0,0.0,0.0,0.0
10.0,7.51447572378619,0.0041668326025198,0.00416683260441,0.999991318717066,0.999991318717066,49.41351319696447,0.0,49.97158357879904,0.0,45.59501145467074,0.0,45.30145362477021,0.0,0.0,0.0,0.0,0.0,0.0,0.0
10.0,7.51472573628681,0.0041668880961011,0.0041668880979906,0.9999913184858312,0.99999131848583,49.41351317533638,0.0,49.97158312323366,0.0,45.59501144914561,0.0,45.30145352780532,0.0,0.0,0.0,0.0,0.0,0.0,0.0
10.0,7.514975748787439,0.004166943590704,0.0041669435925928,0.9999913182545872,0.999991318254586,49.41351315370766,0.0,49.9715826676543,0.0,45.5950114436203,0.0,45.30145343083731,0.0,0.0,0.0,0.0,0.0,0.0,0.0
10.0,7.51522576128806,0.0041669990863284,0.0041669990882165,0.999991318023336,0.999991318023336,49.41351313207834,0.0,49.97158221206096,0.0,45.5950114380948,0.0,45.301453333866185,0.0,0.0,0.0,0.0,0.0,0.0,0.0
10.0,7.51547577378869,0.0041670545829743,0.0041670545848616,0.999991317792078,0.999991317792077,49.41351311044842,0.0,49.97158175645363,0.0,45.5950114325691,0.0,45.30145323689192,0.0,0.0,0.0,0.0,0.0,0.0,0.0
10.0,7.51572578628931,0.0041671100806415,0.0041671100825281,0.9999913175608122,0.9999913175608122,49.41351308881789,0.0,49.97158130083233,0.0,45.59501142704324,0.0,45.30145313991456,0.0,0.0,0.0,0.0,0.0,0.0,0.0
10.0,7.51597579878994,0.0041671655793301,0.004167165581216,0.999991317329539,0.999991317329539,49.41351306718676,0.0,49.97158084519704,0.0,45.59501142151717,0.0,45.30145304293406,0.0,0.0,0.0,0.0,0.0,0.0,0.0
10.0,7.51622581129056,0.00416722107904,0.0041672210809252,0.999991317098259,0.999991317098258,49.41351304555502,0.0,49.97158038954777,0.0,45.595011415990925,0.0,45.30145294595044,0.0,0.0,0.0,0.0,0.0,0.0,0.0
10.0,7.51647582379119,0.0041672765797711,0.0041672765816556,0.9999913168669708,0.9999913168669708,49.41351302392269,0.0,49.97157993388452,0.0,45.595011410464494,0.0,45.301452848963706,0.0,0.0,0.0,0.0,0.0,0.0,0.0
10.0,7.51672583629181,0.0041673320815235,0.0041673320834072,0.999991316635676,0.999991316635676,49.41351300228975,0.0,49.971579478207296,0.0,45.59501140493787,0.0,45.30145275197384,0.0,0.0,0.0,0.0,0.0,0.0,0.0
10.0,7.51697584879244,0.004167387584297,0.00416738758618,0.999991316404374,0.9999913164043732,49.41351298065621,0.0,49.97157902251609,0.0,45.59501139941106,0.0,45.30145265498085,0.0,0.0,0.0,0.0,0.0,0.0,0.0
10.0,7.517225861293059,0.0041674430880916,0.0041674430899739,0.999991316173064,0.999991316173064,49.41351295902205,0.0,49.9715785668109,0.0,45.595011393884064,0.0,45.30145255798475,0.0,0.0,0.0,0.0,0.0,0.0,0.0
10.0,7.51747587379369,0.0041674985929073,0.0041674985947888,0.999991315941747,0.999991315941747,49.413512937387296,0.0,49.97157811109173,0.0,45.59501138835689,0.0,45.30145246098552,0.0,0.0,0.0,0.0,0.0,0.0,0.0
10.0,7.51772588629431,0.0041675540987439,0.0041675541006248,0.9999913157104232,0.999991315710422,49.41351291575194,0.0,49.97157765535859,0.0,45.59501138282951,0.0,45.30145236398317,0.0,0.0,0.0,0.0,0.0,0.0,0.0
10.0,7.51797589879494,0.0041676096056016,0.0041676096074817,0.999991315479091,0.999991315479091,49.41351289411598,0.0,49.97157719961146,0.0,45.595011377301965,0.0,45.3014522669777,0.0,0.0,0.0,0.0,0.0,0.0,0.0
10.0,7.51822591129556,0.0041676651134801,0.0041676651153595,0.999991315247752,0.999991315247752,49.41351287247941,0.0,49.97157674385036,0.0,45.59501137177423,0.0,45.3014521699691,0.0,0.0,0.0,0.0,0.0,0.0,0.0
10.0,7.51847592379619,0.0041677206223795,0.0041677206242582,0.999991315016405,0.999991315016405,49.413512850842245,0.0,49.97157628807526,0.0,45.59501136624629,0.0,45.3014520729574,0.0,0.0,0.0,0.0,0.0,0.0,0.0
10.0,7.51872593629682,0.0041677761322997,0.0041677761341776,0.999991314785052,0.999991314785052,49.41351282920448,0.0,49.9715758322862,0.0,45.59501136071818,0.0,45.30145197594256,0.0,0.0,0.0,0.0,0.0,0.0,0.0
10.0,7.51897594879744,0.0041678316432407,0.0041678316451178,0.999991314553691,0.999991314553691,49.413512807566114,0.0,49.97157537648315,0.0,45.59501135518988,0.0,45.3014518789246,0.0,0.0,0.0,0.0,0.0,0.0,0.0
10.0,7.51922596129806,0.0041678871552023,0.0041678871570788,0.999991314322323,0.999991314322322,49.41351278592713,0.0,49.971574920666114,0.0,45.59501134966139,0.0,45.30145178190352,0.0,0.0,0.0,0.0,0.0,0.0,0.0
10.0,7.51947597379869,0.0041679426681847,0.0041679426700604,0.999991314090947,0.999991314090947,49.41351276428757,0.0,49.97157446483512,0.0,45.59501134413272,0.0,45.30145168487931,0.0,0.0,0.0,0.0,0.0,0.0,0.0
10.0,7.51972598629931,0.0041679981821876,0.0041679981840626,0.999991313859564,0.999991313859564,49.41351274264738,0.0,49.97157400899013,0.0,45.59501133860386,0.0,45.30145158785199,0.0,0.0,0.0,0.0,0.0,0.0,0.0
10.0,7.51997599879994,0.0041680536972111,0.0041680536990854,0.999991313628174,0.999991313628173,49.41351272100661,0.0,49.97157355313117,0.0,45.595011333074815,0.0,45.30145149082154,0.0,0.0,0.0,0.0,0.0,0.0,0.0
10.0,7.52022601130057,0.0041681092132551,0.0041681092151286,0.999991313396776,0.9999913133967748,49.41351269936524,0.0,49.97157309725823,0.0,45.59501132754559,0.0,45.30145139378798,0.0,0.0,0.0,0.0,0.0,0.0,0.0
10.0,7.52047602380119,0.0041681647303196,0.0041681647321924,0.999991313165371,0.99999131316537,49.41351267772326,0.0,49.9715726413713,0.0,45.59501132201616,0.0,45.30145129675129,0.0,0.0,0.0,0.0,0.0,0.0,0.0
10.0,7.52072603630181,0.0041682202484045,0.0041682202502765,0.9999913129339582,0.9999913129339582,49.41351265608068,0.0,49.9715721854704,0.0,45.59501131648654,0.0,45.30145119971148,0.0,0.0,0.0,0.0,0.0,0.0,0.0
10.0,7.52097604880244,0.0041682757675098,0.004168275769381,0.9999913127025392,0.9999913127025382,49.4135126344375,0.0,49.97157172955553,0.0,45.59501131095677,0.0,45.30145110266855,0.0,0.0,0.0,0.0,0.0,0.0,0.0
10.0,7.52122606130307,0.0041683312876354,0.0041683312895059,0.999991312471111,0.9999913124711108,49.41351261279372,0.0,49.97157127362667,0.0,45.59501130542678,0.0,45.30145100562249,0.0,0.0,0.0,0.0,0.0,0.0,0.0
10.0,7.52147607380369,0.0041683868087812,0.004168386810651,0.999991312239677,0.999991312239677,49.41351259114934,0.0,49.97157081768383,0.0,45.59501129989661,0.0,45.30145090857332,0.0,0.0,0.0,0.0,0.0,0.0,0.0
10.0,7.52172608630431,0.0041684423309473,0.0041684423328163,0.999991312008235,0.999991312008235,49.41351256950436,0.0,49.97157036172702,0.0,45.59501129436626,0.0,45.301450811521015,0.0,0.0,0.0,0.0,0.0,0.0,0.0
10.0,7.52197609880494,0.0041684978541336,0.0041684978560018,0.999991311776786,0.999991311776786,49.41351254785879,0.0,49.97156990575623,0.0,45.595011288835714,0.0,45.3014507144656,0.0,0.0,0.0,0.0,0.0,0.0,0.0
10.0,7.52222611130556,0.0041685533783399,0.0041685533802074,0.99999131154533,0.99999131154533,49.41351252621261,0.0,49.971569449771465,0.0,45.59501128330499,0.0,45.301450617407056,0.0,0.0,0.0,0.0,0.0,0.0,0.0
10.0,7.52247612380619,0.0041686089035663,0.004168608905433,0.999991311313866,0.999991311313866,49.41351250456583,0.0,49.97156899377272,0.0,45.59501127777408,0.0,45.30145052034539,0.0,0.0,0.0,0.0,0.0,0.0,0.0
10.0,7.52272613630682,0.0041686644298128,0.0041686644316787,0.999991311082395,0.999991311082395,49.413512482918456,0.0,49.97156853775999,0.0,45.59501127224298,0.0,45.301450423280606,0.0,0.0,0.0,0.0,0.0,0.0,0.0
10.0,7.52297614880744,0.0041687199570792,0.0041687199589444,0.9999913108509167,0.999991310850916,49.41351246127048,0.0,49.971568081733295,0.0,45.59501126671169,0.0,45.3014503262127,0.0,0.0,0.0,0.0,0.0,0.0,0.0
10.0,7.52322616130807,0.0041687754853656,0.00416877548723,0.9999913106194313,0.9999913106194313,49.41351243962191,0.0,49.97156762569261,0.0,45.59501126118022,0.0,45.30145022914168,0.0,0.0,0.0,0.0,0.0,0.0,0.0
10.0,7.52347617380869,0.0041688310146718,0.0041688310165354,0.999991310387938,0.999991310387938,49.41351241797275,0.0,49.97156716963795,0.0,45.595011255648565,0.0,45.30145013206754,0.0,0.0,0.0,0.0,0.0,0.0,0.0
10.0,7.52372618630932,0.0041688865449978,0.0041688865468607,0.9999913101564372,0.9999913101564372,49.41351239632297,0.0,49.97156671356933,0.0,45.59501125011672,0.0,45.30145003499025,0.0,0.0,0.0,0.0,0.0,0.0,0.0
10.0,7.52397619880994,0.0041689420763436,0.0041689420782058,0.99999130992493,0.99999130992493,49.41351237467261,0.0,49.97156625748672,0.0,45.59501124458468,0.0,45.301449937909865,0.0,0.0,0.0,0.0,0.0,0.0,0.0
10.0,7.52422621131057,0.0041689976087092,0.0041689976105705,0.999991309693415,0.999991309693414,49.41351235302164,0.0,49.97156580139011,0.0,45.59501123905246,0.0,45.30144984082636,0.0,0.0,0.0,0.0,0.0,0.0,0.0
10.0,7.52447622381119,0.0041690531420944,0.004169053143955,0.999991309461892,0.999991309461892,49.41351233137008,0.0,49.97156534527955,0.0,45.59501123352006,0.0,45.30144974373972,0.0,0.0,0.0,0.0,0.0,0.0,0.0
10.0,7.52472623631182,0.0041691086764993,0.004169108678359,0.999991309230362,0.999991309230362,49.41351230971792,0.0,49.97156488915501,0.0,45.59501122798746,0.0,45.30144964664997,0.0,0.0,0.0,0.0,0.0,0.0,0.0
10.0,7.52497624881244,0.0041691642119237,0.0041691642137827,0.9999913089988252,0.9999913089988252,49.41351228806517,0.0,49.97156443301649,0.0,45.59501122245469,0.0,45.30144954955709,0.0,0.0,0.0,0.0,0.0,0.0,0.0
10.0,7.525226261313069,0.0041692197483676,0.0041692197502259,0.999991308767281,0.999991308767281,49.41351226641181,0.0,49.971563976864,0.0,45.59501121692172,0.0,45.301449452461085,0.0,0.0,0.0,0.0,0.0,0.0,0.0
10.0,7.52547627381369,0.0041692752858311,0.0041692752876885,0.999991308535729,0.999991308535729,49.41351224475786,0.0,49.97156352069752,0.0,45.59501121138857,0.0,45.30144935536196,0.0,0.0,0.0,0.0,0.0,0.0,0.0
10.0,7.52572628631432,0.0041693308243139,0.0041693308261706,0.99999130830417,0.99999130830417,49.41351222310332,0.0,49.97156306451707,0.0,45.59501120585523,0.0,45.30144925825972,0.0,0.0,0.0,0.0,0.0,0.0,0.0
10.0,7.52597629881494,0.0041693863638162,0.0041693863656721,0.999991308072604,0.999991308072603,49.41351220144817,0.0,49.97156260832265,0.0,45.59501120032171,0.0,45.30144916115436,0.0,0.0,0.0,0.0,0.0,0.0,0.0
10.0,7.52622631131557,0.0041694419043378,0.0041694419061929,0.99999130784103,0.99999130784103,49.41351217979244,0.0,49.971562152114245,0.0,45.59501119478799,0.0,45.30144906404587,0.0,0.0,0.0,0.0,0.0,0.0,0.0
10.0,7.52647632381619,0.0041694974458786,0.0041694974477329,0.999991307609449,0.999991307609448,49.4135121581361,0.0,49.97156169589186,0.0,45.595011189254095,0.0,45.30144896693427,0.0,0.0,0.0,0.0,0.0,0.0,0.0
10.0,7.52672633631682,0.0041695529884387,0.0041695529902922,0.99999130737786,0.99999130737786,49.413512136479184,0.0,49.97156123965552,0.0,45.59501118372001,0.0,45.30144886981952,0.0,0.0,0.0,0.0,0.0,0.0,0.0
10.0,7.52697634881744,0.004169608532018,0.0041696085338707,0.999991307146264,0.999991307146264,49.41351211482166,0.0,49.97156078340518,0.0,45.595011178185736,0.0,45.30144877270168,0.0,0.0,0.0,0.0,0.0,0.0,0.0
10.0,7.52722636131807,0.0041696640766164,0.0041696640784683,0.999991306914661,0.999991306914661,49.41351209316353,0.0,49.97156032714088,0.0,45.59501117265128,0.0,45.30144867558072,0.0,0.0,0.0,0.0,0.0,0.0,0.0
10.0,7.527476373818691,0.0041697196222339,0.0041697196240851,0.9999913066830513,0.9999913066830513,49.413512071504826,0.0,49.9715598708626,0.0,45.59501116711663,0.0,45.301448578456615,0.0,0.0,0.0,0.0,0.0,0.0,0.0
10.0,7.52772638631932,0.0041697751688704,0.0041697751707208,0.999991306451433,0.999991306451433,49.41351204984551,0.0,49.97155941457034,0.0,45.5950111615818,0.0,45.3014484813294,0.0,0.0,0.0,0.0,0.0,0.0,0.0
10.0,7.52797639881994,0.004169830716526,0.0041698307183755,0.999991306219808,0.999991306219807,49.413512028185615,0.0,49.97155895826411,0.0,45.59501115604678,0.0,45.30144838419907,0.0,0.0,0.0,0.0,0.0,0.0,0.0
10.0,7.52822641132057,0.0041698862652004,0.0041698862670492,0.9999913059881748,0.999991305988175,49.41351200652511,0.0,49.9715585019439,0.0,45.59501115051157,0.0,45.30144828706561,0.0,0.0,0.0,0.0,0.0,0.0,0.0
10.0,7.52847642382119,0.0041699418148938,0.0041699418167417,0.999991305756536,0.9999913057565348,49.41351198486402,0.0,49.971558045609726,0.0,45.59501114497618,0.0,45.30144818992903,0.0,0.0,0.0,0.0,0.0,0.0,0.0
10.0,7.52872643632182,0.004169997365606,0.0041699973674531,0.999991305524888,0.999991305524888,49.41351196320234,0.0,49.971557589261565,0.0,45.59501113944061,0.0,45.30144809278933,0.0,0.0,0.0,0.0,0.0,0.0,0.0
10.0,7.52897644882244,0.0041700529173369,0.0041700529191833,0.999991305293234,0.999991305293234,49.41351194154006,0.0,49.97155713289944,0.0,45.59501113390485,0.0,45.30144799564651,0.0,0.0,0.0,0.0,0.0,0.0,0.0
10.0,7.52922646132307,0.0041701084700867,0.0041701084719322,0.999991305061572,0.999991305061572,49.41351191987719,0.0,49.97155667652333,0.0,45.595011128368895,0.0,45.30144789850057,0.0,0.0,0.0,0.0,0.0,0.0,0.0
10.0,7.52947647382369,0.0041701640238551,0.0041701640256998,0.999991304829903,0.999991304829903,49.41351189821373,0.0,49.971556220133245,0.0,45.59501112283275,0.0,45.30144780135151,0.0,0.0,0.0,0.0,0.0,0.0,0.0
10.0,7.52972648632432,0.0041702195786421,0.0041702195804861,0.999991304598227,0.999991304598226,49.41351187654967,0.0,49.97155576372919,0.0,45.59501111729642,0.0,45.30144770419932,0.0,0.0,0.0,0.0,0.0,0.0,0.0
10.0,7.52997649882494,0.0041702751344478,0.0041702751362909,0.999991304366543,0.999991304366543,49.41351185488501,0.0,49.97155530731117,0.0,45.59501111175992,0.0,45.30144760704402,0.0,0.0,0.0,0.0,0.0,0.0,0.0
10.0,7.53022651132557,0.004170330691272,0.0041703306931143,0.9999913041348522,0.999991304134851,49.41351183321977,0.0,49.97155485087915,0.0,45.59501110622322,0.0,45.301447509885584,0.0,0.0,0.0,0.0,0.0,0.0,0.0
10.0,7.53047652382619,0.0041703862491147,0.0041703862509562,0.999991303903153,0.999991303903153,49.41351181155394,0.0,49.97155439443317,0.0,45.595011100686335,0.0,45.30144741272403,0.0,0.0,0.0,0.0,0.0,0.0,0.0
10.0,7.530726536326819,0.0041704418079758,0.0041704418098165,0.999991303671447,0.999991303671447,49.41351178988751,0.0,49.97155393797322,0.0,45.59501109514926,0.0,45.301447315559365,0.0,0.0,0.0,0.0,0.0,0.0,0.0
10.0,7.53097654882744,0.0041704973678554,0.0041704973696952,0.999991303439734,0.999991303439734,49.413511768220495,0.0,49.97155348149929,0.0,45.595011089612,0.0,45.30144721839158,0.0,0.0,0.0,0.0,0.0,0.0,0.0
10.0,7.53122656132807,0.0041705529287533,0.0041705529305923,0.999991303208013,0.999991303208013,49.413511746552885,0.0,49.97155302501139,0.0,45.59501108407456,0.0,45.30144712122066,0.0,0.0,0.0,0.0,0.0,0.0,0.0
10.0,7.53147657382869,0.0041706084906694,0.0041706084925077,0.999991302976286,0.999991302976285,49.413511724884685,0.0,49.97155256850952,0.0,45.595011078536935,0.0,45.301447024046624,0.0,0.0,0.0,0.0,0.0,0.0,0.0
10.0,7.53172658632932,0.0041706640536039,0.0041706640554413,0.999991302744551,0.99999130274455,49.41351170321589,0.0,49.97155211199367,0.0,45.59501107299912,0.0,45.301446926869474,0.0,0.0,0.0,0.0,0.0,0.0,0.0
10.0,7.53197659882994,0.0041707196175565,0.0041707196193931,0.999991302512808,0.999991302512808,49.4135116815465,0.0,49.97155165546384,0.0,45.59501106746111,0.0,45.30144682968919,0.0,0.0,0.0,0.0,0.0,0.0,0.0
10.0,7.53222661133057,0.0041707751825273,0.0041707751843631,0.999991302281058,0.999991302281058,49.41351165987653,0.0,49.97155119892005,0.0,45.59501106192292,0.0,45.3014467325058,0.0,0.0,0.0,0.0,0.0,0.0,0.0
10.0,7.53247662383119,0.0041708307485162,0.0041708307503511,0.999991302049301,0.999991302049301,49.41351163820597,0.0,49.97155074236228,0.0,45.595011056384536,0.0,45.30144663531927,0.0,0.0,0.0,0.0,0.0,0.0,0.0
10.0,7.53272663633182,0.0041708863155231,0.0041708863173572,0.999991301817536,0.999991301817536,49.41351161653481,0.0,49.971550285790535,0.0,45.59501105084598,0.0,45.30144653812964,0.0,0.0,0.0,0.0,0.0,0.0,0.0
10.0,7.532976648832439,0.0041709418835481,0.0041709418853813,0.9999913015857648,0.999991301585764,49.41351159486306,0.0,49.97154982920481,0.0,45.59501104530722,0.0,45.30144644093687,0.0,0.0,0.0,0.0,0.0,0.0,0.0
10.0,7.53322666133307,0.004170997452591,0.0041709974544234,0.999991301353986,0.999991301353985,49.413511573190725,0.0,49.971549372605125,0.0,45.59501103976829,0.0,45.30144634374099,0.0,0.0,0.0,0.0,0.0,0.0,0.0
10.0,7.53347667383369,0.0041710530226518,0.0041710530244834,0.999991301122199,0.999991301122199,49.41351155151781,0.0,49.97154891599146,0.0,45.59501103422917,0.0,45.30144624654199,0.0,0.0,0.0,0.0,0.0,0.0,0.0
10.0,7.53372668633432,0.0041711085937304,0.0041711085955612,0.9999913008904048,0.9999913008904048,49.41351152984429,0.0,49.97154845936384,0.0,45.595011028689854,0.0,45.30144614933987,0.0,0.0,0.0,0.0,0.0,0.0,0.0
10.0,7.53397669883494,0.0041711641658269,0.0041711641676568,0.999991300658604,0.999991300658604,49.41351150817019,0.0,49.97154800272222,0.0,45.59501102315036,0.0,45.30144605213462,0.0,0.0,0.0,0.0,0.0,0.0,0.0
10.0,7.53422671133557,0.0041712197389411,0.0041712197407702,0.9999913004267948,0.9999913004267948,49.4135114864955,0.0,49.97154754606664,0.0,45.59501101761067,0.0,45.30144595492625,0.0,0.0,0.0,0.0,0.0,0.0,0.0
10.0,7.53447672383619,0.0041712753130731,0.0041712753149013,0.99999130019498,0.99999130019498,49.41351146482022,0.0,49.97154708939709,0.0,45.595011012070806,0.0,45.30144585771476,0.0,0.0,0.0,0.0,0.0,0.0,0.0
10.0,7.53472673633682,0.0041713308882227,0.0041713308900501,0.999991299963156,0.999991299963156,49.41351144314434,0.0,49.97154663271356,0.0,45.59501100653075,0.0,45.30144576050016,0.0,0.0,0.0,0.0,0.0,0.0,0.0
10.0,7.53497674883744,0.0041713864643899,0.0041713864662164,0.999991299731326,0.999991299731326,49.41351142146789,0.0,49.97154617601606,0.0,45.5950110009905,0.0,45.30144566328242,0.0,0.0,0.0,0.0,0.0,0.0,0.0
10.0,7.53522676133807,0.0041714420415746,0.0041714420434004,0.9999912994994878,0.9999912994994878,49.41351139979084,0.0,49.9715457193046,0.0,45.59501099545007,0.0,45.30144556606157,0.0,0.0,0.0,0.0,0.0,0.0,0.0
10.0,7.53547677383869,0.0041714976197769,0.0041714976216018,0.999991299267643,0.999991299267643,49.4135113781132,0.0,49.97154526257916,0.0,45.595010989909454,0.0,45.3014454688376,0.0,0.0,0.0,0.0,0.0,0.0,0.0
10.0,7.53572678633932,0.0041715531989967,0.0041715532008207,0.99999129903579,0.99999129903579,49.41351135643498,0.0,49.97154480583973,0.0,45.595010984368656,0.0,45.301445371610505,0.0,0.0,0.0,0.0,0.0,0.0,0.0
10.0,7.53597679883994,0.0041716087792338,0.004171608781057,0.99999129880393,0.99999129880393,49.41351133475617,0.0,49.97154434908636,0.0,45.59501097882766,0.0,45.30144527438029,0.0,0.0,0.0,0.0,0.0,0.0,0.0
10.0,7.53622681134057,0.0041716643604883,0.0041716643623107,0.999991298572063,0.999991298572063,49.41351131307677,0.0,49.971543892319,0.0,45.595010973286485,0.0,45.30144517714696,0.0,0.0,0.0,0.0,0.0,0.0,0.0
10.0,7.53647682384119,0.0041717199427602,0.0041717199445817,0.999991298340189,0.999991298340188,49.4135112913968,0.0,49.97154343553767,0.0,45.59501096774512,0.0,45.30144507991049,0.0,0.0,0.0,0.0,0.0,0.0,0.0
10.0,7.53672683634182,0.0041717755260493,0.0041717755278699,0.999991298108307,0.999991298108307,49.41351126971622,0.0,49.97154297874237,0.0,45.59501096220357,0.0,45.30144498267092,0.0,0.0,0.0,0.0,0.0,0.0,0.0
10.0,7.53697684884244,0.0041718311103556,0.0041718311121754,0.9999912978764172,0.9999912978764172,49.41351124803506,0.0,49.9715425219331,0.0,45.59501095666183,0.0,45.30144488542823,0.0,0.0,0.0,0.0,0.0,0.0,0.0
10.0,7.53722686134307,0.0041718866956791,0.004171886697498,0.999991297644521,0.999991297644521,49.41351122635332,0.0,49.97154206510985,0.0,45.59501095111991,0.0,45.3014447881824,0.0,0.0,0.0,0.0,0.0,0.0,0.0
10.0,7.53747687384369,0.0041719422820197,0.0041719422838377,0.999991297412617,0.999991297412617,49.41351120467099,0.0,49.97154160827264,0.0,45.595010945577805,0.0,45.301444690933465,0.0,0.0,0.0,0.0,0.0,0.0,0.0
10.0,7.53772688634432,0.0041719978693774,0.0041719978711946,0.999991297180706,0.999991297180706,49.41351118298808,0.0,49.971541151421455,0.0,45.59501094003551,0.0,45.3014445936814,0.0,0.0,0.0,0.0,0.0,0.0,0.0
10.0,7.53797689884494,0.0041720534577521,0.0041720534595684,0.999991296948788,0.999991296948787,49.41351116130457,0.0,49.9715406945563,0.0,45.59501093449302,0.0,45.30144449642622,0.0,0.0,0.0,0.0,0.0,0.0,0.0
10.0,7.53822691134557,0.0041721090471438,0.0041721090489592,0.999991296716861,0.999991296716861,49.41351113962049,0.0,49.97154023767717,0.0,45.59501092895036,0.0,45.30144439916792,0.0,0.0,0.0,0.0,0.0,0.0,0.0
10.0,7.538476923846189,0.0041721646375524,0.0041721646393669,0.999991296484928,0.999991296484928,49.41351111793581,0.0,49.97153978078408,0.0,45.5950109234075,0.0,45.301444301906486,0.0,0.0,0.0,0.0,0.0,0.0,0.0
10.0,7.53872693634682,0.0041722202289778,0.0041722202307915,0.999991296252988,0.999991296252988,49.41351109625055,0.0,49.971539323877,0.0,45.59501091786446,0.0,45.301444204641946,0.0,0.0,0.0,0.0,0.0,0.0,0.0
10.0,7.53897694884744,0.0041722758214201,0.0041722758232329,0.99999129602104,0.99999129602104,49.41351107456471,0.0,49.97153886695597,0.0,45.59501091232123,0.0,45.30144410737427,0.0,0.0,0.0,0.0,0.0,0.0,0.0
10.0,7.53922696134807,0.0041723314148792,0.0041723314166911,0.999991295789084,0.999991295789084,49.413511052878285,0.0,49.97153841002096,0.0,45.595010906777816,0.0,45.30144401010349,0.0,0.0,0.0,0.0,0.0,0.0,0.0
10.0,7.53947697384869,0.004172387009355,0.0041723870111661,0.999991295557122,0.999991295557122,49.41351103119127,0.0,49.97153795307198,0.0,45.59501090123421,0.0,45.30144391282958,0.0,0.0,0.0,0.0,0.0,0.0,0.0
10.0,7.53972698634932,0.0041724426048474,0.0041724426066577,0.999991295325152,0.999991295325152,49.41351100950367,0.0,49.97153749610902,0.0,45.59501089569042,0.0,45.30144381555255,0.0,0.0,0.0,0.0,0.0,0.0,0.0
10.0,7.53997699884994,0.0041724982013565,0.0041724982031659,0.999991295093175,0.999991295093175,49.41351098781549,0.0,49.97153703913212,0.0,45.59501089014645,0.0,45.3014437182724,0.0,0.0,0.0,0.0,0.0,0.0,0.0
10.0,7.54022701135057,0.0041725537988822,0.0041725538006907,0.99999129486119,0.99999129486119,49.41351096612672,0.0,49.971536582141226,0.0,45.59501088460228,0.0,45.301443620989126,0.0,0.0,0.0,0.0,0.0,0.0,0.0
10.0,7.54047702385119,0.0041726093974244,0.004172609399232,0.999991294629198,0.999991294629198,49.41351094443738,0.0,49.97153612513636,0.0,45.59501087905794,0.0,45.30144352370273,0.0,0.0,0.0,0.0,0.0,0.0,0.0
10.0,7.54072703635182,0.0041726649969831,0.0041726649987898,0.999991294397199,0.999991294397199,49.41351092274745,0.0,49.97153566811753,0.0,45.5950108735134,0.0,45.30144342641322,0.0,0.0,0.0,0.0,0.0,0.0,0.0
10.0,7.54097704885244,0.0041727205975582,0.004172720599364,0.999991294165193,0.999991294165193,49.41351090105694,0.0,49.97153521108474,0.0,45.59501086796868,0.0,45.3014433291206,0.0,0.0,0.0,0.0,0.0,0.0,0.0
10.0,7.54122706135307,0.0041727761991497,0.0041727762009546,0.999991293933179,0.999991293933179,49.41351087936584,0.0,49.971534754037975,0.0,45.59501086242376,0.0,45.30144323182484,0.0,0.0,0.0,0.0,0.0,0.0,0.0
10.0,7.54147707385369,0.0041728318017576,0.0041728318035616,0.999991293701158,0.999991293701157,49.41351085767416,0.0,49.97153429697723,0.0,45.595010856878666,0.0,45.30144313452597,0.0,0.0,0.0,0.0,0.0,0.0,0.0
10.0,7.54172708635432,0.0041728874053817,0.0041728874071848,0.9999912934691289,0.9999912934691289,49.4135108359819,0.0,49.97153383990252,0.0,45.59501085133338,0.0,45.30144303722396,0.0,0.0,0.0,0.0,0.0,0.0,0.0
10.0,7.54197709885494,0.004172943010022,0.0041729430118243,0.999991293237093,0.999991293237093,49.41351081428905,0.0,49.971533382813845,0.0,45.59501084578791,0.0,45.30144293991885,0.0,0.0,0.0,0.0,0.0,0.0,0.0
10.0,7.54222711135557,0.0041729986156786,0.0041729986174799,0.99999129300505,0.99999129300505,49.413510792595616,0.0,49.9715329257112,0.0,45.59501084024225,0.0,45.30144284261061,0.0,0.0,0.0,0.0,0.0,0.0,0.0
10.0,7.54247712385619,0.0041730542223512,0.0041730542241517,0.9999912927729988,0.9999912927729988,49.41351077090161,0.0,49.9715324685946,0.0,45.59501083469642,0.0,45.301442745299255,0.0,0.0,0.0,0.0,0.0,0.0,0.0
10.0,7.54272713635682,0.00417310983004,0.0041731098318396,0.999991292540942,0.999991292540941,49.41351074920702,0.0,49.97153201146401,0.0,45.59501082915039,0.0,45.30144264798477,0.0,0.0,0.0,0.0,0.0,0.0,0.0
10.0,7.54297714885744,0.0041731654387448,0.0041731654405435,0.999991292308876,0.999991292308876,49.413510727511856,0.0,49.97153155431946,0.0,45.59501082360418,0.0,45.30144255066717,0.0,0.0,0.0,0.0,0.0,0.0,0.0
10.0,7.543227161358071,0.0041732210484656,0.0041732210502633,0.999991292076804,0.9999912920768028,49.4135107058161,0.0,49.97153109716093,0.0,45.59501081805777,0.0,45.30144245334645,0.0,0.0,0.0,0.0,0.0,0.0,0.0
10.0,7.54347717385869,0.0041732766592023,0.0041732766609992,0.999991291844724,0.999991291844724,49.41351068411976,0.0,49.97153063998845,0.0,45.595010812511184,0.0,45.30144235602261,0.0,0.0,0.0,0.0,0.0,0.0,0.0
10.0,7.54372718635932,0.0041733322709549,0.0041733322727509,0.999991291612637,0.999991291612636,49.41351066242285,0.0,49.97153018280199,0.0,45.59501080696441,0.0,45.30144225869565,0.0,0.0,0.0,0.0,0.0,0.0,0.0
10.0,7.54397719885994,0.0041733878837234,0.0041733878855185,0.999991291380542,0.999991291380542,49.41351064072536,0.0,49.97152972560157,0.0,45.59501080141745,0.0,45.30144216136557,0.0,0.0,0.0,0.0,0.0,0.0,0.0
10.0,7.54422721136057,0.0041734434975077,0.0041734434993018,0.99999129114844,0.99999129114844,49.413510619027285,0.0,49.97152926838718,0.0,45.5950107958703,0.0,45.301442064032365,0.0,0.0,0.0,0.0,0.0,0.0,0.0
10.0,7.54447722386119,0.0041734991123077,0.0041734991141009,0.9999912909163312,0.9999912909163312,49.41351059732863,0.0,49.97152881115882,0.0,45.59501079032296,0.0,45.301441966696046,0.0,0.0,0.0,0.0,0.0,0.0,0.0
10.0,7.54472723636182,0.0041735547281234,0.0041735547299157,0.999991290684214,0.999991290684214,49.41351057562939,0.0,49.97152835391649,0.0,45.59501078477544,0.0,45.301441869356594,0.0,0.0,0.0,0.0,0.0,0.0,0.0
10.0,7.54497724886244,0.0041736103449547,0.0041736103467461,0.999991290452091,0.99999129045209,49.41351055392958,0.0,49.97152789666019,0.0,45.595010779227735,0.0,45.30144177201403,0.0,0.0,0.0,0.0,0.0,0.0,0.0
10.0,7.54522726136307,0.0041736659628016,0.0041736659645921,0.9999912902199588,0.9999912902199588,49.41351053222918,0.0,49.97152743938993,0.0,45.59501077367984,0.0,45.301441674668354,0.0,0.0,0.0,0.0,0.0,0.0,0.0
10.0,7.54547727386369,0.0041737215816641,0.0041737215834537,0.999991289987821,0.99999128998782,49.413510510528205,0.0,49.9715269821057,0.0,45.59501076813176,0.0,45.30144157731954,0.0,0.0,0.0,0.0,0.0,0.0,0.0
10.0,7.54572728636432,0.0041737772015421,0.0041737772033308,0.999991289755675,0.999991289755675,49.41351048882665,0.0,49.97152652480749,0.0,45.595010762583485,0.0,45.301441479967615,0.0,0.0,0.0,0.0,0.0,0.0,0.0
10.0,7.54597729886494,0.0041738328224355,0.0041738328242233,0.999991289523522,0.999991289523521,49.41351046712452,0.0,49.97152606749533,0.0,45.59501075703504,0.0,45.301441382612566,0.0,0.0,0.0,0.0,0.0,0.0,0.0
10.0,7.54622731136557,0.0041738884443444,0.0041738884461312,0.999991289291361,0.999991289291361,49.41351044542181,0.0,49.9715256101692,0.0,45.59501075148639,0.0,45.3014412852544,0.0,0.0,0.0,0.0,0.0,0.0,0.0
10.0,7.54647732386619,0.0041739440672685,0.0041739440690544,0.999991289059193,0.999991289059193,49.41351042371851,0.0,49.9715251528291,0.0,45.59501074593757,0.0,45.30144118789311,0.0,0.0,0.0,0.0,0.0,0.0,0.0
10.0,7.54672733636682,0.004173999691208,0.004173999692993,0.999991288827018,0.999991288827018,49.41351040201465,0.0,49.97152469547503,0.0,45.59501074038855,0.0,45.3014410905287,0.0,0.0,0.0,0.0,0.0,0.0,0.0
10.0,7.54697734886744,0.0041740553161628,0.0041740553179468,0.999991288594835,0.999991288594835,49.41351038031021,0.0,49.971524238107,0.0,45.59501073483936,0.0,45.301440993161165,0.0,0.0,0.0,0.0,0.0,0.0,0.0
10.0,7.54722736136807,0.0041741109421327,0.0041741109439158,0.999991288362645,0.999991288362645,49.41351035860518,0.0,49.97152378072499,0.0,45.59501072928996,0.0,45.30144089579052,0.0,0.0,0.0,0.0,0.0,0.0,0.0
10.0,7.54747737386869,0.0041741665691178,0.0041741665709,0.999991288130448,0.999991288130448,49.413510336899584,0.0,49.97152332332902,0.0,45.59501072374039,0.0,45.30144079841674,0.0,0.0,0.0,0.0,0.0,0.0,0.0
10.0,7.54772738636932,0.004174222197118,0.0041742221988993,0.999991287898244,0.999991287898243,49.413510315193406,0.0,49.97152286591909,0.0,45.59501071819063,0.0,45.30144070103986,0.0,0.0,0.0,0.0,0.0,0.0,0.0
10.0,7.54797739886994,0.0041742778261333,0.0041742778279136,0.999991287666032,0.999991287666031,49.41351029348665,0.0,49.97152240849519,0.0,45.59501071264068,0.0,45.30144060365984,0.0,0.0,0.0,0.0,0.0,0.0,0.0
10.0,7.54822741137057,0.0041743334561635,0.0041743334579429,0.999991287433813,0.999991287433812,49.41351027177932,0.0,49.971521951057326,0.0,45.59501070709055,0.0,45.30144050627671,0.0,0.0,0.0,0.0,0.0,0.0,0.0
10.0,7.54847742387119,0.0041743890872088,0.0041743890889872,0.999991287201586,0.999991287201586,49.41351025007141,0.0,49.97152149360549,0.0,45.59501070154022,0.0,45.30144040889046,0.0,0.0,0.0,0.0,0.0,0.0,0.0
10.0,7.548727436371821,0.0041744447192689,0.0041744447210464,0.999991286969352,0.999991286969352,49.41351022836293,0.0,49.97152103613969,0.0,45.59501069598971,0.0,45.30144031150108,0.0,0.0,0.0,0.0,0.0,0.0,0.0
10.0,7.54897744887244,0.0041745003523439,0.0041745003541205,0.999991286737111,0.999991286737111,49.41351020665387,0.0,49.97152057865993,0.0,45.59501069043901,0.0,45.30144021410859,0.0,0.0,0.0,0.0,0.0,0.0,0.0
10.0,7.54922746137307,0.0041745559864337,0.0041745559882093,0.999991286504862,0.999991286504862,49.41351018494423,0.0,49.97152012116619,0.0,45.59501068488813,0.0,45.30144011671297,0.0,0.0,0.0,0.0,0.0,0.0,0.0
10.0,7.54947747387369,0.0041746116215382,0.0041746116233129,0.999991286272606,0.999991286272606,49.41351016323402,0.0,49.97151966365849,0.0,45.595010679337065,0.0,45.30144001931424,0.0,0.0,0.0,0.0,0.0,0.0,0.0
10.0,7.54972748637432,0.0041746672576575,0.0041746672594313,0.999991286040343,0.999991286040343,49.41351014152323,0.0,49.97151920613683,0.0,45.595010673785815,0.0,45.30143992191238,0.0,0.0,0.0,0.0,0.0,0.0,0.0
10.0,7.54997749887494,0.0041747228947915,0.0041747228965643,0.999991285808073,0.999991285808072,49.41351011981187,0.0,49.971518748601206,0.0,45.59501066823437,0.0,45.301439824507405,0.0,0.0,0.0,0.0,0.0,0.0,0.0
10.0,7.55022751137557,0.00417477853294,0.0041747785347119,0.9999912855757948,0.9999912855757948,49.413510098099934,0.0,49.971518291051616,0.0,45.595010662682746,0.0,45.30143972709931,0.0,0.0,0.0,0.0,0.0,0.0,0.0
10.0,7.55047752387619,0.0041748341721032,0.0041748341738741,0.9999912853435088,0.9999912853435088,49.41351007638742,0.0,49.97151783348806,0.0,45.59501065713093,0.0,45.3014396296881,0.0,0.0,0.0,0.0,0.0,0.0,0.0
10.0,7.55072753637682,0.0041748898122808,0.0041748898140508,0.999991285111217,0.999991285111216,49.41351005467433,0.0,49.97151737591052,0.0,45.59501065157893,0.0,45.30143953227376,0.0,0.0,0.0,0.0,0.0,0.0,0.0
10.0,7.550977548877441,0.0041749454534729,0.0041749454552419,0.999991284878917,0.9999912848789172,49.41351003296067,0.0,49.97151691831904,0.0,45.59501064602674,0.0,45.3014394348563,0.0,0.0,0.0,0.0,0.0,0.0,0.0
10.0,7.55122756137807,0.0041750010956795,0.0041750010974475,0.99999128464661,0.99999128464661,49.41351001124643,0.0,49.97151646071359,0.0,45.59501064047437,0.0,45.30143933743573,0.0,0.0,0.0,0.0,0.0,0.0,0.0
10.0,7.55147757387869,0.0041750567389004,0.0041750567406674,0.9999912844142952,0.999991284414295,49.41350998953162,0.0,49.971516003094166,0.0,45.59501063492181,0.0,45.301439240012016,0.0,0.0,0.0,0.0,0.0,0.0,0.0
10.0,7.55172758637932,0.0041751123831356,0.0041751123849017,0.999991284181973,0.999991284181973,49.41350996781624,0.0,49.97151554546078,0.0,45.59501062936906,0.0,45.30143914258521,0.0,0.0,0.0,0.0,0.0,0.0,0.0
10.0,7.55197759887994,0.0041751680283851,0.0041751680301502,0.999991283949644,0.999991283949644,49.41350994610029,0.0,49.97151508781343,0.0,45.59501062381612,0.0,45.30143904515526,0.0,0.0,0.0,0.0,0.0,0.0,0.0
10.0,7.55222761138057,0.0041752236746488,0.004175223676413,0.999991283717307,0.999991283717307,49.41350992438375,0.0,49.97151463015213,0.0,45.59501061826301,0.0,45.30143894772221,0.0,0.0,0.0,0.0,0.0,0.0,0.0
10.0,7.55247762388119,0.0041752793219267,0.0041752793236899,0.999991283484964,0.999991283484963,49.41350990266665,0.0,49.97151417247685,0.0,45.5950106127097,0.0,45.30143885028602,0.0,0.0,0.0,0.0,0.0,0.0,0.0
10.0,7.55272763638182,0.0041753349702187,0.0041753349719809,0.999991283252612,0.999991283252612,49.41350988094897,0.0,49.971513714787605,0.0,45.5950106071562,0.0,45.30143875284672,0.0,0.0,0.0,0.0,0.0,0.0,0.0
10.0,7.55297764888244,0.0041753906195248,0.0041753906212861,0.999991283020254,0.999991283020254,49.41350985923072,0.0,49.9715132570844,0.0,45.59501060160252,0.0,45.3014386554043,0.0,0.0,0.0,0.0,0.0,0.0,0.0
10.0,7.55322766138307,0.0041754462698449,0.0041754462716052,0.999991282787888,0.999991282787888,49.413509837511896,0.0,49.971512799367225,0.0,45.59501059604865,0.0,45.30143855795876,0.0,0.0,0.0,0.0,0.0,0.0,0.0
10.0,7.55347767388369,0.004175501921179,0.0041755019229383,0.9999912825555152,0.9999912825555152,49.4135098157925,0.0,49.971512341636085,0.0,45.5950105904946,0.0,45.3014384605101,0.0,0.0,0.0,0.0,0.0,0.0,0.0
10.0,7.55372768638432,0.004175557573527,0.0041755575752854,0.999991282323134,0.999991282323134,49.41350979407254,0.0,49.971511883891,0.0,45.59501058494037,0.0,45.30143836305832,0.0,0.0,0.0,0.0,0.0,0.0,0.0
10.0,7.55397769888494,0.0041756132268889,0.0041756132286463,0.9999912820907458,0.999991282090746,49.413509772352,0.0,49.97151142613194,0.0,45.59501057938593,0.0,45.301438265603416,0.0,0.0,0.0,0.0,0.0,0.0,0.0
10.0,7.554227711385569,0.0041756688812646,0.0041756688830211,0.999991281858351,0.999991281858351,49.41350975063089,0.0,49.971510968358906,0.0,45.59501057383132,0.0,45.3014381681454,0.0,0.0,0.0,0.0,0.0,0.0,0.0
10.0,7.55447772388619,0.0041757245366541,0.0041757245384096,0.999991281625949,0.999991281625948,49.41350972890921,0.0,49.97151051057192,0.0,45.595010568276514,0.0,45.30143807068425,0.0,0.0,0.0,0.0,0.0,0.0,0.0
10.0,7.55472773638682,0.0041757801930574,0.0041757801948119,0.999991281393539,0.999991281393538,49.41350970718696,0.0,49.97151005277097,0.0,45.595010562721534,0.0,45.30143797321999,0.0,0.0,0.0,0.0,0.0,0.0,0.0
10.0,7.55497774888744,0.0041758358504743,0.0041758358522278,0.999991281161121,0.999991281161121,49.41350968546413,0.0,49.97150959495605,0.0,45.59501055716636,0.0,45.301437875752605,0.0,0.0,0.0,0.0,0.0,0.0,0.0
10.0,7.55522776138807,0.0041758915089049,0.0041758915106574,0.999991280928697,0.999991280928697,49.41350966374074,0.0,49.97150913712717,0.0,45.59501055161101,0.0,45.30143777828211,0.0,0.0,0.0,0.0,0.0,0.0,0.0
10.0,7.5554777738887,0.004175947168349,0.0041759471701005,0.999991280696265,0.999991280696265,49.41350964201678,0.0,49.971508679284334,0.0,45.595010546055455,0.0,45.30143768080848,0.0,0.0,0.0,0.0,0.0,0.0,0.0
10.0,7.55572778638932,0.0041760028288067,0.0041760028305572,0.999991280463826,0.999991280463826,49.413509620292245,0.0,49.97150822142753,0.0,45.59501054049972,0.0,45.30143758333175,0.0,0.0,0.0,0.0,0.0,0.0,0.0
10.0,7.55597779888994,0.0041760584902779,0.0041760584920274,0.999991280231379,0.999991280231379,49.41350959856714,0.0,49.97150776355676,0.0,45.5950105349438,0.0,45.30143748585188,0.0,0.0,0.0,0.0,0.0,0.0,0.0
10.0,7.55622781139057,0.0041761141527625,0.004176114154511,0.999991279998925,0.999991279998925,49.41350957684146,0.0,49.97150730567203,0.0,45.59501052938769,0.0,45.301437388368896,0.0,0.0,0.0,0.0,0.0,0.0,0.0
10.0,7.556477823891189,0.0041761698162605,0.004176169818008,0.999991279766464,0.999991279766464,49.413509555115226,0.0,49.97150684777334,0.0,45.59501052383139,0.0,45.30143729088279,0.0,0.0,0.0,0.0,0.0,0.0,0.0
10.0,7.55672783639182,0.0041762254807718,0.0041762254825184,0.999991279533996,0.999991279533995,49.413509533388414,0.0,49.971506389860686,0.0,45.59501051827491,0.0,45.30143719339357,0.0,0.0,0.0,0.0,0.0,0.0,0.0
10.0,7.55697784889244,0.0041762811462965,0.004176281148042,0.99999127930152,0.99999127930152,49.41350951166103,0.0,49.97150593193407,0.0,45.595010512718254,0.0,45.30143709590122,0.0,0.0,0.0,0.0,0.0,0.0,0.0
10.0,7.55722786139307,0.0041763368128343,0.0041763368145789,0.999991279069037,0.999991279069037,49.41350948993307,0.0,49.97150547399349,0.0,45.5950105071614,0.0,45.30143699840576,0.0,0.0,0.0,0.0,0.0,0.0,0.0
10.0,7.55747787389369,0.0041763924803854,0.004176392482129,0.999991278836546,0.999991278836546,49.41350946820456,0.0,49.97150501603895,0.0,45.59501050160436,0.0,45.30143690090717,0.0,0.0,0.0,0.0,0.0,0.0,0.0
10.0,7.55772788639432,0.0041764481489496,0.0041764481506922,0.999991278604048,0.999991278604048,49.413509446475466,0.0,49.97150455807044,0.0,45.59501049604713,0.0,45.301436803405466,0.0,0.0,0.0,0.0,0.0,0.0,0.0
10.0,7.55797789889494,0.0041765038185269,0.0041765038202685,0.9999912783715428,0.9999912783715428,49.41350942474581,0.0,49.97150410008797,0.0,45.59501049048971,0.0,45.30143670590064,0.0,0.0,0.0,0.0,0.0,0.0,0.0
10.0,7.55822791139557,0.0041765594891172,0.0041765594908578,0.9999912781390308,0.99999127813903,49.4135094030156,0.0,49.97150364209154,0.0,45.59501048493212,0.0,45.3014366083927,0.0,0.0,0.0,0.0,0.0,0.0,0.0
10.0,7.55847792389619,0.0041766151607206,0.0041766151624601,0.999991277906511,0.99999127790651,49.4135093812848,0.0,49.97150318408115,0.0,45.59501047937433,0.0,45.30143651088164,0.0,0.0,0.0,0.0,0.0,0.0,0.0
10.0,7.55872793639682,0.0041766708333369,0.0041766708350754,0.999991277673984,0.999991277673983,49.41350935955344,0.0,49.9715027260568,0.0,45.59501047381636,0.0,45.301436413367455,0.0,0.0,0.0,0.0,0.0,0.0,0.0
10.0,7.55897794889744,0.0041767265069661,0.0041767265087036,0.9999912774414488,0.9999912774414488,49.41350933782151,0.0,49.97150226801849,0.0,45.5950104682582,0.0,45.30143631585015,0.0,0.0,0.0,0.0,0.0,0.0,0.0
10.0,7.55922796139807,0.0041767821816081,0.0041767821833447,0.999991277208907,0.999991277208907,49.41350931608902,0.0,49.97150180996622,0.0,45.59501046269985,0.0,45.30143621832973,0.0,0.0,0.0,0.0,0.0,0.0,0.0
10.0,7.5594779738987,0.004176837857263,0.0041768378589985,0.999991276976358,0.999991276976358,49.41350929435595,0.0,49.97150135189997,0.0,45.59501045714131,0.0,45.30143612080618,0.0,0.0,0.0,0.0,0.0,0.0,0.0
10.0,7.55972798639932,0.0041768935339306,0.0041768935356651,0.999991276743802,0.9999912767438012,49.41350927262233,0.0,49.97150089381978,0.0,45.5950104515826,0.0,45.30143602327952,0.0,0.0,0.0,0.0,0.0,0.0,0.0
10.0,7.55997799889994,0.0041769492116109,0.0041769492133444,0.999991276511238,0.9999912765112368,49.41350925088813,0.0,49.97150043572563,0.0,45.595010446023686,0.0,45.30143592574972,0.0,0.0,0.0,0.0,0.0,0.0,0.0
10.0,7.56022801140057,0.0041770048903038,0.0041770048920363,0.999991276278666,0.999991276278666,49.41350922915337,0.0,49.97149997761751,0.0,45.5950104404646,0.0,45.301435828216825,0.0,0.0,0.0,0.0,0.0,0.0,0.0
10.0,7.56047802390119,0.0041770605700094,0.0041770605717408,0.999991276046088,0.999991276046088,49.41350920741805,0.0,49.97149951949543,0.0,45.59501043490531,0.0,45.3014357306808,0.0,0.0,0.0,0.0,0.0,0.0,0.0
10.0,7.56072803640182,0.0041771162507275,0.0041771162524579,0.999991275813502,0.999991275813502,49.41350918568216,0.0,49.97149906135939,0.0,45.59501042934585,0.0,45.30143563314165,0.0,0.0,0.0,0.0,0.0,0.0,0.0
10.0,7.56097804890245,0.0041771719324581,0.0041771719341875,0.9999912755809092,0.9999912755809092,49.4135091639457,0.0,49.97149860320939,0.0,45.5950104237862,0.0,45.30143553559938,0.0,0.0,0.0,0.0,0.0,0.0,0.0
10.0,7.56122806140307,0.0041772276152012,0.0041772276169296,0.999991275348309,0.999991275348308,49.41350914220868,0.0,49.97149814504543,0.0,45.59501041822636,0.0,45.30143543805401,0.0,0.0,0.0,0.0,0.0,0.0,0.0
10.0,7.56147807390369,0.0041772832989567,0.004177283300684,0.9999912751157012,0.9999912751157,49.41350912047108,0.0,49.97149768686751,0.0,45.595010412666326,0.0,45.30143534050551,0.0,0.0,0.0,0.0,0.0,0.0,0.0
10.0,7.56172808640432,0.0041773389837245,0.0041773389854509,0.9999912748830851,0.9999912748830851,49.41350909873293,0.0,49.97149722867562,0.0,45.59501040710611,0.0,45.30143524295387,0.0,0.0,0.0,0.0,0.0,0.0,0.0
10.0,7.56197809890495,0.0041773946695047,0.00417739467123,0.999991274650463,0.999991274650463,49.41350907699421,0.0,49.97149677046978,0.0,45.59501040154573,0.0,45.30143514539913,0.0,0.0,0.0,0.0,0.0,0.0,0.0
10.0,7.56222811140557,0.0041774503562971,0.0041774503580214,0.999991274417833,0.999991274417833,49.41350905525493,0.0,49.97149631224998,0.0,45.59501039598513,0.0,45.30143504784127,0.0,0.0,0.0,0.0,0.0,0.0,0.0
10.0,7.5624781239062,0.0041775060441017,0.004177506045825,0.999991274185196,0.999991274185196,49.41350903351509,0.0,49.97149585401622,0.0,45.59501039042436,0.0,45.30143495028028,0.0,0.0,0.0,0.0,0.0,0.0,0.0
10.0,7.56272813640682,0.0041775617329185,0.0041775617346407,0.999991273952551,0.999991273952551,49.41350901177468,0.0,49.97149539576849,0.0,45.5950103848634,0.0,45.30143485271618,0.0,0.0,0.0,0.0,0.0,0.0,0.0
10.0,7.56297814890744,0.0041776174227475,0.0041776174244686,0.999991273719899,0.999991273719899,49.413508990033705,0.0,49.97149493750682,0.0,45.59501037930225,0.0,45.30143475514896,0.0,0.0,0.0,0.0,0.0,0.0,0.0
10.0,7.56322816140807,0.0041776731135884,0.0041776731153086,0.99999127348724,0.99999127348724,49.41350896829216,0.0,49.971494479231175,0.0,45.59501037374092,0.0,45.30143465757862,0.0,0.0,0.0,0.0,0.0,0.0,0.0
10.0,7.5634781739087,0.0041777288054414,0.0041777288071605,0.9999912732545742,0.999991273254574,49.41350894655006,0.0,49.97149402094158,0.0,45.5950103681794,0.0,45.30143456000515,0.0,0.0,0.0,0.0,0.0,0.0,0.0
10.0,7.56372818640932,0.0041777844983064,0.0041777845000244,0.9999912730219,0.9999912730219,49.4135089248074,0.0,49.97149356263802,0.0,45.59501036261769,0.0,45.30143446242856,0.0,0.0,0.0,0.0,0.0,0.0,0.0
10.0,7.56397819890995,0.0041778401921833,0.0041778401939003,0.999991272789219,0.999991272789219,49.41350890306417,0.0,49.9714931043205,0.0,45.5950103570558,0.0,45.30143436484887,0.0,0.0,0.0,0.0,0.0,0.0,0.0
10.0,7.56422821141057,0.004177895887072,0.004177895888788,0.9999912725565312,0.99999127255653,49.413508881320375,0.0,49.97149264598902,0.0,45.59501035149372,0.0,45.301434267266046,0.0,0.0,0.0,0.0,0.0,0.0,0.0
10.0,7.564478223911201,0.0041779515829726,0.0041779515846875,0.9999912723238352,0.9999912723238352,49.41350885957602,0.0,49.971492187643584,0.0,45.595010345931456,0.0,45.30143416968009,0.0,0.0,0.0,0.0,0.0,0.0,0.0
10.0,7.56472823641182,0.004178007279885,0.0041780072815988,0.999991272091131,0.999991272091131,49.41350883783111,0.0,49.97149172928418,0.0,45.595010340369,0.0,45.30143407209104,0.0,0.0,0.0,0.0,0.0,0.0,0.0
10.0,7.56497824891245,0.004178062977809,0.0041780629795218,0.9999912718584208,0.9999912718584208,49.41350881608564,0.0,49.97149127091083,0.0,45.59501033480636,0.0,45.30143397449885,0.0,0.0,0.0,0.0,0.0,0.0,0.0
10.0,7.56522826141307,0.0041781186767448,0.0041781186784565,0.999991271625703,0.999991271625703,49.41350879433959,0.0,49.97149081252352,0.0,45.59501032924354,0.0,45.30143387690355,0.0,0.0,0.0,0.0,0.0,0.0,0.0
10.0,7.56547827391369,0.0041781743766922,0.0041781743784028,0.999991271392978,0.999991271392978,49.413508772593,0.0,49.971490354122245,0.0,45.595010323680526,0.0,45.30143377930512,0.0,0.0,0.0,0.0,0.0,0.0,0.0
10.0,7.56572828641432,0.0041782300776511,0.0041782300793607,0.999991271160246,0.999991271160245,49.41350875084584,0.0,49.971489895707016,0.0,45.59501031811732,0.0,45.30143368170359,0.0,0.0,0.0,0.0,0.0,0.0,0.0
10.0,7.56597829891495,0.0041782857796216,0.0041782857813302,0.999991270927506,0.999991270927506,49.41350872909811,0.0,49.97148943727783,0.0,45.59501031255394,0.0,45.30143358409893,0.0,0.0,0.0,0.0,0.0,0.0,0.0
10.0,7.56622831141557,0.0041783414826035,0.0041783414843111,0.999991270694759,0.999991270694758,49.41350870734983,0.0,49.971488978834685,0.0,45.59501030699037,0.0,45.30143348649114,0.0,0.0,0.0,0.0,0.0,0.0,0.0
10.0,7.5664783239162,0.0041783971865969,0.0041783971883034,0.999991270462004,0.999991270462004,49.41350868560099,0.0,49.97148852037758,0.0,45.595010301426605,0.0,45.30143338888024,0.0,0.0,0.0,0.0,0.0,0.0,0.0
10.0,7.566728336416821,0.0041784528916017,0.0041784528933071,0.999991270229243,0.999991270229242,49.41350866385158,0.0,49.97148806190651,0.0,45.59501029586266,0.0,45.30143329126622,0.0,0.0,0.0,0.0,0.0,0.0,0.0
10.0,7.56697834891745,0.0041785085976178,0.0041785085993221,0.999991269996473,0.999991269996473,49.41350864210162,0.0,49.97148760342149,0.0,45.595010290298525,0.0,45.30143319364908,0.0,0.0,0.0,0.0,0.0,0.0,0.0
10.0,7.56722836141807,0.0041785643046452,0.0041785643063484,0.9999912697636968,0.9999912697636968,49.413508620351095,0.0,49.97148714492251,0.0,45.59501028473421,0.0,45.301433096028816,0.0,0.0,0.0,0.0,0.0,0.0,0.0
10.0,7.5674783739187,0.0041786200126838,0.004178620014386,0.999991269530913,0.999991269530913,49.41350859860001,0.0,49.97148668640958,0.0,45.5950102791697,0.0,45.301432998405446,0.0,0.0,0.0,0.0,0.0,0.0,0.0
10.0,7.56772838641932,0.0041786757217336,0.0041786757234347,0.999991269298122,0.999991269298122,49.413508576848365,0.0,49.971486227882686,0.0,45.59501027360501,0.0,45.30143290077894,0.0,0.0,0.0,0.0,0.0,0.0,0.0
10.0,7.56797839891995,0.0041787314317945,0.0041787314334946,0.999991269065324,0.999991269065324,49.413508555096165,0.0,49.97148576934183,0.0,45.59501026804013,0.0,45.301432803149325,0.0,0.0,0.0,0.0,0.0,0.0,0.0
10.0,7.56822841142057,0.0041787871428665,0.0041787871445655,0.999991268832518,0.999991268832518,49.4135085333434,0.0,49.971485310787024,0.0,45.59501026247506,0.0,45.30143270551659,0.0,0.0,0.0,0.0,0.0,0.0,0.0
10.0,7.5684784239212,0.0041788428549496,0.0041788428566475,0.9999912685997052,0.9999912685997052,49.41350851159008,0.0,49.97148485221825,0.0,45.59501025690981,0.0,45.30143260788073,0.0,0.0,0.0,0.0,0.0,0.0,0.0
10.0,7.56872843642182,0.0041788985680437,0.0041788985697405,0.9999912683668852,0.999991268366884,49.4135084898362,0.0,49.97148439363554,0.0,45.59501025134437,0.0,45.30143251024175,0.0,0.0,0.0,0.0,0.0,0.0,0.0
10.0,7.56897844892245,0.0041789542821486,0.0041789542838444,0.9999912681340568,0.999991268134056,49.41350846808176,0.0,49.97148393503885,0.0,45.595010245778745,0.0,45.30143241259965,0.0,0.0,0.0,0.0,0.0,0.0,0.0
10.0,7.56922846142307,0.0041790099972645,0.0041790099989592,0.9999912679012218,0.999991267901221,49.413508446326766,0.0,49.97148347642823,0.0,45.59501024021293,0.0,45.30143231495443,0.0,0.0,0.0,0.0,0.0,0.0,0.0
10.0,7.5694784739237,0.0041790657133913,0.0041790657150848,0.999991267668379,0.999991267668379,49.41350842457121,0.0,49.97148301780362,0.0,45.595010234646935,0.0,45.3014322173061,0.0,0.0,0.0,0.0,0.0,0.0,0.0
10.0,7.56972848642432,0.0041791214305288,0.0041791214322213,0.9999912674355292,0.9999912674355292,49.4135084028151,0.0,49.97148255916508,0.0,45.59501022908075,0.0,45.30143211965464,0.0,0.0,0.0,0.0,0.0,0.0,0.0
10.0,7.569978498924949,0.004179177148677,0.0041791771503684,0.999991267202672,0.999991267202672,49.41350838105843,0.0,49.97148210051257,0.0,45.59501022351438,0.0,45.30143202200006,0.0,0.0,0.0,0.0,0.0,0.0,0.0
10.0,7.57022851142557,0.004179232867836,0.0041792328695263,0.999991266969808,0.999991266969808,49.4135083593012,0.0,49.9714816418461,0.0,45.59501021794782,0.0,45.30143192434237,0.0,0.0,0.0,0.0,0.0,0.0,0.0
10.0,7.5704785239262,0.0041792885880056,0.0041792885896948,0.999991266736936,0.999991266736936,49.41350833754342,0.0,49.971481183165686,0.0,45.59501021238108,0.0,45.30143182668155,0.0,0.0,0.0,0.0,0.0,0.0,0.0
10.0,7.57072853642682,0.0041793443091858,0.0041793443108739,0.9999912665040568,0.9999912665040568,49.41350831578507,0.0,49.971480724471306,0.0,45.59501020681414,0.0,45.30143172901762,0.0,0.0,0.0,0.0,0.0,0.0,0.0
10.0,7.57097854892745,0.0041794000313765,0.0041794000330636,0.999991266271171,0.999991266271171,49.41350829402617,0.0,49.97148026576298,0.0,45.59501020124701,0.0,45.30143163135057,0.0,0.0,0.0,0.0,0.0,0.0,0.0
10.0,7.57122856142807,0.0041794557545778,0.0041794557562637,0.999991266038277,0.999991266038277,49.413508272266725,0.0,49.97147980704069,0.0,45.59501019567971,0.0,45.30143153368039,0.0,0.0,0.0,0.0,0.0,0.0,0.0
10.0,7.5714785739287,0.0041795114787895,0.0041795114804743,0.999991265805376,0.999991265805376,49.41350825050672,0.0,49.97147934830445,0.0,45.59501019011222,0.0,45.3014314360071,0.0,0.0,0.0,0.0,0.0,0.0,0.0
10.0,7.57172858642932,0.0041795672040116,0.0041795672056953,0.999991265572468,0.9999912655724668,49.41350822874615,0.0,49.97147888955424,0.0,45.595010184544535,0.0,45.30143133833069,0.0,0.0,0.0,0.0,0.0,0.0,0.0
10.0,7.57197859892995,0.0041796229302441,0.0041796229319267,0.999991265339552,0.999991265339552,49.41350820698503,0.0,49.97147843079009,0.0,45.59501017897668,0.0,45.30143124065116,0.0,0.0,0.0,0.0,0.0,0.0,0.0
10.0,7.572228611430571,0.0041796786574868,0.0041796786591684,0.999991265106629,0.999991265106629,49.41350818522335,0.0,49.97147797201198,0.0,45.59501017340863,0.0,45.3014311429685,0.0,0.0,0.0,0.0,0.0,0.0,0.0
10.0,7.5724786239312,0.0041797343857398,0.0041797343874203,0.999991264873698,0.999991264873698,49.41350816346112,0.0,49.97147751321992,0.0,45.59501016784039,0.0,45.30143104528273,0.0,0.0,0.0,0.0,0.0,0.0,0.0
10.0,7.57272863643182,0.0041797901150031,0.0041797901166824,0.9999912646407608,0.99999126464076,49.41350814169832,0.0,49.971477054413896,0.0,45.595010162271954,0.0,45.30143094759384,0.0,0.0,0.0,0.0,0.0,0.0,0.0
10.0,7.57297864893245,0.0041798458452764,0.0041798458469547,0.999991264407816,0.999991264407815,49.41350811993498,0.0,49.97147659559392,0.0,45.59501015670334,0.0,45.30143084990183,0.0,0.0,0.0,0.0,0.0,0.0,0.0
10.0,7.57322866143307,0.0041799015765599,0.004179901578237,0.9999912641748628,0.9999912641748628,49.41350809817109,0.0,49.97147613675998,0.0,45.59501015113455,0.0,45.30143075220671,0.0,0.0,0.0,0.0,0.0,0.0,0.0
10.0,7.5734786739337,0.0041799573088535,0.0041799573105295,0.999991263941904,0.9999912639419032,49.41350807640664,0.0,49.9714756779121,0.0,45.59501014556556,0.0,45.30143065450846,0.0,0.0,0.0,0.0,0.0,0.0,0.0
10.0,7.57372868643432,0.004180013042157,0.0041800130438319,0.999991263708937,0.999991263708936,49.41350805464163,0.0,49.97147521905026,0.0,45.59501013999639,0.0,45.30143055680709,0.0,0.0,0.0,0.0,0.0,0.0,0.0
10.0,7.57397869893495,0.0041800687764706,0.0041800687781443,0.999991263475962,0.999991263475962,49.41350803287608,0.0,49.97147476017446,0.0,45.59501013442703,0.0,45.3014304591026,0.0,0.0,0.0,0.0,0.0,0.0,0.0
10.0,7.57422871143557,0.004180124511794,0.0041801245134666,0.9999912632429808,0.99999126324298,49.41350801110996,0.0,49.97147430128472,0.0,45.59501012885748,0.0,45.30143036139499,0.0,0.0,0.0,0.0,0.0,0.0,0.0
10.0,7.5744787239362,0.0041801802481273,0.0041801802497988,0.999991263009992,0.999991263009991,49.413507989343294,0.0,49.97147384238101,0.0,45.59501012328775,0.0,45.30143026368427,0.0,0.0,0.0,0.0,0.0,0.0,0.0
10.0,7.57472873643682,0.0041802359854704,0.0041802359871408,0.9999912627769952,0.9999912627769952,49.41350796757608,0.0,49.97147338346335,0.0,45.59501011771783,0.0,45.30143016597042,0.0,0.0,0.0,0.0,0.0,0.0,0.0
10.0,7.57497874893745,0.0041802917238233,0.0041802917254926,0.999991262543991,0.999991262543991,49.41350794580831,0.0,49.97147292453173,0.0,45.595010112147726,0.0,45.30143006825346,0.0,0.0,0.0,0.0,0.0,0.0,0.0
10.0,7.57522876143807,0.0041803474631859,0.004180347464854,0.99999126231098,0.99999126231098,49.413507924039976,0.0,49.97147246558617,0.0,45.59501010657744,0.0,45.30142997053338,0.0,0.0,0.0,0.0,0.0,0.0,0.0
10.0,7.575478773938699,0.0041804032035581,0.0041804032052252,0.999991262077962,0.999991262077962,49.4135079022711,0.0,49.97147200662664,0.0,45.59501010100696,0.0,45.30142987281017,0.0,0.0,0.0,0.0,0.0,0.0,0.0
10.0,7.57572878643932,0.00418045894494,0.0041804589466059,0.999991261844937,0.999991261844936,49.41350788050167,0.0,49.97147154765316,0.0,45.59501009543629,0.0,45.301429775083854,0.0,0.0,0.0,0.0,0.0,0.0,0.0
10.0,7.57597879893995,0.0041805146873315,0.0041805146889963,0.999991261611904,0.999991261611903,49.41350785873168,0.0,49.97147108866574,0.0,45.59501008986543,0.0,45.30142967735441,0.0,0.0,0.0,0.0,0.0,0.0,0.0
10.0,7.57622881144057,0.0041805704307325,0.0041805704323961,0.999991261378863,0.999991261378863,49.41350783696115,0.0,49.97147062966435,0.0,45.5950100842944,0.0,45.301429579621846,0.0,0.0,0.0,0.0,0.0,0.0,0.0
10.0,7.5764788239412,0.0041806261751429,0.0041806261768054,0.9999912611458162,0.999991261145815,49.41350781519007,0.0,49.97147017064902,0.0,45.59501007872317,0.0,45.30142948188616,0.0,0.0,0.0,0.0,0.0,0.0,0.0
10.0,7.57672883644182,0.0041806819205628,0.0041806819222242,0.99999126091276,0.99999126091276,49.41350779341843,0.0,49.971469711619726,0.0,45.59501007315176,0.0,45.30142938414737,0.0,0.0,0.0,0.0,0.0,0.0,0.0
10.0,7.57697884894245,0.004180737666992,0.0041807376686523,0.999991260679698,0.999991260679698,49.413507771646245,0.0,49.97146925257648,0.0,45.59501006758017,0.0,45.30142928640544,0.0,0.0,0.0,0.0,0.0,0.0,0.0
10.0,7.57722886144307,0.0041807934144306,0.0041807934160897,0.9999912604466288,0.999991260446628,49.413507749873496,0.0,49.971468793519286,0.0,45.59501006200838,0.0,45.30142918866041,0.0,0.0,0.0,0.0,0.0,0.0,0.0
10.0,7.5774788739437,0.0041808491628784,0.0041808491645364,0.999991260213552,0.999991260213551,49.41350772810021,0.0,49.97146833444813,0.0,45.5950100564364,0.0,45.30142909091225,0.0,0.0,0.0,0.0,0.0,0.0,0.0
10.0,7.577728886444319,0.0041809049123355,0.0041809049139924,0.999991259980467,0.999991259980467,49.41350770632637,0.0,49.97146787536303,0.0,45.595010050864246,0.0,45.301428993160975,0.0,0.0,0.0,0.0,0.0,0.0,0.0
10.0,7.57797889894495,0.0041809606628018,0.0041809606644575,0.999991259747376,0.999991259747375,49.41350768455198,0.0,49.97146741626397,0.0,45.59501004529189,0.0,45.30142889540657,0.0,0.0,0.0,0.0,0.0,0.0,0.0
10.0,7.57822891144557,0.0041810164142772,0.0041810164159317,0.9999912595142768,0.9999912595142768,49.41350766277703,0.0,49.971466957150966,0.0,45.59501003971936,0.0,45.30142879764906,0.0,0.0,0.0,0.0,0.0,0.0,0.0
10.0,7.5784789239462,0.0041810721667617,0.0041810721684151,0.999991259281171,0.99999125928117,49.41350764100154,0.0,49.971466498024,0.0,45.59501003414665,0.0,45.30142869988843,0.0,0.0,0.0,0.0,0.0,0.0,0.0
10.0,7.57872893644682,0.0041811279202552,0.0041811279219074,0.999991259048057,0.999991259048057,49.41350761922551,0.0,49.97146603888309,0.0,45.59501002857374,0.0,45.30142860212467,0.0,0.0,0.0,0.0,0.0,0.0,0.0
10.0,7.57897894894745,0.0041811836747576,0.0041811836764088,0.999991258814936,0.999991258814936,49.41350759744891,0.0,49.97146557972822,0.0,45.59501002300065,0.0,45.3014285043578,0.0,0.0,0.0,0.0,0.0,0.0,0.0
10.0,7.57922896144807,0.0041812394302691,0.004181239431919,0.999991258581808,0.999991258581808,49.41350757567178,0.0,49.9714651205594,0.0,45.59501001742737,0.0,45.30142840658781,0.0,0.0,0.0,0.0,0.0,0.0,0.0
10.0,7.5794789739487,0.0041812951867894,0.0041812951884382,0.999991258348672,0.999991258348672,49.41350755389408,0.0,49.97146466137663,0.0,45.5950100118539,0.0,45.3014283088147,0.0,0.0,0.0,0.0,0.0,0.0,0.0
10.0,7.57972898644932,0.0041813509443185,0.0041813509459662,0.999991258115529,0.999991258115529,49.41350753211585,0.0,49.9714642021799,0.0,45.59501000628025,0.0,45.30142821103847,0.0,0.0,0.0,0.0,0.0,0.0,0.0
10.0,7.57997899894995,0.0041814067028565,0.004181406704503,0.999991257882379,0.999991257882379,49.41350751033706,0.0,49.97146374296923,0.0,45.59501000070641,0.0,45.30142811325912,0.0,0.0,0.0,0.0,0.0,0.0,0.0
10.0,7.58022901145057,0.0041814624624031,0.0041814624640485,0.999991257649221,0.999991257649221,49.41350748855773,0.0,49.97146328374459,0.0,45.59500999513239,0.0,45.301428015476645,0.0,0.0,0.0,0.0,0.0,0.0,0.0
10.0,7.5804790239512,0.0041815182229585,0.0041815182246027,0.9999912574160568,0.999991257416056,49.41350746677785,0.0,49.97146282450603,0.0,45.59500998955818,0.0,45.30142791769106,0.0,0.0,0.0,0.0,0.0,0.0,0.0
10.0,7.58072903645182,0.0041815739845225,0.0041815739861655,0.999991257182884,0.999991257182884,49.41350744499742,0.0,49.97146236525349,0.0,45.59500998398377,0.0,45.30142781990236,0.0,0.0,0.0,0.0,0.0,0.0,0.0
10.0,7.58097904895245,0.0041816297470951,0.004181629748737,0.999991256949705,0.999991256949704,49.41350742321645,0.0,49.971461905987,0.0,45.59500997840919,0.0,45.301427722110525,0.0,0.0,0.0,0.0,0.0,0.0,0.0
10.0,7.58122906145307,0.0041816855106763,0.0041816855123169,0.999991256716518,0.999991256716517,49.41350740143491,0.0,49.97146144670657,0.0,45.59500997283442,0.0,45.30142762431559,0.0,0.0,0.0,0.0,0.0,0.0,0.0
10.0,7.5814790739537,0.0041817412752659,0.0041817412769054,0.999991256483324,0.999991256483323,49.41350737965285,0.0,49.971460987412186,0.0,45.59500996725945,0.0,45.30142752651752,0.0,0.0,0.0,0.0,0.0,0.0,0.0
10.0,7.58172908645432,0.004181797040864,0.0041817970425023,0.999991256250122,0.999991256250122,49.41350735787022,0.0,49.97146052810385,0.0,45.59500996168431,0.0,45.30142742871634,0.0,0.0,0.0,0.0,0.0,0.0,0.0
10.0,7.58197909895495,0.0041818528074705,0.0041818528091077,0.999991256016913,0.999991256016913,49.41350733608705,0.0,49.97146006878155,0.0,45.59500995610898,0.0,45.301427330912034,0.0,0.0,0.0,0.0,0.0,0.0,0.0
10.0,7.58222911145557,0.0041819085750853,0.0041819085767213,0.999991255783697,0.999991255783697,49.41350731430335,0.0,49.97145960944532,0.0,45.59500995053346,0.0,45.30142723310461,0.0,0.0,0.0,0.0,0.0,0.0,0.0
10.0,7.5824791239562,0.0041819643437085,0.0041819643453433,0.999991255550474,0.999991255550473,49.41350729251909,0.0,49.97145915009513,0.0,45.59500994495775,0.0,45.30142713529408,0.0,0.0,0.0,0.0,0.0,0.0,0.0
10.0,7.58272913645682,0.0041820201133398,0.0041820201149735,0.999991255317242,0.999991255317242,49.41350727073429,0.0,49.97145869073099,0.0,45.59500993938186,0.0,45.30142703748042,0.0,0.0,0.0,0.0,0.0,0.0,0.0
10.0,7.58297914895745,0.0041820758839794,0.0041820758856119,0.999991255084004,0.999991255084004,49.41350724894894,0.0,49.9714582313529,0.0,45.59500993380578,0.0,45.30142693966364,0.0,0.0,0.0,0.0,0.0,0.0,0.0
10.0,7.58322916145807,0.0041821316556272,0.0041821316572585,0.999991254850759,0.999991254850759,49.413507227163045,0.0,49.97145777196085,0.0,45.59500992822952,0.0,45.30142684184374,0.0,0.0,0.0,0.0,0.0,0.0,0.0
10.0,7.5834791739587,0.004182187428283,0.0041821874299131,0.999991254617506,0.999991254617506,49.4135072053766,0.0,49.97145731255487,0.0,45.59500992265306,0.0,45.30142674402073,0.0,0.0,0.0,0.0,0.0,0.0,0.0
10.0,7.58372918645932,0.0041822432019469,0.0041822432035758,0.999991254384246,0.999991254384246,49.413507183589616,0.0,49.97145685313492,0.0,45.595009917076425,0.0,45.30142664619459,0.0,0.0,0.0,0.0,0.0,0.0,0.0
10.0,7.58397919895995,0.0041822989766188,0.0041822989782466,0.999991254150978,0.999991254150978,49.41350716180209,0.0,49.97145639370103,0.0,45.5950099114996,0.0,45.301426548365335,0.0,0.0,0.0,0.0,0.0,0.0,0.0
10.0,7.58422921146057,0.0041823547522987,0.0041823547539252,0.999991253917704,0.9999912539177032,49.41350714001402,0.0,49.97145593425318,0.0,45.5950099059226,0.0,45.301426450532965,0.0,0.0,0.0,0.0,0.0,0.0,0.0
10.0,7.5844792239612,0.0041824105289865,0.0041824105306118,0.999991253684421,0.999991253684421,49.41350711822539,0.0,49.97145547479139,0.0,45.59500990034539,0.0,45.30142635269748,0.0,0.0,0.0,0.0,0.0,0.0,0.0
10.0,7.58472923646182,0.0041824663066821,0.0041824663083063,0.9999912534511322,0.9999912534511322,49.41350709643623,0.0,49.97145501531565,0.0,45.595009894768005,0.0,45.30142625485886,0.0,0.0,0.0,0.0,0.0,0.0,0.0
10.0,7.58497924896245,0.0041825220853856,0.0041825220870085,0.999991253217835,0.999991253217835,49.41350707464653,0.0,49.97145455582596,0.0,45.59500988919043,0.0,45.30142615701713,0.0,0.0,0.0,0.0,0.0,0.0,0.0
10.0,7.58522926146307,0.0041825778650968,0.0041825778667185,0.999991252984531,0.999991252984531,49.41350705285628,0.0,49.97145409632231,0.0,45.59500988361267,0.0,45.301426059172286,0.0,0.0,0.0,0.0,0.0,0.0,0.0
10.0,7.5854792739637,0.0041826336458157,0.0041826336474363,0.9999912527512188,0.999991252751219,49.41350703106547,0.0,49.97145363680472,0.0,45.59500987803472,0.0,45.30142596132431,0.0,0.0,0.0,0.0,0.0,0.0,0.0
10.0,7.58572928646432,0.0041826894275423,0.0041826894291617,0.999991252517901,0.999991252517901,49.41350700927414,0.0,49.97145317727318,0.0,45.59500987245659,0.0,45.301425863473234,0.0,0.0,0.0,0.0,0.0,0.0,0.0
10.0,7.58597929896495,0.0041827452102765,0.0041827452118947,0.999991252284574,0.999991252284574,49.41350698748226,0.0,49.971452717727686,0.0,45.59500986687828,0.0,45.30142576561904,0.0,0.0,0.0,0.0,0.0,0.0,0.0
10.0,7.58622931146557,0.0041828009940183,0.0041828009956352,0.9999912520512412,0.9999912520512412,49.41350696568984,0.0,49.97145225816825,0.0,45.595009861299765,0.0,45.301425667761706,0.0,0.0,0.0,0.0,0.0,0.0,0.0
10.0,7.5864793239662,0.0041828567787676,0.0041828567803833,0.9999912518179,0.9999912518179,49.41350694389687,0.0,49.97145179859486,0.0,45.595009855721074,0.0,45.30142556990126,0.0,0.0,0.0,0.0,0.0,0.0,0.0
10.0,7.58672933646682,0.0041829125645243,0.0041829125661389,0.999991251584552,0.999991251584552,49.41350692210336,0.0,49.97145133900752,0.0,45.59500985014219,0.0,45.3014254720377,0.0,0.0,0.0,0.0,0.0,0.0,0.0
10.0,7.58697934896745,0.0041829683512885,0.0041829683529019,0.999991251351197,0.999991251351196,49.41350690030932,0.0,49.97145087940624,0.0,45.59500984456314,0.0,45.30142537417102,0.0,0.0,0.0,0.0,0.0,0.0,0.0
10.0,7.58722936146807,0.0041830241390601,0.0041830241406722,0.999991251117834,0.999991251117834,49.41350687851472,0.0,49.971450419791,0.0,45.59500983898388,0.0,45.30142527630122,0.0,0.0,0.0,0.0,0.0,0.0,0.0
10.0,7.5874793739687,0.0041830799278389,0.0041830799294499,0.999991250884464,0.999991250884464,49.41350685671959,0.0,49.97144996016181,0.0,45.59500983340444,0.0,45.3014251784283,0.0,0.0,0.0,0.0,0.0,0.0,0.0
10.0,7.58772938646932,0.0041831357176251,0.0041831357192348,0.999991250651086,0.999991250651086,49.41350683492391,0.0,49.97144950051868,0.0,45.59500982782481,0.0,45.30142508055226,0.0,0.0,0.0,0.0,0.0,0.0,0.0
10.0,7.587979398969951,0.0041831915084185,0.004183191510027,0.999991250417702,0.999991250417701,49.41350681312769,0.0,49.97144904086159,0.0,45.59500982224501,0.0,45.30142498267311,0.0,0.0,0.0,0.0,0.0,0.0,0.0
10.0,7.58822941147057,0.004183247300219,0.0041832473018263,0.99999125018431,0.99999125018431,49.41350679133094,0.0,49.971448581190565,0.0,45.595009816665005,0.0,45.30142488479083,0.0,0.0,0.0,0.0,0.0,0.0,0.0
10.0,7.5884794239712,0.0041833030930267,0.0041833030946328,0.99999124995091,0.99999124995091,49.41350676953364,0.0,49.97144812150559,0.0,45.59500981108482,0.0,45.30142478690544,0.0,0.0,0.0,0.0,0.0,0.0,0.0
10.0,7.58872943647182,0.0041833588868415,0.0041833588884463,0.999991249717503,0.999991249717503,49.4135067477358,0.0,49.97144766180666,0.0,45.595009805504446,0.0,45.301424689016926,0.0,0.0,0.0,0.0,0.0,0.0,0.0
10.0,7.58897944897245,0.0041834146816633,0.0041834146832669,0.999991249484089,0.999991249484089,49.413506725937424,0.0,49.971447202093785,0.0,45.595009799923886,0.0,45.3014245911253,0.0,0.0,0.0,0.0,0.0,0.0,0.0
10.0,7.58922946147307,0.004183470477492,0.0041834704790945,0.999991249250668,0.999991249250668,49.4135067041385,0.0,49.97144674236696,0.0,45.59500979434314,0.0,45.30142449323055,0.0,0.0,0.0,0.0,0.0,0.0,0.0
10.0,7.5894794739737,0.0041835262743277,0.0041835262759289,0.9999912490172388,0.9999912490172388,49.41350668233904,0.0,49.9714462826262,0.0,45.59500978876221,0.0,45.30142439533268,0.0,0.0,0.0,0.0,0.0,0.0,0.0
10.0,7.58972948647432,0.0041835820721703,0.0041835820737703,0.9999912487838032,0.9999912487838032,49.41350666053904,0.0,49.97144582287148,0.0,45.59500978318109,0.0,45.301424297431694,0.0,0.0,0.0,0.0,0.0,0.0,0.0
10.0,7.58997949897495,0.0041836378710198,0.0041836378726185,0.99999124855036,0.99999124855036,49.41350663873851,0.0,49.971445363102816,0.0,45.59500977759978,0.0,45.30142419952759,0.0,0.0,0.0,0.0,0.0,0.0,0.0
10.0,7.590229511475571,0.004183693670876,0.0041836936724735,0.999991248316909,0.999991248316909,49.41350661693743,0.0,49.9714449033202,0.0,45.59500977201829,0.0,45.30142410162037,0.0,0.0,0.0,0.0,0.0,0.0,0.0
10.0,7.5904795239762,0.0041837494717389,0.0041837494733352,0.999991248083451,0.999991248083451,49.41350659513581,0.0,49.971444443523644,0.0,45.59500976643661,0.0,45.301424003710025,0.0,0.0,0.0,0.0,0.0,0.0,0.0
10.0,7.59072953647682,0.0041838052736086,0.0041838052752036,0.999991247849986,0.999991247849985,49.413506573333656,0.0,49.97144398371313,0.0,45.59500976085475,0.0,45.30142390579656,0.0,0.0,0.0,0.0,0.0,0.0,0.0
10.0,7.59097954897745,0.0041838610764848,0.0041838610780786,0.9999912476165131,0.9999912476165131,49.413506551530965,0.0,49.97144352388869,0.0,45.59500975527269,0.0,45.30142380787999,0.0,0.0,0.0,0.0,0.0,0.0,0.0
10.0,7.59122956147807,0.0041839168803677,0.0041839168819603,0.9999912473830328,0.9999912473830328,49.41350652972773,0.0,49.97144306405029,0.0,45.595009749690455,0.0,45.30142370996028,0.0,0.0,0.0,0.0,0.0,0.0,0.0
10.0,7.5914795739787,0.0041839726852571,0.0041839726868485,0.999991247149546,0.999991247149546,49.41350650792396,0.0,49.97144260419793,0.0,45.595009744108026,0.0,45.30142361203747,0.0,0.0,0.0,0.0,0.0,0.0,0.0
10.0,7.59172958647932,0.004184028491153,0.0041840284927431,0.999991246916051,0.999991246916051,49.41350648611966,0.0,49.97144214433163,0.0,45.59500973852542,0.0,45.301423514111534,0.0,0.0,0.0,0.0,0.0,0.0,0.0
10.0,7.59197959897995,0.0041840842980554,0.0041840842996442,0.9999912466825492,0.9999912466825492,49.41350646431481,0.0,49.971441684451406,0.0,45.59500973294261,0.0,45.30142341618248,0.0,0.0,0.0,0.0,0.0,0.0,0.0
10.0,7.59222961148057,0.0041841401059641,0.0041841401075517,0.99999124644904,0.99999124644904,49.41350644250943,0.0,49.97144122455721,0.0,45.59500972735962,0.0,45.30142331825031,0.0,0.0,0.0,0.0,0.0,0.0,0.0
10.0,7.5924796239812,0.0041841959148792,0.0041841959164656,0.9999912462155228,0.9999912462155228,49.41350642070352,0.0,49.971440764649074,0.0,45.59500972177645,0.0,45.301423220315016,0.0,0.0,0.0,0.0,0.0,0.0,0.0
10.0,7.59272963648182,0.0041842517248006,0.0041842517263857,0.999991245981999,0.999991245981999,49.41350639889706,0.0,49.971440304727,0.0,45.5950097161931,0.0,45.301423122376605,0.0,0.0,0.0,0.0,0.0,0.0,0.0
10.0,7.59297964898245,0.0041843075357283,0.0041843075373121,0.999991245748468,0.999991245748467,49.41350637709007,0.0,49.97143984479097,0.0,45.59500971060955,0.0,45.30142302443508,0.0,0.0,0.0,0.0,0.0,0.0,0.0
10.0,7.59322966148307,0.0041843633476621,0.0041843633492447,0.999991245514929,0.999991245514929,49.413506355282536,0.0,49.97143938484099,0.0,45.59500970502582,0.0,45.30142292649043,0.0,0.0,0.0,0.0,0.0,0.0,0.0
10.0,7.593479673983699,0.0041844191606021,0.0041844191621834,0.999991245281383,0.999991245281383,49.41350633347448,0.0,49.97143892487708,0.0,45.595009699441896,0.0,45.301422828542655,0.0,0.0,0.0,0.0,0.0,0.0,0.0
10.0,7.59372968648432,0.0041844749745482,0.0041844749761283,0.99999124504783,0.99999124504783,49.41350631166588,0.0,49.971438464899215,0.0,45.59500969385779,0.0,45.30142273059178,0.0,0.0,0.0,0.0,0.0,0.0,0.0
10.0,7.59397969898495,0.0041845307895004,0.0041845307910792,0.999991244814269,0.999991244814269,49.41350628985674,0.0,49.971438004907405,0.0,45.5950096882735,0.0,45.301422632637774,0.0,0.0,0.0,0.0,0.0,0.0,0.0
10.0,7.59422971148557,0.0041845866054585,0.0041845866070361,0.9999912445807012,0.9999912445807012,49.413506268047065,0.0,49.97143754490165,0.0,45.59500968268902,0.0,45.301422534680654,0.0,0.0,0.0,0.0,0.0,0.0,0.0
10.0,7.5944797239862,0.0041846424224226,0.0041846424239989,0.999991244347126,0.999991244347126,49.41350624623686,0.0,49.97143708488195,0.0,45.59500967710435,0.0,45.301422436720415,0.0,0.0,0.0,0.0,0.0,0.0,0.0
10.0,7.59472973648682,0.0041846982403927,0.0041846982419677,0.999991244113544,0.999991244113543,49.41350622442612,0.0,49.9714366248483,0.0,45.5950096715195,0.0,45.30142233875705,0.0,0.0,0.0,0.0,0.0,0.0,0.0
10.0,7.59497974898745,0.0041847540593685,0.0041847540609423,0.999991243879954,0.999991243879953,49.41350620261484,0.0,49.97143616480072,0.0,45.59500966593446,0.0,45.30142224079058,0.0,0.0,0.0,0.0,0.0,0.0,0.0
10.0,7.59522976148807,0.0041848098793502,0.0041848098809227,0.999991243646356,0.999991243646356,49.41350618080303,0.0,49.97143570473918,0.0,45.595009660349234,0.0,45.30142214282099,0.0,0.0,0.0,0.0,0.0,0.0,0.0
10.0,7.5954797739887,0.0041848657003377,0.0041848657019089,0.999991243412752,0.999991243412752,49.413506158990685,0.0,49.971435244663695,0.0,45.59500965476382,0.0,45.30142204484827,0.0,0.0,0.0,0.0,0.0,0.0,0.0
10.0,7.595729786489321,0.0041849215223309,0.0041849215239008,0.99999124317914,0.99999124317914,49.41350613717781,0.0,49.97143478457426,0.0,45.59500964917822,0.0,45.30142194687243,0.0,0.0,0.0,0.0,0.0,0.0,0.0
10.0,7.59597979898995,0.0041849773453297,0.0041849773468984,0.999991242945521,0.999991242945521,49.4135061153644,0.0,49.97143432447089,0.0,45.59500964359244,0.0,45.30142184889349,0.0,0.0,0.0,0.0,0.0,0.0,0.0
10.0,7.59622981149057,0.0041850331693341,0.0041850331709016,0.999991242711894,0.999991242711894,49.41350609355046,0.0,49.97143386435358,0.0,45.59500963800647,0.0,45.301421750911416,0.0,0.0,0.0,0.0,0.0,0.0,0.0
10.0,7.5964798239912,0.0041850889943442,0.0041850889959103,0.99999124247826,0.99999124247826,49.413506071735966,0.0,49.97143340422232,0.0,45.59500963242031,0.0,45.30142165292623,0.0,0.0,0.0,0.0,0.0,0.0,0.0
10.0,7.59672983649182,0.0041851448203597,0.0041851448219246,0.999991242244619,0.999991242244619,49.41350604992096,0.0,49.97143294407711,0.0,45.59500962683396,0.0,45.30142155493792,0.0,0.0,0.0,0.0,0.0,0.0,0.0
10.0,7.59697984899245,0.0041852006473807,0.0041852006489443,0.999991242010971,0.999991242010971,49.41350602810541,0.0,49.97143248391796,0.0,45.59500962124742,0.0,45.30142145694651,0.0,0.0,0.0,0.0,0.0,0.0,0.0
10.0,7.59722986149307,0.0041852564754071,0.0041852564769694,0.999991241777315,0.999991241777315,49.41350600628934,0.0,49.97143202374487,0.0,45.5950096156607,0.0,45.30142135895196,0.0,0.0,0.0,0.0,0.0,0.0,0.0
10.0,7.5974798739937,0.0041853123044389,0.004185312306,0.999991241543652,0.999991241543651,49.41350598447273,0.0,49.97143156355783,0.0,45.5950096100738,0.0,45.3014212609543,0.0,0.0,0.0,0.0,0.0,0.0,0.0
10.0,7.59772988649432,0.004185368134476,0.0041853681360358,0.999991241309981,0.999991241309981,49.41350596265558,0.0,49.97143110335685,0.0,45.59500960448671,0.0,45.30142116295352,0.0,0.0,0.0,0.0,0.0,0.0,0.0
10.0,7.59797989899495,0.0041854239655184,0.0041854239670769,0.999991241076303,0.999991241076303,49.41350594083791,0.0,49.97143064314192,0.0,45.59500959889942,0.0,45.30142106494963,0.0,0.0,0.0,0.0,0.0,0.0,0.0
10.0,7.59822991149557,0.0041854797975661,0.0041854797991232,0.999991240842618,0.999991240842618,49.4135059190197,0.0,49.971430182913046,0.0,45.59500959331197,0.0,45.3014209669426,0.0,0.0,0.0,0.0,0.0,0.0,0.0
10.0,7.5984799239962,0.0041855356306189,0.0041855356321747,0.999991240608926,0.999991240608926,49.41350589720096,0.0,49.97142972267024,0.0,45.59500958772431,0.0,45.30142086893248,0.0,0.0,0.0,0.0,0.0,0.0,0.0
10.0,7.59872993649682,0.0041855914646768,0.0041855914662314,0.999991240375226,0.999991240375226,49.41350587538169,0.0,49.97142926241348,0.0,45.59500958213646,0.0,45.30142077091922,0.0,0.0,0.0,0.0,0.0,0.0,0.0
10.0,7.598979948997449,0.0041856472997398,0.0041856473012931,0.999991240141519,0.999991240141518,49.41350585356189,0.0,49.97142880214279,0.0,45.59500957654844,0.0,45.30142067290285,0.0,0.0,0.0,0.0,0.0,0.0,0.0
10.0,7.59922996149807,0.0041857031358078,0.0041857031373598,0.999991239907804,0.999991239907804,49.41350583174157,0.0,49.97142834185813,0.0,45.59500957096023,0.0,45.30142057488335,0.0,0.0,0.0,0.0,0.0,0.0,0.0
10.0,7.5994799739987,0.0041857589728808,0.0041857589744315,0.999991239674083,0.999991239674082,49.4135058099207,0.0,49.97142788155954,0.0,45.59500956537183,0.0,45.30142047686075,0.0,0.0,0.0,0.0,0.0,0.0,0.0
10.0,7.59972998649932,0.0041858148109588,0.0041858148125082,0.999991239440354,0.999991239440353,49.41350578809931,0.0,49.97142742124701,0.0,45.59500955978324,0.0,45.30142037883503,0.0,0.0,0.0,0.0,0.0,0.0,0.0
10.0,7.59997999899995,0.0041858706500416,0.0041858706515897,0.999991239206617,0.999991239206617,49.41350576627739,0.0,49.97142696092054,0.0,45.59500955419446,0.0,45.30142028080618,0.0,0.0,0.0,0.0,0.0,0.0,0.0
10.0,7.60023001150058,0.0041859264901293,0.0041859264916761,0.999991238972873,0.999991238972873,49.41350574445494,0.0,49.97142650058013,0.0,45.5950095486055,0.0,45.301420182774216,0.0,0.0,0.0,0.0,0.0,0.0,0.0
10.0,7.6004800240012,0.0041859823312218,0.0041859823327672,0.999991238739122,0.999991238739122,49.41350572263195,0.0,49.97142604022577,0.0,45.59500954301636,0.0,45.30142008473915,0.0,0.0,0.0,0.0,0.0,0.0,0.0
10.0,7.60073003650183,0.0041860381733189,0.0041860381748631,0.999991238505364,0.9999912385053632,49.41350570080844,0.0,49.971425579857474,0.0,45.59500953742703,0.0,45.30141998670094,0.0,0.0,0.0,0.0,0.0,0.0,0.0
10.0,7.60098004900245,0.0041860940164208,0.0041860940179637,0.999991238271598,0.999991238271598,49.41350567898441,0.0,49.97142511947522,0.0,45.59500953183751,0.0,45.30141988865962,0.0,0.0,0.0,0.0,0.0,0.0,0.0
10.0,7.601230061503069,0.0041861498605274,0.0041861498620689,0.999991238037825,0.999991238037825,49.41350565715983,0.0,49.97142465907904,0.0,45.5950095262478,0.0,45.30141979061519,0.0,0.0,0.0,0.0,0.0,0.0,0.0
10.0,7.6014800740037,0.0041862057056385,0.0041862057071787,0.999991237804045,0.999991237804044,49.41350563533473,0.0,49.971424198668906,0.0,45.59500952065791,0.0,45.30141969256764,0.0,0.0,0.0,0.0,0.0,0.0,0.0
10.0,7.60173008650433,0.0041862615517541,0.0041862615532931,0.9999912375702572,0.9999912375702572,49.41350561350911,0.0,49.97142373824484,0.0,45.59500951506783,0.0,45.301419594516965,0.0,0.0,0.0,0.0,0.0,0.0,0.0
10.0,7.60198009900495,0.0041863173988743,0.0041863174004119,0.999991237336462,0.999991237336462,49.41350559168296,0.0,49.97142327780683,0.0,45.59500950947756,0.0,45.30141949646318,0.0,0.0,0.0,0.0,0.0,0.0,0.0
10.0,7.60223011150558,0.0041863732469989,0.0041863732485352,0.9999912371026592,0.9999912371026592,49.41350556985628,0.0,49.97142281735487,0.0,45.59500950388711,0.0,45.301419398406274,0.0,0.0,0.0,0.0,0.0,0.0,0.0
10.0,7.6024801240062,0.0041864290961279,0.0041864290976629,0.99999123686885,0.999991236868849,49.413505548029065,0.0,49.971422356888965,0.0,45.59500949829648,0.0,45.30141930034625,0.0,0.0,0.0,0.0,0.0,0.0,0.0
10.0,7.60273013650683,0.0041864849462612,0.0041864849477949,0.9999912366350332,0.9999912366350332,49.41350552620133,0.0,49.971421896409126,0.0,45.59500949270564,0.0,45.30141920228311,0.0,0.0,0.0,0.0,0.0,0.0,0.0
10.0,7.60298014900745,0.0041865407973989,0.0041865407989312,0.999991236401208,0.999991236401208,49.41350550437305,0.0,49.97142143591535,0.0,45.59500948711463,0.0,45.30141910421685,0.0,0.0,0.0,0.0,0.0,0.0,0.0
10.0,7.60323016150808,0.0041865966495408,0.0041865966510718,0.999991236167377,0.999991236167377,49.41350548254427,0.0,49.97142097540763,0.0,45.59500948152343,0.0,45.301419006147455,0.0,0.0,0.0,0.0,0.0,0.0,0.0
10.0,7.6034801740087,0.0041866525026869,0.0041866525042166,0.999991235933538,0.999991235933537,49.41350546071494,0.0,49.97142051488596,0.0,45.59500947593204,0.0,45.30141890807496,0.0,0.0,0.0,0.0,0.0,0.0,0.0
10.0,7.60373018650932,0.0041867083568371,0.0041867083583655,0.999991235699692,0.999991235699691,49.4135054388851,0.0,49.97142005435037,0.0,45.59500947034047,0.0,45.30141880999935,0.0,0.0,0.0,0.0,0.0,0.0,0.0
10.0,7.60398019900995,0.0041867642119915,0.0041867642135185,0.999991235465838,0.999991235465838,49.41350541705473,0.0,49.97141959380082,0.0,45.59500946474871,0.0,45.30141871192061,0.0,0.0,0.0,0.0,0.0,0.0,0.0
10.0,7.60423021151058,0.0041868200681499,0.0041868200696756,0.999991235231977,0.999991235231977,49.41350539522383,0.0,49.971419133237326,0.0,45.59500945915676,0.0,45.30141861383876,0.0,0.0,0.0,0.0,0.0,0.0,0.0
10.0,7.6044802240112,0.0041868759253123,0.0041868759268367,0.999991234998109,0.999991234998108,49.41350537339241,0.0,49.9714186726599,0.0,45.59500945356462,0.0,45.30141851575379,0.0,0.0,0.0,0.0,0.0,0.0,0.0
10.0,7.60473023651183,0.0041869317834787,0.0041869317850017,0.9999912347642328,0.999991234764233,49.41350535156045,0.0,49.971418212068535,0.0,45.5950094479723,0.0,45.3014184176657,0.0,0.0,0.0,0.0,0.0,0.0,0.0
10.0,7.60498024901245,0.004186987642649,0.0041869876441707,0.99999123453035,0.99999123453035,49.41350532972798,0.0,49.97141775146323,0.0,45.5950094423798,0.0,45.301418319574495,0.0,0.0,0.0,0.0,0.0,0.0,0.0
10.0,7.60523026151308,0.0041870435028231,0.0041870435043435,0.99999123429646,0.999991234296459,49.41350530789499,0.0,49.97141729084397,0.0,45.5950094367871,0.0,45.30141822148017,0.0,0.0,0.0,0.0,0.0,0.0,0.0
10.0,7.6054802740137,0.0041870993640011,0.0041870993655201,0.999991234062562,0.999991234062562,49.41350528606145,0.0,49.97141683021079,0.0,45.59500943119423,0.0,45.30141812338273,0.0,0.0,0.0,0.0,0.0,0.0,0.0
10.0,7.60573028651433,0.0041871552261828,0.0041871552277005,0.999991233828657,0.999991233828657,49.41350526422741,0.0,49.971416369563656,0.0,45.59500942560116,0.0,45.30141802528217,0.0,0.0,0.0,0.0,0.0,0.0,0.0
10.0,7.60598029901495,0.0041872110893683,0.0041872110908846,0.999991233594745,0.999991233594745,49.41350524239283,0.0,49.97141590890258,0.0,45.59500942000791,0.0,45.30141792717849,0.0,0.0,0.0,0.0,0.0,0.0,0.0
10.0,7.60623031151558,0.0041872669535574,0.0041872669550724,0.9999912333608252,0.9999912333608252,49.41350522055774,0.0,49.97141544822756,0.0,45.59500941441446,0.0,45.301417829071696,0.0,0.0,0.0,0.0,0.0,0.0,0.0
10.0,7.6064803240162,0.0041873228187501,0.0041873228202637,0.999991233126899,0.999991233126898,49.413505198722106,0.0,49.971414987538616,0.0,45.59500940882084,0.0,45.30141773096178,0.0,0.0,0.0,0.0,0.0,0.0,0.0
10.0,7.60673033651683,0.0041873786849464,0.0041873786864587,0.9999912328929648,0.999991232892964,49.41350517688597,0.0,49.97141452683572,0.0,45.595009403227024,0.0,45.30141763284875,0.0,0.0,0.0,0.0,0.0,0.0,0.0
10.0,7.60698034901745,0.0041874345521462,0.0041874345536572,0.9999912326590232,0.999991232659022,49.4135051550493,0.0,49.97141406611889,0.0,45.59500939763302,0.0,45.30141753473259,0.0,0.0,0.0,0.0,0.0,0.0,0.0
10.0,7.60723036151808,0.0041874904203495,0.0041874904218591,0.999991232425074,0.999991232425074,49.413505133212105,0.0,49.97141360538812,0.0,45.59500939203883,0.0,45.30141743661333,0.0,0.0,0.0,0.0,0.0,0.0,0.0
10.0,7.6074803740187,0.0041875462895562,0.0041875462910644,0.999991232191118,0.9999912321911172,49.413505111374384,0.0,49.97141314464341,0.0,45.59500938644446,0.0,45.30141733849094,0.0,0.0,0.0,0.0,0.0,0.0,0.0
10.0,7.60773038651933,0.0041876021597663,0.0041876021612732,0.999991231957154,0.999991231957154,49.41350508953615,0.0,49.97141268388476,0.0,45.5950093808499,0.0,45.30141724036544,0.0,0.0,0.0,0.0,0.0,0.0,0.0
10.0,7.60798039901995,0.0041876580309797,0.0041876580324852,0.999991231723183,0.999991231723183,49.413505067697386,0.0,49.97141222311217,0.0,45.59500937525515,0.0,45.301417142236815,0.0,0.0,0.0,0.0,0.0,0.0,0.0
10.0,7.60823041152058,0.0041877139031964,0.0041877139047005,0.9999912314892052,0.9999912314892052,49.4135050458581,0.0,49.97141176232564,0.0,45.59500936966021,0.0,45.30141704410507,0.0,0.0,0.0,0.0,0.0,0.0,0.0
10.0,7.6084804240212,0.0041877697764163,0.0041877697779191,0.99999123125522,0.999991231255219,49.41350502401829,0.0,49.97141130152517,0.0,45.5950093640651,0.0,45.30141694597023,0.0,0.0,0.0,0.0,0.0,0.0,0.0
10.0,7.60873043652183,0.0041878256506394,0.0041878256521408,0.9999912310212272,0.9999912310212272,49.41350500217797,0.0,49.97141084071076,0.0,45.59500935846979,0.0,45.30141684783224,0.0,0.0,0.0,0.0,0.0,0.0,0.0
10.0,7.60898044902245,0.0041878815258657,0.0041878815273657,0.999991230787227,0.999991230787226,49.41350498033712,0.0,49.97141037988242,0.0,45.595009352874285,0.0,45.30141674969116,0.0,0.0,0.0,0.0,0.0,0.0,0.0
10.0,7.609230461523081,0.004187937402095,0.0041879374035936,0.9999912305532188,0.9999912305532188,49.41350495849574,0.0,49.97140991904013,0.0,45.59500934727861,0.0,45.301416651546944,0.0,0.0,0.0,0.0,0.0,0.0,0.0
10.0,7.6094804740237,0.0041879932793273,0.0041879932808246,0.999991230319205,0.999991230319204,49.41350493665385,0.0,49.97140945818391,0.0,45.59500934168275,0.0,45.30141655339961,0.0,0.0,0.0,0.0,0.0,0.0,0.0
10.0,7.60973048652433,0.0041880491575626,0.0041880491590586,0.999991230085182,0.999991230085182,49.41350491481144,0.0,49.97140899731375,0.0,45.59500933608669,0.0,45.30141645524917,0.0,0.0,0.0,0.0,0.0,0.0,0.0
10.0,7.60998049902495,0.0041881050368009,0.0041881050382954,0.999991229851153,0.999991229851153,49.4135048929685,0.0,49.97140853642964,0.0,45.595009330490456,0.0,45.3014163570956,0.0,0.0,0.0,0.0,0.0,0.0,0.0
10.0,7.61023051152558,0.004188160917042,0.0041881609185352,0.999991229617116,0.999991229617116,49.41350487112505,0.0,49.971408075531606,0.0,45.59500932489402,0.0,45.301416258938914,0.0,0.0,0.0,0.0,0.0,0.0,0.0
10.0,7.6104805240262,0.004188216798286,0.0041882167997778,0.999991229383072,0.999991229383072,49.41350484928108,0.0,49.97140761461962,0.0,45.59500931929741,0.0,45.30141616077911,0.0,0.0,0.0,0.0,0.0,0.0,0.0
10.0,7.61073053652683,0.0041882726805328,0.0041882726820232,0.999991229149021,0.999991229149021,49.413504827436576,0.0,49.97140715369371,0.0,45.59500931370061,0.0,45.3014160626162,0.0,0.0,0.0,0.0,0.0,0.0,0.0
10.0,7.61098054902745,0.0041883285637823,0.0041883285652714,0.999991228914962,0.999991228914962,49.413504805591565,0.0,49.97140669275385,0.0,45.59500930810362,0.0,45.301415964450165,0.0,0.0,0.0,0.0,0.0,0.0,0.0
10.0,7.61123056152808,0.0041883844480345,0.0041883844495222,0.999991228680896,0.999991228680895,49.41350478374603,0.0,49.97140623180007,0.0,45.59500930250645,0.0,45.30141586628101,0.0,0.0,0.0,0.0,0.0,0.0,0.0
10.0,7.611480574028701,0.0041884403332894,0.0041884403347757,0.999991228446822,0.999991228446822,49.41350476189998,0.0,49.97140577083235,0.0,45.59500929690908,0.0,45.30141576810874,0.0,0.0,0.0,0.0,0.0,0.0,0.0
10.0,7.61173058652933,0.0041884962195469,0.0041884962210317,0.999991228212742,0.999991228212742,49.413504740053405,0.0,49.97140530985067,0.0,45.595009291311534,0.0,45.30141566993336,0.0,0.0,0.0,0.0,0.0,0.0,0.0
10.0,7.61198059902995,0.0041885521068069,0.0041885521082904,0.999991227978654,0.999991227978653,49.41350471820631,0.0,49.97140484885506,0.0,45.5950092857138,0.0,45.301415571754845,0.0,0.0,0.0,0.0,0.0,0.0,0.0
10.0,7.61223061153058,0.0041886079950694,0.0041886079965515,0.999991227744558,0.999991227744558,49.4135046963587,0.0,49.97140438784552,0.0,45.59500928011588,0.0,45.30141547357322,0.0,0.0,0.0,0.0,0.0,0.0,0.0
10.0,7.6124806240312,0.0041886638843343,0.004188663885815,0.999991227510456,0.999991227510456,49.41350467451057,0.0,49.97140392682204,0.0,45.59500927451777,0.0,45.30141537538848,0.0,0.0,0.0,0.0,0.0,0.0,0.0
10.0,7.61273063653183,0.0041887197746017,0.004188719776081,0.999991227276346,0.9999912272763448,49.41350465266192,0.0,49.97140346578463,0.0,45.59500926891948,0.0,45.30141527720061,0.0,0.0,0.0,0.0,0.0,0.0,0.0
10.0,7.61298064903245,0.0041887756658714,0.0041887756673493,0.999991227042228,0.999991227042228,49.41350463081276,0.0,49.97140300473328,0.0,45.595009263321,0.0,45.30141517900964,0.0,0.0,0.0,0.0,0.0,0.0,0.0
10.0,7.61323066153308,0.0041888315581434,0.0041888315596199,0.999991226808104,0.9999912268081028,49.41350460896308,0.0,49.97140254366798,0.0,45.59500925772233,0.0,45.30141508081555,0.0,0.0,0.0,0.0,0.0,0.0,0.0
10.0,7.6134806740337,0.0041888874514176,0.0041888874528927,0.999991226573972,0.9999912265739712,49.41350458711288,0.0,49.97140208258875,0.0,45.59500925212347,0.0,45.30141498261833,0.0,0.0,0.0,0.0,0.0,0.0,0.0
10.0,7.61373068653433,0.0041889433456941,0.0041889433471678,0.999991226339832,0.999991226339832,49.41350456526215,0.0,49.9714016214956,0.0,45.595009246524434,0.0,45.301414884418,0.0,0.0,0.0,0.0,0.0,0.0,0.0
10.0,7.61398069903495,0.0041889992409727,0.004188999242445,0.999991226105686,0.999991226105685,49.41350454341092,0.0,49.97140116038848,0.0,45.5950092409252,0.0,45.30141478621456,0.0,0.0,0.0,0.0,0.0,0.0,0.0
10.0,7.61423071153558,0.0041890551372534,0.0041890551387244,0.999991225871532,0.999991225871532,49.41350452155917,0.0,49.97140069926745,0.0,45.59500923532578,0.0,45.30141468800799,0.0,0.0,0.0,0.0,0.0,0.0,0.0
10.0,7.6144807240362,0.0041891110345362,0.0041891110360057,0.999991225637371,0.99999122563737,49.4135044997069,0.0,49.97140023813248,0.0,45.59500922972619,0.0,45.30141458979831,0.0,0.0,0.0,0.0,0.0,0.0,0.0
10.0,7.614730736536829,0.004189166932821,0.0041891669342891,0.999991225403202,0.999991225403202,49.41350447785412,0.0,49.97139977698357,0.0,45.5950092241264,0.0,45.301414491585504,0.0,0.0,0.0,0.0,0.0,0.0,0.0
10.0,7.61498074903745,0.0041892228321078,0.0041892228335745,0.999991225169026,0.999991225169026,49.41350445600083,0.0,49.97139931582071,0.0,45.59500921852642,0.0,45.30141439336959,0.0,0.0,0.0,0.0,0.0,0.0,0.0
10.0,7.61523076153808,0.0041892787323965,0.0041892787338618,0.9999912249348432,0.9999912249348432,49.41350443414701,0.0,49.97139885464394,0.0,45.59500921292626,0.0,45.30141429515055,0.0,0.0,0.0,0.0,0.0,0.0,0.0
10.0,7.615480774038699,0.004189334633687,0.0041893346351509,0.999991224700652,0.999991224700652,49.413504412292674,0.0,49.971398393453214,0.0,45.59500920732591,0.0,45.301414196928405,0.0,0.0,0.0,0.0,0.0,0.0,0.0
10.0,7.61573078653933,0.0041893905359794,0.0041893905374418,0.999991224466454,0.999991224466454,49.41350439043783,0.0,49.97139793224856,0.0,45.595009201725375,0.0,45.30141409870313,0.0,0.0,0.0,0.0,0.0,0.0,0.0
10.0,7.61598079903995,0.0041894464392735,0.0041894464407346,0.999991224232249,0.9999912242322492,49.41350436858247,0.0,49.97139747102997,0.0,45.59500919612465,0.0,45.301414000474736,0.0,0.0,0.0,0.0,0.0,0.0,0.0
10.0,7.61623081154058,0.0041895023435694,0.004189502345029,0.999991223998036,0.999991223998036,49.41350434672659,0.0,49.97139700979744,0.0,45.59500919052375,0.0,45.30141390224323,0.0,0.0,0.0,0.0,0.0,0.0,0.0
10.0,7.6164808240412,0.0041895582488669,0.0041895582503251,0.999991223763817,0.999991223763816,49.4135043248702,0.0,49.97139654855098,0.0,45.59500918492265,0.0,45.30141380400861,0.0,0.0,0.0,0.0,0.0,0.0,0.0
10.0,7.61673083654183,0.0041896141551661,0.0041896141566228,0.99999122352959,0.999991223529589,49.4135043030133,0.0,49.971396087290586,0.0,45.595009179321366,0.0,45.30141370577087,0.0,0.0,0.0,0.0,0.0,0.0,0.0
10.0,7.616980849042451,0.0041896700624668,0.0041896700639221,0.999991223295355,0.999991223295355,49.41350428115587,0.0,49.97139562601625,0.0,45.595009173719895,0.0,45.30141360753001,0.0,0.0,0.0,0.0,0.0,0.0,0.0
10.0,7.61723086154308,0.004189725970769,0.0041897259722229,0.999991223061113,0.999991223061113,49.413504259297945,0.0,49.97139516472798,0.0,45.59500916811825,0.0,45.30141350928604,0.0,0.0,0.0,0.0,0.0,0.0,0.0
10.0,7.6174808740437,0.0041897818800728,0.0041897818815252,0.999991222826864,0.999991222826864,49.41350423743949,0.0,49.97139470342577,0.0,45.59500916251641,0.0,45.301413411038936,0.0,0.0,0.0,0.0,0.0,0.0,0.0
10.0,7.61773088654433,0.0041898377903779,0.0041898377918289,0.999991222592607,0.999991222592607,49.41350421558053,0.0,49.97139424210964,0.0,45.59500915691437,0.0,45.301413312788725,0.0,0.0,0.0,0.0,0.0,0.0,0.0
10.0,7.61798089904495,0.0041898937016844,0.004189893703134,0.999991222358344,0.9999912223583431,49.41350419372106,0.0,49.97139378077957,0.0,45.59500915131216,0.0,45.301413214535394,0.0,0.0,0.0,0.0,0.0,0.0,0.0
10.0,7.61823091154558,0.0041899496139923,0.0041899496154405,0.9999912221240728,0.999991222124072,49.41350417186108,0.0,49.97139331943556,0.0,45.59500914570976,0.0,45.30141311627895,0.0,0.0,0.0,0.0,0.0,0.0,0.0
10.0,7.6184809240462,0.0041900055273014,0.0041900055287482,0.999991221889794,0.999991221889794,49.41350415000058,0.0,49.97139285807762,0.0,45.595009140107166,0.0,45.30141301801939,0.0,0.0,0.0,0.0,0.0,0.0,0.0
10.0,7.61873093654683,0.0041900614416118,0.0041900614430571,0.999991221655508,0.999991221655508,49.41350412813957,0.0,49.97139239670575,0.0,45.5950091345044,0.0,45.30141291975672,0.0,0.0,0.0,0.0,0.0,0.0,0.0
10.0,7.61898094904745,0.0041901173569234,0.0041901173583672,0.999991221421215,0.999991221421215,49.41350410627805,0.0,49.971391935319936,0.0,45.59500912890143,0.0,45.30141282149091,0.0,0.0,0.0,0.0,0.0,0.0,0.0
10.0,7.61923096154808,0.0041901732732361,0.0041901732746785,0.999991221186915,0.999991221186915,49.413504084416,0.0,49.971391473920185,0.0,45.59500912329828,0.0,45.30141272322199,0.0,0.0,0.0,0.0,0.0,0.0,0.0
10.0,7.6194809740487,0.0041902291905499,0.0041902291919908,0.999991220952607,0.999991220952607,49.41350406255346,0.0,49.97139101250651,0.0,45.59500911769494,0.0,45.30141262494996,0.0,0.0,0.0,0.0,0.0,0.0,0.0
10.0,7.61973098654933,0.0041902851088647,0.0041902851103042,0.999991220718292,0.999991220718292,49.41350404069039,0.0,49.9713905510789,0.0,45.59500911209143,0.0,45.3014125266748,0.0,0.0,0.0,0.0,0.0,0.0,0.0
10.0,7.61998099904995,0.0041903410281805,0.0041903410296186,0.99999122048397,0.999991220483969,49.41350401882683,0.0,49.97139008963734,0.0,45.59500910648772,0.0,45.30141242839655,0.0,0.0,0.0,0.0,0.0,0.0,0.0
10.0,7.62023101155058,0.0041903969484973,0.0041903969499339,0.99999122024964,0.99999122024964,49.413503996962746,0.0,49.97138962818187,0.0,45.59500910088381,0.0,45.30141233011516,0.0,0.0,0.0,0.0,0.0,0.0,0.0
10.0,7.6204810240512,0.0041904528698149,0.0041904528712501,0.999991220015303,0.999991220015303,49.41350397509815,0.0,49.97138916671245,0.0,45.595009095279735,0.0,45.30141223183065,0.0,0.0,0.0,0.0,0.0,0.0,0.0
10.0,7.62073103655183,0.0041905087921334,0.0041905087935671,0.999991219780959,0.999991219780958,49.413503953233054,0.0,49.9713887052291,0.0,45.595009089675465,0.0,45.30141213354303,0.0,0.0,0.0,0.0,0.0,0.0,0.0
10.0,7.62098104905245,0.0041905647154527,0.004190564716885,0.999991219546607,0.999991219546607,49.41350393136744,0.0,49.97138824373181,0.0,45.595009084071016,0.0,45.30141203525231,0.0,0.0,0.0,0.0,0.0,0.0,0.0
10.0,7.62123106155308,0.0041906206397727,0.0041906206412036,0.999991219312248,0.999991219312248,49.41350390950131,0.0,49.9713877822206,0.0,45.59500907846637,0.0,45.30141193695844,0.0,0.0,0.0,0.0,0.0,0.0,0.0
10.0,7.6214810740537,0.0041906765650935,0.0041906765665228,0.9999912190778812,0.9999912190778812,49.41350388763468,0.0,49.97138732069545,0.0,45.59500907286154,0.0,45.30141183866147,0.0,0.0,0.0,0.0,0.0,0.0,0.0
10.0,7.62173108655433,0.0041907324914149,0.0041907324928428,0.999991218843508,0.999991218843508,49.41350386576753,0.0,49.97138685915637,0.0,45.59500906725653,0.0,45.30141174036138,0.0,0.0,0.0,0.0,0.0,0.0,0.0
10.0,7.62198109905495,0.0041907884187369,0.0041907884201633,0.999991218609127,0.999991218609127,49.41350384389988,0.0,49.97138639760336,0.0,45.59500906165132,0.0,45.30141164205818,0.0,0.0,0.0,0.0,0.0,0.0,0.0
10.0,7.62223111155558,0.0041908443470594,0.0041908443484844,0.999991218374739,0.999991218374738,49.41350382203172,0.0,49.971385936036405,0.0,45.59500905604593,0.0,45.301411543751854,0.0,0.0,0.0,0.0,0.0,0.0,0.0
10.0,7.6224811240562,0.0041909002763825,0.004190900277806,0.9999912181403428,0.9999912181403428,49.413503800163056,0.0,49.97138547445552,0.0,45.595009050440346,0.0,45.30141144544241,0.0,0.0,0.0,0.0,0.0,0.0,0.0
10.0,7.62273113655683,0.004190956206706,0.004190956208128,0.99999121790594,0.99999121790594,49.41350377829387,0.0,49.97138501286072,0.0,45.59500904483459,0.0,45.30141134712986,0.0,0.0,0.0,0.0,0.0,0.0,0.0
10.0,7.62298114905745,0.0041910121380299,0.0041910121394504,0.99999121767153,0.99999121767153,49.41350375642418,0.0,49.971384551251965,0.0,45.59500903922864,0.0,45.301411248814176,0.0,0.0,0.0,0.0,0.0,0.0,0.0
10.0,7.62323116155808,0.0041910680703541,0.0041910680717732,0.999991217437112,0.999991217437112,49.41350373455399,0.0,49.97138408962928,0.0,45.595009033622496,0.0,45.30141115049538,0.0,0.0,0.0,0.0,0.0,0.0,0.0
10.0,7.6234811740587,0.0041911240036787,0.0041911240050963,0.999991217202687,0.999991217202687,49.41350371268328,0.0,49.97138362799267,0.0,45.59500902801618,0.0,45.30141105217348,0.0,0.0,0.0,0.0,0.0,0.0,0.0
10.0,7.62373118655933,0.0041911799380036,0.0041911799394197,0.999991216968255,0.999991216968255,49.41350369081207,0.0,49.97138316634213,0.0,45.59500902240967,0.0,45.301410953848446,0.0,0.0,0.0,0.0,0.0,0.0,0.0
10.0,7.62398119905995,0.0041912358733286,0.0041912358747433,0.999991216733815,0.999991216733815,49.41350366894035,0.0,49.97138270467766,0.0,45.595009016802976,0.0,45.3014108555203,0.0,0.0,0.0,0.0,0.0,0.0,0.0
10.0,7.62423121156058,0.0041912918096538,0.004191291811067,0.999991216499369,0.999991216499368,49.41350364706813,0.0,49.97138224299925,0.0,45.59500901119608,0.0,45.30141075718904,0.0,0.0,0.0,0.0,0.0,0.0,0.0
10.0,7.6244812240612,0.0041913477469792,0.0041913477483909,0.999991216264914,0.999991216264914,49.4135036251954,0.0,49.9713817813069,0.0,45.59500900558902,0.0,45.30141065885467,0.0,0.0,0.0,0.0,0.0,0.0,0.0
10.0,7.62473123656183,0.0041914036853046,0.0041914036867148,0.9999912160304532,0.999991216030452,49.41350360332216,0.0,49.97138131960063,0.0,45.595008999981765,0.0,45.30141056051717,0.0,0.0,0.0,0.0,0.0,0.0,0.0
10.0,7.62498124906245,0.00419145962463,0.0041914596260387,0.999991215795984,0.999991215795984,49.41350358144842,0.0,49.97138085788044,0.0,45.59500899437432,0.0,45.30141046217656,0.0,0.0,0.0,0.0,0.0,0.0,0.0
10.0,7.62523126156308,0.0041915155649554,0.0041915155663626,0.999991215561508,0.999991215561508,49.41350355957416,0.0,49.97138039614629,0.0,45.595008988766686,0.0,45.30141036383283,0.0,0.0,0.0,0.0,0.0,0.0,0.0
10.0,7.6254812740637,0.0041915715062807,0.0041915715076865,0.999991215327025,0.999991215327024,49.41350353769939,0.0,49.97137993439823,0.0,45.59500898315888,0.0,45.301410265485984,0.0,0.0,0.0,0.0,0.0,0.0,0.0
10.0,7.62573128656433,0.0041916274486059,0.0041916274500102,0.999991215092534,0.9999912150925332,49.41350351582414,0.0,49.97137947263624,0.0,45.59500897755087,0.0,45.30141016713601,0.0,0.0,0.0,0.0,0.0,0.0,0.0
10.0,7.62598129906495,0.0041916833919309,0.0041916833933337,0.999991214858035,0.999991214858035,49.41350349394836,0.0,49.9713790108603,0.0,45.59500897194268,0.0,45.301410068782936,0.0,0.0,0.0,0.0,0.0,0.0,0.0
10.0,7.62623131156558,0.0041917393362557,0.004191739337657,0.99999121462353,0.99999121462353,49.41350347207209,0.0,49.97137854907045,0.0,45.5950089663343,0.0,45.30140997042674,0.0,0.0,0.0,0.0,0.0,0.0,0.0
10.0,7.6264813240662,0.0041917952815802,0.00419179528298,0.999991214389017,0.999991214389017,49.413503450195314,0.0,49.97137808726666,0.0,45.59500896072573,0.0,45.301409872067424,0.0,0.0,0.0,0.0,0.0,0.0,0.0
10.0,7.62673133656683,0.0041918512279044,0.0041918512293027,0.999991214154497,0.999991214154497,49.413503428318016,0.0,49.97137762544894,0.0,45.59500895511699,0.0,45.30140977370499,0.0,0.0,0.0,0.0,0.0,0.0,0.0
10.0,7.62698134906745,0.0041919071752282,0.004191907176625,0.9999912139199691,0.9999912139199691,49.41350340644023,0.0,49.97137716361728,0.0,45.59500894950804,0.0,45.30140967533944,0.0,0.0,0.0,0.0,0.0,0.0,0.0
10.0,7.62723136156808,0.0041919631235516,0.0041919631249469,0.999991213685435,0.999991213685435,49.41350338456194,0.0,49.9713767017717,0.0,45.595008943898925,0.0,45.30140957697077,0.0,0.0,0.0,0.0,0.0,0.0,0.0
10.0,7.6274813740687,0.0041920190728746,0.0041920190742683,0.999991213450893,0.999991213450893,49.41350336268314,0.0,49.97137623991218,0.0,45.59500893828962,0.0,45.30140947859898,0.0,0.0,0.0,0.0,0.0,0.0,0.0
10.0,7.62773138656933,0.004192075023197,0.0041920750245892,0.999991213216343,0.999991213216343,49.41350334080384,0.0,49.97137577803874,0.0,45.59500893268012,0.0,45.30140938022409,0.0,0.0,0.0,0.0,0.0,0.0,0.0
10.0,7.6279813990699505,0.0041921309745188,0.0041921309759096,0.999991212981787,0.9999912129817872,49.41350331892404,0.0,49.97137531615137,0.0,45.59500892707044,0.0,45.30140928184607,0.0,0.0,0.0,0.0,0.0,0.0,0.0
10.0,7.62823141157058,0.0041921869268401,0.0041921869282293,0.999991212747223,0.999991212747222,49.413503297043725,0.0,49.97137485425006,0.0,45.59500892146056,0.0,45.30140918346493,0.0,0.0,0.0,0.0,0.0,0.0,0.0
10.0,7.6284814240712,0.0041922428801607,0.0041922428815484,0.999991212512651,0.999991212512651,49.41350327516291,0.0,49.971374392334816,0.0,45.59500891585051,0.0,45.301409085080685,0.0,0.0,0.0,0.0,0.0,0.0,0.0
10.0,7.62873143657183,0.0041922988344805,0.0041922988358668,0.9999912122780727,0.999991212278072,49.41350325328159,0.0,49.97137393040566,0.0,45.59500891024027,0.0,45.30140898669332,0.0,0.0,0.0,0.0,0.0,0.0,0.0
10.0,7.62898144907245,0.0041923547897996,0.0041923547911844,0.9999912120434872,0.9999912120434872,49.41350323139978,0.0,49.97137346846256,0.0,45.59500890462983,0.0,45.30140888830282,0.0,0.0,0.0,0.0,0.0,0.0,0.0
10.0,7.62923146157308,0.004192410746118,0.0041924107475012,0.9999912118088928,0.9999912118088928,49.41350320951746,0.0,49.97137300650554,0.0,45.59500889901921,0.0,45.301408789909225,0.0,0.0,0.0,0.0,0.0,0.0,0.0
10.0,7.6294814740737,0.0041924667034354,0.0041924667048171,0.999991211574293,0.999991211574292,49.41350318763463,0.0,49.97137254453459,0.0,45.59500889340841,0.0,45.301408691512506,0.0,0.0,0.0,0.0,0.0,0.0,0.0
10.0,7.62973148657433,0.004192522661752,0.0041925226631321,0.999991211339685,0.999991211339684,49.41350316575131,0.0,49.9713720825497,0.0,45.59500888779742,0.0,45.30140859311268,0.0,0.0,0.0,0.0,0.0,0.0,0.0
10.0,7.62998149907495,0.0041925786210675,0.0041925786224462,0.999991211105069,0.999991211105069,49.41350314386748,0.0,49.97137162055088,0.0,45.59500888218624,0.0,45.30140849470972,0.0,0.0,0.0,0.0,0.0,0.0,0.0
10.0,7.63023151157558,0.0041926345813821,0.0041926345827593,0.999991210870447,0.999991210870447,49.41350312198316,0.0,49.97137115853815,0.0,45.59500887657488,0.0,45.30140839630365,0.0,0.0,0.0,0.0,0.0,0.0,0.0
10.0,7.6304815240762,0.0041926905426957,0.0041926905440713,0.999991210635817,0.999991210635817,49.413503100098325,0.0,49.97137069651147,0.0,45.59500887096332,0.0,45.30140829789445,0.0,0.0,0.0,0.0,0.0,0.0,0.0
10.0,7.63073153657683,0.0041927465050081,0.0041927465063822,0.99999121040118,0.999991210401179,49.413503078213,0.0,49.97137023447087,0.0,45.59500886535158,0.0,45.30140819948216,0.0,0.0,0.0,0.0,0.0,0.0,0.0
10.0,7.63098154907745,0.0041928024683194,0.004192802469692,0.9999912101665348,0.9999912101665348,49.413503056327166,0.0,49.97136977241634,0.0,45.59500885973966,0.0,45.301408101066734,0.0,0.0,0.0,0.0,0.0,0.0,0.0
10.0,7.631231561578079,0.0041928584326295,0.0041928584340005,0.9999912099318828,0.9999912099318828,49.41350303444084,0.0,49.97136931034788,0.0,45.59500885412755,0.0,45.3014080026482,0.0,0.0,0.0,0.0,0.0,0.0,0.0
10.0,7.6314815740787,0.0041929143979384,0.0041929143993079,0.999991209697224,0.999991209697224,49.413503012554,0.0,49.97136884826549,0.0,45.59500884851525,0.0,45.301407904226544,0.0,0.0,0.0,0.0,0.0,0.0,0.0
10.0,7.63173158657933,0.004192970364246,0.0041929703656139,0.999991209462557,0.999991209462557,49.41350299066667,0.0,49.97136838616918,0.0,45.595008842902764,0.0,45.301407805801766,0.0,0.0,0.0,0.0,0.0,0.0,0.0
10.0,7.63198159907995,0.0041930263315522,0.0041930263329186,0.999991209227884,0.999991209227883,49.41350296877884,0.0,49.97136792405893,0.0,45.59500883729009,0.0,45.30140770737388,0.0,0.0,0.0,0.0,0.0,0.0,0.0
10.0,7.63223161158058,0.004193082299857,0.0041930823012219,0.999991208993202,0.999991208993202,49.41350294689052,0.0,49.97136746193476,0.0,45.595008831677234,0.0,45.30140760894288,0.0,0.0,0.0,0.0,0.0,0.0,0.0
10.0,7.6324816240812,0.0041931382691604,0.0041931382705238,0.999991208758514,0.999991208758514,49.41350292500168,0.0,49.971366999796665,0.0,45.59500882606418,0.0,45.30140751050876,0.0,0.0,0.0,0.0,0.0,0.0,0.0
10.0,7.63273163658183,0.0041931942394624,0.0041931942408241,0.999991208523818,0.999991208523818,49.41350290311235,0.0,49.97136653764463,0.0,45.59500882045095,0.0,45.30140741207151,0.0,0.0,0.0,0.0,0.0,0.0,0.0
10.0,7.63298164908245,0.0041932502107627,0.004193250212123,0.999991208289115,0.999991208289115,49.41350288122252,0.0,49.97136607547867,0.0,45.59500881483754,0.0,45.30140731363116,0.0,0.0,0.0,0.0,0.0,0.0,0.0
10.0,7.63323166158308,0.0041933061830615,0.0041933061844202,0.999991208054404,0.999991208054404,49.41350285933219,0.0,49.9713656132988,0.0,45.59500880922393,0.0,45.30140721518769,0.0,0.0,0.0,0.0,0.0,0.0,0.0
10.0,7.633481674083701,0.0041933621563587,0.0041933621577158,0.999991207819687,0.999991207819687,49.41350283744136,0.0,49.97136515110497,0.0,45.595008803610135,0.0,45.301407116741096,0.0,0.0,0.0,0.0,0.0,0.0,0.0
10.0,7.63373168658433,0.0041934181306542,0.0041934181320098,0.9999912075849618,0.999991207584961,49.413502815550046,0.0,49.97136468889723,0.0,45.59500879799616,0.0,45.30140701829139,0.0,0.0,0.0,0.0,0.0,0.0,0.0
10.0,7.63398169908495,0.0041934741059479,0.004193474107302,0.9999912073502288,0.9999912073502288,49.41350279365822,0.0,49.97136422667556,0.0,45.59500879238199,0.0,45.30140691983857,0.0,0.0,0.0,0.0,0.0,0.0,0.0
10.0,7.63423171158558,0.0041935300822399,0.0041935300835924,0.999991207115489,0.999991207115489,49.41350277176591,0.0,49.97136376443997,0.0,45.59500878676764,0.0,45.30140682138264,0.0,0.0,0.0,0.0,0.0,0.0,0.0
10.0,7.6344817240862,0.0041935860595301,0.004193586060881,0.9999912068807418,0.9999912068807418,49.41350274987309,0.0,49.97136330219044,0.0,45.59500878115311,0.0,45.30140672292357,0.0,0.0,0.0,0.0,0.0,0.0,0.0
10.0,7.63473173658683,0.0041936420378183,0.0041936420391677,0.999991206645988,0.999991206645988,49.41350272797978,0.0,49.97136283992699,0.0,45.595008775538375,0.0,45.3014066244614,0.0,0.0,0.0,0.0,0.0,0.0,0.0
10.0,7.63498174908745,0.0041936980171047,0.0041936980184525,0.999991206411226,0.999991206411226,49.41350270608597,0.0,49.97136237764961,0.0,45.59500876992346,0.0,45.301406525996114,0.0,0.0,0.0,0.0,0.0,0.0,0.0
10.0,7.63523176158808,0.0041937539973891,0.0041937539987353,0.999991206176457,0.999991206176457,49.413502684191656,0.0,49.97136191535831,0.0,45.59500876430837,0.0,45.30140642752771,0.0,0.0,0.0,0.0,0.0,0.0,0.0
10.0,7.6354817740887,0.0041938099786714,0.0041938099800161,0.999991205941681,0.999991205941681,49.41350266229686,0.0,49.97136145305307,0.0,45.59500875869308,0.0,45.301406329056185,0.0,0.0,0.0,0.0,0.0,0.0,0.0
10.0,7.63573178658933,0.0041938659609517,0.0041938659622948,0.999991205706897,0.999991205706897,49.41350264040156,0.0,49.97136099073391,0.0,45.59500875307761,0.0,45.30140623058154,0.0,0.0,0.0,0.0,0.0,0.0,0.0
10.0,7.63598179908995,0.0041939219442299,0.0041939219455714,0.999991205472106,0.999991205472106,49.41350261850576,0.0,49.97136052840083,0.0,45.59500874746195,0.0,45.301406132103786,0.0,0.0,0.0,0.0,0.0,0.0,0.0
10.0,7.63623181159058,0.0041939779285059,0.0041939779298459,0.999991205237308,0.999991205237308,49.41350259660947,0.0,49.97136006605382,0.0,45.59500874184611,0.0,45.30140603362292,0.0,0.0,0.0,0.0,0.0,0.0,0.0
10.0,7.6364818240912,0.0041940339137797,0.0041940339151181,0.999991205002502,0.999991205002502,49.41350257471269,0.0,49.97135960369288,0.0,45.59500873623008,0.0,45.30140593513893,0.0,0.0,0.0,0.0,0.0,0.0,0.0
10.0,7.636731836591829,0.0041940899000512,0.0041940899013881,0.999991204767689,0.999991204767689,49.41350255281541,0.0,49.97135914131802,0.0,45.59500873061385,0.0,45.30140583665182,0.0,0.0,0.0,0.0,0.0,0.0,0.0
10.0,7.63698184909245,0.0041941458873205,0.0041941458886557,0.999991204532869,0.999991204532869,49.413502530917626,0.0,49.97135867892922,0.0,45.59500872499745,0.0,45.30140573816159,0.0,0.0,0.0,0.0,0.0,0.0,0.0
10.0,7.63723186159308,0.0041942018755873,0.004194201876921,0.999991204298041,0.999991204298041,49.41350250901935,0.0,49.9713582165265,0.0,45.59500871938085,0.0,45.30140563966825,0.0,0.0,0.0,0.0,0.0,0.0,0.0
10.0,7.6374818740937,0.0041942578648518,0.0041942578661839,0.9999912040632069,0.999991204063206,49.41350248712059,0.0,49.97135775410986,0.0,45.59500871376408,0.0,45.3014055411718,0.0,0.0,0.0,0.0,0.0,0.0,0.0
10.0,7.63773188659433,0.0041943138551138,0.0041943138564443,0.999991203828364,0.999991203828364,49.41350246522133,0.0,49.97135729167929,0.0,45.59500870814711,0.0,45.30140544267223,0.0,0.0,0.0,0.0,0.0,0.0,0.0
10.0,7.63798189909495,0.0041943698463733,0.0041943698477022,0.999991203593515,0.999991203593514,49.413502443321576,0.0,49.97135682923479,0.0,45.59500870252995,0.0,45.30140534416954,0.0,0.0,0.0,0.0,0.0,0.0,0.0
10.0,7.63823191159558,0.0041944258386302,0.0041944258399576,0.999991203358658,0.999991203358658,49.41350242142133,0.0,49.97135636677638,0.0,45.595008696912615,0.0,45.30140524566373,0.0,0.0,0.0,0.0,0.0,0.0,0.0
10.0,7.6384819240962,0.0041944818318846,0.0041944818332103,0.999991203123794,0.999991203123793,49.41350239952059,0.0,49.97135590430403,0.0,45.59500869129509,0.0,45.30140514715481,0.0,0.0,0.0,0.0,0.0,0.0,0.0
10.0,7.63873193659683,0.0041945378261362,0.0041945378274604,0.999991202888922,0.999991202888922,49.41350237761935,0.0,49.97135544181776,0.0,45.59500868567737,0.0,45.30140504864277,0.0,0.0,0.0,0.0,0.0,0.0,0.0
10.0,7.63898194909746,0.0041945938213852,0.0041945938227078,0.999991202654043,0.999991202654043,49.41350235571762,0.0,49.97135497931755,0.0,45.59500868005947,0.0,45.30140495012762,0.0,0.0,0.0,0.0,0.0,0.0,0.0
10.0,7.63923196159808,0.0041946498176315,0.0041946498189525,0.999991202419157,0.999991202419157,49.41350233381541,0.0,49.97135451680343,0.0,45.59500867444139,0.0,45.30140485160934,0.0,0.0,0.0,0.0,0.0,0.0,0.0
10.0,7.6394819740987,0.0041947058148749,0.0041947058161943,0.999991202184264,0.999991202184263,49.41350231191269,0.0,49.97135405427539,0.0,45.59500866882311,0.0,45.30140475308796,0.0,0.0,0.0,0.0,0.0,0.0,0.0
10.0,7.63973198659933,0.0041947618131155,0.0041947618144333,0.999991201949363,0.999991201949363,49.41350229000948,0.0,49.97135359173341,0.0,45.595008663204645,0.0,45.301404654563456,0.0,0.0,0.0,0.0,0.0,0.0,0.0
10.0,7.63998199909995,0.0041948178123532,0.0041948178136694,0.999991201714454,0.999991201714454,49.41350226810579,0.0,49.97135312917752,0.0,45.595008657586,0.0,45.30140455603583,0.0,0.0,0.0,0.0,0.0,0.0,0.0
10.0,7.64023201160058,0.004194873812588,0.0041948738139026,0.999991201479539,0.999991201479539,49.4135022462016,0.0,49.97135266660769,0.0,45.59500865196717,0.0,45.30140445750509,0.0,0.0,0.0,0.0,0.0,0.0,0.0
10.0,7.64048202410121,0.0041949298138198,0.0041949298151328,0.999991201244616,0.999991201244616,49.41350222429692,0.0,49.97135220402394,0.0,45.59500864634815,0.0,45.30140435897124,0.0,0.0,0.0,0.0,0.0,0.0,0.0
10.0,7.64073203660183,0.0041949858160485,0.0041949858173599,0.999991201009686,0.999991201009686,49.41350220239174,0.0,49.97135174142628,0.0,45.59500864072895,0.0,45.30140426043426,0.0,0.0,0.0,0.0,0.0,0.0,0.0
10.0,7.64098204910245,0.0041950418192741,0.0041950418205839,0.999991200774749,0.999991200774749,49.41350218048608,0.0,49.97135127881467,0.0,45.59500863510954,0.0,45.301404161894176,0.0,0.0,0.0,0.0,0.0,0.0,0.0
10.0,7.64123206160308,0.0041950978234967,0.0041950978248048,0.999991200539804,0.999991200539804,49.41350215857992,0.0,49.97135081618916,0.0,45.59500862948996,0.0,45.30140406335097,0.0,0.0,0.0,0.0,0.0,0.0,0.0
10.0,7.641482074103711,0.004195153828716,0.0041951538300226,0.999991200304852,0.999991200304852,49.41350213667328,0.0,49.97135035354972,0.0,45.5950086238702,0.0,45.301403964804656,0.0,0.0,0.0,0.0,0.0,0.0,0.0
10.0,7.64173208660433,0.0041952098349321,0.0041952098362371,0.999991200069893,0.999991200069893,49.41350211476615,0.0,49.97134989089634,0.0,45.59500861825025,0.0,45.301403866255214,0.0,0.0,0.0,0.0,0.0,0.0,0.0
10.0,7.64198209910495,0.0041952658421449,0.0041952658434483,0.999991199834926,0.999991199834926,49.41350209285852,0.0,49.97134942822905,0.0,45.5950086126301,0.0,45.301403767702666,0.0,0.0,0.0,0.0,0.0,0.0,0.0
10.0,7.64223211160558,0.0041953218503544,0.0041953218516561,0.999991199599952,0.999991199599952,49.41350207095041,0.0,49.97134896554783,0.0,45.59500860700978,0.0,45.30140366914699,0.0,0.0,0.0,0.0,0.0,0.0,0.0
10.0,7.6424821241062,0.0041953778595605,0.0041953778608606,0.999991199364971,0.99999119936497,49.41350204904181,0.0,49.9713485028527,0.0,45.59500860138927,0.0,45.30140357058821,0.0,0.0,0.0,0.0,0.0,0.0,0.0
10.0,7.64273213660683,0.0041954338697632,0.0041954338710617,0.999991199129982,0.999991199129982,49.41350202713271,0.0,49.97134804014362,0.0,45.59500859576857,0.0,45.30140347202631,0.0,0.0,0.0,0.0,0.0,0.0,0.0
10.0,7.64298214910746,0.0041954898809624,0.0041954898822593,0.999991198894986,0.999991198894986,49.41350200522312,0.0,49.97134757742064,0.0,45.59500859014768,0.0,45.30140337346129,0.0,0.0,0.0,0.0,0.0,0.0,0.0
10.0,7.64323216160808,0.0041955458931581,0.0041955458944533,0.999991198659983,0.999991198659983,49.413501983313054,0.0,49.97134711468373,0.0,45.5950085845266,0.0,45.30140327489316,0.0,0.0,0.0,0.0,0.0,0.0,0.0
10.0,7.64348217410871,0.0041956019063502,0.0041956019076438,0.999991198424972,0.999991198424972,49.4135019614025,0.0,49.9713466519329,0.0,45.595008578905336,0.0,45.30140317632191,0.0,0.0,0.0,0.0,0.0,0.0,0.0
10.0,7.64373218660933,0.0041956579205387,0.0041956579218307,0.999991198189954,0.999991198189954,49.41350193949145,0.0,49.97134618916814,0.0,45.59500857328389,0.0,45.30140307774754,0.0,0.0,0.0,0.0,0.0,0.0,0.0
10.0,7.64398219910996,0.0041957139357235,0.0041957139370139,0.9999911979549287,0.9999911979549287,49.41350191757991,0.0,49.97134572638946,0.0,45.59500856766226,0.0,45.30140297917005,0.0,0.0,0.0,0.0,0.0,0.0,0.0
10.0,7.64423221161058,0.0041957699519046,0.0041957699531934,0.999991197719896,0.999991197719896,49.413501895667885,0.0,49.97134526359686,0.0,45.595008562040434,0.0,45.30140288058946,0.0,0.0,0.0,0.0,0.0,0.0,0.0
10.0,7.64448222411121,0.004195825969082,0.0041958259703691,0.999991197484856,0.999991197484856,49.41350187375537,0.0,49.97134480079033,0.0,45.59500855641842,0.0,45.30140278200574,0.0,0.0,0.0,0.0,0.0,0.0,0.0
10.0,7.64473223661183,0.0041958819872555,0.004195881988541,0.999991197249809,0.999991197249809,49.413501851842376,0.0,49.97134433796988,0.0,45.59500855079623,0.0,45.3014026834189,0.0,0.0,0.0,0.0,0.0,0.0,0.0
10.0,7.64498224911246,0.0041959380064252,0.004195938007709,0.999991197014755,0.999991197014755,49.41350182992888,0.0,49.9713438751355,0.0,45.59500854517385,0.0,45.30140258482896,0.0,0.0,0.0,0.0,0.0,0.0,0.0
10.0,7.64523226161308,0.0041959940265909,0.0041959940278731,0.999991196779693,0.999991196779693,49.41350180801491,0.0,49.97134341228721,0.0,45.59500853955128,0.0,45.30140248623589,0.0,0.0,0.0,0.0,0.0,0.0,0.0
10.0,7.64548227411371,0.0041960500477527,0.0041960500490333,0.999991196544624,0.999991196544624,49.41350178610045,0.0,49.971342949424994,0.0,45.59500853392853,0.0,45.30140238763971,0.0,0.0,0.0,0.0,0.0,0.0,0.0
10.0,7.64573228661433,0.0041961060699105,0.0041961060711895,0.999991196309547,0.999991196309547,49.413501764185504,0.0,49.971342486548856,0.0,45.595008528305584,0.0,45.30140228904041,0.0,0.0,0.0,0.0,0.0,0.0,0.0
10.0,7.64598229911496,0.0041961620930642,0.0041961620943415,0.999991196074464,0.999991196074464,49.413501742270064,0.0,49.97134202365879,0.0,45.595008522682456,0.0,45.301402190438,0.0,0.0,0.0,0.0,0.0,0.0,0.0
10.0,7.64623231161558,0.0041962181172139,0.0041962181184895,0.999991195839372,0.999991195839372,49.41350172035415,0.0,49.97134156075481,0.0,45.595008517059135,0.0,45.30140209183247,0.0,0.0,0.0,0.0,0.0,0.0,0.0
10.0,7.64648232411621,0.0041962741423593,0.0041962741436334,0.999991195604274,0.999991195604274,49.41350169843775,0.0,49.971341097836905,0.0,45.59500851143564,0.0,45.30140199322382,0.0,0.0,0.0,0.0,0.0,0.0,0.0
10.0,7.64673233661683,0.0041963301685006,0.004196330169773,0.999991195369168,0.999991195369168,49.41350167652085,0.0,49.97134063490508,0.0,45.59500850581195,0.0,45.301401894612056,0.0,0.0,0.0,0.0,0.0,0.0,0.0
10.0,7.646982349117461,0.0041963861956376,0.0041963861969084,0.999991195134055,0.999991195134055,49.41350165460348,0.0,49.971340171959326,0.0,45.59500850018807,0.0,45.30140179599718,0.0,0.0,0.0,0.0,0.0,0.0,0.0
10.0,7.64723236161808,0.0041964422237704,0.0041964422250394,0.999991194898935,0.999991194898935,49.413501632685616,0.0,49.97133970899967,0.0,45.59500849456401,0.0,45.30140169737919,0.0,0.0,0.0,0.0,0.0,0.0,0.0
10.0,7.64748237411871,0.0041964982528988,0.0041964982541662,0.999991194663807,0.999991194663807,49.41350161076728,0.0,49.97133924602607,0.0,45.59500848893976,0.0,45.30140159875808,0.0,0.0,0.0,0.0,0.0,0.0,0.0
10.0,7.64773238661933,0.0041965542830227,0.0041965542842885,0.999991194428672,0.999991194428672,49.41350158884845,0.0,49.97133878303856,0.0,45.595008483315326,0.0,45.301401500133856,0.0,0.0,0.0,0.0,0.0,0.0,0.0
10.0,7.64798239911996,0.0041966103141423,0.0041966103154064,0.99999119419353,0.9999911941935292,49.41350156692913,0.0,49.97133832003712,0.0,45.5950084776907,0.0,45.30140140150651,0.0,0.0,0.0,0.0,0.0,0.0,0.0
10.0,7.64823241162058,0.0041966663462573,0.0041966663475198,0.99999119395838,0.99999119395838,49.41350154500933,0.0,49.971337857021766,0.0,45.59500847206589,0.0,45.301401302876044,0.0,0.0,0.0,0.0,0.0,0.0,0.0
10.0,7.64848242412121,0.0041967223793678,0.0041967223806286,0.999991193723223,0.999991193723223,49.413501523089046,0.0,49.97133739399249,0.0,45.59500846644089,0.0,45.30140120424247,0.0,0.0,0.0,0.0,0.0,0.0,0.0
10.0,7.64873243662183,0.0041967784134738,0.0041967784147329,0.999991193488059,0.999991193488059,49.41350150116829,0.0,49.97133693094929,0.0,45.59500846081572,0.0,45.30140110560578,0.0,0.0,0.0,0.0,0.0,0.0,0.0
10.0,7.64898244912246,0.004196834448575,0.0041968344498325,0.999991193252887,0.999991193252887,49.41350147924703,0.0,49.97133646789217,0.0,45.595008455190346,0.0,45.30140100696597,0.0,0.0,0.0,0.0,0.0,0.0,0.0
10.0,7.649232461623081,0.0041968904846716,0.0041968904859274,0.999991193017708,0.999991193017708,49.4135014573253,0.0,49.97133600482113,0.0,45.59500844956479,0.0,45.301400908323046,0.0,0.0,0.0,0.0,0.0,0.0,0.0
10.0,7.64948247412371,0.0041969465217635,0.0041969465230176,0.999991192782522,0.999991192782522,49.41350143540309,0.0,49.97133554173618,0.0,45.59500844393904,0.0,45.30140080967701,0.0,0.0,0.0,0.0,0.0,0.0,0.0
10.0,7.64973248662433,0.0041970025598506,0.004197002561103,0.999991192547328,0.999991192547328,49.41350141348039,0.0,49.97133507863729,0.0,45.59500843831312,0.0,45.30140071102785,0.0,0.0,0.0,0.0,0.0,0.0,0.0
10.0,7.64998249912496,0.0041970585989328,0.0041970586001836,0.9999911923121272,0.9999911923121272,49.41350139155721,0.0,49.97133461552449,0.0,45.595008432687,0.0,45.30140061237558,0.0,0.0,0.0,0.0,0.0,0.0,0.0
10.0,7.65023251162558,0.0041971146390102,0.0041971146402593,0.9999911920769192,0.9999911920769192,49.41350136963356,0.0,49.971334152397766,0.0,45.59500842706071,0.0,45.3014005137202,0.0,0.0,0.0,0.0,0.0,0.0,0.0
10.0,7.65048252412621,0.0041971706800826,0.00419717068133,0.999991191841704,0.999991191841703,49.41350134770941,0.0,49.97133368925713,0.0,45.59500842143421,0.0,45.301400415061686,0.0,0.0,0.0,0.0,0.0,0.0,0.0
10.0,7.65073253662683,0.0041972267221501,0.0041972267233958,0.999991191606481,0.99999119160648,49.41350132578479,0.0,49.97133322610257,0.0,45.595008415807534,0.0,45.30140031640007,0.0,0.0,0.0,0.0,0.0,0.0,0.0
10.0,7.65098254912746,0.0041972827652126,0.0041972827664566,0.99999119137125,0.99999119137125,49.41350130385968,0.0,49.97133276293408,0.0,45.59500841018067,0.0,45.301400217735335,0.0,0.0,0.0,0.0,0.0,0.0,0.0
10.0,7.65123256162808,0.0041973388092699,0.0041973388105123,0.999991191136013,0.999991191136013,49.41350128193409,0.0,49.97133229975169,0.0,45.59500840455361,0.0,45.30140011906748,0.0,0.0,0.0,0.0,0.0,0.0,0.0
10.0,7.65148257412871,0.0041973948543222,0.0041973948555628,0.999991190900768,0.999991190900768,49.41350126000802,0.0,49.971331836555365,0.0,45.595008398926375,0.0,45.301400020396514,0.0,0.0,0.0,0.0,0.0,0.0,0.0
10.0,7.65173258662933,0.0041974509003692,0.0041974509016082,0.999991190665516,0.999991190665516,49.41350123808147,0.0,49.97133137334513,0.0,45.59500839329895,0.0,45.30139992172243,0.0,0.0,0.0,0.0,0.0,0.0,0.0
10.0,7.65198259912996,0.0041975069474111,0.0041975069486484,0.999991190430256,0.999991190430256,49.41350121615445,0.0,49.97133091012096,0.0,45.59500838767134,0.0,45.30139982304523,0.0,0.0,0.0,0.0,0.0,0.0,0.0
10.0,7.65223261163058,0.0041975629954477,0.0041975629966833,0.99999119019499,0.99999119019499,49.41350119422694,0.0,49.97133044688289,0.0,45.595008382043545,0.0,45.30139972436491,0.0,0.0,0.0,0.0,0.0,0.0,0.0
10.0,7.652482624131209,0.004197619044479,0.0041976190457129,0.999991189959716,0.999991189959715,49.41350117229895,0.0,49.97132998363089,0.0,45.59500837641557,0.0,45.30139962568148,0.0,0.0,0.0,0.0,0.0,0.0,0.0
10.0,7.65273263663183,0.0041976750945049,0.0041976750957371,0.999991189724434,0.999991189724434,49.413501150370486,0.0,49.97132952036497,0.0,45.59500837078739,0.0,45.30139952699494,0.0,0.0,0.0,0.0,0.0,0.0,0.0
10.0,7.65298264913246,0.0041977311455254,0.0041977311467559,0.999991189489146,0.999991189489145,49.41350112844154,0.0,49.971329057085136,0.0,45.59500836515903,0.0,45.30139942830528,0.0,0.0,0.0,0.0,0.0,0.0,0.0
10.0,7.65323266163308,0.0041977871975404,0.0041977871987693,0.99999118925385,0.9999911892538492,49.4135011065121,0.0,49.97132859379138,0.0,45.59500835953049,0.0,45.301399329612494,0.0,0.0,0.0,0.0,0.0,0.0,0.0
10.0,7.65348267413371,0.00419784325055,0.0041978432517771,0.999991189018546,0.999991189018546,49.4135010845822,0.0,49.971328130483705,0.0,45.59500835390176,0.0,45.3013992309166,0.0,0.0,0.0,0.0,0.0,0.0,0.0
10.0,7.65373268663433,0.0041978993045539,0.0041978993057794,0.999991188783235,0.999991188783235,49.41350106265182,0.0,49.971327667162114,0.0,45.59500834827284,0.0,45.30139913221758,0.0,0.0,0.0,0.0,0.0,0.0,0.0
10.0,7.65398269913496,0.0041979553595523,0.004197955360776,0.999991188547917,0.999991188547917,49.41350104072096,0.0,49.97132720382661,0.0,45.59500834264373,0.0,45.30139903351546,0.0,0.0,0.0,0.0,0.0,0.0,0.0
10.0,7.65423271163558,0.004198011415545,0.0041980114167671,0.999991188312592,0.999991188312592,49.41350101878962,0.0,49.97132674047717,0.0,45.59500833701444,0.0,45.301398934810216,0.0,0.0,0.0,0.0,0.0,0.0,0.0
10.0,7.65448272413621,0.0041980674725321,0.0041980674737524,0.9999911880772598,0.999991188077259,49.4135009968578,0.0,49.97132627711382,0.0,45.59500833138496,0.0,45.30139883610185,0.0,0.0,0.0,0.0,0.0,0.0,0.0
10.0,7.654732736636829,0.0041981235305133,0.0041981235317319,0.99999118784192,0.9999911878419192,49.41350097492551,0.0,49.97132581373656,0.0,45.5950083257553,0.0,45.30139873739039,0.0,0.0,0.0,0.0,0.0,0.0,0.0
10.0,7.65498274913746,0.0041981795894888,0.0041981795907057,0.999991187606572,0.999991187606572,49.41350095299273,0.0,49.971325350345374,0.0,45.59500832012544,0.0,45.30139863867579,0.0,0.0,0.0,0.0,0.0,0.0,0.0
10.0,7.65523276163808,0.0041982356494584,0.0041982356506736,0.999991187371218,0.999991187371217,49.41350093105948,0.0,49.97132488694028,0.0,45.59500831449541,0.0,45.30139853995809,0.0,0.0,0.0,0.0,0.0,0.0,0.0
10.0,7.65548277413871,0.0041982917104221,0.0041982917116356,0.999991187135856,0.999991187135856,49.41350090912575,0.0,49.97132442352125,0.0,45.59500830886519,0.0,45.30139844123727,0.0,0.0,0.0,0.0,0.0,0.0,0.0
10.0,7.65573278663933,0.0041983477723799,0.0041983477735917,0.9999911869004862,0.9999911869004862,49.413500887191546,0.0,49.97132396008831,0.0,45.59500830323478,0.0,45.30139834251333,0.0,0.0,0.0,0.0,0.0,0.0,0.0
10.0,7.65598279913996,0.0041984038353317,0.0041984038365417,0.99999118666511,0.99999118666511,49.41350086525687,0.0,49.97132349664145,0.0,45.59500829760418,0.0,45.30139824378628,0.0,0.0,0.0,0.0,0.0,0.0,0.0
10.0,7.65623281164058,0.0041984598992774,0.0041984599004857,0.999991186429726,0.999991186429726,49.413500843321714,0.0,49.97132303318069,0.0,45.59500829197339,0.0,45.30139814505611,0.0,0.0,0.0,0.0,0.0,0.0,0.0
10.0,7.65648282414121,0.0041985159642171,0.0041985159654237,0.999991186194335,0.999991186194335,49.41350082138608,0.0,49.971322569706,0.0,45.59500828634242,0.0,45.30139804632282,0.0,0.0,0.0,0.0,0.0,0.0,0.0
10.0,7.65673283664183,0.0041985720301506,0.0041985720313555,0.999991185958936,0.999991185958936,49.41350079944997,0.0,49.97132210621739,0.0,45.595008280711255,0.0,45.301397947586416,0.0,0.0,0.0,0.0,0.0,0.0,0.0
10.0,7.65698284914246,0.0041986280970779,0.0041986280982811,0.999991185723531,0.99999118572353,49.41350077751339,0.0,49.97132164271487,0.0,45.59500827507991,0.0,45.3013978488469,0.0,0.0,0.0,0.0,0.0,0.0,0.0
10.0,7.65723286164308,0.004198684164999,0.0041986841662004,0.9999911854881172,0.999991185488117,49.41350075557634,0.0,49.97132117919842,0.0,45.59500826944838,0.0,45.30139775010427,0.0,0.0,0.0,0.0,0.0,0.0,0.0
10.0,7.65748287414371,0.0041987402339139,0.0041987402351135,0.999991185252697,0.999991185252697,49.4135007336388,0.0,49.971320715668064,0.0,45.59500826381666,0.0,45.30139765135852,0.0,0.0,0.0,0.0,0.0,0.0,0.0
10.0,7.65773288664433,0.0041987963038223,0.0041987963050203,0.999991185017269,0.999991185017269,49.4135007117008,0.0,49.97132025212379,0.0,45.59500825818476,0.0,45.301397552609664,0.0,0.0,0.0,0.0,0.0,0.0,0.0
10.0,7.65798289914496,0.0041988523747245,0.0041988523759207,0.999991184781834,0.999991184781834,49.41350068976232,0.0,49.9713197885656,0.0,45.59500825255266,0.0,45.30139745385768,0.0,0.0,0.0,0.0,0.0,0.0,0.0
10.0,7.65823291164558,0.0041989084466201,0.0041989084478146,0.999991184546392,0.999991184546391,49.41350066782336,0.0,49.97131932499349,0.0,45.59500824692039,0.0,45.301397355102594,0.0,0.0,0.0,0.0,0.0,0.0,0.0
10.0,7.65848292414621,0.0041989645195093,0.0041989645207021,0.999991184310942,0.999991184310942,49.41350064588393,0.0,49.97131886140746,0.0,45.59500824128792,0.0,45.30139725634437,0.0,0.0,0.0,0.0,0.0,0.0,0.0
10.0,7.65873293664683,0.004199020593392,0.004199020594583,0.9999911840754848,0.9999911840754848,49.41350062394402,0.0,49.97131839780752,0.0,45.595008235655264,0.0,45.301397157583054,0.0,0.0,0.0,0.0,0.0,0.0,0.0
10.0,7.65898294914746,0.0041990766682681,0.0041990766694574,0.999991183840021,0.999991183840021,49.41350060200365,0.0,49.971317934193664,0.0,45.59500823002243,0.0,45.30139705881861,0.0,0.0,0.0,0.0,0.0,0.0,0.0
10.0,7.65923296164808,0.0041991327441376,0.0041991327453251,0.999991183604549,0.999991183604549,49.4135005800628,0.0,49.97131747056589,0.0,45.5950082243894,0.0,45.30139696005106,0.0,0.0,0.0,0.0,0.0,0.0,0.0
10.0,7.65948297414871,0.0041991888210004,0.0041991888221862,0.99999118336907,0.999991183369069,49.41350055812148,0.0,49.9713170069242,0.0,45.595008218756185,0.0,45.30139686128037,0.0,0.0,0.0,0.0,0.0,0.0,0.0
10.0,7.65973298664933,0.0041992448988565,0.0041992449000405,0.999991183133584,0.999991183133583,49.41350053617968,0.0,49.97131654326859,0.0,45.59500821312278,0.0,45.30139676250659,0.0,0.0,0.0,0.0,0.0,0.0,0.0
10.0,7.65998299914996,0.0041993009777058,0.0041993009788881,0.99999118289809,0.99999118289809,49.41350051423742,0.0,49.97131607959907,0.0,45.5950082074892,0.0,45.30139666372969,0.0,0.0,0.0,0.0,0.0,0.0,0.0
10.0,7.660233011650579,0.0041993570575484,0.0041993570587289,0.999991182662589,0.999991182662589,49.41350049229467,0.0,49.97131561591564,0.0,45.59500820185542,0.0,45.30139656494966,0.0,0.0,0.0,0.0,0.0,0.0,0.0
10.0,7.66048302415121,0.004199413138384,0.0041994131395628,0.999991182427081,0.99999118242708,49.413500470351465,0.0,49.97131515221828,0.0,45.59500819622146,0.0,45.30139646616653,0.0,0.0,0.0,0.0,0.0,0.0,0.0
10.0,7.66073303665183,0.0041994692202127,0.0041994692213897,0.9999911821915652,0.9999911821915652,49.413500448407774,0.0,49.971314688507015,0.0,45.59500819058732,0.0,45.30139636738028,0.0,0.0,0.0,0.0,0.0,0.0,0.0
10.0,7.66098304915246,0.0041995253030345,0.0041995253042098,0.999991181956042,0.999991181956042,49.41350042646362,0.0,49.97131422478183,0.0,45.59500818495298,0.0,45.301396268590906,0.0,0.0,0.0,0.0,0.0,0.0,0.0
10.0,7.66123306165308,0.0041995813868493,0.0041995813880228,0.999991181720512,0.999991181720512,49.413500404519,0.0,49.97131376104273,0.0,45.59500817931846,0.0,45.30139616979843,0.0,0.0,0.0,0.0,0.0,0.0,0.0
10.0,7.66148307415371,0.004199637471657,0.0041996374728287,0.999991181484975,0.999991181484974,49.4135003825739,0.0,49.97131329728971,0.0,45.59500817368375,0.0,45.30139607100283,0.0,0.0,0.0,0.0,0.0,0.0,0.0
10.0,7.66173308665433,0.0041996935574576,0.0041996935586276,0.99999118124943,0.999991181249429,49.41350036062833,0.0,49.97131283352279,0.0,45.595008168048864,0.0,45.30139597220412,0.0,0.0,0.0,0.0,0.0,0.0,0.0
10.0,7.66198309915496,0.0041997496442511,0.0041997496454193,0.999991181013877,0.999991181013877,49.41350033868229,0.0,49.971312369741945,0.0,45.59500816241378,0.0,45.30139587340229,0.0,0.0,0.0,0.0,0.0,0.0,0.0
10.0,7.66223311165558,0.0041998057320374,0.0041998057332038,0.999991180778318,0.999991180778318,49.413500316735785,0.0,49.971311905947175,0.0,45.59500815677852,0.0,45.30139577459735,0.0,0.0,0.0,0.0,0.0,0.0,0.0
10.0,7.66248312415621,0.0041998618208164,0.004199861821981,0.999991180542751,0.999991180542751,49.4135002947888,0.0,49.971311442138514,0.0,45.59500815114306,0.0,45.30139567578929,0.0,0.0,0.0,0.0,0.0,0.0,0.0
10.0,7.66273313665683,0.0041999179105881,0.004199917911751,0.9999911803071768,0.9999911803071768,49.41350027284136,0.0,49.97131097831591,0.0,45.59500814550742,0.0,45.30139557697811,0.0,0.0,0.0,0.0,0.0,0.0,0.0
10.0,7.66298314915746,0.0041999740013524,0.0041999740025135,0.9999911800715952,0.9999911800715952,49.41350025089344,0.0,49.97131051447942,0.0,45.59500813987159,0.0,45.30139547816381,0.0,0.0,0.0,0.0,0.0,0.0,0.0
10.0,7.66323316165808,0.0042000300931094,0.0042000300942687,0.9999911798360068,0.999991179836006,49.413500228945054,0.0,49.971310050629,0.0,45.59500813423558,0.0,45.3013953793464,0.0,0.0,0.0,0.0,0.0,0.0,0.0
10.0,7.66348317415871,0.0042000861858589,0.0042000861870165,0.999991179600411,0.99999117960041,49.4135002069962,0.0,49.97130958676466,0.0,45.595008128599375,0.0,45.30139528052589,0.0,0.0,0.0,0.0,0.0,0.0,0.0
10.0,7.66373318665933,0.004200142279601,0.0042001422807567,0.9999911793648067,0.9999911793648067,49.413500185046885,0.0,49.97130912288642,0.0,45.59500812296299,0.0,45.301395181702254,0.0,0.0,0.0,0.0,0.0,0.0,0.0
10.0,7.66398319915996,0.0042001983743355,0.0042001983754895,0.999991179129196,0.999991179129196,49.41350016309708,0.0,49.97130865899426,0.0,45.595008117326415,0.0,45.3013950828755,0.0,0.0,0.0,0.0,0.0,0.0,0.0
10.0,7.66423321166058,0.0042002544700624,0.0042002544712146,0.999991178893579,0.999991178893579,49.41350014114683,0.0,49.97130819508819,0.0,45.59500811168965,0.0,45.30139498404564,0.0,0.0,0.0,0.0,0.0,0.0,0.0
10.0,7.66448322416121,0.0042003105667816,0.0042003105679321,0.999991178657953,0.999991178657953,49.4135001191961,0.0,49.9713077311682,0.0,45.5950081060527,0.0,45.301394885212645,0.0,0.0,0.0,0.0,0.0,0.0,0.0
10.0,7.66473323666183,0.0042003666644932,0.0042003666656419,0.99999117842232,0.999991178422321,49.413500097244906,0.0,49.9713072672343,0.0,45.59500810041557,0.0,45.30139478637655,0.0,0.0,0.0,0.0,0.0,0.0,0.0
10.0,7.664983249162461,0.0042004227631971,0.0042004227643439,0.999991178186681,0.99999117818668,49.41350007529324,0.0,49.97130680328649,0.0,45.59500809477825,0.0,45.30139468753733,0.0,0.0,0.0,0.0,0.0,0.0,0.0
10.0,7.66523326166308,0.0042004788628931,0.0042004788640382,0.999991177951033,0.999991177951033,49.41350005334111,0.0,49.97130633932476,0.0,45.595008089140734,0.0,45.301394588695,0.0,0.0,0.0,0.0,0.0,0.0,0.0
10.0,7.66548327416371,0.0042005349635814,0.0042005349647247,0.9999911777153788,0.999991177715378,49.41350003138852,0.0,49.97130587534912,0.0,45.59500808350304,0.0,45.30139448984956,0.0,0.0,0.0,0.0,0.0,0.0,0.0
10.0,7.66573328666433,0.0042005910652618,0.0042005910664032,0.999991177479717,0.999991177479717,49.41350000943545,0.0,49.97130541135956,0.0,45.59500807786516,0.0,45.301394391001,0.0,0.0,0.0,0.0,0.0,0.0,0.0
10.0,7.66598329916496,0.0042006471679342,0.0042006471690739,0.999991177244048,0.999991177244047,49.41349998748192,0.0,49.971304947356096,0.0,45.595008072227095,0.0,45.301394292149325,0.0,0.0,0.0,0.0,0.0,0.0,0.0
10.0,7.66623331166558,0.0042007032715987,0.0042007032727365,0.999991177008371,0.999991177008371,49.413499965527926,0.0,49.97130448333872,0.0,45.59500806658884,0.0,45.30139419329453,0.0,0.0,0.0,0.0,0.0,0.0,0.0
10.0,7.66648332416621,0.0042007593762551,0.0042007593773912,0.999991176772687,0.999991176772687,49.413499943573456,0.0,49.97130401930743,0.0,45.5950080609504,0.0,45.30139409443663,0.0,0.0,0.0,0.0,0.0,0.0,0.0
10.0,7.66673333666683,0.0042008154819035,0.0042008154830378,0.999991176536996,0.999991176536996,49.41349992161854,0.0,49.97130355526222,0.0,45.595008055311766,0.0,45.3013939955756,0.0,0.0,0.0,0.0,0.0,0.0,0.0
10.0,7.66698334916746,0.0042008715885437,0.0042008715896762,0.9999911763012967,0.9999911763012967,49.41349989966314,0.0,49.9713030912031,0.0,45.59500804967295,0.0,45.30139389671147,0.0,0.0,0.0,0.0,0.0,0.0,0.0
10.0,7.66723336166808,0.0042009276961758,0.0042009276973065,0.999991176065592,0.999991176065591,49.41349987770728,0.0,49.97130262713007,0.0,45.59500804403395,0.0,45.30139379784422,0.0,0.0,0.0,0.0,0.0,0.0,0.0
10.0,7.66748337416871,0.0042009838047997,0.0042009838059285,0.9999911758298778,0.9999911758298778,49.41349985575096,0.0,49.97130216304312,0.0,45.59500803839476,0.0,45.301393698973854,0.0,0.0,0.0,0.0,0.0,0.0,0.0
10.0,7.66773338666933,0.0042010399144153,0.0042010399155423,0.999991175594158,0.999991175594158,49.41349983379417,0.0,49.97130169894227,0.0,45.59500803275538,0.0,45.30139360010036,0.0,0.0,0.0,0.0,0.0,0.0,0.0
10.0,7.66798339916996,0.0042010960250226,0.0042010960261478,0.99999117535843,0.99999117535843,49.41349981183692,0.0,49.9713012348275,0.0,45.59500802711582,0.0,45.30139350122377,0.0,0.0,0.0,0.0,0.0,0.0,0.0
10.0,7.66823341167058,0.0042011521366215,0.0042011521377449,0.999991175122695,0.999991175122695,49.4134997898792,0.0,49.97130077069881,0.0,45.59500802147607,0.0,45.30139340234405,0.0,0.0,0.0,0.0,0.0,0.0,0.0
10.0,7.66848342417121,0.004201208249212,0.0042012082503336,0.9999911748869532,0.9999911748869532,49.413499767921024,0.0,49.97130030655622,0.0,45.59500801583613,0.0,45.30139330346123,0.0,0.0,0.0,0.0,0.0,0.0,0.0
10.0,7.66873343667183,0.0042012643627941,0.0042012643639139,0.999991174651203,0.999991174651203,49.41349974596237,0.0,49.97129984239972,0.0,45.59500801019601,0.0,45.30139320457528,0.0,0.0,0.0,0.0,0.0,0.0,0.0
10.0,7.66898344917246,0.0042013204773676,0.0042013204784856,0.999991174415446,0.999991174415446,49.41349972400327,0.0,49.9712993782293,0.0,45.5950080045557,0.0,45.30139310568623,0.0,0.0,0.0,0.0,0.0,0.0,0.0
10.0,7.66923346167308,0.0042013765929326,0.0042013765940488,0.999991174179682,0.999991174179681,49.413499702043694,0.0,49.97129891404498,0.0,45.5950079989152,0.0,45.30139300679405,0.0,0.0,0.0,0.0,0.0,0.0,0.0
10.0,7.66948347417371,0.004201432709489,0.0042014327106034,0.99999117394391,0.99999117394391,49.41349968008367,0.0,49.97129844984674,0.0,45.595007993274514,0.0,45.301392907898766,0.0,0.0,0.0,0.0,0.0,0.0,0.0
10.0,7.66973348667433,0.0042014888270368,0.0042014888281493,0.9999911737081308,0.9999911737081308,49.413499658123165,0.0,49.971297985634585,0.0,45.59500798763364,0.0,45.30139280900036,0.0,0.0,0.0,0.0,0.0,0.0,0.0
10.0,7.66998349917496,0.0042015449455758,0.0042015449466865,0.999991173472345,0.999991173472345,49.41349963616221,0.0,49.97129752140853,0.0,45.5950079819926,0.0,45.30139271009884,0.0,0.0,0.0,0.0,0.0,0.0,0.0
10.0,7.67023351167558,0.0042016010651061,0.004201601066215,0.9999911732365508,0.9999911732365508,49.41349961420079,0.0,49.97129705716856,0.0,45.59500797635135,0.0,45.3013926111942,0.0,0.0,0.0,0.0,0.0,0.0,0.0
10.0,7.670483524176211,0.0042016571856276,0.0042016571867347,0.99999117300075,0.99999117300075,49.41349959223891,0.0,49.97129659291467,0.0,45.59500797070992,0.0,45.301392512286455,0.0,0.0,0.0,0.0,0.0,0.0,0.0
10.0,7.67073353667683,0.0042017133071403,0.0042017133082455,0.999991172764942,0.999991172764942,49.41349957027656,0.0,49.97129612864688,0.0,45.59500796506831,0.0,45.30139241337559,0.0,0.0,0.0,0.0,0.0,0.0,0.0
10.0,7.67098354917746,0.0042017694296441,0.0042017694307474,0.999991172529126,0.999991172529126,49.41349954831375,0.0,49.97129566436517,0.0,45.59500795942649,0.0,45.30139231446161,0.0,0.0,0.0,0.0,0.0,0.0,0.0
10.0,7.67123356167808,0.0042018255531389,0.0042018255542404,0.999991172293303,0.999991172293303,49.41349952635049,0.0,49.97129520006956,0.0,45.5950079537845,0.0,45.30139221554451,0.0,0.0,0.0,0.0,0.0,0.0,0.0
10.0,7.67148357417871,0.0042018816776247,0.0042018816787244,0.999991172057473,0.999991172057473,49.41349950438676,0.0,49.97129473576003,0.0,45.59500794814232,0.0,45.3013921166243,0.0,0.0,0.0,0.0,0.0,0.0,0.0
10.0,7.67173358667933,0.0042019378031015,0.0042019378041994,0.999991171821636,0.999991171821636,49.41349948242258,0.0,49.9712942714366,0.0,45.59500794249996,0.0,45.30139201770098,0.0,0.0,0.0,0.0,0.0,0.0,0.0
10.0,7.67198359917996,0.0042019939295693,0.0042019939306653,0.999991171585791,0.999991171585791,49.41349946045793,0.0,49.97129380709925,0.0,45.59500793685741,0.0,45.30139191877454,0.0,0.0,0.0,0.0,0.0,0.0,0.0
10.0,7.67223361168058,0.0042020500570278,0.004202050058122,0.999991171349939,0.999991171349939,49.41349943849282,0.0,49.97129334274799,0.0,45.59500793121467,0.0,45.30139181984498,0.0,0.0,0.0,0.0,0.0,0.0,0.0
10.0,7.67248362418121,0.0042021061854772,0.0042021061865696,0.999991171114079,0.999991171114079,49.41349941652725,0.0,49.971292878382826,0.0,45.59500792557175,0.0,45.30139172091232,0.0,0.0,0.0,0.0,0.0,0.0,0.0
10.0,7.672733636681831,0.0042021623149174,0.0042021623160079,0.999991170878212,0.999991170878212,49.413499394561214,0.0,49.97129241400374,0.0,45.59500791992864,0.0,45.30139162197653,0.0,0.0,0.0,0.0,0.0,0.0,0.0
10.0,7.67298364918246,0.0042022184453483,0.0042022184464369,0.999991170642338,0.999991170642338,49.413499372594735,0.0,49.97129194961075,0.0,45.59500791428533,0.0,45.30139152303762,0.0,0.0,0.0,0.0,0.0,0.0,0.0
10.0,7.67323366168308,0.0042022745767699,0.0042022745778566,0.9999911704064568,0.9999911704064568,49.41349935062779,0.0,49.97129148520386,0.0,45.59500790864185,0.0,45.30139142409561,0.0,0.0,0.0,0.0,0.0,0.0,0.0
10.0,7.67348367418371,0.0042023307091821,0.004202330710267,0.999991170170568,0.999991170170568,49.41349932866039,0.0,49.97129102078305,0.0,45.59500790299818,0.0,45.30139132515048,0.0,0.0,0.0,0.0,0.0,0.0,0.0
10.0,7.67373368668433,0.0042023868425848,0.0042023868436679,0.999991169934672,0.999991169934672,49.41349930669252,0.0,49.971290556348336,0.0,45.59500789735432,0.0,45.30139122620224,0.0,0.0,0.0,0.0,0.0,0.0,0.0
10.0,7.67398369918496,0.0042024429769781,0.0042024429780593,0.999991169698769,0.999991169698769,49.4134992847242,0.0,49.97129009189972,0.0,45.595007891710274,0.0,45.30139112725088,0.0,0.0,0.0,0.0,0.0,0.0,0.0
10.0,7.67423371168558,0.0042024991123619,0.0042024991134413,0.999991169462858,0.999991169462858,49.413499262755415,0.0,49.97128962743717,0.0,45.59500788606604,0.0,45.30139102829639,0.0,0.0,0.0,0.0,0.0,0.0,0.0
10.0,7.67448372418621,0.0042025552487361,0.0042025552498136,0.99999116922694,0.99999116922694,49.41349924078617,0.0,49.97128916296074,0.0,45.59500788042162,0.0,45.301390929338815,0.0,0.0,0.0,0.0,0.0,0.0,0.0
10.0,7.67473373668683,0.0042026113861007,0.0042026113871763,0.999991168991015,0.999991168991015,49.41349921881648,0.0,49.97128869847038,0.0,45.59500787477702,0.0,45.3013908303781,0.0,0.0,0.0,0.0,0.0,0.0,0.0
10.0,7.67498374918746,0.0042026675244557,0.0042026675255294,0.999991168755082,0.999991168755082,49.41349919684633,0.0,49.97128823396611,0.0,45.59500786913223,0.0,45.30139073141429,0.0,0.0,0.0,0.0,0.0,0.0,0.0
10.0,7.67523376168808,0.0042027236638009,0.0042027236648728,0.9999911685191422,0.9999911685191422,49.41349917487571,0.0,49.97128776944794,0.0,45.59500786348725,0.0,45.301390632447344,0.0,0.0,0.0,0.0,0.0,0.0,0.0
10.0,7.67548377418871,0.0042027798041363,0.0042027798052063,0.999991168283195,0.999991168283195,49.41349915290465,0.0,49.97128730491586,0.0,45.59500785784208,0.0,45.3013905334773,0.0,0.0,0.0,0.0,0.0,0.0,0.0
10.0,7.67573378668933,0.004202835945462,0.0042028359465301,0.99999116804724,0.99999116804724,49.41349913093313,0.0,49.97128684036986,0.0,45.59500785219674,0.0,45.301390434504135,0.0,0.0,0.0,0.0,0.0,0.0,0.0
10.0,7.675983799189959,0.0042028920877778,0.004202892088844,0.999991167811278,0.999991167811278,49.41349910896115,0.0,49.97128637580997,0.0,45.595007846551184,0.0,45.301390335527856,0.0,0.0,0.0,0.0,0.0,0.0,0.0
10.0,7.67623381169058,0.0042029482310837,0.004202948232148,0.999991167575309,0.999991167575309,49.41349908698872,0.0,49.97128591123617,0.0,45.59500784090546,0.0,45.301390236548464,0.0,0.0,0.0,0.0,0.0,0.0,0.0
10.0,7.67648382419121,0.0042030043753796,0.0042030043764421,0.999991167339333,0.999991167339333,49.41349906501582,0.0,49.97128544664846,0.0,45.59500783525955,0.0,45.30139013756595,0.0,0.0,0.0,0.0,0.0,0.0,0.0
10.0,7.67673383669183,0.0042030605206655,0.0042030605217262,0.999991167103349,0.999991167103349,49.41349904304248,0.0,49.97128498204683,0.0,45.59500782961345,0.0,45.30139003858032,0.0,0.0,0.0,0.0,0.0,0.0,0.0
10.0,7.67698384919246,0.0042031166669414,0.0042031166680002,0.999991166867358,0.999991166867358,49.413499021068674,0.0,49.9712845174313,0.0,45.595007823967165,0.0,45.30138993959159,0.0,0.0,0.0,0.0,0.0,0.0,0.0
10.0,7.67723386169309,0.0042031728142072,0.004203172815264,0.999991166631359,0.999991166631359,49.413498999094415,0.0,49.97128405280186,0.0,45.59500781832069,0.0,45.30138984059974,0.0,0.0,0.0,0.0,0.0,0.0,0.0
10.0,7.67748387419371,0.0042032289624628,0.0042032289635178,0.999991166395354,0.999991166395354,49.4134989771197,0.0,49.971283588158514,0.0,45.59500781267403,0.0,45.301389741604766,0.0,0.0,0.0,0.0,0.0,0.0,0.0
10.0,7.67773388669433,0.0042032851117083,0.0042032851127613,0.999991166159341,0.99999116615934,49.41349895514453,0.0,49.97128312350126,0.0,45.59500780702718,0.0,45.30138964260668,0.0,0.0,0.0,0.0,0.0,0.0,0.0
10.0,7.67798389919496,0.0042033412619435,0.0042033412629947,0.99999116592332,0.99999116592332,49.41349893316891,0.0,49.9712826588301,0.0,45.59500780138014,0.0,45.30138954360549,0.0,0.0,0.0,0.0,0.0,0.0,0.0
10.0,7.678233911695579,0.0042033974131684,0.0042033974142177,0.999991165687293,0.999991165687292,49.41349891119283,0.0,49.97128219414503,0.0,45.595007795732926,0.0,45.30138944460117,0.0,0.0,0.0,0.0,0.0,0.0,0.0
10.0,7.67848392419621,0.0042034535653829,0.0042034535664303,0.999991165451258,0.9999911654512568,49.41349888921631,0.0,49.97128172944606,0.0,45.595007790085525,0.0,45.30138934559374,0.0,0.0,0.0,0.0,0.0,0.0,0.0
10.0,7.67873393669683,0.0042035097185871,0.0042035097196326,0.999991165215215,0.999991165215215,49.41349886723932,0.0,49.97128126473317,0.0,45.59500778443793,0.0,45.3013892465832,0.0,0.0,0.0,0.0,0.0,0.0,0.0
10.0,7.67898394919746,0.0042035658727808,0.0042035658738245,0.9999911649791658,0.9999911649791648,49.41349884526189,0.0,49.971280800006376,0.0,45.59500777879014,0.0,45.30138914756954,0.0,0.0,0.0,0.0,0.0,0.0,0.0
10.0,7.67923396169808,0.0042036220279641,0.0042036220290058,0.999991164743109,0.999991164743108,49.413498823284,0.0,49.97128033526568,0.0,45.59500777314218,0.0,45.30138904855277,0.0,0.0,0.0,0.0,0.0,0.0,0.0
10.0,7.67948397419871,0.0042036781841368,0.0042036781851766,0.999991164507044,0.999991164507044,49.41349880130566,0.0,49.97127987051108,0.0,45.595007767494025,0.0,45.30138894953288,0.0,0.0,0.0,0.0,0.0,0.0,0.0
10.0,7.67973398669934,0.004203734341299,0.0042037343423369,0.999991164270973,0.999991164270972,49.41349877932687,0.0,49.97127940574257,0.0,45.59500776184568,0.0,45.30138885050988,0.0,0.0,0.0,0.0,0.0,0.0,0.0
10.0,7.67998399919996,0.0042037904994505,0.0042037905004865,0.999991164034894,0.999991164034894,49.41349875734761,0.0,49.97127894096016,0.0,45.59500775619716,0.0,45.30138875148376,0.0,0.0,0.0,0.0,0.0,0.0,0.0
10.0,7.68023401170058,0.0042038466585913,0.0042038466596254,0.999991163798807,0.999991163798807,49.41349873536792,0.0,49.97127847616383,0.0,45.59500775054844,0.0,45.30138865245453,0.0,0.0,0.0,0.0,0.0,0.0,0.0
10.0,7.68048402420121,0.0042039028187214,0.0042039028197536,0.999991163562714,0.999991163562714,49.413498713387774,0.0,49.97127801135359,0.0,45.59500774489953,0.0,45.301388553422186,0.0,0.0,0.0,0.0,0.0,0.0,0.0
10.0,7.68073403670183,0.0042039589798407,0.004203958980871,0.9999911633266132,0.9999911633266132,49.41349869140716,0.0,49.97127754652945,0.0,45.59500773925044,0.0,45.301388454386725,0.0,0.0,0.0,0.0,0.0,0.0,0.0
10.0,7.68098404920246,0.0042040151419493,0.0042040151429776,0.999991163090505,0.999991163090505,49.4134986694261,0.0,49.97127708169141,0.0,45.59500773360117,0.0,45.30138835534815,0.0,0.0,0.0,0.0,0.0,0.0,0.0
10.0,7.68123406170309,0.0042040713050469,0.0042040713060734,0.999991162854389,0.999991162854389,49.41349864744461,0.0,49.971276616839454,0.0,45.59500772795171,0.0,45.30138825630646,0.0,0.0,0.0,0.0,0.0,0.0,0.0
10.0,7.68148407420371,0.0042041274691336,0.0042041274701582,0.999991162618266,0.999991162618266,49.41349862546265,0.0,49.971276151973605,0.0,45.595007722302064,0.0,45.30138815726165,0.0,0.0,0.0,0.0,0.0,0.0,0.0
10.0,7.68173408670433,0.0042041836342094,0.004204183635232,0.9999911623821368,0.999991162382136,49.41349860348025,0.0,49.97127568709384,0.0,45.59500771665222,0.0,45.30138805821373,0.0,0.0,0.0,0.0,0.0,0.0,0.0
10.0,7.68198409920496,0.0042042398002741,0.0042042398012948,0.999991162145999,0.999991162145999,49.41349858149739,0.0,49.97127522220018,0.0,45.5950077110022,0.0,45.301387959162696,0.0,0.0,0.0,0.0,0.0,0.0,0.0
10.0,7.68223411170559,0.0042042959673278,0.0042042959683466,0.999991161909854,0.999991161909854,49.41349855951408,0.0,49.9712747572926,0.0,45.59500770535199,0.0,45.30138786010855,0.0,0.0,0.0,0.0,0.0,0.0,0.0
10.0,7.68248412420621,0.0042043521353704,0.0042043521363872,0.999991161673702,0.999991161673702,49.41349853753032,0.0,49.97127429237111,0.0,45.5950076997016,0.0,45.30138776105129,0.0,0.0,0.0,0.0,0.0,0.0,0.0
10.0,7.68273413670684,0.0042044083044018,0.0042044083054167,0.999991161437543,0.999991161437543,49.41349851554613,0.0,49.97127382743573,0.0,45.59500769405102,0.0,45.30138766199091,0.0,0.0,0.0,0.0,0.0,0.0,0.0
10.0,7.68298414920746,0.004204464474422,0.004204464475435,0.999991161201376,0.999991161201376,49.41349849356147,0.0,49.97127336248644,0.0,45.59500768840024,0.0,45.30138756292742,0.0,0.0,0.0,0.0,0.0,0.0,0.0
10.0,7.68323416170808,0.0042045206454309,0.004204520646442,0.999991160965202,0.999991160965202,49.41349847157637,0.0,49.97127289752324,0.0,45.59500768274929,0.0,45.301387463860806,0.0,0.0,0.0,0.0,0.0,0.0,0.0
10.0,7.68348417420871,0.0042045768174286,0.0042045768184377,0.999991160729021,0.999991160729021,49.41349844959081,0.0,49.97127243254615,0.0,45.59500767709815,0.0,45.30138736479108,0.0,0.0,0.0,0.0,0.0,0.0,0.0
10.0,7.68373418670934,0.0042046329904149,0.0042046329914221,0.999991160492832,0.999991160492832,49.41349842760482,0.0,49.97127196755515,0.0,45.59500767144682,0.0,45.301387265718255,0.0,0.0,0.0,0.0,0.0,0.0,0.0
10.0,7.68398419920996,0.0042046891643897,0.004204689165395,0.999991160256636,0.999991160256636,49.41349840561837,0.0,49.97127150255023,0.0,45.5950076657953,0.0,45.3013871666423,0.0,0.0,0.0,0.0,0.0,0.0,0.0
10.0,7.68423421171059,0.0042047453393532,0.0042047453403565,0.999991160020433,0.999991160020433,49.41349838363148,0.0,49.97127103753141,0.0,45.5950076601436,0.0,45.30138706756324,0.0,0.0,0.0,0.0,0.0,0.0,0.0
10.0,7.68448422421121,0.0042048015153051,0.0042048015163065,0.999991159784222,0.999991159784222,49.41349836164412,0.0,49.971270572498696,0.0,45.5950076544917,0.0,45.30138696848105,0.0,0.0,0.0,0.0,0.0,0.0,0.0
10.0,7.68473423671184,0.0042048576922455,0.004204857693245,0.999991159548005,0.999991159548004,49.41349833965633,0.0,49.97127010745207,0.0,45.59500764883963,0.0,45.30138686939576,0.0,0.0,0.0,0.0,0.0,0.0,0.0
10.0,7.68498424921246,0.0042049138701743,0.0042049138711718,0.999991159311779,0.999991159311779,49.4134983176681,0.0,49.97126964239153,0.0,45.595007643187365,0.0,45.30138677030735,0.0,0.0,0.0,0.0,0.0,0.0,0.0
10.0,7.68523426171309,0.0042049700490915,0.0042049700500871,0.9999911590755473,0.9999911590755473,49.41349829567941,0.0,49.97126917731711,0.0,45.59500763753491,0.0,45.30138667121583,0.0,0.0,0.0,0.0,0.0,0.0,0.0
10.0,7.68548427421371,0.004205026228997,0.0042050262299906,0.9999911588393068,0.9999911588393068,49.41349827369028,0.0,49.97126871222877,0.0,45.59500763188228,0.0,45.3013865721212,0.0,0.0,0.0,0.0,0.0,0.0,0.0
10.0,7.68573428671434,0.0042050824098907,0.0042050824108824,0.99999115860306,0.99999115860306,49.4134982517007,0.0,49.97126824712653,0.0,45.59500762622946,0.0,45.30138647302344,0.0,0.0,0.0,0.0,0.0,0.0,0.0
10.0,7.68598429921496,0.0042051385917726,0.0042051385927624,0.9999911583668049,0.9999911583668049,49.41349822971068,0.0,49.97126778201039,0.0,45.595007620576446,0.0,45.301386373922576,0.0,0.0,0.0,0.0,0.0,0.0,0.0
10.0,7.686234311715591,0.0042051947746428,0.0042051947756305,0.999991158130544,0.999991158130544,49.4134982077202,0.0,49.971267316880336,0.0,45.59500761492325,0.0,45.3013862748186,0.0,0.0,0.0,0.0,0.0,0.0,0.0
10.0,7.68648432421621,0.004205250958501,0.0042052509594868,0.999991157894274,0.999991157894274,49.41349818572929,0.0,49.97126685173638,0.0,45.59500760926986,0.0,45.3013861757115,0.0,0.0,0.0,0.0,0.0,0.0,0.0
10.0,7.68673433671684,0.0042053071433473,0.0042053071443311,0.999991157657998,0.999991157657998,49.41349816373793,0.0,49.97126638657852,0.0,45.595007603616295,0.0,45.30138607660129,0.0,0.0,0.0,0.0,0.0,0.0,0.0
10.0,7.68698434921746,0.0042053633291816,0.0042053633301635,0.999991157421714,0.999991157421714,49.41349814174612,0.0,49.97126592140677,0.0,45.59500759796254,0.0,45.30138597748796,0.0,0.0,0.0,0.0,0.0,0.0,0.0
10.0,7.68723436171808,0.0042054195160039,0.0042054195169838,0.999991157185423,0.999991157185423,49.41349811975386,0.0,49.9712654562211,0.0,45.59500759230858,0.0,45.301385878371526,0.0,0.0,0.0,0.0,0.0,0.0,0.0
10.0,7.68748437421871,0.0042054757038141,0.0042054757047921,0.999991156949125,0.999991156949125,49.41349809776116,0.0,49.97126499102153,0.0,45.59500758665445,0.0,45.301385779251966,0.0,0.0,0.0,0.0,0.0,0.0,0.0
10.0,7.68773438671934,0.0042055318926122,0.0042055318935882,0.999991156712819,0.999991156712819,49.413498075768025,0.0,49.97126452580806,0.0,45.59500758100013,0.0,45.3013856801293,0.0,0.0,0.0,0.0,0.0,0.0,0.0
10.0,7.68798439921996,0.0042055880823982,0.0042055880833722,0.999991156476506,0.999991156476506,49.41349805377445,0.0,49.97126406058069,0.0,45.59500757534563,0.0,45.30138558100352,0.0,0.0,0.0,0.0,0.0,0.0,0.0
10.0,7.68823441172059,0.0042056442731719,0.0042056442741439,0.999991156240186,0.999991156240186,49.41349803178042,0.0,49.97126359533941,0.0,45.59500756969094,0.0,45.30138548187463,0.0,0.0,0.0,0.0,0.0,0.0,0.0
10.0,7.688484424221211,0.0042057004649333,0.0042057004659034,0.9999911560038592,0.999991156003858,49.41349800978595,0.0,49.97126313008424,0.0,45.59500756403606,0.0,45.30138538274261,0.0,0.0,0.0,0.0,0.0,0.0,0.0
10.0,7.68873443672184,0.0042057566576824,0.0042057566586505,0.999991155767524,0.9999911557675232,49.41349798779103,0.0,49.97126266481516,0.0,45.595007558381,0.0,45.301385283607495,0.0,0.0,0.0,0.0,0.0,0.0,0.0
10.0,7.68898444922246,0.0042058128514192,0.0042058128523853,0.999991155531181,0.999991155531181,49.41349796579567,0.0,49.97126219953218,0.0,45.59500755272574,0.0,45.30138518446925,0.0,0.0,0.0,0.0,0.0,0.0,0.0
10.0,7.68923446172309,0.0042058690461435,0.0042058690471077,0.999991155294832,0.999991155294832,49.41349794379986,0.0,49.97126173423528,0.0,45.59500754707031,0.0,45.30138508532789,0.0,0.0,0.0,0.0,0.0,0.0,0.0
10.0,7.68948447422371,0.0042059252418554,0.0042059252428176,0.999991155058475,0.999991155058475,49.413497921803625,0.0,49.97126126892449,0.0,45.59500754141468,0.0,45.30138498618343,0.0,0.0,0.0,0.0,0.0,0.0,0.0
10.0,7.68973448672434,0.0042059814385548,0.004205981439515,0.9999911548221108,0.9999911548221108,49.41349789980693,0.0,49.971260803599804,0.0,45.59500753575886,0.0,45.30138488703585,0.0,0.0,0.0,0.0,0.0,0.0,0.0
10.0,7.68998449922496,0.0042060376362416,0.0042060376371998,0.999991154585739,0.999991154585739,49.41349787780981,0.0,49.97126033826121,0.0,45.59500753010287,0.0,45.30138478788516,0.0,0.0,0.0,0.0,0.0,0.0,0.0
10.0,7.69023451172559,0.0042060938349158,0.0042060938358721,0.99999115434936,0.99999115434936,49.41349785581224,0.0,49.97125987290872,0.0,45.595007524446686,0.0,45.30138468873135,0.0,0.0,0.0,0.0,0.0,0.0,0.0
10.0,7.69048452422621,0.0042061500345774,0.0042061500355316,0.999991154112974,0.999991154112974,49.41349783381423,0.0,49.97125940754231,0.0,45.59500751879031,0.0,45.30138458957442,0.0,0.0,0.0,0.0,0.0,0.0,0.0
10.0,7.69073453672684,0.0042062062352263,0.0042062062361785,0.999991153876581,0.999991153876581,49.41349781181577,0.0,49.97125894216202,0.0,45.59500751313375,0.0,45.30138449041437,0.0,0.0,0.0,0.0,0.0,0.0,0.0
10.0,7.69098454922746,0.0042062624368624,0.0042062624378126,0.99999115364018,0.99999115364018,49.41349778981688,0.0,49.971258476767815,0.0,45.595007507477,0.0,45.30138439125122,0.0,0.0,0.0,0.0,0.0,0.0,0.0
10.0,7.69123456172809,0.0042063186394857,0.0042063186404339,0.999991153403772,0.999991153403772,49.413497767817546,0.0,49.97125801135972,0.0,45.59500750182007,0.0,45.30138429208496,0.0,0.0,0.0,0.0,0.0,0.0,0.0
10.0,7.69148457422871,0.0042063748430962,0.0042063748440424,0.999991153167357,0.999991153167357,49.41349774581777,0.0,49.97125754593771,0.0,45.59500749616295,0.0,45.30138419291558,0.0,0.0,0.0,0.0,0.0,0.0,0.0
10.0,7.691734586729339,0.0042064310476937,0.004206431048638,0.999991152930934,0.999991152930934,49.41349772381756,0.0,49.97125708050181,0.0,45.59500749050565,0.0,45.30138409374308,0.0,0.0,0.0,0.0,0.0,0.0,0.0
10.0,7.69198459922996,0.0042064872532784,0.0042064872542206,0.999991152694504,0.999991152694504,49.4134977018169,0.0,49.971256615052,0.0,45.59500748484815,0.0,45.301383994567466,0.0,0.0,0.0,0.0,0.0,0.0,0.0
10.0,7.69223461173059,0.00420654345985,0.0042065434607903,0.9999911524580668,0.9999911524580668,49.4134976798158,0.0,49.971256149588285,0.0,45.59500747919047,0.0,45.301383895388746,0.0,0.0,0.0,0.0,0.0,0.0,0.0
10.0,7.69248462423121,0.0042065996674086,0.0042065996683469,0.999991152221622,0.999991152221622,49.41349765781427,0.0,49.97125568411068,0.0,45.59500747353261,0.0,45.301383796206906,0.0,0.0,0.0,0.0,0.0,0.0,0.0
10.0,7.69273463673184,0.0042066558759541,0.0042066558768904,0.99999115198517,0.99999115198517,49.4134976358123,0.0,49.97125521861916,0.0,45.59500746787455,0.0,45.301383697021954,0.0,0.0,0.0,0.0,0.0,0.0,0.0
10.0,7.69298464923246,0.0042067120854865,0.0042067120864208,0.9999911517487108,0.9999911517487108,49.41349761380989,0.0,49.97125475311376,0.0,45.5950074622163,0.0,45.30138359783389,0.0,0.0,0.0,0.0,0.0,0.0,0.0
10.0,7.69323466173309,0.0042067682960057,0.004206768296938,0.999991151512245,0.999991151512244,49.41349759180703,0.0,49.97125428759445,0.0,45.59500745655787,0.0,45.30138349864271,0.0,0.0,0.0,0.0,0.0,0.0,0.0
10.0,7.69348467423371,0.0042068245075117,0.0042068245084419,0.9999911512757712,0.9999911512757712,49.41349756980375,0.0,49.97125382206124,0.0,45.59500745089926,0.0,45.30138339944841,0.0,0.0,0.0,0.0,0.0,0.0,0.0
10.0,7.69373468673434,0.0042068807200044,0.0042068807209326,0.99999115103929,0.999991151039289,49.41349754780002,0.0,49.971253356514126,0.0,45.59500744524046,0.0,45.30138330025101,0.0,0.0,0.0,0.0,0.0,0.0,0.0
10.0,7.693984699234961,0.0042069369334837,0.0042069369344099,0.9999911508028012,0.9999911508028012,49.41349752579585,0.0,49.9712528909531,0.0,45.59500743958147,0.0,45.30138320105048,0.0,0.0,0.0,0.0,0.0,0.0,0.0
10.0,7.69423471173559,0.0042069931479497,0.0042069931488739,0.999991150566305,0.999991150566305,49.41349750379124,0.0,49.97125242537821,0.0,45.59500743392231,0.0,45.301383101846845,0.0,0.0,0.0,0.0,0.0,0.0,0.0
10.0,7.69448472423621,0.0042070493634023,0.0042070493643245,0.999991150329802,0.999991150329802,49.41349748178621,0.0,49.971251959789385,0.0,45.59500742826293,0.0,45.30138300264009,0.0,0.0,0.0,0.0,0.0,0.0,0.0
10.0,7.69473473673684,0.0042071055798414,0.0042071055807615,0.999991150093292,0.999991150093292,49.41349745978073,0.0,49.971251494186674,0.0,45.59500742260339,0.0,45.30138290343022,0.0,0.0,0.0,0.0,0.0,0.0,0.0
10.0,7.69498474923746,0.004207161797267,0.0042071617981851,0.999991149856774,0.999991149856774,49.41349743777481,0.0,49.97125102857006,0.0,45.59500741694365,0.0,45.30138280421724,0.0,0.0,0.0,0.0,0.0,0.0,0.0
10.0,7.69523476173809,0.004207218015679,0.0042072180165951,0.999991149620249,0.999991149620249,49.41349741576846,0.0,49.971250562939545,0.0,45.59500741128373,0.0,45.301382705001146,0.0,0.0,0.0,0.0,0.0,0.0,0.0
10.0,7.69548477423871,0.0042072742350774,0.0042072742359914,0.999991149383717,0.999991149383717,49.41349739376167,0.0,49.97125009729514,0.0,45.59500740562362,0.0,45.301382605781946,0.0,0.0,0.0,0.0,0.0,0.0,0.0
10.0,7.69573478673934,0.0042073304554621,0.0042073304563741,0.999991149147177,0.999991149147177,49.41349737175445,0.0,49.97124963163683,0.0,45.59500739996333,0.0,45.30138250655963,0.0,0.0,0.0,0.0,0.0,0.0,0.0
10.0,7.69598479923996,0.0042073866768331,0.0042073866777431,0.99999114891063,0.99999114891063,49.413497349746784,0.0,49.971249165964615,0.0,45.59500739430285,0.0,45.30138240733419,0.0,0.0,0.0,0.0,0.0,0.0,0.0
10.0,7.69623481174059,0.0042074428991903,0.0042074429000983,0.999991148674076,0.999991148674076,49.41349732773869,0.0,49.9712487002785,0.0,45.59500738864218,0.0,45.30138230810565,0.0,0.0,0.0,0.0,0.0,0.0,0.0
10.0,7.69648482424121,0.0042074991225338,0.0042074991234397,0.999991148437514,0.999991148437514,49.41349730573016,0.0,49.97124823457849,0.0,45.59500738298132,0.0,45.30138220887397,0.0,0.0,0.0,0.0,0.0,0.0,0.0
10.0,7.69673483674184,0.0042075553468634,0.0042075553477673,0.999991148200945,0.999991148200945,49.41349728372119,0.0,49.971247768864586,0.0,45.59500737732027,0.0,45.3013821096392,0.0,0.0,0.0,0.0,0.0,0.0,0.0
10.0,7.69698484924246,0.0042076115721791,0.0042076115730809,0.999991147964369,0.999991147964369,49.41349726171179,0.0,49.97124730313678,0.0,45.59500737165904,0.0,45.301382010401305,0.0,0.0,0.0,0.0,0.0,0.0,0.0
10.0,7.697234861743089,0.0042076677984808,0.0042076677993806,0.9999911477277852,0.9999911477277852,49.41349723970196,0.0,49.97124683739507,0.0,45.59500736599763,0.0,45.3013819111603,0.0,0.0,0.0,0.0,0.0,0.0,0.0
10.0,7.69748487424371,0.0042077240257685,0.0042077240266663,0.999991147491194,0.999991147491194,49.413497217691685,0.0,49.97124637163946,0.0,45.59500736033603,0.0,45.30138181191618,0.0,0.0,0.0,0.0,0.0,0.0,0.0
10.0,7.69773488674434,0.0042077802540422,0.004207780254938,0.999991147254596,0.999991147254596,49.413497195680975,0.0,49.97124590586996,0.0,45.59500735467423,0.0,45.30138171266895,0.0,0.0,0.0,0.0,0.0,0.0,0.0
10.0,7.69798489924496,0.0042078364833018,0.0042078364841955,0.999991147017991,0.999991147017991,49.41349717366984,0.0,49.97124544008656,0.0,45.59500734901226,0.0,45.3013816134186,0.0,0.0,0.0,0.0,0.0,0.0,0.0
10.0,7.69823491174559,0.0042078927135472,0.0042078927144389,0.999991146781378,0.999991146781378,49.41349715165827,0.0,49.97124497428926,0.0,45.5950073433501,0.0,45.30138151416514,0.0,0.0,0.0,0.0,0.0,0.0,0.0
10.0,7.69848492424621,0.0042079489447785,0.0042079489456681,0.999991146544758,0.999991146544758,49.413497129646274,0.0,49.97124450847807,0.0,45.59500733768775,0.0,45.30138141490856,0.0,0.0,0.0,0.0,0.0,0.0,0.0
10.0,7.69873493674684,0.0042080051769955,0.004208005177883,0.999991146308131,0.99999114630813,49.41349710763383,0.0,49.97124404265297,0.0,45.595007332025205,0.0,45.30138131564888,0.0,0.0,0.0,0.0,0.0,0.0,0.0
10.0,7.69898494924746,0.0042080614101982,0.0042080614110837,0.999991146071496,0.999991146071496,49.41349708562095,0.0,49.97124357681397,0.0,45.59500732636248,0.0,45.30138121638608,0.0,0.0,0.0,0.0,0.0,0.0,0.0
10.0,7.69923496174809,0.0042081176443866,0.00420811764527,0.999991145834854,0.999991145834854,49.41349706360766,0.0,49.97124311096108,0.0,45.59500732069957,0.0,45.30138111712016,0.0,0.0,0.0,0.0,0.0,0.0,0.0
10.0,7.699484974248709,0.0042081738795606,0.004208173880442,0.999991145598204,0.999991145598204,49.41349704159392,0.0,49.971242645094286,0.0,45.59500731503648,0.0,45.30138101785113,0.0,0.0,0.0,0.0,0.0,0.0,0.0
10.0,7.69973498674934,0.0042082301157201,0.0042082301165995,0.999991145361548,0.999991145361548,49.41349701957976,0.0,49.9712421792136,0.0,45.5950073093732,0.0,45.301380918578985,0.0,0.0,0.0,0.0,0.0,0.0,0.0
10.0,7.69998499924996,0.0042082863528652,0.0042082863537425,0.999991145124884,0.999991145124884,49.41349699756516,0.0,49.97124171331901,0.0,45.595007303709714,0.0,45.30138081930373,0.0,0.0,0.0,0.0,0.0,0.0,0.0
10.0,7.70023501175059,0.0042083425909958,0.004208342591871,0.999991144888212,0.999991144888212,49.413496975550125,0.0,49.971241247410525,0.0,45.595007298046056,0.0,45.30138072002535,0.0,0.0,0.0,0.0,0.0,0.0,0.0
10.0,7.70048502425121,0.0042083988301117,0.0042083988309849,0.999991144651534,0.999991144651534,49.41349695353466,0.0,49.97124078148814,0.0,45.59500729238222,0.0,45.30138062074386,0.0,0.0,0.0,0.0,0.0,0.0,0.0
10.0,7.70073503675184,0.0042084550702131,0.0042084550710841,0.999991144414848,0.999991144414848,49.41349693151878,0.0,49.97124031555187,0.0,45.59500728671818,0.0,45.30138052145927,0.0,0.0,0.0,0.0,0.0,0.0,0.0
10.0,7.70098504925246,0.0042085113112998,0.0042085113121687,0.999991144178155,0.999991144178155,49.413496909502456,0.0,49.97123984960169,0.0,45.59500728105396,0.0,45.30138042217156,0.0,0.0,0.0,0.0,0.0,0.0,0.0
10.0,7.70123506175309,0.0042085675533717,0.0042085675542386,0.999991143941454,0.999991143941454,49.4134968874857,0.0,49.97123938363762,0.0,45.59500727538956,0.0,45.30138032288073,0.0,0.0,0.0,0.0,0.0,0.0,0.0
10.0,7.70148507425371,0.0042086237964289,0.0042086237972937,0.999991143704746,0.999991143704746,49.41349686546852,0.0,49.97123891765965,0.0,45.59500726972497,0.0,45.30138022358679,0.0,0.0,0.0,0.0,0.0,0.0,0.0
10.0,7.70173508675434,0.0042086800404712,0.004208680041334,0.999991143468031,0.999991143468031,49.4134968434509,0.0,49.97123845166778,0.0,45.59500726406019,0.0,45.30138012428973,0.0,0.0,0.0,0.0,0.0,0.0,0.0
10.0,7.70198509925496,0.0042087362854987,0.0042087362863594,0.999991143231309,0.999991143231309,49.41349682143286,0.0,49.97123798566202,0.0,45.59500725839522,0.0,45.30138002498957,0.0,0.0,0.0,0.0,0.0,0.0,0.0
10.0,7.70223511175559,0.0042087925315113,0.0042087925323699,0.9999911429945793,0.9999911429945793,49.41349679941439,0.0,49.971237519642365,0.0,45.59500725273007,0.0,45.30137992568629,0.0,0.0,0.0,0.0,0.0,0.0,0.0
10.0,7.70248512425621,0.0042088487785089,0.0042088487793654,0.999991142757842,0.999991142757842,49.41349677739548,0.0,49.97123705360881,0.0,45.595007247064736,0.0,45.301379826379886,0.0,0.0,0.0,0.0,0.0,0.0,0.0
10.0,7.70273513675684,0.0042089050264915,0.004208905027346,0.999991142521097,0.999991142521097,49.41349675537615,0.0,49.97123658756135,0.0,45.5950072413992,0.0,45.301379727070376,0.0,0.0,0.0,0.0,0.0,0.0,0.0
10.0,7.70298514925746,0.0042089612754591,0.0042089612763114,0.999991142284346,0.999991142284346,49.4134967333564,0.0,49.971236121500006,0.0,45.59500723573349,0.0,45.30137962775776,0.0,0.0,0.0,0.0,0.0,0.0,0.0
10.0,7.70323516175809,0.0042090175254115,0.0042090175262618,0.9999911420475868,0.9999911420475868,49.41349671133621,0.0,49.97123565542476,0.0,45.5950072300676,0.0,45.30137952844201,0.0,0.0,0.0,0.0,0.0,0.0,0.0
10.0,7.70348517425871,0.0042090737763488,0.004209073777197,0.9999911418108202,0.9999911418108202,49.41349668931559,0.0,49.971235189335616,0.0,45.59500722440151,0.0,45.30137942912316,0.0,0.0,0.0,0.0,0.0,0.0,0.0
10.0,7.70373518675934,0.0042091300282709,0.004209130029117,0.999991141574047,0.999991141574047,49.41349666729455,0.0,49.97123472323259,0.0,45.59500721873524,0.0,45.30137932980121,0.0,0.0,0.0,0.0,0.0,0.0,0.0
10.0,7.70398519925996,0.0042091862811777,0.0042091862820217,0.999991141337266,0.999991141337266,49.41349664527308,0.0,49.97123425711565,0.0,45.59500721306877,0.0,45.30137923047613,0.0,0.0,0.0,0.0,0.0,0.0,0.0
10.0,7.70423521176059,0.0042092425350692,0.0042092425359111,0.999991141100478,0.999991141100477,49.413496623251184,0.0,49.971233790984826,0.0,45.595007207402126,0.0,45.30137913114793,0.0,0.0,0.0,0.0,0.0,0.0,0.0
10.0,7.70448522426121,0.0042092987899454,0.0042092987907852,0.999991140863682,0.999991140863682,49.413496601228864,0.0,49.9712333248401,0.0,45.59500720173529,0.0,45.30137903181663,0.0,0.0,0.0,0.0,0.0,0.0,0.0
10.0,7.70473523676184,0.0042093550458062,0.0042093550466439,0.999991140626879,0.999991140626879,49.4134965792061,0.0,49.97123285868148,0.0,45.59500719606827,0.0,45.30137893248221,0.0,0.0,0.0,0.0,0.0,0.0,0.0
10.0,7.704985249262459,0.0042094113026516,0.0042094113034871,0.9999911403900688,0.9999911403900688,49.41349655718293,0.0,49.97123239250897,0.0,45.59500719040106,0.0,45.30137883314468,0.0,0.0,0.0,0.0,0.0,0.0,0.0
10.0,7.70523526176309,0.0042094675604814,0.0042094675613149,0.999991140153251,0.999991140153251,49.41349653515933,0.0,49.97123192632256,0.0,45.59500718473368,0.0,45.30137873380403,0.0,0.0,0.0,0.0,0.0,0.0,0.0
10.0,7.70548527426371,0.0042095238192957,0.0042095238201271,0.999991139916426,0.999991139916426,49.4134965131353,0.0,49.971231460122254,0.0,45.59500717906609,0.0,45.30137863446027,0.0,0.0,0.0,0.0,0.0,0.0,0.0
10.0,7.70573528676434,0.0042095800790945,0.0042095800799237,0.999991139679595,0.999991139679594,49.413496491110834,0.0,49.97123099390806,0.0,45.59500717339833,0.0,45.30137853511339,0.0,0.0,0.0,0.0,0.0,0.0,0.0
10.0,7.70598529926496,0.0042096363398776,0.0042096363407047,0.999991139442755,0.999991139442755,49.41349646908596,0.0,49.97123052767997,0.0,45.59500716773036,0.0,45.30137843576341,0.0,0.0,0.0,0.0,0.0,0.0,0.0
10.0,7.70623531176559,0.004209692601645,0.00420969260247,0.999991139205908,0.999991139205908,49.41349644706065,0.0,49.97123006143798,0.0,45.595007162062224,0.0,45.30137833641032,0.0,0.0,0.0,0.0,0.0,0.0,0.0
10.0,7.70648532426621,0.0042097488643966,0.0042097488652196,0.999991138969054,0.999991138969054,49.413496425034914,0.0,49.971229595182095,0.0,45.59500715639391,0.0,45.301378237054095,0.0,0.0,0.0,0.0,0.0,0.0,0.0
10.0,7.70673533676684,0.0042098051281325,0.0042098051289533,0.999991138732193,0.999991138732193,49.41349640300877,0.0,49.97122912891231,0.0,45.59500715072538,0.0,45.30137813769477,0.0,0.0,0.0,0.0,0.0,0.0,0.0
10.0,7.70698534926746,0.0042098613928526,0.0042098613936713,0.999991138495324,0.999991138495324,49.41349638098219,0.0,49.97122866262864,0.0,45.59500714505668,0.0,45.30137803833233,0.0,0.0,0.0,0.0,0.0,0.0,0.0
10.0,7.70723536176809,0.0042099176585568,0.0042099176593734,0.999991138258448,0.999991138258448,49.413496358955165,0.0,49.97122819633108,0.0,45.59500713938779,0.0,45.30137793896677,0.0,0.0,0.0,0.0,0.0,0.0,0.0
10.0,7.70748537426871,0.0042099739252451,0.0042099739260595,0.999991138021565,0.999991138021565,49.41349633692774,0.0,49.97122773001962,0.0,45.59500713371872,0.0,45.3013778395981,0.0,0.0,0.0,0.0,0.0,0.0,0.0
10.0,7.70773538676934,0.0042100301929174,0.0042100301937297,0.999991137784674,0.999991137784674,49.41349631489989,0.0,49.97122726369426,0.0,45.59500712804946,0.0,45.30137774022632,0.0,0.0,0.0,0.0,0.0,0.0,0.0
10.0,7.70798539926996,0.0042100864615736,0.0042100864623838,0.999991137547776,0.999991137547776,49.41349629287161,0.0,49.97122679735501,0.0,45.59500712238,0.0,45.30137764085144,0.0,0.0,0.0,0.0,0.0,0.0,0.0
10.0,7.70823541177059,0.0042101427312138,0.0042101427320219,0.999991137310871,0.999991137310871,49.41349627084292,0.0,49.97122633100187,0.0,45.59500711671037,0.0,45.30137754147342,0.0,0.0,0.0,0.0,0.0,0.0,0.0
10.0,7.70848542427121,0.0042101990018379,0.0042101990026439,0.999991137073958,0.999991137073958,49.4134962488138,0.0,49.97122586463483,0.0,45.59500711104055,0.0,45.3013774420923,0.0,0.0,0.0,0.0,0.0,0.0,0.0
10.0,7.70873543677184,0.0042102552734459,0.0042102552742497,0.999991136837039,0.999991136837038,49.413496226784254,0.0,49.9712253982539,0.0,45.59500710537054,0.0,45.30137734270807,0.0,0.0,0.0,0.0,0.0,0.0,0.0
10.0,7.70898544927246,0.0042103115460376,0.0042103115468393,0.999991136600111,0.999991136600111,49.41349620475429,0.0,49.97122493185908,0.0,45.59500709970034,0.0,45.30137724332072,0.0,0.0,0.0,0.0,0.0,0.0,0.0
10.0,7.70923546177309,0.004210367819613,0.0042103678204126,0.9999911363631772,0.999991136363177,49.4134961827239,0.0,49.97122446545036,0.0,45.59500709402996,0.0,45.30137714393026,0.0,0.0,0.0,0.0,0.0,0.0,0.0
10.0,7.70948547427371,0.0042104240941722,0.0042104240949696,0.9999911361262352,0.999991136126235,49.413496160693086,0.0,49.97122399902776,0.0,45.59500708835939,0.0,45.30137704453668,0.0,0.0,0.0,0.0,0.0,0.0,0.0
10.0,7.709735486774341,0.004210480369715,0.0042104803705102,0.999991135889286,0.999991135889286,49.413496138661856,0.0,49.971223532591246,0.0,45.59500708268863,0.0,45.30137694513999,0.0,0.0,0.0,0.0,0.0,0.0,0.0
10.0,7.70998549927496,0.0042105366462414,0.0042105366470345,0.99999113565233,0.999991135652329,49.4134961166302,0.0,49.97122306614085,0.0,45.59500707701768,0.0,45.30137684574019,0.0,0.0,0.0,0.0,0.0,0.0,0.0
10.0,7.71023551177559,0.0042105929237513,0.0042105929245423,0.999991135415366,0.999991135415366,49.41349609459813,0.0,49.971222599676565,0.0,45.59500707134656,0.0,45.30137674633728,0.0,0.0,0.0,0.0,0.0,0.0,0.0
10.0,7.71048552427621,0.0042106492022448,0.0042106492030336,0.999991135178395,0.999991135178395,49.41349607256564,0.0,49.97122213319839,0.0,45.59500706567524,0.0,45.30137664693125,0.0,0.0,0.0,0.0,0.0,0.0,0.0
10.0,7.71073553677684,0.0042107054817216,0.0042107054825083,0.999991134941416,0.999991134941416,49.41349605053272,0.0,49.97122166670631,0.0,45.59500706000374,0.0,45.301376547522096,0.0,0.0,0.0,0.0,0.0,0.0,0.0
10.0,7.71098554927746,0.0042107617621819,0.0042107617629664,0.999991134704431,0.999991134704431,49.41349602849938,0.0,49.97122120020034,0.0,45.59500705433205,0.0,45.30137644810985,0.0,0.0,0.0,0.0,0.0,0.0,0.0
10.0,7.71123556177809,0.0042108180436256,0.0042108180444079,0.999991134467438,0.999991134467438,49.41349600646563,0.0,49.97122073368048,0.0,45.59500704866017,0.0,45.30137634869448,0.0,0.0,0.0,0.0,0.0,0.0,0.0
10.0,7.71148557427871,0.0042108743260525,0.0042108743268327,0.999991134230438,0.999991134230437,49.41349598443146,0.0,49.971220267146734,0.0,45.59500704298811,0.0,45.301376249276,0.0,0.0,0.0,0.0,0.0,0.0,0.0
10.0,7.71173558677934,0.0042109306094627,0.0042109306102408,0.99999113399343,0.99999113399343,49.41349596239687,0.0,49.97121980059909,0.0,45.59500703731585,0.0,45.3013761498544,0.0,0.0,0.0,0.0,0.0,0.0,0.0
10.0,7.71198559927996,0.0042109868938562,0.0042109868946321,0.999991133756415,0.999991133756415,49.41349594036185,0.0,49.97121933403756,0.0,45.59500703164341,0.0,45.301376050429695,0.0,0.0,0.0,0.0,0.0,0.0,0.0
10.0,7.71223561178059,0.0042110431792328,0.0042110431800065,0.9999911335193928,0.999991133519392,49.41349591832641,0.0,49.97121886746213,0.0,45.59500702597079,0.0,45.30137595100187,0.0,0.0,0.0,0.0,0.0,0.0,0.0
10.0,7.71248562428121,0.0042110994655925,0.004211099466364,0.999991133282363,0.999991133282363,49.41349589629056,0.0,49.97121840087281,0.0,45.59500702029798,0.0,45.30137585157093,0.0,0.0,0.0,0.0,0.0,0.0,0.0
10.0,7.71273563678184,0.0042111557529352,0.0042111557537046,0.999991133045326,0.999991133045326,49.413495874254295,0.0,49.9712179342696,0.0,45.595007014624976,0.0,45.30137575213689,0.0,0.0,0.0,0.0,0.0,0.0,0.0
10.0,7.71298564928246,0.004211212041261,0.0042112120420283,0.999991132808282,0.999991132808282,49.4134958522176,0.0,49.97121746765249,0.0,45.5950070089518,0.0,45.301375652699726,0.0,0.0,0.0,0.0,0.0,0.0,0.0
10.0,7.71323566178309,0.0042112683305698,0.0042112683313349,0.999991132571231,0.999991132571231,49.4134958301805,0.0,49.971217001021486,0.0,45.595007003278425,0.0,45.30137555325945,0.0,0.0,0.0,0.0,0.0,0.0,0.0
10.0,7.71348567428371,0.0042113246208615,0.0042113246216244,0.999991132334172,0.999991132334172,49.413495808142976,0.0,49.9712165343766,0.0,45.595006997604855,0.0,45.301375453816064,0.0,0.0,0.0,0.0,0.0,0.0,0.0
10.0,7.71373568678434,0.004211380912136,0.0042113809128968,0.999991132097106,0.999991132097106,49.41349578610503,0.0,49.97121606771783,0.0,45.59500699193112,0.0,45.30137535436956,0.0,0.0,0.0,0.0,0.0,0.0,0.0
10.0,7.71398569928496,0.0042114372043934,0.004211437205152,0.999991131860033,0.999991131860032,49.41349576406668,0.0,49.97121560104516,0.0,45.59500698625719,0.0,45.30137525491995,0.0,0.0,0.0,0.0,0.0,0.0,0.0
10.0,7.71423571178559,0.0042114934976336,0.00421149349839,0.999991131622952,0.999991131622952,49.41349574202791,0.0,49.9712151343586,0.0,45.59500698058307,0.0,45.30137515546721,0.0,0.0,0.0,0.0,0.0,0.0,0.0
10.0,7.71448572428621,0.0042115497918565,0.0042115497926107,0.999991131385864,0.999991131385864,49.41349571998872,0.0,49.97121466765815,0.0,45.59500697490876,0.0,45.30137505601137,0.0,0.0,0.0,0.0,0.0,0.0,0.0
10.0,7.71473573678684,0.0042116060870621,0.0042116060878141,0.999991131148769,0.999991131148768,49.4134956979491,0.0,49.971214200943805,0.0,45.59500696923426,0.0,45.30137495655242,0.0,0.0,0.0,0.0,0.0,0.0,0.0
10.0,7.71498574928746,0.0042116623832503,0.0042116623840001,0.999991130911666,0.999991130911666,49.41349567590908,0.0,49.97121373421557,0.0,45.595006963559584,0.0,45.30137485709035,0.0,0.0,0.0,0.0,0.0,0.0,0.0
10.0,7.715235761788091,0.0042117186804211,0.0042117186811688,0.999991130674556,0.999991130674556,49.41349565386864,0.0,49.97121326747345,0.0,45.59500695788471,0.0,45.301374757625176,0.0,0.0,0.0,0.0,0.0,0.0,0.0
10.0,7.71548577428871,0.0042117749785745,0.0042117749793199,0.999991130437439,0.999991130437439,49.41349563182779,0.0,49.97121280071744,0.0,45.59500695220967,0.0,45.30137465815688,0.0,0.0,0.0,0.0,0.0,0.0,0.0
10.0,7.71573578678934,0.0042118312777103,0.0042118312784536,0.999991130200314,0.999991130200314,49.41349560978652,0.0,49.971212333947534,0.0,45.595006946534426,0.0,45.30137455868547,0.0,0.0,0.0,0.0,0.0,0.0,0.0
10.0,7.71598579928996,0.0042118875778286,0.0042118875785697,0.999991129963182,0.999991129963182,49.41349558774484,0.0,49.97121186716375,0.0,45.59500694085901,0.0,45.30137445921096,0.0,0.0,0.0,0.0,0.0,0.0,0.0
10.0,7.71623581179059,0.0042119438789293,0.0042119438796682,0.999991129726043,0.999991129726043,49.41349556570274,0.0,49.97121140036606,0.0,45.595006935183385,0.0,45.30137435973332,0.0,0.0,0.0,0.0,0.0,0.0,0.0
10.0,7.71648582429121,0.0042120001810123,0.004212000181749,0.999991129488897,0.999991129488896,49.41349554366023,0.0,49.97121093355448,0.0,45.59500692950758,0.0,45.30137426025257,0.0,0.0,0.0,0.0,0.0,0.0,0.0
10.0,7.71673583679184,0.0042120564840776,0.0042120564848121,0.999991129251743,0.999991129251743,49.4134955216173,0.0,49.97121046672902,0.0,45.5950069238316,0.0,45.30137416076872,0.0,0.0,0.0,0.0,0.0,0.0,0.0
10.0,7.71698584929246,0.0042121127881252,0.0042121127888575,0.999991129014582,0.999991129014581,49.41349549957396,0.0,49.97120999988967,0.0,45.59500691815542,0.0,45.30137406128174,0.0,0.0,0.0,0.0,0.0,0.0,0.0
10.0,7.71723586179309,0.004212169093155,0.0042121690938851,0.999991128777413,0.999991128777413,49.4134954775302,0.0,49.971209533036415,0.0,45.59500691247906,0.0,45.30137396179165,0.0,0.0,0.0,0.0,0.0,0.0,0.0
10.0,7.717485874293711,0.0042122253991669,0.0042122253998948,0.999991128540238,0.999991128540237,49.41349545548604,0.0,49.97120906616929,0.0,45.59500690680252,0.0,45.301373862298455,0.0,0.0,0.0,0.0,0.0,0.0,0.0
10.0,7.71773588679434,0.004212281706161,0.0042122817068867,0.999991128303055,0.999991128303055,49.413495433441454,0.0,49.97120859928827,0.0,45.59500690112578,0.0,45.30137376280214,0.0,0.0,0.0,0.0,0.0,0.0,0.0
10.0,7.71798589929496,0.0042123380141371,0.0042123380148605,0.999991128065864,0.999991128065864,49.41349541139646,0.0,49.97120813239335,0.0,45.59500689544886,0.0,45.301373663302726,0.0,0.0,0.0,0.0,0.0,0.0,0.0
10.0,7.71823591179559,0.0042123943230952,0.0042123943238165,0.999991127828667,0.999991127828667,49.41349538935105,0.0,49.97120766548455,0.0,45.59500688977175,0.0,45.30137356380018,0.0,0.0,0.0,0.0,0.0,0.0,0.0
10.0,7.71848592429621,0.0042124506330353,0.0042124506337543,0.999991127591462,0.999991127591462,49.41349536730523,0.0,49.97120719856186,0.0,45.59500688409445,0.0,45.301373464294535,0.0,0.0,0.0,0.0,0.0,0.0,0.0
10.0,7.71873593679684,0.0042125069439573,0.0042125069446741,0.999991127354249,0.999991127354249,49.413495345259,0.0,49.97120673162528,0.0,45.595006878416974,0.0,45.30137336478577,0.0,0.0,0.0,0.0,0.0,0.0,0.0
10.0,7.71898594929746,0.0042125632558611,0.0042125632565758,0.99999112711703,0.99999112711703,49.413495323212366,0.0,49.97120626467481,0.0,45.595006872739305,0.0,45.301373265273895,0.0,0.0,0.0,0.0,0.0,0.0,0.0
10.0,7.71923596179809,0.0042126195687468,0.0042126195694592,0.999991126879803,0.999991126879803,49.4134953011653,0.0,49.97120579771045,0.0,45.59500686706144,0.0,45.3013731657589,0.0,0.0,0.0,0.0,0.0,0.0,0.0
10.0,7.71948597429871,0.0042126758826143,0.0042126758833245,0.999991126642569,0.999991126642569,49.41349527911784,0.0,49.97120533073221,0.0,45.5950068613834,0.0,45.3013730662408,0.0,0.0,0.0,0.0,0.0,0.0,0.0
10.0,7.71973598679934,0.0042127321974634,0.0042127321981714,0.999991126405327,0.999991126405327,49.41349525706996,0.0,49.97120486374008,0.0,45.59500685570517,0.0,45.30137296671958,0.0,0.0,0.0,0.0,0.0,0.0,0.0
10.0,7.71998599929996,0.0042127885132943,0.004212788514,0.999991126168078,0.999991126168078,49.41349523502168,0.0,49.971204396734045,0.0,45.59500685002676,0.0,45.301372867195255,0.0,0.0,0.0,0.0,0.0,0.0,0.0
10.0,7.72023601180059,0.0042128448301068,0.0042128448308103,0.999991125930822,0.999991125930822,49.41349521297298,0.0,49.971203929714136,0.0,45.59500684434816,0.0,45.30137276766781,0.0,0.0,0.0,0.0,0.0,0.0,0.0
10.0,7.72048602430122,0.0042129011479008,0.0042129011486021,0.999991125693559,0.999991125693559,49.41349519092388,0.0,49.971203462680336,0.0,45.59500683866936,0.0,45.301372668137255,0.0,0.0,0.0,0.0,0.0,0.0,0.0
10.0,7.720736036801839,0.0042129574666764,0.0042129574673755,0.999991125456288,0.999991125456288,49.41349516887435,0.0,49.97120299563265,0.0,45.59500683299039,0.0,45.30137256860359,0.0,0.0,0.0,0.0,0.0,0.0,0.0
10.0,7.72098604930247,0.0042130137864335,0.0042130137871304,0.99999112521901,0.99999112521901,49.41349514682442,0.0,49.97120252857107,0.0,45.59500682731122,0.0,45.30137246906682,0.0,0.0,0.0,0.0,0.0,0.0,0.0
10.0,7.72123606180309,0.004213070107172,0.0042130701078666,0.9999911249817252,0.9999911249817252,49.41349512477409,0.0,49.97120206149561,0.0,45.59500682163187,0.0,45.30137236952692,0.0,0.0,0.0,0.0,0.0,0.0,0.0
10.0,7.72148607430371,0.0042131264288919,0.0042131264295843,0.999991124744432,0.999991124744432,49.41349510272335,0.0,49.97120159440626,0.0,45.59500681595234,0.0,45.30137226998392,0.0,0.0,0.0,0.0,0.0,0.0,0.0
10.0,7.72173608680434,0.0042131827515932,0.0042131827522833,0.999991124507132,0.999991124507132,49.41349508067219,0.0,49.97120112730302,0.0,45.595006810272615,0.0,45.301372170437794,0.0,0.0,0.0,0.0,0.0,0.0,0.0
10.0,7.72198609930497,0.0042132390752757,0.0042132390759636,0.999991124269825,0.999991124269825,49.41349505862063,0.0,49.9712006601859,0.0,45.5950068045927,0.0,45.30137207088857,0.0,0.0,0.0,0.0,0.0,0.0,0.0
10.0,7.72223611180559,0.0042132953999395,0.0042132954006251,0.99999112403251,0.99999112403251,49.413495036568655,0.0,49.97120019305488,0.0,45.5950067989126,0.0,45.30137197133621,0.0,0.0,0.0,0.0,0.0,0.0,0.0
10.0,7.72248612430622,0.0042133517255845,0.0042133517262679,0.999991123795188,0.999991123795188,49.41349501451627,0.0,49.97119972590998,0.0,45.59500679323232,0.0,45.30137187178076,0.0,0.0,0.0,0.0,0.0,0.0,0.0
10.0,7.72273613680684,0.0042134080522106,0.0042134080528918,0.999991123557859,0.999991123557859,49.41349499246349,0.0,49.97119925875119,0.0,45.595006787551846,0.0,45.30137177222219,0.0,0.0,0.0,0.0,0.0,0.0,0.0
10.0,7.72298614930747,0.0042134643798178,0.0042134643804967,0.999991123320523,0.999991123320523,49.41349497041029,0.0,49.97119879157852,0.0,45.59500678187119,0.0,45.30137167266051,0.0,0.0,0.0,0.0,0.0,0.0,0.0
10.0,7.72323616180809,0.0042135207084061,0.0042135207090828,0.999991123083179,0.999991123083179,49.41349494835669,0.0,49.97119832439195,0.0,45.595006776190345,0.0,45.301371573095714,0.0,0.0,0.0,0.0,0.0,0.0,0.0
10.0,7.72348617430871,0.0042135770379754,0.0042135770386498,0.999991122845828,0.999991122845828,49.41349492630269,0.0,49.9711978571915,0.0,45.59500677050932,0.0,45.3013714735278,0.0,0.0,0.0,0.0,0.0,0.0,0.0
10.0,7.72373618680934,0.0042136333685256,0.0042136333691978,0.9999911226084688,0.9999911226084688,49.41349490424828,0.0,49.97119738997717,0.0,45.59500676482809,0.0,45.30137137395678,0.0,0.0,0.0,0.0,0.0,0.0,0.0
10.0,7.72398619930996,0.0042136897000568,0.0042136897007267,0.9999911223711028,0.9999911223711028,49.41349488219345,0.0,49.97119692274894,0.0,45.59500675914669,0.0,45.30137127438265,0.0,0.0,0.0,0.0,0.0,0.0,0.0
10.0,7.72423621181059,0.0042137460325688,0.0042137460332364,0.999991122133731,0.99999112213373,49.413494860138215,0.0,49.97119645550684,0.0,45.59500675346509,0.0,45.3013711748054,0.0,0.0,0.0,0.0,0.0,0.0,0.0
10.0,7.72448622431122,0.0042138023660616,0.004213802366727,0.99999112189635,0.99999112189635,49.41349483808259,0.0,49.97119598825084,0.0,45.59500674778332,0.0,45.30137107522505,0.0,0.0,0.0,0.0,0.0,0.0,0.0
10.0,7.72473623681184,0.0042138587005352,0.0042138587011983,0.999991121658963,0.999991121658962,49.41349481602655,0.0,49.97119552098096,0.0,45.59500674210136,0.0,45.301370975641575,0.0,0.0,0.0,0.0,0.0,0.0,0.0
10.0,7.72498624931247,0.0042139150359895,0.0042139150366503,0.999991121421568,0.999991121421567,49.4134947939701,0.0,49.9711950536972,0.0,45.5950067364192,0.0,45.30137087605499,0.0,0.0,0.0,0.0,0.0,0.0,0.0
10.0,7.72523626181309,0.0042139713724245,0.0042139713730831,0.999991121184165,0.999991121184165,49.41349477191326,0.0,49.971194586399534,0.0,45.595006730736856,0.0,45.30137077646529,0.0,0.0,0.0,0.0,0.0,0.0,0.0
10.0,7.725486274313721,0.0042140277098401,0.0042140277104964,0.999991120946755,0.999991120946755,49.413494749856,0.0,49.971194119088,0.0,45.595006725054326,0.0,45.30137067687248,0.0,0.0,0.0,0.0,0.0,0.0,0.0
10.0,7.72573628681434,0.0042140840482362,0.0042140840488903,0.999991120709339,0.999991120709338,49.41349472779834,0.0,49.971193651762576,0.0,45.59500671937162,0.0,45.30137057727656,0.0,0.0,0.0,0.0,0.0,0.0,0.0
10.0,7.72598629931497,0.0042141403876129,0.0042141403882647,0.9999911204719149,0.999991120471914,49.41349470574028,0.0,49.971193184423264,0.0,45.59500671368872,0.0,45.30137047767752,0.0,0.0,0.0,0.0,0.0,0.0,0.0
10.0,7.72623631181559,0.0042141967279701,0.0042141967286196,0.999991120234483,0.999991120234483,49.413494683681805,0.0,49.97119271707007,0.0,45.595006708005634,0.0,45.301370378075376,0.0,0.0,0.0,0.0,0.0,0.0,0.0
10.0,7.72648632431622,0.0042142530693077,0.0042142530699549,0.999991119997044,0.999991119997044,49.41349466162293,0.0,49.97119224970298,0.0,45.59500670232236,0.0,45.30137027847011,0.0,0.0,0.0,0.0,0.0,0.0,0.0
10.0,7.72673633681684,0.0042143094116257,0.0042143094122706,0.999991119759598,0.999991119759598,49.41349463956365,0.0,49.971191782322,0.0,45.5950066966389,0.0,45.30137017886174,0.0,0.0,0.0,0.0,0.0,0.0,0.0
10.0,7.72698634931747,0.004214365754924,0.0042143657555667,0.999991119522144,0.999991119522144,49.41349461750399,0.0,49.97119131492716,0.0,45.595006690955245,0.0,45.301370079250255,0.0,0.0,0.0,0.0,0.0,0.0,0.0
10.0,7.72723636181809,0.0042144220992026,0.004214422099843,0.999991119284684,0.999991119284684,49.4134945954439,0.0,49.97119084751842,0.0,45.59500668527141,0.0,45.301369979635645,0.0,0.0,0.0,0.0,0.0,0.0,0.0
10.0,7.72748637431872,0.0042144784444614,0.0042144784450995,0.999991119047216,0.999991119047215,49.41349457338342,0.0,49.9711903800958,0.0,45.595006679587385,0.0,45.30136988001794,0.0,0.0,0.0,0.0,0.0,0.0,0.0
10.0,7.72773638681934,0.0042145347907004,0.0042145347913363,0.99999111880974,0.99999111880974,49.413494551322536,0.0,49.97118991265929,0.0,45.59500667390319,0.0,45.30136978039711,0.0,0.0,0.0,0.0,0.0,0.0,0.0
10.0,7.72798639931997,0.0042145911379196,0.0042145911385531,0.999991118572258,0.999991118572257,49.41349452926124,0.0,49.9711894452089,0.0,45.5950066682188,0.0,45.30136968077318,0.0,0.0,0.0,0.0,0.0,0.0,0.0
10.0,7.72823641182059,0.0042146474861189,0.0042146474867501,0.999991118334768,0.999991118334768,49.41349450719955,0.0,49.97118897774463,0.0,45.5950066625342,0.0,45.30136958114613,0.0,0.0,0.0,0.0,0.0,0.0,0.0
10.0,7.72848642432122,0.0042147038352982,0.0042147038359271,0.99999111809727,0.99999111809727,49.41349448513746,0.0,49.97118851026647,0.0,45.59500665684944,0.0,45.30136948151597,0.0,0.0,0.0,0.0,0.0,0.0,0.0
10.0,7.72873643682184,0.0042147601854575,0.0042147601860841,0.999991117859766,0.999991117859766,49.41349446307496,0.0,49.971188042774415,0.0,45.59500665116448,0.0,45.30136938188269,0.0,0.0,0.0,0.0,0.0,0.0,0.0
10.0,7.72898644932247,0.0042148165365967,0.0042148165372211,0.999991117622254,0.999991117622254,49.41349444101207,0.0,49.97118757526848,0.0,45.595006645479344,0.0,45.30136928224631,0.0,0.0,0.0,0.0,0.0,0.0,0.0
10.0,7.72923646182309,0.0042148728887159,0.004214872889338,0.999991117384735,0.999991117384734,49.41349441894878,0.0,49.97118710774867,0.0,45.59500663979401,0.0,45.301369182606805,0.0,0.0,0.0,0.0,0.0,0.0,0.0
10.0,7.72948647432372,0.0042149292418149,0.0042149292424347,0.999991117147208,0.999991117147208,49.413494396885085,0.0,49.97118664021497,0.0,45.59500663410849,0.0,45.30136908296419,0.0,0.0,0.0,0.0,0.0,0.0,0.0
10.0,7.72973648682434,0.0042149855958937,0.0042149855965112,0.999991116909674,0.999991116909674,49.41349437482099,0.0,49.97118617266738,0.0,45.5950066284228,0.0,45.30136898331847,0.0,0.0,0.0,0.0,0.0,0.0,0.0
10.0,7.72998649932497,0.0042150419509523,0.0042150419515675,0.9999911166721328,0.9999911166721328,49.413494352756494,0.0,49.97118570510592,0.0,45.5950066227369,0.0,45.30136888366963,0.0,0.0,0.0,0.0,0.0,0.0,0.0
10.0,7.73023651182559,0.0042150983069906,0.0042150983076035,0.999991116434585,0.999991116434585,49.4134943306916,0.0,49.97118523753056,0.0,45.59500661705083,0.0,45.30136878401769,0.0,0.0,0.0,0.0,0.0,0.0,0.0
10.0,7.73048652432622,0.0042151546640086,0.0042151546646191,0.999991116197029,0.999991116197029,49.4134943086263,0.0,49.97118476994133,0.0,45.59500661136456,0.0,45.30136868436262,0.0,0.0,0.0,0.0,0.0,0.0,0.0
10.0,7.73073653682684,0.0042152110220061,0.0042152110226144,0.999991115959466,0.999991115959466,49.413494286560606,0.0,49.97118430233821,0.0,45.59500660567812,0.0,45.30136858470445,0.0,0.0,0.0,0.0,0.0,0.0,0.0
10.0,7.730986549327471,0.0042152673809833,0.0042152673815892,0.9999911157218953,0.9999911157218953,49.41349426449451,0.0,49.97118383472121,0.0,45.59500659999148,0.0,45.30136848504316,0.0,0.0,0.0,0.0,0.0,0.0,0.0
10.0,7.73123656182809,0.0042153237409399,0.0042153237415435,0.999991115484318,0.999991115484318,49.413494242428015,0.0,49.971183367090326,0.0,45.59500659430466,0.0,45.30136838537876,0.0,0.0,0.0,0.0,0.0,0.0,0.0
10.0,7.73148657432872,0.004215380101876,0.0042153801024773,0.999991115246733,0.999991115246733,49.41349422036112,0.0,49.97118289944556,0.0,45.59500658861764,0.0,45.30136828571125,0.0,0.0,0.0,0.0,0.0,0.0,0.0
10.0,7.73173658682934,0.0042154364637916,0.0042154364643906,0.999991115009141,0.999991115009141,49.41349419829384,0.0,49.97118243178691,0.0,45.59500658293045,0.0,45.30136818604063,0.0,0.0,0.0,0.0,0.0,0.0,0.0
10.0,7.73198659932997,0.0042154928266865,0.0042154928272832,0.999991114771541,0.999991114771541,49.41349417622615,0.0,49.97118196411438,0.0,45.59500657724306,0.0,45.301368086366885,0.0,0.0,0.0,0.0,0.0,0.0,0.0
10.0,7.73223661183059,0.0042155491905608,0.0042155491911551,0.999991114533934,0.999991114533934,49.41349415415807,0.0,49.97118149642796,0.0,45.59500657155549,0.0,45.30136798669004,0.0,0.0,0.0,0.0,0.0,0.0,0.0
10.0,7.73248662433122,0.0042156055554143,0.0042156055560063,0.99999111429632,0.99999111429632,49.41349413208959,0.0,49.971181028727656,0.0,45.595006565867735,0.0,45.30136788701007,0.0,0.0,0.0,0.0,0.0,0.0,0.0
10.0,7.73273663683184,0.0042156619212471,0.0042156619218368,0.999991114058698,0.999991114058698,49.41349411002072,0.0,49.97118056101348,0.0,45.59500656017978,0.0,45.30136778732701,0.0,0.0,0.0,0.0,0.0,0.0,0.0
10.0,7.73298664933247,0.004215718288059,0.0042157182886464,0.999991113821069,0.999991113821069,49.41349408795144,0.0,49.97118009328542,0.0,45.59500655449165,0.0,45.30136768764082,0.0,0.0,0.0,0.0,0.0,0.0,0.0
10.0,7.733236661833091,0.0042157746558501,0.0042157746564351,0.999991113583433,0.999991113583433,49.41349406588176,0.0,49.97117962554346,0.0,45.59500654880334,0.0,45.30136758795152,0.0,0.0,0.0,0.0,0.0,0.0,0.0
10.0,7.73348667433372,0.0042158310246203,0.004215831025203,0.99999111334579,0.99999111334579,49.4134940438117,0.0,49.97117915778764,0.0,45.59500654311484,0.0,45.30136748825912,0.0,0.0,0.0,0.0,0.0,0.0,0.0
10.0,7.73373668683434,0.0042158873943695,0.0042158873949498,0.9999911131081392,0.9999911131081392,49.41349402174124,0.0,49.97117869001792,0.0,45.595006537426144,0.0,45.301367388563584,0.0,0.0,0.0,0.0,0.0,0.0,0.0
10.0,7.73398669933497,0.0042159437650977,0.0042159437656757,0.999991112870481,0.999991112870481,49.41349399967037,0.0,49.971178222234336,0.0,45.59500653173726,0.0,45.30136728886495,0.0,0.0,0.0,0.0,0.0,0.0,0.0
10.0,7.73423671183559,0.0042160001368048,0.0042160001373805,0.999991112632816,0.999991112632816,49.41349397759912,0.0,49.97117775443685,0.0,45.5950065260482,0.0,45.30136718916321,0.0,0.0,0.0,0.0,0.0,0.0,0.0
10.0,7.73448672433622,0.0042160565094909,0.0042160565100642,0.9999911123951428,0.9999911123951428,49.41349395552747,0.0,49.97117728662551,0.0,45.59500652035894,0.0,45.301367089458346,0.0,0.0,0.0,0.0,0.0,0.0,0.0
10.0,7.73473673683684,0.0042161128831558,0.0042161128837268,0.999991112157463,0.999991112157463,49.41349393345543,0.0,49.97117681880026,0.0,45.59500651466952,0.0,45.30136698975038,0.0,0.0,0.0,0.0,0.0,0.0,0.0
10.0,7.73498674933747,0.0042161692577995,0.0042161692583681,0.999991111919776,0.999991111919776,49.413493911382986,0.0,49.97117635096114,0.0,45.59500650897987,0.0,45.30136689003928,0.0,0.0,0.0,0.0,0.0,0.0,0.0
10.0,7.73523676183809,0.0042162256334219,0.0042162256339882,0.999991111682081,0.999991111682081,49.41349388931015,0.0,49.97117588310813,0.0,45.59500650329007,0.0,45.30136679032509,0.0,0.0,0.0,0.0,0.0,0.0,0.0
10.0,7.73548677433872,0.0042162820100231,0.004216282010587,0.999991111444379,0.999991111444379,49.41349386723693,0.0,49.971175415241255,0.0,45.59500649760007,0.0,45.30136669060777,0.0,0.0,0.0,0.0,0.0,0.0,0.0
10.0,7.73573678683934,0.0042163383876029,0.0042163383881645,0.99999111120667,0.99999111120667,49.4134938451633,0.0,49.97117494736049,0.0,45.59500649190988,0.0,45.30136659088736,0.0,0.0,0.0,0.0,0.0,0.0,0.0
10.0,7.73598679933997,0.0042163947661613,0.0042163947667206,0.999991110968954,0.9999911109689528,49.41349382308929,0.0,49.97117447946584,0.0,45.59500648621951,0.0,45.30136649116383,0.0,0.0,0.0,0.0,0.0,0.0,0.0
10.0,7.73623681184059,0.0042164511456983,0.0042164511462552,0.99999111073123,0.99999111073123,49.41349380101488,0.0,49.97117401155732,0.0,45.595006480528944,0.0,45.30136639143719,0.0,0.0,0.0,0.0,0.0,0.0,0.0
10.0,7.7364868243412195,0.0042165075262138,0.0042165075267683,0.999991110493499,0.999991110493499,49.41349377894008,0.0,49.97117354363491,0.0,45.59500647483819,0.0,45.301366291707424,0.0,0.0,0.0,0.0,0.0,0.0,0.0
10.0,7.73673683684184,0.0042165639077078,0.0042165639082599,0.99999111025576,0.99999111025576,49.41349375686489,0.0,49.97117307569863,0.0,45.59500646914726,0.0,45.30136619197455,0.0,0.0,0.0,0.0,0.0,0.0,0.0
10.0,7.73698684934247,0.0042166202901802,0.00421662029073,0.999991110018014,0.999991110018015,49.4134937347893,0.0,49.97117260774846,0.0,45.59500646345615,0.0,45.301366092238574,0.0,0.0,0.0,0.0,0.0,0.0,0.0
10.0,7.737236861843089,0.0042166766736309,0.0042166766741784,0.999991109780262,0.9999911097802612,49.41349371271331,0.0,49.97117213978441,0.0,45.59500645776484,0.0,45.30136599249949,0.0,0.0,0.0,0.0,0.0,0.0,0.0
10.0,7.73748687434372,0.00421673305806,0.0042167330586051,0.9999911095425008,0.9999911095425008,49.41349369063695,0.0,49.97117167180648,0.0,45.59500645207334,0.0,45.30136589275728,0.0,0.0,0.0,0.0,0.0,0.0,0.0
10.0,7.73773688684434,0.0042167894434673,0.00421678944401,0.999991109304733,0.999991109304733,49.413493668560186,0.0,49.97117120381467,0.0,45.59500644638166,0.0,45.301365793011946,0.0,0.0,0.0,0.0,0.0,0.0,0.0
10.0,7.73798689934497,0.0042168458298529,0.0042168458303932,0.999991109066958,0.999991109066958,49.41349364648303,0.0,49.971170735808975,0.0,45.59500644068979,0.0,45.30136569326352,0.0,0.0,0.0,0.0,0.0,0.0,0.0
10.0,7.73823691184559,0.0042169022172167,0.0042169022177546,0.999991108829176,0.999991108829176,49.41349362440549,0.0,49.97117026778941,0.0,45.595006434997735,0.0,45.30136559351197,0.0,0.0,0.0,0.0,0.0,0.0,0.0
10.0,7.73848692434622,0.0042169586055586,0.0042169586060941,0.999991108591387,0.999991108591386,49.41349360232755,0.0,49.97116979975596,0.0,45.59500642930549,0.0,45.30136549375733,0.0,0.0,0.0,0.0,0.0,0.0,0.0
10.0,7.738736936846841,0.0042170149948785,0.0042170149954117,0.99999110835359,0.99999110835359,49.41349358024922,0.0,49.97116933170862,0.0,45.59500642361306,0.0,45.30136539399956,0.0,0.0,0.0,0.0,0.0,0.0,0.0
10.0,7.73898694934747,0.0042170713851765,0.0042170713857074,0.999991108115785,0.999991108115786,49.41349355817051,0.0,49.97116886364742,0.0,45.59500641792045,0.0,45.30136529423868,0.0,0.0,0.0,0.0,0.0,0.0,0.0
10.0,7.73923696184809,0.0042171277764525,0.004217127776981,0.999991107877974,0.999991107877974,49.4134935360914,0.0,49.97116839557233,0.0,45.59500641222765,0.0,45.30136519447469,0.0,0.0,0.0,0.0,0.0,0.0,0.0
10.0,7.73948697434872,0.0042171841687064,0.0042171841692325,0.9999911076401552,0.9999911076401552,49.41349351401191,0.0,49.97116792748336,0.0,45.59500640653466,0.0,45.30136509470758,0.0,0.0,0.0,0.0,0.0,0.0,0.0
10.0,7.73973698684934,0.0042172405619383,0.004217240562462,0.999991107402329,0.999991107402329,49.41349349193202,0.0,49.97116745938051,0.0,45.59500640084149,0.0,45.301364994937366,0.0,0.0,0.0,0.0,0.0,0.0,0.0
10.0,7.73998699934997,0.0042172969561479,0.0042172969566692,0.999991107164496,0.999991107164495,49.413493469851744,0.0,49.971166991263786,0.0,45.59500639514812,0.0,45.30136489516404,0.0,0.0,0.0,0.0,0.0,0.0,0.0
10.0,7.74023701185059,0.0042173533513354,0.0042173533518543,0.999991106926655,0.999991106926655,49.41349344777108,0.0,49.97116652313318,0.0,45.59500638945457,0.0,45.3013647953876,0.0,0.0,0.0,0.0,0.0,0.0,0.0
10.0,7.74048702435122,0.0042174097475006,0.0042174097480171,0.999991106688807,0.999991106688807,49.41349342569003,0.0,49.97116605498869,0.0,45.595006383760825,0.0,45.30136469560805,0.0,0.0,0.0,0.0,0.0,0.0,0.0
10.0,7.74073703685184,0.0042174661446435,0.0042174661451577,0.999991106450952,0.999991106450951,49.41349340360859,0.0,49.97116558683032,0.0,45.595006378066905,0.0,45.30136459582538,0.0,0.0,0.0,0.0,0.0,0.0,0.0
10.0,7.74098704935247,0.0042175225427641,0.0042175225432758,0.999991106213089,0.999991106213089,49.41349338152676,0.0,49.97116511865808,0.0,45.5950063723728,0.0,45.3013644960396,0.0,0.0,0.0,0.0,0.0,0.0,0.0
10.0,7.74123706185309,0.0042175789418623,0.0042175789423716,0.999991105975219,0.999991105975219,49.413493359444544,0.0,49.97116465047196,0.0,45.59500636667849,0.0,45.30136439625071,0.0,0.0,0.0,0.0,0.0,0.0,0.0
10.0,7.74148707435372,0.004217635341938,0.0042176353424449,0.999991105737342,0.999991105737342,49.41349333736194,0.0,49.97116418227196,0.0,45.595006360984016,0.0,45.30136429645872,0.0,0.0,0.0,0.0,0.0,0.0,0.0
10.0,7.74173708685434,0.0042176917429912,0.0042176917434958,0.999991105499457,0.999991105499457,49.41349331527895,0.0,49.97116371405808,0.0,45.59500635528934,0.0,45.3013641966636,0.0,0.0,0.0,0.0,0.0,0.0,0.0
10.0,7.7419870993549695,0.0042177481450219,0.0042177481455241,0.999991105261565,0.999991105261565,49.413493293195565,0.0,49.97116324583031,0.0,45.595006349594485,0.0,45.301364096865385,0.0,0.0,0.0,0.0,0.0,0.0,0.0
10.0,7.74223711185559,0.00421780454803,0.0042178045485298,0.999991105023666,0.999991105023666,49.41349327111181,0.0,49.97116277758868,0.0,45.59500634389944,0.0,45.30136399706405,0.0,0.0,0.0,0.0,0.0,0.0,0.0
10.0,7.74248712435622,0.0042178609520155,0.0042178609525128,0.99999110478576,0.99999110478576,49.41349324902766,0.0,49.97116230933317,0.0,45.595006338204215,0.0,45.30136389725959,0.0,0.0,0.0,0.0,0.0,0.0,0.0
10.0,7.74273713685684,0.0042179173569783,0.0042179173574732,0.999991104547846,0.999991104547846,49.41349322694311,0.0,49.971161841063775,0.0,45.59500633250879,0.0,45.30136379745204,0.0,0.0,0.0,0.0,0.0,0.0,0.0
10.0,7.74298714935747,0.0042179737629184,0.0042179737634109,0.999991104309925,0.999991104309925,49.41349320485819,0.0,49.9711613727805,0.0,45.595006326813184,0.0,45.30136369764136,0.0,0.0,0.0,0.0,0.0,0.0,0.0
10.0,7.74323716185809,0.0042180301698357,0.0042180301703257,0.9999911040719972,0.999991104071996,49.41349318277289,0.0,49.97116090448336,0.0,45.5950063211174,0.0,45.30136359782759,0.0,0.0,0.0,0.0,0.0,0.0,0.0
10.0,7.74348717435872,0.0042180865777301,0.0042180865782178,0.999991103834061,0.999991103834061,49.41349316068718,0.0,49.97116043617233,0.0,45.59500631542141,0.0,45.30136349801069,0.0,0.0,0.0,0.0,0.0,0.0,0.0
10.0,7.74373718685934,0.0042181429866017,0.004218142987087,0.999991103596118,0.999991103596118,49.41349313860111,0.0,49.97115996784743,0.0,45.59500630972525,0.0,45.30136339819068,0.0,0.0,0.0,0.0,0.0,0.0,0.0
10.0,7.74398719935997,0.0042181993964504,0.0042181993969332,0.999991103358167,0.999991103358167,49.41349311651464,0.0,49.97115949950864,0.0,45.59500630402889,0.0,45.30136329836757,0.0,0.0,0.0,0.0,0.0,0.0,0.0
10.0,7.744237211860589,0.0042182558072761,0.0042182558077565,0.99999110312021,0.99999110312021,49.41349309442779,0.0,49.97115903115599,0.0,45.59500629833236,0.0,45.30136319854133,0.0,0.0,0.0,0.0,0.0,0.0,0.0
10.0,7.74448722436122,0.0042183122190788,0.0042183122195567,0.999991102882245,0.999991102882245,49.41349307234056,0.0,49.971158562789455,0.0,45.59500629263562,0.0,45.301363098712,0.0,0.0,0.0,0.0,0.0,0.0,0.0
10.0,7.74473723686184,0.0042183686318584,0.0042183686323339,0.999991102644273,0.999991102644273,49.41349305025293,0.0,49.97115809440904,0.0,45.59500628693872,0.0,45.30136299887953,0.0,0.0,0.0,0.0,0.0,0.0,0.0
10.0,7.74498724936247,0.0042184250456149,0.004218425046088,0.999991102406293,0.999991102406293,49.41349302816494,0.0,49.97115762601476,0.0,45.59500628124161,0.0,45.301362899043966,0.0,0.0,0.0,0.0,0.0,0.0,0.0
10.0,7.74523726186309,0.0042184814603482,0.0042184814608189,0.999991102168306,0.999991102168306,49.41349300607655,0.0,49.97115715760659,0.0,45.59500627554433,0.0,45.30136279920529,0.0,0.0,0.0,0.0,0.0,0.0,0.0
10.0,7.74548727436372,0.0042185378760584,0.0042185378765266,0.999991101930312,0.999991101930312,49.41349298398778,0.0,49.97115668918454,0.0,45.59500626984686,0.0,45.3013626993635,0.0,0.0,0.0,0.0,0.0,0.0,0.0
10.0,7.74573728686434,0.0042185942927452,0.0042185942932111,0.999991101692311,0.999991101692311,49.41349296189863,0.0,49.97115622074863,0.0,45.5950062641492,0.0,45.3013625995186,0.0,0.0,0.0,0.0,0.0,0.0,0.0
10.0,7.74598729936497,0.0042186507104088,0.0042186507108722,0.999991101454302,0.999991101454302,49.4134929398091,0.0,49.97115575229883,0.0,45.59500625845134,0.0,45.30136249967059,0.0,0.0,0.0,0.0,0.0,0.0,0.0
10.0,7.74623731186559,0.004218707129049,0.00421870712951,0.999991101216286,0.999991101216286,49.41349291771919,0.0,49.97115528383516,0.0,45.59500625275332,0.0,45.30136239981946,0.0,0.0,0.0,0.0,0.0,0.0,0.0
10.0,7.74648732436622,0.0042187635486659,0.0042187635491244,0.9999911009782622,0.999991100978263,49.41349289562888,0.0,49.97115481535761,0.0,45.59500624705509,0.0,45.30136229996522,0.0,0.0,0.0,0.0,0.0,0.0,0.0
10.0,7.74673733686684,0.0042188199692592,0.0042188199697153,0.999991100740232,0.999991100740232,49.4134928735382,0.0,49.97115434686618,0.0,45.595006241356685,0.0,45.301362200107874,0.0,0.0,0.0,0.0,0.0,0.0,0.0
10.0,7.74698734936747,0.0042188763908291,0.0042188763912828,0.999991100502194,0.999991100502194,49.413492851447145,0.0,49.97115387836087,0.0,45.59500623565809,0.0,45.301362100247424,0.0,0.0,0.0,0.0,0.0,0.0,0.0
10.0,7.74723736186809,0.0042189328133755,0.0042189328138267,0.9999911002641488,0.999991100264149,49.41349282935569,0.0,49.971153409841705,0.0,45.5950062299593,0.0,45.30136200038385,0.0,0.0,0.0,0.0,0.0,0.0,0.0
10.0,7.74748737436872,0.0042189892368982,0.004218989237347,0.999991100026096,0.999991100026096,49.41349280726388,0.0,49.97115294130865,0.0,45.59500622426034,0.0,45.301361900517165,0.0,0.0,0.0,0.0,0.0,0.0,0.0
10.0,7.74773738686934,0.0042190456613973,0.0042190456618436,0.999991099788036,0.999991099788036,49.41349278517167,0.0,49.97115247276172,0.0,45.59500621856119,0.0,45.30136180064736,0.0,0.0,0.0,0.0,0.0,0.0,0.0
10.0,7.74798739936997,0.0042191020868728,0.0042191020873166,0.999991099549969,0.999991099549969,49.41349276307909,0.0,49.97115200420092,0.0,45.59500621286184,0.0,45.30136170077446,0.0,0.0,0.0,0.0,0.0,0.0,0.0
10.0,7.74823741187059,0.0042191585133245,0.0042191585137659,0.9999910993118948,0.9999910993118948,49.41349274098612,0.0,49.97115153562624,0.0,45.59500620716232,0.0,45.30136160089844,0.0,0.0,0.0,0.0,0.0,0.0,0.0
10.0,7.74848742437122,0.0042192149407524,0.0042192149411913,0.999991099073813,0.999991099073813,49.413492718892776,0.0,49.97115106703768,0.0,45.59500620146259,0.0,45.30136150101931,0.0,0.0,0.0,0.0,0.0,0.0,0.0
10.0,7.74873743687184,0.0042192713691565,0.0042192713695929,0.999991098835724,0.999991098835723,49.41349269679905,0.0,49.97115059843525,0.0,45.595006195762686,0.0,45.301361401137065,0.0,0.0,0.0,0.0,0.0,0.0,0.0
10.0,7.74898744937247,0.0042193277985367,0.0042193277989707,0.999991098597627,0.999991098597627,49.41349267470494,0.0,49.97115012981895,0.0,45.595006190062605,0.0,45.30136130125171,0.0,0.0,0.0,0.0,0.0,0.0,0.0
10.0,7.74923746187309,0.0042193842288929,0.0042193842293245,0.999991098359524,0.999991098359523,49.41349265261047,0.0,49.97114966118877,0.0,45.595006184362326,0.0,45.30136120136324,0.0,0.0,0.0,0.0,0.0,0.0,0.0
10.0,7.74948747437372,0.0042194406602252,0.0042194406606543,0.999991098121412,0.999991098121412,49.41349263051559,0.0,49.97114919254472,0.0,45.59500617866186,0.0,45.30136110147166,0.0,0.0,0.0,0.0,0.0,0.0,0.0
10.0,7.74973748687434,0.0042194970925335,0.0042194970929602,0.999991097883294,0.999991097883294,49.41349260842036,0.0,49.97114872388679,0.0,45.59500617296121,0.0,45.30136100157698,0.0,0.0,0.0,0.0,0.0,0.0,0.0
10.0,7.74998749937497,0.0042195535258178,0.0042195535262419,0.9999910976451692,0.999991097645168,49.413492586324736,0.0,49.97114825521497,0.0,45.59500616726038,0.0,45.301360901679175,0.0,0.0,0.0,0.0,0.0,0.0,0.0
10.0,7.75023751187559,0.0042196099600779,0.0042196099604995,0.999991097407036,0.999991097407036,49.41349256422875,0.0,49.97114778652929,0.0,45.59500616155935,0.0,45.301360801778266,0.0,0.0,0.0,0.0,0.0,0.0,0.0
10.0,7.75048752437622,0.0042196663953138,0.004219666395733,0.999991097168895,0.999991097168895,49.41349254213236,0.0,49.97114731782974,0.0,45.59500615585814,0.0,45.30136070187424,0.0,0.0,0.0,0.0,0.0,0.0,0.0
10.0,7.75073753687684,0.0042197228315255,0.0042197228319423,0.999991096930748,0.999991096930748,49.4134925200356,0.0,49.97114684911632,0.0,45.59500615015674,0.0,45.3013606019671,0.0,0.0,0.0,0.0,0.0,0.0,0.0
10.0,7.75098754937747,0.004219779268713,0.0042197792691273,0.999991096692593,0.999991096692593,49.413492497938485,0.0,49.97114638038901,0.0,45.59500614445516,0.0,45.30136050205686,0.0,0.0,0.0,0.0,0.0,0.0,0.0
10.0,7.75123756187809,0.0042198357068762,0.0042198357072879,0.999991096454431,0.999991096454431,49.413492475840975,0.0,49.97114591164784,0.0,45.59500613875338,0.0,45.3013604021435,0.0,0.0,0.0,0.0,0.0,0.0,0.0
10.0,7.75148757437872,0.004219892146015,0.0042198921464243,0.999991096216261,0.999991096216261,49.413492453743096,0.0,49.97114544289278,0.0,45.59500613305143,0.0,45.30136030222703,0.0,0.0,0.0,0.0,0.0,0.0,0.0
10.0,7.75173758687934,0.0042199485861294,0.0042199485865362,0.999991095978084,0.999991095978084,49.41349243164483,0.0,49.97114497412386,0.0,45.59500612734928,0.0,45.30136020230745,0.0,0.0,0.0,0.0,0.0,0.0,0.0
10.0,7.75198759937997,0.0042200050272193,0.0042200050276237,0.9999910957399,0.9999910957399007,49.413492409546194,0.0,49.97114450534106,0.0,45.59500612164695,0.0,45.30136010238476,0.0,0.0,0.0,0.0,0.0,0.0,0.0
10.0,7.75223761188059,0.0042200614692848,0.0042200614696866,0.999991095501709,0.999991095501709,49.41349238744719,0.0,49.97114403654439,0.0,45.59500611594443,0.0,45.30136000245895,0.0,0.0,0.0,0.0,0.0,0.0,0.0
10.0,7.75248762438122,0.0042201179123257,0.0042201179127251,0.99999109526351,0.99999109526351,49.4134923653478,0.0,49.97114356773385,0.0,45.59500611024172,0.0,45.30135990253004,0.0,0.0,0.0,0.0,0.0,0.0,0.0
10.0,7.75273763688184,0.004220174356342,0.0042201743567389,0.999991095025304,0.999991095025304,49.41349234324804,0.0,49.97114309890942,0.0,45.59500610453883,0.0,45.301359802598,0.0,0.0,0.0,0.0,0.0,0.0,0.0
10.0,7.752987649382469,0.0042202308013337,0.0042202308017281,0.9999910947870913,0.9999910947870913,49.4134923211479,0.0,49.97114263007113,0.0,45.59500609883575,0.0,45.30135970266287,0.0,0.0,0.0,0.0,0.0,0.0,0.0
10.0,7.75323766188309,0.0042202872473007,0.0042202872476926,0.9999910945488713,0.99999109454887,49.41349229904739,0.0,49.97114216121896,0.0,45.59500609313248,0.0,45.30135960272462,0.0,0.0,0.0,0.0,0.0,0.0,0.0
10.0,7.75348767438372,0.0042203436942429,0.0042203436946323,0.999991094310643,0.999991094310643,49.4134922769465,0.0,49.97114169235292,0.0,45.59500608742903,0.0,45.301359502783264,0.0,0.0,0.0,0.0,0.0,0.0,0.0
10.0,7.75373768688434,0.0042204001421604,0.0042204001425473,0.9999910940724068,0.9999910940724068,49.413492254845245,0.0,49.97114122347301,0.0,45.595006081725394,0.0,45.301359402838784,0.0,0.0,0.0,0.0,0.0,0.0,0.0
10.0,7.75398769938497,0.004220456591053,0.0042204565914374,0.999991093834165,0.999991093834165,49.41349223274361,0.0,49.97114075457923,0.0,45.59500607602157,0.0,45.3013593028912,0.0,0.0,0.0,0.0,0.0,0.0,0.0
10.0,7.75423771188559,0.0042205130409208,0.0042205130413027,0.999991093595915,0.999991093595915,49.41349221064159,0.0,49.97114028567157,0.0,45.595006070317545,0.0,45.3013592029405,0.0,0.0,0.0,0.0,0.0,0.0,0.0
10.0,7.75448772438622,0.0042205694917636,0.004220569492143,0.999991093357658,0.999991093357658,49.413492188539216,0.0,49.971139816750046,0.0,45.59500606461335,0.0,45.30135910298669,0.0,0.0,0.0,0.0,0.0,0.0,0.0
10.0,7.75473773688684,0.0042206259435815,0.0042206259439583,0.999991093119394,0.9999910931193932,49.41349216643646,0.0,49.97113934781464,0.0,45.59500605890896,0.0,45.30135900302978,0.0,0.0,0.0,0.0,0.0,0.0,0.0
10.0,7.75498774938747,0.0042206823963743,0.0042206823967487,0.999991092881122,0.999991092881122,49.41349214433334,0.0,49.97113887886536,0.0,45.59500605320439,0.0,45.30135890306974,0.0,0.0,0.0,0.0,0.0,0.0,0.0
10.0,7.75523776188809,0.0042207388501421,0.0042207388505139,0.9999910926428432,0.9999910926428432,49.41349212222983,0.0,49.97113840990222,0.0,45.59500604749962,0.0,45.3013588031066,0.0,0.0,0.0,0.0,0.0,0.0,0.0
10.0,7.75548777438872,0.0042207953048847,0.004220795305254,0.999991092404557,0.999991092404557,49.41349210012597,0.0,49.9711379409252,0.0,45.59500604179468,0.0,45.30135870314035,0.0,0.0,0.0,0.0,0.0,0.0,0.0
10.0,7.75573778688934,0.0042208517606022,0.004220851760969,0.999991092166263,0.999991092166263,49.41349207802172,0.0,49.97113747193431,0.0,45.59500603608954,0.0,45.30135860317099,0.0,0.0,0.0,0.0,0.0,0.0,0.0
10.0,7.75598779938997,0.0042209082172944,0.0042209082176587,0.999991091927962,0.999991091927962,49.41349205591711,0.0,49.971137002929545,0.0,45.59500603038422,0.0,45.301358503198514,0.0,0.0,0.0,0.0,0.0,0.0,0.0
10.0,7.75623781189059,0.0042209646749614,0.0042209646753232,0.999991091689654,0.999991091689653,49.41349203381211,0.0,49.97113653391091,0.0,45.59500602467871,0.0,45.30135840322293,0.0,0.0,0.0,0.0,0.0,0.0,0.0
10.0,7.75648782439122,0.0042210211336031,0.0042210211339624,0.999991091451338,0.999991091451338,49.41349201170676,0.0,49.9711360648784,0.0,45.59500601897301,0.0,45.30135830324423,0.0,0.0,0.0,0.0,0.0,0.0,0.0
10.0,7.75673783689184,0.0042210775932195,0.0042210775935762,0.999991091213015,0.999991091213015,49.41349198960103,0.0,49.97113559583202,0.0,45.59500601326713,0.0,45.30135820326242,0.0,0.0,0.0,0.0,0.0,0.0,0.0
10.0,7.75698784939247,0.0042211340538104,0.0042211340541646,0.999991090974685,0.999991090974685,49.41349196749493,0.0,49.97113512677178,0.0,45.59500600756107,0.0,45.30135810327749,0.0,0.0,0.0,0.0,0.0,0.0,0.0
10.0,7.75723786189309,0.0042211905153759,0.0042211905157275,0.999991090736348,0.999991090736348,49.41349194538847,0.0,49.97113465769765,0.0,45.59500600185481,0.0,45.30135800328946,0.0,0.0,0.0,0.0,0.0,0.0,0.0
10.0,7.75748787439372,0.0042212469779158,0.004221246978265,0.999991090498003,0.999991090498003,49.41349192328162,0.0,49.97113418860966,0.0,45.595005996148366,0.0,45.30135790329832,0.0,0.0,0.0,0.0,0.0,0.0,0.0
10.0,7.75773788689434,0.0042213034414303,0.0042213034417768,0.999991090259651,0.999991090259651,49.41349190117441,0.0,49.97113371950779,0.0,45.59500599044173,0.0,45.301357803304064,0.0,0.0,0.0,0.0,0.0,0.0,0.0
10.0,7.75798789939497,0.0042213599059191,0.0042213599062631,0.999991090021292,0.999991090021291,49.41349187906683,0.0,49.97113325039206,0.0,45.59500598473492,0.0,45.3013577033067,0.0,0.0,0.0,0.0,0.0,0.0,0.0
10.0,7.75823791189559,0.0042214163713823,0.0042214163717238,0.999991089782925,0.999991089782925,49.413491856958885,0.0,49.971132781262455,0.0,45.59500597902792,0.0,45.30135760330622,0.0,0.0,0.0,0.0,0.0,0.0,0.0
10.0,7.758487924396219,0.0042214728378198,0.0042214728381587,0.999991089544551,0.999991089544551,49.41349183485057,0.0,49.971132312118975,0.0,45.59500597332072,0.0,45.30135750330263,0.0,0.0,0.0,0.0,0.0,0.0,0.0
10.0,7.75873793689684,0.0042215293052315,0.0042215293055679,0.99999108930617,0.99999108930617,49.41349181274188,0.0,49.97113184296163,0.0,45.59500596761335,0.0,45.30135740329592,0.0,0.0,0.0,0.0,0.0,0.0,0.0
10.0,7.75898794939747,0.0042215857736175,0.0042215857739514,0.9999910890677808,0.9999910890677808,49.41349179063283,0.0,49.97113137379042,0.0,45.59500596190578,0.0,45.301357303286125,0.0,0.0,0.0,0.0,0.0,0.0,0.0
10.0,7.7592379618981,0.0042216422429776,0.004221642243309,0.999991088829385,0.999991088829385,49.41349176852341,0.0,49.971130904605324,0.0,45.59500595619803,0.0,45.3013572032732,0.0,0.0,0.0,0.0,0.0,0.0,0.0
10.0,7.75948797439872,0.0042216987133119,0.0042216987136407,0.999991088590982,0.999991088590982,49.41349174641362,0.0,49.971130435406366,0.0,45.59500595049009,0.0,45.30135710325717,0.0,0.0,0.0,0.0,0.0,0.0,0.0
10.0,7.75973798689934,0.0042217551846202,0.0042217551849464,0.999991088352572,0.999991088352571,49.413491724303455,0.0,49.97112996619354,0.0,45.59500594478197,0.0,45.30135700323802,0.0,0.0,0.0,0.0,0.0,0.0,0.0
10.0,7.75998799939997,0.0042218116569025,0.0042218116572262,0.999991088114154,0.999991088114153,49.413491702192935,0.0,49.971129496966846,0.0,45.59500593907366,0.0,45.30135690321577,0.0,0.0,0.0,0.0,0.0,0.0,0.0
10.0,7.76023801190059,0.0042218681301588,0.00422186813048,0.999991087875729,0.999991087875729,49.413491680082046,0.0,49.97112902772627,0.0,45.59500593336516,0.0,45.3013568031904,0.0,0.0,0.0,0.0,0.0,0.0,0.0
10.0,7.76048802440122,0.0042219246043891,0.0042219246047077,0.999991087637296,0.999991087637296,49.41349165797079,0.0,49.97112855847183,0.0,45.59500592765647,0.0,45.30135670316193,0.0,0.0,0.0,0.0,0.0,0.0,0.0
10.0,7.76073803690185,0.0042219810795932,0.0042219810799092,0.999991087398857,0.999991087398856,49.41349163585916,0.0,49.971128089203525,0.0,45.5950059219476,0.0,45.30135660313033,0.0,0.0,0.0,0.0,0.0,0.0,0.0
10.0,7.76098804940247,0.0042220375557712,0.0042220375560846,0.99999108716041,0.99999108716041,49.41349161374717,0.0,49.97112761992135,0.0,45.59500591623854,0.0,45.30135650309563,0.0,0.0,0.0,0.0,0.0,0.0,0.0
10.0,7.7612380619031,0.0042220940329229,0.0042220940332338,0.999991086921955,0.999991086921955,49.41349159163481,0.0,49.9711271506253,0.0,45.59500591052929,0.0,45.30135640305782,0.0,0.0,0.0,0.0,0.0,0.0,0.0
10.0,7.76148807440372,0.0042221505110484,0.0042221505113567,0.999991086683494,0.999991086683494,49.41349156952209,0.0,49.97112668131539,0.0,45.59500590481986,0.0,45.301356303016895,0.0,0.0,0.0,0.0,0.0,0.0,0.0
10.0,7.76173808690435,0.0042222069901475,0.0042222069904533,0.999991086445025,0.999991086445025,49.413491547409,0.0,49.97112621199159,0.0,45.59500589911024,0.0,45.30135620297286,0.0,0.0,0.0,0.0,0.0,0.0,0.0
10.0,7.76198809940497,0.0042222634702203,0.0042222634705235,0.999991086206548,0.999991086206549,49.41349152529555,0.0,49.97112574265394,0.0,45.59500589340043,0.0,45.30135610292572,0.0,0.0,0.0,0.0,0.0,0.0,0.0
10.0,7.76223811190559,0.0042223199512667,0.0042223199515674,0.9999910859680649,0.9999910859680649,49.41349150318173,0.0,49.97112527330241,0.0,45.59500588769044,0.0,45.301356002875465,0.0,0.0,0.0,0.0,0.0,0.0,0.0
10.0,7.76248812440622,0.0042223764332867,0.0042223764335847,0.999991085729574,0.999991085729574,49.41349148106755,0.0,49.97112480393703,0.0,45.595005881980256,0.0,45.301355902822095,0.0,0.0,0.0,0.0,0.0,0.0,0.0
10.0,7.76273813690684,0.0042224329162801,0.0042224329165756,0.9999910854910758,0.9999910854910758,49.41349145895301,0.0,49.97112433455776,0.0,45.59500587626989,0.0,45.30135580276563,0.0,0.0,0.0,0.0,0.0,0.0,0.0
10.0,7.76298814940747,0.004222489400247,0.0042224894005399,0.999991085252571,0.99999108525257,49.4134914368381,0.0,49.97112386516463,0.0,45.59500587055933,0.0,45.30135570270603,0.0,0.0,0.0,0.0,0.0,0.0,0.0
10.0,7.763238161908101,0.0042225458851873,0.0042225458854776,0.999991085014058,0.999991085014058,49.41349141472282,0.0,49.97112339575763,0.0,45.5950058648486,0.0,45.301355602643326,0.0,0.0,0.0,0.0,0.0,0.0,0.0
10.0,7.76348817440872,0.004222602371101,0.0042226023713887,0.999991084775538,0.999991084775538,49.41349139260719,0.0,49.97112292633676,0.0,45.59500585913767,0.0,45.30135550257752,0.0,0.0,0.0,0.0,0.0,0.0,0.0
10.0,7.76373818690935,0.0042226588579879,0.0042226588582731,0.99999108453701,0.99999108453701,49.41349137049119,0.0,49.97112245690203,0.0,45.59500585342656,0.0,45.3013554025086,0.0,0.0,0.0,0.0,0.0,0.0,0.0
10.0,7.76398819940997,0.0042227153458481,0.0042227153461307,0.999991084298476,0.999991084298476,49.41349134837482,0.0,49.971121987453415,0.0,45.59500584771525,0.0,45.30135530243656,0.0,0.0,0.0,0.0,0.0,0.0,0.0
10.0,7.76423821191059,0.0042227718346816,0.0042227718349615,0.999991084059934,0.999991084059934,49.4134913262581,0.0,49.971121517990944,0.0,45.595005842003765,0.0,45.30135520236142,0.0,0.0,0.0,0.0,0.0,0.0,0.0
10.0,7.76448822441122,0.0042228283244881,0.0042228283247655,0.999991083821385,0.999991083821384,49.41349130414101,0.0,49.97112104851461,0.0,45.59500583629209,0.0,45.30135510228317,0.0,0.0,0.0,0.0,0.0,0.0,0.0
10.0,7.76473823691185,0.0042228848152678,0.0042228848155427,0.999991083582828,0.999991083582828,49.41349128202357,0.0,49.9711205790244,0.0,45.59500583058023,0.0,45.3013550022018,0.0,0.0,0.0,0.0,0.0,0.0,0.0
10.0,7.76498824941247,0.0042229413070206,0.0042229413072928,0.999991083344264,0.999991083344264,49.41349125990576,0.0,49.97112010952032,0.0,45.59500582486818,0.0,45.301354902117325,0.0,0.0,0.0,0.0,0.0,0.0,0.0
10.0,7.7652382619131,0.0042229977997464,0.004222997800016,0.9999910831056932,0.9999910831056932,49.41349123778758,0.0,49.97111964000238,0.0,45.59500581915594,0.0,45.301354802029735,0.0,0.0,0.0,0.0,0.0,0.0,0.0
10.0,7.76548827441372,0.0042230542934452,0.0042230542937122,0.999991082867115,0.999991082867114,49.41349121566905,0.0,49.971119170470566,0.0,45.59500581344352,0.0,45.30135470193905,0.0,0.0,0.0,0.0,0.0,0.0,0.0
10.0,7.76573828691435,0.0042231107881169,0.0042231107883813,0.999991082628529,0.999991082628529,49.41349119355015,0.0,49.97111870092489,0.0,45.59500580773091,0.0,45.30135460184523,0.0,0.0,0.0,0.0,0.0,0.0,0.0
10.0,7.76598829941497,0.0042231672837615,0.0042231672840233,0.999991082389936,0.999991082389936,49.4134911714309,0.0,49.97111823136534,0.0,45.59500580201811,0.0,45.30135450174831,0.0,0.0,0.0,0.0,0.0,0.0,0.0
10.0,7.7662383119156,0.0042232237803789,0.0042232237806381,0.999991082151336,0.999991082151335,49.41349114931128,0.0,49.97111776179192,0.0,45.59500579630512,0.0,45.30135440164828,0.0,0.0,0.0,0.0,0.0,0.0,0.0
10.0,7.76648832441622,0.004223280277969,0.0042232802782256,0.999991081912728,0.999991081912728,49.41349112719131,0.0,49.971117292204646,0.0,45.59500579059196,0.0,45.301354301545146,0.0,0.0,0.0,0.0,0.0,0.0,0.0
10.0,7.76673833691685,0.004223336776532,0.004223336776786,0.999991081674113,0.999991081674113,49.413491105070975,0.0,49.9711168226035,0.0,45.5950057848786,0.0,45.30135420143889,0.0,0.0,0.0,0.0,0.0,0.0,0.0
10.0,7.76698834941747,0.0042233932760676,0.004223393276319,0.9999910814354912,0.9999910814354912,49.41349108295028,0.0,49.97111635298848,0.0,45.59500577916506,0.0,45.30135410132952,0.0,0.0,0.0,0.0,0.0,0.0,0.0
10.0,7.7672383619181,0.0042234497765758,0.0042234497768246,0.9999910811968608,0.9999910811968608,49.41349106082922,0.0,49.9711158833596,0.0,45.59500577345133,0.0,45.30135400121705,0.0,0.0,0.0,0.0,0.0,0.0,0.0
10.0,7.76748837441872,0.0042235062780566,0.0042235062783028,0.999991080958224,0.999991080958224,49.41349103870781,0.0,49.97111541371685,0.0,45.595005767737405,0.0,45.30135390110146,0.0,0.0,0.0,0.0,0.0,0.0,0.0
10.0,7.76773838691935,0.00422356278051,0.0042235627807536,0.99999108071958,0.99999108071958,49.41349101658604,0.0,49.97111494406023,0.0,45.5950057620233,0.0,45.30135380098277,0.0,0.0,0.0,0.0,0.0,0.0,0.0
10.0,7.76798839941997,0.0042236192839359,0.0042236192841768,0.9999910804809292,0.999991080480928,49.41349099446391,0.0,49.97111447438976,0.0,45.59500575630901,0.0,45.301353700860965,0.0,0.0,0.0,0.0,0.0,0.0,0.0
10.0,7.7682384119206,0.0042236757883342,0.0042236757885725,0.99999108024227,0.999991080242269,49.41349097234142,0.0,49.971114004705406,0.0,45.59500575059453,0.0,45.30135360073604,0.0,0.0,0.0,0.0,0.0,0.0,0.0
10.0,7.76848842442122,0.004223732293705,0.0042237322939406,0.999991080003604,0.999991080003604,49.41349095021859,0.0,49.97111353500719,0.0,45.59500574487986,0.0,45.301353500608016,0.0,0.0,0.0,0.0,0.0,0.0,0.0
10.0,7.768738436921851,0.0042237888000481,0.0042237888002811,0.99999107976493,0.99999107976493,49.41349092809538,0.0,49.97111306529511,0.0,45.59500573916501,0.0,45.30135340047687,0.0,0.0,0.0,0.0,0.0,0.0,0.0
10.0,7.76898844942247,0.0042238453073634,0.0042238453075939,0.999991079526249,0.999991079526249,49.41349090597182,0.0,49.97111259556917,0.0,45.59500573344997,0.0,45.30135330034263,0.0,0.0,0.0,0.0,0.0,0.0,0.0
10.0,7.7692384619231,0.0042239018156511,0.0042239018158789,0.999991079287561,0.999991079287562,49.41349088384791,0.0,49.97111212582935,0.0,45.59500572773475,0.0,45.30135320020526,0.0,0.0,0.0,0.0,0.0,0.0,0.0
10.0,7.76948847442372,0.0042239583249109,0.0042239583251361,0.999991079048866,0.999991079048866,49.41349086172363,0.0,49.971111656075685,0.0,45.59500572201933,0.0,45.3013531000648,0.0,0.0,0.0,0.0,0.0,0.0,0.0
10.0,7.76973848692435,0.004224014835143,0.0042240148353655,0.999991078810164,0.999991078810163,49.413490839599,0.0,49.971111186308136,0.0,45.59500571630373,0.0,45.301352999921214,0.0,0.0,0.0,0.0,0.0,0.0,0.0
10.0,7.76998849942497,0.0042240713463471,0.004224071346567,0.999991078571454,0.999991078571454,49.41349081747401,0.0,49.97111071652672,0.0,45.59500571058795,0.0,45.30135289977452,0.0,0.0,0.0,0.0,0.0,0.0,0.0
10.0,7.7702385119256,0.0042241278585233,0.0042241278587406,0.999991078332737,0.999991078332736,49.41349079534867,0.0,49.97111024673145,0.0,45.59500570487197,0.0,45.30135279962471,0.0,0.0,0.0,0.0,0.0,0.0,0.0
10.0,7.77048852442622,0.0042241843716715,0.0042241843718862,0.999991078094012,0.999991078094012,49.41349077322297,0.0,49.97110977692231,0.0,45.59500569915581,0.0,45.301352699471806,0.0,0.0,0.0,0.0,0.0,0.0,0.0
10.0,7.77073853692685,0.0042242408857917,0.0042242408860037,0.99999107785528,0.99999107785528,49.41349075109692,0.0,49.97110930709931,0.0,45.59500569343946,0.0,45.30135259931578,0.0,0.0,0.0,0.0,0.0,0.0,0.0
10.0,7.770988549427471,0.0042242974008839,0.0042242974010932,0.9999910776165408,0.9999910776165408,49.41349072897052,0.0,49.97110883726244,0.0,45.59500568772293,0.0,45.30135249915664,0.0,0.0,0.0,0.0,0.0,0.0,0.0
10.0,7.7712385619281,0.0042243539169479,0.0042243539171545,0.999991077377795,0.999991077377795,49.41349070684375,0.0,49.9711083674117,0.0,45.5950056820062,0.0,45.3013523989944,0.0,0.0,0.0,0.0,0.0,0.0,0.0
10.0,7.77148857442872,0.0042244104339837,0.0042244104341877,0.999991077139041,0.999991077139041,49.41349068471664,0.0,49.97110789754711,0.0,45.5950056762893,0.0,45.30135229882903,0.0,0.0,0.0,0.0,0.0,0.0,0.0
10.0,7.77173858692935,0.0042244669519913,0.0042244669521927,0.99999107690028,0.99999107690028,49.41349066258917,0.0,49.97110742766864,0.0,45.595005670572206,0.0,45.301352198660574,0.0,0.0,0.0,0.0,0.0,0.0,0.0
10.0,7.77198859942997,0.0042245234709706,0.0042245234711694,0.999991076661512,0.999991076661512,49.41349064046135,0.0,49.97110695777631,0.0,45.59500566485493,0.0,45.30135209848899,0.0,0.0,0.0,0.0,0.0,0.0,0.0
10.0,7.7722386119306,0.0042245799909217,0.0042245799911177,0.999991076422736,0.999991076422736,49.41349061833317,0.0,49.97110648787013,0.0,45.595005659137456,0.0,45.3013519983143,0.0,0.0,0.0,0.0,0.0,0.0,0.0
10.0,7.77248862443122,0.0042246365118443,0.0042246365120378,0.999991076183953,0.999991076183953,49.41349059620463,0.0,49.97110601795006,0.0,45.59500565341981,0.0,45.3013518981365,0.0,0.0,0.0,0.0,0.0,0.0,0.0
10.0,7.77273863693185,0.0042246930337386,0.0042246930339294,0.9999910759451632,0.9999910759451632,49.41349057407575,0.0,49.97110554801614,0.0,45.59500564770196,0.0,45.3013517979556,0.0,0.0,0.0,0.0,0.0,0.0,0.0
10.0,7.77298864943247,0.0042247495566044,0.0042247495567925,0.999991075706365,0.999991075706365,49.41349055194652,0.0,49.97110507806836,0.0,45.59500564198393,0.0,45.30135169777157,0.0,0.0,0.0,0.0,0.0,0.0,0.0
10.0,7.7732386619331,0.0042248060804417,0.0042248060806272,0.999991075467561,0.99999107546756,49.413490529816926,0.0,49.97110460810671,0.0,45.59500563626571,0.0,45.30135159758444,0.0,0.0,0.0,0.0,0.0,0.0,0.0
10.0,7.77348867443372,0.0042248626052505,0.0042248626054332,0.999991075228749,0.999991075228748,49.41349050768698,0.0,49.9711041381312,0.0,45.595005630547305,0.0,45.30135149739421,0.0,0.0,0.0,0.0,0.0,0.0,0.0
10.0,7.77373868693435,0.0042249191310306,0.0042249191312107,0.9999910749899292,0.9999910749899292,49.41349048555669,0.0,49.97110366814182,0.0,45.59500562482872,0.0,45.30135139720085,0.0,0.0,0.0,0.0,0.0,0.0,0.0
10.0,7.77398869943497,0.0042249756577821,0.0042249756579596,0.999991074751102,0.999991074751102,49.41349046342605,0.0,49.97110319813857,0.0,45.59500561910994,0.0,45.30135129700438,0.0,0.0,0.0,0.0,0.0,0.0,0.0
10.0,7.774238711935599,0.0042250321855049,0.0042250321856797,0.999991074512268,0.999991074512268,49.413490441295046,0.0,49.97110272812147,0.0,45.595005613390974,0.0,45.30135119680481,0.0,0.0,0.0,0.0,0.0,0.0,0.0
10.0,7.77448872443622,0.004225088714199,0.0042250887143711,0.999991074273427,0.999991074273427,49.4134904191637,0.0,49.9711022580905,0.0,45.59500560767182,0.0,45.301351096602126,0.0,0.0,0.0,0.0,0.0,0.0,0.0
10.0,7.77473873693685,0.0042251452438643,0.0042251452440337,0.999991074034579,0.999991074034578,49.41349039703201,0.0,49.97110178804567,0.0,45.59500560195249,0.0,45.30135099639633,0.0,0.0,0.0,0.0,0.0,0.0,0.0
10.0,7.77498874943747,0.0042252017745007,0.0042252017746675,0.999991073795722,0.999991073795722,49.41349037489996,0.0,49.97110131798697,0.0,45.595005596232966,0.0,45.30135089618743,0.0,0.0,0.0,0.0,0.0,0.0,0.0
10.0,7.7752387619381,0.0042252583061083,0.0042252583062723,0.9999910735568592,0.9999910735568592,49.41349035276756,0.0,49.97110084791442,0.0,45.59500559051325,0.0,45.30135079597542,0.0,0.0,0.0,0.0,0.0,0.0,0.0
10.0,7.77548877443872,0.0042253148386869,0.0042253148388483,0.999991073317989,0.999991073317988,49.413490330634815,0.0,49.971100377828,0.0,45.59500558479336,0.0,45.30135069576029,0.0,0.0,0.0,0.0,0.0,0.0,0.0
10.0,7.77573878693935,0.0042253713722366,0.0042253713723953,0.9999910730791108,0.9999910730791108,49.413490308501714,0.0,49.97109990772771,0.0,45.59500557907327,0.0,45.30135059554205,0.0,0.0,0.0,0.0,0.0,0.0,0.0
10.0,7.77598879943997,0.0042254279067572,0.0042254279069132,0.999991072840226,0.999991072840225,49.413490286368265,0.0,49.97109943761357,0.0,45.59500557335299,0.0,45.30135049532071,0.0,0.0,0.0,0.0,0.0,0.0,0.0
10.0,7.7762388119406,0.0042254844422487,0.004225484442402,0.999991072601333,0.999991072601333,49.41349026423447,0.0,49.97109896748555,0.0,45.59500556763253,0.0,45.30135039509624,0.0,0.0,0.0,0.0,0.0,0.0,0.0
10.0,7.776488824441219,0.0042255409787112,0.0042255409788618,0.999991072362434,0.999991072362433,49.41349024210033,0.0,49.97109849734368,0.0,45.59500556191189,0.0,45.30135029486868,0.0,0.0,0.0,0.0,0.0,0.0,0.0
10.0,7.77673883694185,0.0042255975161444,0.0042255975162923,0.999991072123526,0.999991072123526,49.41349021996583,0.0,49.97109802718796,0.0,45.595005556191055,0.0,45.301350194638005,0.0,0.0,0.0,0.0,0.0,0.0,0.0
10.0,7.77698884944247,0.0042256540545484,0.0042256540546937,0.999991071884612,0.999991071884612,49.41349019783099,0.0,49.97109755701835,0.0,45.595005550470034,0.0,45.30135009440421,0.0,0.0,0.0,0.0,0.0,0.0,0.0
10.0,7.7772388619431,0.0042257105939232,0.0042257105940657,0.99999107164569,0.99999107164569,49.4134901756958,0.0,49.9710970868349,0.0,45.59500554474884,0.0,45.30134999416732,0.0,0.0,0.0,0.0,0.0,0.0,0.0
10.0,7.77748887444372,0.0042257671342687,0.0042257671344085,0.999991071406762,0.9999910714067608,49.41349015356026,0.0,49.97109661663758,0.0,45.59500553902744,0.0,45.30134989392731,0.0,0.0,0.0,0.0,0.0,0.0,0.0
10.0,7.77773888694435,0.0042258236755848,0.0042258236757219,0.9999910711678252,0.9999910711678252,49.41349013142437,0.0,49.9710961464264,0.0,45.59500553330585,0.0,45.30134979368419,0.0,0.0,0.0,0.0,0.0,0.0,0.0
10.0,7.77798889944497,0.0042258802178714,0.0042258802180059,0.999991070928882,0.999991070928882,49.41349010928815,0.0,49.97109567620136,0.0,45.595005527584085,0.0,45.30134969343796,0.0,0.0,0.0,0.0,0.0,0.0,0.0
10.0,7.7782389119456,0.0042259367611287,0.0042259367612604,0.9999910706899312,0.9999910706899312,49.413490087151565,0.0,49.97109520596245,0.0,45.59500552186213,0.0,45.30134959318861,0.0,0.0,0.0,0.0,0.0,0.0,0.0
10.0,7.77848892444622,0.0042259933053564,0.0042259933054854,0.9999910704509728,0.9999910704509728,49.41349006501465,0.0,49.97109473570968,0.0,45.59500551614,0.0,45.30134949293617,0.0,0.0,0.0,0.0,0.0,0.0,0.0
10.0,7.77873893694685,0.0042260498505546,0.0042260498506809,0.9999910702120068,0.9999910702120068,49.41349004287737,0.0,49.97109426544305,0.0,45.59500551041767,0.0,45.301349392680606,0.0,0.0,0.0,0.0,0.0,0.0,0.0
10.0,7.77898894944747,0.0042261063967232,0.0042261063968467,0.9999910699730352,0.9999910699730352,49.41349002073976,0.0,49.97109379516257,0.0,45.59500550469515,0.0,45.30134929242193,0.0,0.0,0.0,0.0,0.0,0.0,0.0
10.0,7.7792389619481,0.0042261629438621,0.004226162943983,0.999991069734055,0.999991069734055,49.4134899986018,0.0,49.97109332486821,0.0,45.595005498972455,0.0,45.30134919216016,0.0,0.0,0.0,0.0,0.0,0.0,0.0
10.0,7.77948897444872,0.0042262194919713,0.0042262194920895,0.999991069495067,0.999991069495067,49.41348997646348,0.0,49.97109285456,0.0,45.595005493249566,0.0,45.30134909189527,0.0,0.0,0.0,0.0,0.0,0.0,0.0
10.0,7.77973898694935,0.0042262760410508,0.0042262760411663,0.9999910692560732,0.9999910692560732,49.41348995432484,0.0,49.97109238423793,0.0,45.595005487526485,0.0,45.30134899162726,0.0,0.0,0.0,0.0,0.0,0.0,0.0
10.0,7.77998899944997,0.0042263325911005,0.0042263325912132,0.999991069017071,0.999991069017071,49.41348993218583,0.0,49.97109191390199,0.0,45.59500548180323,0.0,45.30134889135615,0.0,0.0,0.0,0.0,0.0,0.0,0.0
10.0,7.7802390119506,0.0042263891421204,0.0042263891422304,0.999991068778061,0.999991068778062,49.41348991004649,0.0,49.9710914435522,0.0,45.59500547607978,0.0,45.30134879108193,0.0,0.0,0.0,0.0,0.0,0.0,0.0
10.0,7.78048902445122,0.0042264456941104,0.0042264456942177,0.9999910685390452,0.9999910685390452,49.413489887906806,0.0,49.97109097318854,0.0,45.59500547035614,0.0,45.3013486908046,0.0,0.0,0.0,0.0,0.0,0.0,0.0
10.0,7.78073903695185,0.0042265022470704,0.004226502247175,0.9999910683000208,0.9999910683000208,49.41348986576678,0.0,49.97109050281103,0.0,45.59500546463232,0.0,45.30134859052415,0.0,0.0,0.0,0.0,0.0,0.0,0.0
10.0,7.78098904945247,0.0042265588010005,0.0042265588011023,0.99999106806099,0.99999106806099,49.41348984362641,0.0,49.971090032419646,0.0,45.59500545890831,0.0,45.30134849024059,0.0,0.0,0.0,0.0,0.0,0.0,0.0
10.0,7.7812390619531,0.0042266153559006,0.0042266153559996,0.9999910678219508,0.9999910678219508,49.41348982148568,0.0,49.971089562014406,0.0,45.59500545318412,0.0,45.30134838995393,0.0,0.0,0.0,0.0,0.0,0.0,0.0
10.0,7.78148907445372,0.0042266719117705,0.0042266719118669,0.999991067582905,0.999991067582906,49.413489799344624,0.0,49.9710890915953,0.0,45.59500544745973,0.0,45.30134828966416,0.0,0.0,0.0,0.0,0.0,0.0,0.0
10.0,7.78173908695435,0.0042267284686104,0.004226728468704,0.999991067343853,0.999991067343853,49.41348977720322,0.0,49.97108862116235,0.0,45.59500544173516,0.0,45.30134818937128,0.0,0.0,0.0,0.0,0.0,0.0,0.0
10.0,7.781989099454969,0.0042267850264201,0.004226785026511,0.999991067104792,0.999991067104792,49.41348975506148,0.0,49.97108815071553,0.0,45.5950054360104,0.0,45.30134808907528,0.0,0.0,0.0,0.0,0.0,0.0,0.0
10.0,7.7822391119556,0.0042268415851995,0.0042268415852877,0.999991066865725,0.999991066865724,49.41348973291938,0.0,49.97108768025486,0.0,45.595005430285454,0.0,45.30134798877618,0.0,0.0,0.0,0.0,0.0,0.0,0.0
10.0,7.78248912445622,0.0042268981449487,0.0042268981450341,0.9999910666266502,0.9999910666266502,49.41348971077695,0.0,49.97108720978032,0.0,45.59500542456033,0.0,45.30134788847397,0.0,0.0,0.0,0.0,0.0,0.0,0.0
10.0,7.78273913695685,0.0042269547056676,0.0042269547057503,0.9999910663875669,0.9999910663875669,49.41348968863418,0.0,49.97108673929193,0.0,45.59500541883501,0.0,45.30134778816864,0.0,0.0,0.0,0.0,0.0,0.0,0.0
10.0,7.78298914945747,0.0042270112673562,0.0042270112674361,0.999991066148478,0.999991066148478,49.41348966649107,0.0,49.97108626878967,0.0,45.595005413109504,0.0,45.30134768786021,0.0,0.0,0.0,0.0,0.0,0.0,0.0
10.0,7.7832391619581,0.0042270678300143,0.0042270678300914,0.9999910659093808,0.9999910659093808,49.41348964434761,0.0,49.97108579827355,0.0,45.59500540738381,0.0,45.301347587548655,0.0,0.0,0.0,0.0,0.0,0.0,0.0
10.0,7.78348917445872,0.0042271243936419,0.0042271243937164,0.9999910656702772,0.9999910656702772,49.41348962220382,0.0,49.97108532774358,0.0,45.59500540165793,0.0,45.301347487234,0.0,0.0,0.0,0.0,0.0,0.0,0.0
10.0,7.78373918695935,0.0042271809582391,0.0042271809583108,0.999991065431165,0.999991065431165,49.41348960005968,0.0,49.97108485719974,0.0,45.59500539593186,0.0,45.30134738691624,0.0,0.0,0.0,0.0,0.0,0.0,0.0
10.0,7.78398919945997,0.0042272375238057,0.0042272375238746,0.999991065192047,0.999991065192047,49.41348957791521,0.0,49.97108438664205,0.0,45.595005390205614,0.0,45.301347286595366,0.0,0.0,0.0,0.0,0.0,0.0,0.0
10.0,7.7842392119606,0.0042272940903417,0.0042272940904079,0.999991064952921,0.999991064952921,49.4134895557704,0.0,49.971083916070505,0.0,45.59500538447917,0.0,45.30134718627138,0.0,0.0,0.0,0.0,0.0,0.0,0.0
10.0,7.78448922446122,0.0042273506578471,0.0042273506579105,0.999991064713787,0.999991064713787,49.413489533625246,0.0,49.97108344548508,0.0,45.59500537875255,0.0,45.301347085944286,0.0,0.0,0.0,0.0,0.0,0.0,0.0
10.0,7.78473923696185,0.0042274072263218,0.0042274072263824,0.999991064474647,0.999991064474647,49.41348951147974,0.0,49.97108297488583,0.0,45.595005373025735,0.0,45.30134698561408,0.0,0.0,0.0,0.0,0.0,0.0,0.0
10.0,7.78498924946247,0.0042274637957657,0.0042274637958236,0.999991064235499,0.999991064235499,49.41348948933391,0.0,49.97108250427269,0.0,45.59500536729873,0.0,45.301346885280765,0.0,0.0,0.0,0.0,0.0,0.0,0.0
10.0,7.7852392619631,0.0042275203661789,0.004227520366234,0.999991063996343,0.999991063996343,49.41348946718774,0.0,49.9710820336457,0.0,45.595005361571545,0.0,45.301346784944336,0.0,0.0,0.0,0.0,0.0,0.0,0.0
10.0,7.78548927446372,0.0042275769375612,0.0042275769376135,0.999991063757181,0.999991063757181,49.41348944504122,0.0,49.97108156300486,0.0,45.59500535584417,0.0,45.3013466846048,0.0,0.0,0.0,0.0,0.0,0.0,0.0
10.0,7.78573928696435,0.0042276335099126,0.0042276335099622,0.999991063518011,0.999991063518011,49.41348942289437,0.0,49.97108109235016,0.0,45.59500535011661,0.0,45.30134658426216,0.0,0.0,0.0,0.0,0.0,0.0,0.0
10.0,7.78598929946497,0.0042276900832331,0.0042276900832799,0.999991063278834,0.999991063278834,49.41348940074718,0.0,49.9710806216816,0.0,45.59500534438886,0.0,45.30134648391641,0.0,0.0,0.0,0.0,0.0,0.0,0.0
10.0,7.7862393119656,0.0042277466575227,0.0042277466575667,0.999991063039649,0.999991063039649,49.413489378599664,0.0,49.97108015099917,0.0,45.595005338660926,0.0,45.301346383567534,0.0,0.0,0.0,0.0,0.0,0.0,0.0
10.0,7.78648932446622,0.0042278032327812,0.0042278032328224,0.999991062800458,0.999991062800458,49.4134893564518,0.0,49.9710796803029,0.0,45.5950053329328,0.0,45.30134628321556,0.0,0.0,0.0,0.0,0.0,0.0,0.0
10.0,7.786739336966851,0.0042278598090086,0.0042278598090471,0.999991062561259,0.999991062561259,49.4134893343036,0.0,49.97107920959276,0.0,45.5950053272045,0.0,45.301346182860485,0.0,0.0,0.0,0.0,0.0,0.0,0.0
10.0,7.78698934946747,0.0042279163862049,0.0042279163862406,0.999991062322052,0.999991062322052,49.413489312155065,0.0,49.97107873886877,0.0,45.595005321476,0.0,45.301346082502285,0.0,0.0,0.0,0.0,0.0,0.0,0.0
10.0,7.7872393619681,0.00422797296437,0.0042279729644029,0.999991062082839,0.999991062082839,49.4134892900062,0.0,49.97107826813092,0.0,45.59500531574732,0.0,45.30134598214099,0.0,0.0,0.0,0.0,0.0,0.0,0.0
10.0,7.78748937446872,0.004228029543504,0.0042280295435341,0.999991061843618,0.999991061843618,49.41348926785698,0.0,49.9710777973792,0.0,45.59500531001845,0.0,45.30134588177657,0.0,0.0,0.0,0.0,0.0,0.0,0.0
10.0,7.78773938696935,0.0042280861236066,0.004228086123634,0.99999106160439,0.999991061604389,49.41348924570744,0.0,49.97107732661364,0.0,45.595005304289394,0.0,45.30134578140904,0.0,0.0,0.0,0.0,0.0,0.0,0.0
10.0,7.78798939946997,0.004228142704678,0.0042281427047025,0.999991061365154,0.999991061365154,49.41348922355756,0.0,49.97107685583423,0.0,45.59500529856015,0.0,45.301345681038406,0.0,0.0,0.0,0.0,0.0,0.0,0.0
10.0,7.7882394119706,0.004228199286718,0.0042281992867397,0.999991061125911,0.999991061125911,49.41348920140734,0.0,49.97107638504094,0.0,45.59500529283072,0.0,45.30134558066466,0.0,0.0,0.0,0.0,0.0,0.0,0.0
10.0,7.78848942447122,0.0042282558697266,0.0042282558697455,0.999991060886661,0.999991060886661,49.41348917925678,0.0,49.97107591423381,0.0,45.5950052871011,0.0,45.3013454802878,0.0,0.0,0.0,0.0,0.0,0.0,0.0
10.0,7.78873943697185,0.0042283124537037,0.0042283124537199,0.999991060647404,0.999991060647404,49.41348915710589,0.0,49.971075443412815,0.0,45.5950052813713,0.0,45.30134537990784,0.0,0.0,0.0,0.0,0.0,0.0,0.0
10.0,7.78898944947247,0.0042283690386493,0.0042283690386627,0.999991060408139,0.999991060408139,49.41348913495467,0.0,49.97107497257796,0.0,45.59500527564131,0.0,45.30134527952477,0.0,0.0,0.0,0.0,0.0,0.0,0.0
10.0,7.7892394619731,0.0042284256245634,0.004228425624574,0.9999910601688669,0.9999910601688669,49.41348911280311,0.0,49.971074501729255,0.0,45.595005269911134,0.0,45.30134517913858,0.0,0.0,0.0,0.0,0.0,0.0,0.0
10.0,7.78948947447372,0.0042284822114459,0.0042284822114537,0.999991059929588,0.999991059929587,49.41348909065124,0.0,49.97107403086669,0.0,45.59500526418076,0.0,45.301345078749286,0.0,0.0,0.0,0.0,0.0,0.0,0.0
10.0,7.78973948697435,0.0042285387992968,0.0042285387993017,0.999991059690301,0.999991059690301,49.41348906849901,0.0,49.97107355999027,0.0,45.595005258450215,0.0,45.30134497835689,0.0,0.0,0.0,0.0,0.0,0.0,0.0
10.0,7.78998949947497,0.0042285953881159,0.0042285953881181,0.999991059451007,0.999991059451007,49.413489046346456,0.0,49.9710730891,0.0,45.59500525271948,0.0,45.30134487796138,0.0,0.0,0.0,0.0,0.0,0.0,0.0
10.0,7.7902395119756,0.0042286519779033,0.0042286519779027,0.999991059211706,0.999991059211706,49.41348902419357,0.0,49.97107261819587,0.0,45.59500524698855,0.0,45.30134477756275,0.0,0.0,0.0,0.0,0.0,0.0,0.0
10.0,7.79048952447622,0.004228708568659,0.0042287085686555,0.999991058972397,0.999991058972397,49.41348900204034,0.0,49.97107214727787,0.0,45.59500524125744,0.0,45.30134467716101,0.0,0.0,0.0,0.0,0.0,0.0,0.0
10.0,7.79073953697685,0.0042287651603828,0.0042287651603765,0.9999910587330813,0.9999910587330813,49.41348897988679,0.0,49.97107167634603,0.0,45.59500523552615,0.0,45.30134457675617,0.0,0.0,0.0,0.0,0.0,0.0,0.0
10.0,7.79098954947747,0.0042288217530747,0.0042288217530656,0.999991058493758,0.999991058493758,49.4134889577329,0.0,49.97107120540033,0.0,45.59500522979466,0.0,45.30134447634821,0.0,0.0,0.0,0.0,0.0,0.0,0.0
10.0,7.7912395619781,0.0042288783467347,0.0042288783467228,0.999991058254428,0.999991058254428,49.41348893557869,0.0,49.97107073444077,0.0,45.59500522406298,0.0,45.30134437593716,0.0,0.0,0.0,0.0,0.0,0.0,0.0
10.0,7.79148957447872,0.0042289349413627,0.004228934941348,0.99999105801509,0.99999105801509,49.41348891342414,0.0,49.97107026346737,0.0,45.59500521833112,0.0,45.301344275522986,0.0,0.0,0.0,0.0,0.0,0.0,0.0
10.0,7.79173958697935,0.0042289915369587,0.0042289915369411,0.9999910577757452,0.9999910577757452,49.41348889126925,0.0,49.971069792480094,0.0,45.59500521259908,0.0,45.3013441751057,0.0,0.0,0.0,0.0,0.0,0.0,0.0
10.0,7.79198959947997,0.0042290481335226,0.0042290481335022,0.999991057536393,0.999991057536393,49.41348886911403,0.0,49.97106932147897,0.0,45.59500520686684,0.0,45.3013440746853,0.0,0.0,0.0,0.0,0.0,0.0,0.0
10.0,7.792239611980601,0.0042291047310544,0.0042291047310312,0.999991057297033,0.999991057297033,49.4134888469585,0.0,49.971068850464,0.0,45.59500520113442,0.0,45.301343974261805,0.0,0.0,0.0,0.0,0.0,0.0,0.0
10.0,7.79248962448122,0.004229161329554,0.004229161329528,0.999991057057666,0.999991057057666,49.41348882480263,0.0,49.97106837943516,0.0,45.59500519540182,0.0,45.3013438738352,0.0,0.0,0.0,0.0,0.0,0.0,0.0
10.0,7.79273963698185,0.0042292179290214,0.0042292179289926,0.999991056818292,0.999991056818292,49.41348880264642,0.0,49.97106790839248,0.0,45.595005189669024,0.0,45.30134377340547,0.0,0.0,0.0,0.0,0.0,0.0,0.0
10.0,7.79298964948247,0.0042292745294566,0.0042292745294249,0.999991056578911,0.999991056578911,49.41348878048988,0.0,49.97106743733593,0.0,45.59500518393604,0.0,45.30134367297264,0.0,0.0,0.0,0.0,0.0,0.0,0.0
10.0,7.7932396619831,0.0042293311308595,0.004229331130825,0.999991056339522,0.999991056339521,49.41348875833301,0.0,49.97106696626553,0.0,45.59500517820288,0.0,45.3013435725367,0.0,0.0,0.0,0.0,0.0,0.0,0.0
10.0,7.79348967448372,0.00422938773323,0.0042293877331926,0.999991056100126,0.999991056100126,49.41348873617582,0.0,49.97106649518128,0.0,45.59500517246952,0.0,45.301343472097656,0.0,0.0,0.0,0.0,0.0,0.0,0.0
10.0,7.79373968698435,0.0042294443365681,0.0042294443365279,0.999991055860722,0.999991055860722,49.4134887140183,0.0,49.97106602408319,0.0,45.59500516673597,0.0,45.30134337165549,0.0,0.0,0.0,0.0,0.0,0.0,0.0
10.0,7.79398969948497,0.0042295009408737,0.0042295009408307,0.999991055621311,0.999991055621311,49.41348869186045,0.0,49.97106555297122,0.0,45.59500516100224,0.0,45.30134327121023,0.0,0.0,0.0,0.0,0.0,0.0,0.0
10.0,7.7942397119856,0.0042295575461468,0.004229557546101,0.999991055381893,0.999991055381893,49.41348866970227,0.0,49.9710650818454,0.0,45.59500515526833,0.0,45.30134317076184,0.0,0.0,0.0,0.0,0.0,0.0,0.0
10.0,7.794489724486221,0.0042296141523875,0.0042296141523387,0.999991055142468,0.999991055142468,49.41348864754376,0.0,49.97106461070573,0.0,45.59500514953423,0.0,45.30134307031036,0.0,0.0,0.0,0.0,0.0,0.0,0.0
10.0,7.79473973698685,0.0042296707595955,0.0042296707595439,0.999991054903035,0.999991054903035,49.41348862538493,0.0,49.971064139552205,0.0,45.59500514379994,0.0,45.30134296985576,0.0,0.0,0.0,0.0,0.0,0.0,0.0
10.0,7.79498974948747,0.0042297273677708,0.0042297273677164,0.999991054663596,0.999991054663596,49.413488603225765,0.0,49.97106366838482,0.0,45.59500513806546,0.0,45.301342869398056,0.0,0.0,0.0,0.0,0.0,0.0,0.0
10.0,7.7952397619881,0.0042297839769135,0.0042297839768563,0.999991054424148,0.999991054424148,49.41348858106628,0.0,49.971063197203605,0.0,45.5950051323308,0.0,45.30134276893724,0.0,0.0,0.0,0.0,0.0,0.0,0.0
10.0,7.79548977448872,0.0042298405870234,0.0042298405869633,0.999991054184694,0.999991054184694,49.41348855890645,0.0,49.97106272600852,0.0,45.59500512659594,0.0,45.3013426684733,0.0,0.0,0.0,0.0,0.0,0.0,0.0
10.0,7.79573978698935,0.0042298971981006,0.0042298971980376,0.999991053945232,0.999991053945232,49.4134885367463,0.0,49.97106225479958,0.0,45.59500512086092,0.0,45.30134256800627,0.0,0.0,0.0,0.0,0.0,0.0,0.0
10.0,7.79598979948997,0.0042299538101449,0.0042299538100791,0.999991053705763,0.999991053705763,49.41348851458584,0.0,49.97106178357678,0.0,45.59500511512569,0.0,45.30134246753613,0.0,0.0,0.0,0.0,0.0,0.0,0.0
10.0,7.7962398119906,0.0042300104231564,0.0042300104230877,0.9999910534662872,0.9999910534662872,49.41348849242504,0.0,49.97106131234013,0.0,45.59500510939027,0.0,45.30134236706287,0.0,0.0,0.0,0.0,0.0,0.0,0.0
10.0,7.79648982449122,0.0042300670371349,0.0042300670370634,0.999991053226803,0.999991053226803,49.41348847026392,0.0,49.97106084108964,0.0,45.59500510365468,0.0,45.3013422665865,0.0,0.0,0.0,0.0,0.0,0.0,0.0
10.0,7.79673983699185,0.0042301236520805,0.0042301236520061,0.999991052987312,0.999991052987312,49.41348844810247,0.0,49.97106036982529,0.0,45.59500509791889,0.0,45.30134216610704,0.0,0.0,0.0,0.0,0.0,0.0,0.0
10.0,7.79698984949247,0.004230180267993,0.0042301802679157,0.999991052747814,0.999991052747814,49.413488425940685,0.0,49.97105989854708,0.0,45.59500509218292,0.0,45.30134206562445,0.0,0.0,0.0,0.0,0.0,0.0,0.0
10.0,7.7972398619931,0.0042302368848725,0.0042302368847923,0.999991052508308,0.999991052508308,49.41348840377859,0.0,49.97105942725502,0.0,45.595005086446754,0.0,45.30134196513876,0.0,0.0,0.0,0.0,0.0,0.0,0.0
10.0,7.79748987449373,0.0042302935027188,0.0042302935026358,0.999991052268795,0.999991052268795,49.41348838161617,0.0,49.97105895594911,0.0,45.595005080710415,0.0,45.30134186464995,0.0,0.0,0.0,0.0,0.0,0.0,0.0
10.0,7.797739886994349,0.004230350121532,0.0042303501214461,0.999991052029275,0.999991052029275,49.41348835945342,0.0,49.97105848462935,0.0,45.59500507497388,0.0,45.30134176415804,0.0,0.0,0.0,0.0,0.0,0.0,0.0
10.0,7.79798989949497,0.004230406741312,0.0042304067412232,0.9999910517897468,0.9999910517897468,49.413488337290346,0.0,49.97105801329573,0.0,45.59500506923717,0.0,45.30134166366302,0.0,0.0,0.0,0.0,0.0,0.0,0.0
10.0,7.7982399119956,0.0042304633620587,0.0042304633619671,0.999991051550213,0.999991051550213,49.41348831512696,0.0,49.97105754194826,0.0,45.59500506350026,0.0,45.30134156316488,0.0,0.0,0.0,0.0,0.0,0.0,0.0
10.0,7.79848992449622,0.0042305199837721,0.0042305199836776,0.99999105131067,0.99999105131067,49.41348829296322,0.0,49.97105707058693,0.0,45.59500505776317,0.0,45.30134146266364,0.0,0.0,0.0,0.0,0.0,0.0,0.0
10.0,7.79873993699685,0.0042305766064522,0.0042305766063548,0.9999910510711209,0.9999910510711209,49.41348827079919,0.0,49.97105659921176,0.0,45.59500505202589,0.0,45.30134136215929,0.0,0.0,0.0,0.0,0.0,0.0,0.0
10.0,7.79898994949748,0.0042306332300988,0.0042306332299986,0.999991050831564,0.999991050831564,49.41348824863482,0.0,49.97105612782274,0.0,45.59500504628842,0.0,45.30134126165184,0.0,0.0,0.0,0.0,0.0,0.0,0.0
10.0,7.7992399619981,0.0042306898547121,0.0042306898546089,0.9999910505920012,0.9999910505920012,49.41348822647013,0.0,49.97105565641986,0.0,45.59500504055076,0.0,45.30134116114127,0.0,0.0,0.0,0.0,0.0,0.0,0.0
10.0,7.79948997449872,0.0042307464802918,0.0042307464801857,0.9999910503524287,0.9999910503524287,49.41348820430512,0.0,49.97105518500313,0.0,45.59500503481293,0.0,45.30134106062759,0.0,0.0,0.0,0.0,0.0,0.0,0.0
10.0,7.79973998699935,0.004230803106838,0.004230803106729,0.999991050112851,0.999991050112851,49.41348818213979,0.0,49.97105471357255,0.0,45.5950050290749,0.0,45.3013409601108,0.0,0.0,0.0,0.0,0.0,0.0,0.0
10.0,7.79998999949998,0.0042308597343505,0.0042308597342387,0.999991049873265,0.999991049873265,49.41348815997413,0.0,49.97105424212812,0.0,45.59500502333668,0.0,45.30134085959091,0.0,0.0,0.0,0.0,0.0,0.0,0.0
10.0,7.8002400120006,0.0042309163628295,0.0042309163627148,0.999991049633672,0.999991049633671,49.41348813780815,0.0,49.97105377066983,0.0,45.59500501759828,0.0,45.3013407590679,0.0,0.0,0.0,0.0,0.0,0.0,0.0
10.0,7.80049002450122,0.0042309729922748,0.0042309729921571,0.999991049394071,0.999991049394071,49.413488115641854,0.0,49.9710532991977,0.0,45.59500501185969,0.0,45.301340658541775,0.0,0.0,0.0,0.0,0.0,0.0,0.0
10.0,7.80074003700185,0.0042310296226863,0.0042310296225658,0.999991049154463,0.999991049154463,49.41348809347523,0.0,49.97105282771171,0.0,45.595005006120914,0.0,45.30134055801256,0.0,0.0,0.0,0.0,0.0,0.0,0.0
10.0,7.80099004950247,0.004231086254064,0.0042310862539406,0.999991048914848,0.999991048914848,49.41348807130829,0.0,49.97105235621187,0.0,45.59500500038195,0.0,45.30134045748022,0.0,0.0,0.0,0.0,0.0,0.0,0.0
10.0,7.8012400620031,0.004231142886408,0.0042311428862817,0.999991048675226,0.999991048675226,49.41348804914103,0.0,49.97105188469818,0.0,45.59500499464281,0.0,45.30134035694478,0.0,0.0,0.0,0.0,0.0,0.0,0.0
10.0,7.80149007450373,0.004231199519718,0.0042311995195888,0.999991048435596,0.999991048435596,49.413488026973454,0.0,49.97105141317064,0.0,45.59500498890346,0.0,45.30134025640622,0.0,0.0,0.0,0.0,0.0,0.0,0.0
10.0,7.80174008700435,0.0042312561539941,0.004231256153862,0.99999104819596,0.999991048195959,49.41348800480554,0.0,49.97105094162925,0.0,45.595004983163946,0.0,45.30134015586456,0.0,0.0,0.0,0.0,0.0,0.0,0.0
10.0,7.80199009950497,0.0042313127892363,0.0042313127891013,0.9999910479563148,0.9999910479563148,49.413487982637335,0.0,49.971050470074005,0.0,45.59500497742424,0.0,45.30134005531979,0.0,0.0,0.0,0.0,0.0,0.0,0.0
10.0,7.8022401120056,0.0042313694254444,0.0042313694253065,0.999991047716664,0.999991047716664,49.41348796046879,0.0,49.97104999850492,0.0,45.59500497168433,0.0,45.30133995477191,0.0,0.0,0.0,0.0,0.0,0.0,0.0
10.0,7.80249012450623,0.0042314260626185,0.0042314260624777,0.999991047477005,0.999991047477005,49.41348793829993,0.0,49.971049526921966,0.0,45.595004965944256,0.0,45.30133985422092,0.0,0.0,0.0,0.0,0.0,0.0,0.0
10.0,7.80274013700685,0.0042314827007585,0.0042314827006147,0.999991047237339,0.999991047237339,49.41348791613075,0.0,49.97104905532517,0.0,45.59500496020398,0.0,45.30133975366682,0.0,0.0,0.0,0.0,0.0,0.0,0.0
10.0,7.80299014950748,0.0042315393398643,0.0042315393397176,0.9999910469976652,0.9999910469976652,49.41348789396126,0.0,49.97104858371452,0.0,45.595004954463526,0.0,45.301339653109615,0.0,0.0,0.0,0.0,0.0,0.0,0.0
10.0,7.803240162008099,0.0042315959799359,0.0042315959797863,0.999991046757984,0.999991046757984,49.413487871791446,0.0,49.97104811209003,0.0,45.59500494872288,0.0,45.301339552549294,0.0,0.0,0.0,0.0,0.0,0.0,0.0
10.0,7.80349017450872,0.0042316526209733,0.0042316526208207,0.999991046518297,0.999991046518296,49.41348784962131,0.0,49.97104764045169,0.0,45.59500494298205,0.0,45.30133945198587,0.0,0.0,0.0,0.0,0.0,0.0,0.0
10.0,7.80374018700935,0.0042317092629763,0.0042317092628208,0.999991046278601,0.999991046278601,49.41348782745087,0.0,49.97104716879949,0.0,45.59500493724103,0.0,45.30133935141933,0.0,0.0,0.0,0.0,0.0,0.0,0.0
10.0,7.80399019950998,0.004231765905945,0.0042317659057866,0.999991046038899,0.999991046038898,49.41348780528009,0.0,49.97104669713345,0.0,45.59500493149982,0.0,45.30133925084968,0.0,0.0,0.0,0.0,0.0,0.0,0.0
10.0,7.8042402120106,0.0042318225498793,0.004231822549718,0.999991045799189,0.999991045799189,49.41348778310901,0.0,49.97104622545356,0.0,45.59500492575844,0.0,45.30133915027693,0.0,0.0,0.0,0.0,0.0,0.0,0.0
10.0,7.80449022451123,0.0042318791947792,0.0042318791946149,0.999991045559471,0.999991045559471,49.413487760937606,0.0,49.97104575375981,0.0,45.595004920016855,0.0,45.30133904970106,0.0,0.0,0.0,0.0,0.0,0.0,0.0
10.0,7.80474023701185,0.0042319358406445,0.0042319358404774,0.9999910453197468,0.9999910453197468,49.4134877387659,0.0,49.97104528205221,0.0,45.59500491427509,0.0,45.30133894912209,0.0,0.0,0.0,0.0,0.0,0.0,0.0
10.0,7.80499024951247,0.0042319924874754,0.0042319924873052,0.999991045080015,0.999991045080015,49.41348771659387,0.0,49.97104481033077,0.0,45.595004908533134,0.0,45.30133884854001,0.0,0.0,0.0,0.0,0.0,0.0,0.0
10.0,7.8052402620131,0.0042320491352716,0.0042320491350986,0.999991044840276,0.999991044840276,49.41348769442152,0.0,49.97104433859549,0.0,45.59500490279099,0.0,45.301338747954816,0.0,0.0,0.0,0.0,0.0,0.0,0.0
10.0,7.80549027451373,0.0042321057840332,0.0042321057838572,0.999991044600529,0.999991044600529,49.41348767224885,0.0,49.97104386684634,0.0,45.59500489704866,0.0,45.30133864736652,0.0,0.0,0.0,0.0,0.0,0.0,0.0
10.0,7.80574028701435,0.0042321624337601,0.0042321624335812,0.999991044360776,0.999991044360776,49.41348765007588,0.0,49.97104339508336,0.0,45.59500489130616,0.0,45.30133854677511,0.0,0.0,0.0,0.0,0.0,0.0,0.0
10.0,7.80599029951498,0.0042322190844523,0.0042322190842705,0.999991044121015,0.999991044121015,49.41348762790258,0.0,49.97104292330651,0.0,45.59500488556345,0.0,45.30133844618059,0.0,0.0,0.0,0.0,0.0,0.0,0.0
10.0,7.8062403120156,0.0042322757361098,0.0042322757359249,0.999991043881247,0.999991043881246,49.41348760572898,0.0,49.97104245151582,0.0,45.59500487982056,0.0,45.30133834558296,0.0,0.0,0.0,0.0,0.0,0.0,0.0
10.0,7.80649032451623,0.0042323323887324,0.0042323323885446,0.9999910436414708,0.999991043641471,49.413487583555046,0.0,49.97104197971128,0.0,45.595004874077496,0.0,45.30133824498222,0.0,0.0,0.0,0.0,0.0,0.0,0.0
10.0,7.80674033701685,0.0042323890423201,0.0042323890421294,0.999991043401688,0.999991043401688,49.41348756138081,0.0,49.971041507892906,0.0,45.59500486833423,0.0,45.30133814437838,0.0,0.0,0.0,0.0,0.0,0.0,0.0
10.0,7.80699034951748,0.0042324456968729,0.0042324456966792,0.999991043161898,0.999991043161898,49.413487539206265,0.0,49.97104103606067,0.0,45.59500486259078,0.0,45.30133804377143,0.0,0.0,0.0,0.0,0.0,0.0,0.0
10.0,7.8072403620181,0.0042325023523907,0.0042325023521941,0.9999910429221,0.9999910429221,49.4134875170314,0.0,49.97104056421458,0.0,45.59500485684714,0.0,45.30133794316136,0.0,0.0,0.0,0.0,0.0,0.0,0.0
10.0,7.80749037451872,0.0042325590088736,0.004232559008674,0.999991042682296,0.999991042682295,49.41348749485622,0.0,49.971040092354656,0.0,45.59500485110332,0.0,45.301337842548186,0.0,0.0,0.0,0.0,0.0,0.0,0.0
10.0,7.80774038701935,0.0042326156663214,0.0042326156661188,0.999991042442483,0.999991042442483,49.41348747268074,0.0,49.97103962048088,0.0,45.59500484535931,0.0,45.3013377419319,0.0,0.0,0.0,0.0,0.0,0.0,0.0
10.0,7.807990399519981,0.004232672324734,0.0042326723245285,0.999991042202664,0.999991042202664,49.41348745050493,0.0,49.971039148593256,0.0,45.59500483961512,0.0,45.301337641312514,0.0,0.0,0.0,0.0,0.0,0.0,0.0
10.0,7.8082404120206,0.0042327289841115,0.0042327289839031,0.999991041962838,0.999991041962837,49.41348742832882,0.0,49.97103867669178,0.0,45.595004833870725,0.0,45.30133754069001,0.0,0.0,0.0,0.0,0.0,0.0,0.0
10.0,7.80849042452123,0.0042327856444539,0.0042327856442424,0.999991041723004,0.999991041723004,49.4134874061524,0.0,49.97103820477646,0.0,45.59500482812616,0.0,45.3013374400644,0.0,0.0,0.0,0.0,0.0,0.0,0.0
10.0,7.80874043702185,0.0042328423057609,0.0042328423055465,0.999991041483162,0.999991041483162,49.41348738397565,0.0,49.97103773284729,0.0,45.595004822381405,0.0,45.30133733943568,0.0,0.0,0.0,0.0,0.0,0.0,0.0
10.0,7.80899044952248,0.0042328989680327,0.0042328989678153,0.999991041243314,0.999991041243313,49.41348736179861,0.0,49.97103726090428,0.0,45.59500481663646,0.0,45.30133723880386,0.0,0.0,0.0,0.0,0.0,0.0,0.0
10.0,7.8092404620231,0.0042329556312691,0.0042329556310488,0.999991041003458,0.999991041003458,49.41348733962125,0.0,49.9710367889474,0.0,45.59500481089134,0.0,45.30133713816892,0.0,0.0,0.0,0.0,0.0,0.0,0.0
10.0,7.80949047452373,0.0042330122954701,0.0042330122952468,0.999991040763595,0.999991040763595,49.413487317443575,0.0,49.9710363169767,0.0,45.59500480514602,0.0,45.30133703753088,0.0,0.0,0.0,0.0,0.0,0.0,0.0
10.0,7.80974048702435,0.0042330689606357,0.0042330689604095,0.999991040523724,0.999991040523724,49.4134872952656,0.0,49.97103584499214,0.0,45.59500479940051,0.0,45.30133693688972,0.0,0.0,0.0,0.0,0.0,0.0,0.0
10.0,7.80999049952498,0.0042331256267658,0.0042331256265366,0.999991040283847,0.999991040283846,49.413487273087306,0.0,49.97103537299373,0.0,45.59500479365482,0.0,45.301336836245454,0.0,0.0,0.0,0.0,0.0,0.0,0.0
10.0,7.8102405120256,0.0042331822938604,0.0042331822936282,0.999991040043961,0.999991040043961,49.4134872509087,0.0,49.97103490098148,0.0,45.59500478790894,0.0,45.301336735598085,0.0,0.0,0.0,0.0,0.0,0.0,0.0
10.0,7.81049052452623,0.0042332389619194,0.0042332389616842,0.999991039804069,0.999991039804069,49.41348722872979,0.0,49.97103442895538,0.0,45.59500478216288,0.0,45.3013366349476,0.0,0.0,0.0,0.0,0.0,0.0,0.0
10.0,7.81074053702685,0.0042332956309427,0.0042332956307046,0.99999103956417,0.9999910395641692,49.41348720655057,0.0,49.97103395691543,0.0,45.59500477641662,0.0,45.301336534294016,0.0,0.0,0.0,0.0,0.0,0.0,0.0
10.0,7.81099054952748,0.0042333523009304,0.0042333523006892,0.9999910393242633,0.9999910393242633,49.41348718437104,0.0,49.97103348486164,0.0,45.59500477067019,0.0,45.30133643363732,0.0,0.0,0.0,0.0,0.0,0.0,0.0
10.0,7.8112405620281,0.0042334089718824,0.0042334089716382,0.999991039084348,0.999991039084348,49.4134871621912,0.0,49.971033012794,0.0,45.59500476492356,0.0,45.30133633297751,0.0,0.0,0.0,0.0,0.0,0.0,0.0
10.0,7.81149057452873,0.0042334656437986,0.0042334656435514,0.999991038844427,0.999991038844427,49.41348714001105,0.0,49.971032540712514,0.0,45.595004759176746,0.0,45.30133623231459,0.0,0.0,0.0,0.0,0.0,0.0,0.0
10.0,7.81174058702935,0.004233522316679,0.0042335223164288,0.999991038604498,0.999991038604498,49.4134871178306,0.0,49.971032068617184,0.0,45.59500475342974,0.0,45.301336131648576,0.0,0.0,0.0,0.0,0.0,0.0,0.0
10.0,7.81199059952998,0.0042335789905235,0.0042335789902703,0.999991038364562,0.999991038364562,49.41348709564984,0.0,49.971031596508006,0.0,45.59500474768256,0.0,45.30133603097944,0.0,0.0,0.0,0.0,0.0,0.0,0.0
10.0,7.8122406120306,0.0042336356653321,0.0042336356650759,0.999991038124619,0.999991038124618,49.41348707346876,0.0,49.97103112438498,0.0,45.59500474193519,0.0,45.3013359303072,0.0,0.0,0.0,0.0,0.0,0.0,0.0
10.0,7.81249062453123,0.0042336923411047,0.0042336923408455,0.999991037884668,0.999991037884668,49.41348705128738,0.0,49.9710306522481,0.0,45.59500473618762,0.0,45.30133582963184,0.0,0.0,0.0,0.0,0.0,0.0,0.0
10.0,7.81274063703185,0.0042337490178413,0.0042337490175792,0.99999103764471,0.99999103764471,49.4134870291057,0.0,49.971030180097394,0.0,45.59500473043988,0.0,45.301335728953376,0.0,0.0,0.0,0.0,0.0,0.0,0.0
10.0,7.81299064953248,0.0042338056955419,0.0042338056952767,0.999991037404745,0.999991037404745,49.41348700692371,0.0,49.97102970793283,0.0,45.59500472469194,0.0,45.30133562827181,0.0,0.0,0.0,0.0,0.0,0.0,0.0
10.0,7.8132406620331,0.0042338623742063,0.0042338623739382,0.999991037164772,0.999991037164772,49.41348698474141,0.0,49.97102923575442,0.0,45.59500471894382,0.0,45.301335527587135,0.0,0.0,0.0,0.0,0.0,0.0,0.0
10.0,7.813490674533729,0.0042339190538347,0.0042339190535635,0.999991036924792,0.999991036924792,49.41348696255881,0.0,49.97102876356217,0.0,45.59500471319552,0.0,45.30133542689935,0.0,0.0,0.0,0.0,0.0,0.0,0.0
10.0,7.81374068703435,0.0042339757344268,0.0042339757341526,0.999991036684805,0.999991036684805,49.4134869403759,0.0,49.97102829135607,0.0,45.59500470744701,0.0,45.30133532620845,0.0,0.0,0.0,0.0,0.0,0.0,0.0
10.0,7.81399069953498,0.0042340324159827,0.0042340324157055,0.99999103644481,0.99999103644481,49.41348691819268,0.0,49.97102781913613,0.0,45.595004701698336,0.0,45.30133522551444,0.0,0.0,0.0,0.0,0.0,0.0,0.0
10.0,7.8142407120356,0.0042340890985023,0.0042340890982221,0.999991036204809,0.999991036204808,49.41348689600916,0.0,49.971027346902346,0.0,45.59500469594946,0.0,45.301335124817335,0.0,0.0,0.0,0.0,0.0,0.0,0.0
10.0,7.81449072453623,0.0042341457819855,0.0042341457817023,0.9999910359648,0.999991035964799,49.41348687382534,0.0,49.97102687465472,0.0,45.595004690200405,0.0,45.30133502411712,0.0,0.0,0.0,0.0,0.0,0.0,0.0
10.0,7.81474073703685,0.0042342024664324,0.0042342024661461,0.999991035724783,0.999991035724783,49.41348685164121,0.0,49.97102640239323,0.0,45.59500468445116,0.0,45.30133492341378,0.0,0.0,0.0,0.0,0.0,0.0,0.0
10.0,7.81499074953748,0.0042342591518428,0.0042342591515535,0.99999103548476,0.9999910354847592,49.41348682945677,0.0,49.971025930117904,0.0,45.59500467870173,0.0,45.30133482270736,0.0,0.0,0.0,0.0,0.0,0.0,0.0
10.0,7.8152407620381,0.0042343158382167,0.0042343158379245,0.9999910352447292,0.9999910352447292,49.41348680727204,0.0,49.971025457828745,0.0,45.59500467295212,0.0,45.30133472199779,0.0,0.0,0.0,0.0,0.0,0.0,0.0
10.0,7.81549077453873,0.0042343725255541,0.0042343725252588,0.99999103500469,0.99999103500469,49.41348678508699,0.0,49.97102498552572,0.0,45.59500466720232,0.0,45.301334621285136,0.0,0.0,0.0,0.0,0.0,0.0,0.0
10.0,7.815740787039351,0.004234429213855,0.0042344292135567,0.9999910347646452,0.9999910347646452,49.41348676290164,0.0,49.97102451320888,0.0,45.59500466145233,0.0,45.30133452056938,0.0,0.0,0.0,0.0,0.0,0.0,0.0
10.0,7.81599079953998,0.0042344859031192,0.0042344859028178,0.999991034524592,0.999991034524592,49.413486740716,0.0,49.97102404087818,0.0,45.59500465570214,0.0,45.301334419850505,0.0,0.0,0.0,0.0,0.0,0.0,0.0
10.0,7.8162408120406,0.0042345425933468,0.0042345425930424,0.999991034284532,0.999991034284532,49.413486718530045,0.0,49.97102356853363,0.0,45.595004649951775,0.0,45.301334319128514,0.0,0.0,0.0,0.0,0.0,0.0,0.0
10.0,7.81649082454123,0.0042345992845376,0.0042345992842302,0.999991034044464,0.999991034044464,49.41348669634379,0.0,49.97102309617523,0.0,45.595004644201225,0.0,45.30133421840343,0.0,0.0,0.0,0.0,0.0,0.0,0.0
10.0,7.81674083704185,0.0042346559766916,0.0042346559763812,0.99999103380439,0.99999103380439,49.413486674157234,0.0,49.97102262380301,0.0,45.59500463845049,0.0,45.30133411767523,0.0,0.0,0.0,0.0,0.0,0.0,0.0
10.0,7.81699084954248,0.0042347126698089,0.0042347126694954,0.999991033564308,0.999991033564308,49.41348665197037,0.0,49.971022151416925,0.0,45.59500463269956,0.0,45.301334016943926,0.0,0.0,0.0,0.0,0.0,0.0,0.0
10.0,7.8172408620431,0.0042347693638893,0.0042347693635727,0.999991033324218,0.999991033324218,49.413486629783215,0.0,49.97102167901701,0.0,45.59500462694845,0.0,45.3013339162095,0.0,0.0,0.0,0.0,0.0,0.0,0.0
10.0,7.81749087454373,0.0042348260589328,0.0042348260586132,0.999991033084122,0.999991033084122,49.41348660759576,0.0,49.97102120660325,0.0,45.59500462119715,0.0,45.30133381547197,0.0,0.0,0.0,0.0,0.0,0.0,0.0
10.0,7.81774088704435,0.0042348827549393,0.0042348827546167,0.999991032844018,0.999991032844018,49.41348658540799,0.0,49.97102073417564,0.0,45.59500461544567,0.0,45.30133371473134,0.0,0.0,0.0,0.0,0.0,0.0,0.0
10.0,7.81799089954498,0.0042349394519088,0.0042349394515832,0.9999910326039072,0.9999910326039072,49.41348656321993,0.0,49.97102026173418,0.0,45.59500460969399,0.0,45.3013336139876,0.0,0.0,0.0,0.0,0.0,0.0,0.0
10.0,7.8182409120456,0.0042349961498413,0.0042349961495126,0.999991032363788,0.999991032363788,49.41348654103157,0.0,49.97101978927889,0.0,45.59500460394213,0.0,45.30133351324076,0.0,0.0,0.0,0.0,0.0,0.0,0.0
10.0,7.81849092454623,0.0042350528487367,0.0042350528484049,0.999991032123662,0.999991032123662,49.413486518842895,0.0,49.97101931680975,0.0,45.59500459819009,0.0,45.30133341249079,0.0,0.0,0.0,0.0,0.0,0.0,0.0
10.0,7.81874093704685,0.0042351095485949,0.0042351095482601,0.999991031883529,0.999991031883529,49.41348649665394,0.0,49.97101884432677,0.0,45.595004592437846,0.0,45.30133331173772,0.0,0.0,0.0,0.0,0.0,0.0,0.0
10.0,7.818990949547479,0.004235166249416,0.0042351662490781,0.999991031643389,0.999991031643389,49.41348647446467,0.0,49.97101837182994,0.0,45.59500458668544,0.0,45.30133321098154,0.0,0.0,0.0,0.0,0.0,0.0,0.0
10.0,7.8192409620481,0.0042352229511998,0.0042352229508588,0.9999910314032407,0.9999910314032407,49.41348645227511,0.0,49.97101789931928,0.0,45.595004580932816,0.0,45.30133311022227,0.0,0.0,0.0,0.0,0.0,0.0,0.0
10.0,7.81949097454873,0.0042352796539463,0.0042352796536023,0.999991031163086,0.999991031163086,49.41348643008524,0.0,49.97101742679478,0.0,45.59500457518003,0.0,45.301333009459874,0.0,0.0,0.0,0.0,0.0,0.0,0.0
10.0,7.81974098704935,0.0042353363576555,0.0042353363573084,0.999991030922924,0.999991030922924,49.41348640789509,0.0,49.97101695425643,0.0,45.59500456942705,0.0,45.30133290869437,0.0,0.0,0.0,0.0,0.0,0.0,0.0
10.0,7.81999099954998,0.0042353930623273,0.0042353930619772,0.999991030682755,0.999991030682754,49.41348638570463,0.0,49.97101648170423,0.0,45.59500456367387,0.0,45.30133280792575,0.0,0.0,0.0,0.0,0.0,0.0,0.0
10.0,7.8202410120506,0.0042354497679617,0.0042354497676085,0.999991030442578,0.999991030442578,49.41348636351388,0.0,49.9710160091382,0.0,45.59500455792052,0.0,45.30133270715404,0.0,0.0,0.0,0.0,0.0,0.0,0.0
10.0,7.82049102455123,0.0042355064745586,0.0042355064742023,0.999991030202394,0.9999910302023928,49.41348634132282,0.0,49.97101553655832,0.0,45.59500455216698,0.0,45.301332606379205,0.0,0.0,0.0,0.0,0.0,0.0,0.0
10.0,7.82074103705185,0.004235563182118,0.0042355631817586,0.999991029962202,0.999991029962202,49.413486319131465,0.0,49.97101506396459,0.0,45.59500454641324,0.0,45.30133250560127,0.0,0.0,0.0,0.0,0.0,0.0,0.0
10.0,7.82099104955248,0.0042356198906398,0.0042356198902774,0.9999910297220028,0.9999910297220028,49.413486296939816,0.0,49.97101459135703,0.0,45.59500454065933,0.0,45.30133240482022,0.0,0.0,0.0,0.0,0.0,0.0,0.0
10.0,7.821241062053099,0.004235676600124,0.0042356765997585,0.999991029481797,0.999991029481797,49.41348627474787,0.0,49.97101411873563,0.0,45.59500453490523,0.0,45.30133230403607,0.0,0.0,0.0,0.0,0.0,0.0,0.0
10.0,7.82149107455373,0.0042357333105705,0.004235733310202,0.999991029241584,0.999991029241584,49.41348625255562,0.0,49.97101364610038,0.0,45.59500452915093,0.0,45.30133220324882,0.0,0.0,0.0,0.0,0.0,0.0,0.0
10.0,7.82174108705435,0.0042357900219794,0.0042357900216077,0.9999910290013628,0.9999910290013628,49.41348623036309,0.0,49.9710131734513,0.0,45.59500452339646,0.0,45.301332102458446,0.0,0.0,0.0,0.0,0.0,0.0,0.0
10.0,7.82199109955498,0.0042358467343504,0.0042358467339757,0.999991028761135,0.999991028761135,49.41348620817025,0.0,49.97101270078837,0.0,45.5950045176418,0.0,45.301332001664974,0.0,0.0,0.0,0.0,0.0,0.0,0.0
10.0,7.8222411120556,0.0042359034476837,0.0042359034473058,0.9999910285209,0.9999910285209,49.41348618597711,0.0,49.9710122281116,0.0,45.59500451188694,0.0,45.301331900868384,0.0,0.0,0.0,0.0,0.0,0.0,0.0
10.0,7.82249112455623,0.0042359601619791,0.0042359601615982,0.999991028280658,0.999991028280658,49.41348616378369,0.0,49.97101175542098,0.0,45.59500450613191,0.0,45.30133180006868,0.0,0.0,0.0,0.0,0.0,0.0,0.0
10.0,7.82274113705685,0.0042360168772366,0.0042360168768526,0.999991028040408,0.999991028040408,49.41348614158996,0.0,49.97101128271653,0.0,45.59500450037668,0.0,45.30133169926588,0.0,0.0,0.0,0.0,0.0,0.0,0.0
10.0,7.82299114955748,0.0042360735934561,0.004236073593069,0.9999910278001508,0.9999910278001508,49.41348611939594,0.0,49.97101080999824,0.0,45.595004494621264,0.0,45.30133159845997,0.0,0.0,0.0,0.0,0.0,0.0,0.0
10.0,7.8232411620581,0.0042361303106377,0.0042361303102475,0.999991027559886,0.999991027559886,49.413486097201634,0.0,49.9710103372661,0.0,45.59500448886567,0.0,45.30133149765095,0.0,0.0,0.0,0.0,0.0,0.0,0.0
10.0,7.82349117455873,0.0042361870287812,0.0042361870283879,0.999991027319615,0.999991027319615,49.41348607500703,0.0,49.97100986452013,0.0,45.59500448310988,0.0,45.301331396838826,0.0,0.0,0.0,0.0,0.0,0.0,0.0
10.0,7.82374118705935,0.0042362437478866,0.0042362437474903,0.999991027079336,0.999991027079336,49.413486052812125,0.0,49.97100939176031,0.0,45.59500447735391,0.0,45.30133129602359,0.0,0.0,0.0,0.0,0.0,0.0,0.0
10.0,7.82399119955998,0.0042363004679539,0.0042363004675544,0.99999102683905,0.999991026839049,49.41348603061694,0.0,49.971008918986655,0.0,45.59500447159775,0.0,45.30133119520524,0.0,0.0,0.0,0.0,0.0,0.0,0.0
10.0,7.8242412120606,0.004236357188983,0.0042363571885804,0.999991026598756,0.999991026598756,49.41348600842145,0.0,49.97100844619915,0.0,45.5950044658414,0.0,45.30133109438379,0.0,0.0,0.0,0.0,0.0,0.0,0.0
10.0,7.82449122456123,0.0042364139109739,0.0042364139105682,0.999991026358455,0.999991026358455,49.41348598622567,0.0,49.97100797339781,0.0,45.59500446008487,0.0,45.30133099355923,0.0,0.0,0.0,0.0,0.0,0.0,0.0
10.0,7.82474123706185,0.0042364706339265,0.0042364706335177,0.999991026118147,0.999991026118147,49.4134859640296,0.0,49.97100750058264,0.0,45.59500445432815,0.0,45.30133089273156,0.0,0.0,0.0,0.0,0.0,0.0,0.0
10.0,7.82499124956248,0.0042365273578407,0.0042365273574288,0.999991025877831,0.999991025877831,49.41348594183323,0.0,49.97100702775362,0.0,45.59500444857124,0.0,45.30133079190078,0.0,0.0,0.0,0.0,0.0,0.0,0.0
10.0,7.8252412620631,0.0042365840827166,0.0042365840823016,0.999991025637509,0.999991025637509,49.41348591963657,0.0,49.97100655491076,0.0,45.59500444281415,0.0,45.301330691066894,0.0,0.0,0.0,0.0,0.0,0.0,0.0
10.0,7.82549127456373,0.0042366408085541,0.004236640808136,0.999991025397179,0.999991025397178,49.41348589743962,0.0,49.97100608205407,0.0,45.59500443705687,0.0,45.3013305902299,0.0,0.0,0.0,0.0,0.0,0.0,0.0
10.0,7.82574128706435,0.0042366975353531,0.0042366975349319,0.999991025156841,0.999991025156841,49.41348587524239,0.0,49.97100560918352,0.0,45.595004431299394,0.0,45.3013304893898,0.0,0.0,0.0,0.0,0.0,0.0,0.0
10.0,7.82599129956498,0.0042367542631136,0.0042367542626892,0.9999910249164972,0.9999910249164972,49.41348585304485,0.0,49.97100513629915,0.0,45.59500442554174,0.0,45.30133038854658,0.0,0.0,0.0,0.0,0.0,0.0,0.0
10.0,7.8262413120656,0.0042368109918355,0.004236810991408,0.999991024676145,0.999991024676145,49.41348583084702,0.0,49.97100466340093,0.0,45.5950044197839,0.0,45.30133028770027,0.0,0.0,0.0,0.0,0.0,0.0,0.0
10.0,7.82649132456623,0.0042368677215188,0.0042368677210882,0.999991024435785,0.999991024435785,49.41348580864891,0.0,49.97100419048887,0.0,45.59500441402587,0.0,45.30133018685084,0.0,0.0,0.0,0.0,0.0,0.0,0.0
10.0,7.826741337066849,0.0042369244521635,0.0042369244517298,0.999991024195419,0.999991024195419,49.41348578645051,0.0,49.97100371756298,0.0,45.595004408267656,0.0,45.30133008599831,0.0,0.0,0.0,0.0,0.0,0.0,0.0
10.0,7.82699134956748,0.0042369811837694,0.0042369811833326,0.999991023955045,0.999991023955045,49.41348576425181,0.0,49.97100324462325,0.0,45.59500440250925,0.0,45.301329985142665,0.0,0.0,0.0,0.0,0.0,0.0,0.0
10.0,7.8272413620681,0.0042370379163366,0.0042370379158967,0.999991023714664,0.999991023714664,49.41348574205282,0.0,49.97100277166967,0.0,45.59500439675066,0.0,45.30132988428391,0.0,0.0,0.0,0.0,0.0,0.0,0.0
10.0,7.82749137456873,0.004237094649865,0.0042370946494219,0.999991023474276,0.999991023474276,49.413485719853554,0.0,49.97100229870225,0.0,45.59500439099188,0.0,45.30132978342205,0.0,0.0,0.0,0.0,0.0,0.0,0.0
10.0,7.82774138706935,0.0042371513843546,0.0042371513839084,0.99999102323388,0.99999102323388,49.41348569765399,0.0,49.97100182572101,0.0,45.59500438523291,0.0,45.30132968255708,0.0,0.0,0.0,0.0,0.0,0.0,0.0
10.0,7.82799139956998,0.0042372081198052,0.0042372081193559,0.999991022993477,0.999991022993477,49.41348567545414,0.0,49.97100135272592,0.0,45.59500437947377,0.0,45.30132958168901,0.0,0.0,0.0,0.0,0.0,0.0,0.0
10.0,7.8282414120706,0.004237264856217,0.0042372648557645,0.9999910227530672,0.9999910227530672,49.413485653254,0.0,49.97100087971698,0.0,45.59500437371443,0.0,45.30132948081782,0.0,0.0,0.0,0.0,0.0,0.0,0.0
10.0,7.82849142457123,0.0042373215935897,0.0042373215931341,0.9999910225126492,0.9999910225126492,49.41348563105357,0.0,49.971000406694216,0.0,45.5950043679549,0.0,45.30132937994353,0.0,0.0,0.0,0.0,0.0,0.0,0.0
10.0,7.82874143707185,0.0042373783319234,0.0042373783314646,0.999991022272224,0.999991022272224,49.41348560885285,0.0,49.97099993365761,0.0,45.5950043621952,0.0,45.30132927906613,0.0,0.0,0.0,0.0,0.0,0.0,0.0
10.0,7.82899144957248,0.004237435071218,0.0042374350707561,0.999991022031792,0.999991022031792,49.413485586651845,0.0,49.97099946060716,0.0,45.59500435643529,0.0,45.30132917818562,0.0,0.0,0.0,0.0,0.0,0.0,0.0
10.0,7.8292414620731,0.0042374918114735,0.0042374918110084,0.999991021791353,0.999991021791353,49.41348556445055,0.0,49.97099898754288,0.0,45.5950043506752,0.0,45.30132907730201,0.0,0.0,0.0,0.0,0.0,0.0,0.0
10.0,7.82949147457373,0.0042375485526898,0.0042375485522216,0.999991021550906,0.999991021550906,49.41348554224898,0.0,49.97099851446476,0.0,45.59500434491493,0.0,45.30132897641528,0.0,0.0,0.0,0.0,0.0,0.0,0.0
10.0,7.82974148707435,0.0042376052948669,0.0042376052943955,0.999991021310452,0.999991021310452,49.413485520047104,0.0,49.9709980413728,0.0,45.59500433915447,0.0,45.301328875525456,0.0,0.0,0.0,0.0,0.0,0.0,0.0
10.0,7.82999149957498,0.0042376620380047,0.0042376620375302,0.999991021069991,0.999991021069991,49.41348549784495,0.0,49.97099756826701,0.0,45.595004333393824,0.0,45.30132877463251,0.0,0.0,0.0,0.0,0.0,0.0,0.0
10.0,7.8302415120756,0.0042377187821032,0.0042377187816255,0.999991020829522,0.999991020829522,49.41348547564252,0.0,49.970997095147375,0.0,45.595004327633,0.0,45.30132867373647,0.0,0.0,0.0,0.0,0.0,0.0,0.0
10.0,7.83049152457623,0.0042377755271623,0.0042377755266814,0.999991020589046,0.999991020589046,49.41348545343979,0.0,49.9709966220139,0.0,45.595004321871976,0.0,45.301328572837306,0.0,0.0,0.0,0.0,0.0,0.0,0.0
10.0,7.83074153707685,0.004237832273182,0.004237832272698,0.999991020348563,0.999991020348563,49.41348543123677,0.0,49.97099614886659,0.0,45.59500431611077,0.0,45.30132847193504,0.0,0.0,0.0,0.0,0.0,0.0,0.0
10.0,7.83099154957748,0.0042378890201622,0.0042378890196751,0.999991020108073,0.999991020108072,49.41348540903349,0.0,49.970995675705446,0.0,45.595004310349374,0.0,45.30132837102967,0.0,0.0,0.0,0.0,0.0,0.0,0.0
10.0,7.8312415620781,0.004237945768103,0.0042379457676127,0.9999910198675752,0.9999910198675752,49.41348538682991,0.0,49.97099520253046,0.0,45.59500430458779,0.0,45.30132827012119,0.0,0.0,0.0,0.0,0.0,0.0,0.0
10.0,7.831491574578731,0.0042380025170042,0.0042380025165107,0.999991019627069,0.9999910196270702,49.413485364626034,0.0,49.97099472934163,0.0,45.59500429882602,0.0,45.3013281692096,0.0,0.0,0.0,0.0,0.0,0.0,0.0
10.0,7.83174158707935,0.0042380592668657,0.0042380592663691,0.999991019386557,0.999991019386557,49.413485342421886,0.0,49.97099425613898,0.0,45.59500429306407,0.0,45.3013280682949,0.0,0.0,0.0,0.0,0.0,0.0,0.0
10.0,7.83199159957998,0.0042381160176877,0.0042381160171879,0.9999910191460368,0.9999910191460368,49.413485320217454,0.0,49.97099378292248,0.0,45.59500428730192,0.0,45.3013279673771,0.0,0.0,0.0,0.0,0.0,0.0,0.0
10.0,7.8322416120806,0.0042381727694699,0.0042381727689669,0.999991018905511,0.999991018905511,49.41348529801274,0.0,49.97099330969216,0.0,45.5950042815396,0.0,45.30132786645618,0.0,0.0,0.0,0.0,0.0,0.0,0.0
10.0,7.83249162458123,0.0042382295222124,0.0042382295217062,0.999991018664976,0.999991018664976,49.41348527580773,0.0,49.970992836447984,0.0,45.595004275777086,0.0,45.30132776553216,0.0,0.0,0.0,0.0,0.0,0.0,0.0
10.0,7.83274163708185,0.0042382862759151,0.0042382862754058,0.9999910184244352,0.9999910184244352,49.413485253602445,0.0,49.97099236318999,0.0,45.59500427001437,0.0,45.30132766460503,0.0,0.0,0.0,0.0,0.0,0.0,0.0
10.0,7.83299164958248,0.004238343030578,0.0042383430300654,0.999991018183886,0.999991018183886,49.41348523139688,0.0,49.97099188991815,0.0,45.59500426425148,0.0,45.3013275636748,0.0,0.0,0.0,0.0,0.0,0.0,0.0
10.0,7.8332416620831,0.0042383997862009,0.0042383997856852,0.99999101794333,0.99999101794333,49.41348520919103,0.0,49.97099141663246,0.0,45.59500425848841,0.0,45.30132746274146,0.0,0.0,0.0,0.0,0.0,0.0,0.0
10.0,7.83349167458373,0.004238456542784,0.0042384565422651,0.999991017702766,0.999991017702767,49.41348518698489,0.0,49.97099094333295,0.0,45.59500425272514,0.0,45.30132736180501,0.0,0.0,0.0,0.0,0.0,0.0,0.0
10.0,7.83374168708435,0.004238513300327,0.004238513299805,0.999991017462196,0.999991017462196,49.41348516477848,0.0,49.9709904700196,0.0,45.59500424696169,0.0,45.30132726086545,0.0,0.0,0.0,0.0,0.0,0.0,0.0
10.0,7.83399169958498,0.0042385700588301,0.0042385700583048,0.999991017221618,0.999991017221618,49.41348514257179,0.0,49.97098999669241,0.0,45.595004241198055,0.0,45.30132715992279,0.0,0.0,0.0,0.0,0.0,0.0,0.0
10.0,7.8342417120856,0.004238626818293,0.0042386268177646,0.999991016981032,0.999991016981032,49.41348512036481,0.0,49.97098952335139,0.0,45.59500423543423,0.0,45.30132705897701,0.0,0.0,0.0,0.0,0.0,0.0,0.0
10.0,7.83449172458623,0.0042386835787159,0.0042386835781842,0.99999101674044,0.99999101674044,49.41348509815755,0.0,49.97098904999653,0.0,45.59500422967022,0.0,45.30132695802812,0.0,0.0,0.0,0.0,0.0,0.0,0.0
10.0,7.83474173708685,0.0042387403400985,0.0042387403395637,0.99999101649984,0.99999101649984,49.41348507595001,0.0,49.97098857662784,0.0,45.59500422390602,0.0,45.30132685707613,0.0,0.0,0.0,0.0,0.0,0.0,0.0
10.0,7.83499174958748,0.004238797102441,0.0042387971019029,0.999991016259233,0.999991016259233,49.413485053742185,0.0,49.97098810324531,0.0,45.59500421814163,0.0,45.30132675612104,0.0,0.0,0.0,0.0,0.0,0.0,0.0
10.0,7.8352417620881,0.0042388538657431,0.0042388538652019,0.9999910160186178,0.9999910160186178,49.41348503153409,0.0,49.97098762984894,0.0,45.59500421237706,0.0,45.30132665516283,0.0,0.0,0.0,0.0,0.0,0.0,0.0
10.0,7.83549177458873,0.004238910630005,0.0042389106294606,0.999991015777997,0.999991015777996,49.4134850093257,0.0,49.97098715643875,0.0,45.5950042066123,0.0,45.30132655420152,0.0,0.0,0.0,0.0,0.0,0.0,0.0
10.0,7.83574178708935,0.0042389673952265,0.0042389673946789,0.999991015537367,0.999991015537367,49.413484987117045,0.0,49.97098668301472,0.0,45.59500420084736,0.0,45.30132645323709,0.0,0.0,0.0,0.0,0.0,0.0,0.0
10.0,7.83599179958998,0.0042390241614076,0.0042390241608568,0.999991015296731,0.999991015296731,49.41348496490811,0.0,49.97098620957684,0.0,45.59500419508222,0.0,45.30132635226957,0.0,0.0,0.0,0.0,0.0,0.0,0.0
10.0,7.8362418120906,0.0042390809285483,0.0042390809279943,0.999991015056087,0.999991015056087,49.413484942698894,0.0,49.97098573612514,0.0,45.5950041893169,0.0,45.30132625129893,0.0,0.0,0.0,0.0,0.0,0.0,0.0
10.0,7.83649182459123,0.0042391376966485,0.0042391376960912,0.999991014815437,0.999991014815437,49.41348492048939,0.0,49.9709852626596,0.0,45.5950041835514,0.0,45.30132615032518,0.0,0.0,0.0,0.0,0.0,0.0,0.0
10.0,7.83674183709185,0.0042391944657081,0.0042391944651476,0.999991014574778,0.999991014574778,49.41348489827961,0.0,49.97098478918022,0.0,45.5950041777857,0.0,45.301326049348326,0.0,0.0,0.0,0.0,0.0,0.0,0.0
10.0,7.836991849592481,0.0042392512357271,0.0042392512351634,0.999991014334113,0.999991014334113,49.41348487606956,0.0,49.97098431568702,0.0,45.59500417201982,0.0,45.30132594836837,0.0,0.0,0.0,0.0,0.0,0.0,0.0
10.0,7.8372418620931,0.0042393080067055,0.0042393080061386,0.99999101409344,0.99999101409344,49.41348485385922,0.0,49.970983842179976,0.0,45.59500416625375,0.0,45.30132584738529,0.0,0.0,0.0,0.0,0.0,0.0,0.0
10.0,7.83749187459373,0.0042393647786431,0.004239364778073,0.99999101385276,0.99999101385276,49.413484831648624,0.0,49.9709833686591,0.0,45.5950041604875,0.0,45.30132574639912,0.0,0.0,0.0,0.0,0.0,0.0,0.0
10.0,7.83774188709435,0.0042394215515401,0.0042394215509668,0.999991013612073,0.999991013612072,49.41348480943773,0.0,49.97098289512439,0.0,45.59500415472105,0.0,45.30132564540984,0.0,0.0,0.0,0.0,0.0,0.0,0.0
10.0,7.83799189959498,0.0042394783253963,0.0042394783248197,0.999991013371378,0.999991013371378,49.41348478722657,0.0,49.97098242157584,0.0,45.59500414895442,0.0,45.301325544417445,0.0,0.0,0.0,0.0,0.0,0.0,0.0
10.0,7.83824191209561,0.0042395351002116,0.0042395350996318,0.999991013130676,0.999991013130676,49.413484765015134,0.0,49.97098194801346,0.0,45.59500414318761,0.0,45.301325443421945,0.0,0.0,0.0,0.0,0.0,0.0,0.0
10.0,7.83849192459623,0.0042395918759861,0.004239591875403,0.999991012889967,0.9999910128899668,49.41348474280341,0.0,49.97098147443725,0.0,45.59500413742061,0.0,45.30132534242334,0.0,0.0,0.0,0.0,0.0,0.0,0.0
10.0,7.83874193709685,0.0042396486527196,0.0042396486521333,0.99999101264925,0.99999101264925,49.41348472059142,0.0,49.9709810008472,0.0,45.59500413165342,0.0,45.30132524142162,0.0,0.0,0.0,0.0,0.0,0.0,0.0
10.0,7.83899194959748,0.0042397054304121,0.0042397054298227,0.999991012408526,0.999991012408526,49.41348469837915,0.0,49.97098052724333,0.0,45.59500412588604,0.0,45.30132514041681,0.0,0.0,0.0,0.0,0.0,0.0,0.0
10.0,7.839241962098101,0.0042397622090637,0.004239762208471,0.999991012167795,0.999991012167795,49.41348467616661,0.0,49.97098005362561,0.0,45.59500412011848,0.0,45.30132503940887,0.0,0.0,0.0,0.0,0.0,0.0,0.0
10.0,7.83949197459873,0.0042398189886742,0.0042398189880782,0.999991011927057,0.999991011927057,49.4134846539538,0.0,49.97097957999406,0.0,45.59500411435072,0.0,45.30132493839784,0.0,0.0,0.0,0.0,0.0,0.0,0.0
10.0,7.83974198709935,0.0042398757692435,0.0042398757686443,0.999991011686311,0.999991011686311,49.4134846317407,0.0,49.97097910634868,0.0,45.59500410858279,0.0,45.301324837383696,0.0,0.0,0.0,0.0,0.0,0.0,0.0
10.0,7.83999199959998,0.0042399325507717,0.0042399325501693,0.999991011445558,0.999991011445557,49.41348460952733,0.0,49.97097863268946,0.0,45.595004102814656,0.0,45.301324736366446,0.0,0.0,0.0,0.0,0.0,0.0,0.0
10.0,7.8402420121006,0.0042399893332587,0.004239989332653,0.9999910112047968,0.9999910112047968,49.41348458731369,0.0,49.97097815901641,0.0,45.59500409704636,0.0,45.30132463534608,0.0,0.0,0.0,0.0,0.0,0.0,0.0
10.0,7.84049202460123,0.0042400461167045,0.0042400461160955,0.99999101096403,0.99999101096403,49.41348456509977,0.0,49.97097768532953,0.0,45.59500409127784,0.0,45.30132453432261,0.0,0.0,0.0,0.0,0.0,0.0,0.0
10.0,7.84074203710186,0.0042401029011089,0.0042401029004967,0.999991010723255,0.9999910107232548,49.413484542885584,0.0,49.97097721162882,0.0,45.59500408550916,0.0,45.301324433296045,0.0,0.0,0.0,0.0,0.0,0.0,0.0
10.0,7.84099204960248,0.004240159686472,0.0042401596858566,0.999991010482473,0.999991010482473,49.413484520671126,0.0,49.97097673791428,0.0,45.59500407974029,0.0,45.301324332266354,0.0,0.0,0.0,0.0,0.0,0.0,0.0
10.0,7.8412420621031,0.0042402164727937,0.004240216472175,0.999991010241683,0.999991010241683,49.413484498456384,0.0,49.97097626418589,0.0,45.59500407397123,0.0,45.30132423123357,0.0,0.0,0.0,0.0,0.0,0.0,0.0
10.0,7.84149207460373,0.0042402732600739,0.004240273259452,0.999991010000887,0.999991010000886,49.41348447624138,0.0,49.97097579044368,0.0,45.59500406820198,0.0,45.30132413019767,0.0,0.0,0.0,0.0,0.0,0.0,0.0
10.0,7.84174208710435,0.0042403300483127,0.0042403300476875,0.999991009760082,0.999991009760082,49.4134844540261,0.0,49.97097531668764,0.0,45.59500406243255,0.0,45.30132402915867,0.0,0.0,0.0,0.0,0.0,0.0,0.0
10.0,7.84199209960498,0.0042403868375099,0.0042403868368815,0.999991009519271,0.999991009519271,49.41348443181055,0.0,49.97097484291776,0.0,45.59500405666293,0.0,45.30132392811655,0.0,0.0,0.0,0.0,0.0,0.0,0.0
10.0,7.84224211210561,0.0042404436276655,0.0042404436270338,0.999991009278452,0.999991009278452,49.41348440959472,0.0,49.970974369134055,0.0,45.59500405089312,0.0,45.301323827071336,0.0,0.0,0.0,0.0,0.0,0.0,0.0
10.0,7.842492124606229,0.0042405004187795,0.0042405004181446,0.999991009037626,0.999991009037626,49.41348438737862,0.0,49.97097389533652,0.0,45.595004045123126,0.0,45.30132372602301,0.0,0.0,0.0,0.0,0.0,0.0,0.0
10.0,7.84274213710686,0.0042405572108518,0.0042405572102136,0.9999910087967931,0.9999910087967931,49.413484365162255,0.0,49.97097342152515,0.0,45.59500403935295,0.0,45.301323624971566,0.0,0.0,0.0,0.0,0.0,0.0,0.0
10.0,7.84299214960748,0.0042406140038824,0.0042406140032409,0.999991008555953,0.999991008555953,49.413484342945615,0.0,49.97097294769995,0.0,45.595004033582576,0.0,45.30132352391704,0.0,0.0,0.0,0.0,0.0,0.0,0.0
10.0,7.84324216210811,0.0042406707978712,0.0042406707972265,0.999991008315105,0.999991008315105,49.41348432072871,0.0,49.97097247386091,0.0,45.59500402781202,0.0,45.30132342285938,0.0,0.0,0.0,0.0,0.0,0.0,0.0
10.0,7.84349217460873,0.0042407275928182,0.0042407275921702,0.99999100807425,0.99999100807425,49.413484298511534,0.0,49.97097200000805,0.0,45.59500402204128,0.0,45.30132332179862,0.0,0.0,0.0,0.0,0.0,0.0,0.0
10.0,7.84374218710936,0.0042407843887234,0.0042407843880721,0.999991007833387,0.999991007833387,49.413484276294085,0.0,49.97097152614135,0.0,45.59500401627035,0.0,45.30132322073476,0.0,0.0,0.0,0.0,0.0,0.0,0.0
10.0,7.84399219960998,0.0042408411855866,0.004240841184932,0.999991007592518,0.999991007592518,49.41348425407636,0.0,49.970971052260815,0.0,45.59500401049924,0.0,45.301323119667785,0.0,0.0,0.0,0.0,0.0,0.0,0.0
10.0,7.84424221211061,0.0042408979834078,0.00424089798275,0.9999910073516408,0.9999910073516408,49.41348423185838,0.0,49.97097057836646,0.0,45.59500400472793,0.0,45.30132301859771,0.0,0.0,0.0,0.0,0.0,0.0,0.0
10.0,7.84449222461123,0.0042409547821871,0.0042409547815259,0.9999910071107572,0.999991007110756,49.41348420964012,0.0,49.97097010445826,0.0,45.59500399895644,0.0,45.30132291752452,0.0,0.0,0.0,0.0,0.0,0.0,0.0
10.0,7.84474223711186,0.0042410115819242,0.0042410115812598,0.9999910068698648,0.9999910068698648,49.41348418742159,0.0,49.970969630536246,0.0,45.59500399318476,0.0,45.30132281644823,0.0,0.0,0.0,0.0,0.0,0.0,0.0
10.0,7.84499224961248,0.0042410683826193,0.0042410683819516,0.999991006628966,0.999991006628966,49.4134841652028,0.0,49.97096915660038,0.0,45.595003987412895,0.0,45.301322715368826,0.0,0.0,0.0,0.0,0.0,0.0,0.0
10.0,7.84524226211311,0.0042411251842723,0.0042411251836013,0.99999100638806,0.99999100638806,49.41348414298374,0.0,49.97096868265069,0.0,45.59500398164085,0.0,45.30132261428631,0.0,0.0,0.0,0.0,0.0,0.0,0.0
10.0,7.84549227461373,0.004241181986883,0.0042411819862087,0.999991006147146,0.999991006147146,49.41348412076441,0.0,49.97096820868718,0.0,45.59500397586861,0.0,45.301322513200695,0.0,0.0,0.0,0.0,0.0,0.0,0.0
10.0,7.84574228711435,0.0042412387904515,0.0042412387897739,0.999991005906226,0.999991005906226,49.41348409854481,0.0,49.97096773470984,0.0,45.59500397009618,0.0,45.30132241211198,0.0,0.0,0.0,0.0,0.0,0.0,0.0
10.0,7.84599229961498,0.0042412955949777,0.0042412955942968,0.999991005665298,0.999991005665298,49.41348407632493,0.0,49.970967260718666,0.0,45.59500396432357,0.0,45.301322311020144,0.0,0.0,0.0,0.0,0.0,0.0,0.0
10.0,7.84624231211561,0.0042413524004615,0.0042413523997773,0.999991005424362,0.999991005424362,49.41348405410481,0.0,49.97096678671366,0.0,45.59500395855077,0.0,45.30132220992521,0.0,0.0,0.0,0.0,0.0,0.0,0.0
10.0,7.84649232461623,0.004241409206903,0.0042414092062155,0.99999100518342,0.99999100518342,49.413484031884416,0.0,49.97096631269483,0.0,45.59500395277779,0.0,45.301322108827165,0.0,0.0,0.0,0.0,0.0,0.0,0.0
10.0,7.84674233711686,0.004241466014302,0.0042414660136112,0.99999100494247,0.99999100494247,49.41348400966375,0.0,49.97096583866216,0.0,45.59500394700461,0.0,45.30132200772601,0.0,0.0,0.0,0.0,0.0,0.0,0.0
10.0,7.84699234961748,0.0042415228226585,0.0042415228219645,0.999991004701513,0.999991004701513,49.41348398744282,0.0,49.97096536461566,0.0,45.59500394123126,0.0,45.30132190662175,0.0,0.0,0.0,0.0,0.0,0.0,0.0
10.0,7.84724236211811,0.0042415796319726,0.0042415796312752,0.999991004460548,0.999991004460548,49.41348396522162,0.0,49.97096489055534,0.0,45.5950039354577,0.0,45.301321805514384,0.0,0.0,0.0,0.0,0.0,0.0,0.0
10.0,7.84749237461873,0.004241636442244,0.0042416364415433,0.999991004219576,0.999991004219576,49.41348394300016,0.0,49.97096441648118,0.0,45.59500392968397,0.0,45.301321704403904,0.0,0.0,0.0,0.0,0.0,0.0,0.0
10.0,7.84774238711936,0.0042416932534728,0.0042416932527688,0.999991003978598,0.999991003978597,49.41348392077843,0.0,49.97096394239319,0.0,45.595003923910056,0.0,45.301321603290326,0.0,0.0,0.0,0.0,0.0,0.0,0.0
10.0,7.84799239961998,0.004241750065659,0.0042417500649517,0.9999910037376112,0.9999910037376112,49.41348389855644,0.0,49.97096346829137,0.0,45.59500391813594,0.0,45.30132150217364,0.0,0.0,0.0,0.0,0.0,0.0,0.0
10.0,7.84824241212061,0.0042418068788024,0.0042418068780918,0.999991003496617,0.999991003496617,49.41348387633418,0.0,49.970962994175736,0.0,45.59500391236165,0.0,45.30132140105385,0.0,0.0,0.0,0.0,0.0,0.0,0.0
10.0,7.84849242462123,0.0042418636929031,0.0042418636921892,0.999991003255617,0.999991003255616,49.41348385411167,0.0,49.97096252004626,0.0,45.595003906587166,0.0,45.30132129993093,0.0,0.0,0.0,0.0,0.0,0.0,0.0
10.0,7.84874243712186,0.0042419205079609,0.0042419205072437,0.999991003014608,0.999991003014608,49.41348383188888,0.0,49.97096204590296,0.0,45.5950039008125,0.0,45.30132119880493,0.0,0.0,0.0,0.0,0.0,0.0,0.0
10.0,7.84899244962248,0.0042419773239759,0.0042419773232554,0.999991002773593,0.999991002773593,49.41348380966584,0.0,49.97096157174583,0.0,45.59500389503764,0.0,45.30132109767581,0.0,0.0,0.0,0.0,0.0,0.0,0.0
10.0,7.84924246212311,0.004242034140948,0.0042420341402241,0.99999100253257,0.99999100253257,49.41348378744252,0.0,49.97096109757487,0.0,45.5950038892626,0.0,45.30132099654359,0.0,0.0,0.0,0.0,0.0,0.0,0.0
10.0,7.84949247462373,0.0042420909588772,0.00424209095815,0.99999100229154,0.99999100229154,49.41348376521895,0.0,49.97096062339008,0.0,45.59500388348737,0.0,45.30132089540825,0.0,0.0,0.0,0.0,0.0,0.0,0.0
10.0,7.84974248712436,0.0042421477777633,0.0042421477770328,0.999991002050503,0.999991002050502,49.41348374299512,0.0,49.970960149191455,0.0,45.59500387771195,0.0,45.30132079426982,0.0,0.0,0.0,0.0,0.0,0.0,0.0
10.0,7.84999249962498,0.0042422045976064,0.0042422045968725,0.999991001809458,0.999991001809458,49.41348372077101,0.0,49.97095967497901,0.0,45.59500387193635,0.0,45.30132069312828,0.0,0.0,0.0,0.0,0.0,0.0,0.0
10.0,7.85024251212561,0.0042422614184064,0.0042422614176692,0.999991001568406,0.999991001568406,49.413483698546656,0.0,49.97095920075274,0.0,45.59500386616055,0.0,45.30132059198362,0.0,0.0,0.0,0.0,0.0,0.0,0.0
10.0,7.85049252462623,0.0042423182401633,0.0042423182394227,0.999991001327347,0.999991001327347,49.41348367632203,0.0,49.97095872651263,0.0,45.59500386038459,0.0,45.301320490835856,0.0,0.0,0.0,0.0,0.0,0.0,0.0
10.0,7.85074253712686,0.0042423750628769,0.0042423750621331,0.99999100108628,0.99999100108628,49.41348365409715,0.0,49.970958252258704,0.0,45.59500385460842,0.0,45.30132038968499,0.0,0.0,0.0,0.0,0.0,0.0,0.0
10.0,7.85099254962748,0.0042424318865474,0.0042424318858002,0.999991000845206,0.999991000845206,49.413483631872005,0.0,49.97095777799094,0.0,45.595003848832064,0.0,45.301320288531016,0.0,0.0,0.0,0.0,0.0,0.0,0.0
10.0,7.85124256212811,0.0042424887111745,0.004242488710424,0.999991000604125,0.999991000604125,49.413483609646605,0.0,49.97095730370936,0.0,45.59500384305553,0.0,45.30132018737393,0.0,0.0,0.0,0.0,0.0,0.0,0.0
10.0,7.85149257462873,0.0042425455367583,0.0042425455360045,0.9999910003630368,0.9999910003630368,49.41348358742093,0.0,49.970956829413936,0.0,45.5950038372788,0.0,45.30132008621374,0.0,0.0,0.0,0.0,0.0,0.0,0.0
10.0,7.85174258712936,0.0042426023632988,0.0042426023625416,0.999991000121941,0.999991000121941,49.413483565195,0.0,49.9709563551047,0.0,45.59500383150189,0.0,45.30131998505045,0.0,0.0,0.0,0.0,0.0,0.0,0.0
10.0,7.85199259962998,0.0042426591907958,0.0042426591900352,0.999990999880838,0.999990999880838,49.41348354296882,0.0,49.97095588078162,0.0,45.59500382572479,0.0,45.30131988388405,0.0,0.0,0.0,0.0,0.0,0.0,0.0
10.0,7.85224261213061,0.0042427160192494,0.0042427160184854,0.999990999639728,0.999990999639728,49.41348352074237,0.0,49.97095540644472,0.0,45.59500381994751,0.0,45.301319782714536,0.0,0.0,0.0,0.0,0.0,0.0,0.0
10.0,7.85249262463123,0.0042427728486594,0.0042427728478921,0.99999099939861,0.99999099939861,49.41348349851567,0.0,49.970954932094,0.0,45.59500381417004,0.0,45.301319681541926,0.0,0.0,0.0,0.0,0.0,0.0,0.0
10.0,7.852742637131861,0.0042428296790259,0.0042428296782552,0.999990999157485,0.999990999157485,49.4134834762887,0.0,49.97095445772945,0.0,45.59500380839237,0.0,45.3013195803662,0.0,0.0,0.0,0.0,0.0,0.0,0.0
10.0,7.85299264963248,0.0042428865103487,0.0042428865095747,0.999990998916353,0.999990998916353,49.41348345406148,0.0,49.970953983351066,0.0,45.59500380261452,0.0,45.30131947918736,0.0,0.0,0.0,0.0,0.0,0.0,0.0
10.0,7.85324266213311,0.0042429433426279,0.0042429433418506,0.999990998675214,0.999990998675214,49.413483431834,0.0,49.97095350895886,0.0,45.595003796836494,0.0,45.30131937800543,0.0,0.0,0.0,0.0,0.0,0.0,0.0
10.0,7.85349267463373,0.0042430001758634,0.0042430001750827,0.999990998434067,0.999990998434067,49.413483409606265,0.0,49.97095303455282,0.0,45.59500379105827,0.0,45.30131927682039,0.0,0.0,0.0,0.0,0.0,0.0,0.0
10.0,7.85374268713436,0.0042430570100551,0.0042430570092711,0.999990998192913,0.999990998192913,49.41348338737826,0.0,49.97095256013296,0.0,45.59500378527986,0.0,45.30131917563223,0.0,0.0,0.0,0.0,0.0,0.0,0.0
10.0,7.85399269963498,0.0042431138452031,0.0042431138444156,0.9999909979517518,0.9999909979517508,49.41348336515001,0.0,49.97095208569928,0.0,45.59500377950126,0.0,45.30131907444097,0.0,0.0,0.0,0.0,0.0,0.0,0.0
10.0,7.85424271213561,0.0042431706813072,0.0042431706805163,0.999990997710583,0.999990997710583,49.413483342921495,0.0,49.97095161125176,0.0,45.59500377372248,0.0,45.30131897324661,0.0,0.0,0.0,0.0,0.0,0.0,0.0
10.0,7.85449272463623,0.0042432275183673,0.0042432275175732,0.9999909974694068,0.9999909974694068,49.41348332069273,0.0,49.97095113679042,0.0,45.59500376794352,0.0,45.30131887204914,0.0,0.0,0.0,0.0,0.0,0.0,0.0
10.0,7.85474273713686,0.0042432843563836,0.004243284355586,0.999990997228224,0.999990997228224,49.413483298463696,0.0,49.97095066231525,0.0,45.59500376216436,0.0,45.30131877084855,0.0,0.0,0.0,0.0,0.0,0.0,0.0
10.0,7.854992749637481,0.0042433411953558,0.0042433411945549,0.9999909969870328,0.9999909969870328,49.41348327623442,0.0,49.97095018782626,0.0,45.59500375638502,0.0,45.30131866964487,0.0,0.0,0.0,0.0,0.0,0.0,0.0
10.0,7.85524276213811,0.0042433980352841,0.0042433980344798,0.999990996745836,0.999990996745836,49.41348325400488,0.0,49.97094971332344,0.0,45.595003750605485,0.0,45.30131856843808,0.0,0.0,0.0,0.0,0.0,0.0,0.0
10.0,7.85549277463873,0.0042434548761682,0.0042434548753605,0.999990996504631,0.9999909965046307,49.41348323177509,0.0,49.9709492388068,0.0,45.59500374482577,0.0,45.30131846722817,0.0,0.0,0.0,0.0,0.0,0.0,0.0
10.0,7.85574278713936,0.0042435117180082,0.0042435117171972,0.999990996263418,0.999990996263418,49.41348320954504,0.0,49.97094876427633,0.0,45.595003739045865,0.0,45.30131836601517,0.0,0.0,0.0,0.0,0.0,0.0,0.0
10.0,7.85599279963998,0.0042435685608041,0.0042435685599896,0.999990996022199,0.999990996022199,49.41348318731474,0.0,49.97094828973203,0.0,45.59500373326577,0.0,45.30131826479905,0.0,0.0,0.0,0.0,0.0,0.0,0.0
10.0,7.85624281214061,0.0042436254045557,0.0042436254037378,0.9999909957809718,0.9999909957809718,49.41348316508418,0.0,49.97094781517391,0.0,45.5950037274855,0.0,45.30131816357984,0.0,0.0,0.0,0.0,0.0,0.0,0.0
10.0,7.85649282464123,0.004243682249263,0.0042436822484418,0.9999909955397368,0.9999909955397368,49.41348314285337,0.0,49.97094734060196,0.0,45.59500372170503,0.0,45.30131806235751,0.0,0.0,0.0,0.0,0.0,0.0,0.0
10.0,7.85674283714186,0.004243739094926,0.0042437390941014,0.999990995298496,0.999990995298496,49.4134831206223,0.0,49.970946866016185,0.0,45.59500371592438,0.0,45.301317961132064,0.0,0.0,0.0,0.0,0.0,0.0,0.0
10.0,7.85699284964248,0.0042437959415447,0.0042437959407167,0.999990995057247,0.999990995057247,49.41348309839098,0.0,49.97094639141659,0.0,45.59500371014354,0.0,45.301317859903534,0.0,0.0,0.0,0.0,0.0,0.0,0.0
10.0,7.85724286214311,0.0042438527891189,0.0042438527882875,0.999990994815991,0.999990994815991,49.4134830761594,0.0,49.97094591680315,0.0,45.59500370436251,0.0,45.301317758671885,0.0,0.0,0.0,0.0,0.0,0.0,0.0
10.0,7.85749287464373,0.0042439096376487,0.0042439096368139,0.999990994574728,0.999990994574728,49.41348305392758,0.0,49.97094544217591,0.0,45.5950036985813,0.0,45.30131765743712,0.0,0.0,0.0,0.0,0.0,0.0,0.0
10.0,7.85774288714436,0.004243966487134,0.0042439664862958,0.999990994333457,0.999990994333457,49.41348303169551,0.0,49.970944967534834,0.0,45.59500369279989,0.0,45.30131755619927,0.0,0.0,0.0,0.0,0.0,0.0,0.0
10.0,7.85799289964498,0.0042440233375747,0.0042440233367331,0.9999909940921792,0.9999909940921792,49.41348300946317,0.0,49.97094449287994,0.0,45.59500368701831,0.0,45.30131745495829,0.0,0.0,0.0,0.0,0.0,0.0,0.0
10.0,7.858242912145609,0.0042440801889708,0.0042440801881258,0.999990993850894,0.999990993850894,49.41348298723058,0.0,49.97094401821121,0.0,45.59500368123654,0.0,45.30131735371422,0.0,0.0,0.0,0.0,0.0,0.0,0.0
10.0,7.85849292464623,0.0042441370413223,0.0042441370404739,0.999990993609601,0.999990993609601,49.41348296499776,0.0,49.97094354352868,0.0,45.59500367545458,0.0,45.30131725246704,0.0,0.0,0.0,0.0,0.0,0.0,0.0
10.0,7.85874293714686,0.004244193894629,0.0042441938937772,0.999990993368302,0.999990993368302,49.41348294276467,0.0,49.9709430688323,0.0,45.59500366967242,0.0,45.30131715121675,0.0,0.0,0.0,0.0,0.0,0.0,0.0
10.0,7.85899294964748,0.0042442507488911,0.0042442507480358,0.999990993126994,0.999990993126994,49.41348292053132,0.0,49.9709425941221,0.0,45.5950036638901,0.0,45.30131704996336,0.0,0.0,0.0,0.0,0.0,0.0,0.0
10.0,7.85924296214811,0.0042443076041083,0.0042443076032497,0.99999099288568,0.99999099288568,49.41348289829774,0.0,49.97094211939808,0.0,45.59500365810757,0.0,45.30131694870686,0.0,0.0,0.0,0.0,0.0,0.0,0.0
10.0,7.85949297464873,0.0042443644602807,0.0042443644594187,0.999990992644358,0.999990992644358,49.41348287606389,0.0,49.97094164466024,0.0,45.59500365232487,0.0,45.30131684744725,0.0,0.0,0.0,0.0,0.0,0.0,0.0
10.0,7.85974298714936,0.0042444213174082,0.0042444213165428,0.999990992403029,0.999990992403029,49.4134828538298,0.0,49.97094116990857,0.0,45.59500364654197,0.0,45.30131674618454,0.0,0.0,0.0,0.0,0.0,0.0,0.0
10.0,7.85999299964998,0.0042444781754908,0.0042444781746219,0.9999909921616932,0.9999909921616932,49.41348283159546,0.0,49.97094069514307,0.0,45.59500364075888,0.0,45.30131664491871,0.0,0.0,0.0,0.0,0.0,0.0,0.0
10.0,7.86024301215061,0.0042445350345284,0.0042445350336561,0.99999099192035,0.99999099192035,49.41348280936087,0.0,49.97094022036375,0.0,45.59500363497562,0.0,45.30131654364978,0.0,0.0,0.0,0.0,0.0,0.0,0.0
10.0,7.860493024651231,0.004244591894521,0.0042445918936453,0.9999909916789992,0.9999909916789992,49.41348278712603,0.0,49.97093974557061,0.0,45.59500362919216,0.0,45.30131644237775,0.0,0.0,0.0,0.0,0.0,0.0,0.0
10.0,7.86074303715186,0.0042446487554685,0.0042446487545894,0.999990991437641,0.999990991437641,49.413482764890944,0.0,49.97093927076365,0.0,45.59500362340852,0.0,45.301316341102606,0.0,0.0,0.0,0.0,0.0,0.0,0.0
10.0,7.86099304965248,0.0042447056173709,0.0042447056164883,0.999990991196275,0.999990991196275,49.41348274265561,0.0,49.97093879594286,0.0,45.59500361762469,0.0,45.30131623982435,0.0,0.0,0.0,0.0,0.0,0.0,0.0
10.0,7.86124306215311,0.0042447624802281,0.0042447624793421,0.999990990954903,0.999990990954903,49.41348272042001,0.0,49.97093832110824,0.0,45.59500361184067,0.0,45.301316138543,0.0,0.0,0.0,0.0,0.0,0.0,0.0
10.0,7.86149307465373,0.0042448193440402,0.0042448193431507,0.999990990713522,0.999990990713522,49.41348269818418,0.0,49.970937846259815,0.0,45.59500360605646,0.0,45.30131603725854,0.0,0.0,0.0,0.0,0.0,0.0,0.0
10.0,7.86174308715436,0.0042448762088069,0.004244876207914,0.999990990472135,0.999990990472135,49.4134826759481,0.0,49.97093737139756,0.0,45.59500360027207,0.0,45.30131593597097,0.0,0.0,0.0,0.0,0.0,0.0,0.0
10.0,7.86199309965498,0.0042449330745284,0.0042449330736321,0.999990990230741,0.999990990230741,49.41348265371177,0.0,49.97093689652148,0.0,45.59500359448749,0.0,45.30131583468029,0.0,0.0,0.0,0.0,0.0,0.0,0.0
10.0,7.86224311215561,0.0042449899412045,0.0042449899403047,0.999990989989339,0.999990989989339,49.41348263147519,0.0,49.97093642163157,0.0,45.59500358870273,0.0,45.30131573338651,0.0,0.0,0.0,0.0,0.0,0.0,0.0
10.0,7.86249312465623,0.0042450468088351,0.004245046807932,0.99999098974793,0.99999098974793,49.413482609238365,0.0,49.97093594672785,0.0,45.59500358291777,0.0,45.301315632089626,0.0,0.0,0.0,0.0,0.0,0.0,0.0
10.0,7.86274313715686,0.0042451036774204,0.0042451036765138,0.999990989506513,0.999990989506513,49.4134825870013,0.0,49.9709354718103,0.0,45.59500357713263,0.0,45.30131553078963,0.0,0.0,0.0,0.0,0.0,0.0,0.0
10.0,7.86299314965748,0.0042451605469601,0.0042451605460501,0.99999098926509,0.9999909892650888,49.41348256476398,0.0,49.97093499687893,0.0,45.595003571347306,0.0,45.30131542948653,0.0,0.0,0.0,0.0,0.0,0.0,0.0
10.0,7.86324316215811,0.0042452174174544,0.0042452174165408,0.999990989023659,0.999990989023658,49.41348254252642,0.0,49.970934521933735,0.0,45.5950035655618,0.0,45.30131532818032,0.0,0.0,0.0,0.0,0.0,0.0,0.0
10.0,7.86349317465873,0.004245274288903,0.004245274287986,0.99999098878222,0.99999098878222,49.41348252028861,0.0,49.97093404697472,0.0,45.595003559776096,0.0,45.30131522687101,0.0,0.0,0.0,0.0,0.0,0.0,0.0
10.0,7.863743187159359,0.004245331161306,0.0042453311603855,0.999990988540775,0.999990988540775,49.41348249805055,0.0,49.97093357200188,0.0,45.5950035539902,0.0,45.30131512555859,0.0,0.0,0.0,0.0,0.0,0.0,0.0
10.0,7.86399319965998,0.0042453880346633,0.0042453880337394,0.999990988299322,0.999990988299322,49.41348247581226,0.0,49.97093309701522,0.0,45.595003548204126,0.0,45.30131502424305,0.0,0.0,0.0,0.0,0.0,0.0,0.0
10.0,7.86424321216061,0.0042454449089748,0.0042454449080475,0.999990988057862,0.9999909880578612,49.41348245357371,0.0,49.970932622014736,0.0,45.59500354241787,0.0,45.301314922924426,0.0,0.0,0.0,0.0,0.0,0.0,0.0
10.0,7.86449322466123,0.0042455017842406,0.0042455017833098,0.999990987816394,0.999990987816394,49.41348243133492,0.0,49.97093214700043,0.0,45.595003536631424,0.0,45.30131482160268,0.0,0.0,0.0,0.0,0.0,0.0,0.0
10.0,7.86474323716186,0.0042455586604606,0.0042455586595263,0.9999909875749192,0.9999909875749192,49.41348240909589,0.0,49.9709316719723,0.0,45.59500353084479,0.0,45.30131472027784,0.0,0.0,0.0,0.0,0.0,0.0,0.0
10.0,7.86499324966248,0.0042456155376347,0.004245615536697,0.9999909873334368,0.999990987333437,49.41348238685661,0.0,49.97093119693036,0.0,45.59500352505796,0.0,45.30131461894988,0.0,0.0,0.0,0.0,0.0,0.0,0.0
10.0,7.86524326216311,0.0042456724157628,0.0042456724148217,0.999990987091948,0.999990987091948,49.41348236461709,0.0,49.9709307218746,0.0,45.59500351927095,0.0,45.30131451761883,0.0,0.0,0.0,0.0,0.0,0.0,0.0
10.0,7.86549327466373,0.0042457292948451,0.0042457292939004,0.999990986850452,0.999990986850451,49.41348234237733,0.0,49.97093024680501,0.0,45.59500351348375,0.0,45.30131441628466,0.0,0.0,0.0,0.0,0.0,0.0,0.0
10.0,7.86574328716436,0.0042457861748813,0.0042457861739331,0.999990986608948,0.999990986608947,49.41348232013732,0.0,49.97092977172159,0.0,45.595003507696376,0.0,45.30131431494739,0.0,0.0,0.0,0.0,0.0,0.0,0.0
10.0,7.8659932996649795,0.0042458430558714,0.0042458430549198,0.999990986367436,0.999990986367436,49.41348229789707,0.0,49.97092929662436,0.0,45.595003501908806,0.0,45.30131421360701,0.0,0.0,0.0,0.0,0.0,0.0,0.0
10.0,7.86624331216561,0.0042458999378154,0.0042458999368604,0.999990986125918,0.999990986125918,49.41348227565658,0.0,49.9709288215133,0.0,45.595003496121045,0.0,45.30131411226352,0.0,0.0,0.0,0.0,0.0,0.0,0.0
10.0,7.86649332466623,0.0042459568207133,0.0042459568197548,0.999990985884392,0.999990985884392,49.41348225341585,0.0,49.97092834638843,0.0,45.59500349033311,0.0,45.30131401091694,0.0,0.0,0.0,0.0,0.0,0.0,0.0
10.0,7.86674333716686,0.004246013704565,0.004246013703603,0.999990985642859,0.999990985642859,49.41348223117487,0.0,49.970927871249735,0.0,45.595003484544975,0.0,45.301313909567234,0.0,0.0,0.0,0.0,0.0,0.0,0.0
10.0,7.86699334966748,0.0042460705893704,0.0042460705884049,0.999990985401319,0.999990985401319,49.41348220893366,0.0,49.97092739609722,0.0,45.59500347875665,0.0,45.30131380821443,0.0,0.0,0.0,0.0,0.0,0.0,0.0
10.0,7.86724336216811,0.0042461274751295,0.0042461274741606,0.9999909851597713,0.9999909851597713,49.4134821866922,0.0,49.97092692093088,0.0,45.59500347296815,0.0,45.30131370685852,0.0,0.0,0.0,0.0,0.0,0.0,0.0
10.0,7.86749337466873,0.0042461843618423,0.0042461843608699,0.999990984918216,0.999990984918216,49.41348216445049,0.0,49.97092644575073,0.0,45.59500346717945,0.0,45.3013136054995,0.0,0.0,0.0,0.0,0.0,0.0,0.0
10.0,7.86774338716936,0.0042462412495087,0.0042462412485328,0.999990984676654,0.999990984676654,49.41348214220856,0.0,49.97092597055675,0.0,45.595003461390576,0.0,45.301313504137376,0.0,0.0,0.0,0.0,0.0,0.0,0.0
10.0,7.86799339966998,0.0042462981381287,0.0042462981371492,0.999990984435084,0.999990984435084,49.41348211996638,0.0,49.97092549534896,0.0,45.59500345560151,0.0,45.30131340277215,0.0,0.0,0.0,0.0,0.0,0.0,0.0
10.0,7.86824341217061,0.0042463550277022,0.0042463550267192,0.9999909841935078,0.9999909841935078,49.41348209772396,0.0,49.97092502012733,0.0,45.59500344981225,0.0,45.30131330140381,0.0,0.0,0.0,0.0,0.0,0.0,0.0
10.0,7.86849342467123,0.0042464119182291,0.0042464119172427,0.999990983951924,0.999990983951924,49.413482075481305,0.0,49.9709245448919,0.0,45.59500344402281,0.0,45.30131320003237,0.0,0.0,0.0,0.0,0.0,0.0,0.0
10.0,7.86874343717186,0.0042464688097095,0.0042464688087196,0.999990983710332,0.999990983710332,49.4134820532384,0.0,49.97092406964264,0.0,45.59500343823319,0.0,45.30131309865782,0.0,0.0,0.0,0.0,0.0,0.0,0.0
10.0,7.86899344967248,0.0042465257021433,0.0042465257011498,0.999990983468734,0.999990983468734,49.41348203099527,0.0,49.97092359437957,0.0,45.59500343244338,0.0,45.30131299728017,0.0,0.0,0.0,0.0,0.0,0.0,0.0
10.0,7.86924346217311,0.0042465825955304,0.0042465825945334,0.999990983227128,0.999990983227128,49.41348200875189,0.0,49.97092311910267,0.0,45.59500342665337,0.0,45.30131289589941,0.0,0.0,0.0,0.0,0.0,0.0,0.0
10.0,7.86949347467373,0.0042466394898707,0.0042466394888703,0.999990982985514,0.999990982985514,49.41348198650829,0.0,49.97092264381195,0.0,45.59500342086319,0.0,45.30131279451554,0.0,0.0,0.0,0.0,0.0,0.0,0.0
10.0,7.86974348717436,0.0042466963851643,0.0042466963841604,0.999990982743894,0.999990982743894,49.41348196426444,0.0,49.97092216850742,0.0,45.5950034150728,0.0,45.301312693128565,0.0,0.0,0.0,0.0,0.0,0.0,0.0
10.0,7.86999349967498,0.0042467532814111,0.0042467532804037,0.999990982502266,0.999990982502266,49.41348194202034,0.0,49.97092169318907,0.0,45.59500340928224,0.0,45.30131259173849,0.0,0.0,0.0,0.0,0.0,0.0,0.0
10.0,7.87024351217561,0.0042468101786111,0.0042468101776001,0.999990982260631,0.999990982260631,49.41348191977602,0.0,49.97092121785689,0.0,45.595003403491496,0.0,45.3013124903453,0.0,0.0,0.0,0.0,0.0,0.0,0.0
10.0,7.87049352467623,0.0042468670767641,0.0042468670757496,0.999990982018989,0.999990982018989,49.413481897531454,0.0,49.9709207425109,0.0,45.59500339770056,0.0,45.30131238894901,0.0,0.0,0.0,0.0,0.0,0.0,0.0
10.0,7.87074353717686,0.0042469239758702,0.0042469239748521,0.999990981777339,0.999990981777339,49.41348187528665,0.0,49.97092026715109,0.0,45.59500339190944,0.0,45.301312287549614,0.0,0.0,0.0,0.0,0.0,0.0,0.0
10.0,7.87099354967748,0.0042469808759292,0.0042469808749077,0.999990981535682,0.999990981535682,49.41348185304162,0.0,49.970919791777455,0.0,45.59500338611813,0.0,45.30131218614711,0.0,0.0,0.0,0.0,0.0,0.0,0.0
10.0,7.87124356217811,0.0042470377769413,0.0042470377759162,0.999990981294018,0.999990981294018,49.41348183079634,0.0,49.97091931639001,0.0,45.595003380326624,0.0,45.3013120847415,0.0,0.0,0.0,0.0,0.0,0.0,0.0
10.0,7.87149357467873,0.0042470946789062,0.0042470946778776,0.999990981052346,0.999990981052346,49.413481808550834,0.0,49.970918840988745,0.0,45.59500337453494,0.0,45.30131198333277,0.0,0.0,0.0,0.0,0.0,0.0,0.0
10.0,7.87174358717936,0.004247151581824,0.0042471515807919,0.999990980810668,0.999990980810668,49.41348178630509,0.0,49.97091836557366,0.0,45.59500336874307,0.0,45.30131188192095,0.0,0.0,0.0,0.0,0.0,0.0,0.0
10.0,7.87199359967998,0.0042472084856946,0.004247208484659,0.9999909805689818,0.9999909805689818,49.41348176405912,0.0,49.97091789014475,0.0,45.59500336295101,0.0,45.301311780506026,0.0,0.0,0.0,0.0,0.0,0.0,0.0
10.0,7.87224361218061,0.0042472653905179,0.0042472653894788,0.999990980327288,0.999990980327288,49.413481741812895,0.0,49.97091741470203,0.0,45.59500335715877,0.0,45.30131167908799,0.0,0.0,0.0,0.0,0.0,0.0,0.0
10.0,7.87249362468123,0.004247322296294,0.0042473222952514,0.999990980085587,0.999990980085588,49.41348171956645,0.0,49.97091693924549,0.0,45.59500335136634,0.0,45.30131157766685,0.0,0.0,0.0,0.0,0.0,0.0,0.0
10.0,7.87274363718186,0.0042473792030228,0.0042473792019766,0.99999097984388,0.999990979843879,49.41348169731977,0.0,49.970916463775126,0.0,45.59500334557372,0.0,45.3013114762426,0.0,0.0,0.0,0.0,0.0,0.0,0.0
10.0,7.87299364968248,0.0042474361107042,0.0042474361096544,0.999990979602164,0.999990979602164,49.41348167507285,0.0,49.97091598829095,0.0,45.59500333978091,0.0,45.30131137481524,0.0,0.0,0.0,0.0,0.0,0.0,0.0
10.0,7.87324366218311,0.0042474930193381,0.0042474930182849,0.999990979360442,0.999990979360442,49.4134816528257,0.0,49.97091551279296,0.0,45.59500333398792,0.0,45.30131127338478,0.0,0.0,0.0,0.0,0.0,0.0,0.0
10.0,7.87349367468373,0.0042475499289246,0.0042475499278678,0.999990979118712,0.999990979118712,49.41348163057832,0.0,49.97091503728115,0.0,45.595003328194736,0.0,45.30131117195122,0.0,0.0,0.0,0.0,0.0,0.0,0.0
10.0,7.87374368718436,0.0042476068394636,0.0042476068384032,0.999990978876975,0.999990978876975,49.4134816083307,0.0,49.97091456175552,0.0,45.59500332240137,0.0,45.301311070514544,0.0,0.0,0.0,0.0,0.0,0.0,0.0
10.0,7.87399369968498,0.004247663750955,0.0042476637498911,0.99999097863523,0.99999097863523,49.41348158608285,0.0,49.97091408621607,0.0,45.595003316607816,0.0,45.30131096907478,0.0,0.0,0.0,0.0,0.0,0.0,0.0
10.0,7.87424371218561,0.0042477206633988,0.0042477206623314,0.999990978393479,0.999990978393479,49.41348156383478,0.0,49.970913610662805,0.0,45.59500331081407,0.0,45.30131086763189,0.0,0.0,0.0,0.0,0.0,0.0,0.0
10.0,7.87449372468623,0.004247777576795,0.0042477775757239,0.99999097815172,0.99999097815172,49.413481541586464,0.0,49.97091313509572,0.0,45.59500330502015,0.0,45.3013107661859,0.0,0.0,0.0,0.0,0.0,0.0,0.0
10.0,7.874743737186859,0.0042478344911434,0.0042478344900688,0.999990977909954,0.999990977909954,49.41348151933792,0.0,49.97091265951482,0.0,45.59500329922603,0.0,45.3013106647368,0.0,0.0,0.0,0.0,0.0,0.0,0.0
10.0,7.87499374968748,0.0042478914064441,0.004247891405366,0.99999097766818,0.99999097766818,49.41348149708914,0.0,49.970912183920106,0.0,45.59500329343173,0.0,45.3013105632846,0.0,0.0,0.0,0.0,0.0,0.0,0.0
10.0,7.87524376218811,0.004247948322697,0.0042479483216153,0.999990977426399,0.999990977426399,49.41348147484013,0.0,49.970911708311576,0.0,45.59500328763724,0.0,45.30131046182929,0.0,0.0,0.0,0.0,0.0,0.0,0.0
10.0,7.87549377468873,0.004248005239902,0.0042480052388168,0.9999909771846108,0.999990977184611,49.413481452590894,0.0,49.97091123268923,0.0,45.59500328184256,0.0,45.30131036037088,0.0,0.0,0.0,0.0,0.0,0.0,0.0
10.0,7.87574378718936,0.0042480621580592,0.0042480621569704,0.999990976942816,0.999990976942816,49.41348143034144,0.0,49.97091075705307,0.0,45.5950032760477,0.0,45.30131025890935,0.0,0.0,0.0,0.0,0.0,0.0,0.0
10.0,7.87599379968998,0.0042481190771684,0.004248119076076,0.9999909767010132,0.9999909767010132,49.41348140809173,0.0,49.970910281403086,0.0,45.59500327025264,0.0,45.30131015744473,0.0,0.0,0.0,0.0,0.0,0.0,0.0
10.0,7.876243812190611,0.0042481759972296,0.0042481759961337,0.999990976459203,0.999990976459203,49.4134813858418,0.0,49.97090980573929,0.0,45.59500326445741,0.0,45.301310055977,0.0,0.0,0.0,0.0,0.0,0.0,0.0
10.0,7.87649382469123,0.0042482329182428,0.0042482329171433,0.999990976217386,0.999990976217386,49.41348136359164,0.0,49.97090933006167,0.0,45.59500325866199,0.0,45.301309954506166,0.0,0.0,0.0,0.0,0.0,0.0,0.0
10.0,7.87674383719186,0.0042482898402079,0.0042482898391048,0.999990975975561,0.999990975975561,49.41348134134125,0.0,49.97090885437024,0.0,45.59500325286637,0.0,45.301309853032215,0.0,0.0,0.0,0.0,0.0,0.0,0.0
10.0,7.87699384969248,0.0042483467631249,0.0042483467620183,0.99999097573373,0.999990975733729,49.41348131909064,0.0,49.970908378664994,0.0,45.59500324707057,0.0,45.301309751555166,0.0,0.0,0.0,0.0,0.0,0.0,0.0
10.0,7.87724386219311,0.0042484036869937,0.0042484036858835,0.99999097549189,0.99999097549189,49.4134812968398,0.0,49.970907902945925,0.0,45.59500324127458,0.0,45.30130965007501,0.0,0.0,0.0,0.0,0.0,0.0,0.0
10.0,7.87749387469373,0.0042484606118143,0.0042484606107005,0.999990975250044,0.999990975250044,49.413481274588726,0.0,49.97090742721306,0.0,45.59500323547842,0.0,45.30130954859175,0.0,0.0,0.0,0.0,0.0,0.0,0.0
10.0,7.87774388719436,0.0042485175375866,0.0042485175364693,0.99999097500819,0.99999097500819,49.41348125233743,0.0,49.97090695146636,0.0,45.595003229682064,0.0,45.30130944710538,0.0,0.0,0.0,0.0,0.0,0.0,0.0
10.0,7.87799389969498,0.0042485744643106,0.0042485744631897,0.999990974766329,0.999990974766329,49.4134812300859,0.0,49.97090647570585,0.0,45.59500322388551,0.0,45.30130934561591,0.0,0.0,0.0,0.0,0.0,0.0,0.0
10.0,7.87824391219561,0.0042486313919863,0.0042486313908617,0.9999909745244612,0.9999909745244612,49.41348120783415,0.0,49.97090599993152,0.0,45.59500321808878,0.0,45.30130924412333,0.0,0.0,0.0,0.0,0.0,0.0,0.0
10.0,7.878493924696231,0.0042486883206135,0.0042486883194854,0.999990974282585,0.999990974282586,49.41348118558216,0.0,49.97090552414338,0.0,45.59500321229186,0.0,45.301309142627645,0.0,0.0,0.0,0.0,0.0,0.0,0.0
10.0,7.87874393719686,0.0042487452501923,0.0042487452490606,0.999990974040703,0.999990974040702,49.41348116332996,0.0,49.97090504834143,0.0,45.59500320649475,0.0,45.30130904112886,0.0,0.0,0.0,0.0,0.0,0.0,0.0
10.0,7.87899394969748,0.0042488021807226,0.0042488021795873,0.999990973798812,0.999990973798812,49.41348114107751,0.0,49.97090457252566,0.0,45.595003200697455,0.0,45.30130893962696,0.0,0.0,0.0,0.0,0.0,0.0,0.0
10.0,7.87924396219811,0.0042488591122043,0.0042488591110654,0.999990973556915,0.999990973556915,49.413481118824855,0.0,49.97090409669608,0.0,45.59500319489997,0.0,45.30130883812196,0.0,0.0,0.0,0.0,0.0,0.0,0.0
10.0,7.87949397469874,0.0042489160446374,0.004248916043495,0.999990973315011,0.99999097331501,49.41348109657197,0.0,49.970903620852674,0.0,45.59500318910232,0.0,45.30130873661385,0.0,0.0,0.0,0.0,0.0,0.0,0.0
10.0,7.87974398719936,0.0042489729780219,0.0042489729768758,0.999990973073098,0.999990973073098,49.41348107431885,0.0,49.97090314499546,0.0,45.59500318330445,0.0,45.30130863510264,0.0,0.0,0.0,0.0,0.0,0.0,0.0
10.0,7.87999399969998,0.0042490299123577,0.004249029911208,0.999990972831179,0.999990972831179,49.41348105206552,0.0,49.97090266912444,0.0,45.595003177506406,0.0,45.30130853358831,0.0,0.0,0.0,0.0,0.0,0.0,0.0
10.0,7.880244012200609,0.0042490868476448,0.0042490868464915,0.9999909725892532,0.9999909725892532,49.41348102981195,0.0,49.97090219323959,0.0,45.595003171708186,0.0,45.30130843207089,0.0,0.0,0.0,0.0,0.0,0.0,0.0
10.0,7.88049402470123,0.0042491437838831,0.0042491437827262,0.9999909723473188,0.999990972347318,49.413481007558175,0.0,49.97090171734093,0.0,45.595003165909766,0.0,45.30130833055036,0.0,0.0,0.0,0.0,0.0,0.0,0.0
10.0,7.88074403720186,0.0042492007210725,0.004249200719912,0.999990972105378,0.999990972105378,49.41348098530416,0.0,49.97090124142846,0.0,45.59500316011116,0.0,45.30130822902672,0.0,0.0,0.0,0.0,0.0,0.0,0.0
10.0,7.88099404970249,0.0042492576592131,0.004249257658049,0.999990971863429,0.999990971863429,49.41348096304993,0.0,49.970900765502165,0.0,45.595003154312366,0.0,45.30130812749999,0.0,0.0,0.0,0.0,0.0,0.0,0.0
10.0,7.88124406220311,0.0042493145983047,0.004249314597137,0.9999909716214732,0.999990971621473,49.413480940795466,0.0,49.97090028956207,0.0,45.59500314851339,0.0,45.30130802597013,0.0,0.0,0.0,0.0,0.0,0.0,0.0
10.0,7.88149407470374,0.0042493715383474,0.0042493715371761,0.999990971379511,0.999990971379511,49.41348091854079,0.0,49.97089981360816,0.0,45.59500314271422,0.0,45.30130792443718,0.0,0.0,0.0,0.0,0.0,0.0,0.0
10.0,7.88174408720436,0.004249428479341,0.0042494284781661,0.99999097113754,0.99999097113754,49.41348089628588,0.0,49.97089933764043,0.0,45.59500313691488,0.0,45.30130782290112,0.0,0.0,0.0,0.0,0.0,0.0,0.0
10.0,7.88199409970498,0.0042494854212856,0.0042494854201071,0.999990970895563,0.999990970895563,49.41348087403076,0.0,49.97089886165889,0.0,45.59500313111533,0.0,45.30130772136196,0.0,0.0,0.0,0.0,0.0,0.0,0.0
10.0,7.88224411220561,0.0042495423641811,0.0042495423629989,0.999990970653578,0.999990970653578,49.41348085177541,0.0,49.97089838566352,0.0,45.595003125315614,0.0,45.30130761981968,0.0,0.0,0.0,0.0,0.0,0.0,0.0
10.0,7.88249412470624,0.0042495993080274,0.0042495993068416,0.999990970411586,0.999990970411586,49.41348082951984,0.0,49.97089790965436,0.0,45.595003119515695,0.0,45.3013075182743,0.0,0.0,0.0,0.0,0.0,0.0,0.0
10.0,7.88274413720686,0.0042496562528245,0.0042496562516351,0.999990970169586,0.999990970169586,49.41348080726405,0.0,49.97089743363138,0.0,45.5950031137156,0.0,45.30130741672582,0.0,0.0,0.0,0.0,0.0,0.0,0.0
10.0,7.88299414970749,0.0042497131985724,0.0042497131973793,0.99999096992758,0.99999096992758,49.413480785008026,0.0,49.970896957594576,0.0,45.59500310791531,0.0,45.30130731517424,0.0,0.0,0.0,0.0,0.0,0.0,0.0
10.0,7.88324416220811,0.0042497701452709,0.0042497701440743,0.999990969685566,0.999990969685566,49.4134807627518,0.0,49.97089648154397,0.0,45.59500310211484,0.0,45.30130721361954,0.0,0.0,0.0,0.0,0.0,0.0,0.0
10.0,7.88349417470874,0.0042498270929202,0.0042498270917199,0.999990969443544,0.999990969443544,49.41348074049535,0.0,49.970896005479545,0.0,45.59500309631417,0.0,45.301307112061735,0.0,0.0,0.0,0.0,0.0,0.0,0.0
10.0,7.88374418720936,0.00424988404152,0.004249884040316,0.999990969201516,0.999990969201516,49.41348071823866,0.0,49.97089552940131,0.0,45.59500309051332,0.0,45.30130701050084,0.0,0.0,0.0,0.0,0.0,0.0,0.0
10.0,7.88399419970999,0.0042499409910703,0.0042499409898628,0.99999096895948,0.99999096895948,49.41348069598177,0.0,49.97089505330926,0.0,45.595003084712296,0.0,45.30130690893683,0.0,0.0,0.0,0.0,0.0,0.0,0.0
10.0,7.88424421221061,0.0042499979415712,0.00424999794036,0.999990968717437,0.999990968717437,49.41348067372465,0.0,49.97089457720341,0.0,45.59500307891107,0.0,45.301306807369706,0.0,0.0,0.0,0.0,0.0,0.0,0.0
10.0,7.88449422471123,0.0042500548930226,0.0042500548918077,0.999990968475386,0.999990968475386,49.41348065146732,0.0,49.97089410108373,0.0,45.59500307310967,0.0,45.30130670579949,0.0,0.0,0.0,0.0,0.0,0.0,0.0
10.0,7.88474423721186,0.0042501118454243,0.0042501118442059,0.9999909682333292,0.9999909682333292,49.41348062920976,0.0,49.97089362495025,0.0,45.59500306730807,0.0,45.30130660422616,0.0,0.0,0.0,0.0,0.0,0.0,0.0
10.0,7.88499424971249,0.0042501687987765,0.0042501687975544,0.999990967991264,0.999990967991264,49.41348060695199,0.0,49.97089314880295,0.0,45.59500306150629,0.0,45.30130650264973,0.0,0.0,0.0,0.0,0.0,0.0,0.0
10.0,7.88524426221311,0.004250225753079,0.0042502257518532,0.999990967749191,0.999990967749191,49.413480584694,0.0,49.970892672641845,0.0,45.59500305570431,0.0,45.30130640107019,0.0,0.0,0.0,0.0,0.0,0.0,0.0
10.0,7.88549427471374,0.0042502827083317,0.0042502827071023,0.999990967507112,0.999990967507112,49.41348056243579,0.0,49.97089219646692,0.0,45.59500304990216,0.0,45.30130629948755,0.0,0.0,0.0,0.0,0.0,0.0,0.0
10.0,7.88574428721436,0.0042503396645347,0.0042503396633016,0.9999909672650252,0.9999909672650252,49.41348054017736,0.0,49.97089172027819,0.0,45.59500304409981,0.0,45.3013061979018,0.0,0.0,0.0,0.0,0.0,0.0,0.0
10.0,7.88599429971499,0.0042503966216878,0.0042503966204511,0.999990967022931,0.999990967022931,49.41348051791872,0.0,49.970891244075645,0.0,45.595003038297286,0.0,45.30130609631294,0.0,0.0,0.0,0.0,0.0,0.0,0.0
10.0,7.88624431221561,0.0042504535797911,0.0042504535785507,0.99999096678083,0.999990966780829,49.41348049565985,0.0,49.97089076785929,0.0,45.59500303249456,0.0,45.30130599472098,0.0,0.0,0.0,0.0,0.0,0.0,0.0
10.0,7.88649432471624,0.0042505105388445,0.0042505105376004,0.999990966538721,0.999990966538721,49.41348047340078,0.0,49.97089029162912,0.0,45.595003026691664,0.0,45.30130589312592,0.0,0.0,0.0,0.0,0.0,0.0,0.0
10.0,7.88674433721686,0.0042505674988479,0.0042505674976002,0.9999909662966052,0.9999909662966052,49.41348045114148,0.0,49.97088981538514,0.0,45.59500302088857,0.0,45.30130579152775,0.0,0.0,0.0,0.0,0.0,0.0,0.0
10.0,7.88699434971749,0.0042506244598013,0.00425062445855,0.999990966054482,0.999990966054482,49.41348042888197,0.0,49.97088933912734,0.0,45.59500301508529,0.0,45.30130568992647,0.0,0.0,0.0,0.0,0.0,0.0,0.0
10.0,7.88724436221811,0.0042506814217047,0.0042506814204497,0.999990965812351,0.999990965812351,49.41348040662225,0.0,49.97088886285575,0.0,45.59500300928182,0.0,45.30130558832208,0.0,0.0,0.0,0.0,0.0,0.0,0.0
10.0,7.88749437471874,0.004250738384558,0.0042507383832993,0.999990965570213,0.999990965570213,49.4134803843623,0.0,49.97088838657033,0.0,45.595003003478176,0.0,45.3013054867146,0.0,0.0,0.0,0.0,0.0,0.0,0.0
10.0,7.88774438721936,0.0042507953483611,0.0042507953470988,0.999990965328068,0.999990965328068,49.41348036210215,0.0,49.97088791027111,0.0,45.59500299767433,0.0,45.301305385104,0.0,0.0,0.0,0.0,0.0,0.0,0.0
10.0,7.88799439971999,0.0042508523131141,0.004250852311848,0.999990965085916,0.999990965085916,49.41348033984177,0.0,49.97088743395807,0.0,45.59500299187031,0.0,45.30130528349031,0.0,0.0,0.0,0.0,0.0,0.0,0.0
10.0,7.88824441222061,0.0042509092788168,0.004250909277547,0.999990964843756,0.999990964843756,49.41348031758118,0.0,49.97088695763122,0.0,45.59500298606609,0.0,45.3013051818735,0.0,0.0,0.0,0.0,0.0,0.0,0.0
10.0,7.88849442472124,0.0042509662454692,0.0042509662441958,0.999990964601589,0.9999909646015892,49.413480295320376,0.0,49.97088648129056,0.0,45.5950029802617,0.0,45.30130508025359,0.0,0.0,0.0,0.0,0.0,0.0,0.0
10.0,7.88874443722186,0.0042510232130713,0.0042510232117942,0.999990964359415,0.999990964359415,49.41348027305936,0.0,49.97088600493609,0.0,45.5950029744571,0.0,45.301304978630576,0.0,0.0,0.0,0.0,0.0,0.0,0.0
10.0,7.88899444972249,0.004251080181623,0.0042510801803422,0.999990964117233,0.999990964117233,49.41348025079813,0.0,49.97088552856782,0.0,45.59500296865232,0.0,45.30130487700446,0.0,0.0,0.0,0.0,0.0,0.0,0.0
10.0,7.88924446222311,0.0042511371511243,0.0042511371498398,0.999990963875044,0.999990963875044,49.413480228536685,0.0,49.97088505218573,0.0,45.59500296284737,0.0,45.30130477537523,0.0,0.0,0.0,0.0,0.0,0.0,0.0
10.0,7.88949447472374,0.0042511941215751,0.0042511941202869,0.999990963632848,0.999990963632848,49.41348020627503,0.0,49.97088457578983,0.0,45.59500295704221,0.0,45.3013046737429,0.0,0.0,0.0,0.0,0.0,0.0,0.0
10.0,7.88974448722436,0.0042512510929754,0.0042512510916835,0.999990963390645,0.999990963390645,49.41348018401317,0.0,49.97088409938012,0.0,45.59500295123688,0.0,45.30130457210746,0.0,0.0,0.0,0.0,0.0,0.0,0.0
10.0,7.88999449972499,0.0042513080653251,0.0042513080640296,0.999990963148434,0.999990963148434,49.41348016175108,0.0,49.970883622956606,0.0,45.59500294543136,0.0,45.30130447046892,0.0,0.0,0.0,0.0,0.0,0.0,0.0
10.0,7.89024451222561,0.0042513650386242,0.004251365037325,0.999990962906216,0.999990962906216,49.41348013948879,0.0,49.97088314651928,0.0,45.59500293962565,0.0,45.30130436882728,0.0,0.0,0.0,0.0,0.0,0.0,0.0
10.0,7.890494524726241,0.0042514220128726,0.0042514220115697,0.999990962663991,0.999990962663991,49.413480117226285,0.0,49.97088267006814,0.0,45.59500293381975,0.0,45.30130426718252,0.0,0.0,0.0,0.0,0.0,0.0,0.0
10.0,7.89074453722686,0.0042514789880704,0.0042514789867638,0.999990962421758,0.999990962421758,49.41348009496357,0.0,49.97088219360319,0.0,45.59500292801366,0.0,45.30130416553467,0.0,0.0,0.0,0.0,0.0,0.0,0.0
10.0,7.89099454972749,0.0042515359642174,0.0042515359629071,0.999990962179519,0.999990962179519,49.41348007270064,0.0,49.97088171712444,0.0,45.59500292220739,0.0,45.3013040638837,0.0,0.0,0.0,0.0,0.0,0.0,0.0
10.0,7.89124456222811,0.0042515929413135,0.0042515929399996,0.999990961937271,0.999990961937272,49.4134800504375,0.0,49.97088124063187,0.0,45.59500291640094,0.0,45.30130396222963,0.0,0.0,0.0,0.0,0.0,0.0,0.0
10.0,7.89149457472874,0.0042516499193589,0.0042516499180412,0.999990961695017,0.999990961695017,49.41348002817415,0.0,49.97088076412549,0.0,45.595002910594296,0.0,45.30130386057246,0.0,0.0,0.0,0.0,0.0,0.0,0.0
10.0,7.89174458722936,0.0042517068983533,0.0042517068970319,0.999990961452755,0.999990961452756,49.4134800059106,0.0,49.9708802876053,0.0,45.59500290478746,0.0,45.30130375891218,0.0,0.0,0.0,0.0,0.0,0.0,0.0
10.0,7.89199459972999,0.0042517638782968,0.0042517638769717,0.9999909612104868,0.999990961210486,49.41347998364682,0.0,49.97087981107132,0.0,45.59500289898043,0.0,45.3013036572488,0.0,0.0,0.0,0.0,0.0,0.0,0.0
10.0,7.89224461223061,0.0042518208591894,0.0042518208578605,0.99999096096821,0.9999909609682102,49.41347996138285,0.0,49.97087933452351,0.0,45.59500289317324,0.0,45.30130355558231,0.0,0.0,0.0,0.0,0.0,0.0,0.0
10.0,7.89249462473124,0.0042518778410308,0.0042518778396983,0.999990960725927,0.999990960725927,49.41347993911865,0.0,49.97087885796191,0.0,45.59500288736584,0.0,45.30130345391272,0.0,0.0,0.0,0.0,0.0,0.0,0.0
10.0,7.892744637231861,0.0042519348238212,0.004251934822485,0.999990960483636,0.999990960483636,49.41347991685426,0.0,49.97087838138648,0.0,45.59500288155826,0.0,45.301303352240026,0.0,0.0,0.0,0.0,0.0,0.0,0.0
10.0,7.89299464973249,0.0042519918075605,0.0042519918062205,0.999990960241338,0.999990960241338,49.413479894589656,0.0,49.97087790479725,0.0,45.59500287575049,0.0,45.30130325056421,0.0,0.0,0.0,0.0,0.0,0.0,0.0
10.0,7.89324466223311,0.0042520487922486,0.0042520487909049,0.9999909599990328,0.9999909599990328,49.41347987232484,0.0,49.97087742819421,0.0,45.59500286994254,0.0,45.30130314888531,0.0,0.0,0.0,0.0,0.0,0.0,0.0
10.0,7.89349467473374,0.0042521057778855,0.0042521057765381,0.99999095975672,0.99999095975672,49.41347985005982,0.0,49.97087695157737,0.0,45.5950028641344,0.0,45.30130304720329,0.0,0.0,0.0,0.0,0.0,0.0,0.0
10.0,7.89374468723436,0.0042521627644711,0.0042521627631199,0.9999909595144,0.9999909595144,49.41347982779459,0.0,49.97087647494672,0.0,45.59500285832607,0.0,45.301302945518174,0.0,0.0,0.0,0.0,0.0,0.0,0.0
10.0,7.89399469973499,0.0042522197520054,0.0042522197506505,0.999990959272073,0.999990959272073,49.41347980552916,0.0,49.970875998302255,0.0,45.59500285251755,0.0,45.30130284382994,0.0,0.0,0.0,0.0,0.0,0.0,0.0
10.0,7.89424471223561,0.0042522767404883,0.0042522767391297,0.999990959029738,0.999990959029738,49.41347978326351,0.0,49.97087552164399,0.0,45.59500284670885,0.0,45.30130274213862,0.0,0.0,0.0,0.0,0.0,0.0,0.0
10.0,7.89449472473624,0.0042523337299198,0.0042523337285575,0.999990958787396,0.999990958787396,49.41347976099766,0.0,49.97087504497191,0.0,45.59500284089996,0.0,45.30130264044418,0.0,0.0,0.0,0.0,0.0,0.0,0.0
10.0,7.89474473723686,0.0042523907202999,0.0042523907189338,0.999990958545047,0.999990958545047,49.4134797387316,0.0,49.970874568286014,0.0,45.59500283509089,0.0,45.30130253874663,0.0,0.0,0.0,0.0,0.0,0.0,0.0
10.0,7.89499474973749,0.0042524477116284,0.0042524477102586,0.999990958302691,0.999990958302691,49.41347971646535,0.0,49.97087409158633,0.0,45.595002829281626,0.0,45.30130243704599,0.0,0.0,0.0,0.0,0.0,0.0,0.0
10.0,7.89524476223811,0.0042525047039054,0.0042525047025319,0.999990958060327,0.999990958060327,49.41347969419888,0.0,49.97087361487283,0.0,45.59500282347217,0.0,45.30130233534224,0.0,0.0,0.0,0.0,0.0,0.0,0.0
10.0,7.89549477473874,0.0042525616971309,0.0042525616957536,0.999990957817956,0.999990957817956,49.4134796719322,0.0,49.97087313814552,0.0,45.59500281766253,0.0,45.30130223363539,0.0,0.0,0.0,0.0,0.0,0.0,0.0
10.0,7.89574478723936,0.0042526186913046,0.0042526186899236,0.999990957575578,0.999990957575578,49.41347964966532,0.0,49.9708726614044,0.0,45.59500281185271,0.0,45.30130213192543,0.0,0.0,0.0,0.0,0.0,0.0,0.0
10.0,7.895994799739989,0.0042526756864267,0.0042526756850419,0.999990957333192,0.999990957333192,49.41347962739824,0.0,49.97087218464948,0.0,45.59500280604269,0.0,45.30130203021236,0.0,0.0,0.0,0.0,0.0,0.0,0.0
10.0,7.89624481224061,0.004252732682497,0.0042527326811085,0.9999909570908,0.9999909570908,49.41347960513095,0.0,49.970871707880754,0.0,45.59500280023249,0.0,45.30130192849619,0.0,0.0,0.0,0.0,0.0,0.0,0.0
10.0,7.89649482474124,0.0042527896795156,0.0042527896781233,0.9999909568484,0.9999909568484,49.41347958286346,0.0,49.970871231098215,0.0,45.59500279442212,0.0,45.30130182677691,0.0,0.0,0.0,0.0,0.0,0.0,0.0
10.0,7.89674483724186,0.0042528466774823,0.0042528466760863,0.999990956605992,0.999990956605992,49.41347956059576,0.0,49.97087075430187,0.0,45.59500278861154,0.0,45.30130172505453,0.0,0.0,0.0,0.0,0.0,0.0,0.0
10.0,7.89699484974249,0.0042529036763972,0.0042529036749974,0.999990956363578,0.999990956363578,49.41347953832787,0.0,49.97087027749172,0.0,45.595002782800776,0.0,45.301301623329046,0.0,0.0,0.0,0.0,0.0,0.0,0.0
10.0,7.89724486224311,0.0042529606762601,0.0042529606748566,0.999990956121156,0.999990956121156,49.41347951605976,0.0,49.97086980066776,0.0,45.59500277698984,0.0,45.30130152160046,0.0,0.0,0.0,0.0,0.0,0.0,0.0
10.0,7.89749487474374,0.004253017677071,0.0042530176756637,0.9999909558787268,0.9999909558787268,49.41347949379146,0.0,49.97086932383,0.0,45.5950027711787,0.0,45.30130141986876,0.0,0.0,0.0,0.0,0.0,0.0,0.0
10.0,7.89774488724436,0.00425307467883,0.0042530746774189,0.99999095563629,0.99999095563629,49.41347947152295,0.0,49.97086884697843,0.0,45.59500276536738,0.0,45.30130131813396,0.0,0.0,0.0,0.0,0.0,0.0,0.0
10.0,7.89799489974499,0.0042531316815368,0.004253131680122,0.999990955393846,0.999990955393846,49.41347944925425,0.0,49.97086837011306,0.0,45.59500275955587,0.0,45.30130121639605,0.0,0.0,0.0,0.0,0.0,0.0,0.0
10.0,7.898244912245611,0.0042531886851916,0.004253188683773,0.9999909551513952,0.9999909551513952,49.41347942698533,0.0,49.97086789323387,0.0,45.595002753744176,0.0,45.30130111465504,0.0,0.0,0.0,0.0,0.0,0.0,0.0
10.0,7.89849492474624,0.0042532456897942,0.0042532456883718,0.999990954908937,0.999990954908937,49.41347940471621,0.0,49.97086741634089,0.0,45.5950027479323,0.0,45.301301012910926,0.0,0.0,0.0,0.0,0.0,0.0,0.0
10.0,7.89874493724686,0.0042533026953446,0.0042533026939185,0.999990954666471,0.999990954666471,49.4134793824469,0.0,49.9708669394341,0.0,45.59500274212022,0.0,45.3013009111637,0.0,0.0,0.0,0.0,0.0,0.0,0.0
10.0,7.89899494974749,0.0042533597018427,0.0042533597004128,0.999990954423998,0.999990954423998,49.41347936017738,0.0,49.9708664625135,0.0,45.59500273630797,0.0,45.30130080941338,0.0,0.0,0.0,0.0,0.0,0.0,0.0
10.0,7.89924496224811,0.0042534167092885,0.0042534167078549,0.999990954181518,0.999990954181518,49.41347933790768,0.0,49.97086598557909,0.0,45.59500273049552,0.0,45.30130070765994,0.0,0.0,0.0,0.0,0.0,0.0,0.0
10.0,7.89949497474874,0.004253473717682,0.0042534737162446,0.999990953939031,0.999990953939031,49.41347931563776,0.0,49.97086550863088,0.0,45.5950027246829,0.0,45.30130060590341,0.0,0.0,0.0,0.0,0.0,0.0,0.0
10.0,7.89974498724936,0.0042535307270231,0.0042535307255819,0.999990953696536,0.999990953696536,49.41347929336765,0.0,49.97086503166886,0.0,45.59500271887008,0.0,45.30130050414377,0.0,0.0,0.0,0.0,0.0,0.0,0.0
10.0,7.89999499974999,0.0042535877373118,0.0042535877358668,0.999990953454034,0.999990953454034,49.41347927109733,0.0,49.97086455469304,0.0,45.59500271305708,0.0,45.301300402381024,0.0,0.0,0.0,0.0,0.0,0.0,0.0
10.0,7.90024501225061,0.004253644748548,0.0042536447470992,0.999990953211525,0.999990953211525,49.41347924882681,0.0,49.97086407770341,0.0,45.59500270724388,0.0,45.301300300615175,0.0,0.0,0.0,0.0,0.0,0.0,0.0
10.0,7.90049502475124,0.0042537017607316,0.004253701759279,0.999990952969008,0.999990952969008,49.41347922655609,0.0,49.97086360069999,0.0,45.5950027014305,0.0,45.30130019884622,0.0,0.0,0.0,0.0,0.0,0.0,0.0
10.0,7.90074503725186,0.0042537587738627,0.0042537587724063,0.999990952726484,0.999990952726484,49.41347920428519,0.0,49.97086312368275,0.0,45.59500269561694,0.0,45.30130009707416,0.0,0.0,0.0,0.0,0.0,0.0,0.0
10.0,7.90099504975249,0.0042538157879411,0.004253815786481,0.999990952483953,0.999990952483953,49.41347918201407,0.0,49.97086264665171,0.0,45.59500268980319,0.0,45.30129999529899,0.0,0.0,0.0,0.0,0.0,0.0,0.0
10.0,7.90124506225311,0.0042538728029669,0.0042538728015029,0.999990952241415,0.999990952241415,49.41347915974277,0.0,49.97086216960686,0.0,45.59500268398925,0.0,45.30129989352073,0.0,0.0,0.0,0.0,0.0,0.0,0.0
10.0,7.90149507475374,0.0042539298189399,0.0042539298174722,0.999990951998869,0.999990951998869,49.41347913747126,0.0,49.970861692548205,0.0,45.59500267817512,0.0,45.30129979173935,0.0,0.0,0.0,0.0,0.0,0.0,0.0
10.0,7.90174508725436,0.0042539868358602,0.0042539868343886,0.999990951756316,0.999990951756316,49.41347911519956,0.0,49.97086121547575,0.0,45.59500267236081,0.0,45.30129968995488,0.0,0.0,0.0,0.0,0.0,0.0,0.0
10.0,7.90199509975499,0.0042540438537276,0.0042540438522523,0.999990951513755,0.999990951513755,49.41347909292766,0.0,49.970860738389504,0.0,45.59500266654631,0.0,45.30129958816729,0.0,0.0,0.0,0.0,0.0,0.0,0.0
10.0,7.90224511225561,0.0042541008725422,0.0042541008710631,0.999990951271188,0.999990951271188,49.41347907065556,0.0,49.97086026128944,0.0,45.59500266073162,0.0,45.3012994863766,0.0,0.0,0.0,0.0,0.0,0.0,0.0
10.0,7.90249512475624,0.0042541578923039,0.004254157890821,0.999990951028613,0.999990951028613,49.41347904838327,0.0,49.97085978417557,0.0,45.59500265491675,0.0,45.301299384582805,0.0,0.0,0.0,0.0,0.0,0.0,0.0
10.0,7.90274513725686,0.0042542149130127,0.0042542149115259,0.999990950786031,0.999990950786031,49.41347902611077,0.0,49.9708593070479,0.0,45.59500264910169,0.0,45.30129928278591,0.0,0.0,0.0,0.0,0.0,0.0,0.0
10.0,7.90299514975749,0.0042542719346684,0.0042542719331778,0.9999909505434408,0.9999909505434408,49.41347900383809,0.0,49.970858829906426,0.0,45.59500264328644,0.0,45.30129918098591,0.0,0.0,0.0,0.0,0.0,0.0,0.0
10.0,7.90324516225811,0.0042543289572711,0.0042543289557767,0.999990950300844,0.999990950300845,49.41347898156521,0.0,49.97085835275114,0.0,45.595002637471,0.0,45.3012990791828,0.0,0.0,0.0,0.0,0.0,0.0,0.0
10.0,7.90349517475874,0.0042543859808207,0.0042543859793225,0.9999909500582412,0.9999909500582412,49.413478959292135,0.0,49.970857875582055,0.0,45.595002631655376,0.0,45.30129897737659,0.0,0.0,0.0,0.0,0.0,0.0,0.0
10.0,7.903745187259359,0.0042544430053171,0.0042544430038151,0.999990949815629,0.999990949815629,49.41347893701887,0.0,49.97085739839917,0.0,45.59500262583957,0.0,45.30129887556727,0.0,0.0,0.0,0.0,0.0,0.0,0.0
10.0,7.90399519975999,0.0042545000307604,0.0042545000292546,0.999990949573011,0.999990949573011,49.4134789147454,0.0,49.97085692120248,0.0,45.59500262002357,0.0,45.30129877375485,0.0,0.0,0.0,0.0,0.0,0.0,0.0
10.0,7.90424521226061,0.0042545570571504,0.0042545570556408,0.999990949330385,0.9999909493303848,49.41347889247174,0.0,49.97085644399199,0.0,45.59500261420739,0.0,45.30129867193932,0.0,0.0,0.0,0.0,0.0,0.0,0.0
10.0,7.90449522476124,0.0042546140844872,0.0042546140829737,0.999990949087752,0.999990949087752,49.413478870197885,0.0,49.970855966767694,0.0,45.59500260839102,0.0,45.30129857012069,0.0,0.0,0.0,0.0,0.0,0.0,0.0
10.0,7.90474523726186,0.0042546711127706,0.0042546711112533,0.999990948845111,0.999990948845111,49.41347884792384,0.0,49.97085548952959,0.0,45.59500260257446,0.0,45.30129846829895,0.0,0.0,0.0,0.0,0.0,0.0,0.0
10.0,7.90499524976249,0.0042547281420006,0.0042547281404795,0.9999909486024638,0.9999909486024638,49.4134788256496,0.0,49.970855012277696,0.0,45.59500259675772,0.0,45.30129836647412,0.0,0.0,0.0,0.0,0.0,0.0,0.0
10.0,7.90524526226311,0.0042547851721772,0.0042547851706523,0.999990948359809,0.999990948359809,49.41347880337517,0.0,49.97085453501198,0.0,45.59500259094078,0.0,45.30129826464616,0.0,0.0,0.0,0.0,0.0,0.0,0.0
10.0,7.90549527476374,0.0042548422033004,0.0042548422017716,0.9999909481171458,0.999990948117147,49.41347878110054,0.0,49.97085405773248,0.0,45.59500258512366,0.0,45.30129816281512,0.0,0.0,0.0,0.0,0.0,0.0,0.0
10.0,7.90574528726436,0.00425489923537,0.0042548992338374,0.999990947874477,0.999990947874477,49.413478758825725,0.0,49.97085358043916,0.0,45.59500257930636,0.0,45.30129806098097,0.0,0.0,0.0,0.0,0.0,0.0,0.0
10.0,7.90599529976499,0.0042549562683861,0.0042549562668496,0.9999909476318,0.9999909476318,49.41347873655072,0.0,49.97085310313206,0.0,45.59500257348886,0.0,45.3012979591437,0.0,0.0,0.0,0.0,0.0,0.0,0.0
10.0,7.90624531226561,0.0042550133023486,0.0042550133008083,0.999990947389116,0.999990947389116,49.41347871427551,0.0,49.97085262581113,0.0,45.59500256767118,0.0,45.30129785730334,0.0,0.0,0.0,0.0,0.0,0.0,0.0
10.0,7.90649532476624,0.0042550703372574,0.0042550703357132,0.999990947146425,0.999990947146424,49.413478692000126,0.0,49.97085214847641,0.0,45.59500256185332,0.0,45.30129775545987,0.0,0.0,0.0,0.0,0.0,0.0,0.0
10.0,7.90674533726686,0.0042551273731125,0.0042551273715645,0.999990946903726,0.999990946903726,49.41347866972454,0.0,49.9708516711279,0.0,45.59500255603526,0.0,45.3012976536133,0.0,0.0,0.0,0.0,0.0,0.0,0.0
10.0,7.90699534976749,0.0042551844099138,0.004255184408362,0.99999094666102,0.99999094666102,49.41347864744877,0.0,49.970851193765576,0.0,45.59500255021703,0.0,45.301297551763625,0.0,0.0,0.0,0.0,0.0,0.0,0.0
10.0,7.90724536226811,0.0042552414476614,0.0042552414461057,0.999990946418307,0.999990946418307,49.41347862517281,0.0,49.97085071638945,0.0,45.5950025443986,0.0,45.30129744991084,0.0,0.0,0.0,0.0,0.0,0.0,0.0
10.0,7.90749537476874,0.0042552984863551,0.0042552984847956,0.999990946175586,0.999990946175586,49.41347860289665,0.0,49.97085023899953,0.0,45.59500253857998,0.0,45.30129734805496,0.0,0.0,0.0,0.0,0.0,0.0,0.0
10.0,7.90774538726936,0.0042553555259949,0.0042553555244316,0.999990945932858,0.999990945932858,49.41347858062032,0.0,49.9708497615958,0.0,45.59500253276118,0.0,45.301297246195965,0.0,0.0,0.0,0.0,0.0,0.0,0.0
10.0,7.90799539976999,0.0042554125665808,0.0042554125650136,0.999990945690123,0.999990945690123,49.41347855834378,0.0,49.97084928417826,0.0,45.59500252694219,0.0,45.301297144333866,0.0,0.0,0.0,0.0,0.0,0.0,0.0
10.0,7.90824541227061,0.0042554696081127,0.0042554696065416,0.999990945447381,0.999990945447381,49.41347853606706,0.0,49.970848806746936,0.0,45.59500252112301,0.0,45.30129704246868,0.0,0.0,0.0,0.0,0.0,0.0,0.0
10.0,7.908495424771241,0.0042555266505906,0.0042555266490157,0.999990945204631,0.999990945204631,49.41347851379015,0.0,49.97084832930181,0.0,45.59500251530365,0.0,45.301296940600366,0.0,0.0,0.0,0.0,0.0,0.0,0.0
10.0,7.90874543727186,0.0042555836940144,0.0042555836924356,0.999990944961874,0.999990944961874,49.413478491513054,0.0,49.97084785184288,0.0,45.5950025094841,0.0,45.30129683872896,0.0,0.0,0.0,0.0,0.0,0.0,0.0
10.0,7.90899544977249,0.0042556407383841,0.0042556407368014,0.99999094471911,0.99999094471911,49.41347846923577,0.0,49.97084737437015,0.0,45.59500250366436,0.0,45.30129673685444,0.0,0.0,0.0,0.0,0.0,0.0,0.0
10.0,7.90924546227311,0.0042556977836996,0.004255697782113,0.9999909444763388,0.999990944476339,49.41347844695829,0.0,49.97084689688361,0.0,45.59500249784444,0.0,45.30129663497683,0.0,0.0,0.0,0.0,0.0,0.0,0.0
10.0,7.90949547477374,0.0042557548299609,0.0042557548283705,0.99999094423356,0.99999094423356,49.41347842468063,0.0,49.97084641938327,0.0,45.59500249202432,0.0,45.3012965330961,0.0,0.0,0.0,0.0,0.0,0.0,0.0
10.0,7.90974548727436,0.0042558118771679,0.0042558118755736,0.999990943990774,0.999990943990774,49.41347840240278,0.0,49.970845941869136,0.0,45.59500248620403,0.0,45.30129643121228,0.0,0.0,0.0,0.0,0.0,0.0,0.0
10.0,7.90999549977499,0.0042558689253206,0.0042558689237225,0.99999094374798,0.99999094374798,49.41347838012475,0.0,49.9708454643412,0.0,45.59500248038354,0.0,45.30129632932535,0.0,0.0,0.0,0.0,0.0,0.0,0.0
10.0,7.91024551227561,0.004255925974419,0.004255925972817,0.99999094350518,0.99999094350518,49.41347835784653,0.0,49.970844986799456,0.0,45.59500247456287,0.0,45.30129622743531,0.0,0.0,0.0,0.0,0.0,0.0,0.0
10.0,7.91049552477624,0.004255983024463,0.004255983022857,0.999990943262372,0.999990943262372,49.41347833556812,0.0,49.970844509243925,0.0,45.59500246874201,0.0,45.30129612554217,0.0,0.0,0.0,0.0,0.0,0.0,0.0
10.0,7.91074553727686,0.0042560400754525,0.0042560400738427,0.9999909430195572,0.9999909430195572,49.41347831328953,0.0,49.97084403167459,0.0,45.59500246292097,0.0,45.301296023645925,0.0,0.0,0.0,0.0,0.0,0.0,0.0
10.0,7.91099554977749,0.0042560971273875,0.0042560971257738,0.999990942776734,0.999990942776734,49.41347829101075,0.0,49.970843554091445,0.0,45.59500245709973,0.0,45.30129592174658,0.0,0.0,0.0,0.0,0.0,0.0,0.0
10.0,7.91124556227811,0.0042561541802679,0.0042561541786504,0.999990942533905,0.999990942533904,49.413478268731794,0.0,49.97084307649451,0.0,45.59500245127831,0.0,45.30129581984413,0.0,0.0,0.0,0.0,0.0,0.0,0.0
10.0,7.91149557477874,0.0042562112340938,0.0042562112324723,0.999990942291068,0.9999909422910672,49.41347824645264,0.0,49.97084259888377,0.0,45.5950024454567,0.0,45.301295717938565,0.0,0.0,0.0,0.0,0.0,0.0,0.0
10.0,7.91174558727936,0.004256268288865,0.0042562682872397,0.999990942048223,0.999990942048223,49.41347822417331,0.0,49.97084212125923,0.0,45.5950024396349,0.0,45.301295616029904,0.0,0.0,0.0,0.0,0.0,0.0,0.0
10.0,7.91199559977999,0.0042563253445816,0.0042563253429523,0.999990941805372,0.999990941805372,49.4134782018938,0.0,49.97084164362089,0.0,45.59500243381292,0.0,45.30129551411814,0.0,0.0,0.0,0.0,0.0,0.0,0.0
10.0,7.91224561228061,0.0042563824012434,0.0042563823996103,0.999990941562513,0.999990941562513,49.413478179614096,0.0,49.97084116596875,0.0,45.59500242799075,0.0,45.30129541220328,0.0,0.0,0.0,0.0,0.0,0.0,0.0
10.0,7.91249562478124,0.0042564394588505,0.0042564394572134,0.999990941319646,0.999990941319646,49.41347815733422,0.0,49.970840688302815,0.0,45.5950024221684,0.0,45.3012953102853,0.0,0.0,0.0,0.0,0.0,0.0,0.0
10.0,7.91274563728186,0.0042564965174027,0.0042564965157617,0.999990941076773,0.999990941076773,49.41347813505415,0.0,49.97084021062308,0.0,45.59500241634586,0.0,45.301295208364216,0.0,0.0,0.0,0.0,0.0,0.0,0.0
10.0,7.91299564978249,0.0042565535769,0.0042565535752552,0.999990940833893,0.999990940833892,49.4134781127739,0.0,49.97083973292955,0.0,45.59500241052312,0.0,45.30129510644004,0.0,0.0,0.0,0.0,0.0,0.0,0.0
10.0,7.91324566228311,0.0042566106373425,0.0042566106356937,0.999990940591004,0.999990940591004,49.41347809049347,0.0,49.9708392552222,0.0,45.59500240470021,0.0,45.301295004512745,0.0,0.0,0.0,0.0,0.0,0.0,0.0
10.0,7.91349567478374,0.0042566676987299,0.0042566676970773,0.999990940348109,0.999990940348109,49.41347806821285,0.0,49.97083877750107,0.0,45.5950023988771,0.0,45.30129490258236,0.0,0.0,0.0,0.0,0.0,0.0,0.0
10.0,7.91374568728436,0.0042567247610624,0.0042567247594058,0.999990940105207,0.9999909401052068,49.41347804593207,0.0,49.97083829976614,0.0,45.59500239305381,0.0,45.30129480064886,0.0,0.0,0.0,0.0,0.0,0.0,0.0
10.0,7.913995699784991,0.0042567818243398,0.0042567818226793,0.9999909398622971,0.9999909398622971,49.41347802365109,0.0,49.97083782201741,0.0,45.59500238723033,0.0,45.301294698712255,0.0,0.0,0.0,0.0,0.0,0.0,0.0
10.0,7.91424571228561,0.0042568388885621,0.0042568388868977,0.99999093961938,0.999990939619379,49.41347800136992,0.0,49.97083734425488,0.0,45.59500238140667,0.0,45.30129459677256,0.0,0.0,0.0,0.0,0.0,0.0,0.0
10.0,7.91449572478624,0.0042568959537292,0.0042568959520609,0.999990939376455,0.999990939376455,49.41347797908859,0.0,49.97083686647855,0.0,45.59500237558282,0.0,45.30129449482975,0.0,0.0,0.0,0.0,0.0,0.0,0.0
10.0,7.91474573728686,0.0042569530198412,0.0042569530181689,0.999990939133523,0.999990939133523,49.41347795680707,0.0,49.970836388688426,0.0,45.59500236975878,0.0,45.30129439288383,0.0,0.0,0.0,0.0,0.0,0.0,0.0
10.0,7.91499574978749,0.0042570100868979,0.0042570100852217,0.999990938890584,0.999990938890584,49.41347793452537,0.0,49.9708359108845,0.0,45.59500236393455,0.0,45.30129429093482,0.0,0.0,0.0,0.0,0.0,0.0,0.0
10.0,7.91524576228811,0.0042570671548993,0.0042570671532192,0.999990938647638,0.999990938647638,49.41347791224349,0.0,49.970835433066775,0.0,45.595002358110136,0.0,45.301294188982695,0.0,0.0,0.0,0.0,0.0,0.0,0.0
10.0,7.91549577478874,0.0042571242238453,0.0042571242221613,0.999990938404685,0.999990938404685,49.41347788996144,0.0,49.97083495523525,0.0,45.59500235228553,0.0,45.30129408702747,0.0,0.0,0.0,0.0,0.0,0.0,0.0
10.0,7.91574578728936,0.004257181293736,0.0042571812920481,0.999990938161724,0.999990938161724,49.4134778676792,0.0,49.970834477389936,0.0,45.59500234646075,0.0,45.30129398506914,0.0,0.0,0.0,0.0,0.0,0.0,0.0
10.0,7.91599579978999,0.0042572383645713,0.0042572383628794,0.999990937918756,0.999990937918756,49.413477845396784,0.0,49.970833999530825,0.0,45.59500234063577,0.0,45.3012938831077,0.0,0.0,0.0,0.0,0.0,0.0,0.0
10.0,7.916245812290611,0.004257295436351,0.0042572954346552,0.999990937675781,0.9999909376757798,49.413477823114185,0.0,49.97083352165791,0.0,45.595002334810616,0.0,45.30129378114317,0.0,0.0,0.0,0.0,0.0,0.0,0.0
10.0,7.91649582479124,0.0042573525090753,0.0042573525073756,0.999990937432798,0.999990937432798,49.413477800831416,0.0,49.9708330437712,0.0,45.59500232898526,0.0,45.30129367917553,0.0,0.0,0.0,0.0,0.0,0.0,0.0
10.0,7.91674583729186,0.004257409582744,0.0042574095810403,0.999990937189808,0.999990937189808,49.41347777854846,0.0,49.97083256587068,0.0,45.595002323159726,0.0,45.30129357720477,0.0,0.0,0.0,0.0,0.0,0.0,0.0
10.0,7.91699584979249,0.004257466657357,0.0042574666556494,0.9999909369468112,0.9999909369468112,49.41347775626534,0.0,49.97083208795637,0.0,45.59500231733401,0.0,45.30129347523093,0.0,0.0,0.0,0.0,0.0,0.0,0.0
10.0,7.91724586229311,0.0042575237329144,0.0042575237312029,0.999990936703806,0.999990936703806,49.41347773398203,0.0,49.97083161002827,0.0,45.59500231150809,0.0,45.301293373253976,0.0,0.0,0.0,0.0,0.0,0.0,0.0
10.0,7.91749587479374,0.0042575808094161,0.0042575808077006,0.999990936460795,0.999990936460794,49.41347771169855,0.0,49.97083113208636,0.0,45.595002305682,0.0,45.30129327127392,0.0,0.0,0.0,0.0,0.0,0.0,0.0
10.0,7.91774588729437,0.004257637886862,0.0042576378851426,0.999990936217775,0.999990936217775,49.41347768941489,0.0,49.97083065413067,0.0,45.59500229985572,0.0,45.30129316929075,0.0,0.0,0.0,0.0,0.0,0.0,0.0
10.0,7.91799589979499,0.0042576949652521,0.0042576949635288,0.999990935974749,0.999990935974749,49.413477667131055,0.0,49.97083017616118,0.0,45.59500229402924,0.0,45.301293067304485,0.0,0.0,0.0,0.0,0.0,0.0,0.0
10.0,7.91824591229561,0.0042577520445864,0.0042577520428591,0.999990935731715,0.999990935731715,49.41347764484705,0.0,49.97082969817788,0.0,45.595002288202586,0.0,45.30129296531512,0.0,0.0,0.0,0.0,0.0,0.0,0.0
10.0,7.91849592479624,0.0042578091248648,0.0042578091231335,0.999990935488675,0.999990935488675,49.41347762256286,0.0,49.97082922018079,0.0,45.59500228237574,0.0,45.30129286332264,0.0,0.0,0.0,0.0,0.0,0.0,0.0
10.0,7.91874593729686,0.0042578662060872,0.004257866204352,0.999990935245627,0.999990935245626,49.4134776002785,0.0,49.97082874216991,0.0,45.59500227654871,0.0,45.30129276132707,0.0,0.0,0.0,0.0,0.0,0.0,0.0
10.0,7.91899594979749,0.0042579232882536,0.0042579232865144,0.999990935002571,0.999990935002571,49.413477577993966,0.0,49.970828264145226,0.0,45.59500227072149,0.0,45.30129265932838,0.0,0.0,0.0,0.0,0.0,0.0,0.0
10.0,7.91924596229812,0.004257980371364,0.0042579803696209,0.999990934759508,0.999990934759508,49.41347755570926,0.0,49.970827786106746,0.0,45.59500226489408,0.0,45.3012925573266,0.0,0.0,0.0,0.0,0.0,0.0,0.0
10.0,7.919495974798739,0.0042580374554183,0.0042580374536712,0.999990934516438,0.999990934516438,49.41347753342436,0.0,49.97082730805448,0.0,45.59500225906649,0.0,45.30129245532171,0.0,0.0,0.0,0.0,0.0,0.0,0.0
10.0,7.91974598729936,0.0042580945404165,0.0042580945386654,0.999990934273361,0.999990934273361,49.413477511139305,0.0,49.9708268299884,0.0,45.595002253238704,0.0,45.30129235331371,0.0,0.0,0.0,0.0,0.0,0.0,0.0
10.0,7.91999599979999,0.0042581516263585,0.0042581516246034,0.999990934030276,0.999990934030276,49.41347748885407,0.0,49.970826351908535,0.0,45.59500224741074,0.0,45.30129225130261,0.0,0.0,0.0,0.0,0.0,0.0,0.0
10.0,7.92024601230062,0.0042582087132443,0.0042582087114852,0.999990933787184,0.999990933787184,49.41347746656867,0.0,49.97082587381488,0.0,45.59500224158258,0.0,45.30129214928841,0.0,0.0,0.0,0.0,0.0,0.0,0.0
10.0,7.92049602480124,0.0042582658010738,0.0042582657993108,0.999990933544085,0.999990933544085,49.41347744428309,0.0,49.970825395707415,0.0,45.59500223575424,0.0,45.301292047271104,0.0,0.0,0.0,0.0,0.0,0.0,0.0
10.0,7.92074603730186,0.0042583228898469,0.00425832288808,0.999990933300979,0.999990933300979,49.41347742199734,0.0,49.97082491758616,0.0,45.59500222992571,0.0,45.30129194525069,0.0,0.0,0.0,0.0,0.0,0.0,0.0
10.0,7.92099604980249,0.0042583799795638,0.0042583799777928,0.999990933057865,0.999990933057865,49.41347739971142,0.0,49.97082443945112,0.0,45.595002224096994,0.0,45.301291843227176,0.0,0.0,0.0,0.0,0.0,0.0,0.0
10.0,7.92124606230311,0.0042584370702242,0.0042584370684492,0.999990932814744,0.999990932814744,49.41347737742532,0.0,49.970823961302266,0.0,45.59500221826809,0.0,45.30129174120056,0.0,0.0,0.0,0.0,0.0,0.0,0.0
10.0,7.92149607480374,0.0042584941618281,0.0042584941600492,0.999990932571616,0.999990932571616,49.41347735513906,0.0,49.970823483139625,0.0,45.595002212439006,0.0,45.301291639170834,0.0,0.0,0.0,0.0,0.0,0.0,0.0
10.0,7.92174608730437,0.0042585512543756,0.0042585512525927,0.99999093232848,0.99999093232848,49.413477332852615,0.0,49.9708230049632,0.0,45.59500220660973,0.0,45.30129153713801,0.0,0.0,0.0,0.0,0.0,0.0,0.0
10.0,7.92199609980499,0.0042586083478664,0.0042586083460796,0.999990932085337,0.999990932085338,49.41347731056601,0.0,49.97082252677296,0.0,45.59500220078026,0.0,45.30129143510208,0.0,0.0,0.0,0.0,0.0,0.0,0.0
10.0,7.92224611230562,0.0042586654423007,0.0042586654405099,0.999990931842187,0.999990931842187,49.413477288279225,0.0,49.97082204856893,0.0,45.59500219495061,0.0,45.30129133306304,0.0,0.0,0.0,0.0,0.0,0.0,0.0
10.0,7.92249612480624,0.0042587225376784,0.0042587225358835,0.99999093159903,0.99999093159903,49.41347726599227,0.0,49.97082157035111,0.0,45.59500218912077,0.0,45.30129123102091,0.0,0.0,0.0,0.0,0.0,0.0,0.0
10.0,7.92274613730686,0.0042587796339993,0.0042587796322005,0.999990931355865,0.999990931355865,49.41347724370516,0.0,49.9708210921195,0.0,45.59500218329075,0.0,45.30129112897567,0.0,0.0,0.0,0.0,0.0,0.0,0.0
10.0,7.92299614980749,0.0042588367312635,0.0042588367294607,0.999990931112694,0.999990931112693,49.41347722141786,0.0,49.97082061387409,0.0,45.59500217746053,0.0,45.30129102692732,0.0,0.0,0.0,0.0,0.0,0.0,0.0
10.0,7.92324616230812,0.004258893829471,0.0042588938276641,0.999990930869514,0.999990930869514,49.413477199130405,0.0,49.97082013561489,0.0,45.595002171630135,0.0,45.30129092487587,0.0,0.0,0.0,0.0,0.0,0.0,0.0
10.0,7.92349617480874,0.0042589509286216,0.0042589509268107,0.999990930626327,0.999990930626327,49.41347717684278,0.0,49.97081965734189,0.0,45.59500216579956,0.0,45.30129082282132,0.0,0.0,0.0,0.0,0.0,0.0,0.0
10.0,7.92374618730936,0.0042590080287153,0.0042590080269005,0.999990930383134,0.999990930383134,49.41347715455498,0.0,49.9708191790551,0.0,45.59500215996877,0.0,45.30129072076367,0.0,0.0,0.0,0.0,0.0,0.0,0.0
10.0,7.92399619980999,0.0042590651297521,0.0042590651279332,0.999990930139933,0.999990930139933,49.41347713226701,0.0,49.97081870075451,0.0,45.595002154137816,0.0,45.30129061870291,0.0,0.0,0.0,0.0,0.0,0.0,0.0
10.0,7.92424621231062,0.0042591222317319,0.0042591222299091,0.999990929896724,0.999990929896724,49.413477109978885,0.0,49.97081822244013,0.0,45.59500214830667,0.0,45.30129051663904,0.0,0.0,0.0,0.0,0.0,0.0,0.0
10.0,7.92449622481124,0.0042591793346547,0.0042591793328279,0.999990929653509,0.999990929653509,49.41347708769058,0.0,49.97081774411196,0.0,45.59500214247533,0.0,45.30129041457207,0.0,0.0,0.0,0.0,0.0,0.0,0.0
10.0,7.92474623731187,0.0042592364385204,0.0042592364366896,0.999990929410286,0.999990929410286,49.41347706540212,0.0,49.97081726576999,0.0,45.59500213664381,0.0,45.301290312502005,0.0,0.0,0.0,0.0,0.0,0.0,0.0
10.0,7.924996249812489,0.0042592935433291,0.0042592935414942,0.999990929167056,0.9999909291670548,49.41347704311348,0.0,49.97081678741423,0.0,45.595002130812105,0.0,45.30129021042882,0.0,0.0,0.0,0.0,0.0,0.0,0.0
10.0,7.92524626231311,0.0042593506490805,0.0042593506472416,0.999990928923818,0.999990928923818,49.41347702082468,0.0,49.97081630904467,0.0,45.595002124980205,0.0,45.30129010835255,0.0,0.0,0.0,0.0,0.0,0.0,0.0
10.0,7.92549627481374,0.0042594077557748,0.0042594077539319,0.999990928680573,0.999990928680573,49.413476998535714,0.0,49.97081583066132,0.0,45.59500211914813,0.0,45.30129000627316,0.0,0.0,0.0,0.0,0.0,0.0,0.0
10.0,7.92574628731437,0.0042594648634118,0.0042594648615649,0.9999909284373212,0.999990928437322,49.41347697624658,0.0,49.97081535226419,0.0,45.59500211331586,0.0,45.30128990419068,0.0,0.0,0.0,0.0,0.0,0.0,0.0
10.0,7.92599629981499,0.0042595219719915,0.0042595219701406,0.999990928194062,0.999990928194062,49.41347695395727,0.0,49.97081487385325,0.0,45.5950021074834,0.0,45.30128980210508,0.0,0.0,0.0,0.0,0.0,0.0,0.0
10.0,7.92624631231562,0.0042595790815139,0.0042595790796589,0.999990927950796,0.999990927950795,49.413476931667816,0.0,49.970814395428526,0.0,45.59500210165076,0.0,45.3012897000164,0.0,0.0,0.0,0.0,0.0,0.0,0.0
10.0,7.92649632481624,0.0042596361919789,0.0042596361901199,0.999990927707522,0.999990927707522,49.41347690937818,0.0,49.97081391699001,0.0,45.595002095817925,0.0,45.301289597924594,0.0,0.0,0.0,0.0,0.0,0.0,0.0
10.0,7.92674633731687,0.0042596933033864,0.0042596933015234,0.999990927464241,0.999990927464241,49.41347688708839,0.0,49.97081343853769,0.0,45.59500208998491,0.0,45.301289495829685,0.0,0.0,0.0,0.0,0.0,0.0,0.0
10.0,7.92699634981749,0.0042597504157365,0.0042597504138694,0.999990927220952,0.999990927220952,49.41347686479843,0.0,49.970812960071584,0.0,45.5950020841517,0.0,45.30128939373168,0.0,0.0,0.0,0.0,0.0,0.0,0.0
10.0,7.92724636231812,0.004259807529029,0.0042598075271579,0.999990926977657,0.999990926977656,49.41347684250832,0.0,49.970812481591686,0.0,45.59500207831832,0.0,45.301289291630574,0.0,0.0,0.0,0.0,0.0,0.0,0.0
10.0,7.92749637481874,0.0042598646432639,0.0042598646413888,0.999990926734354,0.999990926734354,49.41347682021803,0.0,49.97081200309799,0.0,45.59500207248473,0.0,45.30128918952636,0.0,0.0,0.0,0.0,0.0,0.0,0.0
10.0,7.92774638731937,0.0042599217584413,0.0042599217565621,0.999990926491043,0.9999909264910432,49.41347679792758,0.0,49.97081152459052,0.0,45.59500206665096,0.0,45.30128908741905,0.0,0.0,0.0,0.0,0.0,0.0,0.0
10.0,7.92799639981999,0.0042599788745609,0.0042599788726777,0.999990926247726,0.999990926247726,49.41347677563696,0.0,49.97081104606924,0.0,45.595002060817016,0.0,45.30128898530863,0.0,0.0,0.0,0.0,0.0,0.0,0.0
10.0,7.92824641232062,0.0042600359916229,0.0042600359897356,0.999990926004401,0.999990926004401,49.41347675334619,0.0,49.970810567534166,0.0,45.59500205498287,0.0,45.3012888831951,0.0,0.0,0.0,0.0,0.0,0.0,0.0
10.0,7.92849642482124,0.004260093109627,0.0042600931077357,0.999990925761069,0.999990925761069,49.41347673105525,0.0,49.97081008898531,0.0,45.59500204914854,0.0,45.30128878107848,0.0,0.0,0.0,0.0,0.0,0.0,0.0
10.0,7.92874643732187,0.0042601502285734,0.004260150226678,0.99999092551773,0.9999909255177292,49.41347670876415,0.0,49.970809610422656,0.0,45.595002043314025,0.0,45.30128867895875,0.0,0.0,0.0,0.0,0.0,0.0,0.0
10.0,7.92899644982249,0.0042602073484619,0.0042602073465625,0.999990925274383,0.999990925274383,49.41347668647289,0.0,49.97080913184621,0.0,45.595002037479325,0.0,45.30128857683592,0.0,0.0,0.0,0.0,0.0,0.0,0.0
10.0,7.92924646232312,0.0042602644692925,0.004260264467389,0.999990925031029,0.999990925031029,49.413476664181466,0.0,49.97080865325598,0.0,45.59500203164444,0.0,45.30128847470997,0.0,0.0,0.0,0.0,0.0,0.0,0.0
10.0,7.92949647482374,0.0042603215910651,0.0042603215891576,0.999990924787668,0.999990924787667,49.413476641889886,0.0,49.97080817465195,0.0,45.59500202580936,0.0,45.301288372580935,0.0,0.0,0.0,0.0,0.0,0.0,0.0
10.0,7.929746487324371,0.0042603787137798,0.0042603787118682,0.9999909245442988,0.9999909245442988,49.413476619598136,0.0,49.970807696034136,0.0,45.595002019974096,0.0,45.3012882704488,0.0,0.0,0.0,0.0,0.0,0.0,0.0
10.0,7.92999649982499,0.0042604358374364,0.0042604358355207,0.999990924300923,0.999990924300923,49.41347659730624,0.0,49.97080721740252,0.0,45.59500201413865,0.0,45.30128816831354,0.0,0.0,0.0,0.0,0.0,0.0,0.0
10.0,7.93024651232562,0.0042604929620349,0.0042604929601152,0.99999092405754,0.99999092405754,49.413476575014165,0.0,49.97080673875712,0.0,45.59500200830301,0.0,45.3012880661752,0.0,0.0,0.0,0.0,0.0,0.0,0.0
10.0,7.93049652482624,0.0042605500875752,0.0042605500856515,0.99999092381415,0.99999092381415,49.41347655272194,0.0,49.97080626009794,0.0,45.59500200246719,0.0,45.30128796403374,0.0,0.0,0.0,0.0,0.0,0.0,0.0
10.0,7.93074653732687,0.0042606072140574,0.0042606072121296,0.999990923570752,0.999990923570752,49.41347653042956,0.0,49.97080578142495,0.0,45.595001996631176,0.0,45.30128786188918,0.0,0.0,0.0,0.0,0.0,0.0,0.0
10.0,7.93099654982749,0.0042606643414814,0.0042606643395495,0.9999909233273468,0.9999909233273468,49.413476508137016,0.0,49.97080530273818,0.0,45.59500199079498,0.0,45.30128775974151,0.0,0.0,0.0,0.0,0.0,0.0,0.0
10.0,7.93124656232812,0.0042607214698471,0.0042607214679111,0.999990923083935,0.9999909230839352,49.41347648584431,0.0,49.970804824037614,0.0,45.59500198495859,0.0,45.30128765759075,0.0,0.0,0.0,0.0,0.0,0.0,0.0
10.0,7.93149657482874,0.0042607785991544,0.0042607785972144,0.999990922840516,0.999990922840516,49.413476463551454,0.0,49.97080434532325,0.0,45.59500197912202,0.0,45.30128755543688,0.0,0.0,0.0,0.0,0.0,0.0,0.0
10.0,7.93174658732937,0.0042608357294034,0.0042608357274593,0.999990922597089,0.999990922597089,49.41347644125844,0.0,49.97080386659511,0.0,45.59500197328526,0.0,45.30128745327991,0.0,0.0,0.0,0.0,0.0,0.0,0.0
10.0,7.93199659982999,0.004260892860594,0.0042608928586458,0.999990922353655,0.9999909223536548,49.41347641896526,0.0,49.97080338785318,0.0,45.59500196744831,0.0,45.30128735111983,0.0,0.0,0.0,0.0,0.0,0.0,0.0
10.0,7.93224661233062,0.0042609499927261,0.0042609499907738,0.999990922110214,0.999990922110214,49.41347639667193,0.0,49.97080290909745,0.0,45.595001961611175,0.0,45.30128724895665,0.0,0.0,0.0,0.0,0.0,0.0,0.0
10.0,7.93249662483124,0.0042610071257997,0.0042610071238433,0.999990921866766,0.999990921866765,49.41347637437843,0.0,49.97080243032793,0.0,45.59500195577385,0.0,45.30128714679037,0.0,0.0,0.0,0.0,0.0,0.0,0.0
10.0,7.93274663733187,0.0042610642598147,0.0042610642578543,0.99999092162331,0.999990921623309,49.41347635208479,0.0,49.97080195154463,0.0,45.59500194993635,0.0,45.30128704462098,0.0,0.0,0.0,0.0,0.0,0.0,0.0
10.0,7.93299664983249,0.0042611213947712,0.0042611213928066,0.999990921379846,0.999990921379846,49.41347632979099,0.0,49.97080147274754,0.0,45.595001944098655,0.0,45.30128694244849,0.0,0.0,0.0,0.0,0.0,0.0,0.0
10.0,7.93324666233312,0.004261178530669,0.0042611785287003,0.999990921136376,0.999990921136376,49.41347630749704,0.0,49.970800993936656,0.0,45.59500193826078,0.0,45.301286840272894,0.0,0.0,0.0,0.0,0.0,0.0,0.0
10.0,7.93349667483374,0.0042612356675081,0.0042612356655353,0.999990920892898,0.999990920892898,49.41347628520292,0.0,49.97080051511198,0.0,45.595001932422704,0.0,45.301286738094205,0.0,0.0,0.0,0.0,0.0,0.0,0.0
10.0,7.93374668733437,0.0042612928052884,0.0042612928033116,0.9999909206494132,0.9999909206494132,49.41347626290864,0.0,49.97080003627351,0.0,45.59500192658445,0.0,45.301286635912405,0.0,0.0,0.0,0.0,0.0,0.0,0.0
10.0,7.93399669983499,0.00426134994401,0.004261349942029,0.999990920405921,0.999990920405921,49.41347624061422,0.0,49.97079955742126,0.0,45.59500192074601,0.0,45.30128653372751,0.0,0.0,0.0,0.0,0.0,0.0,0.0
10.0,7.93424671233562,0.0042614070836727,0.0042614070816877,0.999990920162422,0.999990920162422,49.41347621831965,0.0,49.97079907855522,0.0,45.59500191490738,0.0,45.301286431539495,0.0,0.0,0.0,0.0,0.0,0.0,0.0
10.0,7.93449672483624,0.0042614642242765,0.0042614642222874,0.999990919918915,0.999990919918915,49.4134761960249,0.0,49.97079859967538,0.0,45.59500190906856,0.0,45.30128632934839,0.0,0.0,0.0,0.0,0.0,0.0,0.0
10.0,7.93474673733687,0.0042615213658214,0.0042615213638282,0.999990919675401,0.999990919675401,49.41347617373001,0.0,49.970798120781765,0.0,45.59500190322955,0.0,45.30128622715417,0.0,0.0,0.0,0.0,0.0,0.0,0.0
10.0,7.93499674983749,0.0042615785083074,0.00426157850631,0.99999091943188,0.999990919431879,49.41347615143497,0.0,49.97079764187436,0.0,45.59500189739036,0.0,45.30128612495686,0.0,0.0,0.0,0.0,0.0,0.0,0.0
10.0,7.935246762338121,0.0042616356517343,0.0042616356497328,0.999990919188351,0.999990919188351,49.41347612913978,0.0,49.970797162953154,0.0,45.595001891550986,0.0,45.30128602275644,0.0,0.0,0.0,0.0,0.0,0.0,0.0
10.0,7.93549677483874,0.0042616927961021,0.0042616927940966,0.999990918944815,0.999990918944815,49.41347610684443,0.0,49.97079668401817,0.0,45.59500188571143,0.0,45.301285920552914,0.0,0.0,0.0,0.0,0.0,0.0,0.0
10.0,7.93574678733937,0.0042617499414109,0.0042617499394012,0.999990918701272,0.999990918701272,49.41347608454893,0.0,49.97079620506938,0.0,45.59500187987167,0.0,45.30128581834629,0.0,0.0,0.0,0.0,0.0,0.0,0.0
10.0,7.93599679983999,0.0042618070876604,0.0042618070856466,0.999990918457721,0.999990918457721,49.41347606225328,0.0,49.97079572610683,0.0,45.59500187403172,0.0,45.30128571613656,0.0,0.0,0.0,0.0,0.0,0.0,0.0
10.0,7.93624681234062,0.0042618642348508,0.0042618642328329,0.999990918214164,0.999990918214164,49.413476039957466,0.0,49.97079524713047,0.0,45.5950018681916,0.0,45.30128561392373,0.0,0.0,0.0,0.0,0.0,0.0,0.0
10.0,7.93649682484124,0.0042619213829819,0.0042619213809598,0.999990917970598,0.999990917970599,49.41347601766151,0.0,49.97079476814032,0.0,45.59500186235129,0.0,45.3012855117078,0.0,0.0,0.0,0.0,0.0,0.0,0.0
10.0,7.93674683734187,0.0042619785320537,0.0042619785300275,0.999990917727026,0.999990917727026,49.41347599536541,0.0,49.97079428913639,0.0,45.595001856510784,0.0,45.30128540948875,0.0,0.0,0.0,0.0,0.0,0.0,0.0
10.0,7.93699684984249,0.0042620356820661,0.0042620356800358,0.9999909174834472,0.9999909174834472,49.41347597306914,0.0,49.97079381011868,0.0,45.5950018506701,0.0,45.30128530726661,0.0,0.0,0.0,0.0,0.0,0.0,0.0
10.0,7.93724686234312,0.0042620928330192,0.0042620928309848,0.99999091723986,0.99999091723986,49.413475950772735,0.0,49.97079333108718,0.0,45.59500184482923,0.0,45.30128520504137,0.0,0.0,0.0,0.0,0.0,0.0,0.0
10.0,7.937496874843741,0.0042621499849128,0.0042621499828743,0.999990916996266,0.999990916996266,49.413475928476174,0.0,49.97079285204188,0.0,45.59500183898816,0.0,45.30128510281302,0.0,0.0,0.0,0.0,0.0,0.0,0.0
10.0,7.93774688734437,0.0042622071377469,0.0042622071357042,0.999990916752664,0.999990916752664,49.41347590617946,0.0,49.97079237298279,0.0,45.59500183314692,0.0,45.301285000581565,0.0,0.0,0.0,0.0,0.0,0.0,0.0
10.0,7.93799689984499,0.0042622642915215,0.0042622642894747,0.999990916509056,0.999990916509056,49.413475883882604,0.0,49.97079189390993,0.0,45.595001827305474,0.0,45.30128489834701,0.0,0.0,0.0,0.0,0.0,0.0,0.0
10.0,7.93824691234562,0.0042623214462365,0.0042623214441856,0.99999091626544,0.99999091626544,49.4134758615856,0.0,49.97079141482328,0.0,45.59500182146385,0.0,45.30128479610935,0.0,0.0,0.0,0.0,0.0,0.0,0.0
10.0,7.93849692484624,0.0042623786018919,0.0042623785998368,0.999990916021816,0.999990916021816,49.41347583928844,0.0,49.97079093572283,0.0,45.59500181562204,0.0,45.3012846938686,0.0,0.0,0.0,0.0,0.0,0.0,0.0
10.0,7.93874693734687,0.0042624357584876,0.0042624357564284,0.999990915778186,0.999990915778186,49.41347581699112,0.0,49.97079045660861,0.0,45.59500180978005,0.0,45.30128459162472,0.0,0.0,0.0,0.0,0.0,0.0,0.0
10.0,7.93899694984749,0.0042624929160236,0.0042624929139602,0.999990915534548,0.999990915534548,49.41347579469368,0.0,49.970789977480585,0.0,45.595001803937855,0.0,45.30128448937776,0.0,0.0,0.0,0.0,0.0,0.0,0.0
10.0,7.93924696234812,0.0042625500744998,0.0042625500724323,0.999990915290903,0.999990915290903,49.41347577239606,0.0,49.970789498338775,0.0,45.59500179809549,0.0,45.30128438712769,0.0,0.0,0.0,0.0,0.0,0.0,0.0
10.0,7.93949697484874,0.0042626072339162,0.0042626072318445,0.9999909150472508,0.999990915047251,49.41347575009832,0.0,49.9707890191832,0.0,45.59500179225292,0.0,45.30128428487452,0.0,0.0,0.0,0.0,0.0,0.0,0.0
10.0,7.93974698734937,0.0042626643942728,0.0042626643921969,0.999990914803591,0.999990914803591,49.41347572780042,0.0,49.97078854001381,0.0,45.59500178641018,0.0,45.30128418261824,0.0,0.0,0.0,0.0,0.0,0.0,0.0
10.0,7.93999699984999,0.0042627215555694,0.0042627215534894,0.999990914559924,0.999990914559924,49.41347570550238,0.0,49.97078806083064,0.0,45.59500178056725,0.0,45.30128408035886,0.0,0.0,0.0,0.0,0.0,0.0,0.0
10.0,7.94024701235062,0.0042627787178061,0.0042627787157219,0.99999091431625,0.99999091431625,49.41347568320418,0.0,49.970787581633694,0.0,45.595001774724125,0.0,45.30128397809638,0.0,0.0,0.0,0.0,0.0,0.0,0.0
10.0,7.94049702485124,0.0042628358809828,0.0042628358788945,0.999990914072568,0.999990914072569,49.413475660905846,0.0,49.97078710242296,0.0,45.59500176888082,0.0,45.3012838758308,0.0,0.0,0.0,0.0,0.0,0.0,0.0
10.0,7.940747037351869,0.0042628930450994,0.0042628930430069,0.99999091382888,0.99999091382888,49.41347563860736,0.0,49.97078662319844,0.0,45.59500176303733,0.0,45.301283773562105,0.0,0.0,0.0,0.0,0.0,0.0,0.0
10.0,7.94099704985249,0.0042629502101559,0.0042629502080593,0.999990913585184,0.999990913585184,49.41347561630873,0.0,49.970786143960126,0.0,45.59500175719364,0.0,45.30128367129032,0.0,0.0,0.0,0.0,0.0,0.0,0.0
10.0,7.94124706235312,0.0042630073761523,0.0042630073740516,0.99999091334148,0.999990913341481,49.41347559400995,0.0,49.970785664708025,0.0,45.59500175134978,0.0,45.30128356901543,0.0,0.0,0.0,0.0,0.0,0.0,0.0
10.0,7.94149707485374,0.0042630645430886,0.0042630645409836,0.99999091309777,0.99999091309777,49.41347557171103,0.0,49.97078518544215,0.0,45.595001745505726,0.0,45.30128346673742,0.0,0.0,0.0,0.0,0.0,0.0,0.0
10.0,7.94174708735437,0.0042631217109645,0.0042631217088554,0.9999909128540518,0.9999909128540518,49.41347554941197,0.0,49.97078470616248,0.0,45.59500173966147,0.0,45.30128336445632,0.0,0.0,0.0,0.0,0.0,0.0,0.0
10.0,7.94199709985499,0.0042631788797803,0.0042631788776669,0.999990912610327,0.999990912610327,49.41347552711276,0.0,49.97078422686902,0.0,45.59500173381705,0.0,45.30128326217211,0.0,0.0,0.0,0.0,0.0,0.0,0.0
10.0,7.94224711235562,0.0042632360495356,0.0042632360474182,0.999990912366595,0.999990912366595,49.413475504813405,0.0,49.97078374756179,0.0,45.59500172797243,0.0,45.30128315988481,0.0,0.0,0.0,0.0,0.0,0.0,0.0
10.0,7.94249712485624,0.0042632932202306,0.004263293218109,0.999990912122855,0.999990912122855,49.4134754825139,0.0,49.970783268240766,0.0,45.59500172212763,0.0,45.3012830575944,0.0,0.0,0.0,0.0,0.0,0.0,0.0
10.0,7.94274713735687,0.0042633503918652,0.0042633503897394,0.999990911879108,0.999990911879108,49.413475460214265,0.0,49.97078278890595,0.0,45.59500171628264,0.0,45.30128295530089,0.0,0.0,0.0,0.0,0.0,0.0,0.0
10.0,7.942997149857489,0.0042634075644393,0.0042634075623093,0.999990911635354,0.999990911635354,49.41347543791448,0.0,49.97078230955736,0.0,45.59500171043746,0.0,45.301282853004274,0.0,0.0,0.0,0.0,0.0,0.0,0.0
10.0,7.94324716235812,0.004263464737953,0.0042634647358187,0.999990911391592,0.999990911391592,49.41347541561456,0.0,49.97078183019498,0.0,45.59500170459209,0.0,45.301282750704544,0.0,0.0,0.0,0.0,0.0,0.0,0.0
10.0,7.94349717485874,0.004263521912406,0.0042635219102676,0.999990911147824,0.999990911147824,49.413475393314485,0.0,49.97078135081881,0.0,45.59500169874654,0.0,45.30128264840174,0.0,0.0,0.0,0.0,0.0,0.0,0.0
10.0,7.94374718735937,0.0042635790877984,0.0042635790856559,0.999990910904048,0.9999909109040472,49.41347537101428,0.0,49.97078087142886,0.0,45.59500169290081,0.0,45.301282546095806,0.0,0.0,0.0,0.0,0.0,0.0,0.0
10.0,7.94399719985999,0.0042636362641302,0.0042636362619835,0.999990910660264,0.999990910660264,49.41347534871392,0.0,49.97078039202513,0.0,45.59500168705488,0.0,45.30128244378678,0.0,0.0,0.0,0.0,0.0,0.0,0.0
10.0,7.94424721236062,0.0042636934414013,0.0042636934392504,0.999990910416474,0.999990910416474,49.41347532641343,0.0,49.97077991260762,0.0,45.59500168120877,0.0,45.30128234147465,0.0,0.0,0.0,0.0,0.0,0.0,0.0
10.0,7.94449722486124,0.0042637506196117,0.0042637506174565,0.9999909101726762,0.9999909101726762,49.4134753041128,0.0,49.970779433176304,0.0,45.59500167536247,0.0,45.30128223915943,0.0,0.0,0.0,0.0,0.0,0.0,0.0
10.0,7.94474723736187,0.0042638077987612,0.0042638077966019,0.9999909099288709,0.9999909099288709,49.41347528181202,0.0,49.97077895373122,0.0,45.59500166951598,0.0,45.30128213684109,0.0,0.0,0.0,0.0,0.0,0.0,0.0
10.0,7.94499724986249,0.00426386497885,0.0042638649766864,0.999990909685058,0.999990909685058,49.4134752595111,0.0,49.97077847427235,0.0,45.5950016636693,0.0,45.301282034519645,0.0,0.0,0.0,0.0,0.0,0.0,0.0
10.0,7.94524726236312,0.0042639221598778,0.00426392215771,0.999990909441238,0.999990909441238,49.41347523721005,0.0,49.97077799479969,0.0,45.59500165782244,0.0,45.301281932195096,0.0,0.0,0.0,0.0,0.0,0.0,0.0
10.0,7.94549727486374,0.0042639793418447,0.0042639793396727,0.999990909197411,0.9999909091974112,49.41347521490885,0.0,49.97077751531325,0.0,45.595001651975394,0.0,45.301281829867456,0.0,0.0,0.0,0.0,0.0,0.0,0.0
10.0,7.94574728736437,0.0042640365247506,0.0042640365225745,0.9999909089535768,0.9999909089535768,49.41347519260752,0.0,49.97077703581302,0.0,45.59500164612816,0.0,45.30128172753671,0.0,0.0,0.0,0.0,0.0,0.0,0.0
10.0,7.94599729986499,0.0042640937085956,0.0042640937064152,0.9999909087097358,0.9999909087097358,49.41347517030605,0.0,49.970776556299015,0.0,45.595001640280735,0.0,45.30128162520287,0.0,0.0,0.0,0.0,0.0,0.0,0.0
10.0,7.94624731236562,0.0042641508933794,0.0042641508911948,0.999990908465887,0.999990908465887,49.41347514800443,0.0,49.97077607677123,0.0,45.59500163443313,0.0,45.30128152286591,0.0,0.0,0.0,0.0,0.0,0.0,0.0
10.0,7.94649732486624,0.0042642080791021,0.0042642080769133,0.999990908222031,0.999990908222031,49.41347512570269,0.0,49.97077559722965,0.0,45.59500162858534,0.0,45.301281420525854,0.0,0.0,0.0,0.0,0.0,0.0,0.0
10.0,7.94674733736687,0.0042642652657637,0.0042642652635706,0.999990907978167,0.999990907978167,49.41347510340079,0.0,49.97077511767429,0.0,45.59500162273735,0.0,45.3012813181827,0.0,0.0,0.0,0.0,0.0,0.0,0.0
10.0,7.94699734986749,0.004264322453364,0.0042643224511667,0.999990907734297,0.999990907734297,49.41347508109877,0.0,49.97077463810516,0.0,45.59500161688918,0.0,45.30128121583643,0.0,0.0,0.0,0.0,0.0,0.0,0.0
10.0,7.94724736236812,0.0042643796419031,0.0042643796397016,0.999990907490419,0.999990907490419,49.41347505879661,0.0,49.97077415852223,0.0,45.595001611040814,0.0,45.30128111348707,0.0,0.0,0.0,0.0,0.0,0.0,0.0
10.0,7.94749737486874,0.0042644368313809,0.0042644368291752,0.999990907246534,0.999990907246534,49.41347503649431,0.0,49.97077367892551,0.0,45.59500160519227,0.0,45.301281011134606,0.0,0.0,0.0,0.0,0.0,0.0,0.0
10.0,7.94774738736937,0.0042644940217973,0.0042644940195874,0.999990907002641,0.999990907002641,49.413475014191874,0.0,49.97077319931502,0.0,45.59500159934353,0.0,45.30128090877904,0.0,0.0,0.0,0.0,0.0,0.0,0.0
10.0,7.94799739986999,0.0042645512131524,0.0042645512109382,0.999990906758741,0.999990906758741,49.4134749918893,0.0,49.97077271969076,0.0,45.595001593494615,0.0,45.301280806420365,0.0,0.0,0.0,0.0,0.0,0.0,0.0
10.0,7.94824741237062,0.004264608405446,0.0042646084032276,0.999990906514834,0.999990906514834,49.4134749695866,0.0,49.97077224005269,0.0,45.59500158764551,0.0,45.30128070405859,0.0,0.0,0.0,0.0,0.0,0.0,0.0
10.0,7.948497424871239,0.0042646655986781,0.0042646655964555,0.99999090627092,0.99999090627092,49.41347494728375,0.0,49.97077176040086,0.0,45.59500158179621,0.0,45.30128060169371,0.0,0.0,0.0,0.0,0.0,0.0,0.0
10.0,7.94874743737187,0.0042647227928487,0.0042647227906218,0.999990906026998,0.999990906026998,49.41347492498077,0.0,49.97077128073524,0.0,45.59500157594674,0.0,45.30128049932573,0.0,0.0,0.0,0.0,0.0,0.0,0.0
10.0,7.94899744987249,0.0042647799879577,0.0042647799857265,0.99999090578307,0.999990905783069,49.413474902677656,0.0,49.97077080105583,0.0,45.59500157009707,0.0,45.30128039695465,0.0,0.0,0.0,0.0,0.0,0.0,0.0
10.0,7.94924746237312,0.004264837184005,0.0042648371817697,0.999990905539133,0.999990905539133,49.413474880374416,0.0,49.97077032136264,0.0,45.59500156424721,0.0,45.30128029458047,0.0,0.0,0.0,0.0,0.0,0.0,0.0
10.0,7.94949747487374,0.0042648943809907,0.0042648943787511,0.99999090529519,0.99999090529519,49.41347485807103,0.0,49.97076984165568,0.0,45.59500155839717,0.0,45.30128019220318,0.0,0.0,0.0,0.0,0.0,0.0,0.0
10.0,7.94974748737437,0.0042649515789147,0.0042649515766708,0.999990905051239,0.999990905051239,49.41347483576751,0.0,49.97076936193491,0.0,45.59500155254695,0.0,45.30128008982279,0.0,0.0,0.0,0.0,0.0,0.0,0.0
10.0,7.94999749987499,0.0042650087777769,0.0042650087755288,0.9999909048072811,0.9999909048072811,49.41347481346386,0.0,49.97076888220039,0.0,45.59500154669653,0.0,45.301279987439294,0.0,0.0,0.0,0.0,0.0,0.0,0.0
10.0,7.95024751237562,0.0042650659775773,0.0042650659753249,0.999990904563316,0.999990904563316,49.41347479116008,0.0,49.97076840245207,0.0,45.59500154084593,0.0,45.3012798850527,0.0,0.0,0.0,0.0,0.0,0.0,0.0
10.0,7.95049752487624,0.0042651231783158,0.0042651231760592,0.999990904319344,0.999990904319343,49.41347476885616,0.0,49.97076792268998,0.0,45.595001534995134,0.0,45.30127978266301,0.0,0.0,0.0,0.0,0.0,0.0,0.0
10.0,7.95074753737687,0.0042651803799924,0.0042651803777316,0.999990904075364,0.999990904075364,49.41347474655211,0.0,49.9707674429141,0.0,45.59500152914416,0.0,45.3012796802702,0.0,0.0,0.0,0.0,0.0,0.0,0.0
10.0,7.95099754987749,0.0042652375826071,0.004265237580342,0.999990903831377,0.9999909038313768,49.41347472424793,0.0,49.97076696312444,0.0,45.59500152329299,0.0,45.3012795778743,0.0,0.0,0.0,0.0,0.0,0.0,0.0
10.0,7.95124756237812,0.0042652947861598,0.0042652947838904,0.999990903587382,0.999990903587382,49.41347470194361,0.0,49.97076648332099,0.0,45.59500151744164,0.0,45.3012794754753,0.0,0.0,0.0,0.0,0.0,0.0,0.0
10.0,7.95149757487874,0.0042653519906504,0.0042653519883768,0.9999909033433813,0.9999909033433813,49.41347467963917,0.0,49.970766003503776,0.0,45.5950015115901,0.0,45.30127937307319,0.0,0.0,0.0,0.0,0.0,0.0,0.0
10.0,7.95174758737937,0.0042654091960789,0.004265409193801,0.999990903099372,0.999990903099372,49.4134746573346,0.0,49.970765523672775,0.0,45.59500150573837,0.0,45.30127927066797,0.0,0.0,0.0,0.0,0.0,0.0,0.0
10.0,7.95199759987999,0.0042654664024453,0.0042654664001631,0.999990902855356,0.999990902855356,49.4134746350299,0.0,49.97076504382799,0.0,45.59500149988646,0.0,45.30127916825965,0.0,0.0,0.0,0.0,0.0,0.0,0.0
10.0,7.95224761238062,0.0042655236097495,0.0042655236074631,0.999990902611332,0.999990902611332,49.41347461272506,0.0,49.97076456396943,0.0,45.59500149403436,0.0,45.30127906584824,0.0,0.0,0.0,0.0,0.0,0.0,0.0
10.0,7.95249762488124,0.0042655808179915,0.0042655808157008,0.999990902367301,0.999990902367302,49.4134745904201,0.0,49.97076408409708,0.0,45.59500148818207,0.0,45.30127896343373,0.0,0.0,0.0,0.0,0.0,0.0,0.0
10.0,7.95274763738187,0.0042656380271712,0.0042656380248762,0.999990902123264,0.9999909021232632,49.41347456811499,0.0,49.97076360421096,0.0,45.5950014823296,0.0,45.3012788610161,0.0,0.0,0.0,0.0,0.0,0.0,0.0
10.0,7.95299764988249,0.0042656952372885,0.0042656952349893,0.999990901879218,0.999990901879218,49.41347454580978,0.0,49.97076312431105,0.0,45.59500147647693,0.0,45.30127875859537,0.0,0.0,0.0,0.0,0.0,0.0,0.0
10.0,7.953247662383121,0.0042657524483435,0.00426575244604,0.999990901635166,0.999990901635166,49.41347452350442,0.0,49.97076264439736,0.0,45.59500147062409,0.0,45.301278656171554,0.0,0.0,0.0,0.0,0.0,0.0,0.0
10.0,7.95349767488374,0.0042658096603361,0.0042658096580283,0.999990901391106,0.999990901391106,49.41347450119893,0.0,49.97076216446989,0.0,45.59500146477106,0.0,45.30127855374462,0.0,0.0,0.0,0.0,0.0,0.0,0.0
10.0,7.95374768738437,0.0042658668732662,0.0042658668709541,0.999990901147039,0.999990901147039,49.41347447889332,0.0,49.97076168452864,0.0,45.59500145891784,0.0,45.3012784513146,0.0,0.0,0.0,0.0,0.0,0.0,0.0
10.0,7.95399769988499,0.0042659240871338,0.0042659240848174,0.999990900902964,0.999990900902964,49.41347445658758,0.0,49.97076120457361,0.0,45.59500145306442,0.0,45.30127834888146,0.0,0.0,0.0,0.0,0.0,0.0,0.0
10.0,7.95424771238562,0.0042659813019389,0.0042659812996182,0.999990900658883,0.999990900658883,49.41347443428172,0.0,49.97076072460481,0.0,45.59500144721083,0.0,45.30127824644523,0.0,0.0,0.0,0.0,0.0,0.0,0.0
10.0,7.95449772488624,0.0042660385176813,0.0042660385153563,0.999990900414794,0.999990900414794,49.41347441197571,0.0,49.97076024462223,0.0,45.59500144135704,0.0,45.301278144005884,0.0,0.0,0.0,0.0,0.0,0.0,0.0
10.0,7.95474773738687,0.0042660957343611,0.0042660957320318,0.999990900170698,0.999990900170697,49.4134743896696,0.0,49.97075976462585,0.0,45.59500143550307,0.0,45.30127804156345,0.0,0.0,0.0,0.0,0.0,0.0,0.0
10.0,7.95499774988749,0.0042661529519782,0.0042661529496446,0.999990899926594,0.999990899926594,49.41347436736335,0.0,49.97075928461571,0.0,45.59500142964891,0.0,45.30127793911791,0.0,0.0,0.0,0.0,0.0,0.0,0.0
10.0,7.95524776238812,0.0042662101705326,0.0042662101681947,0.9999908996824832,0.9999908996824832,49.413474345056976,0.0,49.97075880459178,0.0,45.59500142379456,0.0,45.301277836669264,0.0,0.0,0.0,0.0,0.0,0.0,0.0
10.0,7.95549777488874,0.0042662673900241,0.004266267387682,0.999990899438365,0.9999908994383652,49.41347432275048,0.0,49.97075832455408,0.0,45.595001417940026,0.0,45.30127773421751,0.0,0.0,0.0,0.0,0.0,0.0,0.0
10.0,7.95574778738937,0.0042663246104528,0.0042663246081064,0.99999089919424,0.99999089919424,49.413474300443845,0.0,49.97075784450259,0.0,45.59500141208531,0.0,45.30127763176266,0.0,0.0,0.0,0.0,0.0,0.0,0.0
10.0,7.95599779988999,0.0042663818318187,0.0042663818294679,0.999990898950107,0.999990898950108,49.413474278137095,0.0,49.970757364437326,0.0,45.59500140623041,0.0,45.30127752930472,0.0,0.0,0.0,0.0,0.0,0.0,0.0
10.0,7.95624781239062,0.0042664390541216,0.0042664390517665,0.999990898705968,0.999990898705968,49.41347425583022,0.0,49.97075688435828,0.0,45.59500140037531,0.0,45.30127742684366,0.0,0.0,0.0,0.0,0.0,0.0,0.0
10.0,7.95649782489124,0.0042664962773615,0.0042664962750021,0.999990898461821,0.99999089846182,49.41347423352321,0.0,49.97075640426547,0.0,45.59500139452003,0.0,45.3012773243795,0.0,0.0,0.0,0.0,0.0,0.0,0.0
10.0,7.95674783739187,0.0042665535015384,0.0042665534991748,0.999990898217666,0.999990898217666,49.41347421121608,0.0,49.97075592415886,0.0,45.59500138866456,0.0,45.30127722191224,0.0,0.0,0.0,0.0,0.0,0.0,0.0
10.0,7.95699784989249,0.0042666107266523,0.0042666107242843,0.999990897973504,0.999990897973504,49.41347418890884,0.0,49.97075544403848,0.0,45.59500138280892,0.0,45.30127711944188,0.0,0.0,0.0,0.0,0.0,0.0,0.0
10.0,7.95724786239312,0.004266667952703,0.0042666679503307,0.999990897729335,0.999990897729335,49.41347416660146,0.0,49.97075496390433,0.0,45.59500137695307,0.0,45.30127701696842,0.0,0.0,0.0,0.0,0.0,0.0,0.0
10.0,7.95749787489374,0.0042667251796906,0.0042667251773139,0.999990897485159,0.999990897485159,49.41347414429397,0.0,49.9707544837564,0.0,45.59500137109704,0.0,45.30127691449185,0.0,0.0,0.0,0.0,0.0,0.0,0.0
10.0,7.95774788739437,0.004266782407615,0.004266782405234,0.999990897240976,0.999990897240976,49.41347412198635,0.0,49.97075400359468,0.0,45.595001365240826,0.0,45.30127681201218,0.0,0.0,0.0,0.0,0.0,0.0,0.0
10.0,7.95799789989499,0.0042668396364761,0.0042668396340908,0.999990896996785,0.999990896996785,49.4134740996786,0.0,49.970753523419184,0.0,45.59500135938442,0.0,45.30127670952941,0.0,0.0,0.0,0.0,0.0,0.0,0.0
10.0,7.95824791239562,0.0042668968662739,0.0042668968638843,0.999990896752587,0.999990896752587,49.413474077370736,0.0,49.97075304322991,0.0,45.59500135352784,0.0,45.30127660704354,0.0,0.0,0.0,0.0,0.0,0.0,0.0
10.0,7.95849792489625,0.0042669540970083,0.0042669540946144,0.999990896508382,0.999990896508381,49.41347405506275,0.0,49.97075256302686,0.0,45.59500134767105,0.0,45.301276504554565,0.0,0.0,0.0,0.0,0.0,0.0,0.0
10.0,7.958747937396871,0.0042670113286794,0.0042670113262811,0.999990896264169,0.9999908962641691,49.41347403275464,0.0,49.97075208281005,0.0,45.59500134181408,0.0,45.30127640206249,0.0,0.0,0.0,0.0,0.0,0.0,0.0
10.0,7.95899794989749,0.004267068561287,0.0042670685588844,0.999990896019949,0.999990896019949,49.413474010446414,0.0,49.97075160257944,0.0,45.59500133595693,0.0,45.301276299567306,0.0,0.0,0.0,0.0,0.0,0.0,0.0
10.0,7.95924796239812,0.0042671257948312,0.0042671257924242,0.999990895775722,0.999990895775722,49.41347398813807,0.0,49.97075112233505,0.0,45.59500133009959,0.0,45.30127619706903,0.0,0.0,0.0,0.0,0.0,0.0,0.0
10.0,7.95949797489874,0.0042671830293118,0.0042671830269005,0.9999908955314868,0.999990895531488,49.41347396582959,0.0,49.9707506420769,0.0,45.59500132424208,0.0,45.30127609456764,0.0,0.0,0.0,0.0,0.0,0.0,0.0
10.0,7.95974798739937,0.0042672402647288,0.0042672402623132,0.999990895287246,0.999990895287246,49.413473943521,0.0,49.97075016180496,0.0,45.59500131838436,0.0,45.301275992063154,0.0,0.0,0.0,0.0,0.0,0.0,0.0
10.0,7.9599979999,0.0042672975010822,0.0042672974986623,0.999990895042997,0.999990895042997,49.41347392121228,0.0,49.97074968151925,0.0,45.595001312526456,0.0,45.30127588955556,0.0,0.0,0.0,0.0,0.0,0.0,0.0
10.0,7.96024801240062,0.004267354738372,0.0042673547359476,0.99999089479874,0.99999089479874,49.41347389890346,0.0,49.97074920121975,0.0,45.59500130666837,0.0,45.30127578704487,0.0,0.0,0.0,0.0,0.0,0.0,0.0
10.0,7.96049802490124,0.004267411976598,0.0042674119741693,0.9999908945544768,0.9999908945544768,49.4134738765945,0.0,49.970748720906485,0.0,45.5950013008101,0.0,45.30127568453109,0.0,0.0,0.0,0.0,0.0,0.0,0.0
10.0,7.96074803740187,0.0042674692157602,0.0042674692133272,0.999990894310206,0.999990894310206,49.41347385428544,0.0,49.97074824057945,0.0,45.59500129495163,0.0,45.30127558201419,0.0,0.0,0.0,0.0,0.0,0.0,0.0
10.0,7.9609980499025,0.0042675264558587,0.0042675264534213,0.999990894065928,0.999990894065928,49.41347383197625,0.0,49.970747760238616,0.0,45.59500128909298,0.0,45.301275479494194,0.0,0.0,0.0,0.0,0.0,0.0,0.0
10.0,7.96124806240312,0.0042675836968933,0.0042675836944515,0.999990893821643,0.999990893821643,49.41347380966693,0.0,49.97074727988402,0.0,45.59500128323415,0.0,45.30127537697109,0.0,0.0,0.0,0.0,0.0,0.0,0.0
10.0,7.96149807490374,0.0042676409388639,0.0042676409364178,0.99999089357735,0.99999089357735,49.41347378735752,0.0,49.970746799515645,0.0,45.59500127737513,0.0,45.3012752744449,0.0,0.0,0.0,0.0,0.0,0.0,0.0
10.0,7.96174808740437,0.0042676981817707,0.0042676981793202,0.99999089333305,0.99999089333305,49.413473765047975,0.0,49.9707463191335,0.0,45.59500127151592,0.0,45.30127517191559,0.0,0.0,0.0,0.0,0.0,0.0,0.0
10.0,7.96199809990499,0.0042677554256134,0.0042677554231586,0.999990893088743,0.999990893088743,49.413473742738326,0.0,49.97074583873757,0.0,45.59500126565652,0.0,45.30127506938319,0.0,0.0,0.0,0.0,0.0,0.0,0.0
10.0,7.96224811240562,0.0042678126703921,0.0042678126679329,0.999990892844429,0.999990892844429,49.41347372042855,0.0,49.97074535832787,0.0,45.59500125979695,0.0,45.301274966847686,0.0,0.0,0.0,0.0,0.0,0.0,0.0
10.0,7.96249812490625,0.0042678699161067,0.0042678699136431,0.999990892600107,0.999990892600107,49.41347369811865,0.0,49.97074487790439,0.0,45.59500125393716,0.0,45.30127486430907,0.0,0.0,0.0,0.0,0.0,0.0,0.0
10.0,7.96274813740687,0.0042679271627571,0.0042679271602892,0.999990892355778,0.999990892355778,49.413473675808646,0.0,49.970744397467136,0.0,45.5950012480772,0.0,45.30127476176736,0.0,0.0,0.0,0.0,0.0,0.0,0.0
10.0,7.9629981499075,0.0042679844103434,0.0042679844078711,0.999990892111442,0.999990892111442,49.41347365349852,0.0,49.9707439170161,0.0,45.59500124221706,0.0,45.30127465922254,0.0,0.0,0.0,0.0,0.0,0.0,0.0
10.0,7.96324816240812,0.0042680416588655,0.0042680416563888,0.999990891867098,0.999990891867098,49.41347363118828,0.0,49.97074343655129,0.0,45.59500123635673,0.0,45.30127455667463,0.0,0.0,0.0,0.0,0.0,0.0,0.0
10.0,7.96349817490874,0.0042680989083233,0.0042680989058422,0.999990891622747,0.999990891622747,49.41347360887793,0.0,49.97074295607271,0.0,45.59500123049621,0.0,45.30127445412362,0.0,0.0,0.0,0.0,0.0,0.0,0.0
10.0,7.96374818740937,0.0042681561587167,0.0042681561562313,0.999990891378389,0.999990891378389,49.41347358656746,0.0,49.97074247558035,0.0,45.5950012246355,0.0,45.301274351569496,0.0,0.0,0.0,0.0,0.0,0.0,0.0
10.0,7.96399819991,0.0042682134100458,0.004268213407556,0.999990891134024,0.999990891134024,49.41347356425688,0.0,49.97074199507422,0.0,45.59500121877461,0.0,45.30127424901227,0.0,0.0,0.0,0.0,0.0,0.0,0.0
10.0,7.964248212410619,0.0042682706623105,0.0042682706598163,0.999990890889651,0.999990890889651,49.41347354194618,0.0,49.97074151455431,0.0,45.59500121291353,0.0,45.30127414645195,0.0,0.0,0.0,0.0,0.0,0.0,0.0
10.0,7.96449822491125,0.0042683279155107,0.0042683279130121,0.999990890645271,0.999990890645271,49.41347351963537,0.0,49.97074103402063,0.0,45.59500120705226,0.0,45.301274043888526,0.0,0.0,0.0,0.0,0.0,0.0,0.0
10.0,7.96474823741187,0.0042683851696464,0.0042683851671434,0.999990890400884,0.999990890400884,49.41347349732444,0.0,49.97074055347316,0.0,45.5950012011908,0.0,45.301273941322,0.0,0.0,0.0,0.0,0.0,0.0,0.0
10.0,7.9649982499125,0.0042684424247176,0.0042684424222102,0.99999089015649,0.99999089015649,49.41347347501341,0.0,49.97074007291194,0.0,45.59500119532917,0.0,45.30127383875237,0.0,0.0,0.0,0.0,0.0,0.0,0.0
10.0,7.96524826241312,0.0042684996807241,0.0042684996782124,0.999990889912088,0.999990889912088,49.413473452702256,0.0,49.97073959233692,0.0,45.59500118946733,0.0,45.301273736179645,0.0,0.0,0.0,0.0,0.0,0.0,0.0
10.0,7.96549827491375,0.004268556937666,0.0042685569351499,0.999990889667679,0.999990889667679,49.413473430390994,0.0,49.97073911174815,0.0,45.59500118360532,0.0,45.301273633603806,0.0,0.0,0.0,0.0,0.0,0.0,0.0
10.0,7.96574828741437,0.0042686141955432,0.0042686141930227,0.9999908894232628,0.999990889423263,49.41347340807962,0.0,49.97073863114559,0.0,45.59500117774312,0.0,45.30127353102487,0.0,0.0,0.0,0.0,0.0,0.0,0.0
10.0,7.96599829991499,0.0042686714543557,0.0042686714518308,0.999990889178839,0.999990889178839,49.41347338576813,0.0,49.97073815052925,0.0,45.595001171880725,0.0,45.30127342844284,0.0,0.0,0.0,0.0,0.0,0.0,0.0
10.0,7.96624831241562,0.0042687287141034,0.0042687287115741,0.999990888934408,0.999990888934408,49.41347336345653,0.0,49.97073766989914,0.0,45.59500116601814,0.0,45.3012733258577,0.0,0.0,0.0,0.0,0.0,0.0,0.0
10.0,7.96649832491625,0.0042687859747863,0.0042687859722525,0.99999088868997,0.99999088868997,49.41347334114482,0.0,49.97073718925528,0.0,45.59500116015538,0.0,45.30127322326946,0.0,0.0,0.0,0.0,0.0,0.0,0.0
10.0,7.96674833741687,0.0042688432364042,0.0042688432338661,0.999990888445525,0.999990888445525,49.413473318833,0.0,49.97073670859762,0.0,45.59500115429243,0.0,45.30127312067812,0.0,0.0,0.0,0.0,0.0,0.0,0.0
10.0,7.9669983499175,0.0042689004989573,0.0042689004964147,0.999990888201072,0.999990888201072,49.41347329652107,0.0,49.97073622792618,0.0,45.59500114842929,0.0,45.30127301808367,0.0,0.0,0.0,0.0,0.0,0.0,0.0
10.0,7.96724836241812,0.0042689577624454,0.0042689577598984,0.999990887956612,0.999990887956612,49.41347327420904,0.0,49.97073574724099,0.0,45.59500114256597,0.0,45.30127291548612,0.0,0.0,0.0,0.0,0.0,0.0,0.0
10.0,7.96749837491875,0.0042690150268684,0.0042690150243171,0.9999908877121452,0.9999908877121452,49.413473251896896,0.0,49.97073526654201,0.0,45.59500113670245,0.0,45.301272812885486,0.0,0.0,0.0,0.0,0.0,0.0,0.0
10.0,7.96774838741937,0.0042690722922264,0.0042690722896706,0.999990887467671,0.999990887467671,49.41347322958463,0.0,49.97073478582926,0.0,45.595001130838746,0.0,45.30127271028173,0.0,0.0,0.0,0.0,0.0,0.0,0.0
10.0,7.96799839992,0.0042691295585193,0.0042691295559591,0.999990887223189,0.999990887223189,49.41347320727226,0.0,49.97073430510274,0.0,45.59500112497486,0.0,45.30127260767488,0.0,0.0,0.0,0.0,0.0,0.0,0.0
10.0,7.96824841242062,0.0042691868257471,0.0042691868231824,0.9999908869787,0.9999908869787,49.41347318495978,0.0,49.97073382436243,0.0,45.59500111911078,0.0,45.30127250506493,0.0,0.0,0.0,0.0,0.0,0.0,0.0
10.0,7.96849842492125,0.0042692440939096,0.0042692440913405,0.999990886734203,0.999990886734204,49.41347316264721,0.0,49.97073334360837,0.0,45.595001113246525,0.0,45.30127240245187,0.0,0.0,0.0,0.0,0.0,0.0,0.0
10.0,7.96874843742187,0.0042693013630069,0.0042693013604334,0.9999908864897,0.9999908864897,49.41347314033452,0.0,49.97073286284053,0.0,45.59500110738208,0.0,45.30127229983572,0.0,0.0,0.0,0.0,0.0,0.0,0.0
10.0,7.9689984499225,0.0042693586330389,0.004269358630461,0.999990886245189,0.999990886245189,49.41347311802172,0.0,49.97073238205891,0.0,45.59500110151744,0.0,45.301272197216456,0.0,0.0,0.0,0.0,0.0,0.0,0.0
10.0,7.96924846242312,0.0042694159040055,0.0042694159014232,0.999990886000671,0.999990886000671,49.41347309570881,0.0,49.97073190126352,0.0,45.59500109565262,0.0,45.3012720945941,0.0,0.0,0.0,0.0,0.0,0.0,0.0
10.0,7.96949847492375,0.0042694731759068,0.00426947317332,0.999990885756146,0.999990885756146,49.41347307339579,0.0,49.97073142045436,0.0,45.59500108978761,0.0,45.30127199196863,0.0,0.0,0.0,0.0,0.0,0.0,0.0
10.0,7.96974848742437,0.0042695304487426,0.0042695304461514,0.9999908855116127,0.9999908855116127,49.41347305108268,0.0,49.970730939631416,0.0,45.595001083922405,0.0,45.30127188934007,0.0,0.0,0.0,0.0,0.0,0.0,0.0
10.0,7.969998499925,0.004269587722513,0.0042695877199173,0.999990885267073,0.999990885267073,49.41347302876945,0.0,49.97073045879472,0.0,45.595001078057024,0.0,45.301271786708405,0.0,0.0,0.0,0.0,0.0,0.0,0.0
10.0,7.97024851242562,0.0042696449972178,0.0042696449946177,0.999990885022526,0.999990885022526,49.41347300645612,0.0,49.97072997794424,0.0,45.59500107219145,0.0,45.30127168407363,0.0,0.0,0.0,0.0,0.0,0.0,0.0
10.0,7.97049852492625,0.0042697022728571,0.0042697022702525,0.999990884777971,0.999990884777971,49.413472984142686,0.0,49.97072949707999,0.0,45.59500106632569,0.0,45.30127158143577,0.0,0.0,0.0,0.0,0.0,0.0,0.0
10.0,7.97074853742687,0.0042697595494307,0.0042697595468217,0.99999088453341,0.99999088453341,49.41347296182915,0.0,49.970729016201965,0.0,45.59500106045975,0.0,45.3012714787948,0.0,0.0,0.0,0.0,0.0,0.0,0.0
10.0,7.9709985499275,0.0042698168269386,0.0042698168243252,0.999990884288841,0.999990884288841,49.41347293951549,0.0,49.970728535310165,0.0,45.59500105459362,0.0,45.30127137615072,0.0,0.0,0.0,0.0,0.0,0.0,0.0
10.0,7.97124856242812,0.0042698741053809,0.004269874102763,0.9999908840442638,0.9999908840442638,49.413472917201744,0.0,49.9707280544046,0.0,45.595001048727305,0.0,45.30127127350356,0.0,0.0,0.0,0.0,0.0,0.0,0.0
10.0,7.97149857492875,0.0042699313847574,0.004269931382135,0.999990883799681,0.999990883799681,49.41347289488789,0.0,49.970727573485256,0.0,45.59500104286079,0.0,45.30127117085328,0.0,0.0,0.0,0.0,0.0,0.0,0.0
10.0,7.97174858742937,0.0042699886650681,0.0042699886624413,0.99999088355509,0.99999088355509,49.413472872573934,0.0,49.97072709255215,0.0,45.59500103699409,0.0,45.3012710681999,0.0,0.0,0.0,0.0,0.0,0.0,0.0
10.0,7.97199859993,0.0042700459463129,0.0042700459436816,0.999990883310492,0.999990883310492,49.41347285025987,0.0,49.97072661160527,0.0,45.59500103112721,0.0,45.30127096554343,0.0,0.0,0.0,0.0,0.0,0.0,0.0
10.0,7.97224861243062,0.0042701032284918,0.0042701032258561,0.999990883065886,0.999990883065886,49.4134728279457,0.0,49.97072613064461,0.0,45.59500102526015,0.0,45.30127086288385,0.0,0.0,0.0,0.0,0.0,0.0,0.0
10.0,7.97249862493125,0.0042701605116048,0.0042701605089646,0.999990882821274,0.999990882821274,49.41347280563143,0.0,49.970725649670186,0.0,45.595001019392896,0.0,45.301270760221165,0.0,0.0,0.0,0.0,0.0,0.0,0.0
10.0,7.97274863743187,0.0042702177956518,0.0042702177930072,0.999990882576654,0.999990882576654,49.41347278331706,0.0,49.97072516868199,0.0,45.59500101352545,0.0,45.30127065755538,0.0,0.0,0.0,0.0,0.0,0.0,0.0
10.0,7.9729986499325,0.0042702750806328,0.0042702750779837,0.999990882332026,0.999990882332027,49.4134727610026,0.0,49.970724687680026,0.0,45.59500100765782,0.0,45.3012705548865,0.0,0.0,0.0,0.0,0.0,0.0,0.0
10.0,7.97324866243312,0.0042703323665477,0.0042703323638941,0.999990882087392,0.999990882087392,49.41347273868802,0.0,49.97072420666428,0.0,45.59500100179,0.0,45.30127045221452,0.0,0.0,0.0,0.0,0.0,0.0,0.0
10.0,7.97349867493375,0.0042703896533964,0.0042703896507384,0.99999088184275,0.99999088184275,49.41347271637334,0.0,49.97072372563477,0.0,45.59500099592199,0.0,45.30127034953942,0.0,0.0,0.0,0.0,0.0,0.0,0.0
10.0,7.97374868743437,0.004270446941179,0.0042704469385165,0.9999908815981008,0.999990881598101,49.41347269405857,0.0,49.97072324459149,0.0,45.595000990053805,0.0,45.30127024686123,0.0,0.0,0.0,0.0,0.0,0.0,0.0
10.0,7.973998699935,0.0042705042298954,0.0042705042272283,0.999990881353445,0.999990881353445,49.41347267174369,0.0,49.97072276353444,0.0,45.59500098418543,0.0,45.30127014417994,0.0,0.0,0.0,0.0,0.0,0.0,0.0
10.0,7.97424871243562,0.0042705615195454,0.0042705615168739,0.999990881108781,0.999990881108781,49.41347264942872,0.0,49.970722282463626,0.0,45.59500097831686,0.0,45.30127004149555,0.0,0.0,0.0,0.0,0.0,0.0,0.0
10.0,7.974498724936251,0.0042706188101292,0.0042706188074532,0.999990880864111,0.999990880864111,49.41347262711364,0.0,49.97072180137903,0.0,45.59500097244811,0.0,45.301269938808055,0.0,0.0,0.0,0.0,0.0,0.0,0.0
10.0,7.97474873743687,0.0042706761016466,0.0042706760989662,0.999990880619433,0.999990880619432,49.413472604798464,0.0,49.97072132028067,0.0,45.59500096657917,0.0,45.301269836117456,0.0,0.0,0.0,0.0,0.0,0.0,0.0
10.0,7.9749987499375,0.0042707333940976,0.0042707333914127,0.999990880374747,0.999990880374747,49.41347258248319,0.0,49.97072083916853,0.0,45.59500096071004,0.0,45.30126973342376,0.0,0.0,0.0,0.0,0.0,0.0,0.0
10.0,7.97524876243812,0.0042707906874822,0.0042707906847927,0.999990880130054,0.999990880130054,49.41347256016782,0.0,49.97072035804263,0.0,45.59500095484073,0.0,45.30126963072696,0.0,0.0,0.0,0.0,0.0,0.0,0.0
10.0,7.97549877493875,0.0042708479818002,0.0042708479791063,0.999990879885355,0.999990879885355,49.413472537852336,0.0,49.97071987690296,0.0,45.595000948971226,0.0,45.30126952802706,0.0,0.0,0.0,0.0,0.0,0.0,0.0
10.0,7.97574878743937,0.0042709052770517,0.0042709052743533,0.9999908796406468,0.9999908796406468,49.413472515536775,0.0,49.97071939574951,0.0,45.59500094310154,0.0,45.30126942532407,0.0,0.0,0.0,0.0,0.0,0.0,0.0
10.0,7.97599879994,0.0042709625732366,0.0042709625705337,0.9999908793959328,0.9999908793959328,49.41347249322111,0.0,49.9707189145823,0.0,45.59500093723166,0.0,45.30126932261796,0.0,0.0,0.0,0.0,0.0,0.0,0.0
10.0,7.97624881244062,0.0042710198703549,0.0042710198676475,0.999990879151211,0.999990879151211,49.41347247090533,0.0,49.97071843340132,0.0,45.5950009313616,0.0,45.30126921990876,0.0,0.0,0.0,0.0,0.0,0.0,0.0
10.0,7.97649882494125,0.0042710771684065,0.0042710771656946,0.999990878906482,0.999990878906482,49.413472448589474,0.0,49.97071795220657,0.0,45.59500092549136,0.0,45.301269117196455,0.0,0.0,0.0,0.0,0.0,0.0,0.0
10.0,7.976748837441871,0.0042711344673913,0.0042711344646749,0.999990878661746,0.999990878661746,49.41347242627352,0.0,49.970717470998046,0.0,45.59500091962092,0.0,45.30126901448105,0.0,0.0,0.0,0.0,0.0,0.0,0.0
10.0,7.9769988499425,0.0042711917673094,0.0042711917645885,0.999990878417002,0.999990878417002,49.413472403957456,0.0,49.97071698977576,0.0,45.5950009137503,0.0,45.30126891176253,0.0,0.0,0.0,0.0,0.0,0.0,0.0
10.0,7.97724886244312,0.0042712490681607,0.0042712490654352,0.999990878172251,0.999990878172251,49.41347238164131,0.0,49.9707165085397,0.0,45.59500090787948,0.0,45.30126880904092,0.0,0.0,0.0,0.0,0.0,0.0,0.0
10.0,7.97749887494375,0.0042713063699451,0.0042713063672151,0.999990877927493,0.9999908779274932,49.413472359325056,0.0,49.97071602728987,0.0,45.595000902008486,0.0,45.301268706316215,0.0,0.0,0.0,0.0,0.0,0.0,0.0
10.0,7.97774888744437,0.0042713636726625,0.0042713636699281,0.999990877682728,0.999990877682728,49.41347233700871,0.0,49.97071554602628,0.0,45.5950008961373,0.0,45.3012686035884,0.0,0.0,0.0,0.0,0.0,0.0,0.0
10.0,7.977998899945,0.004271420976313,0.004271420973574,0.999990877437955,0.999990877437955,49.41347231469228,0.0,49.97071506474891,0.0,45.59500089026592,0.0,45.301268500857496,0.0,0.0,0.0,0.0,0.0,0.0,0.0
10.0,7.97824891244562,0.0042714782808965,0.004271478278153,0.999990877193175,0.999990877193175,49.41347229237574,0.0,49.97071458345777,0.0,45.59500088439437,0.0,45.30126839812348,0.0,0.0,0.0,0.0,0.0,0.0,0.0
10.0,7.97849892494625,0.004271535586413,0.0042715355836649,0.999990876948388,0.999990876948388,49.41347227005911,0.0,49.97071410215287,0.0,45.59500087852263,0.0,45.301268295386365,0.0,0.0,0.0,0.0,0.0,0.0,0.0
10.0,7.97874893744687,0.0042715928928623,0.0042715928901097,0.999990876703594,0.999990876703594,49.41347224774239,0.0,49.9707136208342,0.0,45.59500087265068,0.0,45.30126819264614,0.0,0.0,0.0,0.0,0.0,0.0,0.0
10.0,7.9789989499475,0.0042716502002445,0.0042716501974874,0.999990876458792,0.999990876458792,49.41347222542557,0.0,49.97071313950176,0.0,45.59500086677857,0.0,45.30126808990283,0.0,0.0,0.0,0.0,0.0,0.0,0.0
10.0,7.97924896244812,0.0042717075085595,0.0042717075057979,0.9999908762139832,0.999990876213983,49.41347220310867,0.0,49.97071265815556,0.0,45.595000860906254,0.0,45.3012679871564,0.0,0.0,0.0,0.0,0.0,0.0,0.0
10.0,7.97949897494875,0.0042717648178072,0.0042717648150411,0.999990875969167,0.999990875969167,49.41347218079167,0.0,49.97071217679558,0.0,45.59500085503376,0.0,45.30126788440688,0.0,0.0,0.0,0.0,0.0,0.0,0.0
10.0,7.97974898744937,0.0042718221279877,0.004271822125217,0.999990875724343,0.999990875724343,49.413472158474576,0.0,49.97071169542184,0.0,45.59500084916109,0.0,45.30126778165426,0.0,0.0,0.0,0.0,0.0,0.0,0.0
10.0,7.979998999949999,0.0042718794391008,0.0042718794363256,0.999990875479512,0.999990875479512,49.41347213615739,0.0,49.97071121403432,0.0,45.59500084328821,0.0,45.30126767889853,0.0,0.0,0.0,0.0,0.0,0.0,0.0
10.0,7.98024901245062,0.0042719367511466,0.0042719367483668,0.999990875234674,0.999990875234674,49.41347211384012,0.0,49.97071073263304,0.0,45.59500083741516,0.0,45.30126757613971,0.0,0.0,0.0,0.0,0.0,0.0,0.0
10.0,7.98049902495125,0.0042719940641249,0.0042719940613406,0.999990874989829,0.999990874989829,49.41347209152274,0.0,49.970710251218,0.0,45.59500083154191,0.0,45.30126747337778,0.0,0.0,0.0,0.0,0.0,0.0,0.0
10.0,7.98074903745187,0.0042720513780358,0.0042720513752469,0.999990874744976,0.999990874744976,49.41347206920528,0.0,49.97070976978917,0.0,45.59500082566848,0.0,45.30126737061275,0.0,0.0,0.0,0.0,0.0,0.0,0.0
10.0,7.9809990499525,0.0042721086928791,0.0042721086900857,0.999990874500116,0.999990874500116,49.41347204688773,0.0,49.97070928834659,0.0,45.59500081979486,0.0,45.30126726784463,0.0,0.0,0.0,0.0,0.0,0.0,0.0
10.0,7.98124906245312,0.0042721660086549,0.0042721660058569,0.999990874255249,0.999990874255249,49.41347202457009,0.0,49.97070880689024,0.0,45.59500081392107,0.0,45.3012671650734,0.0,0.0,0.0,0.0,0.0,0.0,0.0
10.0,7.98149907495375,0.004272223325363,0.0042722233225606,0.999990874010375,0.999990874010375,49.41347200225236,0.0,49.97070832542013,0.0,45.59500080804707,0.0,45.30126706229906,0.0,0.0,0.0,0.0,0.0,0.0,0.0
10.0,7.98174908745437,0.0042722806430035,0.0042722806401965,0.999990873765493,0.999990873765493,49.41347197993453,0.0,49.970707843936246,0.0,45.59500080217288,0.0,45.30126695952164,0.0,0.0,0.0,0.0,0.0,0.0,0.0
10.0,7.981999099955,0.0042723379615763,0.0042723379587648,0.999990873520604,0.999990873520604,49.41347195761662,0.0,49.9707073624386,0.0,45.59500079629852,0.0,45.3012668567411,0.0,0.0,0.0,0.0,0.0,0.0,0.0
10.0,7.982249112455621,0.0042723952810814,0.0042723952782652,0.999990873275708,0.999990873275708,49.413471935298624,0.0,49.97070688092718,0.0,45.59500079042397,0.0,45.30126675395746,0.0,0.0,0.0,0.0,0.0,0.0,0.0
10.0,7.98249912495625,0.0042724526015186,0.0042724525986979,0.999990873030804,0.999990873030804,49.41347191298053,0.0,49.97070639940199,0.0,45.59500078454923,0.0,45.30126665117073,0.0,0.0,0.0,0.0,0.0,0.0,0.0
10.0,7.98274913745687,0.004272509922888,0.0042725099200628,0.999990872785893,0.999990872785893,49.41347189066235,0.0,49.97070591786304,0.0,45.5950007786743,0.0,45.301266548380895,0.0,0.0,0.0,0.0,0.0,0.0,0.0
10.0,7.9829991499575,0.0042725672451895,0.0042725672423597,0.999990872540975,0.999990872540975,49.41347186834409,0.0,49.97070543631033,0.0,45.59500077279919,0.0,45.30126644558796,0.0,0.0,0.0,0.0,0.0,0.0,0.0
10.0,7.98324916245812,0.0042726245684231,0.0042726245655888,0.99999087229605,0.99999087229605,49.41347184602573,0.0,49.97070495474384,0.0,45.59500076692388,0.0,45.30126634279191,0.0,0.0,0.0,0.0,0.0,0.0,0.0
10.0,7.98349917495875,0.0042726818925887,0.0042726818897498,0.999990872051117,0.999990872051117,49.4134718237073,0.0,49.97070447316359,0.0,45.5950007610484,0.0,45.30126623999278,0.0,0.0,0.0,0.0,0.0,0.0,0.0
10.0,7.98374918745937,0.0042727392176863,0.0042727392148428,0.9999908718061772,0.999990871806177,49.413471801388766,0.0,49.97070399156958,0.0,45.59500075517272,0.0,45.30126613719053,0.0,0.0,0.0,0.0,0.0,0.0,0.0
10.0,7.98399919996,0.0042727965437158,0.0042727965408677,0.99999087156123,0.99999087156123,49.41347177907016,0.0,49.9707035099618,0.0,45.59500074929686,0.0,45.30126603438519,0.0,0.0,0.0,0.0,0.0,0.0,0.0
10.0,7.98424921246062,0.0042728538706772,0.0042728538678245,0.9999908713162758,0.999990871316276,49.413471756751456,0.0,49.97070302834025,0.0,45.595000743420805,0.0,45.30126593157674,0.0,0.0,0.0,0.0,0.0,0.0,0.0
10.0,7.98449922496125,0.0042729111985704,0.0042729111957132,0.999990871071314,0.999990871071314,49.41347173443268,0.0,49.97070254670494,0.0,45.59500073754457,0.0,45.3012658287652,0.0,0.0,0.0,0.0,0.0,0.0,0.0
10.0,7.98474923746187,0.0042729685273954,0.0042729685245336,0.999990870826345,0.999990870826345,49.4134717121138,0.0,49.97070206505587,0.0,45.59500073166814,0.0,45.30126572595056,0.0,0.0,0.0,0.0,0.0,0.0,0.0
10.0,7.9849992499625,0.0042730258571522,0.0042730258542858,0.999990870581369,0.999990870581369,49.41347168979484,0.0,49.970701583393016,0.0,45.59500072579153,0.0,45.30126562313281,0.0,0.0,0.0,0.0,0.0,0.0,0.0
10.0,7.98524926246312,0.0042730831878406,0.0042730831849696,0.999990870336385,0.999990870336385,49.4134716674758,0.0,49.97070110171641,0.0,45.59500071991473,0.0,45.301265520311965,0.0,0.0,0.0,0.0,0.0,0.0,0.0
10.0,7.985499274963749,0.0042731405194607,0.0042731405165851,0.999990870091395,0.999990870091395,49.41347164515667,0.0,49.97070062002603,0.0,45.59500071403775,0.0,45.30126541748801,0.0,0.0,0.0,0.0,0.0,0.0,0.0
10.0,7.98574928746437,0.0042731978520124,0.0042731978491322,0.999990869846396,0.999990869846396,49.41347162283746,0.0,49.970700138321895,0.0,45.59500070816057,0.0,45.30126531466096,0.0,0.0,0.0,0.0,0.0,0.0,0.0
10.0,7.985999299965,0.0042732551854956,0.0042732551826109,0.999990869601391,0.999990869601391,49.41347160051816,0.0,49.97069965660399,0.0,45.59500070228321,0.0,45.30126521183081,0.0,0.0,0.0,0.0,0.0,0.0,0.0
10.0,7.98624931246562,0.0042733125199104,0.0042733125170211,0.9999908693563782,0.9999908693563782,49.4134715781988,0.0,49.97069917487232,0.0,45.59500069640567,0.0,45.30126510899756,0.0,0.0,0.0,0.0,0.0,0.0,0.0
10.0,7.98649932496625,0.0042733698552566,0.0042733698523627,0.999990869111359,0.999990869111359,49.413471555879326,0.0,49.97069869312688,0.0,45.595000690527925,0.0,45.30126500616121,0.0,0.0,0.0,0.0,0.0,0.0,0.0
10.0,7.98674933746687,0.0042734271915343,0.0042734271886357,0.999990868866332,0.999990868866331,49.413471533559786,0.0,49.97069821136769,0.0,45.59500068465001,0.0,45.30126490332176,0.0,0.0,0.0,0.0,0.0,0.0,0.0
10.0,7.9869993499675,0.0042734845287433,0.0042734845258401,0.999990868621297,0.999990868621297,49.41347151124016,0.0,49.97069772959472,0.0,45.5950006787719,0.0,45.3012648004792,0.0,0.0,0.0,0.0,0.0,0.0,0.0
10.0,7.98724936246812,0.0042735418668836,0.0042735418639759,0.9999908683762552,0.9999908683762552,49.41347148892044,0.0,49.97069724780799,0.0,45.595000672893605,0.0,45.30126469763355,0.0,0.0,0.0,0.0,0.0,0.0,0.0
10.0,7.98749937496875,0.0042735992059552,0.0042735992030429,0.999990868131206,0.999990868131206,49.41347146660066,0.0,49.9706967660075,0.0,45.59500066701512,0.0,45.30126459478479,0.0,0.0,0.0,0.0,0.0,0.0,0.0
10.0,7.9877493874693695,0.0042736565459581,0.0042736565430411,0.99999086788615,0.99999086788615,49.41347144428078,0.0,49.97069628419324,0.0,45.59500066113645,0.0,45.30126449193293,0.0,0.0,0.0,0.0,0.0,0.0,0.0
10.0,7.98799939997,0.0042737138868921,0.0042737138839705,0.999990867641087,0.999990867641087,49.41347142196084,0.0,49.97069580236521,0.0,45.59500065525759,0.0,45.30126438907798,0.0,0.0,0.0,0.0,0.0,0.0,0.0
10.0,7.98824941247062,0.0042737712287573,0.0042737712258311,0.999990867396016,0.999990867396016,49.4134713996408,0.0,49.97069532052344,0.0,45.59500064937855,0.0,45.30126428621992,0.0,0.0,0.0,0.0,0.0,0.0,0.0
10.0,7.98849942497125,0.0042738285715535,0.0042738285686227,0.999990867150938,0.999990867150938,49.41347137732069,0.0,49.97069483866789,0.0,45.59500064349932,0.0,45.30126418335876,0.0,0.0,0.0,0.0,0.0,0.0,0.0
10.0,7.98874943747187,0.0042738859152809,0.0042738859123454,0.9999908669058531,0.999990866905852,49.413471355000496,0.0,49.97069435679858,0.0,45.5950006376199,0.0,45.3012640804945,0.0,0.0,0.0,0.0,0.0,0.0,0.0
10.0,7.9889994499725,0.0042739432599392,0.0042739432569991,0.99999086666076,0.99999086666076,49.413471332680224,0.0,49.9706938749155,0.0,45.59500063174029,0.0,45.30126397762714,0.0,0.0,0.0,0.0,0.0,0.0,0.0
10.0,7.98924946247312,0.0042740006055285,0.0042740006025838,0.99999086641566,0.9999908664156602,49.413471310359874,0.0,49.97069339301866,0.0,45.5950006258605,0.0,45.30126387475667,0.0,0.0,0.0,0.0,0.0,0.0,0.0
10.0,7.98949947497375,0.0042740579520486,0.0042740579490993,0.9999908661705532,0.9999908661705532,49.41347128803944,0.0,49.97069291110806,0.0,45.59500061998052,0.0,45.30126377188312,0.0,0.0,0.0,0.0,0.0,0.0,0.0
10.0,7.98974948747437,0.0042741152994997,0.0042741152965457,0.999990865925439,0.9999908659254392,49.41347126571893,0.0,49.97069242918369,0.0,45.59500061410036,0.0,45.301263669006445,0.0,0.0,0.0,0.0,0.0,0.0,0.0
10.0,7.989999499975,0.0042741726478815,0.004274172644923,0.999990865680317,0.999990865680317,49.41347124339834,0.0,49.97069194724557,0.0,45.59500060821999,0.0,45.30126356612668,0.0,0.0,0.0,0.0,0.0,0.0,0.0
10.0,7.99024951247562,0.0042742299971942,0.004274229994231,0.999990865435188,0.999990865435188,49.41347122107768,0.0,49.97069146529367,0.0,45.59500060233946,0.0,45.30126346324382,0.0,0.0,0.0,0.0,0.0,0.0,0.0
10.0,7.99049952497625,0.0042742873474375,0.0042742873444697,0.999990865190052,0.999990865190052,49.41347119875695,0.0,49.97069098332801,0.0,45.59500059645873,0.0,45.30126336035785,0.0,0.0,0.0,0.0,0.0,0.0,0.0
10.0,7.99074953747687,0.0042743446986116,0.0042743446956391,0.999990864944909,0.9999908649449089,49.41347117643612,0.0,49.9706905013486,0.0,45.59500059057781,0.0,45.30126325746878,0.0,0.0,0.0,0.0,0.0,0.0,0.0
10.0,7.9909995499775,0.0042744020507162,0.0042744020477391,0.999990864699758,0.999990864699758,49.41347115411522,0.0,49.970690019355416,0.0,45.59500058469671,0.0,45.30126315457662,0.0,0.0,0.0,0.0,0.0,0.0,0.0
10.0,7.99124956247812,0.0042744594037515,0.0042744594007697,0.9999908644546,0.9999908644546,49.413471131794246,0.0,49.97068953734848,0.0,45.595000578815416,0.0,45.30126305168135,0.0,0.0,0.0,0.0,0.0,0.0,0.0
10.0,7.99149957497875,0.0042745167577173,0.0042745167547309,0.9999908642094338,0.999990864209435,49.4134711094732,0.0,49.970689055327774,0.0,45.59500057293394,0.0,45.30126294878298,0.0,0.0,0.0,0.0,0.0,0.0,0.0
10.0,7.99174958747937,0.0042745741126135,0.0042745741096225,0.999990863964262,0.999990863964262,49.41347108715208,0.0,49.9706885732933,0.0,45.595000567052274,0.0,45.30126284588151,0.0,0.0,0.0,0.0,0.0,0.0,0.0
10.0,7.99199959998,0.0042746314684403,0.0042746314654446,0.999990863719082,0.999990863719082,49.41347106483087,0.0,49.97068809124507,0.0,45.59500056117042,0.0,45.30126274297694,0.0,0.0,0.0,0.0,0.0,0.0,0.0
10.0,7.99224961248062,0.0042746888251974,0.004274688822197,0.999990863473895,0.999990863473895,49.41347104250959,0.0,49.970687609183074,0.0,45.59500055528839,0.0,45.30126264006927,0.0,0.0,0.0,0.0,0.0,0.0,0.0
10.0,7.99249962498125,0.0042747461828849,0.0042747461798799,0.999990863228701,0.999990863228701,49.41347102018825,0.0,49.970687127107325,0.0,45.59500054940616,0.0,45.30126253715849,0.0,0.0,0.0,0.0,0.0,0.0,0.0
10.0,7.99274963748187,0.0042748035415027,0.004274803538493,0.999990862983499,0.999990862983499,49.41347099786682,0.0,49.97068664501781,0.0,45.59500054352375,0.0,45.30126243424462,0.0,0.0,0.0,0.0,0.0,0.0,0.0
10.0,7.9929996499825,0.0042748609010507,0.0042748608980364,0.99999086273829,0.99999086273829,49.41347097554533,0.0,49.97068616291453,0.0,45.59500053764115,0.0,45.30126233132765,0.0,0.0,0.0,0.0,0.0,0.0,0.0
10.0,7.993249662483119,0.004274918261529,0.00427491825851,0.999990862493074,0.999990862493074,49.41347095322375,0.0,49.97068568079749,0.0,45.59500053175836,0.0,45.30126222840758,0.0,0.0,0.0,0.0,0.0,0.0,0.0
10.0,7.99349967498375,0.0042749756229374,0.0042749756199138,0.99999086224785,0.99999086224785,49.4134709309021,0.0,49.97068519866669,0.0,45.59500052587539,0.0,45.301262125484406,0.0,0.0,0.0,0.0,0.0,0.0,0.0
10.0,7.99374968748437,0.004275032985276,0.0042750329822477,0.99999086200262,0.99999086200262,49.41347090858039,0.0,49.97068471652213,0.0,45.59500051999223,0.0,45.30126202255812,0.0,0.0,0.0,0.0,0.0,0.0,0.0
10.0,7.993999699985,0.0042750903485446,0.0042750903455116,0.999990861757382,0.999990861757382,49.4134708862586,0.0,49.97068423436381,0.0,45.59500051410888,0.0,45.30126191962875,0.0,0.0,0.0,0.0,0.0,0.0,0.0
10.0,7.99424971248562,0.0042751477127433,0.0042751477097056,0.9999908615121368,0.999990861512136,49.41347086393674,0.0,49.970683752191725,0.0,45.59500050822534,0.0,45.30126181669627,0.0,0.0,0.0,0.0,0.0,0.0,0.0
10.0,7.99449972498625,0.004275205077872,0.0042752050748296,0.999990861266884,0.999990861266884,49.4134708416148,0.0,49.97068327000588,0.0,45.59500050234162,0.0,45.301261713760695,0.0,0.0,0.0,0.0,0.0,0.0,0.0
10.0,7.99474973748687,0.0042752624439306,0.0042752624408835,0.999990861021624,0.999990861021624,49.4134708192928,0.0,49.97068278780627,0.0,45.59500049645771,0.0,45.30126161082201,0.0,0.0,0.0,0.0,0.0,0.0,0.0
10.0,7.9949997499875,0.004275319810919,0.0042753198078674,0.999990860776357,0.999990860776357,49.41347079697072,0.0,49.97068230559291,0.0,45.5950004905736,0.0,45.30126150788024,0.0,0.0,0.0,0.0,0.0,0.0,0.0
10.0,7.99524976248812,0.0042753771788374,0.004275377175781,0.999990860531083,0.999990860531083,49.41347077464858,0.0,49.97068182336577,0.0,45.59500048468932,0.0,45.30126140493537,0.0,0.0,0.0,0.0,0.0,0.0,0.0
10.0,7.99549977498875,0.0042754345476855,0.0042754345446245,0.999990860285801,0.999990860285801,49.413470752326354,0.0,49.97068134112489,0.0,45.595000478804856,0.0,45.30126130198738,0.0,0.0,0.0,0.0,0.0,0.0,0.0
10.0,7.99574978748937,0.0042754919174634,0.0042754919143977,0.999990860040512,0.999990860040512,49.41347073000407,0.0,49.97068085887024,0.0,45.59500047292019,0.0,45.3012611990363,0.0,0.0,0.0,0.0,0.0,0.0,0.0
10.0,7.99599979999,0.004275549288171,0.0042755492851006,0.999990859795217,0.9999908597952158,49.41347070768171,0.0,49.97068037660183,0.0,45.59500046703535,0.0,45.30126109608212,0.0,0.0,0.0,0.0,0.0,0.0,0.0
10.0,7.99624981249062,0.0042756066598083,0.0042756066567331,0.999990859549913,0.999990859549913,49.413470685359286,0.0,49.97067989431967,0.0,45.59500046115031,0.0,45.30126099312484,0.0,0.0,0.0,0.0,0.0,0.0,0.0
10.0,7.996499824991249,0.0042756640323751,0.0042756640292953,0.999990859304602,0.999990859304602,49.41347066303678,0.0,49.97067941202373,0.0,45.5950004552651,0.0,45.301260890164464,0.0,0.0,0.0,0.0,0.0,0.0,0.0
10.0,7.99674983749187,0.0042757214058716,0.004275721402787,0.999990859059284,0.999990859059284,49.41347064071422,0.0,49.97067892971404,0.0,45.59500044937969,0.0,45.301260787200974,0.0,0.0,0.0,0.0,0.0,0.0,0.0
10.0,7.9969998499925,0.0042757787802975,0.0042757787772083,0.999990858813959,0.999990858813959,49.41347061839159,0.0,49.97067844739059,0.0,45.595000443494094,0.0,45.30126068423439,0.0,0.0,0.0,0.0,0.0,0.0,0.0
10.0,7.99724986249312,0.004275836155653,0.004275836152559,0.999990858568627,0.999990858568627,49.41347059606889,0.0,49.97067796505338,0.0,45.59500043760831,0.0,45.30126058126472,0.0,0.0,0.0,0.0,0.0,0.0,0.0
10.0,7.99749987499375,0.0042758935319378,0.0042758935288392,0.999990858323287,0.999990858323287,49.413470573746125,0.0,49.97067748270241,0.0,45.59500043172234,0.0,45.30126047829193,0.0,0.0,0.0,0.0,0.0,0.0,0.0
10.0,7.99774988749437,0.0042759509091521,0.0042759509060488,0.99999085807794,0.99999085807794,49.41347055142328,0.0,49.97067700033768,0.0,45.59500042583618,0.0,45.30126037531604,0.0,0.0,0.0,0.0,0.0,0.0,0.0
10.0,7.997999899995001,0.0042760082872957,0.0042760082841876,0.9999908578325852,0.9999908578325852,49.41347052910038,0.0,49.9706765179592,0.0,45.59500041994984,0.0,45.30126027233706,0.0,0.0,0.0,0.0,0.0,0.0,0.0
10.0,7.99824991249562,0.0042760656663686,0.0042760656632558,0.999990857587224,0.9999908575872238,49.413470506777415,0.0,49.97067603556695,0.0,45.59500041406331,0.0,45.301260169354975,0.0,0.0,0.0,0.0,0.0,0.0,0.0
10.0,7.99849992499625,0.0042761230463707,0.0042761230432532,0.999990857341855,0.999990857341855,49.41347048445438,0.0,49.97067555316095,0.0,45.5950004081766,0.0,45.30126006636979,0.0,0.0,0.0,0.0,0.0,0.0,0.0
10.0,7.9987499374968705,0.004276180427302,0.0042761804241799,0.999990857096479,0.999990857096479,49.41347046213128,0.0,49.97067507074118,0.0,45.59500040228969,0.0,45.301259963381504,0.0,0.0,0.0,0.0,0.0,0.0,0.0
10.0,7.9989999499975,0.0042762378091625,0.0042762378060356,0.999990856851096,0.999990856851096,49.41347043980811,0.0,49.97067458830766,0.0,45.59500039640261,0.0,45.30125986039012,0.0,0.0,0.0,0.0,0.0,0.0,0.0
10.0,7.99924996249813,0.0042762951919521,0.0042762951888205,0.999990856605705,0.999990856605705,49.41347041748488,0.0,49.970674105860375,0.0,45.59500039051533,0.0,45.301259757395634,0.0,0.0,0.0,0.0,0.0,0.0,0.0
10.0,7.99949997499875,0.0042763525756708,0.0042763525725344,0.999990856360307,0.999990856360307,49.41347039516159,0.0,49.970673623399335,0.0,45.59500038462785,0.0,45.301259654398045,0.0,0.0,0.0,0.0,0.0,0.0,0.0
10.0,7.99974998749937,0.0042764099603184,0.0042764099571774,0.999990856114902,0.999990856114902,49.41347037283822,0.0,49.97067314092454,0.0,45.5950003787402,0.0,45.30125955139736,0.0,0.0,0.0,0.0,0.0,0.0,0.0
10.0,8.0,0.0042764673458951,0.0042764673427493,0.9999908558694888,0.99999085586949,49.4134703505148,0.0,49.97067265843598,0.0,45.59500037285236,0.0,45.30125944839358,0.0,0.0,0.0,0.0,0.0,0.0,0.0
